  -2.2678621e+00  -1.2812180e+00   3.0721618e+00  -5.3611540e+00   1.0448239e+01  -9.7907804e-01   8.1649970e+00   9.4844345e-02   1.2495086e+00  -7.4854316e-01   5.9911733e-01  -9.1532841e-02   3.4592195e+00   3.6905856e+00   5.9402373e+00   3.5757722e+00   5.3932683e-01  -2.0832803e+00   1.9414659e+00   1.9643066e+00   2.3506392e+00   2.3161385e+00   1.1622249e+00   2.3770133e-01
  -1.3858072e+00  -2.4359612e-01   6.2619371e+00  -5.8728982e+00   1.2103873e+01  -1.0355817e+00   5.3357725e+00   6.9027867e-01   2.2465554e+00  -6.3095393e-01   6.2783208e-01   2.9448058e-01   3.2858084e+00   4.3750748e+00   6.2779475e+00   4.2026281e+00   1.1318794e+00  -4.1042571e-01   1.5467494e+00  -3.1727825e-01   1.5392173e+00   2.2800557e+00   1.0851583e+00  -1.1097170e-02
  -9.1318616e-02   2.1422062e+00   3.9897598e+00  -4.4581036e+00   1.2961182e+01  -9.1584300e-01   6.3280894e+00   1.3956239e+00   3.0283503e+00   1.7325854e+00   1.4778921e+00   2.0302780e-01   1.9614450e+00   4.2406524e+00   6.9558464e+00   5.3046105e+00   8.5776764e-01   3.1155166e+00   4.2761144e+00   6.5538905e-01   1.6128696e+00   2.6000171e+00   2.4218993e-01   2.2510623e-01
   2.7438955e-01   2.7685920e+00   8.3206516e+00  -2.3282204e+00   1.2511325e+01  -3.0894178e-01   9.5830375e+00   6.8511370e-01   2.8133510e+00   1.7225395e+00   1.7448437e+00  -6.5919471e-04   2.3819034e+00   2.3096396e+00   3.6309023e+00   8.7254448e+00   2.9314806e+00   2.9714240e+00   5.7018600e+00  -1.6748859e-01   1.5029257e+00   2.9596275e+00   1.0778312e-01  -1.3957701e-01
  -1.5579297e-01   3.5736665e+00   1.2476574e+01   8.2342293e-01   1.1531165e+01   3.3308770e+00   1.2455536e+01   1.0805104e+00   3.3854152e+00   1.9747358e+00   4.0389641e-01   3.9369639e-01   2.0322432e+00  -7.3262167e-01   2.8830079e+00   1.0015365e+01   5.8105219e+00   3.2387168e+00   2.9538369e+00   1.5059088e+00  -1.8161282e-01   1.5688236e+00  -4.7316403e-01  -2.9177429e-01
   2.2192851e+00   2.5051330e+00   7.4648834e+00   4.5745058e+00   1.7216103e+01   1.2981943e+00   1.0824839e+01   5.9660252e-01   4.3224114e+00   3.6874121e+00   1.3265046e+00  -1.0219235e-02   2.8547264e+00  -5.7350702e+00  -2.6230396e+00   6.4099720e+00   8.2125260e+00   3.6898101e+00  -1.7936905e+00  -1.6450805e-01  -6.3785815e-01   1.4936851e+00  -1.6928063e-01  -6.4437771e-02
   1.9845984e+00   1.1750032e+00   8.7421557e+00   7.1135806e+00   1.9324577e+01   3.1386642e+00   1.0137944e+01   3.6987426e+00   2.0014008e+00   3.1033844e+00   9.7731564e-01  -2.2985361e-01   2.9735858e+00  -8.4397355e+00  -4.4629626e+00   8.0220827e-01   7.0732374e+00   6.2917486e+00  -4.4609552e+00  -2.3197246e+00   1.6705836e-01   3.2231431e-01  -2.7521407e-01  -2.4330132e-01
   3.4862834e+00  -4.6346816e+00   6.2533015e+00   4.1416587e+00   2.0933409e+01   5.3218798e+00   8.0512979e+00  -8.7076450e-01   2.5485710e+00   3.3987429e+00   1.2042132e+00   2.1445915e-01   2.2594869e+00  -6.8083852e+00  -2.5916482e+00  -4.9387316e+00  -3.1590121e+00   7.8691372e+00  -1.3693048e+00  -4.4485613e+00  -6.8115970e-01  -1.8359558e+00  -8.1467112e-01   1.6765422e-01
   3.6710865e+00  -5.5160294e+00   6.3879212e+00   2.2431589e+00   2.0282368e+01   1.0756657e+01   7.1508740e+00  -1.6653930e+00   4.5229230e+00   2.6025419e+00   5.2221029e-02  -8.3594789e-02   3.1160939e+00  -7.6788600e+00  -2.0360803e+00  -4.4640545e+00  -6.3182872e+00   4.0285222e+00   7.6459220e-01  -4.1364186e+00  -5.3403540e-01  -1.3638027e+00  -3.5356527e-01   4.3179887e-01
   4.7652715e+00  -4.3619285e+00   4.7545284e+00  -3.9838073e-01   1.1998689e+01   9.2929036e+00   1.0264417e+01  -3.3941716e+00   2.0399108e+00   1.1838997e+00   5.6704525e-01   1.6813268e-01   8.8322143e-01  -8.1033692e+00  -8.9394401e-01  -3.6399812e-01  -4.6949131e+00  -3.5602824e-01   9.4585341e-01  -9.7255826e-01  -1.8821826e+00  -8.1253849e-01  -5.2805011e-01   2.0769245e-01
   6.0192453e+00  -1.0479663e+01   6.4374218e+00   2.6875185e+00   1.4314505e+01   7.1959355e+00   1.0178273e+01  -1.2441817e+00   1.4546779e+00   2.1651020e+00   7.6555170e-01   4.4100793e-01   1.4167494e+00  -7.2918721e+00  -2.6833783e+00   7.3197204e-01   5.1027692e-01  -3.0475345e+00   2.0771442e+00  -9.9889467e-01  -1.0307070e+00   4.4008028e-01  -4.3413857e-01   2.6430072e-02
   3.6370362e+00  -1.4307919e+01   4.8876352e+00   3.3734817e+00   1.6874970e+01   6.5681982e+00   7.9563786e+00  -2.5402075e+00   1.2594196e+00   2.3986551e+00   5.5472670e-02   2.6369647e-01  -5.4220952e-01  -8.4664167e+00  -2.0638150e+00  -1.9696277e-01   5.6454116e+00  -2.2229389e+00   1.7288056e+00   2.8375539e+00   2.5558696e+00   1.1706898e+00  -1.3999877e+00  -4.9338230e-01
   6.3603283e+00  -1.1480843e+01   2.2963003e+00   1.4551857e+00   1.8609643e+01   7.5477080e+00   1.1420609e+01  -3.5907170e+00   3.3671080e+00   2.6552846e+00  -3.4320053e-01  -9.1731574e-02  -8.8718747e-01  -3.7045821e+00  -1.0697899e+00  -1.0466899e+00   2.0123841e+00  -1.6696249e+00   2.3452369e+00   2.6021361e+00   3.1379895e+00   2.3391094e-02  -1.1269947e+00  -7.3763013e-01
   3.7814157e+00  -1.6560964e+01   3.7293666e+00  -7.7658504e-02   1.8319238e+01   5.7826090e+00   1.2236457e+01   2.0354268e+00   4.9175001e+00   2.6948430e+00  -9.7856015e-01  -3.0557102e-01   1.3117235e-01  -1.6534846e+00   8.6470330e-01  -1.4096361e+00  -1.3389438e+00   9.8451911e-02   2.9758595e+00   3.5255716e+00   1.1593389e+00   5.1663332e-01  -1.9298503e-02  -3.1642706e-01
   4.6162743e+00  -1.4910014e+01   5.4118711e+00   2.8430537e+00   1.6610948e+01   5.0842927e+00   1.1556089e+01   3.7120523e-01   4.3326218e+00   2.0520947e+00  -4.0792396e-01  -3.8080352e-01  -2.0032938e+00  -3.7671352e+00   7.0340757e-01  -3.7069887e+00  -1.8357149e+00   1.0971592e+00  -1.3941116e+00   3.1484295e+00  -8.5032067e-01   4.3749849e-01   6.9968285e-01   2.9853930e-01
   4.7058217e+00  -1.5073560e+01   4.6269047e+00   5.6509348e-01   1.5865902e+01   7.9475837e+00   1.2352428e+01   7.6718868e-01   2.5156711e+00   3.4752001e+00   5.8886628e-02  -6.6408152e-02  -1.1206485e-01   1.5340290e+00   5.5936402e-02  -9.5441299e-01   9.2880518e-01   3.9410262e+00  -4.2668331e+00  -1.6642162e+00  -1.8346264e+00  -4.5436490e-01   1.5251404e+00   3.5780473e-01
   2.8931846e+00  -1.7875247e+01   2.9026426e+00  -4.4266733e+00   1.7082739e+01   8.1109595e+00   9.2714565e+00   1.7660463e+00   3.2925415e+00   2.9213538e+00   1.8760034e-01   2.3649594e-01  -6.0730029e-01   5.0673704e-01  -9.1090718e-01   1.1775697e+00   2.1024297e+00   1.6276097e+00  -3.1719567e+00  -4.5879272e+00  -1.5720021e+00  -9.5601889e-02   1.1763035e+00   3.8144774e-01
   4.4748633e+00  -1.2777304e+01   5.0678855e+00   2.1255855e+00   1.9476550e+01   1.0180815e+01   6.9785236e+00  -1.1583180e+00   2.6856006e+00   1.5786661e+00   1.0113884e+00  -7.7513651e-02   9.9012240e-01   1.5265916e+00   2.3826785e-01   4.4415886e+00   2.6028424e-01  -2.9688449e+00  -2.3645297e+00  -5.0594781e+00  -2.8243363e-02  -7.5597998e-01   8.2050310e-01   1.0993350e-01
   3.8208031e+00  -1.5298036e+01   3.8250200e+00   3.8291623e+00   1.7959268e+01   6.4090916e+00   9.4851061e+00  -5.5479322e+00   1.8896540e+00   2.8569588e+00   8.8028041e-01   1.9692084e-01   2.1679697e+00   3.0934071e+00   6.6964720e-01   6.4289315e+00  -1.7503775e+00  -1.7176245e+00   1.1841115e+00  -1.8391231e+00  -1.5317190e+00  -1.2869046e+00  -9.6909843e-02   6.9103424e-02
   5.7271960e+00  -1.4072278e+01   4.5231178e+00   3.0995586e+00   1.5818063e+01   4.3452504e+00   8.6988087e+00  -3.1650392e+00   3.1747498e+00   2.3734276e+00   9.4330124e-01   1.1827965e-01   8.2958427e-01   1.6804206e+00  -2.0992496e+00  -7.8967098e-01  -1.9804467e+00  -1.7142315e+00   3.4709860e+00   3.7031356e+00  -1.1121320e+00  -4.7915884e-01  -1.2351025e+00   4.4321348e-01
   5.5189728e+00  -1.2587650e+01   4.1794973e+00   4.7297374e+00   1.6286416e+01   8.4523051e+00   1.0187481e+01   1.0722190e-02   7.5038848e-01   5.9361611e-01   7.6279135e-02   2.4225443e-01   2.7384795e-01   3.0693666e+00  -2.8224615e+00  -2.7462024e+00   1.4756300e+00   1.5693004e+00   3.4723165e+00   5.9745121e+00  -2.0800586e-01  -3.0539615e-01  -1.4777515e+00   9.4979681e-02
   4.8701548e+00  -1.1611866e+01   1.7417724e+00   4.9079156e-01   1.7342306e+01   6.5878609e+00   1.1833815e+01   1.6170582e+00   1.5870354e+00   1.9915992e+00  -4.3926476e-01   5.6463977e-01  -1.9187538e+00  -6.8241629e-01  -1.9138306e+00  -4.2606910e+00   2.3283597e+00  -7.5802327e-01   2.0859247e+00   3.6942587e+00   1.4304312e+00   7.8428678e-01  -1.3651436e+00   5.9936669e-02
   4.6600956e+00  -1.1924192e+01   9.8200048e-01   1.0142422e+00   1.9410592e+01   7.6417369e+00   1.3126078e+01   1.0227872e+00   2.3715024e+00   2.5897788e+00  -6.4506383e-01   1.1621030e-01  -5.9568106e-01  -3.5936024e+00   2.2447626e+00  -4.4877090e+00   1.1019690e+00  -1.8455508e+00  -1.0910686e-01   3.8984072e-01   3.6637888e+00   1.1417557e+00  -4.4024064e-01  -2.4966863e-02
   3.2785039e+00  -1.5427631e+01   3.2511202e+00  -1.4337303e+00   1.7748515e+01   3.6134996e+00   1.0358398e+01   1.8703163e+00   4.5098396e+00   2.5517764e+00  -7.4374269e-01   2.7120672e-01  -2.5825667e-01  -3.1824683e+00   4.2132349e+00  -8.2887689e-01  -1.1350295e+00   1.8148086e+00   1.2633060e+00  -1.0002525e+00   3.3981094e+00  -8.2002386e-02   1.4713554e-01  -3.4621495e-01
   5.4212767e+00  -1.6070171e+01   6.7919673e+00  -1.0395652e+00   1.7736265e+01   7.1711596e+00   1.0761530e+01   4.6885424e-01   4.7846696e+00   2.0261610e+00  -4.3184286e-01   3.5152066e-01   6.2812370e-01  -7.1851619e-01   1.7922548e+00  -9.0437512e-01  -2.6572297e+00   2.3596019e+00   3.0920537e+00  -6.7113491e-01   1.2793007e+00   1.8027369e-01   9.1491876e-01  -1.6004048e-01
   4.1021793e+00  -1.4312579e+01   5.1566414e+00   2.7437994e-01   1.6476926e+01   9.5453625e+00   1.4911048e+01   3.9364593e-01   5.4776159e+00   2.1504045e+00  -3.2517193e-01  -7.2337836e-02   1.7031815e+00   2.8155845e+00  -2.8480138e+00   7.3536496e-01   5.2736290e-01   2.5128467e+00   5.3155377e+00   1.8241592e+00  -1.9536956e+00  -7.7983166e-02   1.2216240e+00  -6.2912410e-01
   5.1904434e+00  -1.3559492e+01   2.7176221e+00  -1.1963756e+00   1.6060542e+01   8.2152083e+00   1.5487833e+01   7.5441999e-01   3.8065653e+00   3.0608753e+00   5.1802893e-01   4.7921860e-02   7.1080209e-01   3.6986661e+00  -7.0479823e+00  -1.3372683e+00  -2.9990468e-01  -4.3505297e+00   1.1954963e+00   3.9568621e+00  -3.0069711e+00   8.6447981e-01   1.0972677e+00  -4.6199859e-01
   5.9486928e+00  -1.2459593e+01   1.0162721e+00  -2.5227766e-01   1.9377421e+01   6.8607453e+00   1.5968552e+01   4.4637722e+00   2.0683483e+00   1.9174445e+00   6.1375742e-01  -5.2068003e-01   1.0987787e+00   4.5720023e+00  -3.0816813e+00  -1.1073948e+00   9.6854898e-01  -4.1046909e+00  -1.9871723e+00   1.4239632e+00  -4.4564987e+00   1.2676109e+00   3.6369961e-01   1.9750512e-01
   5.5642231e+00  -1.1448665e+01  -1.7098215e+00  -2.7821389e+00   1.5836160e+01   1.9876736e+00   1.2026022e+01   4.3690843e+00   1.9788467e+00   3.4393607e+00   7.4459404e-01  -1.1730613e-01  -7.6716325e-01   4.4097654e+00   1.8737226e+00   9.1722285e-01   1.0925127e+00   5.8051834e-01  -2.3951475e+00  -2.5538861e+00  -3.0289483e+00   6.9766470e-01  -3.2814465e-01   4.3021588e-01
   5.5634575e+00  -8.5099899e+00   2.7478413e+00  -5.9383053e-01   1.8041940e+01   6.5020935e+00   1.3661195e+01   7.2225848e-01  -2.9327286e-01   3.8625782e+00   1.0709493e-01   3.0653384e-01  -7.0537509e-01   4.6380010e+00   4.4615069e+00   5.4649635e-02  -1.2112821e+00   4.1804366e+00  -2.3183101e+00  -4.0663357e+00  -1.8945942e+00  -1.3333927e-01  -3.8299222e-03   4.5396367e-01
   4.2323162e+00  -8.9196460e+00   4.6624214e+00   3.5023511e-01   1.8367051e+01   9.2653117e+00   1.3048790e+01  -1.2056524e+00   4.4395340e-01   3.1348055e+00   2.7914319e-01   2.7963874e-01  -2.0595250e-01   3.4906593e+00   3.9295453e+00  -5.9549254e-01   9.8766335e-01   6.9342509e+00   2.2819642e+00   5.5046994e-02  -6.5108855e-01  -1.8292789e+00  -4.5093677e-01  -4.4024063e-01
   5.5565836e+00  -6.7671012e+00   4.5224110e+00  -1.7364902e+00   1.6295052e+01   9.4925810e+00   1.1979703e+01   1.1516369e+00  -6.0963118e-03   1.8697132e+00   8.4073796e-01  -3.8206957e-02   8.8302553e-01   8.7964050e-01  -1.8824572e+00  -4.4839056e+00  -1.6007968e+00  -1.5056828e-01   8.2583614e-02   3.5835955e+00   1.9272906e+00  -2.2275442e+00  -2.8587698e-02  -6.0055224e-01
   5.2587312e+00  -7.0841199e+00   3.2972116e+00  -3.1040479e+00   1.8191099e+01   1.0893806e+01   1.6289714e+01   4.2369656e+00   8.5862562e-01   1.6918749e+00  -2.9863264e-01  -6.0529667e-01   1.1550205e+00   1.0170486e+00  -2.1515756e+00  -2.1786037e+00   1.8325256e+00  -4.0929462e+00   7.2540964e-01   2.7497946e+00   6.3115844e-01  -1.8207415e+00  -7.0319168e-01  -5.4593534e-02
   6.3747883e+00  -8.1082922e+00   6.0676034e-01  -5.5925474e+00   1.5728721e+01   5.4619939e+00   1.2164609e+01   3.3763427e+00   2.3903270e+00   1.2427272e+00   3.5310130e-01  -1.5182681e-01  -3.8820488e-01   1.4239515e-01  -9.6489073e-01   1.4027336e+00   3.5845489e+00  -5.3221522e+00  -8.8375006e-01  -2.9484226e-01   2.0163217e-01  -7.2695946e-01  -2.4253842e-01   5.2862051e-01
   5.5557447e+00  -6.7234776e+00   3.3928833e+00  -9.8964186e-01   2.1399005e+01   5.1411860e+00   1.4044452e+01   1.8066867e+00   1.9247941e-01   7.1718632e-01  -5.3182600e-01   2.5455836e-01   5.7317677e-01  -1.3828797e-01   3.6226700e-02   5.5987581e+00   2.7658875e+00  -5.8818102e+00  -6.1381097e+00  -1.6276832e+00   7.4334898e-01  -1.0104838e+00   9.2358290e-01   7.1488522e-01
   4.8257695e+00  -6.7338296e+00   3.0272390e+00  -6.8959276e-01   2.0067922e+01   4.3856628e+00   1.1776709e+01   1.9245130e+00   6.2942505e-01   1.2666183e+00   5.9352701e-01   3.2479629e-01  -6.3780906e-01  -1.4812286e+00   2.0282122e+00   5.5947299e+00   2.1093424e+00  -2.6578919e+00  -2.8374082e+00   2.6372719e+00   1.0317448e+00  -1.2790682e+00   6.8185504e-02  -1.6780557e-01
   6.8930058e+00  -7.9787832e+00   2.1413123e+00   2.8426119e+00   2.0170330e+01   2.6092564e+00   7.2764994e+00   2.5213557e+00   2.8541001e+00   1.6420368e-01   9.6652885e-01   2.2871960e-01  -4.4401779e-01  -3.9580610e+00  -2.6539161e+00   1.6502106e+00  -7.1367540e-01  -3.2963354e-01  -2.8135287e+00   1.4770836e+00   1.3264058e+00   1.0079275e-01   7.9049453e-01  -4.0390048e-01
   4.7494441e+00  -9.7024824e+00   4.2748642e+00   8.8342055e-01   1.9507072e+01   2.7411208e+00   1.1292473e+01   6.9749161e+00   2.6071339e+00  -3.9938381e-01  -2.9379787e-01  -3.9061578e-01   7.5768357e-01  -2.3112678e+00  -2.9326412e+00   1.2039773e-01   2.2819129e-01   5.6273271e+00  -1.2102871e+00  -3.3344332e+00  -2.3241679e-01   3.0788268e-01   7.1585930e-01  -2.9628930e-01
   4.9278807e+00  -1.1176243e+01  -1.2118034e+00   6.9916741e-01   2.0608917e+01   5.4690067e+00   1.0066277e+01   1.4971106e+00   1.1932336e+00   1.7013765e+00   1.0975782e+00   6.4136727e-03  -3.3677938e-01  -2.2604561e+00  -2.2919004e+00  -5.0214829e+00  -1.4338331e+00   6.3631209e+00   2.3920181e-02  -3.8556425e+00  -4.5537526e-01   1.0059549e+00   1.0872452e+00   1.7457402e-01
   6.9448574e+00  -8.6020015e+00   3.0483508e-01   5.6272607e-01   2.0190916e+01   1.1396778e+01   8.5663896e+00  -2.5650142e+00   1.1112331e+00   9.5985591e-01   1.6017913e+00  -8.4846930e-03   8.9092028e-01  -1.3812784e+00  -1.2100301e+00  -5.8274251e+00   7.1296485e-01   3.9290334e+00  -2.8999692e+00  -2.0580422e+00  -1.2036448e-01   9.5010545e-01   9.0034740e-01   1.7883064e-01
   5.2901301e+00  -1.1919708e+01   6.8847628e-01  -4.5292652e+00   1.7677659e+01   7.8261089e+00   8.6754212e+00   1.5078571e+00   2.9189876e+00   9.9351620e-01   1.6496021e+00   2.9951508e-01   1.0285197e+00  -2.5908112e+00   1.1146754e+00  -7.1133240e+00   7.0256396e-01   1.1425384e+00  -1.3045093e+00   4.8030801e+00   7.4790990e-01   4.4869583e-01  -8.9437550e-02  -4.8112909e-01
   5.9046999e+00  -1.1402667e+01   1.5096792e+00  -5.2435008e+00   2.2042149e+01   7.4561198e+00   7.6379469e+00   3.8824795e+00   1.5637102e+00   1.3797045e+00   7.8071131e-01  -2.6892052e-01   2.6413218e-02  -2.5349265e+00  -8.8961856e-02  -3.3042636e+00   3.7530196e-01  -4.5634135e+00   1.9716153e+00   4.9523084e+00  -4.5424672e-01   5.6697466e-01  -3.7398579e-01  -2.8557584e-01
   6.9907391e+00  -1.3662127e+01  -1.4221237e-01  -7.0677051e+00   2.0737147e+01   9.1531436e+00   8.5737346e+00   5.4779839e+00   2.0888599e+00   2.1644959e+00   1.3739619e+00  -5.8506205e-01   1.0331900e+00   3.8297303e-01  -2.0411956e+00   3.4808792e+00   8.2383379e-01  -3.8187850e+00   5.6660895e+00   8.6761767e-01  -2.4799117e+00   1.3322778e+00  -7.5778621e-01  -3.9849133e-01
   6.1341727e+00  -1.1533182e+01   5.8673662e-01  -3.1244493e+00   1.9224124e+01   3.8881409e+00   1.1574656e+01   2.8783849e+00   8.4492687e-01   1.2248280e+00   1.1786327e+00   5.4401119e-03   4.0948504e-01  -1.3079511e-03  -3.8568758e+00   3.9242275e+00  -4.2586761e+00  -1.4625673e+00   3.0041872e+00  -1.9671090e+00  -2.8000153e-01   6.3990855e-01   2.3754465e-01   3.6778951e-02
   6.7251787e+00  -1.1279991e+01  -1.9118458e+00  -3.6747215e-01   2.0322421e+01   3.8819209e+00   1.5206201e+01   3.3113308e+00  -4.4148824e-01   3.0693711e+00   3.1396207e-01  -4.3540224e-01  -2.6445195e-01  -1.1704175e-01  -3.3220276e-01   2.2042460e+00  -2.6533726e+00   2.7511935e+00  -1.2846208e+00  -1.7345536e+00   1.0307400e+00  -1.1320174e+00  -1.8599663e-01   1.2815504e-01
   6.6517077e+00  -1.2595697e+01  -3.3908178e+00  -2.7072760e+00   1.5861497e+01   7.8978802e+00   8.8279945e+00   2.0151425e+00   2.4088820e+00   1.8871297e+00   1.6670282e+00  -2.8858200e-01  -1.1570862e+00  -2.6240508e+00   1.0006340e+00  -3.4025915e+00  -1.8939474e+00   7.8711795e+00  -4.0120544e+00  -3.0695509e-01   4.1820062e+00  -1.2619073e+00   1.8848161e-01  -2.7445324e-01
   6.3352937e+00  -1.3306432e+01   1.3482607e+00  -3.9699227e+00   1.8438401e+01   1.1275064e+01   8.0201341e+00   3.3077747e+00   2.8529923e+00   1.3531891e-01   8.5076917e-01  -2.4581843e-01  -1.5367505e+00  -6.9944789e-01   3.1709998e+00  -1.6588774e+00  -1.7208958e+00   7.2262678e+00  -3.8268324e+00  -1.6969924e+00   2.3681249e+00  -2.6315871e+00   7.0821731e-01  -6.8341415e-02
   4.5934859e+00  -1.4456038e+01   4.5763434e-01  -6.4271112e+00   1.7325213e+01   1.1998338e+01   9.1496078e+00   2.4197304e+00   5.4706959e+00   7.9899322e-01   1.1929515e+00  -5.0103165e-01  -1.2383028e+00   2.3677455e+00   2.6777157e+00  -6.4344753e-01   3.7223415e-01   4.7849528e+00   3.2622337e+00  -1.1620829e+00  -3.3633606e-01  -6.7699807e-01   6.1082354e-02  -3.9314431e-01
   5.4491638e+00  -1.1398993e+01   9.2042788e-01  -9.9587068e-01   1.7009220e+01   1.2671093e+01   9.3051458e+00   5.6354837e-01   1.5797921e+00  -3.3394126e-01   1.6133264e+00  -4.3168954e-01  -4.7075139e-02   1.8021244e+00  -1.3547080e-01  -9.5041932e-01   1.9356501e+00  -1.7370492e-01   2.1161183e+00  -2.1799220e+00  -1.4157259e+00  -1.4123109e-02   3.2432910e-02  -6.3242308e-02
   5.2373185e+00  -9.9977984e+00   8.3967209e-01  -5.1594733e+00   1.7134439e+01   1.4377295e+01   1.3078839e+01   1.6441314e+00   2.5409780e+00   1.1062627e+00   1.3773731e+00  -7.8536291e-01   1.1839468e+00  -4.6086299e-02   2.0390535e+00  -1.5033684e+00   3.4292007e+00  -1.2578209e+00   2.7043466e+00  -1.7556425e-01  -1.5364083e+00  -1.1830220e+00  -1.1469816e+00   1.7096160e-01
   5.9427647e+00  -1.2832365e+01   9.5403563e-01  -6.0293707e+00   2.1437264e+01   9.8250287e+00   9.2296959e+00   4.2569110e-01   2.1942624e+00  -3.9500505e-02   8.0720773e-01  -1.9851626e-01  -2.4370684e-01  -1.8548171e+00   1.8412806e+00  -5.7627411e+00   1.3456963e+00  -1.8460305e+00  -6.1169927e-01   4.5540374e-01   9.6179125e-01  -7.1709640e-01  -1.6740036e+00   2.5880725e-01
   6.1226056e+00  -1.3808481e+01   3.4994107e+00  -6.1654138e+00   2.0254993e+01   1.1534639e+01   1.3243853e+01   2.2253126e+00   2.8588484e+00  -1.1227602e+00  -1.2446148e-01  -3.6117589e-01  -3.7653174e-02  -1.4058595e+00   2.0896556e+00  -1.6440321e+00   1.6410760e+00  -1.5334361e+00  -3.5931046e+00   4.3379604e-01  -1.0220563e+00  -1.1781966e+00  -1.1043922e+00   4.7062364e-01
   4.6409599e+00  -1.2275877e+01   2.3524794e+00  -9.1370120e+00   1.7467488e+01   1.1323375e+01   8.3050902e+00   9.5606334e-01   2.8635438e+00  -2.9507441e-01  -1.4676167e-01  -2.5557218e-01   2.0968135e-01   1.1407095e+00  -1.8520471e-01  -5.5805148e-01  -2.2747205e+00  -6.4310741e-01  -1.3007841e-01   1.4033963e+00  -1.4468808e+00   9.6243935e-01  -2.8569104e-01  -2.9194435e-01
   5.8317411e+00  -1.2384831e+01   3.2749335e+00  -6.0717008e+00   2.1580941e+01   1.1327967e+01   8.1514852e+00   2.0296393e+00   6.7325280e-01  -5.3324523e-01   1.9776958e-01  -5.0899483e-02   9.3163785e-01   7.5224932e-01  -2.4921805e+00   2.9964506e+00  -7.6663981e-01  -3.9593015e+00  -1.9472836e+00   4.4954039e-01  -2.0562717e+00   5.2381077e-01   4.5513461e-01   1.0801865e-01
   6.4027190e+00  -1.1833125e+01   7.8846713e-01  -6.9133044e+00   1.7362208e+01   8.9637038e+00   1.1580762e+01   2.6286222e+00   1.1167390e+00   1.1094010e+00   2.1755564e-01  -7.9157098e-01   1.5992287e+00  -1.2271546e+00  -2.6578593e+00   4.7960708e+00   6.5580452e-01  -3.9148416e+00   2.9333511e+00   2.0467172e+00   2.4130146e-01   3.7949629e-02  -1.5635232e-01  -1.1521743e-01
   6.6391829e+00  -1.2901483e+01   5.4314602e-01  -2.7825918e+00   1.9157673e+01   6.7755231e+00   8.6850913e+00   2.0633438e+00   6.4784323e-01  -1.0392818e+00   3.7608178e-01   6.8851496e-02  -1.0410250e-01  -6.9342160e-01  -3.3037950e+00   1.8809966e+00  -1.1337753e+00  -5.3055845e+00   9.5653545e-01   1.0182915e+00   1.6589771e+00  -5.9356674e-01   5.2551369e-01  -3.8848726e-01
   6.6360822e+00  -1.3858283e+01  -2.6841574e-01  -3.5874603e+00   1.9662829e+01   7.7273349e+00   1.2438314e+01   4.0092869e+00   3.2382008e+00   1.4868305e-02  -4.7044625e-01  -4.8827381e-01  -2.6781794e-01  -2.5872632e-01  -1.1564241e+00   1.5283227e+00   2.0236740e+00  -3.4793065e+00   1.1259082e+00   7.5652629e-01   1.2010736e+00  -1.1741918e+00   6.0441780e-01  -1.2226629e-01
   5.5589057e+00  -1.2412385e+01  -1.1523176e+00  -4.9131280e+00   1.8729968e+01   3.9877749e+00   9.1575125e+00   2.8667443e+00   2.1009875e+00  -8.7632898e-01   1.3300411e+00  -7.8527897e-01  -1.8214091e-02  -3.5774639e-01  -1.6074553e+00  -3.1559497e+00   5.4658705e-01  -5.9038932e-01   3.9895261e-01   1.3605515e-01   1.7921197e+00   2.5261656e-01  -2.7442515e-02  -5.2981371e-01
   6.5411306e+00  -1.2465764e+01  -9.8437160e-02  -3.5555523e+00   2.0611572e+01   5.1386182e+00   1.3033414e+01   3.3617114e+00   2.1917773e+00  -7.3336310e-01   6.4720270e-01  -5.4790519e-01  -1.2832024e-01   9.4095953e-02   1.2688894e+00  -2.6676333e+00  -2.6424240e-01   1.1899657e+00  -1.7459980e+00   1.5915247e-01   1.5794857e+00  -1.1692700e+00  -4.7351683e-01   9.2587208e-02
   6.6593375e+00  -1.4134362e+01  -1.9530263e+00  -7.5324703e+00   1.9503182e+01   7.1842975e+00   8.9859702e+00   2.5912143e+00   3.8592346e+00  -2.8624122e-01  -2.2390647e-01  -6.9605338e-01  -5.5083691e-02  -6.7474609e-01   8.1165199e-01  -2.4720077e+00  -8.2829381e-01   6.5983069e+00   3.0050991e-01  -4.5578106e-01   3.7278381e+00  -1.2914875e-01  -1.8111531e+00   6.8520024e-02
   5.8933859e+00  -1.2856150e+01   2.0352728e+00  -6.2792391e+00   1.8879858e+01   7.9140222e+00   9.9050879e+00   4.3857806e+00   4.7283058e+00  -2.0340806e+00  -4.0374773e-01  -3.9400579e-01  -6.2892238e-01  -4.3654436e-01  -2.9809234e-01  -8.0547381e-01  -2.8727217e+00   4.2955489e+00  -1.0340955e+00   1.2518007e-01   2.2298541e+00  -9.4288497e-01  -9.7054015e-01   1.0837224e-02
   5.8001526e+00  -1.3229311e+01  -1.0016946e+00  -7.2592961e+00   1.8353384e+01   1.2497533e+01   1.1172440e+01   1.6710381e+00   6.4244804e+00  -4.1969338e-01  -8.6121336e-01  -7.5944863e-01  -3.3441291e-01  -3.8905420e-01   8.2046313e-01   1.8658730e+00  -1.6300651e+00   3.0352093e+00   1.5454380e+00   2.0870462e+00   1.5306003e-01  -4.6787100e-01   1.0441636e-02  -8.6702633e-02
   6.0273395e+00  -1.3573106e+01  -1.0212415e+00  -4.9003502e+00   1.6877388e+01   8.9253236e+00   1.0389035e+01   4.0095696e+00   4.2539355e+00  -2.0809645e+00  -4.8995407e-01  -4.9995173e-01  -1.0105391e-01  -1.2023894e+00  -9.7031535e-01  -3.7013201e-01  -3.3177479e+00   7.1117267e-01  -6.7267987e-01   5.3702565e-01  -1.2017953e+00   3.2054740e-01   4.0729969e-01  -1.3192810e-01
   6.0907413e+00  -1.4359466e+01   8.0592557e-01  -5.4231052e+00   1.8059319e+01   1.1231461e+01   1.1062153e+01   5.9098890e+00   4.3260098e+00  -9.6460576e-01  -1.6514084e-01  -7.7313436e-01  -2.1665679e-02  -1.2385217e+00   2.8046711e+00  -1.6436470e-02  -2.6043362e+00  -8.2864276e-01  -4.4958509e-01   1.8976729e+00  -1.2723660e+00  -9.5323053e-01   8.2824214e-01   1.3889246e-01
   5.5965107e+00  -1.4094657e+01  -3.2401031e-01  -7.7525325e+00   1.4050269e+01   9.6138175e+00   8.9512116e+00   3.0718936e+00   3.9748482e+00  -1.2808033e+00  -1.4083445e-01  -5.8505507e-01   6.3572500e-01  -1.3210334e+00   1.5443176e+00  -1.7192342e+00  -2.5562576e+00   1.0350979e+00   1.4712578e-01  -1.6480087e+00   2.8505064e-01  -2.3239811e-01   3.7831014e-01  -5.2716795e-02
   5.9830685e+00  -1.4826318e+01   2.8566964e+00  -5.8578596e+00   1.5860439e+01   1.0910322e+01   1.1216975e+01   4.9863855e+00   4.6554750e+00  -2.2496198e+00   2.0659003e-01  -5.0855828e-01   6.1893439e-01  -1.4781426e-01   7.9811162e-01  -4.1346375e-01  -1.1357407e+00  -1.1457742e+00   1.7481769e+00  -1.5708498e+00  -1.8704698e-01  -1.1781791e+00   2.0582422e-01   4.5669824e-02
   7.0347635e+00  -1.5321230e+01   2.6984952e-01  -7.2618242e+00   1.4142442e+01   1.0638540e+01   1.0532313e+01   1.9993084e+00   4.5167789e+00  -1.7870546e+00  -1.0835429e-01  -7.1131496e-01   8.0526391e-01  -4.7042913e-01   6.4621918e-01   1.4736318e-01   8.5123735e-01   1.1277623e+00   2.9544907e+00   6.9089098e-02  -3.5178158e-01   2.9194859e-01   1.0931519e-01  -2.0088728e-01
   6.3000165e+00  -1.3967901e+01   1.7061631e+00  -6.2886550e+00   1.6309622e+01   9.0004383e+00   1.2893868e+01   4.0899070e+00   3.7744740e+00  -2.4787487e+00   1.2735541e-01  -6.4149968e-01  -3.9462468e-01   1.3520093e+00  -1.0391559e+00  -1.0289356e+00  -2.6070805e-01   8.8265112e-01   1.2034678e+00  -3.5926126e-01  -1.3838153e+00   4.3293992e-01  -1.6604389e-01  -1.0163776e-01
   6.6459325e+00  -1.5229509e+01   1.2205851e+00  -7.3160901e+00   1.5102534e+01   1.2260403e+01   1.2544501e+01   3.6237665e+00   3.8876764e+00  -7.2831594e-01   6.2755652e-02  -8.1991529e-01  -8.6345063e-01   1.4170031e+00   8.1545159e-01  -1.3560555e+00   1.1484540e+00   1.9310935e+00   1.0956545e+00   1.3992008e+00  -2.7200333e-01   9.2653663e-01   5.2910045e-01  -1.7403578e-01
   5.5855469e+00  -1.2844164e+01   8.2259479e-01  -7.3741301e+00   1.4989331e+01   1.1423367e+01   1.2016082e+01   3.6352645e+00   2.8943033e+00  -2.1295792e+00  -1.2803077e-01  -6.0671476e-01  -1.2308758e-01   7.6430455e-01  -8.8199678e-01  -1.4185134e+00  -2.4306038e+00   2.9126124e+00  -1.0302317e+00  -1.3932260e+00   5.1491645e-01   7.8422655e-01   1.0293662e-01  -1.0243548e-02
   6.0968223e+00  -1.3757594e+01   1.9348111e+00  -8.7531699e+00   1.6525268e+01   1.2323715e+01   1.2614688e+01   4.3254308e+00   4.5488592e+00  -5.7183440e-01   8.1298947e-01  -9.8976109e-01   4.8863693e-01   6.5297505e-01   7.9132559e-01   3.5234489e-02  -1.5352486e+00   1.0191917e+00  -2.3775011e-01  -8.4057900e-01   1.2141858e+00  -4.3331972e-01  -8.0192094e-02   2.7937773e-01
   6.3899402e+00  -1.3557402e+01   2.6054961e-02  -7.6978852e+00   1.1952349e+01   1.3337701e+01   1.1313427e+01   1.6492358e+00   4.2162572e+00  -1.3806496e+00  -9.3356562e-02  -5.7194210e-01   2.0194586e-01  -8.4232566e-02  -6.3060302e-01  -6.0894762e-02  -2.1918374e+00   1.8838092e+00  -1.0016093e-01  -2.6853339e+00   1.4055849e+00   4.5780199e-01  -2.6507496e-01  -2.6391901e-02
   6.9766913e+00  -1.3893428e+01   2.8058434e+00  -7.1013607e+00   1.4318152e+01   1.2832024e+01   1.2539204e+01   3.3559124e+00   5.0479781e+00  -1.7527603e+00  -7.4869592e-02  -4.1823502e-01  -8.8818203e-01   1.5038800e+00   1.3561070e-01   6.1742234e-01  -9.8392177e-01  -3.9773202e-01  -2.0115893e-01  -1.2542322e+00   3.3065896e-01  -1.2299472e+00  -1.7645473e-01   1.6214284e-01
   5.4485312e+00  -1.2902596e+01  -5.5882593e-01  -8.2913768e+00   1.2805133e+01   1.3994927e+01   1.1903583e+01   9.2022998e-02   4.7531212e+00  -8.5241329e-01  -8.1713673e-02  -9.3206564e-01  -7.5574706e-01   4.2159756e-02   2.2658242e+00  -1.2275689e+00   2.7090391e+00  -2.0972353e+00  -5.6356827e-01   5.5034175e-01  -2.7363623e-01   4.2295326e-02   5.0316961e-01  -1.9330376e-01
   5.2352538e+00  -1.1829177e+01   2.4306675e+00  -7.5302906e+00   1.4622993e+01   1.1398504e+01   1.2017871e+01   3.2226889e+00   4.7764157e+00  -2.6808734e+00   5.4248593e-01  -5.6648506e-01  -1.0042677e+00   5.3310604e-01   1.2481294e+00  -4.2497287e-01   1.1512058e+00  -1.9771041e+00  -7.7598660e-01  -3.6532863e-02  -1.5881438e+00  -2.7038290e-01   2.8258556e-02   5.7541608e-02
   6.1270384e+00  -1.4526288e+01   3.6123792e+00  -9.3247737e+00   1.5863487e+01   1.0908607e+01   1.0728741e+01   2.5413601e+00   3.9415841e+00  -8.5315008e-01   3.5272009e-01  -7.8777271e-01   5.9070306e-01  -6.9485881e-01   2.3166164e+00   4.9771189e-01   1.9316060e+00  -1.5712041e+00  -3.5477145e-01   1.7242728e+00  -7.5741575e-01   1.2172058e-01  -4.8762549e-02   3.4208661e-01
   5.1310361e+00  -1.2281923e+01   2.5924351e+00  -7.2221216e+00   1.4515783e+01   1.1409527e+01   1.1962645e+01   2.0764445e+00   3.0715310e+00  -2.1579663e+00  -2.4969864e-01  -4.0406908e-01  -1.3143391e-01  -2.8867519e-01  -1.7310337e+00   1.3079581e+00  -1.5726897e+00   7.7838776e-01  -4.5993281e-01  -1.4332424e+00  -4.7903932e-01   4.6748464e-01  -3.6134719e-01  -7.3114421e-02
   6.3866947e+00  -1.3718511e+01   2.8352149e+00  -7.6988935e+00   1.5756147e+01   1.1632609e+01   1.1399039e+01   3.2515544e+00   4.4694399e+00  -9.3128598e-01   2.4123479e-01  -5.0014372e-01  -3.4061130e-01   1.3249185e+00  -1.6900378e+00   2.1048648e+00  -1.5765795e+00   1.1663929e+00   1.7781211e-01   2.3162211e-01   7.8838460e-02  -8.3414687e-01   1.2012738e-01   5.4445022e-02
   4.9082748e+00  -1.2666078e+01   2.2269905e-01  -6.3812936e+00   1.2317629e+01   1.2204085e+01   1.0992823e+01   7.1772811e-01   3.7939288e+00  -1.9405785e+00   5.6207793e-02  -8.1997119e-01   4.3450503e-01  -6.0477043e-02  -2.0585757e+00   2.8877562e-01  -2.0405943e+00   8.1026758e-01  -1.1750713e+00  -1.1904000e+00   7.8550335e-01   6.0289455e-02   2.3391868e-01  -2.9715652e-01
   5.7275021e+00  -1.2346833e+01   2.2621905e+00  -6.5878904e+00   1.4597695e+01   1.2260918e+01   1.1480370e+01   3.5681515e+00   3.6986429e+00  -2.2130643e+00   3.7995795e-01  -4.9815412e-01   1.0497593e-01   4.2796033e-01  -3.5493017e-01   1.8947898e-01  -1.6360188e+00   1.2918038e+00   1.0873510e-01  -1.2646661e+00   4.9960527e-01  -1.0150279e+00  -2.8095116e-01  -7.8228113e-02
   6.1123899e+00  -1.3058478e+01  -2.0891633e-01  -7.3444597e+00   1.2034118e+01   1.2310774e+01   1.0159373e+01   1.3254586e-01   4.6351846e+00  -1.4266429e+00   3.1817809e-02  -8.5079866e-01   1.0656681e+00  -9.8650792e-01   5.4332431e-01  -4.4733466e-01  -1.8566399e-01   1.4726421e+00  -2.2776386e-01  -5.8995706e-01   1.7123618e+00   1.4577174e-01  -3.7169234e-01  -1.0181830e-01
   5.9421010e+00  -1.2880370e+01   2.5186274e+00  -6.9330920e+00   1.3443874e+01   1.3516970e+01   1.1978867e+01   1.6471463e+00   4.7982199e+00  -2.7107956e+00  -1.6799695e-01  -6.0207216e-01  -5.7053353e-01  -1.3785139e+00   1.2720293e+00  -1.5660072e+00   6.5564350e-01   9.1730328e-02  -4.4755597e-01  -8.6684919e-01   1.8505460e-01  -2.5586745e-01  -7.1105836e-01   3.4543328e-02
   6.3994774e+00  -1.3879071e+01   9.0946709e-01  -6.8796948e+00   1.2616043e+01   1.3785022e+01   1.0401929e+01   7.9329513e-01   5.8126828e+00  -1.4730552e+00  -2.2735326e-01  -9.2073962e-01  -1.5132151e+00  -1.0673755e+00   2.0479918e+00  -2.1790742e+00   4.3876335e+00   4.8592536e-01  -3.6173819e-01   1.6707310e+00  -2.8708011e-01   2.8250904e-01  -3.2400889e-01   3.1060493e-01
   4.7281581e+00  -1.4004307e+01   3.6110427e+00  -9.1692836e+00   1.5290198e+01   1.1661389e+01   1.0687758e+01   1.9375031e+00   3.3874756e+00  -2.5736593e+00  -5.5704406e-01  -4.1136865e-01  -1.8312199e+00  -8.6164249e-01  -6.4574373e-01  -2.2082230e+00   3.0540184e+00   1.5031110e-01  -2.4982323e+00   8.5447368e-03  -1.8840332e+00   8.0306476e-01  -6.4215833e-01   2.1751439e-01
   4.4495387e+00  -1.4097573e+01   2.3168636e+00  -9.4949753e+00   1.7692406e+01   1.3967453e+01   1.0262320e+01   2.4934640e+00   4.9099366e+00  -1.0714475e+00  -2.5967197e-01  -4.8024301e-01  -7.8428271e-01  -1.1071274e-01  -2.1777186e-01  -1.1456783e-01   1.5914270e+00   1.4308548e+00  -1.6272719e+00   1.9216855e-01  -9.5018023e-01  -4.6898119e-01  -2.2551244e-01   3.5904773e-01
   4.1702405e+00  -1.4063583e+01   8.4631350e-01  -8.9377862e+00   1.5486720e+01   1.3651221e+01   8.3013228e+00   8.0987896e-01   2.4235432e+00  -1.7070023e+00  -1.1150751e+00  -4.9604887e-01   4.9972386e-02   5.9300254e-01  -3.0963380e+00   1.3858638e+00  -1.9362305e+00  -3.1797736e-01   2.7712436e-01  -3.3080733e+00   1.5699274e+00  -1.0194323e+00   9.2636497e-01  -4.2988689e-01
   5.5020122e+00  -1.4015502e+01   1.9651739e+00  -7.1672953e+00   1.4904922e+01   1.4936388e+01   9.1542382e+00   1.6453600e+00   4.8693787e+00  -2.6098555e+00  -2.8660641e-01  -3.3982792e-01  -5.0558610e-01   9.3886786e-01  -1.6603462e+00   2.4435546e+00  -9.5747601e-02  -3.6211977e+00   2.2809900e+00  -2.1649172e+00   7.8709452e-01  -3.3593362e+00   1.9501487e+00  -5.3160998e-01
   4.2768799e+00  -1.3155839e+01  -8.5761943e-01  -8.2543279e+00   1.3779594e+01   1.0699956e+01   1.1657485e+01  -2.6005549e+00   5.7626457e+00  -3.3336038e+00   8.4597062e-01  -1.1264065e+00  -3.0201987e-01   9.2513809e-01  -2.1935675e+00   1.4928662e+00   1.8917583e+00  -2.2797593e+00   2.4260117e+00  -4.7898380e-01   2.7184369e-02  -9.6310132e-01   2.0026354e+00  -6.9319992e-01
   3.6378398e+00  -1.3143143e+01   6.7831084e-01  -6.1713724e+00   1.8402348e+01   1.0011289e+01   1.2005724e+01   9.5130518e-01   4.4210271e+00  -5.2971511e+00   1.6850282e+00  -9.6247915e-01  -1.7293503e+00   1.6521230e+00  -3.4309325e+00   2.3778967e+00   8.2205107e-01  -2.5694492e+00   1.0512488e+00   5.0426769e-01  -1.8652721e+00  -1.1155140e-01   5.5715004e-01  -3.4071280e-01
   4.6492968e+00  -1.3112055e+01  -1.8006063e+00  -7.1964483e+00   1.6575645e+01   1.2694132e+01   1.0514598e+01   4.3843067e-01   2.6884956e+00  -1.8080065e+00   9.0306066e-01  -1.2245231e+00  -4.1781209e-01   8.8440148e-01  -1.1375971e+00   2.0757554e+00   3.5709031e-01   7.8976485e-01   5.8689784e-01   2.2621539e+00  -1.3284852e+00   1.6590598e+00  -4.8797935e-01   1.0896401e-01
   2.7217783e+00  -1.1559209e+01  -2.7097315e+00  -4.1293900e+00   1.4739974e+01   1.0085126e+01   1.1302555e+01   8.8226876e-01   3.6085456e+00  -3.5399813e+00   5.2057363e-01  -8.0183881e-01  -6.0695034e-01   1.2742709e+00  -2.3360647e+00   1.4105887e+00  -4.1927369e+00  -3.6101372e-01  -6.4176243e-01  -4.9332193e-01  -8.0871140e-01   2.6201402e+00  -1.0659193e+00   1.5529356e-01
   4.1081925e+00  -1.2621203e+01  -8.6999397e-01  -6.1616860e+00   1.6146417e+01   1.1847684e+01   1.2889416e+01   8.2719411e-01   4.1761586e+00  -1.7235989e+00   6.9622886e-01  -1.0432807e+00  -6.6217034e-01   5.9169686e-01   7.6274415e-01   1.4098033e+00  -8.5722681e-01  -3.4318160e-01  -1.2457729e-01   9.5841434e-01  -3.1662166e-01   3.7973304e-01  -2.1159039e-02   4.2114217e-01
   2.9979665e+00  -1.1477163e+01  -3.2910923e+00  -4.5728705e+00   1.2327857e+01   9.8929923e+00   9.8556706e+00   1.6940558e-02   2.4641285e+00  -1.4091445e+00   1.8956508e-01  -8.2016004e-01   5.7843558e-02  -1.3142455e-01   9.0377154e-01  -1.5378515e+00   9.6968592e-01   1.6699577e+00  -1.8525870e+00  -1.2972405e+00  -1.2360646e+00   7.3269671e-01  -2.5882861e-01   1.3133034e-01
   3.5179472e+00  -1.2265533e+01  -3.6580960e-01  -4.8600031e+00   1.6495863e+01   1.2275427e+01   1.1051174e+01   2.3087163e+00   2.7857716e+00  -2.3038253e+00   1.0368264e+00  -5.8364927e-01  -8.8067642e-01   2.3301867e-01   1.2776031e+00   3.0119758e-01   2.2058234e+00   7.4931084e-01  -1.4124504e+00  -8.3149603e-01  -5.0265078e-01  -1.7368015e+00  -3.1239126e-01   3.8448288e-01
   3.1036663e+00  -1.1934181e+01  -1.6061663e+00  -7.0870087e+00   1.6019779e+01   1.2376192e+01   9.4427960e+00  -1.8043531e+00   2.4496421e+00  -2.1508230e+00  -3.7968057e-02  -8.3465901e-01   1.2661075e-01  -1.2730737e+00   2.5889269e+00  -7.3853615e-01   1.6736097e+00   2.8503758e+00   5.4302395e-01  -1.1736973e+00   2.8647353e-01  -9.3198330e-01  -1.1225125e-02  -1.1962285e-01
   2.7343280e+00  -1.2043166e+01   2.0394775e-01  -4.4528205e+00   1.7609190e+01   1.1730051e+01   1.0977178e+01   4.9059689e-01   3.4294257e+00  -3.9579618e+00   3.4140853e-01  -4.5930687e-01  -1.8601819e+00  -1.7754401e-01   1.3957535e+00   4.4516046e-01  -3.7153466e-01  -9.3672030e-02  -6.8105488e-01  -1.1054452e+00  -1.2523034e+00  -2.2975084e-01   9.8077607e-03  -9.2797409e-02
   3.5796922e+00  -1.3497957e+01   3.0741933e-01  -5.8842660e+00   1.4281608e+01   1.4441244e+01   1.0707205e+01  -8.3454575e-01   2.5720118e+00  -1.9800512e+00   5.2043632e-01  -1.0617655e+00  -1.5218806e+00  -1.1581359e+00   1.7532688e+00   1.9899795e-01   1.8431827e+00   1.7562552e-01   1.2023155e+00   2.1341166e+00  -1.5903093e+00   3.6807680e-01   1.0502324e+00  -3.8799343e-02
   4.8966147e-01  -1.1749961e+01   7.7102786e-01  -4.7936337e+00   1.6807647e+01   1.1102392e+01   9.3973874e+00   1.6564475e-01   8.4613163e-01  -2.7338375e+00   7.7233583e-01  -6.0929214e-01  -1.0983715e+00  -2.4690332e+00   8.2573130e-01  -6.3820797e-01   5.0199502e-01   7.2033456e-01  -8.3499686e-01  -4.0311910e-01  -1.5452803e+00   5.5599075e-01   1.4003652e-01   1.0019477e-01
   1.9431786e+00  -1.3817987e+01   7.4019674e-01  -6.6181052e+00   1.9185325e+01   1.2953459e+01   1.2036165e+01   1.5592979e+00   1.3558252e+00  -2.2107700e+00   1.3219168e+00  -8.1786540e-01  -2.1100674e-01  -1.8279560e+00   1.5657412e+00   6.1806726e-01   9.6387993e-01   2.4248472e-01  -8.7970104e-01   1.1402356e+00   8.3603390e-01  -1.2263164e+00  -2.7763169e-02   7.1019428e-01
   1.9050276e+00  -1.5586701e+01   1.2261560e+00  -5.0432129e+00   1.5910324e+01   1.3554445e+01   9.0602027e+00  -1.3110036e+00   1.7195986e+00  -3.0086163e+00   1.5072304e-01  -4.3096477e-01   5.0423493e-01  -2.2663220e+00   5.5091954e-01  -5.3590249e-01  -1.5087286e+00   2.2844332e+00  -1.8552250e+00  -4.3966712e-01   1.6071751e+00  -1.1547870e-01  -6.7320249e-01   1.3632940e-01
   2.5554990e+00  -1.4321521e+01   2.4284670e+00  -4.8323756e+00   1.6176089e+01   1.3578945e+01   9.5562454e+00   1.6141318e+00   3.3893292e+00  -3.6821363e+00   7.8959796e-01  -8.5637765e-02  -9.1770503e-01   4.7965984e-01   1.0333315e+00   1.7460249e+00   7.5670360e-01  -2.2235004e+00  -2.4599730e+00   9.8851552e-01  -6.5048404e-01  -2.2747071e-01  -3.2858419e-01   3.6090314e-01
   9.3985365e-01  -1.4897677e+01   7.5327202e-01  -6.4903523e+00   1.6049172e+01   1.4216299e+01   7.8545096e+00  -5.2127288e-01   2.2401422e+00  -2.1713723e+00   2.8691548e-02  -7.7091186e-01  -3.2487101e-01   1.2783129e+00  -7.4485128e-01   1.3407667e-01   4.4507147e+00  -2.5051274e+00   1.2099461e+00   2.2440791e+00  -1.9683004e+00   5.0461742e-01   2.6798671e-01  -7.5836367e-02
   1.0492080e+00  -1.3443009e+01   2.5266360e+00  -3.2754981e+00   2.0250957e+01   9.2872814e+00   8.9490516e+00   2.6472058e+00   1.1982727e-01  -2.9705980e+00   8.9005631e-01  -1.0653715e-01  -6.9873988e-01  -1.9691658e-01  -7.6219243e-01   1.1006448e+00   3.5644101e+00  -1.0402081e+00   4.8944153e-01   4.4410912e-01  -1.6675199e+00  -1.0059111e-02  -8.9219304e-02   1.1218877e-01
   2.1708666e+00  -1.4108487e+01   5.9794585e-02  -5.6205366e+00   2.0548962e+01   1.1942586e+01   1.1178719e+01   1.5385780e+00   4.0189898e-01  -2.6074593e+00   5.0247393e-01  -5.3426963e-01   4.9656901e-01  -6.3308367e-01   3.4897721e-01   8.9032426e-01   1.4459168e+00   8.7441160e-01   2.7363712e+00   2.3125876e+00   5.5741850e-01  -8.4882577e-01   2.9369726e-01   3.5577505e-01
   8.9188275e-01  -1.5011491e+01   1.6319171e+00  -3.6163162e+00   1.9272809e+01   1.3155489e+01   8.6283031e+00   1.2503700e+00   1.8071709e+00  -3.4791815e+00   4.1887781e-01  -3.5675718e-02  -8.3895088e-01  -8.0919691e-01  -1.4492146e+00   1.6217964e-02  -2.5279072e+00   2.9816973e+00   3.7576093e-02  -8.5549635e-02   1.0023097e+00  -5.1810426e-01   1.2840868e-01  -3.6729633e-01
   1.7633698e+00  -1.5063062e+01   1.7240973e+00  -4.9844568e+00   1.8707121e+01   1.3593813e+01   1.2119441e+01   3.6460265e+00   2.2325982e+00  -3.1903192e+00   7.0482668e-01  -2.7268000e-01  -6.2125380e-01   3.5132090e-01  -3.0891062e-01   3.4499745e+00  -2.0371596e+00  -1.3269505e+00   1.2537873e-01   1.2619020e+00  -9.7898580e-01  -6.5969997e-01   1.1638790e+00  -1.6956787e-01
  -5.4698867e-03  -1.4179517e+01  -4.7933725e-01  -3.5692110e+00   1.7380016e+01   1.2934214e+01   8.5350548e+00   1.4651572e+00   7.0794220e-01  -3.4563245e+00   9.8149295e-01  -7.8827646e-01   9.5790232e-01  -1.6513065e-02  -1.4818494e+00  -1.1207385e-01  -9.7305360e-01  -2.5967539e+00  -9.9090745e-02  -1.5094664e+00  -1.6019658e+00   1.2334257e+00   6.2166262e-01  -5.2428062e-01
   1.6876622e+00  -1.3997493e+01   6.5205584e-01  -4.6912743e-01   1.8439619e+01   1.0062798e+01   1.1413411e+01   3.3240374e+00  -5.1696538e-01  -3.6084378e+00   1.9669848e+00  -4.1232107e-01   6.0757749e-01  -1.5093143e+00   7.2706070e-01  -3.2832180e-01   1.2597493e+00  -2.1358113e+00  -1.5625089e+00  -2.4388279e+00  -7.0998380e-01   1.2899876e+00   1.8021012e-01  -2.6427784e-02
   2.3665900e+00  -1.5569045e+01  -5.4836237e-02  -6.0420917e+00   1.7946980e+01   1.1025866e+01   8.8326818e+00  -8.5283501e-01   7.7900392e-01  -1.4199837e+00   7.2029267e-01  -7.5227611e-01   9.6482115e-01  -2.7287714e+00   1.9063085e+00  -2.9510077e+00   3.7868595e-01   1.3401640e+00   1.1099140e-01  -1.2286266e+00   2.2076862e-01   2.4192203e+00  -1.7936118e-01   2.0155833e-01
   1.4887061e+00  -1.6632269e+01   2.6024378e+00  -4.2404992e+00   2.0313263e+01   1.1344270e+01   9.6268639e+00   1.1467807e+00   1.1320916e+00  -2.2735082e+00   1.1057420e+00  -3.3032185e-01  -1.2762321e+00  -1.7725837e+00   1.8575912e-01  -3.1878833e+00  -1.3585612e+00   2.6324815e+00  -2.9770697e+00  -1.6175283e+00   2.0271699e-01   1.8015655e+00  -8.0391668e-01   7.1167257e-02
   1.5412399e+00  -1.6955286e+01   1.4049345e+00  -6.1100367e+00   1.7011223e+01   1.4303724e+01   9.5948155e+00   7.1084566e-01   2.1456662e-01  -4.9495885e-01   1.1430726e+00  -5.2693858e-01  -1.4091652e+00  -5.4517389e-01  -2.8163018e-01  -4.9777613e-01  -1.3033737e+00   6.1435685e-01  -7.9333097e-02   1.1100317e+00   3.1052887e-03   4.9920102e-01   4.2030147e-01   1.4288750e-01
   1.8598906e-01  -1.5963248e+01   2.0080913e-01  -5.2169799e+00   1.6869656e+01   1.2372591e+01   6.5667396e+00   1.1590463e-01   6.9328760e-02  -1.3686020e+00   5.4971985e-01  -4.1823895e-01  -1.3837385e+00   8.4724377e-01  -3.8798399e+00  -1.5748632e+00  -1.9092794e+00  -2.5341198e+00  -3.6506540e-01  -2.7832995e+00   1.4399580e+00  -4.0017665e-01   4.0821852e-01  -8.1406222e-02
   9.0420075e-01  -1.6721317e+01   7.2353283e-01  -6.3005156e+00   1.7713723e+01   1.1433241e+01   1.0243744e+01   1.3276506e+00   1.3150433e+00  -1.1236353e+00   1.6287560e+00  -4.9398631e-01  -2.5695745e-01   6.5414204e-01  -3.4872954e+00   1.1631790e-01  -7.1664117e-02  -4.7553255e+00   1.4616867e+00  -2.0669496e+00   2.8629716e+00  -1.8305215e+00   9.6440999e-01   1.2537213e-01
  -2.6838216e-01  -1.5478388e+01  -2.8766211e+00  -6.5075546e+00   1.7098094e+01   8.9783315e+00   8.7548014e+00  -3.3365709e+00   2.7417903e+00  -2.5594350e+00   1.4752281e+00  -4.6890732e-01   7.8127350e-01   4.3013077e-01  -3.1819587e+00   2.1359960e-01  -2.6556851e-01  -2.5055857e+00   8.9021181e-01  -1.1951148e+00   1.2810331e+00  -7.0277021e-01   6.2377071e-01   7.8506074e-03
   1.3829893e+00  -1.6216503e+01  -2.2872935e+00  -5.2902725e+00   1.6789508e+01   8.8678653e+00   1.0693315e+01  -6.6334089e-01   3.1727933e+00  -2.6453246e+00   2.1269335e+00  -3.1354620e-01   5.2073072e-01   1.0495681e+00  -2.0543977e+00   4.5140533e-01   9.8173208e-02  -8.0713608e-01  -1.3293995e+00   5.8282450e-01  -2.1610690e-01  -4.5887776e-02  -4.5633172e-01   1.1952772e-01
   1.1185050e+00  -1.5570459e+01  -3.0667158e+00  -5.4017020e+00   1.6933411e+01   9.8969002e+00   7.6772721e+00  -6.8127181e-01   1.0620035e+00  -1.6619127e+00   1.2362872e+00  -4.9668310e-01   1.1448570e+00  -1.3145519e-01   1.0769182e+00  -1.5610677e-01   8.2873176e-01   1.1846595e+00   1.3424022e+00   1.7842597e+00  -6.8130761e-01   1.3049220e+00  -3.7603669e-01  -1.5869002e-01
   9.9185323e-01  -1.5100929e+01  -2.2630163e+00  -6.1763338e+00   1.7943325e+01   9.7632522e+00   8.7884096e+00   8.7423781e-01   1.8307764e+00  -1.6412281e+00   1.0637288e+00  -3.0080684e-01   3.5459165e-01   9.9107008e-01   3.0759369e-01   2.9631014e-01   5.5625952e-01   9.5511620e-01   1.4455009e+00  -1.1922318e+00   9.2682727e-03   2.5698476e-01  -3.7458430e-01  -3.6770079e-01
   1.6444714e+00  -1.6233358e+01  -1.2733824e+00  -6.2986840e+00   1.7764284e+01   1.0307627e+01   1.1720857e+01  -1.4289707e+00   2.3908374e+00  -1.1041002e+00   1.4427754e+00  -7.1331203e-01   1.0438620e+00   1.2140536e+00   7.9793063e-01   1.0759415e+00   9.7005214e-01   8.1647774e-01   4.1900808e+00   5.9135476e-01   3.0777772e-01   7.4846348e-02   4.5057278e-01  -4.6868292e-01
   1.6518936e+00  -1.4398448e+01  -2.7225697e+00  -4.3973163e+00   1.7208460e+01   1.0095176e+01   1.0839774e+01  -2.0778391e+00   2.5222787e+00  -2.5387537e+00   1.4618129e+00  -7.5678291e-01   3.6458577e-01   8.6662225e-01  -1.8827865e-01   1.7346948e+00  -1.8536112e+00   1.1141100e+00   4.2063492e-01  -2.0645310e-01  -1.0912428e+00   3.8931156e-01   2.5720434e-01  -3.9147463e-01
   2.3542779e+00  -1.4100619e+01  -1.6400432e+00  -4.6772985e+00   1.8755921e+01   1.0955655e+01   1.2936711e+01   1.6817988e+00   1.1779188e+00  -1.1008804e+00   1.7131043e+00  -9.7171944e-01   6.5828576e-01   4.0129424e-01   9.9361024e-01   1.9430970e+00  -1.5996190e+00   5.9852408e-01  -1.2894977e+00   2.0108680e+00  -1.4272595e+00   6.4204588e-02  -9.0881995e-01   2.8960216e-01
   1.1838286e+00  -1.4867365e+01  -2.3621039e+00  -4.3849845e+00   1.4667089e+01   1.1110403e+01   8.8114349e+00  -9.9082658e-01   8.0037136e-01  -1.0588706e+00   1.3143709e+00  -7.5881509e-01   6.6085810e-01  -2.1517811e+00   1.9926460e+00  -3.4591936e-01  -2.2955902e+00   1.9701635e-01  -1.9637076e+00  -6.2503054e-01  -7.1393075e-02   5.3522625e-01  -7.4040090e-01   4.6514201e-01
   2.8659325e+00  -1.5396958e+01   3.6800075e-02  -3.3902044e+00   1.6635541e+01   1.0697800e+01   1.0800780e+01   1.0438250e+00   1.1109019e+00  -1.7477348e+00   1.5326645e-01  -2.7789270e-01   2.5991963e-01  -2.2419907e+00   2.1903690e+00  -2.6291595e-01  -1.6102499e+00  -4.0032295e+00  -1.0992857e+00  -1.3910009e+00   1.8231731e+00  -1.0285688e+00  -8.1501820e-01   4.6763974e-01
   2.3873534e+00  -1.6977950e+01  -5.7202222e-01  -5.5597424e+00   1.4825265e+01   1.0519628e+01   8.9621778e+00  -2.6963980e+00   2.4486976e+00  -1.4124871e+00   1.1311305e+00  -4.0598327e-01   8.1311826e-01  -1.0843447e+00   1.2772612e+00  -1.6602294e+00   7.6070547e-01  -5.2098613e+00   2.6873736e+00   1.4831131e-01   1.5598182e+00  -6.6828048e-01   1.8765052e-01   9.6951089e-02
   2.1423950e+00  -1.6408313e+01   7.5046942e-01  -4.4842935e+00   1.6261458e+01   5.2461981e+00   1.1212411e+01   4.4808309e-01   3.0885154e+00  -2.4669254e+00   5.8219721e-01  -4.4667574e-01  -1.2789727e+00   2.8949742e-01  -2.7151344e+00  -7.0348518e-01  -1.2734980e+00  -6.4751510e+00  -7.1736243e-01  -4.2461868e-01   1.6640784e+00  -1.1701951e+00   1.0881665e+00  -2.4679411e-01
   2.7652748e+00  -1.5988205e+01  -8.0304675e-01  -6.3282839e+00   1.5995189e+01   6.0214122e+00   1.2636680e+01  -4.7048866e-01   2.1512919e+00  -1.7016961e+00   1.3813813e+00  -5.2899694e-01  -9.9988847e-01   1.6425863e+00  -3.4311175e+00   1.4989842e+00  -9.3220391e-01  -4.5091564e+00   4.5788872e-01   1.5657853e+00   7.9885383e-01  -9.9729874e-01   7.8789635e-01  -2.0102115e-01
   7.5851277e-01  -1.5457584e+01  -3.9203893e+00  -4.0611614e+00   1.4140332e+01   3.2341812e+00   7.8874854e+00  -7.0605770e-01   3.7557224e+00  -3.3584230e+00   1.6603908e+00  -5.8657703e-01  -8.4026365e-01   1.8762585e+00  -4.3713239e+00   7.3234980e-01  -3.2692431e+00  -1.3743437e+00  -3.1688725e+00  -2.4319292e+00   8.3733355e-01  -8.2377264e-01   6.3673146e-01   3.0135938e-01
   1.5794618e+00  -1.4989435e+01  -3.3832691e+00  -3.5228321e+00   1.4487522e+01   4.7619021e+00   1.1311474e+01   2.2935035e-01   3.3133749e+00  -2.4626864e+00   1.7738782e+00  -6.3756434e-01   3.8428583e-01   2.1561570e+00  -6.2910192e-01   1.5316511e+00  -2.7934160e+00   1.1426749e+00  -4.0281113e+00  -4.1408989e-01   1.1324729e+00  -6.9655842e-01  -6.6630395e-01   6.6121841e-01
   1.4749060e+00  -1.4093310e+01  -4.5164052e+00  -4.7884947e+00   1.2111427e+01   3.8144376e+00   7.1217055e+00  -3.5497302e+00   3.7634742e+00  -3.3220892e+00   1.3410459e+00   5.9647032e-02   1.3223585e+00   2.8719760e+00   2.0474310e+00  -1.8246770e+00  -1.4298841e+00   3.8902366e+00  -3.1473096e+00  -1.1148151e+00  -4.0272901e-01   1.0237300e+00  -6.8118787e-01   2.2971199e-01
   2.9835070e+00  -1.3436107e+01  -1.4486917e+00  -3.6671406e+00   1.2819517e+01   7.4452963e+00   6.9774025e+00   3.3021276e-01   3.8461253e+00  -2.7647006e+00   5.4159781e-01   1.3971865e-01   7.8140313e-01   2.5668801e+00   3.0688319e+00  -2.7450612e+00   2.6460389e+00   2.0134115e+00  -2.7653963e+00   1.1754450e+00   3.3500590e-01  -3.1388533e-01  -4.1765341e-01  -3.1447443e-01
   2.0400279e+00  -1.1926284e+01  -1.8165315e+00  -6.7260227e+00   1.2829508e+01   7.7278389e+00   5.3335566e+00  -2.4287115e+00   2.8852536e+00  -1.6718209e+00   1.2547492e+00  -6.3065053e-01   1.2847142e+00   1.3179490e+00   2.7194193e+00  -4.1789854e+00   6.6641720e+00   2.8113081e+00   8.3208994e-01   4.4487612e+00   6.7935476e-01   9.0463341e-01  -3.8051171e-01  -9.1803589e-01
   2.4690056e+00  -1.2222628e+01  -1.2995809e-01  -6.6716599e+00   1.8097540e+01   5.8253187e+00   8.0574538e+00   1.4320085e+00   4.2549940e+00  -3.7586485e+00   1.1905464e+00  -7.6412720e-01   5.8434639e-01   7.9593469e-01  -4.5445056e-01  -2.4786225e+00   4.5168401e+00  -8.1374007e-01   9.5583621e-01   6.0135428e-01   4.7190592e-02   3.2062666e-01  -1.1322580e-02  -3.0144166e-01
   3.6592281e+00  -1.2723126e+01  -1.0966430e+00  -9.5547131e+00   1.9468673e+01   8.8413885e+00   7.8298148e+00   2.5725138e+00   4.5780720e+00  -1.4681651e+00   4.4580406e-01  -8.6548388e-01   1.5323630e+00   1.4119853e-01  -1.1572608e+00   1.4024387e+00   4.3947261e+00  -6.0260192e-01   2.7590057e+00   1.7623755e+00  -4.4781490e-01   6.9704203e-01  -7.4341610e-01   3.4763317e-01
   3.0504265e+00  -1.1843784e+01  -2.4903118e+00  -5.9707291e+00   1.6275195e+01   5.6679114e+00   7.1630277e+00  -1.2683685e+00   3.0705020e+00  -2.3855885e+00   9.2908651e-01  -1.9502716e-01   9.0140638e-02  -2.4909601e-01  -1.9884359e+00   1.4130243e+00   3.3951618e-01  -1.0852162e-01   6.3608763e-01  -2.2329417e+00  -2.7332016e+00   1.1692399e+00  -9.3391107e-02   5.0960496e-01
   4.0478619e+00  -1.1903909e+01  -2.3722459e+00  -4.9728300e+00   2.0332770e+01   6.9026397e+00   9.9192783e+00   1.5650403e+00   2.8057773e+00  -1.3127878e+00   2.7035502e-01  -3.9375079e-01  -7.4050334e-01  -8.8190690e-01   5.8243698e-01   3.1399709e+00   9.7648147e-01  -9.1811285e-01   1.9779493e+00  -1.9426120e-01  -2.4996943e+00   1.6839856e-01  -4.2984188e-01   3.4294444e-01
   2.4098996e+00  -1.3005880e+01  -2.4748104e+00  -6.8430650e+00   1.8174766e+01   6.6319107e+00   7.9668535e+00  -1.4136672e+00   1.0413389e+00  -2.0824773e+00   1.1381843e+00  -2.3558631e-01  -6.6401229e-01  -1.5224276e+00   6.7388285e-01  -4.9668501e-01   1.7458008e+00   1.2533254e+00   1.7599265e+00   1.1070590e+00  -1.3656136e+00   1.1109416e+00  -3.9031772e-01  -1.8929608e-01
   2.8687365e+00  -1.3464938e+01  -2.3073820e-01  -4.4085888e+00   1.9983610e+01   6.9822196e+00   1.0394826e+01   2.3537714e+00   1.8431122e+00  -1.3671229e+00  -3.0350766e-01  -3.3078764e-01  -3.5042351e-01  -1.7747006e+00   9.3166411e-01   2.0851280e+00  -1.8549278e+00   6.9541438e-01   7.6811576e-01  -4.7304106e-01  -7.2377764e-01  -4.9938597e-01   1.0945684e-01  -1.2277315e-01
   2.6439707e+00  -1.3346911e+01  -2.5502413e+00  -6.9978772e+00   1.9068476e+01   7.5081095e+00   9.5651437e+00  -2.1455757e-03   1.5034142e+00  -6.9200852e-01   6.3054127e-01  -5.1045287e-01   9.7678900e-01  -1.2023357e+00   8.4083213e-01   3.4750402e+00  -2.0339293e+00   2.1929896e+00   1.7252246e+00  -4.1860896e-01   1.8852951e+00  -5.6447057e-01   1.0400912e-01  -3.6626584e-01
   3.4051910e+00  -1.4395444e+01  -9.3703429e-01  -1.7677320e+00   1.7103523e+01   7.5076619e+00   1.0272307e+01   1.4971786e-01   1.4890732e+00  -2.7571012e+00   6.8836180e-01  -4.4047724e-01   4.1232900e-01  -1.8525543e-01  -1.0737651e+00   2.7417047e+00  -4.2795889e+00   8.6293702e-01  -7.6277705e-01  -2.7317351e+00   4.3672397e-01  -1.3622687e+00   1.3090797e+00  -3.0425360e-01
   3.6068558e+00  -1.4344131e+01  -8.6041419e-01  -2.9509331e+00   1.6563916e+01   9.6586739e+00   1.0615950e+01  -9.3955393e-01   4.0463011e+00  -2.2341940e+00   7.9826326e-01  -7.3014027e-01   5.1646205e-02   5.2734032e-01  -3.1424684e-01   2.8422480e+00  -2.3400172e+00   1.1267543e+00   1.6172289e+00   9.1781290e-01   7.2389389e-01  -6.6585027e-01   5.7523292e-01  -3.4591634e-01
   3.0057874e+00  -1.3244211e+01  -2.6862995e+00  -2.3195038e+00   1.4816507e+01   7.2013429e+00   8.7252572e+00  -1.2751271e+00   1.2267547e+00  -2.6394331e+00   1.5762509e+00  -6.7732434e-01  -4.2437714e-01   1.5926305e+00  -1.4581762e+00  -3.0486210e+00  -2.7141703e-01   4.9459687e-01   1.4087894e-01  -6.7873539e-01  -5.3619496e-01   1.2969804e+00   3.7342023e-02  -2.3867714e-01
   2.9211418e+00  -1.3131517e+01  -2.1469790e+00  -2.4586193e+00   1.6701958e+01   9.3514005e+00   1.2764512e+01   2.0869963e+00   2.7204143e+00  -1.7496179e+00   1.0494461e+00  -9.1090383e-01  -6.3894036e-01   1.1465320e+00   6.0993025e-01  -3.2110855e+00   1.9471177e+00  -7.5112037e-01  -7.1548761e-02   2.9885700e-01  -1.3686136e+00   4.1870371e-01  -1.9988493e-01   2.0979664e-01
   3.1114823e+00  -1.2612805e+01  -2.4810162e+00  -6.5868204e+00   1.6627376e+01   8.4031939e+00   9.4093442e+00  -2.3816603e+00   1.3477241e+00  -1.0539186e+00   6.1878341e-01  -7.0811117e-01   3.3275786e-02  -1.0134989e+00   2.8074084e+00  -4.2777747e+00   3.5814396e+00   1.1997024e+00   5.5352140e-01  -7.4005315e-01  -9.0597702e-01   1.5671019e+00  -5.7048855e-01   1.9953979e-01
   2.5955978e+00  -1.2940036e+01  -4.8160459e-02  -5.6339030e+00   1.8579157e+01   7.9310679e+00   1.0166583e+01   6.1998171e-02   1.9328959e+00  -2.3988957e+00   9.7716960e-01  -4.0005189e-01  -4.4557681e-01  -8.4666699e-01   1.8818723e+00  -2.6126755e+00   1.7259541e+00  -1.0623616e+00  -1.2773131e-01  -2.6884825e+00  -1.2898678e-01  -8.0347403e-01  -1.0161327e-01   3.4233490e-01
   3.2184731e+00  -1.4860200e+01   4.7540389e-01  -7.1485241e+00   1.9250067e+01   9.7110629e+00   1.0854504e+01  -1.3727078e+00   2.6154836e-01   3.5858672e-02   7.5665631e-01  -6.3344062e-01  -7.7914870e-01  -9.4473957e-01   1.8353687e-01   7.2726200e-01   1.8259956e+00   4.3043036e-01   4.7158182e+00   1.6040777e+00   1.2994852e+00  -1.4041291e+00   1.0880246e-01  -5.3662653e-02
   2.1992812e+00  -1.3277820e+01  -8.0238059e-01  -6.0967807e+00   1.7979544e+01   7.1039235e+00   1.1850335e+01  -2.4502037e+00   3.0700220e+00  -3.4997176e+00   8.2808975e-01  -4.3473675e-01  -1.4817727e+00  -8.3949408e-01  -2.4167959e+00   1.0650412e+00  -1.1969919e+00   2.8786848e+00   2.3292732e+00  -4.9612363e-01   3.9080897e-01  -5.1502398e-01  -1.0001163e+00  -2.2055396e-01
   2.1409176e+00  -1.3861023e+01  -1.8286008e+00  -5.2644885e+00   1.9666176e+01   9.4624116e+00   1.5641195e+01   1.2805572e+00   2.7283890e+00  -2.6097012e+00   8.5652703e-01  -7.7126272e-01  -1.4404957e+00   1.7113721e-01  -2.6491459e+00   3.0812811e+00  -1.0137273e+00   3.1001191e+00   8.0046873e-01   2.8081356e+00  -1.4739168e-01  -1.4703790e+00  -5.0748504e-01   1.4222476e-01
   9.1171661e-01  -1.4698866e+01  -2.5213519e+00  -4.9783589e+00   1.6575615e+01   1.2373421e+01   1.1267147e+01  -2.0088198e+00   1.2856890e+00  -1.8486517e+00  -5.7294019e-01  -6.6197178e-01  -1.1797127e+00  -6.1097130e-01  -3.3237492e+00   1.1362976e+00  -4.6926124e-01   5.9199133e+00  -1.8315727e-01   1.3589960e+00  -1.9857931e+00   1.1184752e+00  -5.7385095e-01  -1.9370679e-01
   1.7015118e+00  -1.3892971e+01  -2.6388293e+00  -3.0858134e+00   1.8431440e+01   1.1726493e+01   1.2346801e+01   2.6188037e+00   9.3262731e-01  -2.9952428e+00   6.9594372e-01  -3.0648597e-01  -7.5545397e-01   8.8741995e-01  -3.2050891e+00   1.1634115e+00  -6.5259353e-01   2.6147994e+00  -3.4820756e+00  -1.0340332e-01  -5.1005667e-01  -4.6786425e-01   4.6996256e-01  -5.7207773e-02
   6.4941510e-01  -1.4178303e+01  -5.3828902e+00  -5.4816719e+00   1.7893020e+01   1.4851753e+01   1.3222797e+01  -1.0808329e+00   9.8921313e-01  -1.6292340e+00   4.7604969e-02  -9.5768532e-01   9.3318878e-01   1.4622041e+00  -3.0143511e+00  -1.4080580e+00   8.1331402e-01   2.6592819e-01  -1.9014245e-01   8.6929495e-01  -5.2289889e-01  -7.7959844e-01   1.3059561e+00  -2.3315620e-01
   1.1388874e+00  -1.2790174e+01  -5.2054654e+00  -3.2677147e+00   1.8028583e+01   1.2145445e+01   9.4402574e+00   6.6145882e-01   2.1115419e+00  -3.4212064e+00   1.2511983e+00  -7.0921761e-01   3.3812419e-01   4.4059683e-01  -2.6753530e-01  -4.8440259e+00   1.0837063e-01   4.1139153e-01  -2.2506098e+00  -2.5186804e+00  -2.1275926e-01   8.2218764e-01  -5.0526557e-01   7.8504462e-02
   2.5928120e+00  -1.3056958e+01  -5.7595606e+00  -6.9994952e+00   1.7997015e+01   1.2562837e+01   1.2435205e+01   2.7379508e-01  -8.8116605e-02  -2.8050676e+00   1.1083666e+00  -8.1034026e-01   7.0162904e-01  -1.2510489e-01   1.6537186e+00  -4.9958403e+00   1.5674087e+00   5.9091143e-01  -7.9995803e-01   2.0054878e-01  -2.9427474e-01   1.3140365e+00  -5.6390303e-01   4.9369764e-01
   1.2369996e+00  -1.3792748e+01  -2.8517971e+00  -9.5929406e+00   1.8541999e+01   1.3488038e+01   9.3646818e+00  -1.8365309e+00   1.1521533e+00  -1.1740445e+00  -5.9233547e-01  -2.6240180e-01   3.7839484e-01  -1.2569628e+00   6.6747564e-01  -6.9339805e+00  -4.9676989e-01   3.0428068e+00  -4.6991293e-01  -4.4946509e+00   1.5697826e+00   2.5219234e+00  -1.0194627e+00   5.0829485e-01
   1.6528025e+00  -1.3864673e+01  -4.0791464e+00  -9.8128194e+00   1.9987425e+01   1.5066823e+01   1.2060647e+01   4.6898513e-01   1.0274953e+00  -7.8176027e-01   1.2351731e-01  -4.4054676e-01   1.0133151e+00  -1.8661637e+00   5.5203510e-02  -1.2907575e+00  -2.1092663e+00   4.3532763e+00  -2.6677865e+00  -2.6357999e+00   3.8304284e+00   9.2618529e-01  -2.9074916e-01   3.3775592e-01
   2.1764844e+00  -1.4271761e+01  -5.0444590e+00  -1.2262023e+01   1.6288223e+01   1.5457662e+01   8.9226669e+00  -6.1781125e+00   3.9084098e+00  -6.4997494e-01   2.1442884e-01  -1.3167208e-01   1.2793050e+00  -1.8697444e+00  -2.3313480e+00   2.9803136e-01  -2.1962281e+00   6.4403998e+00  -9.1112822e-01  -3.1231086e+00   2.3898755e+00  -3.8202346e-01  -6.4365808e-02  -2.9154683e-01
   3.6430423e+00  -1.5616697e+01  -4.5804243e+00  -7.6010901e+00   1.5960003e+01   1.8107940e+01   8.6545329e+00  -1.5091140e+00   4.2793977e+00  -1.6778244e+00   2.6886075e-01  -3.6907124e-01  -7.5746807e-01  -1.0984672e+00  -6.2529014e-01   3.2757097e+00  -1.8136946e+00   3.7557359e+00  -2.0929962e+00  -2.4673269e+00   8.5975738e-01  -1.3769634e+00  -1.1674028e-01  -2.7845252e-01
   2.1608372e+00  -1.5721353e+01  -6.0981801e+00  -1.0251758e+01   1.7261368e+01   2.1628080e+01   9.7010467e+00  -5.5321443e+00   3.1110153e+00  -1.2990476e+00  -7.6155590e-01  -7.3545980e-01  -1.4391372e+00  -9.3106205e-01   3.2354391e-01   3.2084987e+00   6.3491672e-01   2.9007329e+00   7.9895543e-01   1.1740664e+00  -8.3205466e-01  -4.8985752e-01   1.6113733e-01  -4.1699192e-01
   5.2442399e-01  -1.4787578e+01  -4.4902211e+00  -5.9043874e+00   1.6780311e+01   1.7615218e+01   8.5319632e+00  -3.5549894e+00   2.7158287e+00  -2.5226691e+00   4.3639926e-01  -5.5633168e-01  -2.6242807e+00  -1.1973842e+00   9.4372106e-01   1.3961281e+00   8.7817933e-02  -7.1328651e-01   1.7633781e-01  -2.1786790e+00  -2.9909462e-01  -1.0959190e+00   8.1217385e-01  -4.8615643e-02
   1.5770877e+00  -1.6082914e+01  -4.6042447e+00  -8.2976268e+00   1.6830444e+01   2.0055122e+01   1.0182385e+01  -3.3940752e+00   3.4421123e+00  -9.6233890e-01   3.7236559e-01  -6.6352974e-01  -8.5608962e-01  -2.1986849e+00   4.4996082e-01   2.8710643e+00   1.2264636e+00  -2.2956882e+00   1.8570348e+00   1.5408753e+00   9.8531757e-01  -7.1483194e-01   1.0010766e+00  -1.3399289e-02
  -1.5040473e-03  -1.7231993e+01  -3.9118104e+00  -6.4839636e+00   1.6307192e+01   1.7824489e+01   8.6783706e+00  -5.8461670e+00   3.6652073e+00  -3.4900573e+00   9.2016078e-01  -4.7795974e-01   5.6518854e-01  -4.2100615e+00  -8.9844893e-01  -2.1809404e+00   3.4259891e-01  -1.1547371e+00   4.5252937e-01   6.3892771e-01  -8.5324928e-01   2.1854145e-01  -4.2429643e-01   1.1355145e-01
   1.1396668e+00  -1.7797172e+01  -5.7124442e+00  -5.6553737e+00   1.9337623e+01   1.8079912e+01   1.2413395e+01  -2.0752426e+00   4.1143023e+00  -1.8876014e+00   4.9817817e-01  -7.9474471e-01   1.1861314e+00  -4.2282362e+00  -3.7907134e-01  -5.5742409e-01   1.6876825e+00  -3.1049482e+00  -6.0901502e-01   3.6185927e+00  -2.7039026e+00   1.1170563e+00  -9.8658186e-01   2.9596799e-01
   1.5909173e+00  -2.0245541e+01  -5.2837948e+00  -1.0496925e+01   1.6040620e+01   1.6870717e+01   8.0952521e+00  -3.2560141e+00   1.0998598e+00  -1.7322256e+00  -2.6295168e-01  -3.2039701e-01   2.2456012e+00  -1.4316414e+00  -1.4280012e+00  -2.6490661e+00  -1.7168811e+00  -2.0878614e+00  -1.1878352e+00   3.6363495e+00  -2.8335754e+00   2.7637476e+00  -5.7771827e-01   9.6735631e-02
   2.5600742e+00  -2.0918494e+01  -4.4868596e+00  -7.1272824e+00   1.9495254e+01   1.5874585e+01   9.5604216e+00   7.3873739e-01   6.6893218e-01  -1.6567028e-01  -5.1595098e-01  -2.9835912e-01   1.5115873e+00   8.7886173e-01  -1.9024755e+00   1.9760779e+00  -4.6220001e+00  -2.1466608e+00  -5.1156665e+00   1.0226281e+00  -1.4620659e+00   5.5156203e-01   5.6503589e-01   2.6607090e-01
   2.6566940e+00  -1.7818794e+01  -6.6666046e+00  -9.7216084e+00   1.3653055e+01   1.5795360e+01   8.3231046e+00  -1.7986327e+00   1.1375293e+00  -2.0540142e-01   5.6064794e-01  -5.8104909e-01   1.1633374e+00   2.9291376e+00  -1.9109847e+00   4.4949388e+00  -1.7823912e+00  -2.5322965e-01   3.3257019e-01   1.0687830e+00   1.7874666e+00  -6.0827853e-02   1.0940753e+00  -3.2569987e-01
   2.8741594e+00  -1.7692253e+01  -7.8747525e+00  -3.0789150e+00   1.3598405e+01   1.5397599e+01   4.6259692e+00  -1.2699912e+00   1.9023687e+00  -1.8236705e+00   9.3393221e-01  -2.6531232e-01   4.8835477e-01   2.4681648e+00  -2.3996995e+00   3.6466893e+00  -3.8868182e-01  -9.3738337e-01  -3.1858859e-01  -1.1242954e+00   9.9913773e-01  -1.7762984e+00   5.3016238e-01  -2.9045257e-01
   3.1788807e+00  -1.7464955e+01  -6.4563254e+00  -5.7787001e+00   1.6315457e+01   1.6729366e+01   1.1061334e+01  -6.4847533e-01   3.1643415e+00  -9.9446730e-01   6.5321974e-01  -8.2547022e-01   1.3715440e+00   7.5290516e-01  -5.8156684e-01   3.9057112e+00   4.9150655e+00  -1.4769533e+00   2.0294537e+00   1.9894698e+00   3.8767714e-01   1.0921596e-02  -6.1122356e-01  -2.9614540e-01
   3.0315130e+00  -1.7393167e+01  -8.1915485e+00  -3.6287027e+00   1.7581030e+01   1.4001507e+01   7.7134242e+00  -1.5227844e+00   1.1542327e+00  -2.4355849e+00   2.3300670e-01  -6.1182741e-01   1.3559775e+00   1.1317243e+00  -8.4767279e-01  -1.4726010e+00   3.1763828e+00  -2.3980370e+00   2.0045300e+00   1.6609313e+00  -2.8675844e-01   1.3821276e+00  -7.1293569e-01  -2.5619711e-01
   4.6353332e+00  -1.6838979e+01  -7.3805568e+00  -3.5881478e+00   1.9034341e+01   1.4277976e+01   9.8235575e+00   1.3119686e+00   2.0931130e+00   1.1693819e-01  -5.7246416e-03  -8.5200965e-01   2.6391410e+00   1.7228979e+00  -2.4444173e+00   9.4950644e-01   3.4604386e+00  -2.1926035e+00  -1.3679754e+00   2.3686359e+00   7.2413575e-01   1.8898986e+00  -1.0879372e+00   1.7602050e-01
   4.1798993e+00  -1.6307654e+01  -8.6841460e+00  -6.3830927e+00   1.7003538e+01   1.3026239e+01   8.2516522e+00   2.4118376e-01   2.0078452e+00  -3.0618190e-01   1.9400086e-01  -6.3633827e-01   2.2897966e+00   3.1349748e+00  -1.3557534e+00  -2.5868786e+00   1.5541376e+00   3.0513452e-01  -1.1404961e+00   2.0987402e+00   1.7561309e+00   1.3679441e+00  -1.6208467e-01  -4.6267023e-03
   6.5633990e+00  -1.5423364e+01  -9.8766526e+00  -2.9772454e+00   2.1794861e+01   1.3928095e+01   8.7402565e+00   2.0224944e+00   3.8237388e+00   7.7567913e-01  -9.5918311e-01  -5.4918405e-01   1.4682918e+00   3.7507559e+00  -1.7000735e+00  -1.4423211e-01   1.3479324e+00   1.3212362e-01  -3.8351323e+00  -9.5992541e-01   2.3864964e+00  -7.1927130e-01   3.6615100e-01   1.4887999e-01
   5.5021750e+00  -1.3398512e+01  -8.9771307e+00  -7.8144717e+00   1.8531976e+01   1.4634150e+01   6.5443306e+00   1.2700629e+00   2.9231161e+00  -7.1303918e-01   4.6660892e-01  -7.7018026e-01   1.4616026e+00   3.7004050e+00  -6.3797099e-01   3.8228913e-01   2.1960055e+00   1.2934094e+00  -1.7273242e+00  -5.3098528e-02   1.9154970e+00   2.3207839e-01   2.8181434e-01  -3.5415818e-01
   6.1766330e+00  -1.2667417e+01  -9.7841748e+00  -3.0888064e+00   2.0292020e+01   1.3672206e+01   4.9245199e+00  -6.4235909e-01   5.2152222e+00  -7.5854012e-01   4.0719782e-01  -5.6176866e-01  -1.1594148e+00   2.2293932e+00   9.9962814e-01  -7.4615075e-01  -1.7536374e+00   4.9055828e-01  -2.8980166e+00  -9.5280152e-01   9.8918359e-01   2.1703735e-02   5.0143163e-01  -1.4122046e-01
   6.5656862e+00  -1.2135021e+01  -9.6873414e+00  -5.7538785e+00   2.1048967e+01   1.5094297e+01   7.5685343e+00   1.4939627e+00   4.1853491e+00   8.0904532e-01  -6.6468088e-02  -1.1612832e+00  -1.1352851e-01   9.2850421e-01   2.3900294e+00  -3.0571002e-01   2.0665842e-01   7.3395070e-01  -1.8852276e+00   2.0321368e-01   1.6300237e+00   9.4436772e-01  -3.9169093e-01   2.1042587e-02
   4.2925212e+00  -1.2711020e+01  -8.0221051e+00  -5.1267681e+00   1.7905910e+01   1.4433859e+01   3.8811298e+00   4.8134221e-01   4.6763977e+00   4.7192489e-02   5.9502834e-02  -5.6546326e-01  -1.4262459e+00  -1.0070746e+00   3.8890902e+00  -2.9442718e+00  -1.2184710e+00   2.0458248e+00  -1.8648772e+00   2.5692512e+00  -1.6865059e+00   8.6431885e-01  -7.9856709e-01   2.0345640e-01
   6.2739382e+00  -1.1983954e+01  -6.2731214e+00  -7.2540559e+00   2.0035019e+01   1.5354249e+01   4.2381843e+00   1.0130328e+00   5.6375639e+00   3.0064609e-01   5.2920028e-02  -7.3676908e-01  -6.7437100e-01  -6.8782210e-01   3.9179028e+00   2.3077412e+00  -2.8788613e-01   2.1659218e+00  -2.2393061e+00   1.7732830e+00  -8.4278993e-01   1.5962228e+00  -1.4829952e+00   4.8173725e-01
   4.1831382e+00  -1.4253562e+01  -5.6576494e+00  -6.7551255e+00   1.8971288e+01   1.6610967e+01   3.7923791e+00   3.4519827e+00   1.9593560e+00   7.9213776e-01  -8.5034686e-01  -4.6884114e-01   3.1520555e-01   1.5259198e+00   2.2173013e+00   2.2796573e+00   5.3648574e-01  -1.6949523e+00  -5.9337854e-01   1.5930513e+00  -1.1226312e+00   1.3264152e+00  -7.3022582e-01   9.3796243e-02
   5.6088212e+00  -1.2395483e+01  -4.9927149e+00  -1.4780881e+00   2.0084449e+01   1.7254626e+01   4.2539505e+00   2.6685670e+00   4.2796851e+00   2.8309069e+00  -1.8360360e+00  -4.8698841e-01  -4.6283242e-01   3.4893331e+00   6.8939434e-01   3.8707293e+00  -1.3437862e+00  -5.0749948e+00  -1.6495296e+00   8.3910312e-01  -3.1071358e-01   9.5047091e-01   2.1026084e-01  -2.6364329e-02
   5.0978880e+00  -1.0216376e+01  -5.3363563e+00  -4.5952661e+00   1.8685923e+01   1.0941242e+01   2.9831789e+00   2.0431520e+00   3.6713903e+00   7.7168493e-01  -9.1357860e-02  -5.4965923e-01   2.7779270e-01   4.7292691e+00   2.4382968e+00   1.2304432e+00  -7.8762102e-01  -5.6062575e+00  -1.6125813e+00  -1.4276281e+00   4.1842744e+00  -6.6509847e-01   7.9414276e-01  -1.5331299e-01
   5.1223146e+00  -8.7685474e+00  -5.3996764e+00  -2.5278916e+00   1.8162022e+01   1.0576620e+01   2.1684899e+00   2.9761028e+00   4.3154763e+00   1.7365789e+00  -1.1183215e-02  -7.3590653e-01  -1.6768733e+00   2.6526190e+00   5.6063531e+00   6.5113745e-01  -3.0349797e+00  -3.3037370e+00  -2.2777107e+00  -3.7127647e+00   4.6396308e+00  -2.6002762e+00   1.0161830e+00   1.2183330e-01
   4.8430806e+00  -8.9731260e+00  -1.7967235e+00  -4.3845589e+00   1.8751070e+01   1.1540584e+01   2.4162374e+00   1.1567727e+00   8.2178720e+00   3.4165409e-01  -5.7155914e-01  -5.7435156e-01  -1.8355652e+00   1.4128128e+00   9.5560595e+00   4.0051187e+00  -5.9939539e-01   2.9238470e-01  -1.0103691e+00  -5.1658593e+00   4.9027022e+00  -2.8427152e-01  -6.4879434e-01   1.1745863e-01
   3.2209149e+00  -9.0381795e+00   1.6469983e+00  -6.0673549e-01   1.5499406e+01   1.1999349e+01   1.1208552e+00  -2.4573904e+00   8.9658905e+00  -8.5449190e-01  -7.1660915e-02  -2.9189229e-01  -1.7885776e+00   1.3996969e+00   7.0339718e+00   1.5425923e+00   2.1150268e-01  -3.2388614e+00   1.2395220e+00  -3.4846677e+00   8.2592431e-01   1.4047964e-01  -1.1484213e+00   3.2185779e-01
   3.2952401e+00  -7.9623407e+00   5.4743956e+00   4.5183394e-01   1.9118138e+01   1.0668454e+01   1.9914426e+00  -2.9888904e+00   8.7002366e+00   1.6408130e+00  -1.0343105e+00  -5.9547840e-01  -4.3257585e-02   2.5249860e+00   2.5197619e+00   1.7087348e+00   1.2773575e+00  -5.4408022e+00   5.0078212e+00   4.5613426e-01  -2.5244646e+00   2.5276640e+00  -2.0058841e+00  -9.6330612e-02
   3.2133684e+00  -7.1743946e+00   1.5157218e+00  -2.6321995e+00   1.8295741e+01   6.1543925e+00   4.2401703e+00  -1.7806716e-01   5.3131805e+00   1.2977189e+00  -1.5024395e+00  -2.4255642e-01   7.9349819e-01   1.6987609e+00  -2.8096936e-01  -2.3279650e+00   3.0855305e+00  -3.7718166e+00   4.8213275e+00   3.7077168e+00  -3.1222810e+00   1.9109157e+00  -2.1367492e+00  -4.5503432e-01
   4.7819675e+00  -6.1175395e+00   2.0485576e+00  -8.0872472e-01   1.9268938e+01   6.3018588e+00   8.3683117e+00   7.0131247e-01   6.2575300e+00   3.0570447e+00  -2.8649960e+00  -7.4351542e-01   4.9778211e-01   6.8803355e-01   1.0927901e+00  -3.1101612e+00   1.3511559e-01   1.8081329e+00   1.4593116e+00   2.6003573e+00  -2.4565911e+00  -4.7960017e-01  -7.0636192e-01  -4.1585251e-01
   3.6677986e+00  -7.4124387e+00   2.9384633e+00  -3.4684036e+00   2.0052302e+01   8.5249221e+00   5.1644119e+00   1.2590834e+00   5.5038223e+00   1.3037659e+00  -2.3614419e+00  -9.0042527e-01  -5.4284592e-01   5.0804648e-01   4.8972244e+00  -2.8657076e+00  -1.2210836e-02   5.9740672e+00  -2.3984184e+00  -5.0575551e-01  -3.1040334e-01  -1.3441111e+00   1.3036833e-01  -1.7208028e-01
   3.8146982e+00  -6.8112683e+00   6.4022100e+00  -3.7953058e+00   1.8442531e+01   1.2195389e+01   3.7182893e+00   1.9307019e-01   4.9200291e+00   9.1838927e-01  -1.6643522e+00  -8.9032274e-01  -1.3976371e+00   1.9566493e+00   3.1957861e+00  -3.7096577e+00  -1.2800274e+00   1.8813646e+00  -1.8970490e+00  -1.6340454e+00  -8.3354316e-01  -2.3744532e+00   1.5093699e+00   4.3891793e-01
   2.8827341e+00  -6.0654605e+00   6.6847321e+00  -5.4374703e+00   1.8690629e+01   1.2168728e+01   2.9675540e+00  -6.8257928e-01   5.5163260e+00   3.5087996e-01  -1.9072089e+00  -4.2727318e-01  -7.8794591e-01   2.8021199e+00   3.2184722e+00  -1.2264786e+00  -2.8624199e+00  -2.5204641e-01   3.4742292e+00  -1.6759776e+00  -2.6240536e-01  -8.3210199e-01   7.4164364e-01   5.1291344e-01
   3.0780440e+00  -3.8560547e+00   4.9691024e+00  -5.3886778e+00   1.8029734e+01   7.3020027e+00   6.6211672e+00  -7.7892425e-01   5.0009634e+00  -2.8192148e-02  -8.2805768e-01  -3.2171457e-01  -8.1542855e-01   1.3762117e+00   1.8321613e+00  -1.1954949e+00  -2.9522458e+00  -2.4935594e+00   4.3997751e+00  -3.6256513e-01  -5.3946822e-01   1.8516848e-01  -3.9978236e-01   2.3129430e-01
   2.8542068e+00  -4.6868657e+00   8.4827254e+00  -4.5114355e+00   1.5965071e+01   1.0593546e+01   8.9243168e+00  -7.6888580e-01   5.0697471e+00   5.2890360e-01  -1.6671237e+00  -4.1535920e-01  -7.3182554e-01   1.0395936e-01   3.2265749e+00   2.1103129e+00   1.2310128e-01  -8.2727862e-01   5.6362622e+00   2.3389990e+00  -1.0135616e+00   7.4919903e-01  -7.0914317e-01  -6.4497313e-01
   2.6058191e+00  -5.4362482e+00   8.2514553e+00  -6.0515655e+00   1.5376942e+01   9.2426412e+00   7.3395706e+00  -3.0762425e-01   4.3341162e+00   1.1071302e+00  -2.3840683e+00  -5.4933828e-01  -2.4620686e+00   3.8686613e-01   3.2631071e+00   1.0892252e-01   1.4735525e-01   2.3228249e+00   5.1250982e+00   1.3661874e+00  -1.4900863e+00   3.1179874e-01  -1.1070738e+00  -7.5735692e-01
   2.0211083e+00  -5.1194247e+00   9.8834180e+00  -1.9405571e+00   2.0201677e+01   9.9574910e+00   1.1062746e+01   2.5902693e+00   4.3294073e+00   9.0701734e-01  -2.1929183e+00  -1.2809210e+00  -2.6024339e+00   4.3524111e+00   2.1478113e-01  -2.1698027e+00   2.1534242e+00   1.2266473e+00   3.2896316e+00  -1.2170468e+00  -2.1749064e+00   1.2703802e+00  -2.6783539e-02  -2.5576665e-01
  -1.9850969e-01  -3.0594760e+00   9.1634167e+00  -6.5107332e+00   1.6132464e+01   1.1104267e+01   1.3239600e+01  -4.0922075e-01   3.1360039e+00   2.5044909e-01  -2.2257711e+00  -1.0249690e+00  -3.1280037e+00   6.3989380e+00   3.9940453e-01   8.1361418e-01   2.8895298e+00   1.1345313e+00  -8.4773197e-01  -2.8676019e+00  -2.6120425e-02   2.7452722e-01   1.7034370e+00   1.2640959e-01
   3.5272035e-01   6.5336486e-01   8.3489164e+00  -7.5365557e+00   1.8817446e+01   1.1502704e+01   1.0908749e+01  -2.5436578e+00   2.4064436e+00   2.8628145e+00  -1.7864476e+00  -5.6119379e-01  -2.5215630e+00   4.1495242e+00   1.5969317e-01   3.8253780e+00   3.3162106e+00  -4.4424864e-01  -6.6501162e+00  -2.0470123e+00   1.2309943e+00  -1.0904741e+00   2.4153835e+00   5.0328918e-01
  -1.2519925e+00   1.2757639e+00   9.6178129e+00  -2.0331449e+00   2.0403352e+01   1.0171832e+01   6.1449707e+00  -2.0420636e+00   5.2564174e+00   5.4102243e-01  -3.2148139e-02  -7.1958751e-01  -9.6528415e-01   1.2309639e+00   2.2258229e+00   8.5688822e+00   3.3606561e+00  -2.6870499e+00  -8.4163989e+00  -3.3283004e-01   1.8766551e+00  -5.8495111e-01   1.6600088e+00   1.9778940e-01
  -1.2344948e+00  -1.0627584e+00   9.8957597e+00   1.5587157e+00   2.3040549e+01   9.7573357e+00   4.6348859e+00   3.3617230e-01   5.1156920e+00  -8.7398048e-01   3.3334543e-01  -6.7867803e-01  -9.8815334e-01  -6.8588966e-01   6.1511446e+00   6.7063392e+00  -1.2831941e+00  -1.6469499e-01  -3.4329944e+00  -5.7331319e-01  -5.1649834e-01  -1.7454224e+00   1.4283188e+00  -4.1461308e-02
  -8.5282836e-01  -3.5496850e-01   1.1728729e+01   1.7949543e+00   1.9061897e+01   7.9463764e+00   3.7519335e+00  -2.3483809e+00   4.5963623e+00   1.2414199e+00  -7.9565441e-01  -6.6954283e-01   1.1747132e+00   8.7736369e-01   6.4274062e+00   1.2791794e+00  -4.5371162e+00  -1.3013175e+00   1.5610921e+00   3.5048902e-01  -1.9233273e+00   1.4279356e+00  -7.5851396e-02   1.4422019e-01
  -1.3290917e+00   4.3989658e-01   1.6520175e+01   6.0890355e-01   1.7563382e+01   1.2368389e+01   6.9557765e+00  -3.2504690e+00   1.9617236e+00  -1.0551780e-01   7.3778367e-01  -6.4840809e-01   3.5904643e-01   2.2142751e+00   3.5291266e+00  -2.2595134e+00  -4.8222693e+00  -7.9185292e-01   5.2891503e+00  -2.6483330e+00  -5.7952470e-01   2.7358766e+00  -2.7271581e-01   5.4562562e-01
   5.5737575e-01   1.8404820e+00   1.5946715e+01   3.6053025e-01   1.6336261e+01   6.9143291e+00   7.3261636e+00   2.7699056e-01   3.9484107e+00   2.2986945e+00  -3.4814435e-01  -5.1839219e-01  -3.1919466e-01   2.8539822e+00  -1.0625658e+00  -3.3216699e+00  -1.1263923e+00   7.4793426e-01   5.8000255e+00  -1.5804471e+00   6.0968539e-01   5.3408400e-01   1.0061504e-01   5.8620344e-01
  -1.4010272e+00   1.1609290e+00   1.3080457e+01  -1.1133423e+00   1.7169963e+01   9.0855800e+00   1.0781496e+01  -4.9490129e+00   4.5703808e+00   2.7011972e+00  -2.9948331e-01   6.4185079e-02  -1.8886043e+00   1.3881361e+00  -3.8916434e+00  -2.2135137e+00   2.6541948e+00  -2.7574250e+00   2.3463940e+00  -7.6585140e-01   7.6384564e-01   3.2643851e-01  -7.4925760e-01   6.4476977e-01
  -1.2956526e+00   3.5654886e+00   1.1854740e+01  -2.3264275e+00   1.7569018e+01   1.0709682e+01   1.0539112e+01  -3.8697796e+00   4.2065618e+00   6.3918839e-01  -1.2609835e-01  -1.4653426e-01  -2.2424097e+00   1.4028667e+00  -3.4518199e+00  -1.4751847e+00   4.1715833e+00  -9.5229102e-01  -1.2954079e+00   2.1400135e-01   3.1583111e-01  -1.8981889e+00  -5.0706666e-01   6.9158345e-01
  -3.2354840e+00   1.6595975e+00   1.2728697e+01  -1.3678881e+00   2.0928296e+01   6.3345748e+00   8.8688933e+00  -2.3258610e+00   2.9784165e+00   1.2138930e+00  -4.9712573e-01   1.3281760e-01  -4.8575379e-01   1.5395297e+00  -1.2243577e+00   3.8696445e-02   1.2798948e+00   1.2567525e-01  -6.8664772e+00   4.6005276e+00   6.5970230e-01  -3.1386142e+00   4.6416702e-02   2.5562059e-01
  -1.8890105e+00   3.6954478e+00   1.0944865e+01  -1.7249739e+00   2.0714469e+01   6.8613952e+00   6.3393532e+00  -7.1358334e-01   5.2181395e+00   1.9506320e-01  -1.0099231e+00   4.8466672e-01   5.1845173e-02  -2.9724485e-01   7.6172380e-01   9.3170276e-01  -1.2464628e+00  -1.3233078e+00  -7.0266639e+00   2.7986987e+00   2.0112028e+00  -1.0894475e+00  -2.5808729e-01   8.3812820e-03
  -1.8329789e+00   3.4052438e+00   1.1698858e+01  -1.3560245e+00   1.7517079e+01   1.1198236e+01   2.5816599e+00   3.7368037e-01   5.0541454e+00  -1.7846615e+00   2.1205413e-01   1.3201548e-01   5.9316422e-01  -3.0474273e-01  -1.4119011e-01  -5.7392089e-01  -5.5479931e+00  -3.6168307e-02  -2.3467460e+00   1.1838723e+00   2.4882790e+00  -5.7423831e-01   3.2563615e-01  -2.5268258e-01
  -1.9191374e+00   2.2467981e+00   1.3512245e+01  -9.3480520e-01   1.7404932e+01   6.2928897e+00   3.1427327e+00  -1.0215023e+00   6.1855016e+00   5.0429431e-01  -8.6781922e-01  -1.3356128e-01  -6.1790252e-03  -5.0996676e-01   2.8347869e-01  -3.9899095e+00  -7.8463777e+00  -4.1603910e+00   1.9511020e+00  -7.2775628e-01  -1.3849659e-02   1.9871312e-01   8.8300214e-01   7.4935991e-02
