  -5.5670378e+00   1.9114503e+00   6.9922273e-01   6.3844219e+00   6.9433694e+00  -1.9378575e+00   5.0490209e+00   2.5730403e+00   5.6490188e-01   3.5156305e-01  -8.5116430e-01   3.9077215e-01   2.2913417e-01   1.8685625e+00   1.6080501e+00  -6.7935649e-02  -9.8493097e-01   3.6403671e-01   1.4783864e-01  -2.0155039e+00   1.4054510e+00   1.3105815e+00   7.9829474e-01   2.0799461e-01
  -5.5325218e+00   3.2978468e+00   1.3687030e+00   6.3645424e+00   5.0313229e+00  -3.0691601e+00  -6.1014646e-01  -3.3830331e-01  -7.2070523e-02   1.2003618e+00   2.2003874e-01   3.0290407e-01   6.3479400e-01   3.8434411e-02   2.9448862e-01  -1.3469950e-01  -8.9629172e-02   3.5408930e+00  -2.9385118e+00  -4.7522803e-01   3.6081818e+00   2.2446455e+00   1.3359875e+00   4.9613271e-02
  -4.8031928e+00   4.4915479e+00   1.0673126e+00   3.2210019e+00   3.1527268e-02   1.5343921e-01   2.7334877e+00  -9.4480298e-02   9.0938608e-01   1.7426521e+00   9.8712430e-01   1.0276717e-01   1.0511450e+00  -1.6178947e+00   7.7952831e-02   1.3015002e+00   2.0190291e+00   3.5958695e+00  -6.4929850e+00   2.0916800e+00   6.9266514e+00   2.1056843e+00   9.6380590e-01  -1.9572260e-01
  -4.4268001e+00   1.2921386e+00   2.9891257e-01   5.8685578e+00   7.1172020e+00   1.4558013e+00  -1.1008924e+00   4.4019747e+00   6.3792200e+00   2.4567555e+00   3.3457054e-01   1.9521018e-01   1.2249099e+00  -2.8021743e+00  -1.3838574e-01   1.4397848e+00   1.9083041e+00   3.8506031e+00  -3.4186692e+00   5.6391788e+00   5.5128785e+00  -8.3660040e-01  -3.6337863e-01  -8.5199559e-02
  -4.5431812e+00   4.8746237e-01   1.3510472e+00   8.5846645e+00   8.9289735e+00   1.1934660e+00  -4.4450835e+00   3.3404213e+00   7.7292338e+00   2.8818927e+00   5.3727864e-01   1.5103520e-01   3.7264104e-01  -3.6148949e+00  -1.4776778e+00   6.8441761e-03   6.7402476e-01  -1.3516236e+00  -4.4252065e+00   4.8249875e+00   1.8824731e+00  -2.6830194e+00  -1.1976040e+00  -1.2569625e-01
  -3.8251628e+00   1.0966282e+00   1.0192571e+00   5.8423882e+00   3.4450560e+00   2.1867311e+00  -2.1488646e+00   6.4030141e+00   4.7873234e+00  -6.2415902e-01  -1.0010638e-01   1.5097072e-01  -1.3703997e+00  -1.7238748e+00  -2.8253371e+00  -1.9877414e+00  -5.1724268e+00  -5.9812394e+00   4.1967199e+00   1.4147704e-01  -4.3302072e+00  -4.2423368e+00   6.7955723e-02  -2.4601719e-01
  -4.5450499e+00  -8.3303924e-01  -1.5093763e+00   3.2443529e+00   2.8786374e+00  -2.2394612e+00  -3.3803360e+00   6.1424812e+00   4.5290440e+00  -7.4141962e-01  -5.9194317e-01  -6.3657469e-02  -2.9024488e+00  -3.3449735e+00  -1.2931201e+00   1.4647555e+00  -2.3393419e+00  -1.1312982e+01   7.2612147e+00   9.2289895e-01  -4.2618540e+00  -3.2242459e+00   1.3743366e+00  -6.6716219e-02
  -6.4814652e+00  -6.3342286e-01  -2.5088813e+00   5.5571015e+00   2.3837298e+00  -5.7995941e+00   4.6618136e+00   3.2131603e+00   1.4840040e+00  -2.0950935e+00   1.0011150e+00  -6.6469277e-02  -1.4799596e+00  -2.4212368e+00  -8.7455889e-01   2.7685275e+00   1.1999328e+00  -1.0389499e+01   8.1914180e+00   1.3080931e+00  -9.3970179e-01  -4.3619576e-01   2.0952229e+00   1.5997057e-01
  -7.5687033e+00  -3.6649723e+00   1.1754363e+00   1.0924441e+01   5.9506236e+00  -1.1782845e+01   3.0413994e+00   6.3196966e+00   2.9881125e+00  -1.2190089e+00   2.0481728e+00   1.5968087e-01   1.0803615e+00   2.1030969e+00  -1.2427097e+00  -9.3035450e-02   4.4802750e-01  -1.4303525e+00   7.4438950e+00   3.0576050e-01   1.5952274e+00   1.1340554e+00   1.1325118e+00   4.9933875e-01
  -4.5332754e+00  -1.1192606e+00  -1.6349876e+00   6.1551355e+00   3.7089620e+00  -8.6258260e+00   6.9273948e+00   8.2765461e+00   4.1482364e+00  -1.0396580e+00   1.7226700e+00   2.7925741e-01   2.1909672e+00   2.7131039e+00  -2.4330025e+00  -5.1129088e+00   1.0538993e-01   6.1535524e+00   1.0614959e-01   1.8926074e+00   2.3482960e+00   1.9454764e+00   2.6111225e-01   8.5175817e-01
  -3.8986025e+00   2.5645250e+00  -3.8103878e+00   2.8057827e+00   2.8880626e+00  -2.9718741e+00   6.6527159e+00   4.0694290e+00   5.5897689e+00   4.3194573e-01   7.4604707e-01   5.1248731e-01   2.4862229e+00   4.2556477e+00  -4.4146489e-03  -6.4520385e+00  -2.8058829e+00   1.1498275e+01   2.4372947e+00  -7.1787037e-01   5.0594505e-01   1.8054807e+00  -1.0698915e+00   7.4477103e-01
  -5.0300649e+00   3.2148432e-01  -3.6654729e+00   1.9470675e+00   4.0730952e+00  -9.7475097e-01   3.0153798e+00   7.1772052e+00   3.7056198e+00  -2.3562399e-03   2.0438463e+00   1.0347648e+00   1.9559653e+00   2.5565704e+00   4.4890351e+00  -2.2216107e+00  -3.0834294e+00   1.0582658e+01   2.9182070e+00  -8.4681588e-01  -2.5808161e-01   1.6296709e+00  -1.8903606e+00   5.2838785e-01
  -3.5909742e+00   1.9981267e+00   2.1840570e+00   3.3504173e+00   1.5597327e+00   1.6390305e+00   8.6533490e+00   5.7925615e+00   3.9683384e+00   9.7056130e-01   2.8274740e-01   8.9908375e-01   1.2717717e+00  -8.0757484e-01   5.5777949e+00  -2.4830510e-01  -4.8267437e-01   6.9384686e+00   2.9249837e+00  -1.6973725e+00  -7.1099532e-01   1.5446565e+00  -1.5810718e+00  -4.1154933e-01
  -1.7531417e+00   2.9987943e+00   2.1013426e+00   2.5504021e+00  -2.5201722e-01   4.9427082e+00   1.0304389e+01   6.1447561e+00   4.5718292e+00   1.1355406e+00  -8.8122108e-01   8.7854097e-01   8.1705635e-01  -1.5954373e+00   2.9760006e+00  -4.6819044e-01   1.8964329e+00   4.6453209e+00   1.9229201e+00  -5.2576158e+00   2.4058750e+00   3.3621892e+00  -9.6155408e-01  -1.0471333e+00
  -3.6294065e+00   1.4507792e-02   1.6728968e+00   2.1316578e+00   4.3266072e+00   4.4770992e+00   7.3956871e+00   2.0395948e+00   4.0901711e+00   2.1799820e+00  -1.6302696e-01  -2.6724796e-02   1.7283500e+00  -1.4687024e-01  -3.8211993e+00  -7.2106941e+00   3.9509991e+00   3.2011696e+00  -3.5408012e+00  -4.1842728e+00   2.9601011e+00   2.5040683e+00   1.8880666e+00  -9.3532729e-01
  -3.7852642e+00  -1.0798622e+00   1.0541082e+00   1.8541616e+00   5.5343073e+00   4.5741960e+00   6.5285909e+00   1.1672648e+00   7.2535159e+00   4.4362172e+00   8.2440234e-01  -7.3030935e-02   3.6031266e+00   2.3367193e+00  -4.4580053e+00  -9.7547001e+00   1.8965452e+00   3.8701974e+00  -1.1806412e+00  -8.9453087e-01   8.7153359e-01   1.8897411e+00   2.7355366e+00  -5.0553588e-01
   1.7612109e-02   3.8171496e+00  -3.0241247e+00  -7.1175037e+00   4.5930691e+00   6.6250409e+00   5.2300460e+00   2.0048980e+00   7.0676467e+00   3.0763254e+00   2.2620355e+00  -2.8121238e-02   5.0864408e+00   5.4080572e+00  -3.0498436e+00  -7.5992879e+00  -2.9813428e-02   5.4248550e+00   8.1865434e-01   5.3390705e+00  -1.4675344e+00  -4.2118440e-01   1.8849006e+00   6.5472019e-01
   1.8280389e+00   4.6025524e+00  -2.2371546e+00  -7.4570673e+00   2.4595697e+00   9.6740335e+00   9.6162474e+00   4.8203081e+00   4.3903918e+00   3.5219806e+00   2.0095527e+00   1.2093538e-01   3.3674353e+00   6.0893139e+00  -5.8305311e-01  -3.8633129e+00   5.3544329e-02   4.9859985e+00   4.0382658e-01   6.1549900e+00  -5.0465207e-01  -2.7645846e+00   6.0108743e-01   4.3338549e-01
   1.1936031e+00   5.2853863e+00  -1.2562372e+00  -4.6116596e+00   5.8192559e+00   1.0064463e+01   7.0798403e+00   8.2216789e+00   3.3204316e+00   2.0053237e+00   2.0717488e+00   8.5837232e-01   3.2974865e-01   2.8230611e+00   2.1782283e+00   1.3219438e+00   1.8940707e-02   1.3958420e+00   6.8852112e-01   6.4838126e+00   3.8619953e+00  -1.7640742e+00  -3.8321462e-01  -2.2674558e-01
   6.7789324e-01   7.3199903e+00  -7.0441527e-01  -5.1937298e+00   5.0015304e+00   1.0333483e+01   6.2094336e+00   7.2913593e+00   8.3701453e+00   8.2484121e-01   1.8211768e+00   1.3380052e-01   4.7088747e-01   1.5398087e+00   6.3288945e-01   3.1074701e+00  -4.1419238e-01  -3.1483105e-01   1.6139440e-01   2.1158564e+00   4.7097723e+00  -1.3632545e+00  -6.4916695e-01  -7.0443266e-01
   1.0873079e+00   6.6930222e+00  -5.2315188e-01  -6.2662566e+00   3.3504998e+00   8.3890792e+00   7.9662346e+00   1.0495091e+01   1.0870763e+01   1.7787838e+00   1.7814015e+00  -3.7467217e-01   1.0214857e+00   1.4093027e-01   2.3835252e-01   2.9509849e+00  -4.1952644e-01   1.5438624e+00   4.1060133e+00  -1.9175139e+00   8.7225193e-01   9.9464217e-01  -4.3103195e-01  -8.9163667e-01
   2.5875177e+00   6.2084475e+00  -1.6543631e+00  -1.9685635e+00   3.0726592e+00   1.0039479e+01   9.4151418e+00   6.8573864e+00   7.6798846e+00   1.5903688e+00   1.1809759e+00  -3.1919136e-01   4.5172703e-01   1.9487852e-01   3.9351704e-02  -3.5148778e+00  -5.7325305e-01   4.5220696e+00   4.7442529e+00  -2.5569178e+00  -3.0598612e+00   1.2373347e+00   6.5814051e-01  -3.2218584e-01
   1.7710194e+00   6.0525531e+00  -4.2373447e-01  -1.7977654e+00   6.1544018e+00   1.2527259e+01   1.1636006e+01   5.5623945e+00   4.9739399e+00   3.1145232e+00   1.7453014e+00  -2.5258673e-01   5.3926493e-02   1.1896797e+00  -1.4166593e+00  -7.7058993e+00   3.5814244e-01   5.5480953e+00   2.5077644e+00  -1.0642298e+00  -2.3076085e+00  -2.7115193e-01   1.9636714e+00   2.4488408e-01
   1.0136280e+00   7.9325426e+00  -6.9509641e-01  -1.2700292e+01   2.7396998e+00   1.5047498e+01   1.1490927e+01   5.9223310e+00   6.7287651e+00   2.0129736e+00   2.8264377e+00  -4.1052096e-01   3.4690252e-01   1.1672116e+00  -1.0401496e+00  -7.0402078e+00   1.0904955e+00   2.2980810e+00   4.5980852e-01   3.0212520e+00  -2.3460072e-01  -9.4451265e-01   1.9364021e+00   4.1113253e-01
   1.9551425e+00   7.6154942e+00  -3.1277742e+00  -1.2459241e+01   4.0541932e+00   1.4207213e+01   1.0689988e+01   9.3662744e+00   7.8849099e+00   1.1607535e+00   3.9041776e+00   3.8318755e-02   1.0894976e+00   1.8667282e+00  -3.8062235e-01  -6.7221331e+00   1.4271232e+00  -7.5132363e-01  -1.3910439e+00   2.8044642e+00  -5.5815296e-01  -8.8855365e-01   4.9464017e-01   7.5788734e-02
   3.0158100e+00   7.1777943e+00  -1.8625676e+00  -7.1981373e+00   5.7585068e+00   1.2646623e+01   1.0577863e+01   9.4873245e+00   5.8724985e+00   1.1504846e+00   3.0061409e+00   1.5205469e-01   2.1149072e+00   5.1165226e-01   2.0932450e-01  -3.8767255e+00   3.4042459e+00  -1.3449928e+00  -2.1041420e+00   2.7752707e-01  -1.2882623e+00   1.6928579e+00  -1.0390551e+00  -1.2301682e-02
   2.4041748e+00   9.2300196e+00  -4.1093239e-01  -1.4632042e+01   6.7856832e+00   1.2600710e+01   1.0005972e+01   7.9865941e+00   4.5648437e+00   2.2129372e+00   2.3974100e+00  -4.2019146e-01   2.5503114e+00   4.6396335e-01  -1.6661983e-01  -1.4912998e+00   1.2790805e+00  -7.5934443e-01  -1.7613507e+00  -2.9278006e+00  -1.0036583e+00   2.4835645e+00  -1.5928914e+00  -4.3090881e-01
   3.9614727e+00   7.8927583e+00  -1.7395306e+00  -1.7428980e+01   6.4803237e+00   1.3833260e+01   8.6767223e+00   7.0284618e+00   6.4564048e+00   4.0261687e+00   2.0212388e+00  -1.9971838e-01   9.1033900e-01  -9.0472431e-01   4.0901479e-01  -4.0297219e-01   1.9250233e+00   1.4707400e+00  -3.2439378e-01  -5.2237772e+00  -1.2698719e-01   2.1204059e+00  -9.1111036e-01  -5.3665169e-01
   5.3077782e+00   7.9539572e+00  -3.4392224e+00  -9.5807698e+00   5.6119054e+00   1.2474878e+01   8.9985331e+00   6.2040049e+00   6.0874693e+00   3.4482582e+00   2.0072915e+00  -4.3215793e-01   1.3226072e-01  -1.1567789e+00   6.0781251e-01   1.0341655e+00  -7.4860617e-01   2.6507707e+00  -1.5765128e-01  -3.7159413e+00   1.8507471e+00  -1.8110392e-02  -9.8432222e-01  -6.1000707e-02
   2.9295168e+00   6.4587390e+00   2.6509959e-01  -1.0328232e+01   9.2329306e+00   1.4915649e+01   1.0594992e+01   2.5429534e+00   4.9207049e+00   3.7134330e+00   1.8345346e+00  -6.4693960e-01  -4.2123624e-01   2.0395476e-01   8.0061677e-01   7.1867688e-01  -3.5558210e+00   1.7829677e+00   1.2493745e-01  -7.8232153e-01   1.8796357e+00  -9.2218359e-01  -2.4660467e-01   1.8768787e-01
   3.1185439e+00   8.2118609e+00  -5.0152870e-01  -1.6631168e+01   4.2864705e+00   1.6035672e+01   8.8103602e+00   4.6554363e+00   8.1088143e+00   2.3421395e+00   1.0142788e+00  -2.8808191e-01  -3.6922879e-01   2.6847278e-01  -1.3271516e+00  -5.1135256e-01  -8.8851051e-01   2.1244613e+00   1.6118867e+00   1.2396309e-01   1.0822203e+00   3.3509561e-02   2.0758607e-01   4.1005191e-01
   4.4242355e+00   8.0697386e+00  -2.0074523e+00  -1.2825765e+01   1.8093096e+00   1.4727314e+01   8.9582149e+00   6.6292638e+00   8.2651858e+00   3.1959527e+00   2.1478382e+00   9.7754151e-03   2.0012192e-01   2.4224848e+00  -5.0238114e+00   1.0765648e+00  -1.5155867e+00  -4.6939750e-01   2.8807630e+00   4.3939493e-01   1.2250061e-01  -6.6426943e-01   5.1443618e-01   4.0159208e-01
   4.0065757e+00   7.5511666e+00  -4.2936739e+00  -9.0990319e+00   7.9909502e+00   1.5755737e+01   1.2234752e+01   4.3467943e+00   6.0385594e+00   3.7572627e+00   2.1620188e+00  -1.4543757e-01   2.2556175e-01   2.4876410e+00  -4.9896544e+00   1.6545886e+00   2.5426599e-01  -1.8767399e+00   2.9221842e+00  -1.2350181e+00  -4.0418163e-01   2.1002665e-01   7.6072439e-01   2.0281520e-02
   2.7856837e+00   1.0422813e+01  -5.3745450e+00  -1.2479453e+01   5.1073107e+00   1.4351520e+01   1.3203941e+01   3.3563668e+00   6.1395833e+00   2.0094672e+00   2.0323188e+00  -1.1587365e-01   6.9718597e-01   1.2146277e+00  -3.7727683e+00  -9.0709077e-01   1.1834849e+00  -1.4648938e+00   5.2735305e-01  -1.2419960e+00   2.4336854e-01   1.0677089e+00  -1.7444615e-01  -2.2848850e-01
   4.2761624e+00   1.0766785e+01  -6.3024639e+00  -1.4322441e+01   3.0188689e+00   1.3408459e+01   1.1070773e+01   4.4393576e+00   8.5653431e+00   3.2504222e+00   2.2131250e+00  -1.9483509e-01  -9.6145063e-02   2.9627019e-01  -9.2533227e-01  -1.9454464e+00   3.9707168e+00  -1.9076434e+00  -2.4035428e+00  -4.5301981e-01  -5.9683583e-01  -1.3543445e-01   1.2959532e-01  -1.0827009e-02
   5.3352211e+00   8.2838711e+00  -6.6622098e+00  -1.1574697e+01   6.0705775e+00   1.3703613e+01   1.0331234e+01   4.7199881e+00   7.3668467e+00   5.0509363e+00   1.8606159e+00  -3.0825858e-01  -6.1149193e-01  -9.0804134e-01   6.1394548e-01  -2.9283161e+00   5.0751967e+00  -2.1023519e+00  -1.8863372e+00   8.7385147e-01  -1.0380861e+00  -4.4244263e-01   1.1474378e+00   6.7247085e-03
   2.5875894e+00   9.0650431e+00  -5.0378399e+00  -1.2469580e+01   1.3465392e+01   1.3218226e+01   1.0065791e+01   2.9854539e+00   4.5296739e+00   2.0333765e+00   2.4422633e+00  -6.5485623e-02  -1.7662673e-01  -7.0121792e-01   5.0848590e-01  -1.7606299e+00   1.5473250e+00  -2.5233792e+00  -5.2617682e-01   6.9172665e-01  -1.3626273e+00  -2.0649856e-02   1.2969878e+00  -1.1524231e-01
   2.7127324e+00   9.9116224e+00  -5.0859387e+00  -1.7798358e+01   7.4968443e+00   1.1293109e+01   1.0876926e+01   5.3940958e+00   6.6002887e+00   1.9543261e+00   3.6389064e+00  -1.7046133e-01   3.7056420e-01  -3.0961168e-01  -2.9874280e-03  -3.8693648e-01  -1.8259380e+00   1.5764010e+00   5.2680210e-01  -2.3823340e-01  -9.6100789e-03   2.8417859e-01   7.6512899e-01  -3.2010016e-01
   5.3224667e+00   8.9010824e+00  -6.3278706e+00  -1.3851556e+01   4.6267230e+00   1.0828642e+01   1.0008662e+01   5.1398937e+00   6.9046812e+00   4.7677525e+00   3.2694614e+00  -4.3659718e-01   1.2641732e+00  -9.2155573e-01   1.5576341e-01   1.6418021e+00  -8.1405647e+00   2.2282171e+00   7.5945508e-01  -1.7880926e-01   1.5157816e+00   2.9769127e-01  -2.0249246e-01  -2.5854888e-01
   4.5236288e+00   7.9014339e+00  -6.0216756e+00  -1.1464113e+01   7.7510049e+00   1.7263006e+01   1.1150002e+01   3.2854181e+00   6.1649280e+00   4.1100162e+00   2.5947103e+00  -6.0285304e-01   1.4351672e+00  -1.7449159e+00   9.1139832e-01   2.3620170e+00  -5.4974839e+00   1.1996491e+00   1.1486512e-01  -2.5014109e-01   9.2331263e-02  -2.8078060e-01  -4.5665249e-01   1.7549453e-01
   3.5784010e+00   8.6878038e+00  -4.3363264e+00  -1.3173999e+01   1.1274646e+00   1.3575603e+01   1.1068436e+01   3.7715789e+00   7.0210267e+00   1.4020683e+00   2.6606227e+00  -2.3711308e-01   1.1320976e+00  -1.0178443e+00  -2.9380184e-01   6.8668330e-01  -3.1491761e+00   7.2419671e-01   3.4201195e-01   5.7741763e-01  -7.6120896e-01  -6.5743621e-02  -3.1352753e-01   2.9672819e-01
   5.7375159e+00   7.4008878e+00  -4.7146133e+00  -1.4594111e+01   1.0002477e+00   1.1719102e+01   1.0519337e+01   5.7030416e+00   6.6806128e+00   3.2159973e+00   3.2583470e+00  -6.9615798e-03  -4.6581637e-01   5.6164632e-01  -9.5485551e-01   5.7735183e-01   7.3060901e-01  -1.8908188e+00  -1.2675179e-01   8.0926751e-01  -3.2258638e+00   8.4501193e-01  -1.6941421e-01   2.2469314e-01
   6.4136696e+00   7.6245890e+00  -7.4221045e+00  -1.1256532e+01   3.2783375e+00   1.4686889e+01   1.0837012e+01   4.7972084e+00   5.5050253e+00   5.1161465e+00   2.4673518e+00  -2.8945062e-01  -1.3019926e+00   1.0680577e+00  -1.6672227e+00  -8.7141652e-01   4.4740306e+00  -9.9494644e-01   4.5930402e-01   1.0671476e+00  -3.4819434e+00   2.8851403e+00  -3.0938045e-01  -3.4956133e-02
   2.4072699e+00   9.2755107e+00  -5.9110698e+00  -1.1556819e+01   7.7714820e+00   1.3871135e+01   1.1075586e+01   3.9865046e+00   2.0841330e+00   3.5204950e+00   2.4372244e+00  -2.3964456e-01  -4.1972284e-01   1.7639715e+00  -2.3055960e+00  -5.4311458e-02   2.5801567e+00  -2.4155547e+00   8.1638577e-01  -4.2749875e-01  -1.5319390e+00   1.8980909e+00  -4.5338160e-01  -1.8632554e-02
   3.2905351e+00   9.3525789e+00  -6.2389322e+00  -1.5999769e+01   4.4528933e+00   1.1007167e+01   1.1479268e+01   6.2305688e+00   4.0963515e+00   5.5775300e+00   2.6071133e+00  -1.7320579e-01   2.3839598e-01   3.8614712e-01  -2.8060186e-01  -6.5012781e-01   1.0953899e+00  -6.6061864e-01   1.7192936e+00  -9.9464574e-01  -1.9296186e+00   9.2143276e-01  -4.0025574e-01   1.6424777e-01
   6.6694989e+00   9.1828501e+00  -8.7645935e+00  -1.2303959e+01   4.2832048e+00   9.9356312e+00   1.1422788e+01   4.3451133e+00   5.0870413e+00   5.8324419e+00   2.5083939e+00  -9.3032824e-02   1.6617208e+00   3.3348803e-01  -9.6384764e-03  -1.4991893e+00  -2.8215740e+00   1.9943504e+00   4.4960073e-01  -1.5611908e+00   3.0951057e-02   1.3836056e+00  -7.9249317e-01  -1.2915309e-02
   4.6401491e+00   8.2501400e+00  -6.4162454e+00  -1.1858154e+01   6.6655610e+00   1.5663713e+01   1.3242352e+01   3.1259355e+00   1.1091433e+00   5.3423222e+00   1.8313834e+00  -1.1638483e-01   1.3458578e+00   8.8347628e-01   1.0321784e+00  -1.3909066e+00  -1.6828331e+00   3.8363306e+00  -2.4777818e+00  -2.1472488e+00   4.1432758e-01  -9.7989477e-03  -3.2250606e-01  -1.9150809e-01
   4.2250441e+00   1.0326962e+01  -5.8368709e+00  -1.5876411e+01   2.4327872e+00   1.4534387e+01   1.0868445e+01   3.1970351e+00   3.6241636e+00   5.7135072e+00   1.6363496e+00  -2.8742800e-01   2.2082210e-01   2.9612841e-01   6.7642234e-01  -1.6411652e+00   2.4520520e-01   2.0255734e+00  -1.8466497e+00  -1.6334219e-01   7.1190403e-01   9.9291437e-02  -4.4893917e-01  -8.9087664e-02
   6.5315492e+00   1.0105737e+01  -6.1545259e+00  -1.6299903e+01   2.8538524e+00   1.4462285e+01   8.0397664e+00   3.5837347e+00   5.4492817e+00   5.6222989e+00   2.5593763e+00  -3.6327034e-01  -6.1614205e-01   1.1645382e+00  -1.5115650e+00   1.8698689e+00   1.1229225e+00  -3.6949032e+00  -8.1205382e-01   1.7632985e-01   1.0370744e+00  -3.5733050e-01  -8.0350041e-02  -2.2577689e-02
   6.0550320e+00   8.6992441e+00  -7.8808197e+00  -1.2544832e+01   6.5568669e+00   1.3574706e+01   1.1254106e+01   3.8712004e+00   3.9848281e+00   5.8413907e+00   1.4709887e+00  -1.0322156e-01  -1.5168444e+00   2.8208475e-01  -1.4725315e+00   3.4728398e+00   1.1857388e+00  -3.5355734e+00   8.1477561e-01   1.0839125e+00   5.9827627e-01  -1.2878345e+00   4.4708075e-01   1.9657714e-01
   2.8009421e+00   1.0810806e+01  -7.6616185e+00  -1.0719140e+01   6.2879049e+00   1.0601199e+01   1.1831441e+01   3.0533476e+00   2.4844227e+00   4.7423847e+00   1.7935389e+00  -2.4235458e-01  -6.4080729e-01   3.2149311e-01  -1.4288998e+00   2.1688681e+00   1.2082292e+00  -3.5399669e+00   5.4861683e-01   1.6165463e+00   7.4823355e-01  -1.7681568e+00   4.8065315e-01   1.9976365e-01
   3.8150811e+00   1.0397555e+01  -7.2921219e+00  -1.3457533e+01   2.4943692e+00   1.1161570e+01   1.0194771e+01   5.0880974e+00   6.0040075e+00   4.2217126e+00   2.6898895e+00  -5.3020179e-02  -5.5179573e-01   1.1884401e+00   2.5114339e-01  -1.7911386e+00   1.1985117e+00   7.0286845e-01  -1.1601606e+00  -1.5832022e-01   7.5923086e-01  -1.9715196e+00   9.9280357e-01  -3.1602860e-02
   6.6903137e+00   9.7388216e+00  -8.5922245e+00  -1.2590251e+01   6.6974450e+00   1.0358902e+01   9.3923589e+00   5.4001056e+00   5.5620424e+00   3.7799027e+00   2.6709056e+00  -8.8725555e-02   1.5830842e-01   8.9944365e-01   8.9073839e-01  -5.6061299e+00   2.0198582e+00   2.2776021e+00  -1.1535576e+00  -3.3403491e-01   8.8230365e-01  -1.1312505e+00   8.4924253e-01   7.0709199e-02
   3.2826526e+00   1.1017897e+01  -7.0388016e+00  -1.4295985e+01   8.1498643e+00   1.4750157e+01   1.0733406e+01   2.4603410e+00   3.5848646e+00   3.3653523e+00   2.5215106e+00  -2.2744037e-01   5.0966528e-01   9.6371505e-01   3.5109718e-01  -2.7651901e+00   1.9721252e+00   3.1610751e-02  -3.0355533e-01  -1.6576137e+00  -1.2085540e+00  -3.4610847e-01   5.8313699e-01   2.3328495e-01
   3.3046190e+00   1.1849801e+01  -6.4521711e+00  -1.8709109e+01   6.4899446e+00   1.2223309e+01   9.8317870e+00   3.8661734e+00   5.0174497e+00   3.4736892e+00   3.1515921e+00  -4.9080688e-02  -6.4936933e-01   5.7520917e-01  -1.3569936e+00   9.3715033e-01  -6.1432517e-01  -7.2780646e-01   1.6113819e+00  -8.4281522e-01  -1.0648385e+00   1.5087457e-01   3.9402342e-01  -5.8806751e-02
   6.2724264e+00   1.0787638e+01  -7.8355028e+00  -1.4545889e+01   5.5563072e+00   1.0276783e+01   9.5197242e+00   3.3686430e+00   4.4634729e+00   3.8556567e+00   3.3242517e+00   2.7708481e-01  -8.3403936e-01   9.4091101e-01  -2.5308007e+00   5.0104798e+00  -1.7628339e+00  -3.0717160e+00   2.0575672e+00  -4.2910330e-01  -6.0841010e-01   1.4549981e-01   1.2423321e-03  -3.3577730e-01
   4.2213728e+00   1.0716765e+01  -1.0229364e+01  -1.1059573e+01   7.0727358e+00   1.1503879e+01   1.2416273e+01   3.6817318e+00   3.5254805e+00   3.7610624e+00   2.8605702e+00  -4.2919827e-01  -1.2775706e+00   5.0177577e-01  -1.1360684e+00   7.3193239e+00  -3.0312170e+00  -1.9473294e+00   2.2993558e+00  -1.4468421e+00  -1.6129960e-01   2.0128345e-01  -2.9757015e-01  -3.6038861e-01
   1.5732167e+00   1.2995781e+01  -8.9464060e+00  -1.0605033e+01   5.2142178e+00   1.0502298e+01   1.2527514e+01   1.9089068e+00   3.4182341e+00   3.4399154e+00   2.6688850e+00  -5.4104752e-01  -2.3916035e-01  -7.9660342e-01   6.4052613e-01   3.1240300e+00  -7.7293509e-01  -9.7327612e-01   1.4945481e+00  -5.1722283e-01   1.2022090e-02   5.1474845e-01  -8.7153730e-01  -1.3079586e-01
   3.7378679e+00   1.1498393e+01  -7.6008221e+00  -9.7005511e+00   2.1141639e+00   9.1895573e+00   1.1776926e+01   2.4257783e+00   5.2981197e+00   3.9834850e+00   3.0329202e+00  -1.8059744e-01   1.3616500e+00  -1.4918400e-01   1.0334094e+00  -1.7281717e-01  -9.6446398e-01   3.4155775e-01  -1.5239687e+00   1.1593853e+00  -3.7708286e-02  -8.8504207e-01  -2.6852344e-01   4.2321212e-02
   6.1554383e+00   9.2019186e+00  -8.1889847e+00  -1.0539355e+01   6.8761905e+00   9.9740295e+00   1.2081220e+01   3.2207855e+00   3.5951865e+00   4.5165681e+00   1.9307708e+00  -4.3409400e-02   1.1935924e+00  -1.0232258e+00   2.0042809e+00  -2.7741035e+00  -2.1108320e+00   9.9650221e-01  -3.3471618e-01   4.3972669e+00   9.1512674e-01  -2.2393678e+00   1.8014739e-01   6.0246489e-02
   3.9727369e+00   1.2389920e+01  -9.0579608e+00  -1.1351637e+01   4.7950535e+00   1.2280350e+01   1.0353466e+01   4.7648705e+00   3.3804419e+00   1.8951730e+00   2.8268422e+00  -6.1453551e-01   2.0059156e-01  -6.1474829e-01   2.2190229e+00  -2.6147274e+00  -1.7599682e+00   1.9222207e+00   1.2509479e-01   4.0700567e+00  -3.7434440e-01  -2.5955945e+00  -6.9072400e-02   8.1682131e-02
   3.2461707e+00   1.1015179e+01  -5.2114153e+00  -1.3940645e+01   7.0752494e-01   1.0451655e+01   1.2737169e+01   7.3352611e+00   5.7497631e+00   1.1250197e+00   3.0421451e+00  -2.3370875e-01  -1.0820475e+00   9.9042423e-01   1.1258750e+00  -4.7384169e-02  -4.2282082e+00   1.2174940e-01   1.3143323e+00   2.2845537e+00   2.2516105e-01  -1.8539201e+00   1.5383752e-01  -5.2781318e-02
   5.4933890e+00   9.6696403e+00  -5.7610723e+00  -1.1921997e+01   2.5585444e+00   1.1834076e+01   1.1636593e+01   6.4736256e+00   3.6593148e+00   1.7858675e+00   2.3736244e+00   3.7075434e-02  -1.0772731e+00   5.5570788e-01   8.7153711e-01   1.9439973e+00  -1.1675706e+00  -3.6441295e+00   2.1596415e+00   1.4731753e+00  -7.7164692e-01  -3.3632627e-01  -6.3993949e-01   9.8418601e-02
   3.7720410e+00   1.2047695e+01  -8.1486165e+00  -1.0325252e+01   1.6521327e+00   1.0379791e+01   1.3411155e+01   5.7932385e+00   3.7934916e+00   1.7903407e+00   2.3881360e+00  -4.4838685e-01  -5.5879469e-01   9.9299030e-01  -1.3694405e+00   3.4803194e+00   1.5703525e+00  -2.8157203e+00   1.3441415e-01   1.4178049e-01  -1.0456626e+00  -3.2004633e-02  -7.3515610e-01   8.5916697e-02
   2.0938922e+00   1.2707224e+01  -6.2820545e+00  -1.0243338e+01   2.5713938e+00   6.8500877e+00   1.3255936e+01   7.7456447e+00   3.2011072e+00   1.0580230e+00   2.1939375e+00  -3.5956856e-01  -7.6028629e-01   4.7522719e-01   1.0287189e+00   1.0099772e+00   2.1120660e+00  -1.2994122e+00  -6.9059144e-01  -1.4639307e+00   1.9965273e+00   1.2266818e-01  -1.3587643e+00   1.0060756e-01
   4.1077271e+00   1.0985872e+01  -7.0050850e+00  -9.5594954e+00   3.0566291e+00   8.7200681e+00   1.2129119e+01   6.9119222e+00   4.4103729e+00   1.4409349e+00   2.0292544e+00   9.3488291e-02  -9.2385286e-01  -2.8717382e-01   3.9203303e+00  -1.5004552e+00   1.4047911e-01  -6.3581148e-01  -5.8836308e-01  -2.9899443e+00   3.7623940e-01   1.2016115e+00  -7.1705398e-01   1.4845628e-01
   4.1851165e+00   1.0913392e+01  -4.7897598e+00  -1.0789910e+01   5.0243953e+00   1.0714819e+01   1.1241724e+01   3.7183877e+00   6.3456650e+00   2.1445727e+00   5.1491875e-01  -8.2950794e-02  -8.4811254e-01  -8.9624954e-01   2.7085137e+00  -2.7876898e+00  -2.2446117e+00   3.0404025e-01   1.3654956e+00  -4.0630123e+00   7.8596709e-02   2.4073452e+00   4.7276725e-02   1.3574202e-01
   1.3406495e+00   1.2513850e+01  -3.0142684e+00  -1.2302649e+01   6.3635065e-01   7.4937079e+00   1.3535716e+01   3.3219507e+00   2.7855718e+00   3.0494832e+00   2.1520644e+00  -3.6401132e-01  -8.3105871e-01  -4.5735751e-01   3.1753619e+00  -2.7642124e+00  -7.2199533e-01  -2.5785752e+00   1.8641791e+00  -1.4441245e+00  -1.7321991e+00   1.9270886e+00   2.2520770e-02   2.8590071e-01
   2.2052622e+00   1.0598861e+01  -4.2146923e+00  -1.3053296e+01   4.1461549e-01   7.9193282e+00   1.4600881e+01   3.4461121e+00   4.1314029e+00   3.8647668e+00   2.2034477e+00   7.2794270e-02  -8.9480497e-01  -2.9354811e-01   1.7737580e+00   6.3117357e-01   3.6900864e-01  -3.9441548e+00  -1.0937058e-01  -1.7914911e-01  -5.2425451e-01   6.1447782e-01   2.1279211e-01   1.8156738e-01
   3.8510663e+00   1.0457102e+01  -2.5295758e+00  -1.2574121e+01   4.2785259e+00   6.2499506e+00   1.3245809e+01   4.8818733e+00   2.9192054e+00   3.4714708e+00   1.2187711e+00   4.4446683e-01  -6.1137138e-02  -5.3643177e-01   1.5377864e+00   1.1092546e+00   8.3602553e-01  -1.2272582e+00  -1.2944621e+00  -1.4680956e+00   3.6317374e+00  -1.4947007e+00  -6.2525397e-01   1.5841195e-01
   1.5877007e+00   1.1501444e+01  -2.3714691e+00  -9.7074132e+00   3.7568206e+00   5.4204653e+00   1.1222621e+01   2.6697027e+00   5.4924665e+00   2.8552956e+00   1.3007535e+00  -2.1483879e-01   3.8469247e-01   1.7331619e-01   2.5595169e-01  -5.2929607e-01  -2.1930311e-01   1.3581271e+00  -8.2401100e-01  -1.0496196e+00   3.5615510e+00  -2.3831947e+00  -2.8620356e-01   1.5806391e-01
   1.5577245e+00   1.1257911e+01  -1.6292004e+00  -1.2311708e+01   2.1928642e-01   6.9022520e+00   1.3283153e+01   1.5080120e+00   7.5526461e+00   1.3121678e+00   1.6655305e+00   1.7423138e-02   9.8669412e-01  -6.9501420e-02   2.4305016e-01  -9.3016232e-01  -2.4562829e+00   1.2603822e+00  -1.0274413e+00   5.5927763e-01   1.3019439e+00  -1.6502581e+00   1.2405585e-01   2.1864970e-01
   3.9289718e+00   1.0458431e+01  -4.2809525e+00  -1.3978447e+01   2.1152806e+00   9.6303682e+00   1.3346193e+01   3.5586133e+00   7.1570090e+00   1.3696262e+00   1.5507626e+00   5.2341197e-01   1.8281991e+00  -1.8428599e+00   1.6778670e+00  -2.0618227e+00  -9.3790607e-01   2.4673214e-01  -8.2550342e-01   3.9667824e-01  -2.5298860e+00   3.0933259e-01  -1.9636530e-01   3.0087963e-01
   4.1604719e+00   1.0874356e+01  -1.2102589e+00  -1.1833847e+01   1.4148715e+00   6.0355724e+00   1.0642862e+01   5.2763345e+00   4.0398499e+00   1.7389183e+00   1.2798504e+00   4.0331600e-01   1.2803364e+00  -2.4986698e+00   2.0493990e+00  -2.3122899e+00  -7.8461409e-02   2.1157121e+00  -9.1011889e-01   1.9626468e-01  -4.3872045e+00   2.3149016e+00  -5.8631983e-01  -5.6330464e-02
   3.0286257e+00   8.9289313e+00  -6.4139308e-02  -1.3039078e+01   1.7521689e+00   6.2239033e+00   1.1304512e+01   1.3805588e+00   3.4540356e+00   3.1059192e+00   1.1990457e+00   4.3534231e-02   4.8722100e-01  -1.0628221e+00   1.1078939e+00  -1.3609124e-01  -1.5037465e+00   2.5458672e+00  -2.0700024e+00  -7.1736359e-01  -2.2398284e+00   1.6494082e+00  -3.3072524e-01   4.9322621e-02
   3.9284022e+00   8.2746556e+00  -6.6350846e-01  -1.6249828e+01   2.8315014e-01   1.1779053e+01   1.2938815e+01   2.8914363e+00   2.8233261e+00   3.9163737e+00   9.6190924e-01   1.7286631e-01  -3.1609070e-01  -1.1076852e+00  -1.8671415e+00   3.7431217e+00   1.0413255e+00   5.2472126e+00  -6.1662658e+00  -2.4457667e+00  -2.4166586e-01   5.1816904e-01  -7.4272475e-01   2.9824420e-01
   4.7758381e+00   1.0164048e+01  -2.8924869e+00  -1.1974593e+01   4.2552153e-01   1.0577429e+01   9.0932127e+00   3.6750170e+00   4.4055283e+00   2.7550107e+00   1.2136453e+00   7.1262075e-01   2.9210784e-01   7.6759409e-01  -2.6764293e+00   5.7933089e+00  -1.6355604e+00   4.8825996e+00  -7.2736611e+00  -1.9499495e+00   1.8809028e+00  -2.3399254e-01  -1.8918378e+00   1.1151874e-01
   2.8127296e+00   8.5952704e+00  -2.5967974e+00  -6.7514071e+00   3.6401835e+00   1.1729629e+01   2.4991125e+00   4.6045533e-01   3.2016047e+00   2.6916261e+00   1.5846339e-01   5.1613904e-01   6.8456497e-01   2.4237568e-01  -1.3834332e+00   4.4054560e+00  -1.8699364e+00   2.1837623e+00  -4.6481412e+00  -1.2841285e+00   3.2501276e+00  -6.4191611e-01  -1.2867441e+00  -2.4362718e-01
   4.0246237e+00   9.9200151e+00  -3.1121388e+00  -9.0983246e+00  -2.3796884e+00   1.3572515e+01   5.6138712e+00  -3.2887491e-01   6.0862504e+00   3.3673042e+00  -1.2369882e+00   3.9175973e-02   1.3824392e+00  -1.0049624e+00  -1.0095936e+00   1.8911397e+00  -1.2443088e+00   9.3068555e-01  -1.6811821e-01  -2.0549765e+00   1.1925993e+00   2.8527552e-01  -6.1141372e-01  -1.6557101e-01
   5.3308568e+00   8.7602356e+00  -2.6288323e+00  -1.1079778e+01  -1.1191495e+00   1.3557153e+01   7.7062738e+00   2.9671895e+00   6.8581565e+00   2.6473528e+00   2.5710988e-01   1.4414793e-01   1.5781799e+00   1.2361091e+00  -1.5689007e+00   6.8190147e-01  -1.3675127e+00  -8.2147520e-01  -6.0937708e-01  -1.6024627e+00  -1.6462118e+00   1.6724380e+00   1.0854137e+00  -5.2840253e-01
   5.5904332e+00   8.5741217e+00  -4.3908599e+00  -6.9736984e+00   9.3872472e-01   1.1059695e+01   6.2374548e+00  -6.6081476e-01   4.3661514e+00   3.2050606e+00   2.4720152e-01   6.5025978e-01  -1.8963867e-01   2.4762520e+00  -5.5812971e-01   1.8182597e+00   1.2976867e+00  -1.3017525e+00  -3.9024373e+00  -1.0779467e+00  -3.4413306e+00   2.4844090e+00   1.7898264e+00  -6.5985857e-01
   4.3970947e+00   1.1122381e+01  -4.3107880e+00  -6.7908680e+00  -7.0292134e-02   1.1753826e+01   1.2732551e+00  -1.7772689e+00   1.5923365e+00   5.2814049e+00   1.0444891e+00  -5.8200666e-01  -4.3894880e-01   2.0690046e+00   6.0681006e-01   1.0625909e+00   1.1391812e+00  -1.7859268e+00  -2.6063668e+00  -7.2180097e-01  -1.9240421e+00   2.7216363e+00   1.5225847e+00  -5.4714234e-01
   4.2070468e+00   1.2453320e+01  -3.1083556e+00  -8.5153901e+00  -9.5758696e-01   1.2521550e+01   2.9767245e+00   4.2643418e-01   3.5571645e+00   5.7768917e+00   1.0540618e+00  -5.8753459e-01  -3.3392659e-01   2.8802875e-01   4.2385228e-01  -2.4445955e-01   1.5050194e+00  -1.6077037e+00   2.5216332e-01   1.1708118e+00  -1.9576548e+00   4.1830393e-02   8.6471084e-01  -3.2009117e-01
   5.3641269e+00   9.9241431e+00  -2.3598694e+00  -8.7150459e+00   1.5377782e+00   1.0147336e+01   5.4270886e+00   1.3408636e+00   4.3765869e+00   5.4438918e+00   2.1375567e+00  -5.7668394e-02   2.4888692e-01  -1.1247067e+00   2.3336883e+00   2.6462317e+00   4.8741153e-01  -2.6885166e+00   3.6613026e+00  -5.1940513e-01  -2.3540021e-01  -1.7904750e+00  -1.3011210e+00   7.4059812e-01
   4.6060273e+00   9.6052837e+00  -4.7305408e+00  -6.3782988e+00   2.3922186e+00   9.4513844e+00   4.5387830e+00  -4.6366327e-01   3.7543998e-02   3.1865628e+00   9.9773396e-01  -9.2046111e-02   3.3867713e-03  -3.0654978e-01   3.7354875e+00   2.3682277e+00   1.1199159e+00  -2.3925919e+00   2.6611725e+00  -2.7223313e+00  -5.8994921e-01  -1.2087439e+00  -1.7542605e+00   8.1921808e-01
   4.5709348e+00   1.0859339e+01   8.3701726e-04  -3.8900661e+00  -1.0140776e+00   9.2561335e+00   5.9841797e+00  -2.1113278e+00   2.9990465e+00   3.8908569e+00  -8.7902843e-01   2.8114628e-01  -1.0939993e+00  -4.5243883e-01   2.1328337e+00   1.1137340e+00   2.9007866e+00   1.0631191e+00   9.6542659e-01   1.1208078e+00   6.9029950e-01  -4.9017690e-01  -1.6559968e+00   5.3985499e-01
   4.6087230e+00   1.1525898e+01   1.3145224e+00  -7.3755384e+00   1.9982148e+00   9.3782629e+00   6.6899378e+00  -1.9309671e+00   3.3610109e+00   4.7402933e+00  -6.9036338e-02   4.7188519e-01  -4.5270304e-01  -3.9505125e-01   1.8010696e+00   1.8226177e+00   1.3026499e+00   9.1862232e-01  -1.3581684e-01   2.0147796e+00   1.2790558e+00  -6.4022858e-01  -2.6353457e-01   1.6100722e-01
   3.7217800e+00   8.2851778e+00  -2.1831504e+00  -6.5458251e+00   6.0859601e+00   1.1778575e+01   5.7996511e+00   3.7557272e+00   3.7503027e+00   3.9317612e+00   1.8694674e-01   4.7014844e-01   3.7537313e-01   1.1150253e+00   2.2672906e+00  -7.6632212e-01  -7.8752342e-01   1.2013512e+00  -3.4485783e+00   2.8273525e+00  -1.3277540e+00  -2.9331857e+00   8.8818371e-01  -2.5136921e-01
   4.3515501e+00   1.0299787e+01  -9.3694267e-01  -2.3164928e+00   7.9617457e-01   9.5680972e+00   4.4273220e+00  -3.7502138e-01   1.5804996e+00   2.2057678e+00   6.9444522e-02   5.4963640e-02   1.6774170e+00   2.2047674e+00   2.7093408e+00  -1.9908246e+00  -1.5164713e+00  -2.5129178e-01  -5.5548420e+00   2.6459797e+00  -6.5277281e-01  -3.6967630e+00   2.2845091e-01  -1.6292119e-01
   5.2625809e+00   1.3144932e+01   4.5275055e+00  -7.5690720e+00  -1.5943426e+00   1.0963243e+01   1.9426201e+00   1.3517280e+00   1.8976710e+00   7.5834116e-01   3.8400671e-01   1.1255324e-01   1.5892590e+00   6.6464142e-01   2.5799741e+00  -1.2451455e+00  -2.3767340e+00  -1.6306956e+00  -6.6874610e+00  -1.7604993e+00  -4.5916196e-01  -1.8853814e+00   1.6547198e-02   1.5885622e-02
   6.3544480e+00   1.2403172e+01   2.0232056e+00  -9.8501517e+00   3.5636592e+00   9.4089911e+00   2.8619023e-01   3.2400020e+00   3.3081675e+00   7.8185883e-01   1.7511004e-01   4.0630100e-01  -1.0702275e+00  -3.0032454e-01   1.3770462e+00   1.2184981e+00   2.0529521e+00  -1.7125134e+00  -1.3030197e+00  -4.6544205e+00   1.0349302e+00  -6.0678675e-01   3.0169338e-03   1.3248124e-02
   5.1042195e+00   8.2304477e+00   2.0673665e-01  -4.6467138e+00   1.1371168e+00   9.4120845e+00  -2.1609745e+00  -6.9253346e-01   2.1977258e+00   1.8156436e+00   1.5893478e-01   3.1830820e-01  -2.2559002e+00   9.5775022e-01   1.1554330e+00   2.7599172e+00   1.8782146e+00  -3.1705070e+00   3.2013350e+00  -8.9426996e+00   6.4562497e-01   3.9452675e-01   4.5632373e-02  -3.1463938e-01
   2.8253896e+00   1.2306543e+01   3.2890110e+00  -1.9499248e+00   2.5098729e+00   7.7749065e+00   4.5245898e+00  -6.3345214e+00   2.9828676e+00   7.6693645e-01   1.8650589e-01  -2.8041652e-02  -1.1215337e+00   2.1860712e+00   2.4373514e+00   2.4760143e+00  -7.4834511e-01  -3.4239798e+00   2.4337882e+00  -6.1893671e+00  -9.2755167e-01  -5.4264066e-01   6.5524519e-01  -2.8314120e-01
   3.6432598e+00   1.4629872e+01   5.6277523e+00  -7.3793097e+00   1.7498724e+00   7.0245250e+00   4.6254228e+00  -7.2750597e+00   3.0287584e+00   1.3575925e+00   4.4675734e-01  -1.4223450e-01   1.2828665e+00   1.9496889e+00   6.1991210e-01  -1.3667049e+00   4.2115296e-01  -3.6602215e+00  -1.0154416e+00  -4.4670549e-01  -1.8873651e+00  -3.3149895e-01   1.1547417e-01   6.3212191e-02
   5.4026273e+00   1.2482566e+01   2.9687248e+00  -4.7698324e+00   2.1347637e+00   5.4668011e+00   5.4367392e-01  -2.7527855e+00   1.5013237e+00   1.9692340e-01   1.0140665e+00   2.1186054e-01   9.3848453e-01  -1.7877302e+00  -1.3672904e+00  -1.3635821e-01   3.8450787e-01  -3.5047353e+00  -4.1289120e+00   2.0623839e+00  -2.6814981e+00  -4.8698569e-01   2.7073910e-01   1.4800037e-01
   5.7399004e+00   1.1066969e+01   1.2967479e+00  -5.2868174e+00   1.9564009e+00   5.0758049e+00  -1.6936790e+00  -3.1534596e+00   1.0745014e-01   1.6034017e+00  -8.1634292e-02   2.9317539e-01  -4.7263157e-01  -1.4287562e+00   1.4448725e+00   6.3518815e-01  -2.8632852e+00  -2.8439390e+00  -6.9629304e-01   2.3935992e+00  -7.6427015e-01  -3.3875517e+00  -3.1856326e-01  -2.6230690e-02
   3.1847960e+00   1.1406399e+01   3.4035776e+00  -3.2007083e+00   2.9833705e+00   3.4921635e+00   1.4907727e+00  -5.3017455e+00   4.2127464e-01  -8.6446703e-02   8.5681036e-01  -2.3746036e-02  -9.5966927e-01  -2.0249341e-01   1.2830225e+00  -1.1112527e+00  -2.4620737e+00  -9.5942850e-01   4.0777722e-01   1.6108400e+00  -6.4555942e-02  -3.8520679e+00  -6.7682157e-01  -1.9656930e-01
   4.0432281e+00   1.3024821e+01   7.5776348e+00  -7.2110895e+00  -2.9693588e+00   3.7459353e+00   3.1074339e+00  -2.4101809e+00   2.4223777e+00  -3.5820500e+00   4.7540538e-02  -6.3777248e-02  -1.3033462e-01  -2.5232427e-01  -1.1040056e+00   1.7838863e+00  -1.5664975e-01  -1.8889483e+00  -1.7547224e+00   1.5410597e+00  -2.0663818e-01  -1.5159618e+00   6.8264190e-02  -3.3262524e-01
   4.8114596e+00   1.1199900e+01   1.7528151e+00  -5.4745753e+00   9.0453298e-01   4.6925932e+00  -1.2452167e+00  -7.0816490e-01   2.4702598e-01  -2.9884526e+00  -6.5753240e-02   9.5482905e-02   6.7870255e-01   1.1256989e+00  -3.1924098e+00   1.6993350e+00   2.6335495e+00   8.7686257e-02  -3.1066103e+00  -1.3328282e+00  -8.7188788e-01   1.8116039e+00   1.5080363e-01  -3.3450721e-01
   4.7310668e+00   1.0791732e+01   4.6612072e-01  -1.4740544e+00   2.7608450e+00   1.6421676e+00  -2.9577679e+00  -3.1386604e+00  -1.1538279e-01   7.8046196e-01   4.8204380e-01  -2.6537694e-01   3.4454996e-01   2.5877698e+00  -3.0356803e+00   2.0152977e+00   4.2025280e+00  -2.2274290e-01  -7.1337139e-02  -2.7268009e+00  -1.9029932e+00   2.5851693e+00   4.6728287e-01  -2.6618273e-01
   3.8589305e+00   1.4211492e+01   2.1707199e+00  -3.5202234e+00   4.0685929e+00   4.6755768e+00  -1.3654185e-01  -6.9367480e+00   3.8232307e-01   4.4970312e-01   8.6576419e-01  -4.2470701e-01  -4.1730738e-01   4.0069997e+00   9.3182599e-01  -2.5562151e+00   6.9273865e-01  -2.0318542e+00   3.5807476e+00  -1.8516964e+00  -1.8292053e+00   7.9578385e-01   2.3040480e-01  -1.3939978e-01
   5.0363176e+00   1.5400680e+01   2.8151619e+00  -5.1653189e+00   1.7524033e+00   3.4203291e+00   2.4460907e+00  -3.3860907e+00  -4.9976066e-01  -1.4233740e+00   2.8270613e-01  -2.0295639e-01  -2.8624889e+00   3.1855685e+00  -4.5573690e-01  -2.7660802e+00   2.4747656e+00  -1.7889133e+00   3.4445717e+00   1.8406756e+00  -9.1670909e-01  -6.2744492e-01  -4.9237234e-01   1.5068111e-01
   4.0328731e+00   1.4905926e+01   1.9760334e+00  -7.4632657e+00   2.4478618e+00   7.5573103e-01   1.4239754e+00  -3.3619944e+00  -2.3045931e+00  -6.9285885e-01   3.7952279e-01  -1.4482704e-01  -2.8397613e+00   1.1231158e-01  -2.6160565e+00   2.2891901e+00   4.0923768e+00  -1.4169427e+00   2.3980968e+00   1.5714388e+00  -7.8686472e-01   8.1550372e-01  -9.1328315e-01   2.9150622e-02
   3.5036210e-01   1.5222868e+01  -1.2014141e-01  -3.6516536e+00   7.2833589e+00   9.1872056e-01   1.4288310e+00  -2.1650239e+00  -1.4698836e-01   4.1057557e-01  -1.3394012e-02  -1.7929527e-01  -2.3781622e-01   4.2606018e-01  -2.7823774e+00   4.0159475e+00   2.6421511e+00  -3.0108773e-01   3.0918826e+00  -5.0909189e-01  -3.5041755e-03   1.5082657e+00  -3.7171619e-01  -2.4175224e-01
   1.9422664e+00   1.4468865e+01  -2.8571318e-01  -8.4327093e-01   7.4416803e+00   3.8009670e+00   3.9692332e+00  -5.1901231e+00  -9.7436016e-01   7.5598394e-01  -3.5611047e-01  -3.9281163e-01   2.9731185e+00  -5.2463933e-02  -2.2167746e+00   3.7849210e+00  -1.0129858e+00  -5.8960751e-01   1.8105362e+00  -3.0269420e-01  -3.8523988e-01  -4.9469149e-01  -2.2782601e-01  -5.4424813e-02
   5.7248966e+00   1.6258301e+01  -2.2753083e-01  -2.4513950e+00   3.2187207e+00   1.4460796e+00   5.8112858e+00  -3.2356642e+00  -1.1701334e+00   1.1460324e-01   9.2948477e-02  -4.4159245e-01   4.2012210e+00  -1.8666761e+00   5.4043052e-01   2.7669859e+00  -4.5590810e+00  -2.5411996e+00   1.9739871e-01   9.8203342e-01  -1.7737000e+00  -1.7266337e+00  -2.1345918e-01   3.1177397e-01
   5.8052836e+00   1.4309513e+01  -1.2954337e+00  -2.3860135e+00   2.9607022e+00  -3.9235974e-01   1.9485524e+00  -3.2807155e+00  -2.3708804e+00  -1.2869099e+00  -1.5387464e-02  -9.5315670e-02   7.1806016e-01  -3.8303236e+00   1.6667074e+00   1.8983568e+00  -1.7888755e+00  -1.8698235e+00  -4.7867023e-01   1.6492650e+00  -6.0346076e-01  -4.4727236e-01   9.0482147e-02   3.6945877e-01
   4.7206850e+00   1.2502530e+01   1.1953646e+00   1.2701966e+00   2.6852265e+00  -7.9641553e-01   2.7352695e+00  -1.6466775e+00  -2.1092782e+00  -1.1579281e+00  -5.0394428e-01   1.3961770e-01  -1.1451576e+00  -2.0577678e+00   1.6677038e+00  -9.5850155e-02   2.7428772e+00   1.5547935e+00   7.0808456e-01   1.2725331e+00   1.1311047e+00   1.6729185e+00   5.4539414e-02  -3.2832789e-02
   3.5214624e+00   1.0601266e+01   1.5029002e+00   1.4346845e-01   5.0251141e+00   2.1174792e+00   4.7892360e+00  -3.5107190e+00  -1.4099789e+00   7.2134106e-01   7.8059135e-02  -1.2922856e-01  -3.9353259e-02   4.5178269e-01   1.9619917e+00  -3.8153161e+00   2.5656528e+00   1.7635865e+00   1.2095786e+00   2.7270514e+00   2.4602617e+00   2.0735416e+00  -5.8731268e-02  -5.3477581e-01
   5.1490707e+00   1.5025773e+01   8.7485783e-01  -3.8599112e+00   6.3008305e+00   2.5233503e+00   5.4530708e+00  -1.2118627e+00   4.6072906e-02   1.6198555e+00   1.2803430e-01  -4.7388519e-01   4.2239991e-01  -3.9229315e-02  -7.4948861e-01  -6.1639648e+00   1.8815054e+00   1.5017246e+00  -4.8728703e-01   1.5033382e+00  -1.9800779e-01   4.6974713e-01   1.8480442e-01  -4.3962210e-01
   5.5320609e+00   1.3725566e+01   1.8078072e+00  -5.5439338e+00   5.0013793e+00   5.9313706e-01   2.4040196e+00   5.9245413e-01   2.4183656e-01   4.3451073e-01  -4.1947366e-01  -5.9072794e-01  -2.9273871e-01  -2.5047635e+00  -2.2363446e+00  -1.8347787e+00   1.3342600e+00   3.6913410e+00   2.5424045e-01   3.9992875e-01  -9.1425103e-01  -7.4493291e-01   3.1109196e-01  -7.8732201e-02
   4.3489857e+00   1.0881536e+01  -8.1321784e-02  -5.1320495e+00   5.5193520e+00   2.2183425e+00   3.1969472e+00  -1.4432568e+00  -3.2321976e+00  -3.0989222e-01   2.2028738e-02  -2.8906576e-01  -2.1045496e+00  -4.4391472e+00  -3.0195937e+00   2.3858282e+00   1.1660309e+00   6.4461302e+00  -1.2784902e-01  -1.5831359e+00  -1.0882654e+00  -2.8571271e-01   4.2521139e-02   2.1383640e-01
   3.4823969e+00   8.9162389e+00  -1.3735269e+00  -1.9726304e+00   7.4172435e+00   7.8069947e+00   6.2986585e+00  -2.7951288e+00  -1.1422202e+00   5.6881555e-01   5.9769985e-01  -3.3973658e-01  -1.1753326e+00  -1.6389565e+00  -1.6195606e+00   2.3324197e+00   2.0325416e+00   5.7558986e+00   1.3919004e+00  -1.3079861e+00  -3.6063769e-01   8.2391547e-01  -4.7222259e-01   2.6019471e-01
   3.0170783e+00   1.0771716e+01  -2.0638656e+00  -2.0668206e+00   6.8419448e+00   8.5856168e+00   3.3139778e+00  -1.8927751e+00  -8.9429675e-01   1.1241340e+00  -3.1677075e-01  -2.7862628e-01   1.8857098e-01  -1.8262393e-01   4.2809820e-01   3.2133744e+00  -4.1779408e-01   1.4814322e+00   5.8496909e-01   6.7260597e-02   9.6485870e-01  -8.0261862e-01  -1.1066793e+00   3.3406246e-02
   4.4350157e+00   1.1322041e+01   3.6973832e-01  -3.5779188e+00   7.3888954e+00   6.0433478e+00   4.4333549e+00  -1.1447659e+00  -1.4680704e+00   9.5337081e-01  -9.5840781e-01  -2.0565562e-01   8.9978051e-01   1.2705725e+00   3.1979675e+00   3.5266025e+00  -3.3675522e+00  -2.5968912e+00  -1.1908967e+00   1.5171699e+00  -7.0669270e-01  -1.7164743e+00  -1.6012869e+00   2.3063876e-02
   4.1555327e+00   9.4046987e+00  -3.1080707e-01   4.9065631e-01   4.9068349e+00   5.3223142e+00   5.0070526e+00  -2.1675474e+00  -1.6219845e+00  -1.7060978e+00  -8.5993642e-01  -3.0599687e-01  -1.9623902e-02  -9.9017421e-02   4.6992930e+00   4.3999430e+00  -3.6303257e+00  -1.7578222e+00  -2.7262884e-01   7.7050489e-01  -1.2370791e+00  -2.3554343e+00  -7.8093754e-01  -1.4054000e-01
   4.2628404e+00   1.1505606e+01   2.5468952e+00   2.0385349e+00   3.3334702e+00   5.5433092e+00   3.6657760e+00  -3.8198786e-01  -1.8384154e+00  -5.9077998e-01  -1.5326477e+00  -2.9145547e-01  -9.3012200e-01  -6.8379405e-01   1.7731649e+00   3.7326625e-01  -4.3106174e-01   4.9886904e-01  -3.6502315e+00   1.7061726e+00   3.3985227e-01  -5.3342851e-01   2.1572241e-01  -2.6727955e-01
   3.0737301e+00   1.0531407e+01   3.8964954e+00   1.7248670e+00   3.4241689e+00   6.1989028e+00   3.2888240e+00  -1.1184068e+00  -2.5647429e+00  -1.6369420e+00  -1.2010571e+00  -4.4653635e-01   1.7427820e-01   1.5205555e+00  -2.3248171e-01  -4.5363270e+00   2.0157766e+00   4.1963129e-01  -3.8258462e+00   2.5835764e+00   4.9999826e-01   9.1001976e-01   4.5666982e-01  -3.0975642e-01
   3.5807340e+00   9.7329959e+00   9.2583441e-01  -3.6351248e+00   7.4836357e+00   6.3533571e+00  -1.8287804e-01   8.8992275e-01  -4.8691276e-01   1.1865016e-01  -4.6426384e-01  -5.3630520e-01   5.6590939e-01   1.2913135e+00  -1.3083276e+00  -5.5639180e+00   1.3066574e+00  -1.8181555e+00  -2.8251258e+00   1.4769701e-01  -8.5400853e-01  -1.3268724e+00   8.3282053e-02  -3.8268882e-01
   4.7580032e+00   1.2571837e+01   1.5100074e-01  -3.4770044e+00   5.8554170e+00   5.5467372e+00   1.1926103e+00   1.0718619e+00  -1.5477384e+00  -6.9578321e-01  -7.0912360e-01  -6.4820664e-01   3.2036684e-02   1.7911741e+00   1.1248597e+00  -5.5528460e-01  -2.7430054e-01  -5.6899577e-01  -2.8063877e+00  -9.7309733e-01  -1.6812198e+00  -2.3215035e+00  -2.3156271e-01  -1.4934406e-01
   4.2695679e+00   1.2422361e+01   2.4571510e+00  -3.7064064e+00   4.0778323e+00   3.1421587e+00   4.7619408e-01  -1.2555767e+00  -3.6279304e+00  -3.0516680e+00  -1.6536914e+00  -7.6465356e-01  -1.5233420e+00   3.8763394e-02   1.6937723e+00   4.8959907e+00  -5.8632453e-01   2.7605173e-01  -8.6839085e-01  -2.5376006e+00  -1.4913008e+00  -2.3612924e+00  -7.4255284e-02  -1.2030783e-01
   2.7773681e+00   1.1873485e+01   4.8181267e+00   9.2758093e-01   4.7156199e+00   6.9510083e+00  -1.2502937e+00  -1.5053030e+00  -3.5160637e+00  -3.5340382e+00  -9.5368742e-01  -5.5637827e-01  -1.3310961e+00  -2.7266468e+00  -1.0632870e-01   2.4900254e+00   2.6641404e+00  -1.8498463e-01   2.0041744e-01  -1.8052680e+00   8.0995945e-01   2.2533021e-01   5.4860126e-01   8.5801365e-02
   2.2860386e+00   1.0140317e+01   1.1329299e+00   1.5065686e+00   7.1740475e+00   6.0652991e+00  -2.6401230e-01  -1.6278957e+00  -1.7397013e+00  -2.0041609e+00  -4.5336486e-01  -7.6268113e-01   2.7603630e-01  -2.0082352e+00  -1.8772483e+00  -3.4564535e-01   2.7175674e+00   8.1479326e-01   3.9666594e+00  -2.4249442e-01   3.4828964e-01   2.2390424e+00   9.9088863e-01   2.6962552e-01
   3.7531237e+00   9.6228891e+00   6.5361826e-01  -2.3484539e+00   8.3035200e+00   3.8076900e+00   1.8633397e+00  -1.4498806e+00  -1.2769138e+00  -8.8154144e-01  -4.8638497e-01  -5.2049081e-01   1.2603575e+00  -1.0623799e+00  -1.9981620e+00  -5.7638775e-01   5.4803541e-01  -9.9037192e-01   5.5381757e+00  -1.3530591e+00   3.9662669e-02   1.1853193e+00  -2.5198039e-01   2.2135862e-01
   4.1957446e+00   1.0535307e+01   1.7235328e+00  -2.5868570e+00   6.3602333e+00   5.9360077e+00   4.8693665e+00  -1.6470295e+00  -4.2250710e+00  -1.0193527e+00  -4.0100965e-01  -3.7815902e-01  -4.5648704e-01   7.1188478e-01   1.2622841e+00   1.5447395e+00  -1.3803872e+00  -8.1697810e-03   3.0972665e+00  -9.8110873e-01  -2.4393627e-01   4.1948978e-01  -1.3008934e+00   3.9093878e-02
   3.7130514e+00   1.0082421e+01   1.5255822e+00   2.1097121e+00   5.9445801e+00   5.5300961e+00   4.4902804e+00  -3.5253248e+00  -2.2138849e+00  -2.2484633e+00  -1.3578356e+00  -4.1660139e-01  -2.1762816e+00  -3.1292255e-01   1.3738016e+00   2.8772455e+00  -3.9909066e-01   3.2625557e-01  -1.9545667e+00   1.8468821e+00   1.2150313e+00   4.1902554e-02  -6.5186522e-01  -1.3100392e-01
   1.6213441e+00   1.0978378e+01   2.5903740e+00   1.5945948e+00   6.2829367e+00   5.1918413e+00   3.0684171e+00  -2.0618367e+00  -1.6371202e+00  -6.9146527e-01  -1.9689796e+00  -7.5598502e-01  -1.2719635e+00  -1.8497124e+00   1.1513964e+00  -1.2812005e+00   3.3431593e-01  -4.3304333e-01  -3.6367634e+00   4.1510856e+00   2.7741217e+00   4.5864291e-01  -1.9606147e-01   7.1622425e-02
   1.7759015e+00   8.9319695e+00   2.2809000e+00  -1.2331156e-01   7.7435323e+00   4.6691566e+00  -1.6803568e-01   1.5278461e+00  -7.4834219e-01  -9.8263134e-01  -6.8019781e-01  -5.2808369e-01   5.4981367e-01  -8.2316285e-01   1.0451890e+00  -7.2423617e+00  -3.6900244e-01   1.3007414e+00  -2.6495045e-01   3.1585119e+00  -1.5785722e-01   6.3136151e-01   3.1507292e-01   3.9587557e-01
   3.2563742e+00   8.3359636e+00   3.0729685e+00  -3.3921459e+00   5.9622311e+00   5.7169125e+00   1.7433795e+00   2.0530134e+00  -7.9665977e-01  -9.6430437e-01  -1.0339208e+00  -2.1498423e-01   1.8849697e+00   1.0422717e+00  -1.5067718e+00  -5.0405543e+00   3.5800710e-01   2.4387961e+00   1.9706205e+00  -1.0083490e+00  -1.6700083e+00  -1.6191704e+00  -3.1998500e-01   5.0411970e-01
   3.7202569e+00   1.0168884e+01   2.8520685e+00  -6.2604601e+00   5.5514292e+00   7.2186727e+00   4.7553736e+00  -8.4498201e-01  -2.8709009e+00  -1.1650015e+00  -1.3527557e+00  -9.3288437e-02   7.0267221e-01   2.1683133e+00  -2.2005168e+00   2.7395858e-01   5.0403333e-01   7.2047479e-01   1.6843205e+00  -3.0887086e+00  -8.3502267e-01  -2.1160746e+00  -7.4575040e-01  -2.1974085e-01
   3.4766210e+00   1.1923329e+01   4.4632034e-02  -2.8976624e+00   7.9159989e+00   7.5752774e+00   3.5626433e+00  -2.3879462e+00  -3.0808533e+00  -3.0290358e+00  -2.1126782e+00  -2.1720310e-01  -1.7304309e+00   1.0137569e+00  -1.7381156e+00   4.3497893e+00  -1.2513636e+00  -2.9900178e+00  -4.2036220e-01  -1.5233624e+00   1.1778188e+00  -1.0549837e+00  -1.7786905e-01  -4.4984280e-01
   2.7197864e+00   1.0390757e+01   4.9429302e-01   4.0384594e-02   7.5226984e+00   4.8206863e+00   1.4488131e+00  -8.8473711e-01  -8.5877944e-01  -3.1243775e+00  -1.2594447e+00  -8.5658553e-01  -9.0688303e-01  -2.6031300e+00  -1.2322748e+00   3.6755859e+00  -1.7335527e+00  -2.4882372e+00  -1.9319875e+00  -4.6020535e-01   2.2335092e+00   5.5083855e-01   1.0429295e+00  -1.6027237e-01
   1.1609631e+00   9.7456623e+00   1.6446828e+00  -1.7884357e-02   3.0995511e+00   2.4308791e+00   2.7661164e+00  -2.1215269e-01  -3.5992319e-02  -1.5670919e+00  -1.3473798e+00  -5.0809988e-01   7.6212757e-01  -4.2880409e+00  -5.7396839e-01   4.8430218e-01  -3.0442951e+00   1.9331252e+00  -1.4889483e+00  -2.5582244e-01   1.8703597e-01   1.3235877e+00   1.6732594e+00   1.9457116e-01
   3.5177613e+00   7.3530218e+00   2.0363090e-01  -2.1869704e+00   5.3593241e+00   6.0585161e+00   2.2556557e+00  -2.6231868e+00  -1.0430677e+00  -1.0697156e+00  -1.7101055e-01  -1.8824861e-01   1.3525530e+00  -2.0555401e+00  -1.2834025e+00  -2.0014677e+00  -7.3890635e-01   4.6923780e+00   8.2941497e-01  -2.7356151e+00  -3.6676436e+00   1.2892177e-01   6.7020131e-01   4.2503143e-01
   4.2208249e+00   7.0101349e+00  -6.7098949e-01  -1.0575317e+00   4.4312433e+00   9.8560503e+00   9.2579949e-01  -1.9024550e+00  -2.7081552e+00  -2.0709851e+00  -1.4700613e-01  -2.5951482e-01   4.4873346e-01  -1.3371614e+00  -2.4661898e+00   1.0588759e+00   3.1375620e+00   1.6322912e+00   2.3720910e-01   7.1577859e-02  -3.7145643e+00  -1.0493119e+00   3.0028022e-02  -1.8910562e-03
   3.2186851e+00   8.6752106e+00  -2.7297464e-01  -2.4419933e+00   5.7484928e+00   8.1466677e+00   3.6130940e+00  -4.1430087e+00  -5.0241635e+00  -2.6790483e+00  -8.5432956e-01  -3.4333092e-01  -2.7405258e+00  -4.5431069e-01  -1.2337285e+00   3.4988414e+00   2.5402430e+00  -1.6287240e+00   1.2283813e-01   2.6689350e+00   5.8026735e-01   2.1116349e-01  -1.4178500e+00  -3.2296630e-01
   1.9836014e+00   7.0788257e+00  -1.8162991e+00   1.6979410e+00   7.6113098e+00   3.8352400e+00   2.4432109e+00   6.5512505e-01  -3.6172909e+00  -2.3363934e+00  -9.6067828e-01  -4.3339531e-01  -2.1672839e+00   6.9414967e-01   5.4172302e-01   3.0223481e+00   2.1193848e+00  -3.7589395e+00   1.5887214e+00   3.8884588e+00   5.1242393e+00   1.5665599e+00  -1.4575629e+00  -1.0080832e-02
   5.2558434e-01   6.6372103e+00  -1.0743071e+00   1.6835554e+00   7.5796553e+00   6.6258352e+00   1.6812072e+00   1.0142578e-01   2.8190116e-01  -6.2026626e-01  -1.8909495e+00  -5.8575781e-01  -3.1234045e-01   1.3706168e+00   2.4552318e+00   2.7788470e+00  -3.3627564e+00  -4.0039790e+00   1.7642573e+00   3.3605748e+00   7.0349901e+00   1.8270647e+00  -8.4350363e-01  -9.3391011e-02
   2.3164495e+00   9.0703595e+00   5.4226126e-01   1.4132161e+00   6.6947393e+00   4.9780572e+00   4.2748250e+00   1.8080160e+00   2.3251714e+00  -7.5053619e-01  -1.8150405e+00  -1.5342262e-01  -3.1999898e-02   1.9718608e+00   3.8526481e+00  -4.4105235e-01  -5.6076965e+00  -1.6737803e+00   3.0385037e+00   4.6100621e-01   3.9777442e+00   3.9188155e-01  -6.3497230e-01  -4.5459539e-01
   2.5837503e+00   9.7353689e+00   2.2305928e+00   1.8686396e+00   1.1626435e+00   1.5692906e+00   5.3436729e+00   3.2140801e-01   2.5570906e+00  -7.3137981e-01  -1.6924039e+00  -6.2340378e-01  -8.6271163e-01   4.8982944e-01   2.4829941e+00  -1.2713824e+00  -6.2512647e+00  -1.4037073e+00   4.0194019e+00  -5.3274657e-01   2.5399764e-01  -3.7920908e-01   3.1581732e-01  -3.5899493e-01
   9.0651855e-01   8.4875376e+00   2.3102230e+00   9.4382035e-01   2.4082709e+00   3.8528417e+00   5.1697337e+00   1.2366432e+00   1.2117308e+00  -1.6930143e+00  -2.0124095e+00  -1.0964654e+00  -3.1379074e+00  -2.2771543e+00   4.6356497e-01   3.9067189e-01  -1.7417723e+00   4.3313482e-01   6.3713096e-01   5.9533017e-01  -6.2703076e-01  -1.2052927e-01   6.4919215e-01  -4.7235777e-01
  -6.3517646e-02   7.6633654e+00   1.7662032e+00   1.1179639e-02   3.4599241e-01   5.0828821e+00   7.2628558e+00  -4.1200768e-01   1.2196179e+00  -7.1784083e-01  -1.3185390e+00  -6.5272881e-01  -1.4684983e+00  -1.0789187e+00  -5.1988389e-01   3.4881119e+00   6.7942018e+00  -1.1284536e-01  -1.7009704e+00   2.4939744e+00  -5.9428274e-01   2.6932766e-01   7.3016758e-01   2.1680443e-02
  -1.0667776e+00   6.6906297e+00   1.4698035e+00   2.9279539e+00   4.4904063e+00   3.8709638e+00   4.2709300e+00   3.0677191e+00   2.0533616e+00  -9.3809960e-01  -1.0281847e+00  -8.4729676e-01   1.9702973e+00   2.1933559e+00  -6.6017503e-01   3.6350868e+00   9.3382416e+00  -1.9725953e+00  -4.0098946e+00   1.1062835e+00  -1.8921628e+00   7.7149624e-01   3.6968397e-01   3.9952598e-01
   1.3676510e+00   9.0154448e+00   1.8709767e+00   6.1087406e+00   1.0312878e+01   1.3909616e+00   3.2416192e+00   3.1468317e+00   1.2448511e+00  -7.0484567e-01  -1.0892649e+00  -7.1546744e-01   2.0764365e+00   3.7054766e+00  -3.9920312e-01   2.4337793e+00   8.5710696e+00  -1.0675711e+00  -5.7975005e+00  -1.3642714e+00  -3.6412445e+00   8.2245190e-02  -1.6403711e-01   4.0912401e-01
   3.1463801e+00   1.1101532e+01   1.2675737e+00   3.3476700e+00   1.1432190e+01   2.7399090e+00   1.1655101e+00   1.1166487e+00  -1.6391300e+00  -5.4226751e-01  -1.5725206e+00  -4.6580713e-01   3.3713552e-01   3.3101747e+00   5.9902834e-01  -1.7765261e+00   1.9714350e-01   1.1171356e+00  -3.3684600e+00  -5.7435455e+00  -3.9066487e+00   1.1875774e-01   2.5962193e-01   4.1734963e-01
   9.4455828e-01   1.1016129e+01   1.2685134e+00   3.4519905e+00   9.7317049e+00   4.0470528e+00   1.1931500e-01  -1.4828796e+00  -2.3960031e+00  -7.9238908e-01  -1.2924267e+00  -2.2978761e-01  -2.6713140e+00  -4.0302047e-01   1.7221300e+00  -2.5198282e+00  -4.4569860e+00   1.4107973e+00  -3.0750066e+00  -4.3816067e+00  -1.4802107e+00   2.7620938e-02  -1.1938472e-02   9.9217366e-02
  -3.4952797e-01   1.0655549e+01   2.6695777e+00   1.5915398e+00   5.0767084e+00   4.2186216e+00   7.7939212e-01  -3.2327435e+00  -1.9861845e+00  -7.1619127e-01  -5.3717095e-01  -4.6411222e-01  -4.5825379e+00  -4.0735907e+00   3.6628623e+00   7.6920651e-01  -2.2475940e+00   7.0490358e-01  -9.8070211e-01   2.2640511e-02   1.6111364e+00   1.3052481e-01   6.1452340e-01  -1.5646030e-01
  -8.9136606e-01   8.6339053e+00   3.7531697e+00   3.2070635e+00   6.8051404e+00   2.7678013e+00  -1.1778318e+00  -1.2508822e+00  -8.0193775e-01  -5.7645238e-01  -1.6248475e+00  -5.6748885e-01  -2.6186304e+00  -4.4298463e+00   2.4116456e+00   2.4063424e-01   3.4600758e+00   2.5790374e+00  -1.7982845e+00   3.2361414e+00   2.9859941e+00   1.2738343e+00   5.2948740e-01  -1.3032494e-01
  -2.8094645e+00   6.1822577e+00   5.5195390e+00   4.6239433e+00   9.5240815e+00   4.4368901e+00   3.4303029e-01   1.0346108e+00  -1.9458031e-02  -4.5444865e-01  -4.8452509e-01  -5.3164697e-01  -7.6627055e-01  -1.8900919e+00  -1.1839833e-01   6.1224794e-01   4.3529740e+00   3.7066943e+00   7.7446677e-01   3.0295618e+00   2.0854689e+00   1.0227408e+00   9.8508652e-01   2.5651990e-01
  -1.7534190e+00   6.6080057e+00   3.4610012e+00   2.2967401e+00   1.2698132e+01   7.8064745e+00  -2.3599308e+00   1.2376553e+00   1.0996248e+00   9.8749108e-01  -5.2451855e-01  -3.9150764e-01  -8.4895083e-01  -2.6014077e-01  -2.3007137e+00   1.1596737e+00  -1.3365160e+00   2.1138730e+00   3.9803932e+00   5.6356930e-01   1.7942041e+00   6.4503411e-01   1.0022198e+00   1.1767184e-01
  -1.0679073e+00   8.8333614e+00   2.6380645e+00   2.9650734e+00   8.6596736e+00   7.2593265e+00   2.5321418e+00   6.7330424e-02   1.9123762e-01   3.5948205e-02   3.9029438e-01  -1.6732298e-01  -9.8456393e-01  -3.7518235e-01  -2.0480877e+00   1.6179630e+00  -2.0437412e+00   6.5412343e-01   2.1261586e+00  -2.2188999e+00  -1.5058243e-01   1.6255222e-01  -6.2298208e-01  -1.6541809e-01
  -3.0355709e+00   6.9181423e+00   1.7428365e+00   5.7760090e+00   5.2325703e+00   4.5273926e+00   3.6982022e+00   7.8111910e-02   1.7840206e+00   1.4590036e-01  -5.5892743e-01  -5.7314308e-01  -1.9419552e+00  -9.7417903e-01  -1.1985135e+00   2.2227897e+00  -3.0380616e+00   7.7098429e-01   4.2445074e+00  -1.2922666e+00  -7.1137290e-01   7.8458837e-01  -5.7994794e-01  -1.4470036e-01
  -3.6452345e+00   5.4644159e+00   3.3064897e+00   5.3112534e+00   1.0191251e+01   7.0576162e+00   5.0320171e-01  -1.7139673e+00  -5.8752958e-01   2.1017504e-01  -1.4017938e+00  -6.8895638e-01   6.5119978e-01   1.5392115e+00   1.4137032e+00  -1.8983298e-01  -2.4198022e+00   1.0857306e+00  -5.0490420e-01   1.7828497e+00   1.2206632e+00   9.6319326e-01  -1.1265073e+00  -3.4585536e-01
  -3.3776882e+00   6.8312099e+00   1.3290184e+00   4.4578346e+00   7.3752511e+00   9.0638061e+00   5.0213004e+00   1.8990429e-01   4.2194908e-01   2.0772602e+00  -4.9839639e-01  -3.4774149e-01   3.0749753e+00   3.0766647e+00   2.4314536e+00  -2.2503066e+00  -2.4479118e-01   9.5050854e-01  -8.3557690e-02   2.8959244e+00  -1.2202482e-01  -6.8657935e-01  -4.0739459e-02   1.1939508e-01
   7.9951012e-02   1.1185645e+01   4.9655283e+00   3.3394111e+00   3.9586299e+00   6.6197157e+00   1.1132364e+00   2.6857088e+00   2.7032682e+00   5.1505817e-01  -1.3297321e+00  -7.9880681e-01   2.2517897e+00   1.3128211e+00   3.9632982e-01  -1.0221026e+00  -1.8059260e+00  -1.8074444e+00   2.8767774e-01   2.1786031e+00  -1.4657518e+00  -1.4942544e+00  -1.6483210e-01   1.6032074e-01
  -2.8570066e-01   8.6725248e+00   4.5604976e+00   3.3864703e+00   7.9816939e+00   6.1721057e+00   3.2678483e+00   2.2221604e+00  -4.4415510e-02  -1.0364102e+00  -6.5606745e-01  -3.3912525e-01  -2.7747232e-02  -1.6475540e+00   4.2365895e-01  -1.1774720e+00   3.9450733e-01  -5.4960896e+00  -3.3932062e+00  -1.6545251e+00  -3.6048600e+00  -1.5248523e+00  -6.3263816e-01   1.3792549e-01
  -1.8135437e+00   6.5129900e+00   2.2852448e+00   4.3137817e+00   7.1791402e+00   5.7922998e+00   1.8114443e+00   5.3780935e-01  -2.5529750e+00  -4.7437131e-01  -1.5702064e+00  -4.5278340e-01  -1.9850081e+00  -3.4180896e+00  -3.7308122e+00  -5.3340448e-01  -7.8865372e-03  -3.8560441e+00  -1.8123125e+00  -4.4567685e+00  -2.2959196e+00   6.1072229e-01  -7.4063791e-01   2.2327835e-01
  -2.4725617e+00   6.6962064e+00   3.3046485e+00   2.2044413e+00   6.3567569e+00   1.2333797e+00  -4.1761288e-01  -1.2179336e+00  -2.3572193e+00   2.8469657e-01  -1.3271165e+00  -3.1386496e-01  -1.5942088e+00  -2.5772084e+00  -5.2973593e+00   8.2374619e-01   6.3320399e-01  -2.8387562e+00  -3.2659732e+00  -2.6972735e+00   2.2934092e+00   2.4548142e+00  -5.3178779e-01  -1.3034031e-01
  -1.8041307e+00   7.0466696e+00  -2.7654924e-03   3.1303189e+00   4.7592686e+00   3.3050125e+00   2.3749829e-01  -2.2793969e+00   4.1579082e-01   7.7058821e-01  -2.1051645e+00  -4.7651943e-01  -1.1559278e+00  -1.7255023e+00  -1.2756253e+00   4.1406602e+00   2.5273692e+00  -7.7630201e-01  -3.0659666e+00  -1.2900821e+00   3.8897414e+00   1.0089308e+00   2.0949509e-01   8.8427006e-02
