  -5.5606768e+00  -9.5997371e+00   3.0783577e+00   1.4832464e+00   5.3394186e+00   1.8185626e+00   5.6299503e+00  -4.3361117e-01  -2.6897552e+00  -2.2018053e-01   1.2423273e+00   3.0042324e-01  -8.5959324e-02  -1.1236342e+00  -1.6750488e+00  -3.6912818e+00   4.3208882e+00  -4.0673635e-01  -9.0747281e-01  -5.7302639e-01  -3.0139470e+00  -1.4403684e+00  -9.0899304e-02   1.2200544e-01
  -5.6053464e+00  -8.5598982e+00   2.3409998e+00   1.7167513e+00   6.8994451e+00   1.5163396e+00   4.6362220e+00  -5.3199455e-01  -2.4798917e+00   4.6884756e-01   7.4981032e-01   3.1659815e-01  -5.4782077e-02   4.7492932e-01  -2.5198268e+00  -2.9958867e+00  -2.4436956e-01  -1.9018264e+00  -4.7119562e-01  -1.7281977e+00  -2.7035219e+00   5.4708019e-01   1.1514735e-01   2.5060089e-01
  -5.5637841e+00  -8.7686629e+00   1.8206507e+00   9.8893504e-01   4.9286285e+00   3.3226060e-01   5.3305403e+00  -9.6285148e-01  -3.4949537e+00   6.6522342e-01   9.6868602e-01   2.2437057e-01   5.3494312e-01  -1.4152289e-01  -1.7550306e+00  -9.3250521e-01  -1.5346517e+00  -4.4329905e-01  -4.0171934e-01  -8.8972505e-01  -5.0907082e-01   1.5247528e+00   6.8363801e-01   1.4395746e-01
  -5.9415493e+00  -9.3526797e+00   3.3348700e-01  -1.0367417e+00   3.7187830e+00   1.0406023e+00   5.4270074e+00  -1.8519184e+00  -3.0311197e+00   1.7189802e+00   1.4527687e+00   4.3663875e-01   3.4825793e-01  -2.1996137e+00  -1.1308126e+00   2.7514053e+00   2.7387890e-01   2.1843619e+00   2.9763845e-01  -1.5434903e-01  -1.6022338e-01   1.2968519e-01   2.4592126e-01  -1.4475440e-01
  -4.5901606e+00  -9.4156307e+00   1.4495681e+00   1.4612351e+00   4.6277721e+00   1.3914827e+00   4.6319786e+00  -1.1082368e+00  -3.1777474e+00   1.4418823e+00   1.9163051e+00   4.5633912e-01  -5.6461797e-01  -2.8279992e+00  -1.7423716e+00   4.3928269e+00   5.1644319e+00   2.1474946e+00   3.6649076e-01   2.3137763e-02   1.1580133e+00  -3.3574050e-01  -3.5231651e-01  -6.8440267e-02
  -5.5697712e+00  -1.1535835e+01   8.3032221e-01   5.6077092e+00   7.4606917e+00   4.2632714e+00   5.4319605e+00  -6.9082544e-01  -2.8788299e+00   2.7504591e-01   6.4488268e-01  -1.6517727e-02  -1.7971647e+00  -2.7846564e+00  -1.2903340e+00   3.1184220e+00   6.6678901e+00  -8.9488656e-02  -8.4676728e-01  -1.0845629e-01   1.3442294e+00  -9.9834918e-01  -9.7798818e-01  -3.4427796e-01
  -6.5966001e+00  -1.1919084e+01  -1.0413242e+00   4.2559500e+00   1.0804322e+01   1.9421680e+00   5.8777999e+00  -1.5086913e+00  -1.8340787e+00   8.8357983e-01   8.4415428e-01   3.4828841e-01  -2.1413361e+00  -2.3257365e+00  -1.2114590e+00  -1.0839433e+00   3.8256942e+00  -3.0309732e+00  -2.7917838e+00  -8.4333057e-01   2.2918919e+00   3.2337479e-01  -7.7936540e-01  -1.9948078e-01
  -7.6340767e+00  -1.2277937e+01  -3.5656788e-01   2.2435338e+00   1.0632343e+01   6.3102666e-01   3.5339458e+00  -1.8143756e+00  -1.6866100e+00   5.0060770e-01   5.2186186e-01  -2.5752827e-02  -9.3680064e-01  -4.8888135e-01   9.3088808e-01  -2.6904218e+00   5.7643206e-01  -4.2672443e+00  -3.4097733e+00   7.7341656e-01   2.4871485e+00   4.8038413e-02  -7.2601374e-01  -1.1456392e-01
  -6.7700121e+00  -1.2533184e+01   2.2582465e-01   1.5174078e+00   8.7804876e+00  -1.3388548e+00   1.3933102e+00  -1.8114576e+00  -3.3601951e-01   1.8141636e+00   8.0876741e-01   1.6173550e-01  -2.3653082e-01  -4.9650169e-01   3.6459407e+00   4.1273277e-01  -1.1339055e+00  -1.1063836e+00  -1.4127295e+00   2.0810229e+00   1.7142500e+00  -9.9919499e-01  -1.0957776e+00  -1.9528311e-01
  -6.8882662e+00  -1.1962107e+01   1.5930799e+00   2.9413477e+00   9.3372570e+00  -4.9708366e-01   2.5595454e+00   6.2068252e-01   1.0286323e-01  -1.1818834e-01  -4.2644449e-01  -9.5087159e-02   5.1962509e-01  -4.4462122e-01   2.5940729e+00   8.7395289e-01  -9.7373103e-01   1.0213608e+00   2.6308401e+00   2.3516916e+00   9.4507138e-01  -1.2940815e-01  -3.4448842e-01   1.3932788e-01
  -7.3243016e+00  -1.2821752e+01   3.4527630e+00   4.5261422e+00   9.7510069e+00   8.4664787e-01   4.2459058e+00   3.9531388e-01  -1.5744029e-01  -3.0581463e-01  -3.2535894e-01   9.0030919e-02   9.7676848e-01   5.8001516e-01   1.5431551e+00  -4.0084625e-01  -1.2951723e+00   1.1140521e+00   3.0274549e+00  -3.5768327e-01  -1.9828646e+00   3.5966728e-01   6.5965272e-01   1.1369449e-01
  -6.5774943e+00  -1.2800585e+01   1.9210722e+00   2.0500960e+00   8.6864871e+00   1.0703165e+00   6.0539081e+00   6.0977608e-01  -3.5829255e-01   1.3664846e+00   5.7219240e-01   2.1909128e-01   4.6055789e-02  -6.8043213e-01  -2.1584610e-01  -1.0903403e+00  -6.0852336e-02   2.8020776e-01   1.1689102e+00  -2.5550507e+00  -3.0472696e+00   1.6278332e+00   2.1575656e+00   3.1794839e-01
  -5.4602453e+00  -1.1243922e+01   2.3765611e+00   1.3617643e+00   7.1631140e+00  -4.5147666e-01   4.1873113e+00  -2.3425293e+00  -3.0797385e+00   1.6113280e+00   1.2989280e+00   1.7518802e-01  -6.3662009e-02  -1.6336569e+00  -1.7689572e+00  -3.0156244e+00  -7.2992006e-01  -1.4141016e+00   2.3223899e-01  -9.3531713e-01  -1.8372866e+00   8.6887044e-01   2.1806971e+00   2.0155096e-01
  -7.7512106e+00  -1.3771670e+01   1.8074117e+00   2.8880261e+00   1.0539925e+01   5.7229024e-01   4.3422079e+00  -1.8429720e+00  -3.0068920e+00   1.3649901e+00   1.9977604e+00   3.3925688e-01  -1.4169859e+00  -2.7310757e+00  -5.5555669e-01  -1.6450212e+00   1.1732790e+00  -6.2239704e-01   9.7591383e-01   9.5749084e-01  -1.2829855e+00  -1.9026791e+00   9.5035759e-01   2.0713915e-01
  -6.8329365e+00  -1.4786695e+01   8.5615743e-01  -4.1625949e-01   7.7294079e+00  -1.0254914e+00   5.4501144e+00   2.1871222e-01  -1.5890704e+00   9.9823829e-01   2.2329027e+00   3.3227456e-01  -1.6581591e+00  -3.1085888e+00  -5.7051173e-01  -2.4821672e+00   1.0379108e+00   9.4591619e-01   3.0484128e+00   3.1158453e+00  -3.7939910e-02  -2.3047860e+00  -7.5671727e-01   2.8243770e-02
  -8.0166276e+00  -1.5125813e+01   1.8479390e+00   4.7157596e-01   1.0163259e+01   4.2372831e-01   6.8863773e+00   7.6539160e-01  -3.0281048e+00  -1.1809892e+00   1.5307414e+00   4.5125673e-01   6.9717028e-02  -7.6030357e-01  -1.7094907e+00  -3.5397705e+00  -2.0151374e+00   4.1991911e-01   2.7606407e+00   1.4254029e+00  -9.6765718e-01  -1.3657001e+00  -1.5922687e+00  -1.6200256e-01
  -7.8147754e+00  -1.5229734e+01   1.5005298e+00  -1.1532615e+00   8.9083134e+00   1.0416786e+00   7.4878457e+00   1.0270569e+00  -3.1260419e+00  -5.7286132e-01   3.9736161e-01   1.6155374e-01  -4.2708604e-01   4.9371005e-01  -2.6376877e+00  -3.5054302e-01  -2.4296661e+00   7.8869288e-01   6.4719490e-01  -8.9062356e-01  -4.8365807e-01   2.2196392e-02  -1.4679866e+00  -2.6862371e-01
  -7.1557156e+00  -1.4690606e+01  -1.0790105e+00  -2.0531286e+00   6.9277661e+00   1.6858393e-01   7.4643033e+00  -1.0904001e-01  -3.6898920e+00   1.0198970e-01   5.2712788e-01   1.8161346e-01  -1.2461141e-01  -3.6617470e-01  -4.0429268e+00   1.6340535e+00  -4.6658072e+00  -5.1989596e-01  -1.8117174e+00  -2.2868140e+00   8.1061610e-01   1.3398911e+00  -6.2621240e-01  -4.4388410e-01
  -7.9040215e+00  -1.4263733e+01  -1.6368994e+00   3.2027824e-01   5.7026550e+00   2.8512014e-01   6.1319438e+00  -6.8000731e-01  -1.9836639e+00   3.9004343e-01   5.3272958e-01   6.4160644e-02  -7.7114037e-01  -2.2733483e+00  -4.1419700e+00   1.8643840e+00  -4.3798371e+00  -2.5658626e-01  -6.3151070e-01  -4.9861094e-01   1.5000862e+00   9.8253923e-01   3.6415936e-01  -1.7036708e-01
  -8.1589216e+00  -1.6158075e+01  -2.6477365e+00   2.1858863e+00   4.7673771e+00   2.2163592e-02   4.8467523e+00  -1.8112973e+00  -2.3833697e+00   3.4739507e-01   5.2373885e-01  -1.6587287e-01  -1.0576489e+00  -2.2655956e+00  -8.6386724e-01   8.5911730e-01  -9.0707354e-01   2.0850751e+00   1.8019647e+00   1.3236000e+00   7.5914566e-01  -1.5374597e-01   6.8376603e-02  -2.8396760e-03
  -8.4698830e+00  -1.7906022e+01  -3.9280622e+00  -4.7619288e-01   3.4187522e+00   7.3000938e-01   7.8493552e+00   1.1302691e+00  -1.5291738e+00   7.7824484e-01   9.4529517e-01   7.9746283e-02   2.2412727e-01  -7.4276105e-01   1.8876749e-01  -7.2771584e-01   1.0869981e+00   1.8874202e+00   2.6169589e+00   2.1541716e+00  -3.6153667e-01  -9.3734363e-01  -4.4904342e-01   2.1955943e-01
  -8.4592582e+00  -1.6267855e+01  -1.2292300e+00  -3.6621705e-01   6.7091072e+00   3.0737519e+00   9.3085446e+00   9.7122175e-01  -2.7784186e+00  -3.2272996e-01   4.2340999e-01   1.6956112e-01   6.5090648e-01   9.5623269e-01   1.4158720e+00  -4.3773661e-02   1.5651201e+00   2.2151273e+00   9.7448503e-01   2.8686299e+00   2.9397428e-01  -8.7881064e-01  -1.0011617e+00   2.8290953e-01
  -7.4176623e+00  -1.5322985e+01  -2.0630014e+00   5.0475615e-01   6.3622871e+00   1.5904563e+00   7.8264859e+00   1.1599906e+00  -2.3284444e+00  -6.8090951e-01  -9.0671120e-02   2.2578279e-01   1.3081124e+00   2.1941075e+00   1.7160634e+00   1.2628119e+00   6.1373075e-01  -7.6662481e-01  -1.9607735e+00   2.2957114e+00   1.4188770e+00  -1.1752651e+00  -1.5601637e+00   3.8199012e-02
  -7.7086722e+00  -1.6015244e+01  -1.4564590e+00   1.6297513e+00   5.6432897e+00   2.9146311e+00   6.3199145e+00   2.4767868e+00  -1.5427729e+00  -2.4124372e-01  -4.6002054e-01   1.8547318e-01   1.7386141e+00   8.7391792e-01  -2.9752118e-01  -1.2593065e-01  -1.7177990e+00  -4.5631529e+00  -3.1053883e+00   2.6665852e+00   1.5216156e+00  -9.0131097e-01  -9.1590296e-01  -1.7662476e-02
  -6.8830073e+00  -1.4741166e+01  -1.2403526e+00   4.2004079e-01   4.8722570e+00  -3.4036742e-01   6.4025100e+00   3.8210537e+00  -1.8681163e-02  -1.0253959e+00  -9.5323515e-01   1.2908877e-01   1.7971194e+00   3.7157629e-01  -1.3050547e+00  -1.0992536e+00   1.6069608e+00  -3.1271562e+00  -1.4794995e+00   1.3713011e+00  -3.2810895e-01  -1.1908953e+00  -1.1451539e-01  -2.1278096e-01
  -6.1186646e+00  -1.5247888e+01  -2.0868362e+00  -5.1275535e-01   4.8774238e+00  -2.8055656e+00   5.3624500e+00   3.6405679e+00  -1.6508768e+00  -1.5024532e+00  -5.1916244e-01   1.9141442e-01   2.3254060e+00   1.3001647e+00  -2.3060050e+00  -2.0713482e+00   2.0658459e+00  -2.3788694e+00  -2.7263827e-01  -1.0932162e+00  -1.1673880e+00  -1.1017660e+00   5.8849005e-01  -2.1647782e-01
  -5.5169870e+00  -1.5149299e+01  -3.7053949e+00  -7.2870990e-02   9.1556613e+00  -2.4017965e-01   6.0859689e+00   2.6350516e+00  -2.7665559e+00  -1.8366477e+00  -2.3287325e-01  -9.6359279e-02   1.1851511e+00  -4.1473954e-01  -3.2887340e+00  -1.7613649e+00   3.3421363e+00   1.2366832e-01  -1.4583064e+00  -2.8152003e+00  -6.2431529e-01   3.2323494e-01   9.4895727e-01  -2.0222613e-01
  -4.9035734e+00  -1.3860931e+01  -3.6829452e+00  -1.2308151e+00   6.6003565e+00  -7.0376694e-01   6.0692276e+00   1.4299636e+00  -1.9199175e+00  -1.4882668e+00   6.2533588e-02  -2.6519528e-02  -6.1687568e-01  -2.5435429e+00  -3.1048329e+00  -1.5882340e+00   2.5133092e+00   1.0709548e+00  -4.3455900e-02  -1.2693822e+00   2.4563145e+00   1.4423736e+00   2.9209526e-01  -4.0353318e-01
  -5.7128263e+00  -1.6056754e+01  -5.3753991e+00  -1.8629768e+00   9.0239951e+00  -1.2057643e+00   3.8616616e+00   7.0355540e-01  -8.2063375e-01  -5.4763669e-01   1.7935274e-01  -6.5283446e-02  -7.9970954e-01  -3.4764373e+00  -1.5334373e+00  -1.4440080e+00   2.3598874e-01  -5.0987490e-01  -3.9242135e-01  -8.5016762e-01   2.3468564e+00   1.7209453e+00  -3.4277691e-01  -4.1803433e-01
  -6.9460585e+00  -1.8609475e+01  -5.9090833e+00  -2.0000534e+00   8.7132207e+00  -7.1634106e-01   6.4094198e+00   2.7022427e+00   1.0606339e+00   1.6601746e-02  -2.8713255e-01  -4.2942327e-01   8.8580259e-01  -9.9931815e-01   4.2524099e-01  -4.4862317e-01  -7.9644947e-01  -1.1075674e+00  -9.6821692e-01  -8.1891240e-01   1.6410733e+00   1.8495189e+00  -1.1061031e-01  -4.2857825e-01
  -5.6953088e+00  -1.7989683e+01  -4.8924817e+00  -1.8542638e+00   8.4532123e+00  -9.9870494e-01   5.3272408e+00   7.2366058e-01  -7.3654701e-01  -7.6640427e-03  -5.7220555e-01  -5.2195890e-01   2.0507124e+00   2.6866431e+00   2.4021040e+00  -3.3464496e-01  -5.2597303e+00  -2.5191762e+00   3.2971130e-01  -1.6359906e-01  -2.1130349e-02   1.0246910e+00   3.3710863e-01  -7.4515395e-02
  -3.5836283e+00  -1.4393443e+01  -3.2865424e+00  -1.9081063e+00   5.6910737e+00  -2.4686477e+00   3.8841127e+00   1.9154238e-01   4.9964902e-01   1.0160252e+00   2.7239726e-01  -4.4104918e-01   3.1972702e+00   5.1176639e+00   2.7155279e+00   1.9913643e-01  -5.3480433e+00  -3.5674120e+00  -1.6186159e+00   5.2965993e-01  -9.4944644e-01   7.8964584e-01   5.3294072e-01   2.5295982e-01
  -4.3179727e+00  -1.4134805e+01  -3.0835135e+00  -2.4109177e+00   2.6454731e+00  -4.1083752e+00   5.6188821e+00   1.7135070e+00  -5.7183684e-01   4.8968810e-01   4.0525077e-01  -1.7124359e-01   2.8200243e+00   3.7472858e+00   2.4743962e+00   1.3268550e+00  -2.4521173e+00  -1.5471755e+00   2.0248787e-01   2.1942194e+00   8.8623593e-01  -1.3764360e-01   3.1916739e-01   2.8097995e-03
  -2.8388213e+00  -1.2860418e+01  -2.7402756e+00  -1.4230218e+00   3.5950254e+00  -4.5126240e+00   3.8356752e+00   3.0018094e+00  -4.4589085e-01   9.5239444e-01   2.3550371e-02  -2.2534119e-01   1.3015014e+00   2.8204986e-01   1.0547833e+00   1.6976999e+00   2.0568136e+00   1.2324589e+00   9.5399229e-02   8.7158875e-01  -4.7608691e-02  -9.6191649e-01  -4.1349953e-01  -2.6168610e-01
  -1.8376759e+00  -1.3135267e+01  -1.4540208e+00  -1.0652363e-01   5.8230605e+00  -2.2974800e+00   5.6551913e+00   2.6098561e+00   1.0655768e+00  -1.8231408e-01   3.0968980e-02  -6.2559819e-01   1.3146646e+00   1.4512031e-01   1.6530799e+00   3.6407881e+00   5.8884516e+00   3.4724188e+00   3.8554427e-02  -1.5288174e+00  -6.3611579e-02  -2.1531829e-01   3.9543171e-02  -8.3717411e-02
  -2.8715246e+00  -1.4470137e+01  -2.5191138e+00  -5.1375357e-01   7.1875004e+00  -1.5254069e+00   4.0090569e+00   1.0507510e+00  -3.9047084e-01  -9.0848472e-02  -1.6071115e-01  -6.0640103e-01   1.9189196e+00   9.0988269e-01   2.0041599e+00   3.5036908e+00   5.9950883e+00   3.1942554e+00   1.6757440e+00  -6.9691747e-01  -1.2949498e+00  -2.4981068e-01   6.2338186e-01   2.5950856e-01
  -2.3296242e+00  -1.3112265e+01  -7.1447454e-01   2.5956303e+00   9.6819130e+00  -3.9335549e-01   5.5900229e+00   3.9581017e-01  -6.9496421e-01   6.8833212e-01   5.5669629e-01  -1.0628978e-01   2.1108210e+00   3.5871633e+00   2.8439574e+00   3.9530296e+00   5.8600135e+00   4.5175399e+00   1.6298795e+00   1.3784443e+00  -1.0754773e+00  -9.1553631e-02   6.5591088e-01   6.2704500e-01
   2.8553230e-01  -1.1507095e+01  -1.0380898e-01   2.4814374e+00   1.0658232e+01  -6.7330311e-01   6.3818754e+00   3.0634562e+00  -1.5080451e+00   1.4235532e-01   6.9575951e-01  -9.5732561e-02   1.3413776e+00   5.2433752e+00   3.1049343e+00   2.9415049e+00   5.4032914e+00   7.9123017e+00   4.3419599e+00   4.0209892e+00   1.8734134e+00  -2.4934102e-01   5.2129491e-01   5.3256325e-01
  -2.4997290e-01  -9.2360431e+00   1.6042629e+00   4.3254252e+00   1.2877715e+01   4.0527780e+00   6.9136013e+00   3.6711700e+00   1.1148003e-02  -4.3624643e-01   5.8659997e-01   5.9635074e-02  -4.3465792e-01   6.4531375e+00   1.9763820e+00  -8.6999711e-01   2.3449572e+00   9.1024313e+00   3.6768440e+00   3.6496738e+00   2.6905704e+00  -1.2964700e-01  -3.0797820e-01   2.4230080e-01
  -1.8992838e+00  -8.5431852e+00   9.7891890e-01   3.0336064e+00   1.3694536e+01   8.1199788e+00   9.8602075e+00   5.4445549e+00   2.0665931e+00   9.7429276e-02   6.0627938e-01   1.0948142e-01  -1.9133741e-01   8.5230925e+00   1.6513633e+00  -4.1573524e+00  -2.2148907e+00   6.3337621e+00   3.7460902e+00   1.0992967e+00   2.6367953e+00   1.4421360e+00  -6.5572645e-02   2.6165423e-02
  -1.8892030e+00  -4.9145132e+00   1.7087345e+00   1.0145501e+00   1.1681196e+01   8.8636505e+00   9.3661229e+00   4.6797716e+00   1.5535723e+00   5.1632464e-01   1.3946905e-01   1.5455443e-01   2.9164943e+00   7.9455803e+00   7.4884209e-01  -5.1855987e+00  -5.6096870e+00   1.9837172e+00   4.7739369e+00   7.9953367e-01   1.1009541e+00   2.3821107e+00  -2.6977978e-01  -9.7777873e-02
   8.1814124e-01  -8.8322129e-01   2.3210001e+00  -2.0991536e+00   7.9341550e+00   6.4219038e+00   1.0774750e+01   4.2081004e+00   1.6759357e+00   1.8292737e+00   8.2096600e-01  -1.0394410e-01   6.1174715e+00   6.8189253e+00   1.1457195e+00  -3.1239039e+00  -5.9562664e+00  -1.2090598e+00   4.5839329e+00   2.2980232e-01  -1.2467985e+00   2.0682432e+00  -1.5085152e-01  -1.8017160e-01
   2.7660560e+00  -1.1476546e+00   2.0564854e+00  -8.8659287e-01   7.3433753e+00   7.8773912e+00   1.3617236e+01   5.4886977e+00   1.8579078e+00   2.2709973e+00   7.4586985e-02   1.9681028e-02   6.7710406e+00   3.3722682e+00   2.9071523e-01  -1.0629001e+00  -4.2383455e+00  -1.5803072e+00   4.3841422e+00   7.1125218e-01  -1.4107085e+00   1.4854004e+00  -4.3980206e-01  -1.7264055e-01
   4.9492939e+00  -1.9822654e-01   2.5236227e+00  -7.0167798e-01   6.9290474e+00   6.7995187e+00   1.4610551e+01   5.3847953e+00   4.4227642e-02   2.3224578e+00   4.1244313e-01  -9.3339276e-02   6.2859379e+00   1.1468677e+00  -2.0497514e-01   7.4893113e-01  -4.6368657e+00  -3.1603330e+00  -2.4397458e+00  -2.4418647e-01  -1.4279214e+00  -3.6502690e-01  -1.0692711e+00  -3.9313803e-02
   6.2017816e+00  -1.9860830e-01   2.0434960e+00  -1.2785378e+00   5.8262319e+00   6.3043821e+00   1.4024436e+01   5.1583024e+00   2.5336363e-01   2.4978332e+00  -3.1597260e-01  -1.0970881e-01   5.5529026e+00   2.6617085e+00  -1.7952950e+00  -1.1209982e+00  -4.3656245e+00  -2.8570952e+00  -3.8868647e+00  -5.2786157e-01  -1.8908527e+00  -1.5590706e+00  -6.7144173e-01  -1.3546615e-01
   8.5291853e+00   3.6255703e-01   2.0200321e+00  -7.7978440e-01   1.7374282e+00   2.4679088e+00   6.9115310e+00   4.0070184e+00   3.3632562e-01   1.1683154e+00  -5.8766079e-01  -9.8219886e-02   4.9746538e+00   3.0772670e+00  -2.6814315e+00  -2.8636847e+00  -3.7424038e+00   1.4453047e+00  -6.5052625e-01   7.0696343e-01  -6.2028346e-01  -1.3597433e+00   1.5023452e-01   2.0509922e-01
   9.3054642e+00   2.5645163e+00  -3.8466175e-01  -2.5290370e+00   3.3907481e+00   5.7575533e+00   1.1636448e+01   5.3857938e+00  -1.1244203e+00   5.0946264e-01  -4.3252365e-01  -1.8107790e-01   5.1131759e+00   4.2692693e+00  -3.0770131e+00  -3.9715894e+00  -2.4461972e+00   3.4585159e+00   1.1546841e+00  -9.5388189e-02  -6.1950440e-01  -3.0722938e-01   1.0024443e+00   2.8115546e-01
   1.0859433e+01   3.0361117e+00  -2.8444567e-01  -4.3719554e+00   2.5331836e+00   9.2408902e+00   1.4828755e+01   6.3314947e+00  -1.9730559e-01   1.2770281e+00   6.9607043e-01   2.4999409e-01   1.7068823e+00   1.9232475e+00  -2.1626856e+00  -7.4527661e-01  -4.1893487e-01   3.2287590e+00  -4.8402092e-01  -1.0540949e+00   1.3104567e+00   1.0017297e+00   1.3480035e+00   2.0727827e-01
   1.2706421e+01   4.8685182e+00  -1.4197848e+00  -5.4398364e+00   1.7590584e+00   8.1056653e+00   1.1797850e+01   3.8529819e+00  -4.0907738e-01   1.9826328e+00   5.4582827e-01   1.3791738e-01   1.3897310e-02  -8.1688491e-01  -1.1319206e+00   2.4201460e+00  -1.4422909e+00  -1.3361459e+00  -5.7225357e+00  -1.2297746e+00   2.8587657e+00   6.3778082e-01   1.2385103e-02   7.2374105e-02
   9.3890301e+00   2.0954273e+00  -7.0643485e-01  -4.4229963e-01   1.9248708e+00   6.1369914e+00   6.1047988e+00   3.1922820e+00   1.9443392e+00   1.9343249e+00   9.4516845e-01   5.3199879e-02   7.9659416e-01  -4.1397188e-02   1.2732076e+00  -5.7574173e-01  -4.6841177e+00  -1.4648154e+00  -2.5082813e+00  -1.1338871e+00   2.1721183e+00   6.7099583e-01  -4.0155534e-01  -1.4333891e-01
   1.0061512e+01   1.8095311e+00  -1.8715480e+00  -8.6364586e-01   1.5314683e+00   5.3052840e+00   7.4146230e+00   5.1107383e+00   2.0929059e+00   1.1374854e+00  -5.3849501e-01   2.5880368e-02   1.2592399e+00   2.7114234e-01   2.6643316e+00  -3.3544720e+00  -5.4573088e+00   5.0258674e-01   9.5634753e-01  -2.1795497e-02   2.4825960e+00   1.1731317e+00  -3.3949224e-01  -2.6896750e-01
   1.3376779e+01   4.5035095e+00   1.8512474e+00  -7.5236633e+00  -4.3791978e+00   8.4438577e+00   1.3257947e+01   4.0017860e+00   1.8098802e+00   2.7060955e+00   6.3589906e-01   9.1004240e-02   1.8239991e+00   1.3410870e+00   1.4497909e+00  -4.3967546e+00  -3.0624132e+00   1.2274715e+00   2.8861238e+00   6.1182034e-01   2.5834026e+00   1.9551222e+00   1.5202843e-01  -8.9846290e-02
   1.2601407e+01   4.0711907e+00   1.2978716e+00  -6.9308625e+00  -3.2748705e+00   7.7061122e+00   9.6557974e+00   3.4155367e+00   3.3820461e+00   3.3564451e+00   1.9122461e-01  -2.8443604e-01   1.4409989e-01   2.0922948e-01   1.5557636e+00   1.9144683e-01   1.4424764e-01  -1.8499365e+00  -2.8111065e+00  -1.1324887e+00   4.0389808e-01   7.4329667e-01   5.4768264e-01   3.2820714e-02
   1.0855081e+01   2.9762280e+00  -1.1645825e-01  -4.0038232e+00  -2.6557964e-01   6.7777845e+00   9.3133972e+00   4.9576133e+00   5.1748730e+00   3.7575285e+00   8.0835129e-01   7.3588649e-02   2.8769209e-01  -3.8923168e-01   1.2670711e+00  -1.9764807e-01   2.3341327e+00  -1.9044556e+00  -4.6991448e-01   8.4290716e-01  -9.4022294e-01  -4.2914381e-01   2.0220547e-01   1.8631699e-01
   1.1538511e+01   2.8870161e+00   1.4459502e+00  -2.3363956e+00  -3.0896935e-01   3.3634158e+00   5.1702378e+00   2.9340916e+00   1.0162566e+00   1.7267140e+00   1.9680284e-01   8.3819235e-02   1.0806749e+00   1.0376778e+00   6.6901123e-01  -6.2414221e-01   6.6041657e-01  -1.3564369e+00   6.5584095e-01   8.7528600e-01  -2.2101212e+00  -8.9652600e-01  -3.6272085e-02   1.7476122e-01
   1.4339766e+01   4.5117493e+00   3.6778148e+00  -1.0117369e+01  -2.3609493e+00   7.7585225e+00   1.4795855e+01   5.5068693e+00   1.5824406e+00   2.8772453e+00   9.3641815e-01   1.8635209e-01   3.9743321e+00  -4.1591509e-01  -4.8034601e-01   1.4077853e-01  -1.0224953e+00   2.1877993e-01   2.0053665e+00   8.2370074e-01  -1.3324869e+00   1.4171496e-01   8.8112609e-02  -3.2074018e-01
   1.2480077e+01   4.8599467e+00   4.0425189e-01  -4.8103030e+00  -1.2365609e+00   5.1810879e+00   7.8983302e+00   4.4538377e+00   1.8630805e+00   2.4517976e+00   7.2783047e-02  -7.8675937e-02   1.9738157e+00   1.6815432e+00  -8.2352809e-01   1.0283745e+00  -8.8839612e-01  -6.3172116e-02  -7.1503749e-01  -7.7751778e-02   8.5132806e-01   4.5812132e-01  -3.7178670e-01  -2.3378600e-01
   1.6345796e+01   1.3658901e+00  -3.1612813e-01  -2.5557017e+00  -1.3355268e+00   6.1971183e+00   1.0957401e+01   5.4332913e+00   2.7527307e+00   3.6075591e+00   1.0025301e+00  -3.2627404e-01   1.4390846e+00   2.4717043e+00   2.2412437e-02   2.2996516e+00  -8.0744516e-01  -4.8629173e-01  -2.0800199e+00  -1.2573843e+00  -8.8647003e-01  -8.9781715e-01  -7.5290388e-02  -1.5745763e-01
   1.3496219e+01   6.9822606e+00   2.2076295e+00  -4.5746675e+00  -2.1542748e+00   4.0493597e+00   6.0169085e+00   2.8542529e+00   1.7081036e+00   2.0487391e+00  -3.9393318e-01  -1.0546695e-02   9.4557991e-01   3.6563301e+00   1.8285906e+00  -1.7436119e+00  -1.1140762e+00   2.2552004e+00   1.2928739e+00  -1.1270851e+00  -1.5162610e+00  -1.2048483e+00  -1.5356962e-01   5.1087832e-02
   1.5990321e+01   7.1581487e+00   2.8097446e+00  -6.7857092e+00  -3.1132601e+00   7.5949490e+00   1.2616536e+01   4.4205853e+00   3.3022397e-01   1.7320489e+00   1.0568407e+00  -8.3898973e-02  -7.9772516e-01   3.4276111e+00   1.7389548e+00  -1.3873213e+00  -2.3368447e+00   3.0924886e+00  -8.2369428e-01   9.3575806e-02  -1.3777583e+00  -2.1121772e+00  -2.2101264e-01   8.7645384e-02
   1.4076184e+01   7.4483126e+00   1.5842014e+00  -5.3107171e+00  -2.0188086e+00   7.8649731e+00   9.0080735e+00   3.2695631e+00   7.9994231e-01   1.5822803e+00  -1.8472667e-01  -1.2323172e-01  -6.2016058e-01  -1.3662151e+00   1.6095086e+00   3.5262060e+00  -8.4910816e-01   1.4448719e+00   2.2284612e+00   6.3374313e-01  -1.3000459e+00  -7.4491935e-01  -9.4422822e-02  -9.9112401e-02
   1.4859226e+01   6.2742807e+00   2.6040181e+00  -4.2686589e+00  -4.9085269e+00   8.9280445e+00   8.2262769e+00   5.3659999e+00   1.1401738e+00   6.7252271e-01   5.6640788e-01  -1.3846345e-01  -3.3619642e+00  -1.7917183e+00   2.2585046e+00   6.8046334e+00   9.1155810e-01  -2.2251112e+00  -1.3315232e+00  -1.3135602e+00  -7.9113475e-01  -5.3017467e-01  -1.1509294e+00  -1.9942518e-01
   1.3131526e+01   5.3748720e+00   4.7247556e+00  -5.4388356e-01  -2.5303036e+00   5.5501198e+00   1.1554730e+01   3.3321603e+00  -6.4694012e-01   1.4611231e+00  -2.9035101e-01  -1.3193306e-01  -1.8805965e+00  -2.2710256e+00   3.8037960e+00   4.5716989e+00   1.4230266e+00  -1.0818223e+00   5.5418158e+00  -1.3791443e+00  -2.3410386e+00   9.1676257e-01  -2.9993597e-01  -1.2463795e-01
   1.1419704e+01   5.5072916e+00   4.6272245e+00   1.0378240e+00  -1.4901754e+00   5.4147088e+00   9.3459228e+00   2.4189465e+00  -1.3303695e-01   9.9736547e-01  -6.1674121e-01  -3.7868607e-01  -2.0276457e+00  -2.4761422e+00   4.3187986e-01   4.3702865e+00   4.3281696e+00  -1.3448479e-01   4.6262921e+00  -1.5872716e+00  -1.3038635e+00   4.3879873e-01  -4.8476206e-01  -3.6287027e-02
   1.2975050e+01   4.4252687e+00   6.2782922e+00  -1.1064102e+00  -1.5934445e+00   7.9989076e+00   1.6760974e+01   2.6743733e+00  -2.0750103e+00   2.7950028e+00  -4.3056079e-02  -1.9007734e-01   1.7787470e-01  -4.8290831e-01  -4.4413071e+00  -7.8305338e-01   3.9014550e+00   6.7774002e-01   3.3703260e+00  -1.0138833e-01  -3.5578553e-01   3.6843415e-01   2.6722122e-01   1.5391725e-01
   1.1895995e+01   3.0348691e+00   2.4750696e+00   2.5680342e+00   1.1152979e+00   7.5019235e+00   1.2562593e+01   3.3139860e+00  -1.0158628e-01   6.6378098e-01  -2.8438268e-01  -1.6382185e-01   1.8012571e+00   1.9459573e-01  -6.3240870e+00  -4.5510581e+00   8.2582677e-01  -2.2059958e+00   2.4384680e+00  -1.2546548e+00  -1.0667005e+00  -1.9836867e-01  -3.6707846e-01   4.3156481e-01
   1.3160192e+01   5.8867208e+00  -8.6112758e-01  -2.4835687e+00   2.0191423e+00   5.5231226e+00   1.5001884e+01   2.7325580e+00  -1.1963438e+00   2.1805666e+00  -5.5698447e-02  -8.4892952e-03   7.0156476e-01   1.2375531e-01  -6.4915526e+00  -6.3780742e+00  -2.5342496e+00  -4.5906218e+00  -3.0937842e+00  -1.4138255e+00   2.4778201e-01  -7.6451069e-01  -6.9410186e-01   4.2646355e-01
   1.4029019e+01   5.0684591e+00  -1.2891962e+00  -5.1001839e+00  -2.0577287e+00   3.3436077e+00   1.3883170e+01   5.0787195e-01  -2.1724210e+00   1.0070306e+00  -1.1610377e+00   1.7786712e-01   1.2727887e+00   7.4185751e-01  -2.7663780e+00  -9.3745368e+00  -5.4458837e+00  -1.9965736e+00  -2.5526461e+00  -2.6524862e+00  -1.0169215e+00   9.7486657e-01   4.6800253e-01   3.4662962e-01
   1.2960885e+01   3.5941066e+00  -1.5769038e+00  -6.8394125e+00  -3.8083056e+00   3.1921327e+00   1.1460009e+01   1.9566921e+00  -6.6791989e-01   1.4766120e+00  -6.4588135e-01   2.7877350e-01   7.8075288e-01  -9.5710145e-01  -6.9406031e-01  -1.9529509e+00  -2.9894297e+00  -5.7802223e-01  -5.6643054e+00  -2.0032820e+00   7.7698727e-01   3.2829783e-01   5.1547460e-02   1.9414128e-02
   1.3904831e+01   5.2939625e+00  -1.3166093e+00  -9.3158491e+00  -4.1398037e+00   5.6725580e+00   1.0504561e+01  -2.7681035e-01  -1.8911804e+00   2.4780582e+00   7.1271257e-01   2.1249119e-01   1.8143703e-02  -1.1264438e-01  -3.2146602e-01   3.4263244e+00   2.1981920e+00   1.2078009e+00  -5.0185270e+00  -1.6713360e-02   1.0978453e+00   1.7385842e-01   3.6435086e-01  -2.5404303e-01
   1.4393415e+01   4.3383170e+00  -1.8885115e+00  -3.3051625e+00  -1.4239647e+00   3.4916141e+00   8.1947304e+00   1.1997623e-01  -1.7148312e-01   1.9374996e+00  -9.1525240e-01   3.3198645e-03   7.0451093e-01   1.9940649e+00   1.1746034e+00   4.5392963e+00   1.3751738e+00   2.5461572e-01  -3.7043425e+00   3.7540991e-01   1.0997099e-01  -1.1719306e+00  -6.7762734e-01  -3.5995094e-01
   1.3339970e+01   4.5273874e+00  -1.6155913e+00  -1.7278222e+00   4.7388946e-02   5.0055684e+00   7.9880191e+00   1.4011599e+00  -7.7387144e-01   1.0373744e+00  -4.7982590e-01  -6.5470602e-02   1.0666856e+00   2.2260828e+00   1.3462362e+00   2.3128412e+00  -7.5409360e-01  -6.1298512e-01  -2.2381534e+00   1.0694024e+00  -7.6703150e-01  -1.9751777e+00  -9.4097167e-01  -1.2981025e-01
   1.4300083e+01   6.9684914e+00   3.3449232e-01  -3.8244815e+00  -3.8391411e+00   3.9075511e+00   7.1617663e+00   1.6808219e+00  -1.0616179e+00   4.3905797e-01  -1.0660531e+00  -1.2217202e-01   1.4145291e-02   2.3996876e+00   2.0837263e+00  -1.4490598e+00  -1.3404842e+00   4.2422353e-01  -1.5258532e+00   4.8260689e-02  -1.2123559e+00  -2.4856959e+00  -1.7540902e-01  -1.4031869e-01
   1.5551526e+01   7.3179995e+00  -4.0875681e-01  -5.5869279e+00  -4.0633559e+00   4.5451118e+00   7.6638126e+00   5.4687037e-01  -2.5966603e+00   2.6451238e-01  -6.2334457e-01   8.0521758e-02  -1.0349897e+00   5.3540466e-01   1.6036994e+00  -3.0363100e-01   1.4200040e+00  -2.1328518e+00  -4.6466854e+00  -8.1668564e-01   1.3465869e-01  -2.3421758e+00  -1.1624201e-01   9.2675933e-02
   1.3308855e+01   6.5425424e+00   6.3366073e-01  -3.5491994e+00  -1.3793186e+00   4.3581777e+00   6.0680538e+00   6.1951201e-01  -1.0786225e+00  -1.4046133e+00  -1.1066066e+00  -2.8015435e-01  -1.0393309e+00   2.0540035e-01   6.7863872e-01   2.3815044e+00   3.4480047e+00  -4.6226779e+00  -1.6446969e+00   8.7590622e-01  -1.0347279e+00  -1.8257220e+00   9.3488315e-02   3.9274567e-01
   1.2283099e+01   5.5434689e+00   6.4037348e-01  -2.3209098e+00   9.4748368e-01   1.5809774e+00   1.5648471e+00   7.0678633e-01  -5.6338108e-01  -1.5540537e+00  -6.3391218e-01   1.5253446e-01  -3.1700455e-01   6.6140181e-01  -2.7041272e-01   2.3197261e+00   1.4251512e+00  -5.7273109e+00   7.0444529e-01   3.1663075e+00  -1.9243448e+00  -1.4282635e+00   1.0101507e-02   3.2910261e-01
   1.4375300e+01   8.1638573e+00   8.2788526e-01  -1.8852340e+00  -1.1725539e+00  -1.5443986e+00   7.7442038e+00   2.9147232e+00  -3.6303493e+00  -1.3902420e+00  -9.2053684e-01   4.3094012e-01   8.0955633e-01   1.9242862e+00  -2.3236420e+00  -2.2100398e+00  -1.6911009e+00  -1.7022851e+00   4.2745465e+00   3.3837809e+00  -2.1541914e+00   4.2469614e-01   8.0810007e-01   2.6737154e-01
   1.4542797e+01   7.4994448e+00  -9.1148815e-01  -2.9393215e+00  -2.0290114e+00  -1.0945665e+00   7.8824056e+00   4.1487260e+00  -4.2073141e+00  -1.8850685e+00  -7.0122719e-01   2.1862844e-01   9.7544355e-01   1.3518218e+00  -2.6084514e+00  -2.5148198e+00  -3.4080001e-01   2.0858835e+00   4.1223360e+00   3.0363882e+00  -1.4411760e+00  -2.6953874e-01   7.9466833e-01  -2.8477620e-01
   1.3393341e+01   8.4509837e+00  -2.0758714e+00  -6.5550533e+00  -2.4277223e+00   3.1425220e+00   9.3210943e+00   3.9742136e+00  -2.4879431e+00  -6.0206164e-01   1.3920101e-01   8.7855973e-02  -1.8935907e+00   7.2205142e-02  -7.9896415e-01  -1.6260292e-02   3.2931583e+00   5.2941878e+00  -9.0658175e-01   1.5604329e+00   2.0762354e+00  -4.7058817e-01  -3.9953434e-01  -7.3413282e-01
   1.4237244e+01   7.4276384e+00  -1.8204252e+00  -3.7582298e+00   1.0638679e+00   2.3663424e+00   6.9599058e+00   4.7316235e+00  -3.2963482e+00  -2.3524520e+00   2.8221393e-02  -1.0308776e-01  -8.3686564e-01   9.1468276e-01   8.3878752e-01   2.7488711e+00   4.6439398e+00   4.3898976e+00  -1.0692404e+00  -6.7509323e-01   1.1307683e+00  -1.9815057e+00  -9.7310812e-01  -4.2227525e-01
   1.1687690e+01   8.3080682e+00   8.3907569e-02  -1.5001703e+00   2.2207438e+00   4.6664287e+00   6.8455810e+00   4.9639239e+00  -9.7147909e-01  -1.8624326e+00  -1.8845626e+00  -5.0940101e-01  -2.7807085e-01  -5.5012387e-02   6.8618706e-01   4.8341056e+00   4.5212627e+00   2.0922822e+00  -4.0352043e-01  -2.4396953e+00  -1.1010885e+00  -3.3587715e+00  -7.8564275e-01  -7.8912222e-02
   1.4140323e+01   8.9429267e+00  -7.3319638e-01  -1.3434563e+00   2.6126651e+00   4.7283266e+00   7.5163016e+00   2.6412310e+00  -3.2693937e+00  -4.2271417e+00  -1.1490075e+00  -1.1615595e-01  -3.3952025e-01  -4.3791802e-01   4.4793142e-01   3.3840211e+00  -1.4009087e-01  -9.6435892e-02   8.8937588e-01  -4.2938372e+00  -2.9348947e+00  -2.0799311e+00   1.2725623e-01   2.2070031e-01
   1.3024695e+01   7.6108209e+00  -1.5902053e+00  -5.1128171e-01   3.5797730e+00   5.0999533e+00   8.4376158e+00   1.3598668e+00  -4.1530531e+00  -4.7028741e+00  -4.5064864e-01  -2.3978267e-02  -4.3154176e-01  -2.0581896e+00   1.2368443e+00   1.2986846e+00  -2.2181218e+00  -1.2419352e+00   7.7080225e-01  -2.7451358e+00  -2.8558511e+00  -5.7727907e-01   9.7705573e-01   2.4510731e-01
   1.3059461e+01   7.1193850e+00  -3.1147168e-01   8.2335752e-01   1.7421696e-01   2.0049263e+00   7.4979522e+00   9.2896160e-02  -6.1079032e+00  -4.0521279e+00  -4.9785127e-01  -1.4748668e-02  -2.2424821e+00  -1.6349423e+00   3.6343299e+00  -6.1479302e-01  -3.3882165e+00  -2.2515449e-01   1.2606075e+00   1.3860422e+00   3.8006245e-01   1.7305173e+00  -4.4400602e-01  -2.4606568e-01
   1.1580809e+01   6.1325547e+00   1.7283117e+00  -6.3555024e-01   1.1278525e-01   4.1652260e+00   8.0109591e+00   2.1203875e+00  -3.8360011e+00  -2.8158581e+00  -7.4455717e-01  -1.9244369e-01  -2.4925301e+00  -1.1818103e+00   2.5948536e+00  -2.0283764e+00  -2.1832435e+00  -7.7793679e-01  -1.2994653e+00   9.5603342e-01   2.5396604e+00   2.5104203e+00  -1.1628763e+00  -4.0098678e-01
   1.1498543e+01   7.2296464e+00   3.0590399e+00  -2.2035116e+00  -7.3616571e-01   4.8579585e+00   9.6205412e+00   4.3400340e+00  -2.8578261e+00  -2.5748737e+00  -1.6680623e+00  -4.0102176e-01  -2.9508173e+00  -1.3683339e+00   3.1701155e-01  -2.5357514e+00   1.0148815e+00  -7.3043383e-02  -3.0091660e+00   1.8425950e-01   3.2049195e+00   1.6010570e+00  -1.6264416e+00  -5.2501218e-01
   1.0066359e+01   5.7829747e+00   6.1681938e-01  -2.0404118e+00   7.6009907e-01   2.5065320e+00   5.4271233e+00   6.7034807e-01  -1.9686011e+00  -1.6758707e+00  -1.6098576e+00  -4.3232190e-01  -9.2556292e-01   3.4625249e+00   3.2429099e-03  -2.0843049e+00   1.6221252e+00   4.3477653e-01  -2.4049842e+00  -1.1945001e+00  -5.8941645e-01  -6.2823691e-01  -1.2403556e+00  -2.0777324e-01
   9.3904606e+00   5.2416741e+00   7.1979179e-01  -2.2778388e+00   1.3728823e+00   2.7247083e+00   4.2761212e+00   1.0943051e+00  -2.2342240e+00  -2.2205360e+00  -2.5048634e+00  -6.8232783e-01   1.0338225e+00   6.6822418e+00   6.6706106e-01  -2.6678685e+00  -5.9107712e-01  -1.3740924e-01  -1.1998256e+00  -7.4209553e-01  -1.2285436e+00  -9.2883019e-01   1.9970631e-03   3.2296461e-01
   1.1246506e+01   1.2320328e+01   2.9028001e+00  -3.7248440e+00   1.4914490e+00   5.8840159e+00   7.0756928e+00   1.9515018e+00  -5.0319268e+00  -3.9353823e+00  -2.1866899e+00  -3.6345052e-01   2.6008794e+00   7.1188853e+00   2.3567823e+00  -2.2531600e+00  -1.0670625e+00   1.3573496e+00   2.0799864e+00   5.9906093e-01  -6.6359868e-01  -8.8678800e-01   7.3617551e-03   1.8728557e-01
   1.2459203e+01   1.3984332e+01   2.9166412e+00  -5.3630983e+00  -1.9884564e+00   2.9631027e+00   6.9965181e+00   2.5863138e+00  -3.1689787e+00  -2.8383632e+00  -1.3766505e+00   4.8989474e-02   1.3585252e+00   3.2201196e+00   4.0067608e-01  -2.4991681e+00  -3.2485440e+00  -2.3578487e+00   3.0639039e-01   5.8724185e-01   2.7797738e-01   2.4342540e-01   6.5621313e-01   2.3287328e-01
   1.2433306e+01   1.2089974e+01   3.0535681e+00  -3.8775220e+00   8.4017461e-01   4.4233591e+00   7.1869044e+00   8.2293512e-01  -2.4966218e+00  -2.6971391e+00  -2.1629214e+00  -5.1705219e-01  -1.3416551e+00  -4.1135941e+00  -2.0069239e+00  -1.4982682e-01  -1.9964540e+00  -5.0077354e+00  -3.9653529e+00  -1.5524722e+00   1.8064364e+00   1.7411047e+00   5.5221611e-01  -1.3744809e-01
   1.0834848e+01   1.0187031e+01   1.2454219e+00  -5.9502519e+00  -3.1742965e+00  -8.1736384e-02   4.6801010e+00   2.5394512e+00  -3.0849104e+00  -2.4745195e+00  -1.5324280e+00  -2.5621707e-01  -1.4821658e+00  -2.5154017e+00   2.1490193e-02   1.0771271e+00   2.2713725e+00  -1.7764324e+00  -3.3486828e+00  -2.0948456e+00   2.0172154e-01   6.1557030e-01   2.2560306e-01  -3.2330993e-01
   1.0046201e+01   8.0485878e+00   7.2802388e-01  -3.6560074e+00  -9.1031193e-01  -1.0516769e-01   2.2858720e+00  -3.5377519e-01  -2.3643064e+00  -1.5056471e+00  -1.2804770e+00  -4.1701938e-01  -4.9917516e-01   1.5827253e+00   3.4187540e+00   3.0572654e-01   1.8988096e+00   3.3072256e+00   1.1047265e+00  -6.1261977e-01  -3.7801184e-01  -1.6664678e+00  -7.7655215e-02  -2.6193014e-01
   1.1429508e+01   1.2231923e+01   4.1116486e+00  -3.8581649e+00   2.2938457e+00   2.5627175e+00   4.4240101e+00   3.2400537e-02  -2.9325541e+00  -2.5107537e+00  -1.4794681e+00  -4.8599182e-01   1.1797739e+00   3.1922714e+00   4.7220928e+00   2.2814119e+00   2.7376792e+00   5.9125873e+00   3.2151476e+00  -1.6460053e+00   2.7247572e-02  -1.3996333e+00  -2.1694011e-01  -4.0244193e-01
   1.1387214e+01   1.3441615e+01   6.7485857e+00  -4.4649757e+00   9.5431789e-01   8.0619706e+00   8.9720396e+00   1.1575308e+00  -3.1398177e+00  -5.1787237e+00  -2.3058842e+00  -7.9506002e-01   9.0147254e-01   2.8688988e+00   1.0420181e+00   2.5278017e+00   5.1376399e-01   2.9987782e+00   2.5970530e+00   1.7370255e-02   9.2081522e-01  -1.4175618e+00  -7.5970625e-01  -1.9878404e-02
   1.1934002e+01   1.2278924e+01   5.3182801e+00  -2.1236499e+00  -9.2695517e-05   4.7035754e+00   6.1597385e+00  -6.8520967e-01  -2.6562834e+00  -2.7374311e+00  -1.3451346e+00  -6.7085965e-01  -5.8549663e-02   8.4729312e-01  -1.8080409e+00   3.4344378e+00  -3.8672510e-02  -3.2944049e+00  -1.0754168e+00  -2.1334543e-01   1.6874247e+00   8.7562408e-01   1.8308249e-01   2.7016076e-01
   1.1146162e+01   1.2328435e+01   1.6877353e+00  -7.3156237e-01   1.0073033e+00   3.3225707e+00   5.3135872e+00   3.1085297e-02  -1.1212189e+00  -3.5186511e+00  -2.4872032e+00  -3.5440308e-01  -5.9995040e-01  -1.9573124e+00  -1.9244741e+00   3.8610643e+00   4.8935724e-01  -5.6675566e+00  -5.0447902e+00  -2.7059746e-01   1.5938853e+00   2.6067064e+00   9.2611988e-01   5.3803779e-01
   1.1462209e+01   1.4059452e+01   3.9300125e+00  -5.7321488e-01   2.2093443e+00  -9.1898346e-03   4.6401111e+00   2.7560515e-01  -1.4107165e+00  -2.0273539e+00  -1.1141849e+00  -3.0107916e-01  -3.5533293e-01  -8.1047717e-01   1.7336442e-01   1.8361179e+00   2.6737589e+00   1.2921839e-02  -1.7045148e+00   5.9505400e-01   7.1304267e-01   7.5786144e-01  -4.8302231e-01   7.3598684e-02
   1.0723185e+01   9.6153826e+00   4.5560084e+00   5.5140320e-01   5.8363528e-01   1.9170183e+00   2.1646680e+00   2.7122721e-01  -1.3717732e+00  -1.6237028e+00  -1.0321792e+00  -1.7289357e-01  -6.2299037e-01  -3.6617275e+00   1.3834607e+00   6.2094688e-01  -8.4514318e-02   4.2042727e-01  -2.4545241e+00  -5.8867114e-01   5.2368928e-02   1.0933167e+00   5.6006289e-01   3.1172338e-02
   1.1612492e+01   1.2419735e+01   4.1441901e+00  -1.0955888e-02   4.2223796e+00   5.4257344e+00   5.1774259e+00   8.7300380e-02  -1.4614422e+00  -2.5481131e+00  -2.7971800e+00  -6.5121637e-01  -8.6128171e-01  -2.7813611e+00  -1.0569469e+00  -3.7800001e-01  -1.0725470e+00   2.3571432e+00  -1.0860326e+00  -1.9932409e-01   1.4045917e+00  -3.9893283e-01  -8.6374758e-01  -8.7294951e-02
   1.0136535e+01   7.6557030e+00   3.6558375e+00  -8.1271549e-02  -1.2598589e-01   1.2357495e+00   1.3631437e+00  -7.5776902e-01  -1.0173026e+00  -1.6182965e+00  -8.0561127e-01  -1.3257596e-01  -6.0836013e-01  -1.7236769e-01  -5.1611084e-01  -7.1381590e-01  -3.3270027e-01   1.3193012e+00   9.2456735e-01   1.2427284e+00   1.3681451e+00  -9.7983859e-01  -7.3906601e-01  -7.5791522e-02
   1.0463611e+01   1.0867251e+01   2.7946776e+00  -8.2387751e-01   9.5533435e-01   3.8671594e+00   3.4118243e+00   4.9111713e-01   5.1893577e-01  -2.6284563e+00  -2.5230902e+00  -4.5218039e-01  -3.7916550e-01  -1.0064878e+00   4.7851619e-02   1.0599047e+00   2.8072668e-01   8.8833994e-01   4.9270514e-01   2.4677961e+00   1.9991284e-01  -8.5377132e-02   3.2821087e-01   1.2993803e-01
   1.0385085e+01   1.0133073e+01   4.4565984e+00  -1.1285985e-01   1.7181075e+00   4.6752575e+00   4.4343198e+00   1.9334114e+00  -3.0974454e-01  -3.0532891e+00  -2.2778231e+00  -3.8609885e-01   4.6146980e-01   2.0231084e+00   9.1491917e-01   6.2341885e-01   3.4903789e+00   3.4956044e+00   3.9309730e+00   3.0037604e+00  -8.6729526e-01  -5.7202957e-01  -8.5064617e-01  -2.6125496e-01
   1.0919469e+01   9.6713179e+00   3.8155871e+00   1.5946954e+00   3.7214229e+00   5.0384903e+00   4.3808956e+00   2.4434043e+00  -1.5153520e+00  -1.9586825e+00  -1.5687578e+00  -3.2954788e-01   6.0420124e-01  -2.4381374e-01  -6.2299964e-01   8.8476026e-01   2.1746081e+00   3.1560541e+00   1.7290211e+00   5.4071535e-01  -1.6278212e+00   1.5800350e-01   4.2204485e-01  -3.0846290e-02
   1.0600811e+01   1.1288332e+01   4.5177615e+00  -3.5542972e-01   3.7265381e+00   5.8934906e+00   6.7750676e+00   2.7717280e+00  -1.3011016e+00  -2.8112277e+00  -2.5587467e+00  -5.8577467e-01   4.4512111e-01  -1.6749505e+00  -1.6552310e+00  -2.3577471e-01  -1.8488190e+00  -4.4793842e-01  -6.3771977e-01  -1.3138492e+00  -4.7517480e-01   5.6864227e-01   9.7917449e-01   1.3812562e-01
   1.1262050e+01   9.9239006e+00   1.8295966e+00   6.2454782e-01   3.2130311e+00   7.9921241e+00   4.8349820e+00   8.8303186e-01  -1.4271174e+00  -2.5124818e+00  -1.7495612e+00  -3.9861192e-01  -2.8953853e-01  -1.7818008e+00  -2.8109094e-01   1.6893892e+00   1.0588852e+00   1.9845053e+00   1.3277644e-01  -1.4100027e+00  -1.2764025e+00  -9.2954522e-01   1.9273502e-01   1.5149793e-01
   1.0881476e+01   7.4943559e+00   2.9667471e+00   1.8551857e-02  -8.0092508e-01   2.5265330e+00   3.2506969e+00   7.4282381e-01  -1.0666241e+00  -1.9234260e+00  -7.1865973e-01  -1.4437840e-01   3.7722077e-01  -1.3561881e+00   8.3102201e-01   2.7844460e+00   1.4196645e+00   4.8807759e-01   3.8258206e-01  -4.6552808e-01  -1.7946855e+00  -4.2731493e-01   4.0785958e-01   1.7019951e-01
   1.0344828e+01   8.8956048e+00   4.1694579e+00   3.9417884e+00   7.5734824e+00   9.6987270e+00   6.3422456e+00   1.3428522e+00  -3.5471945e+00  -3.7969012e+00  -2.1996988e+00  -3.2299911e-01   7.0765474e-01   1.4528794e+00   2.7636060e+00   1.9832179e+00   2.3070467e+00   1.1258692e+00   3.6498031e+00   2.5318387e+00  -7.1671546e-01  -5.2579757e-01  -9.6593873e-01  -2.4804026e-01
   1.1625253e+01   9.7681977e+00   4.5943638e+00   2.1626190e+00   3.6758093e+00   5.7723055e+00   6.5953089e+00   1.8435256e+00  -2.9330913e+00  -2.8099904e+00  -1.7218886e+00  -3.6828180e-01   5.5359086e-01   7.8361066e-02   4.6512945e-02   1.2200831e+00   1.1843316e+00   2.2360523e+00   1.9680152e+00   2.1643843e+00  -2.5670601e-01  -1.5977386e-01  -4.9616728e-01  -2.2765183e-01
   1.1951643e+01   1.0966299e+01   5.1611972e+00   2.5273412e+00   4.4352340e+00   8.0580416e+00   8.6373807e+00   4.1304390e+00  -1.5689570e+00  -2.8578959e+00  -2.6968548e+00  -6.5872060e-01  -1.3961209e+00  -3.6322607e+00  -1.7946892e+00  -9.0615909e-01  -3.9346210e+00  -5.5914180e+00  -4.9924254e+00  -1.5666149e+00   1.0336258e+00   1.7572334e+00   1.7400415e+00   2.5643522e-01
   1.0908455e+01   6.5765505e+00   2.5406469e+00   2.5559001e+00   2.5446965e+00   6.7009541e+00   5.0551521e+00   2.5956069e+00  -2.4408018e+00  -2.6325895e+00  -1.2143326e+00  -3.1799540e-01  -1.7682830e+00  -2.2111887e+00  -8.9180145e-01   1.1875444e+00   6.0342291e-01  -6.0523000e-01  -2.7489154e+00  -2.5683067e+00  -4.2442161e-01  -2.3085040e-01   1.1187672e+00   3.8469547e-01
   8.6090463e+00   5.0430374e+00   2.5042826e+00   2.3859092e+00   2.2371073e+00   8.4727578e-01  -3.7631410e-01  -1.3831108e+00  -2.2429005e+00  -1.2497516e+00   1.5658552e-01   3.6510515e-02  -4.6092969e-01   2.8519495e+00   1.1425637e+00  -3.8191228e-02  -2.9535162e-02   3.4997592e-01   8.1834716e-01  -2.1857343e+00  -7.5513581e-01  -7.4611191e-01   1.2449345e-01   3.2719101e-01
   1.0644127e+01   9.4130453e+00   4.5851190e+00   4.0146515e+00   5.6800070e+00   8.4698434e+00   6.9787832e+00   7.4784049e-01  -3.2327520e+00  -3.9603382e+00  -1.4704579e+00  -1.3885415e-01   1.3529730e+00   5.9607721e+00   2.2018993e+00   1.1288308e+00   1.4739292e+00   3.7165402e+00   6.5362986e+00   8.0831777e-01  -5.2201730e-01  -1.4689765e+00  -1.3283884e+00  -1.1201003e-01
   1.1392413e+01   1.3825976e+01   5.8528068e+00   1.7406786e+00   2.8232760e+00   7.6985608e+00   8.9030859e+00   1.7757208e+00  -2.3056856e+00  -3.3131894e+00  -2.3820520e+00  -2.5750472e-01   2.2624953e+00   3.9660499e+00  -2.1793595e-01  -2.3016953e-01   6.4596821e-01   5.6473552e+00   5.5348147e+00   2.8574247e+00   2.0555801e-01  -9.7445807e-01  -1.1181661e+00  -9.5564254e-02
   1.1546231e+01   1.1126240e+01   4.1692338e+00   4.5717615e+00   4.4625060e+00   8.8501219e+00   1.0219900e+01   2.2286678e+00  -3.1924352e+00  -3.8043353e+00  -1.9375965e+00  -3.3900283e-01   2.6668672e-01  -1.9258426e+00  -1.2932643e+00  -1.6470595e+00  -1.5916555e+00  -2.2688640e+00  -3.6681277e+00   1.3724512e-01   1.4627280e+00   6.7936915e-01   9.5039866e-01   1.7192726e-01
   1.1551737e+01   1.0135515e+01   2.3853213e+00   1.7620999e+00   3.8148101e+00   9.1281694e+00   6.3053496e+00   2.1626126e+00  -1.9547219e+00  -2.7894402e+00  -1.2870943e+00  -6.7615282e-03  -6.1555732e-01  -4.0452220e+00   3.8716392e-01  -8.1974272e-01  -1.1026914e+00  -3.4407769e+00  -6.4245565e+00  -1.5716563e+00   1.3260360e+00   1.6916619e+00   2.0902226e+00   3.1193940e-01
   1.0964495e+01   8.3695117e+00   4.3789653e+00   1.5333516e+00   2.7967566e+00   4.3517432e+00   2.7754599e+00   7.6026224e-01  -1.2141419e+00  -3.2031591e+00  -5.9233877e-01  -6.3348558e-03  -6.1614158e-01  -2.7197280e-01   2.5174717e+00  -3.4379654e-02  -3.5720029e-01  -1.2847610e+00  -4.3034280e+00  -1.8307041e-01   1.7999428e+00   1.5327740e+00   3.5639274e-01  -1.3190481e-01
   1.0759945e+01   9.1365066e+00   6.3286869e+00   2.0302695e+00   2.0021135e+00   4.7865848e+00   2.9884712e+00   1.5243912e-01  -1.3057782e+00  -1.0762847e+00   8.0652998e-02   4.4070405e-02  -8.3837740e-01  -9.0466357e-02   2.8500875e+00   2.5228288e+00  -9.2910943e-01  -3.3838617e+00  -2.0993403e+00  -9.5135460e-01   1.2362864e+00   1.8871712e+00  -3.8996466e-01  -2.8076970e-01
   1.1017915e+01   1.1217785e+01   5.9737586e+00   4.3861073e+00   4.8330538e+00   9.0937727e+00   5.4231972e+00   2.9591489e+00  -8.1699280e-01  -2.3617520e+00  -2.0868810e+00  -5.6227601e-01  -5.2071149e-01   3.6340616e-01  -1.5880082e-01   2.0574110e+00   2.0069688e-01  -1.3860159e-01   2.1825830e+00   2.5893339e+00   8.4475930e-01   6.3340446e-01  -1.4067038e+00  -2.3708878e-01
   1.0267461e+01   8.5756791e+00   5.8630559e+00   4.1199654e+00   1.4029974e+00   1.6813620e+00   1.8324704e+00  -3.6386264e-01  -2.9886672e-01  -3.7938687e-01  -1.1247702e+00  -1.4994550e-01  -5.3588971e-01  -2.1024220e+00  -1.3538628e+00   2.3072620e-01  -1.1412908e+00  -2.5414705e+00  -4.8804737e-01   1.4426795e+00   4.1204823e-01  -3.0940138e-01  -6.6234689e-01  -1.3718369e-01
   1.0429669e+01   9.1950347e+00   4.3735796e+00   3.5746203e+00   3.3973600e+00   5.6964522e+00   6.6273349e+00   4.9024141e+00  -4.5045867e-01  -2.6015013e+00  -2.0996829e+00  -2.6496008e-01   6.4652341e-01   5.9175880e-01   7.3722365e-01  -2.3026677e+00  -2.2156246e+00  -1.3530958e+00  -3.6908859e-01  -4.6062576e-01  -2.7354770e-01   4.8924270e-01   7.8225527e-01   1.3715485e-01
   1.0250233e+01   6.9942485e+00   5.0979823e+00   2.7821023e+00   1.0080242e+00   2.6730393e+00   1.6543313e+00   1.3448258e+00  -8.7097297e-01  -1.4205121e+00  -9.0646641e-01  -3.1036310e-01   1.0440020e+00   2.7585915e+00   1.8038449e+00  -9.2672457e-01   1.2084364e+00   4.6767437e+00   4.0318274e+00   3.1908486e-01  -8.2663458e-01  -7.1244536e-01   1.5999829e-01  -3.4536066e-01
   1.1996314e+01   1.2896138e+01   7.4621309e+00   1.6010373e+00   1.7071035e+00   6.5682903e+00   4.9586339e+00   1.4138661e+00  -9.4126122e-01  -1.1073253e+00  -1.0226500e+00  -2.7633494e-01   1.0671035e+00   3.4260154e+00   1.2511298e+00  -1.4015905e+00   1.1422275e+00   1.6356824e+00   2.6776993e+00  -1.0123397e+00  -1.0478530e+00  -6.1854671e-02   3.0947378e-01  -1.8560951e-01
   1.1050142e+01   1.0863015e+01   7.0245475e+00   3.7166700e+00   4.0607803e+00   8.2605585e+00   8.7145620e+00   1.8590386e+00  -1.2934173e+00  -2.1951429e+00  -1.4232892e+00  -6.6229906e-01   1.0362918e-01   1.9156882e+00  -1.2962401e+00  -1.5144711e+00   1.7469525e+00  -5.2194765e-01   8.4426428e-01   4.3214271e-01  -3.3351996e-02  -4.0642976e-01  -2.4638630e-01   2.9404743e-02
   1.1630370e+01   1.2399675e+01   5.2869916e+00   1.0049506e+00   3.5843232e+00   5.3562162e+00   7.1137684e+00   3.1267982e+00  -1.8110160e+00  -2.3069679e+00  -1.3770608e+00  -3.6740636e-01  -1.8199373e+00  -4.1004851e+00  -2.1431639e+00   1.3495642e+00   3.5654412e+00  -1.6303060e+00  -1.8105069e+00   5.9272448e-01  -4.3638508e-03  -8.8802935e-01  -2.9797352e-01   1.3407920e-02
   1.0588649e+01   1.0116012e+01   4.2411917e+00   8.0843898e-01   2.6898431e+00   2.4961549e+00   1.8431604e+00   1.1365738e+00  -4.8612357e-01  -1.4303354e+00  -1.0988405e+00  -2.2072027e-01  -6.2334726e-01  -1.5841100e+00   6.8942320e-01   6.1664806e-01  -5.5703110e-01  -3.2000737e+00  -3.1754042e+00   4.7372573e-01   1.3384478e+00  -3.4865645e-02  -4.8781747e-01   1.6719994e-01
   9.4971549e+00   7.1189116e+00   5.6390630e+00   5.0794990e+00   7.7407339e+00   7.0050331e+00   5.6785743e+00   2.6641852e+00  -1.3514539e+00  -2.8217731e+00  -1.6318347e+00  -4.7701246e-01  -4.3017334e-01  -7.0268640e-01   5.3881711e-01   2.2689033e+00   1.5321338e+00   1.6636265e+00  -6.4206313e-01  -1.4732682e-01   1.5203391e+00   2.3998039e-01  -8.6306069e-01  -2.6673171e-01
   1.1181729e+01   1.1127231e+01   7.8826467e+00   2.6043679e+00   1.1470283e+00   2.6360395e+00   4.6690527e+00   2.8009337e+00   4.8447328e-01  -1.9900388e+00  -2.0276285e+00  -3.5669611e-01   4.4895185e-01  -2.2310942e-01  -1.1366349e+00   1.2916867e+00  -2.9296631e-01   2.1131743e+00   2.8074694e+00  -2.4450679e-01  -2.7898789e-01  -8.8596317e-02  -1.2766041e-01  -1.3361533e-02
   1.0688570e+01   1.0840036e+01   4.2744898e+00   3.5103411e+00   6.6539313e+00   7.7817137e+00   4.7377276e+00   2.0736280e+00  -1.5805743e-02  -1.6671456e+00  -2.2072578e+00  -6.9951602e-01  -4.5944225e-02  -9.9217570e-01  -2.6005788e+00  -1.2205242e+00  -3.3490432e+00  -3.5292196e+00  -3.5075471e+00  -3.0217942e+00  -1.1286894e+00   1.2273750e+00   8.4241203e-01   2.6529871e-01
   1.0666369e+01   7.9207863e+00   3.2185260e+00   3.5305480e+00   2.7937950e+00   5.2775761e+00   6.5247879e+00   1.0650922e+00  -1.5724295e+00  -2.1405436e+00  -1.0026195e+00  -1.2951079e-01  -8.3416859e-01  -2.6808425e+00  -5.6363396e-01   6.3660616e-01   5.1194873e-01   3.3372652e+00   6.4288528e-01  -1.8603446e+00  -3.4569825e+00   2.7422487e-01   6.0680453e-01   3.8707612e-02
   9.6859184e+00   7.2338706e+00   4.0702550e+00   2.7856226e+00   1.8937858e+00   3.9043549e-01  -5.1061400e-01  -1.0005855e+00  -2.0160365e+00  -9.0545810e-01  -8.8072111e-01  -1.9265704e-01   1.0261189e-01  -2.3843021e-01   3.1271074e+00  -4.4508353e-01  -1.9226046e+00   2.6885850e+00   1.5656332e+00  -8.4764347e-01  -2.5239327e+00  -4.0509049e-01   1.0498206e-01   1.1511152e-01
   1.0431802e+01   8.9090501e+00   7.1393131e+00   3.9216364e+00   4.2950241e+00   1.1337576e+01   8.2575514e+00   1.5475236e+00  -3.7008851e+00  -1.9595453e+00  -1.7806901e+00  -5.5206418e-01   4.9419885e-01   1.2879011e+00   2.0690933e+00  -8.2488037e-01   6.7122673e-01   4.2152525e+00  -6.5269838e-01  -3.3084810e-01  -1.0367885e+00  -7.9364519e-01  -5.0832586e-01  -5.4667618e-02
   1.0959772e+01   9.9882586e+00   7.0047574e+00   2.6471716e+00   3.0194098e+00   8.7845910e+00   6.2197956e+00   5.6094714e-01  -2.7374769e+00  -2.3652806e+00  -1.6607495e+00  -3.1557205e-01   4.1054437e-02  -7.5952339e-01  -8.5043808e-01   1.2343208e+00   3.6361362e+00   3.4722425e+00   1.9419504e+00   1.0533774e+00   4.3306085e-01  -1.5522288e+00  -4.4828625e-01  -1.1856624e-01
   1.0770740e+01   8.4754439e+00   4.8549148e+00   2.3624530e+00   3.2378231e+00   7.4033771e+00   2.1805356e+00  -2.1194620e-01  -2.7668920e+00  -2.6011002e+00  -1.3750941e+00  -1.5005472e-01   9.7618354e-02  -1.2757010e+00  -2.7708711e+00   1.2323910e+00   2.9082632e+00  -3.8134416e+00  -4.4572359e+00  -1.0945667e+00   1.0884626e+00  -1.4110339e+00   7.4675969e-01   2.0493571e-01
   9.5780306e+00   6.3113886e+00   3.9367971e+00   5.4166955e+00   7.8765906e+00   7.5658988e+00   5.4408195e+00   1.4592156e+00  -1.8334418e+00  -2.9130238e+00  -1.7559485e+00  -5.7151113e-01   2.3825373e-01   9.0725922e-01  -2.5211412e+00   2.1280925e+00   3.8000533e+00  -2.8101461e-01  -1.3978582e+00  -1.7759366e+00   1.7388710e+00  -7.9765373e-01   1.1506088e-01   8.6572750e-02
   1.1269100e+01   8.8339336e+00   4.5169867e+00   4.3854609e+00   6.2288285e+00   6.2267601e+00   1.9611856e+00  -5.4346065e-01  -2.5202087e+00  -3.8022245e+00  -6.1295103e-01  -1.1669107e-01   2.1309403e-01   4.4035746e+00   6.6314780e-02   5.9781904e-01   2.5696223e+00   3.2122215e+00   3.6231506e+00  -1.4498932e+00   1.1400236e+00  -4.1880073e-01  -7.9379699e-01  -2.0011912e-01
   1.1067973e+01   1.1169903e+01   3.3920096e+00   4.8278064e+00   7.2239870e+00   8.9513776e+00   4.2326832e+00  -1.9372006e+00  -2.5251206e-01  -2.9611990e+00  -1.8692297e+00  -2.0239475e-01   6.0372324e-01   4.6671589e+00   9.1524987e-01  -2.4432578e+00  -2.6246473e+00   1.5755740e+00   1.2921649e+00  -2.3914368e+00  -4.7489067e-01   4.6329483e-01  -3.2480071e-02   1.4020304e-01
   1.0345410e+01   1.2651549e+01   5.2267807e+00   3.5536261e+00   7.4185583e+00   1.1528970e+01   8.2193297e+00  -6.8857793e-01  -1.8473215e+00  -3.2052137e+00  -2.5091490e+00  -6.3479160e-01  -1.2134110e+00   5.1653712e-01   9.2941046e-01  -1.0324363e+00  -2.1907636e+00   1.8974470e+00   2.1549029e+00   6.2917757e-01  -1.0773481e+00   3.8462341e-01  -1.0243545e-01  -2.5018775e-01
   1.0945460e+01   1.1403319e+01   4.9547749e+00   2.1677262e+00   3.3447547e+00   7.2781549e+00   4.2499949e+00  -2.0553810e+00  -2.8822214e+00  -2.5165870e+00  -8.5656959e-01  -1.0215631e-01  -1.0350332e+00  -2.3658413e+00   2.1113473e+00   1.1309655e+00  -1.9949106e+00  -1.2781201e+00  -1.9125286e+00   1.8966172e+00  -2.9927569e-01  -3.7398418e-01   1.0149294e+00  -7.1254482e-02
   9.5102395e+00   9.4920309e+00   5.1297198e+00   4.1668465e+00   4.8822992e+00   9.9095419e+00   5.1848841e+00   4.5939590e-01  -2.8213761e+00  -3.4475954e+00  -1.2729342e+00  -5.4209191e-01  -5.3767149e-01  -1.6266201e+00   1.2098523e+00   1.8677937e+00  -8.3418818e-01  -1.0304081e+00  -1.9940536e+00   3.2085303e+00   2.0227408e+00  -1.3532509e+00   1.9006280e-01   5.9967084e-02
   9.9330083e+00   9.2008996e+00   6.6075611e+00   6.2176444e+00   5.4997507e+00   7.8439114e+00   2.8811131e+00   3.3373826e-01  -2.1439828e-01  -3.4009844e+00  -9.6494293e-01  -3.5562631e-01   5.1877582e-02  -8.7337000e-02   1.0661368e+00   2.3861837e-01  -8.8039950e-02  -1.2534088e+00  -1.5553901e+00   1.1003505e+00   2.7863361e+00  -3.7189186e-01  -7.3397355e-01  -2.5066348e-01
   1.0045129e+01   1.1312829e+01   6.2151661e+00   4.3303575e+00   5.0897780e+00   9.7004796e+00   5.9126902e+00   2.9296579e+00  -1.4712188e-01  -4.7928912e+00  -2.1698681e+00  -4.1810597e-01   1.0518907e+00   8.5175483e-01  -3.3811871e-01  -3.4315509e+00  -2.8982577e+00  -3.6226961e+00  -1.4275998e+00  -2.2753534e+00   3.9016626e-01   9.8055238e-01  -6.3776341e-02   1.1004061e-02
   1.0755832e+01   1.0361915e+01   6.0112568e+00   2.4438983e+00   3.1089554e+00   5.5025729e+00   1.5530066e+00  -1.6399862e+00  -3.9844457e-02  -2.4017768e+00  -1.5090630e+00  -5.4014449e-01   7.3446765e-01   1.3542118e+00  -1.1422489e+00  -3.7229345e+00  -1.5685558e+00  -1.1020931e+00   1.3007124e+00  -2.6830061e+00  -2.0142409e+00   1.7040018e+00   2.2963911e-01  -1.9633997e-01
   1.0676664e+01   1.0189155e+01   4.9206938e+00   9.0639322e-01   1.7303103e+00   5.6461670e+00   3.7075377e+00  -1.9667719e+00  -2.3234037e+00  -2.4763706e+00  -1.0965387e+00  -4.3332673e-01   4.1081762e-01   7.0436122e-01  -4.7367991e-01  -3.4631257e-01   2.3701756e-01  -1.1205884e+00   2.3090286e+00  -1.1536067e+00  -1.8749236e+00   1.8491008e+00   7.5416742e-01  -3.3606644e-01
   1.0718942e+01   1.1794054e+01   5.5414239e+00   2.3452247e+00   4.8266509e+00   8.2179281e+00   5.9347580e+00  -1.2425560e+00  -2.1476187e+00  -2.0032421e+00  -1.1571490e+00  -6.4252588e-01  -1.6487161e-02   1.4149239e+00   7.2061825e-01   1.3658361e+00   1.1468681e+00   1.7999123e+00   4.3977973e+00   3.4672600e+00  -3.6575025e-01  -5.5671505e-02  -3.8306668e-01  -4.7682638e-01
   1.0679800e+01   1.1653301e+01   5.7395627e+00   3.8602254e+00   4.5864566e+00   6.6619193e+00   7.1853574e+00   1.0005327e+00  -1.9056201e+00  -2.2185074e+00  -1.2145740e+00  -8.7101493e-01   5.6360939e-01  -7.5460827e-01   1.2519748e+00   1.0619181e+00  -6.7061844e-01  -2.5856575e+00  -1.1406799e+00   2.6699159e+00   1.8122205e+00   4.4059859e-01  -5.9026252e-01  -7.5208579e-02
   1.0729533e+01   1.1752228e+01   6.6827498e+00   3.0157364e+00   3.4011844e+00   7.6945652e+00   6.4107927e+00   2.0772514e+00  -7.9736161e-01  -2.6142157e+00  -2.0246454e+00  -1.0365400e+00  -9.8384911e-01  -4.1645579e+00  -1.5949134e+00  -7.1723777e-01  -2.5665069e+00  -4.5465695e+00  -4.3285713e+00   3.3008294e-01   8.1742202e-01   1.6156163e-01  -6.4142791e-01   4.6089097e-01
   1.1516783e+01   9.0781559e+00   6.2279931e+00   2.1640146e+00   1.4371159e+00   2.0293621e+00   1.7585005e+00   3.7819814e-01  -2.8020138e-01  -1.5099859e+00  -1.5481843e+00  -3.4913256e-01  -9.7051570e-01  -2.8078079e+00  -1.8545506e-01  -8.1770141e-02  -1.2392306e+00  -3.6886541e-01  -2.0289861e+00  -8.2735635e-01   4.1062074e-01  -3.3096636e-01  -3.9150665e-01   4.2853175e-01
   8.8246775e+00   6.8347894e+00   2.9048386e+00   2.1174735e+00   2.5515609e+00   3.7143525e+00   2.1553295e+00  -4.3626434e-01  -1.7341950e+00  -2.1151604e+00  -1.9524857e+00  -2.1213062e-01  -4.6835810e-02   1.1703620e-01   4.6430564e-01   1.0819160e+00  -1.3756507e+00   1.1206992e+00  -3.0171071e-01  -9.3002615e-01   8.8540575e-01  -8.1678434e-02   3.3276359e-01   1.4842054e-01
   1.0176454e+01   9.9003084e+00   7.3503357e+00   4.1867017e+00   3.1524225e+00   8.0987275e+00   6.2696098e+00   1.0162560e+00  -8.2127230e-01  -2.9644846e+00  -1.8379138e+00  -6.4042198e-01   8.7503493e-01   2.9296177e+00   2.2489923e+00   1.6998111e+00  -1.4184906e+00   1.1763847e+00   1.0395416e+00   3.3150082e-01   7.4843795e-01   1.0539089e-01   1.6687603e-01  -4.2537047e-01
   1.1329443e+01   1.1516706e+01   6.8180369e+00   3.6272668e+00   4.8005502e-01   6.3409313e+00   3.7026719e+00   3.6318324e-01   8.0128248e-01  -2.0094840e+00  -1.3806352e+00  -6.6826444e-01   1.8818252e+00   2.0329244e+00   1.1605162e+00   1.2399738e-01  -1.2211693e+00  -4.1800115e+00  -3.2291197e+00   9.5507581e-01   1.2686856e+00   8.9309471e-01   9.3944560e-01  -2.9067491e-01
   1.1576952e+01   1.1131624e+01   7.6448824e+00   3.9588345e+00   3.4513292e-01   2.4806497e+00   2.5441416e+00   4.7572558e-01  -4.2528320e-01  -1.4047378e+00  -1.5837955e+00  -7.5912135e-01   6.9701080e-01  -1.1820545e+00  -1.9913110e-01  -1.7176762e+00   2.4741819e-01  -5.4091640e+00  -4.0809739e+00   7.9436807e-01  -1.5785867e-01   5.1606167e-01   5.9645555e-01   8.5918960e-02
   1.0947166e+01   9.2685181e+00   4.4983395e+00   2.4174031e+00   2.1234518e+00   2.5337414e-01  -8.2561591e-01   1.2666146e+00  -2.9161136e-02  -1.5553917e+00  -6.7037643e-01  -5.8879329e-01  -1.5697675e-01  -1.9670426e+00   1.2548319e+00  -3.8753052e-01   1.4331538e+00   5.3511257e-01   1.0406727e+00   1.7713897e+00  -1.3774203e+00  -1.6241553e+00   3.6579774e-01   9.6405180e-02
   1.1413109e+01   9.2513206e+00   8.2114877e+00   2.2151192e+00   2.7018514e+00   3.0287601e+00   2.4122929e+00   1.7560925e+00  -6.4283849e-01  -2.4174382e+00  -1.2983599e+00  -5.5127912e-01  -4.2682014e-01  -7.9927656e-02   2.8395478e+00   4.8982150e-01  -1.2102640e+00   3.9243592e+00   4.1150506e+00   3.0963836e+00   2.6533727e-01  -2.6308585e+00  -6.9096978e-01  -5.3868626e-02
   1.1175900e+01   9.5062940e+00   8.4169821e+00   3.9178287e+00   1.4514265e+00   6.8695450e+00   5.3296053e+00   2.3800843e+00  -1.1560703e+00  -3.9393667e+00  -9.7465641e-01  -6.2757779e-01   1.0184207e-01   3.4457885e+00   3.3328777e+00   4.7218829e-01  -5.4229575e+00   2.0844738e+00   5.6815430e+00   2.0092546e+00   3.2031091e-01  -1.5555727e+00  -1.5002154e+00   1.5304131e-01
   1.0822355e+01   1.0892845e+01   9.9448829e+00   3.9433540e+00  -1.1342505e+00   5.0591031e+00   5.6391068e+00   4.5635661e+00   5.3617727e-01  -4.1590380e+00  -2.4681102e+00  -8.2053204e-01  -8.5972575e-01  -7.4104118e-01  -2.8926520e+00  -4.6716819e-01  -2.9067524e+00  -1.7508179e+00   5.9956419e-02  -5.6715407e-01  -2.4181695e-01   1.0627446e+00  -9.1740077e-02   2.0144301e-01
   1.1395306e+01   1.3616439e+01   8.6309585e+00   2.2615682e+00  -4.0929335e+00   2.3649134e+00   6.0832916e+00   2.8767597e+00  -1.3820265e-01  -3.0179508e+00  -2.3358245e+00  -2.2460486e-01  -8.4150481e-01  -2.0407572e+00  -1.6013573e+00  -7.4316020e-01   1.4289909e+00  -6.5765434e-01  -2.1370998e+00  -2.9379888e+00  -6.3091745e-01   2.3732748e+00   3.0755951e-01   1.9866599e-02
   1.0013817e+01   6.0846864e+00   3.7655216e+00   2.3424972e+00   1.1139027e+00   2.6548490e+00   2.1253844e+00   6.5702369e-01  -1.5144977e+00  -1.2840292e+00  -7.5538600e-01  -4.5060107e-01  -6.9915732e-01  -3.3185098e+00  -2.2701952e+00   5.9992104e-01   4.8332063e+00   2.4615067e+00  -3.7310516e+00  -4.5467380e+00  -7.6941222e-01   1.8245375e+00   1.1452705e+00   6.4987409e-02
   1.0317912e+01   8.8492374e+00   9.1046269e+00   3.6035168e+00   2.4708363e+00   7.0851906e+00   3.8808168e+00  -7.3627638e-02  -1.0771089e+00  -1.8169588e+00  -1.3696792e+00  -7.8274338e-01  -2.5146546e-01  -1.1186028e+00   1.5030068e+00   1.4332979e+00   3.9528112e+00   3.7487964e+00  -2.3048196e+00  -2.7011697e+00   3.8963423e-01  -4.6492458e-01   1.1395537e-01  -1.3519983e-01
   1.0312317e+01   8.2986807e+00   6.3027559e+00   4.1722612e+00   2.8336741e+00   6.3912246e+00   1.1437668e+00  -7.8134717e-01  -1.4848791e-01  -2.0227278e+00  -1.2332771e+00  -4.4398167e-01  -9.9557517e-01   1.3587369e+00  -1.0621663e-02  -7.6476715e-01   2.5460730e-01  -1.2421732e+00  -2.4967551e+00  -1.2811992e+00   9.9335352e-01  -5.1876191e-01   2.4224336e-02   3.5555950e-01
   1.0868858e+01   1.0831538e+01   9.6168515e+00   3.4966330e+00   9.7639756e-01   6.1199202e+00   3.1168710e+00  -4.5580939e-01  -2.3675621e-01  -3.3459885e+00  -1.9259459e+00  -4.3071431e-01  -7.1361860e-01   1.2825487e+00  -1.2920336e+00  -1.9031699e-01   4.3628578e-01  -2.6754958e+00   6.5293258e-01   1.5593477e+00  -1.2296849e+00  -9.1268316e-01   4.7004513e-01   4.6905043e-01
   8.2449810e+00   7.1316417e+00   3.4934767e+00   1.2487884e+00   2.2430330e+00   1.2742244e+00  -1.2377753e+00  -1.0736842e+00  -4.4464381e-01  -1.2976573e+00  -4.4091618e-01  -9.3276354e-02  -2.6092561e-01   9.4018985e-01  -2.1122151e-01   1.6921957e+00   1.1649110e+00  -1.4382253e+00   7.7535878e-01   1.6547453e+00  -2.1496987e+00  -2.7440648e-01   2.3394686e-01   2.0034103e-01
   1.0281152e+01   1.1356580e+01   8.5712160e+00   4.7797777e+00   3.4205855e+00   5.6304470e+00   6.0509867e+00   2.4115625e+00  -2.7735583e+00  -3.5485188e+00  -1.0607920e+00  -2.5452040e-01   4.5606965e-01   5.8982613e-01  -6.5778692e-01   3.6299225e+00   2.3366625e+00   2.8759568e+00   2.9684820e+00   9.1751854e-01  -2.8763958e+00  -7.8740691e-01  -3.9274693e-01   3.5187337e-02
   1.0214782e+01   9.4464442e+00   6.5087414e+00   6.0689824e+00   3.3589466e+00   4.4786233e+00   8.3974712e-01   2.6708480e-01  -2.1046349e+00  -2.3330723e+00  -1.3149338e+00  -2.3156707e-01   1.3966075e+00  -2.4890923e-01   4.5974850e-01   2.1827286e+00   9.0598239e-01   2.5655516e+00   1.2269046e+00  -6.3392922e-01  -5.6901883e-01  -1.2842407e-01  -8.8064665e-01  -3.3113518e-02
   1.0568063e+01   1.0558875e+01   7.1225388e+00   6.5314198e+00   3.9234346e+00   8.8316560e+00   6.5308329e+00   2.5008393e-01  -3.7213543e+00  -4.0093913e+00  -2.0780575e+00  -3.0878794e-01   6.6313525e-01  -2.0852957e+00  -3.1557401e+00  -6.8131130e-01   2.4388690e-02  -5.3204606e-01  -1.8418796e+00  -2.3523024e+00   7.3604226e-01   2.0648856e+00   6.5264023e-01   1.7547769e-01
   1.0196437e+01   7.1571301e+00   4.9074381e+00   3.6470602e+00   3.3505821e+00   3.5219472e+00   3.6265857e-01  -9.4383875e-01  -8.2427406e-01  -1.2598571e+00  -1.2532534e+00  -1.1581286e-01   2.1017142e-01  -2.1025898e-01  -1.1401656e+00   1.1290078e+00   2.8385913e+00   7.9723984e-01  -4.5418461e-02  -8.2754332e-01  -2.0041920e-01   8.9031226e-01   1.0306598e+00  -2.0852960e-01
   1.1285027e+01   9.3732934e+00   4.6382574e+00   4.9687719e+00   3.4613508e+00   5.3107160e+00   3.5267117e+00  -5.1142930e-01  -2.3096753e+00  -9.8779799e-01  -1.1267180e-01  -4.9180969e-02  -6.1136643e-01   2.7750372e-01  -1.6120409e-01   1.6459888e+00   1.5960661e+00  -1.5184437e+00  -3.1193940e+00  -7.9572125e-01   3.9724519e-01   1.0152174e+00   8.9646413e-01  -2.8166230e-01
   1.0171557e+01   9.7238468e+00   6.0406336e+00   8.5438181e+00   7.8478755e+00   7.4349530e+00   2.2736800e+00  -5.9347356e-01  -3.1111032e+00  -2.5084006e+00  -7.5163684e-01  -6.7416496e-01  -6.6476022e-01  -5.7579630e-03  -5.9998175e-01   6.1329728e-01  -8.3715654e-01  -1.1680371e+00  -1.1240403e+00  -2.7002011e-01  -9.6636357e-01  -1.2673946e-01   7.3070787e-02  -1.6375485e-01
   9.6634530e+00   9.6917727e+00   6.3141349e+00   6.5520240e+00   4.0688870e+00   4.5974875e+00   8.9623118e-01  -1.1186805e+00  -1.9820719e+00  -1.8622936e+00  -9.8416956e-01  -4.5210535e-01  -1.1004337e+00  -2.0806336e+00  -2.0385795e+00  -2.8485902e+00  -2.2712559e+00  -2.3135916e+00  -2.8499823e+00  -1.3664676e+00   5.0590998e-01   1.1859644e+00   4.3537256e-01   9.6423021e-02
   1.0010083e+01   6.9892535e+00   3.1695267e+00   3.7753801e+00   1.7910792e+00   2.1265059e+00  -8.1616342e-03  -1.0452433e+00  -2.4376211e+00  -1.0127185e+00  -7.0789836e-01  -1.5998294e-01  -2.0410856e-02  -1.3866062e+00  -2.1342847e+00  -2.1654512e+00  -4.6968765e-01   9.8109438e-01  -4.3330889e-01  -4.5556467e-01  -6.0552420e-02   2.0044015e+00   1.1901110e+00   4.5204323e-01
   9.7151129e+00   7.6196397e+00   3.0159417e+00   3.0801055e+00   3.0828651e+00   4.4945521e+00   3.9265904e-01  -2.3352459e+00  -1.8875514e+00   4.3307592e-02   5.1851780e-01  -1.6163745e-01  -1.0725274e-01   2.8837748e-01  -1.4869907e+00   6.2919674e-01   5.6517415e+00   5.5660904e+00   2.0865455e+00   1.4348783e+00  -2.9147393e-01   4.7225571e-01   5.2460636e-01  -6.5084953e-02
   1.0115110e+01   8.6800041e+00   4.4883032e+00   7.0316005e+00   7.6363550e+00   8.9580623e+00   1.8755028e+00  -6.6853790e-01  -3.2491921e+00  -4.5459895e-01   2.8218592e-01  -1.4133407e-01  -3.3481882e-01   2.3653805e+00   1.1533638e-01   1.7330277e+00   7.4213584e+00   6.9133917e+00   3.2557265e+00   1.4892658e+00   6.9870511e-01  -1.2744779e+00  -1.1487785e+00  -2.8334886e-01
   9.4500604e+00   9.2789636e+00   3.4242606e+00   5.8677089e+00   9.6238613e+00   9.5308449e+00   3.0842172e+00   8.4528425e-01  -2.0134973e+00  -1.4329698e+00  -6.9230215e-01  -5.5905721e-01  -9.6316370e-01   1.8036256e+00  -1.5868271e+00  -1.8442405e+00   5.1666420e+00   7.1424749e+00   5.9524903e+00   1.1166966e+00   2.0852468e+00  -8.1175779e-01  -1.4823531e+00  -1.2882242e-01
   9.6403814e+00   9.7076623e+00   3.1383718e+00   4.9811199e+00   9.6526186e+00   9.9784471e+00   3.5296491e+00  -4.0160968e-01  -1.3265905e+00  -2.1862967e+00  -1.8256561e+00  -3.8629635e-01  -6.0910052e-01   4.2033384e-01  -8.8750739e-01  -3.2446205e+00  -2.1093967e-01   5.8085706e-01   3.2834082e+00  -8.5065709e-01   2.2274025e+00   3.3178476e-01  -4.7387478e-01   1.4850532e-01
   8.5077318e+00   9.8112490e+00   1.3106668e+00   1.3389851e+00   9.8246963e+00   1.4698072e+01   8.4943214e+00  -7.9366514e-01   2.7901800e-01  -3.0848021e-01  -6.5109083e-01  -2.3238994e-01  -1.2511381e-01   9.8479149e-01   9.7050001e-01  -6.7064920e-01  -1.2593688e+00  -2.2324611e-01   6.9206243e-01  -1.3565059e+00   1.2329944e+00   1.0656462e+00   1.7652675e-01   1.1962429e-01
   9.6726238e+00   9.0443622e+00   4.2138390e+00   4.4290317e+00   7.2195279e+00   7.2457343e+00   4.0955629e+00  -1.1250488e+00  -1.0543460e+00  -5.1916660e-01  -4.4923191e-01  -8.1909725e-02  -5.1975873e-01   8.7185274e-01   2.7234876e+00   2.0303682e+00  -7.3687670e-02   7.4766558e-01   6.1765565e-01   8.1769803e-02  -1.7347369e+00  -9.9098523e-02   9.1721549e-02  -1.9766510e-01
   9.2462685e+00   1.1087801e+01   4.3422770e+00   5.1377792e+00   8.9513535e+00   1.0562332e+01   3.8393539e+00  -8.2775497e-01  -3.0012799e-01  -6.6806558e-01  -1.1157241e+00  -5.3181410e-01  -1.4909614e-01  -9.2085449e-02   1.9428973e+00   2.6978030e+00  -4.9078031e-01  -7.7127854e-01  -1.4909277e+00   1.9579881e+00  -1.8822492e+00  -8.7841481e-01   3.8267858e-01  -1.2694297e-01
   8.4914750e+00   1.0377165e+01   5.7077981e+00   6.1272751e+00   9.9787585e+00   1.3167815e+01   6.7836163e+00  -2.6191006e-01  -3.6391228e+00  -2.1551518e+00  -1.4557571e+00  -5.3308192e-01  -1.8958587e-01  -1.3749193e+00   3.9913789e-02   5.9155948e-01  -2.0772084e+00  -2.5653549e+00  -2.2249274e+00   8.6187517e-01   2.0549866e-02   3.6747200e-01   5.7085917e-01   1.5437433e-01
   8.8746620e+00   9.0067192e+00   3.4780332e+00   4.5365679e+00   7.7089105e+00   1.0580114e+01   4.9139031e+00   1.7117476e+00  -1.2519675e+00  -8.0810981e-01   4.2618965e-01  -1.9721830e-01   6.3333015e-01  -1.0988724e+00   7.0319597e-02   1.5877522e+00  -1.6591485e+00  -3.1046145e+00  -4.0369638e-01  -6.0978774e-01  -2.6891335e-02  -2.6283098e-01   4.6156177e-01   2.9258836e-01
   9.5740482e+00   8.0225241e+00   4.7058316e+00   5.6169765e+00   4.7249368e+00   3.3888111e+00   2.2089719e-01  -1.1019873e+00  -5.4760149e-01   1.0206351e-01  -3.6390004e-01  -1.7646123e-02   1.1171696e+00   5.2032596e-01  -1.8962063e-01   1.0552173e+00  -7.2570386e-01  -2.3064099e+00   8.3938306e-01  -1.1988263e+00   3.2730145e-02  -1.0353482e+00  -1.2017282e-01   2.4444549e-01
   9.6549771e+00   1.0616813e+01   4.9487396e+00   7.7745567e+00   9.0895415e+00   1.0794913e+01   6.5151689e+00  -1.3223979e+00  -1.8862256e+00  -2.1909197e+00  -9.6931003e-01  -3.5064946e-01   2.3601143e-01  -8.5458339e-01   1.0449771e+00   5.3205004e-01  -8.7508310e-01  -2.6524535e+00   3.3872421e-01  -1.2812300e+00  -5.8255719e-01  -3.3927635e-02  -2.9221429e-01   3.3426526e-02
   9.7770719e+00   1.0352607e+01   4.6880139e+00   6.0911066e+00   8.1998873e+00   9.6008012e+00   7.2420580e+00  -5.4307668e-01  -3.2728985e+00  -3.0167691e+00  -9.3826653e-01  -8.9698105e-02   1.9668237e-01  -2.3467540e+00  -7.7691983e-01  -1.5597314e+00  -1.0710478e+00  -1.3618146e+00  -2.2716717e-01   4.5272390e-01  -6.5673581e-01   7.2402588e-01   5.2644606e-01   5.5955096e-03
   9.1271673e+00   6.5598024e+00   5.0544077e+00   5.0975779e+00   4.6588107e+00   3.4954384e+00   1.9114090e+00  -4.8955269e-01  -7.6315478e-01   7.0041507e-01   2.7505146e-01  -1.1105252e-01   6.2217983e-01  -1.7904983e+00  -2.0972162e+00  -2.3894494e+00  -3.1476563e-01  -2.1627396e+00  -2.4582103e+00   6.1761664e-01  -4.6139439e-01   2.0693611e+00   1.2777843e+00   1.1188542e-01
   1.0132977e+01   6.5308983e+00   3.4876178e+00   4.6158689e+00   5.3337306e+00   4.9958263e+00   2.1820264e+00  -8.3932411e-01  -2.0942406e+00  -2.5756506e-01  -1.9641170e-01  -1.2905133e-01   3.7074319e-01   1.3539722e+00  -1.6063531e+00  -1.1391680e-01   3.5071752e+00   2.3230793e+00   7.0510179e-01  -1.1117542e-01  -1.0079680e+00   8.2373993e-01   6.9966387e-01  -2.9476574e-01
   1.0410294e+01   9.8419200e+00   2.4031134e+00   4.9280014e+00   1.0050471e+01   9.8532907e+00   5.3578692e+00  -2.4784926e-01  -3.1676462e+00  -4.6648006e-01   5.7643897e-01  -1.6314471e-01   5.0012120e-01   2.8976024e+00   7.8204912e-01  -2.9266830e-01   1.6646468e+00   2.1522764e+00   2.1522194e+00   1.4807373e+00   2.8823409e-01  -1.7509248e+00  -5.4488086e-01  -4.6763790e-02
   9.6916231e+00   1.0742507e+01   3.6041314e+00   6.0050197e+00   1.0764820e+01   9.9064941e+00   6.5764806e+00  -8.3069153e-01  -3.5826048e+00  -1.1977117e+00  -3.9464474e-02  -5.0580062e-01  -5.1612200e-01   7.2935087e-01   3.1618316e+00  -7.3453252e-01  -1.9874334e+00  -3.6599357e+00  -1.4763146e+00   8.4934856e-01   1.9706507e+00  -4.4252285e-01  -5.7578693e-01  -5.0617677e-02
   1.0098026e+01   8.8004017e+00   6.1692246e+00   3.9640001e+00   4.4402362e+00   4.2685192e+00   2.9425110e+00   1.7272369e+00   4.1337844e-01  -1.4558988e+00  -6.2074344e-01   7.1764429e-03  -9.6758090e-01  -1.7076874e+00   4.6290915e+00  -5.0145065e-01  -5.4949422e+00  -4.0395470e+00  -2.9352417e+00   1.2270655e+00   3.1439167e+00  -1.6337412e-02  -1.0421508e+00   2.0651032e-01
   9.5149279e+00   8.1456838e+00   6.3473096e+00   3.9960708e+00   5.1576981e+00   2.2983085e+00   1.1752335e+00  -5.5284437e-01  -9.2877688e-01  -4.2663999e-01  -4.6150089e-01  -2.9013842e-01  -1.4240882e+00  -1.7342111e+00   1.9003814e+00   1.9444178e+00   1.5583767e+00   3.0820058e+00   8.8559437e-01  -2.1440662e-01   6.4578857e-01   4.1896730e-01  -4.9840239e-01   2.0690895e-01
   9.0472707e+00   8.5788006e+00   7.9751616e+00   5.1802999e+00   4.6116190e+00   7.5980630e+00   3.6556302e+00   1.4538255e+00   2.2131496e-01  -8.7652202e-01  -7.7576897e-01   3.8789666e-02  -7.3847853e-01   2.5887776e-01  -1.4419088e+00   2.3971008e+00   5.6557961e+00   8.0700803e+00   4.6991634e+00  -2.2221656e+00  -2.2303279e+00   7.5066585e-01   4.8102332e-01   5.6751152e-02
   8.0808684e+00   8.2519910e+00   5.5517351e+00   8.3134964e+00   1.3016693e+01   1.2864731e+01   7.5483126e+00  -1.0155957e+00  -2.5178902e+00  -8.5894910e-01  -7.0955529e-01  -2.1124380e-01   4.6113844e-01  -2.3125380e-01  -2.9385879e+00   1.6841568e+00   2.7756995e+00   3.7977220e+00   2.2838546e+00  -2.1186841e+00  -1.5268245e+00   8.2708749e-01   5.9558039e-01   2.1223509e-01
   9.7073379e+00   9.1355647e+00   4.4041487e+00   5.4009385e+00   8.9944326e+00   1.1090428e+01   6.8047166e+00  -1.3746358e+00  -2.1375567e+00  -1.1374544e-01   2.2481875e-01   5.2855862e-02   1.2980683e+00  -1.0802892e+00  -4.5754591e+00  -7.2746197e-01  -1.1188233e+00  -4.2857465e+00  -1.4473786e+00  -1.6391346e+00  -6.9556822e-05   1.3304381e+00   4.7356138e-01  -1.6025760e-02
   9.8766020e+00   7.5204210e+00   3.7249343e+00   6.4119867e+00   7.1298405e+00   6.2487088e+00   3.0264722e+00  -2.3166399e+00  -2.0395778e+00   4.3260294e-01  -6.8424154e-02   2.1181123e-02   7.1884094e-01   4.8015164e-01  -4.8591645e-01  -1.8269028e-01  -6.5423840e+00  -6.4523890e+00  -2.6166351e+00   4.3616261e-01   2.0405191e+00   3.6226006e-01   3.2071069e-01   4.7549235e-02
   1.0096506e+01   7.3241518e+00   2.0253733e+00   5.0398618e+00   5.8768105e+00   4.4774542e+00   3.7454824e+00  -3.5435428e-01  -1.7945574e-02   4.7335917e-01  -3.8599248e-01  -1.0146144e-01  -9.5599563e-01   5.4785537e-01   1.7076651e+00   1.3044815e+00  -3.7760288e+00  -3.8346039e+00  -1.1170612e+00   1.3911845e+00   2.4434360e+00  -6.5466124e-01  -5.0410628e-01  -1.3737507e-01
   8.9645456e+00   9.8779249e+00   6.0122481e+00   8.2199993e+00   4.7619285e+00   6.4926345e+00   5.1529770e+00  -8.7149257e-01  -5.1691715e-01  -6.0911131e-01   7.6916362e-02  -6.2761299e-02  -1.8131074e+00   3.0684405e+00   3.7646686e+00   1.7691877e-01  -4.3747154e-01   1.1282435e+00   1.9673291e+00   1.0799408e+00   5.9551882e-01  -1.5901133e+00  -2.7429720e-01   4.8083840e-02
   8.7293726e+00   8.7785958e+00   5.8219894e+00   6.4536543e+00   4.5143454e+00   5.2165597e+00   4.0658724e+00  -1.0432796e-02   7.6626689e-01  -5.7488017e-01  -6.0401093e-01  -1.1123553e-01  -2.2436212e+00   3.6198976e+00   3.3419261e+00  -1.9477948e+00   2.5287589e+00   2.3015246e+00   9.8523913e-01   6.8581994e-01   2.1551443e-01  -7.4364217e-01  -3.3585823e-01  -2.2730217e-02
   7.8405077e+00   1.1395860e+01   7.4736291e+00   5.9704686e+00   7.1548657e+00   7.5715213e+00   5.8172709e+00  -8.6868952e-01  -1.5384058e+00  -1.4284473e+00  -3.7086073e-01   9.8193927e-02  -8.0570379e-01   3.3756552e-01   7.7007237e-02  -2.6179248e+00   2.8063245e+00   4.2251561e-03  -6.6316326e-01   1.3981583e-01  -3.6841201e-01   4.4007873e-02  -3.6613072e-02  -2.1799635e-01
   7.2930935e+00   1.1995031e+01   6.3075720e+00   3.2429350e+00   8.4734801e+00   7.3902978e+00   4.8911942e+00   6.7297411e-01   8.1607039e-01  -2.3243611e-01  -6.6589127e-01  -2.1603438e-01  -2.0779331e-01  -1.0821832e-01  -1.0145049e+00  -1.1299730e+00   1.1240369e+00  -1.5295846e+00  -1.3501976e+00  -9.5596725e-01  -6.9800431e-01  -1.7391225e-02   4.4895888e-01  -2.7322876e-01
   8.4741294e+00   8.7760557e+00   5.8849676e+00   5.8984717e+00   6.9918478e+00   5.4121032e+00   3.7455712e+00  -1.0034723e+00  -1.0944369e+00  -7.1432153e-01   5.2936922e-02  -3.3735639e-01   4.9451401e-01  -3.0274613e+00  -2.1013508e+00   1.7415456e-01  -3.2685022e+00  -5.3881712e+00  -4.8065748e+00  -1.0735946e+00   8.0094281e-01   1.5842182e+00   2.6416926e-01  -2.5088245e-01
   8.1008718e+00   9.9261704e+00   5.0945629e+00   4.7946932e+00   6.2819097e+00   4.0018918e+00   3.0764259e+00  -1.3769923e+00  -5.0272402e-01  -9.5802987e-01  -1.4247144e-01  -3.0330351e-01  -1.1307395e+00  -9.2059807e-01  -2.7212240e-01   2.1233527e+00  -2.8277280e+00  -2.6250535e+00  -2.2768078e+00  -1.1966701e+00   3.0567351e-01   1.2069598e+00   1.6397156e-01  -4.0023545e-03
   8.1783896e+00   7.8890981e+00   4.9281074e+00   5.4558213e+00   3.3478976e+00   1.1834674e+00  -4.8520721e-01  -1.4540982e+00   3.2240564e-01   1.3106769e+00  -2.3631675e-01  -2.3449517e-01  -2.0626900e+00   9.9251478e-01  -2.3452822e-01   1.5324439e+00   1.0058399e+00   1.8284471e+00  -5.1582140e-01   3.5660096e-01   2.9541100e-01   8.1884288e-01  -3.0532890e-01   2.8008862e-01
   5.7448541e+00   1.1057613e+01   6.3778185e+00   6.6492892e+00   6.0538633e+00   5.5670354e+00   3.5913716e+00  -8.9671815e-01   5.6615937e-01   5.6550436e-01  -2.7530709e-01  -2.7346852e-01  -1.6950566e+00   4.1019592e-01   5.4664678e-01   1.2900835e+00   3.4081741e+00   6.1583433e+00   1.7268769e+00   3.4862108e-01  -2.5297408e+00  -3.7168753e-01   2.4287008e-01   4.1171973e-01
   6.5581033e+00   9.6991068e+00   4.8915475e+00   7.2698396e+00   8.6146309e+00   7.3722022e+00   2.7143663e+00  -7.0870792e-01  -1.1857621e+00  -2.4782433e-01  -3.3863860e-01   6.7859037e-02  -5.4941557e-01  -1.6025300e+00  -1.3906458e+00  -2.0782344e+00   8.9697604e-01   4.0113647e+00  -8.9183605e-01   6.8378719e-01  -2.7009401e+00  -1.2293463e+00   9.4525437e-01   3.8705892e-01
   6.3684300e+00   9.6364599e+00   5.9328130e+00   5.8228092e+00   8.7608042e+00   1.0145039e+01   4.0669546e+00  -1.2267558e+00  -3.5432514e+00  -7.3631057e-01   2.7299460e-01   1.6309898e-01  -2.6166369e-01  -1.1391253e+00  -8.8723837e-01  -2.0080529e+00  -6.0779064e-01   1.6942118e+00  -1.0322531e+00   4.2568287e-01  -2.2039047e+00  -8.3239489e-01   7.2912312e-01  -1.1460253e-01
