   1.0447622e+00   4.0784971e+00   1.2057771e+01  -3.6212673e+00   1.9687186e+00   7.6235471e+00   1.0538734e+01   7.8819957e+00   2.6573539e+00   3.9683869e+00  -1.3104561e-01  -2.5555362e-01   7.1738439e+00   1.4600675e+00  -6.0327034e+00  -3.6511053e+00  -6.7213359e+00  -2.3692007e+00   1.9139797e+00  -2.1789686e+00  -1.9291680e+00  -1.8204334e-01   2.0395172e-01   5.8380949e-02
   4.2701091e+00   2.1021983e+00   6.0424871e+00  -6.3964521e+00  -9.2828852e-01   5.4206764e+00   9.8808796e+00   6.5127805e+00   5.9772077e-01   4.1121911e+00  -4.2124928e-01  -3.2673152e-01   7.3330336e+00   1.9708644e+00  -6.7364268e+00  -1.4392619e+00  -4.4163074e+00  -3.8679046e-01   3.8024808e+00  -3.0320818e+00  -1.0614272e+00  -9.8048939e-01   7.5039511e-01   6.0456778e-02
   6.0283629e+00   4.0895006e+00   3.3873443e+00  -5.7934684e+00  -1.2019157e-02   6.7554107e+00   9.0590904e+00   5.2243934e+00   1.4515753e+00   3.7213680e+00   5.5843016e-01  -4.7510227e-01   5.4155057e+00   1.1146897e+00  -3.7100799e+00   2.7263298e-01  -4.5330883e+00   1.8062357e+00   4.1323413e+00  -1.3374121e+00   1.4312635e+00  -1.0290584e+00   1.6738913e+00   1.3008730e-01
   7.2802351e+00   4.5552174e+00   5.2968222e+00  -2.8752215e+00  -1.3474224e+00   7.0606446e+00   1.3319467e+01   6.3364465e+00   3.0509848e+00   3.4525414e+00   4.2601284e-01  -3.1768695e-01   2.5170611e+00   2.9735878e+00   2.4585449e+00   6.1740313e-01  -3.0586714e+00   4.6842109e+00   6.1744387e+00  -1.0833626e+00   9.3425275e-01  -5.6858666e-01   1.8273791e+00   3.0933216e-02
   7.6629578e+00   4.5240221e+00   6.8654836e+00  -4.9729330e+00  -4.6213469e+00   9.5129166e+00   1.5017953e+01   5.9640446e+00   3.5776171e+00   2.7546240e+00   1.9561603e+00  -6.4944958e-02   1.1823973e+00   4.7797476e-01   3.7487629e+00  -3.7824794e-01  -3.3569897e+00   3.7526308e+00   4.1052507e+00  -2.7312909e+00  -1.7273983e+00  -5.4383751e-01   2.4376835e-01  -1.6793913e-01
   7.2284032e+00   6.3453192e+00   7.9912347e+00  -5.8806150e+00  -3.2116317e+00   1.1068240e+01   1.6163106e+01   4.5179111e+00   9.3607900e-01   3.7426831e+00   1.6209543e+00  -4.8541035e-01   8.2914209e-01  -1.6303838e+00  -1.1099763e+00  -3.2310992e+00  -4.0769159e+00   1.1201607e-01   1.9620260e+00  -4.2578685e+00  -4.2621940e+00   3.1623700e-01   1.8877478e-01  -1.2744323e-01
   7.8278747e+00   3.9114118e+00   7.6632824e+00  -4.8581435e+00  -4.1153991e+00   1.0380559e+01   1.3795147e+01   2.0367248e+00  -8.2069185e-02   2.7605409e+00   3.2661196e-01  -6.4314927e-01   1.9556361e+00  -1.3857317e+00  -3.8719646e+00  -3.1077383e+00  -2.8323883e+00  -1.0422215e+00   1.7049906e+00  -4.2637031e+00  -4.3297811e+00   7.2041670e-01   2.0863376e-01   1.0384315e-01
   8.4414897e+00   2.4159468e+00   3.2329583e+00  -7.7792651e+00  -7.7157701e+00   6.7948473e+00   1.6873909e+01   1.9133037e+00  -1.5124630e+00   3.9239385e+00   1.5239492e+00  -2.1974964e-01   2.4503233e+00  -1.1958704e+00  -3.4183729e+00  -9.8378942e-01  -8.4073321e-01  -3.2675380e+00  -4.1865710e-01  -9.1935453e-01  -1.9981146e+00  -1.4791059e+00   8.3002134e-01   5.7977226e-01
   9.9898686e+00   4.4101108e+00   3.4366750e+00  -8.6852154e+00  -6.6178602e+00   1.0086281e+01   1.7220037e+01   8.7079365e-01  -1.6927835e+00   3.7446214e+00   2.3176135e+00  -4.2010591e-02   8.1617792e-01   4.7742543e-01  -2.0727607e+00  -5.0610829e-01  -9.6265739e-01  -5.1661914e+00  -2.8813002e+00   2.4401935e+00   6.9333689e-01  -1.9809927e+00   7.3633569e-01   4.4348227e-01
   9.8228912e+00   4.3021641e+00   4.9769791e+00  -5.4427632e+00  -3.2215010e+00   6.3140721e+00   1.3822676e+01   3.7218449e+00  -1.2557358e+00   1.0319839e+00   1.8704855e+00   8.3678703e-02   6.8704815e-01   1.0008126e+00   3.0422511e-01   8.1176373e-01  -5.4439696e-01  -2.6716476e+00  -4.2436093e+00   3.3681191e+00   2.1344312e+00  -1.7689377e+00  -8.9658779e-02   2.0188393e-01
   8.3614408e+00   3.6844413e+00   3.6821309e+00  -6.7855569e+00  -7.8065198e+00   2.8716597e+00   1.0998813e+01   4.7927445e+00   8.2957257e-01   1.2350291e+00   1.2578473e+00  -1.2964003e-01   8.2126192e-01  -1.3505363e-01   6.7384705e-01   1.3272484e+00  -1.6068886e-01  -1.9380813e+00  -2.1893156e+00   1.3845138e+00   3.0478200e+00   1.1162366e-02  -7.3421878e-01   7.9028251e-03
   1.0286276e+01   4.2800004e+00   3.5665680e+00  -7.5114488e+00  -7.9380358e+00   6.3946864e+00   1.3619107e+01   5.0045068e+00   4.2800580e-01   2.5253280e+00   1.9193441e+00   1.2689098e-01   7.0570285e-01  -2.7157470e+00   2.1596915e+00   1.8746571e-01  -2.1747881e-01   1.4192289e+00   2.3905254e+00  -3.0710268e+00   6.4119500e-01   2.7105048e+00  -8.9318184e-01  -2.9496377e-01
   1.0990069e+01   4.2186122e+00   5.1526511e+00  -5.6600000e+00  -4.5006261e+00   7.1388515e+00   1.4037848e+01   2.3062334e+00   2.0370757e+00   3.0146928e+00   1.1918560e+00  -5.1762492e-02   1.0284261e+00  -2.9607282e+00   3.4940707e+00   1.0283160e-01   1.9653041e+00   1.9491620e+00   4.0511834e+00  -3.4221789e+00  -2.7106977e+00   3.6351091e+00  -2.0207978e-01  -1.6257690e-02
   9.5671313e+00  -3.8541817e-02   7.4812563e+00  -5.7243431e+00  -5.2006660e+00   6.3093197e+00   1.5888946e+01   3.5856020e-01  -8.9769488e-01   4.2079092e+00   5.6370841e-01  -3.9770572e-01   8.6502182e-01  -1.3487956e+00   1.9727717e+00   1.5727080e+00   4.4992365e-03  -1.6159937e-01   1.7050071e+00  -3.5647889e+00  -2.6300340e+00   1.7249902e+00   4.0158395e-01   3.0318066e-01
   1.0263652e+01   1.4026201e+00   6.9658929e+00  -7.5248624e+00  -6.2272485e+00   5.8380862e+00   1.5940669e+01   1.9824494e+00  -2.5736236e+00   5.8464022e+00   1.6325455e+00   1.0827178e-01   7.7514414e-01  -3.7037977e-01   4.1070590e-01   7.8496180e-01  -3.2829966e+00  -1.4661390e+00  -1.3874411e+00  -1.9279955e+00  -1.0338798e+00  -5.2694265e-02   1.5142899e-01   5.1767550e-01
   1.1947017e+01   3.6648031e+00   5.6191047e+00  -4.2199556e+00  -7.0679757e+00   6.8026700e+00   1.5225207e+01  -1.8078453e-01  -1.2116955e+00   3.6969587e+00   2.3013753e+00   5.0164483e-01   1.4074278e+00   2.0244367e+00  -2.1083378e+00  -6.9633097e-01  -2.4722040e+00  -2.6314192e+00  -2.4360421e+00   7.2632788e-01   1.4868942e+00   1.4241681e-01  -2.2551419e-02   3.1041016e-01
   1.0962843e+01   1.8113701e+00   6.6997858e+00  -5.2347511e+00  -8.4914661e+00   4.6929679e+00   1.2288556e+01  -3.1608744e-01   6.4325630e-01   3.1911267e+00   5.5016608e-01   2.7507549e-01   1.5738549e+00   2.6714879e+00  -2.1613162e+00  -7.7656103e-01  -1.1790509e-01  -2.8368794e+00  -1.5816749e+00   2.7044974e+00   8.2727939e-01  -4.2429595e-01  -2.8271236e-01  -9.3534397e-02
   1.1328678e+01   2.7937382e+00   4.4518031e+00  -7.9138952e+00  -7.7768633e+00   2.9347500e+00   1.4060939e+01   2.5973205e+00  -2.7579360e-01   5.7491722e+00   1.0710710e+00  -1.5492329e-02  -3.1838043e-01   1.7384121e+00   1.3350843e+00  -2.0825424e+00   1.9291085e-01  -3.1751301e+00   7.2988659e-01   4.2929558e+00  -1.9564745e+00   1.2379526e+00  -3.4601569e-01  -4.3758363e-01
   1.2933604e+01   5.8453844e+00   4.3075693e+00  -6.8427341e+00  -6.0496623e+00   3.5167271e+00   1.4150290e+01   4.6501430e+00  -1.8006555e+00   4.1838515e+00   1.8236291e+00   2.2653877e-01   5.3948880e-02   8.2881636e-01   1.0917152e+00  -1.4581371e-01  -2.2737289e-01  -2.6013314e+00   2.8083485e+00   4.7760051e+00  -2.5181357e+00   2.0194580e+00   6.9134901e-01  -4.2687647e-01
   1.0484066e+01   4.2554141e+00   8.8178393e+00  -6.5397777e+00  -7.9995113e+00   2.6280953e+00   1.5389170e+01   3.7755340e+00  -2.9244513e+00   5.0575252e+00   1.1456202e+00  -1.3046225e-01   1.1934415e+00   3.9558347e-01   1.5939263e+00   9.3471559e-01  -5.5018549e-01   1.3096104e-02  -7.7526366e-01   2.7384966e+00   5.1259048e-01  -9.3821152e-02   1.8046718e-01  -2.4781843e-01
   1.1466072e+01   2.3237567e+00   6.1543404e+00  -6.1405304e+00  -8.7212014e+00   9.4429809e-01   1.5836963e+01   6.2588135e+00  -1.8096183e+00   6.5661372e+00   1.5499150e+00  -3.0775425e-01   4.6514570e-01  -1.4645687e-01   8.1773060e-01  -2.9689649e-01  -4.0820670e-01   1.5088709e+00  -3.1664126e+00   9.5703243e-01   1.6845172e+00   4.1345922e-01  -1.8584519e-01  -3.5893002e-01
   1.3852606e+01   5.1479272e+00   5.9193071e+00  -6.8629237e+00  -7.2663720e+00   4.2406086e+00   1.2054707e+01   5.9007302e+00   4.9757352e-01   4.4172976e+00   1.4786288e+00  -1.2007347e-01   8.1030058e-01   3.3926889e-02   1.4486382e-01  -3.2445228e+00   1.4125468e+00   1.9432412e+00  -2.7703952e+00   9.6116889e-01   4.2977604e-01   1.1207502e+00   4.4473998e-01  -2.6488595e-01
   1.1947052e+01   5.1794425e+00   6.9834313e+00  -7.1265059e+00  -7.0285420e+00   4.9737767e+00   1.1067903e+01   5.0230936e+00  -9.8489219e-01   5.1241542e+00   1.3783570e+00  -3.1705065e-01   1.0511402e+00   8.8835454e-01   1.6676156e+00  -3.4293542e+00   1.0517212e+00   1.6470099e+00  -7.9014858e-01  -1.2715141e-01  -1.2058911e+00   1.2015427e+00   8.3134809e-02  -6.4019036e-02
   1.1459026e+01   2.8784615e+00   8.6205895e+00  -1.0913574e+01  -6.7270208e+00   3.5282178e+00   1.3618108e+01   5.8351473e+00  -2.6921504e+00   7.4596420e+00   1.8985092e+00  -5.2314297e-01   1.2396911e-01  -1.0570590e+00   1.1738421e+00   5.6371388e-02  -5.9016314e-01  -9.1432778e-01   1.2318849e+00  -6.7224003e-01  -4.3116403e-01   2.7813584e-01   4.6334470e-02   1.4271726e-01
   1.4239572e+01   4.7910214e+00   7.3051225e+00  -9.2592365e+00  -7.4132951e+00   3.7710084e+00   1.3870040e+01   6.1008778e+00  -2.0235930e+00   6.8472790e+00   1.4646770e+00  -2.0224805e-01   3.3596284e-01  -1.1875284e+00   2.6857412e-01   9.6951182e-01  -1.2791849e+00  -1.8514038e+00   8.5117260e-01   7.2699864e-01   8.5309680e-01  -1.6565892e+00  -6.5917383e-02   3.8922485e-01
   1.2892300e+01   3.7565492e+00   7.5192246e+00  -5.7120013e+00  -7.9592402e+00   3.4705011e+00   1.2501466e+01   4.3534780e+00   3.7017789e-01   3.9729390e+00   1.5049705e+00   3.6601128e-02   1.2326734e+00   1.0599372e+00  -1.6728934e+00   2.0169570e+00  -6.2619831e-01  -1.2811075e+00  -2.1060389e-01   4.6707588e-01   8.9855573e-01  -2.3501100e+00  -4.0180097e-03   4.2964276e-01
   1.1734360e+01   2.9591060e+00   7.9369750e+00  -8.2730246e+00  -8.3312096e+00   2.2255294e+00   1.2902982e+01   6.8544262e+00  -1.2364111e+00   4.3826219e+00   1.4762503e+00  -1.3085431e-02  -2.3310350e-01   1.1000988e+00  -1.3341469e+00   3.5553355e-02   2.9441197e+00  -2.3285899e+00  -1.8652668e+00   5.2159416e-01  -1.4948035e-01  -2.3393835e-02  -4.8680732e-01   3.9199203e-01
   1.4560643e+01   5.3843250e+00   5.7953232e+00  -8.3812446e+00  -7.2073611e+00   2.3792960e+00   1.3785731e+01   6.1589869e+00  -1.7379077e+00   5.1668055e+00   1.8866955e+00   2.6739864e-02   9.9089822e-02   1.0468998e+00  -4.7467286e-01  -4.3837303e+00   3.6612019e+00  -3.3801857e+00  -2.6772393e-01   3.4900944e+00  -2.1093246e+00   2.2011541e+00  -1.1022194e+00   4.2192423e-01
   1.3055746e+01   5.6272818e+00   6.1658529e+00  -7.8712848e+00  -3.3730552e+00   8.2372613e-01   1.0430008e+01   5.9805146e+00  -1.1937708e+00   6.2152550e+00   5.4360352e-01   3.9067063e-01   1.3860503e+00   1.8799000e+00  -1.0266850e+00  -4.0581956e+00   3.7901872e+00  -1.8576762e+00   1.1099984e-03   1.6836558e+00  -2.7248189e-01   9.6524033e-01  -1.0220043e+00   4.8459771e-01
   1.2380242e+01   3.9928111e+00   7.6927763e+00  -1.2488467e+01  -4.9465145e+00  -8.9887573e-01   1.3336368e+01   1.0025575e+01  -2.8151292e+00   6.3583535e+00   3.1796485e-01   4.6760944e-01   6.5266360e-01   6.8331029e-01   1.0001041e-01  -2.0830330e+00   1.3123271e+00   1.3168222e+00  -8.0236270e-01   2.8184211e-01   6.1259087e-01  -1.2790656e+00  -1.2676762e-01   3.6751594e-01
   1.4903636e+01   6.4747130e+00   5.4482209e+00  -1.2306707e+01  -3.7763521e+00   1.0781009e+00   1.3129329e+01   7.4466157e+00  -1.1065232e+00   5.2347084e+00   7.2760913e-01   4.9337635e-01   7.2609533e-02  -2.8825468e-01   8.1707653e-01  -1.9852509e+00  -1.0186985e+00   3.7715465e+00   3.2272828e+00   1.2316128e+00  -1.4569063e+00  -1.5666641e+00   1.2194261e+00  -2.1088509e-01
   1.4615693e+01   5.9855748e+00   6.3041548e+00  -9.2880830e+00  -5.0372220e+00   4.2273419e+00   1.1232526e+01   5.8486995e+00  -8.6264518e-01   3.7384804e+00   1.6045413e+00   5.2666091e-01   5.1582375e-01   7.2329383e-01   6.0229464e-01  -5.8169947e-01   2.3726363e-01   4.9032288e+00   3.1730977e+00  -6.8060314e-01  -3.6521262e+00  -6.6026350e-01   1.4506463e+00  -4.3401685e-01
   1.2046934e+01   4.1985179e+00   8.0857785e+00  -1.2449353e+01  -4.8557492e+00   3.9179371e+00   1.6322853e+01   9.9163718e+00  -4.3553722e+00   5.1751954e+00   1.7294544e+00   4.4817261e-02  -2.0717918e-01   1.2151236e-01   1.5237289e+00  -6.4602419e-01  -3.0903153e-01   3.4288373e+00   3.2422616e+00  -1.2865782e+00  -3.6449341e+00  -6.1844465e-01   1.3509398e+00  -4.2622343e-01
   1.4582328e+01   6.2158494e+00   7.2774395e+00  -1.3289693e+01  -4.0509205e+00   5.0360493e+00   1.6499252e+01   7.7697926e+00  -6.6688940e+00   5.3977148e+00   1.9930117e+00   4.0863702e-02  -2.3254058e-01  -3.6485255e-01   1.8526830e+00   1.9566456e-02  -1.4772537e+00  -9.6476870e-01   4.1098280e+00   5.2528480e-02  -2.0037830e+00   2.3169484e-02   9.1626090e-01  -5.2138263e-01
   1.4609549e+01   6.5418442e+00   7.2471719e+00  -1.1274938e+01  -4.7330501e+00   5.8170032e+00   1.5359358e+01   4.5562019e+00  -3.6707999e+00   3.4774242e+00   2.5597836e+00   9.6939816e-02   1.5028875e+00   1.3810102e+00   1.0517188e+00   1.7789794e+00  -3.1571341e+00  -1.3963239e+00   1.7910509e+00  -1.6257105e+00  -1.1292386e+00  -3.7511094e-02   7.9114137e-01  -1.6557141e-01
   1.2985574e+01   4.2666328e+00   9.5024825e+00  -9.8459406e+00  -7.3144522e+00   1.8306558e+00   1.7879015e+01   8.6075772e+00  -4.2106059e+00   4.6221202e+00   2.5637680e+00  -2.8147431e-01   4.2698534e-02   5.7373077e-01   9.9267934e-01   3.3703437e+00  -4.5807947e+00   6.4733969e-01   6.5218044e-01  -1.3804952e+00  -2.2058797e-01  -3.1868978e-01   2.0414545e-01  -5.6904624e-02
   1.5099642e+01   7.2446416e+00   8.5508352e+00  -1.1502760e+01  -7.9596845e+00   3.4261480e+00   1.8319548e+01   7.0589137e+00  -7.2783741e+00   5.5067260e+00   2.6307883e+00  -4.2370850e-02  -5.4930610e-01  -6.3373385e-01   2.5030196e+00   1.7828925e+00  -3.5207634e+00  -4.0907466e-02  -6.1066622e-01  -5.3634803e-01  -1.3731251e+00   7.9611207e-01   1.5531686e-01  -9.1452297e-02
   1.4401329e+01   6.7250469e+00   8.1146268e+00  -8.1202665e+00  -9.3087954e+00   7.2024864e+00   1.5997428e+01   4.4476939e+00  -5.1959889e+00   3.9050292e+00   2.2637275e+00   2.5162099e-02   5.7813232e-01   8.4183406e-01   1.7330179e+00   1.0977982e+00  -1.4754263e+00   1.5928361e+00  -1.1585504e+00  -3.5157579e+00  -7.6741708e-01  -2.7877211e-01   7.1389269e-01   7.1603363e-02
   1.3077713e+01   4.3620364e+00   1.1695629e+01  -9.4634368e+00  -9.0170236e+00   3.0697267e+00   1.5384152e+01   5.8316215e+00  -5.2377961e+00   5.0301379e+00   2.9427791e+00  -1.9355684e-01  -3.5239912e-01  -1.3794983e+00   1.3670997e+00   3.0426963e+00   1.8708978e+00   4.1867416e-02  -2.2294562e+00  -3.4440489e+00   1.8441647e+00  -1.3872913e+00   2.6305670e-01  -1.0301736e-01
   1.4863738e+01   6.9706865e+00   1.0529612e+01  -9.2189049e+00  -8.9989221e+00   4.3981207e+00   1.7608887e+01   3.9475865e+00  -6.3820205e+00   4.4422562e+00   3.4786116e+00  -9.8476274e-02  -3.4889654e-01  -2.1602632e+00   4.9814693e-01   2.5397611e+00   1.8534572e+00  -2.3187498e+00  -2.8350847e+00  -8.4396127e-01   1.2744737e+00   5.3678400e-02   1.2503117e-01  -1.7711680e-01
   1.4339840e+01   5.0525744e+00   9.3939919e+00  -6.3893963e+00  -5.3082745e+00   4.8911320e+00   1.4169634e+01   2.1428940e+00  -3.9191112e+00   3.1571755e+00   2.4179312e+00  -1.3507770e-01   3.7933946e-01   2.0099873e-01  -1.4976159e+00   2.0650413e+00   8.5622388e-01   6.7256111e-02  -1.7221738e+00  -4.0546028e-01   8.0855555e-01   5.7992547e-01  -1.7077619e-01  -2.8240048e-01
   1.3246921e+01   3.1393831e+00   1.0012666e+01  -5.8476451e+00  -8.3829842e+00   2.8136590e+00   1.2352060e+01   5.0261157e+00  -3.9436208e+00   4.9220280e+00   2.7136982e+00  -2.6975267e-01  -5.6505397e-01   6.1774947e-01  -1.3449018e+00   8.3864972e-01  -5.7887263e-01  -3.6809911e-01  -1.3572716e+00  -5.8416737e-01   2.4051265e+00   1.8535353e-01  -5.6450791e-01  -9.8402991e-02
   1.4455130e+01   6.5791862e+00   9.7076786e+00  -8.0515048e+00  -8.0406567e+00   3.9628417e+00   1.5429305e+01   4.6841665e+00  -5.2441626e+00   5.6601402e+00   3.0690716e+00  -5.3151936e-01  -7.9599381e-02   1.0377441e+00  -1.1344005e+00  -2.0608977e+00  -1.0836367e+00  -3.7778910e-01  -1.2628210e+00  -1.6920567e-01   2.2874058e+00   5.4801027e-01  -2.3589816e-01   2.5653223e-01
   1.3958511e+01   7.1340048e+00   8.3554165e+00  -7.1298761e+00  -8.5010399e+00   4.3101171e+00   1.4943144e+01   1.8006992e+00  -2.1118051e+00   3.4688042e+00   2.3062796e+00  -4.7859930e-02   1.1450148e+00   1.7890039e+00  -2.2090997e+00  -2.6372197e+00   4.1851824e+00   1.3386958e+00  -2.6132488e+00   6.3014688e-01   3.5473596e+00  -1.2378524e+00  -1.4573237e+00   2.7836423e-01
   1.3864645e+01   4.6118796e+00   8.5210158e+00  -8.8396274e+00  -6.8747017e+00   3.5762193e+00   1.0979861e+01   3.5017938e+00  -1.4039105e+00   4.7058028e+00   2.2677933e+00   1.3877427e-01   6.3781215e-01  -1.8726593e+00  -1.1732475e+00   1.7590331e+00   2.5523439e+00  -5.6813851e-02  -3.8729548e+00   2.3311147e+00   3.5536927e+00  -1.8511218e+00  -2.0692860e+00   2.6497350e-03
   1.5259686e+01   6.8065422e+00   7.2923477e+00  -9.4094134e+00  -2.6881881e+00   5.0150139e+00   1.0656909e+01   6.5625224e+00  -5.4270753e-01   3.5424180e+00   9.2835173e-01  -1.8735314e-01  -2.0851178e-01  -3.0603514e+00   9.5999261e-01   1.7230253e+00  -1.1084836e+00   1.0116096e+00  -3.7945690e-01   2.4542349e+00   1.4976084e-01  -6.8281567e-01  -9.1547268e-01  -2.8810846e-01
   1.4761261e+01   3.9339285e+00   8.4793417e+00  -4.2731865e+00  -7.1185668e+00   3.5251725e+00   1.1762990e+01   5.7999269e+00  -6.9817235e-01   2.8466506e+00   6.5410652e-01  -4.5779815e-01  -8.5146034e-01  -1.0120266e+00   1.9619594e+00   1.9012275e+00  -2.6574178e+00   2.8549691e+00   5.7443402e+00   3.6089152e-01   2.3814666e-02  -1.9732345e+00  -8.9817871e-01  -5.2406491e-01
   1.3197436e+01   2.8824533e+00   9.8162424e+00  -6.8285586e+00  -1.0041833e+01   5.8530549e+00   1.3982394e+01   4.3329850e+00  -2.2400329e+00   3.3741568e+00   1.7399140e+00  -1.8173641e-01  -1.5636452e+00  -1.1047274e+00   1.9057943e+00   1.7568067e+00  -3.5403442e+00   3.8120954e-01   5.3878244e+00  -2.7233151e-01   1.6904972e-01  -1.2597504e+00  -4.7931849e-01  -3.8768017e-01
   1.3618580e+01   5.0558842e+00   1.0202008e+01  -7.2782135e+00  -7.1840061e+00   7.4396524e+00   1.7933629e+01   5.1578997e+00  -5.1952579e-01   1.8300818e+00   5.1474411e-01  -6.5013146e-01  -1.5577908e+00   1.1884264e+00   1.2163629e+00  -2.7242652e-01  -4.9442848e-01   7.4136785e-02   2.9283622e+00   1.6394199e+00  -2.1458970e+00  -1.0643561e+00   7.6926158e-02   8.5290440e-03
   1.3485559e+01   4.5884732e+00   9.2897063e+00  -5.2716898e+00  -7.9659848e+00   3.6295882e+00   1.5653327e+01   6.4750387e+00  -3.7845623e-01   2.1610768e+00   2.7905520e-01  -6.7270675e-01   7.3008689e-01   2.2727892e+00  -6.0963011e-01   2.1305779e+00   9.6991358e-01  -1.8735157e+00  -8.9294132e-01   2.4086553e+00  -9.0254147e-01  -8.2365356e-01  -3.8540289e-01  -1.7426357e-01
   1.2280514e+01   4.8635582e+00   1.0567154e+01  -5.4602606e+00  -8.8981335e+00   4.7481111e+00   1.5320067e+01   7.1880298e+00  -4.8478062e+00   1.8566563e+00   1.4999251e+00  -1.9951942e-01   5.2096753e-01  -2.2363466e-01  -1.7489040e+00   4.0102358e+00  -6.6725495e-01  -2.1998265e+00  -4.3435194e+00   5.8571139e-01   1.3599227e-01  -6.0691302e-01  -5.2474815e-01   1.2641812e-01
   1.4961599e+01   6.3878001e+00   8.7192240e+00  -4.5416681e+00  -7.7298986e+00   4.3885521e+00   1.3949763e+01   6.9309030e+00  -1.4297049e+00   2.1253892e+00   6.6921914e-01  -6.6843779e-01   9.0764262e-01  -1.7597519e+00   4.5110172e-01   1.5132463e+00   8.0704215e-01  -1.8490046e-01  -2.6035841e+00  -1.7153246e-01  -1.2014035e-01  -9.9909675e-01  -1.1645961e+00   4.0989655e-01
   1.3662011e+01   3.8207688e+00   7.8638927e+00  -1.6278706e+00  -8.3029316e+00   3.7604308e+00   1.2270132e+01   5.8085347e+00   2.1008696e-01   9.3755608e-01  -4.6746008e-01  -4.6263876e-01   2.5467910e+00   1.6663081e-01  -2.2466235e-02  -1.4743431e+00   1.1798980e+00   7.0839513e-01  -1.3431252e+00  -2.9794131e+00   2.0813262e+00  -4.9355921e-01  -1.4575281e+00   3.5449785e-01
   1.4156274e+01   2.4702400e+00   1.1317990e+01  -4.9180154e+00  -7.0530225e+00   3.8460777e+00   1.3272918e+01   6.9074876e+00  -3.0876133e+00   1.1219818e+00  -4.8414635e-01   7.3697749e-02  -1.2266363e-01   1.0667657e+00   3.2608475e-01  -3.1997318e+00   2.1179428e+00  -5.6037559e-01  -2.2393725e+00  -2.4344426e+00  -6.3754311e-01  -1.9668990e+00  -5.5791672e-01   8.4052825e-01
   1.6503363e+01   7.0722844e+00   9.2340720e+00  -7.4836016e+00  -7.4667245e+00   6.0819410e+00   1.3643802e+01   2.7306179e+00  -8.9686272e-01   1.6180212e+00  -1.0968424e-01  -3.8840412e-02  -4.4836849e-01   3.7714909e+00  -1.0222031e+00  -4.5800682e+00   4.0693320e+00  -8.7295522e-01  -5.6030823e-01   1.8989238e-01  -2.1562248e+00  -2.3390843e+00   3.9289485e-01   7.3354717e-01
   1.3356928e+01   6.3621908e+00   8.5232614e+00  -6.4134004e+00  -4.9710880e+00   2.3872337e+00   9.9038690e+00   4.8181975e+00  -1.8325447e+00  -1.1651920e+00  -3.4654386e-01   3.8045542e-01  -2.6664126e-01   4.2498380e+00  -5.3970909e+00   4.0970401e-01   5.1422338e+00  -2.4500880e-01  -5.6037402e-01   1.0304549e+00   3.9039386e-01  -2.6771059e+00  -4.4784806e-01   4.1795233e-02
   1.3389131e+01   7.5320296e+00   7.7279521e+00  -7.7502805e+00  -3.2399008e+00   3.1804200e+00   1.3114194e+01   7.1380183e+00  -3.6517846e+00  -1.4274835e+00   5.3080953e-02   4.8430317e-01  -7.1683961e-01  -3.3778039e-02  -2.9865234e+00   2.7868877e+00   1.8434364e+00  -2.9213984e+00  -3.4000503e+00   3.1365254e+00  -1.1092174e+00  -2.8654772e+00  -4.7296303e-01  -1.9122457e-01
   1.5313428e+01   8.6151244e+00   3.9754132e+00  -4.1701199e+00  -1.4530837e+00   4.9293250e+00   1.2697161e+01   6.2494698e+00  -1.1245616e+00  -1.3709247e+00  -1.2373010e+00  -1.2518119e-01   2.1817844e+00   1.0396866e-01  -8.1343360e-01  -4.6196727e-01  -2.1279475e+00  -5.5838187e-01  -1.9747143e+00   4.5352616e-01  -1.2240560e+00  -1.1517933e+00   5.9275025e-01  -4.0946972e-01
   1.4449853e+01   5.8951506e+00   7.0282110e+00  -4.4249103e+00  -6.4605720e+00   4.2879770e-01   7.1470802e+00   6.7197698e+00  -2.9146803e+00  -2.5773283e+00  -3.7375020e-01  -7.2858967e-02   2.5200764e+00   9.9592157e-01  -6.1767225e-01  -3.8636243e-01  -2.9852225e+00  -2.3527887e+00  -2.1356276e+00  -2.5072080e+00  -8.7953939e-02  -3.7779755e-01   3.5225430e-01  -4.7905295e-01
   1.6099244e+01   7.3365833e+00   7.6529816e+00  -8.7690364e+00  -6.5526736e+00   2.9254720e+00   9.9253544e+00   5.7076110e+00  -4.0371809e+00  -2.3179594e+00   7.5599709e-01   4.4831907e-02   9.3654563e-01  -1.0204985e+00  -1.5167581e-01   6.8982717e-01  -1.3825926e+00  -5.6392526e+00  -3.1412739e+00  -2.3429300e+00  -1.3894921e+00  -6.6143486e-01   6.3464698e-01  -2.0168996e-01
   1.6776338e+01   9.6651825e+00   4.9626595e+00  -6.0303659e+00  -5.1679396e+00   6.5316345e-01   1.1296656e+01   3.6481358e+00  -2.3274058e+00  -1.5206624e+00  -4.1518666e-01  -3.1928280e-01   1.5268478e+00  -5.8551918e-01  -3.1717863e+00   1.0703037e+00   3.5251689e+00  -2.2627452e+00  -1.4517797e+00  -1.5301151e+00  -1.1920817e+00   3.7885004e-01  -3.4523906e-01  -9.6692952e-02
   1.5555004e+01   5.1993606e+00   4.7806752e+00  -2.3326514e+00  -4.1732888e+00  -3.6417368e+00   5.9104623e+00   4.2708918e+00  -3.5024370e+00  -2.8914099e+00  -2.6461233e-01  -3.0450421e-01   8.3323865e-01   4.4323211e-01  -3.2957977e+00   3.1787123e-02   4.7048013e+00  -8.7246763e-01  -3.2481414e+00  -2.7360642e+00   5.9002128e-01  -2.2587343e-01  -1.0909357e+00  -4.9148904e-02
   1.7012245e+01   6.0854832e+00   3.7066848e+00  -6.0376473e+00  -2.3625111e+00   3.1828434e-01   6.9768567e+00   5.1429568e+00  -4.9701748e+00  -1.7223280e+00  -3.8130409e-01  -4.3230337e-02  -3.4580359e-01  -2.9530407e-01   5.5589955e-01  -1.3224905e+00   4.1255409e+00  -2.0711095e-01  -3.5616847e+00  -3.5528381e+00   2.7983089e-01   2.5495862e-01  -8.4430016e-01   1.7408631e-01
   1.7231148e+01   9.7912812e+00   3.3372725e+00  -8.7177150e+00  -8.9818586e-01   1.7842101e+00   7.2130419e+00   8.5610415e-01  -1.8307645e+00  -2.5559367e+00  -8.9734781e-01  -1.6691768e-01  -2.6703324e-01   2.4322535e+00   1.2036696e+00  -1.4365757e+00   2.6470912e+00   3.6610098e+00  -8.4592556e-01  -3.0775129e+00   1.5987091e+00   8.3063664e-01  -9.4504836e-01   2.2396277e-01
   1.5419561e+01   6.9262661e+00   6.5182102e+00  -4.8215698e+00  -6.1717970e-01  -2.3704764e+00   5.3028390e+00   2.6272582e-02  -2.7434958e+00  -1.3059611e+00  -1.3652692e+00  -1.2694661e-01  -1.7130276e+00   6.3109617e-01   1.4149393e-01   2.5299139e+00   3.1518382e+00   3.3342425e+00  -2.3044306e+00  -2.7434030e+00   1.7140999e+00   3.3683293e-01  -5.9638304e-01   2.2821925e-01
   1.5950796e+01   8.4273494e+00   5.1804168e+00  -5.0955537e+00  -1.0753178e+00   3.1941583e+00   5.4785829e+00   2.2129646e+00  -2.2177129e+00  -1.8536384e+00  -1.1902023e+00   7.3298077e-02  -1.2949686e+00  -3.6241618e+00   6.8323910e-01   4.5261041e+00   3.0582590e+00   3.3272282e+00  -7.3114713e-01  -3.0913451e-01  -8.1797305e-01   8.9490390e-01  -2.6415789e-01   7.1129101e-02
   1.5082879e+01   7.7140933e+00   2.9973535e+00  -4.0538572e+00   2.4538121e+00   4.6146739e+00   4.3874403e+00   3.4942207e-01  -2.2055508e+00  -1.5682278e+00  -1.1294514e+00   1.7899066e-01  -5.6850278e-01  -3.2273235e+00   1.7413159e-01   1.3744618e+00   3.1154032e+00   6.1699442e+00   2.8407671e+00   1.1490355e+00  -1.1846084e+00   2.5783977e-01  -2.1965450e-01  -1.7493801e-01
   1.5457036e+01   3.9611249e+00   6.1225595e+00  -2.3124153e+00   2.1537067e+00   3.2824772e+00   6.5740205e+00   2.3082763e-01  -3.3266966e+00  -1.0824475e+00  -1.4114935e+00  -2.1319266e-01  -1.1834198e+00  -3.1839240e+00   1.2819187e+00   1.1329624e+00   2.6099536e+00   4.8281188e+00   2.0105557e+00   5.6132784e-01  -2.1452347e+00   4.0824006e-01  -1.4586914e-01  -1.3635948e-01
   1.4813687e+01   4.3183931e+00   6.3083363e+00  -4.1514463e+00   2.4414130e+00   6.8402804e+00   9.0162707e+00   2.7408944e+00  -3.9659165e+00  -1.3047969e+00  -1.5841053e+00  -2.4610826e-01  -7.7817070e-01  -5.6623644e-01   3.6006882e+00   2.0731326e+00   7.3645059e-01   2.6232081e+00   2.6826670e+00   1.2604302e+00  -2.6554529e+00  -1.6580169e+00  -6.5007270e-01  -2.1931242e-02
   1.4310263e+01   5.3493135e+00   5.4478034e+00  -3.3473155e+00   2.8458122e+00   9.3235333e+00   6.1800012e+00   1.8592202e+00  -4.5553821e+00  -1.3729938e+00  -1.1816791e+00   8.1308313e-02  -7.0907308e-01   2.3302059e+00   2.4948835e+00   1.2347896e+00  -8.7904402e-01  -9.1063378e-01   2.8237574e+00   1.2188616e+00  -7.1464760e-01  -1.8562721e+00  -3.6297647e-01   5.3571729e-02
   1.4489010e+01   6.1706444e+00   8.7357639e+00  -4.2670810e-01   3.2124353e+00   5.5289580e+00   8.6084505e+00   1.4258710e+00  -5.5743873e+00  -3.9099800e+00  -2.2194677e+00  -1.1566921e-03  -5.3372709e-01   2.3923039e+00   1.7112830e+00   1.5855310e+00  -2.3647674e+00  -4.4009801e+00   7.5637162e-01  -7.1852976e-01   2.9510936e+00  -8.3882750e-01  -4.5308156e-01  -1.2522164e-01
   1.4555765e+01   6.5303082e+00   8.6511710e+00  -2.3225999e+00   4.4962947e-01   2.5721877e+00   1.1013567e+01   2.7166318e+00  -3.5944325e+00  -2.5642642e+00  -1.6382771e+00  -2.5531085e-01   1.4940418e-01   6.2171687e-01   1.9840953e+00   2.2418646e+00  -2.1759725e+00  -5.6235152e+00  -2.2489183e+00   1.3843608e+00   4.6757053e+00  -1.2040284e+00  -7.3942789e-01  -4.0310730e-01
   1.3890345e+01   7.3163516e+00   7.2735770e+00  -2.2855075e+00   9.2353208e-02   3.6144831e+00   7.7340454e+00   1.2343940e+00  -1.9750925e-02  -1.9674029e+00  -2.0354287e+00  -2.6563114e-01   9.3872236e-02  -1.2943505e+00   9.5365642e-01  -7.7132352e-01  -9.8662939e-01  -1.2307135e+00  -4.1417383e+00   3.6055981e+00   1.5997836e+00  -2.2305534e+00  -3.1435624e-01  -9.0366491e-02
   1.4833702e+01   5.7090352e+00   9.1550399e+00   9.4488114e-01   1.1418945e+00   1.8454979e+00   3.2438262e+00   4.0314999e+00  -3.1914231e-01  -4.1503249e+00  -2.3828404e+00  -3.9111542e-01  -9.9611066e-01  -2.4969863e+00  -1.2585309e+00  -1.0301381e+00   1.2507398e+00   3.9114741e+00  -4.3043532e+00   1.4702471e+00  -3.5839111e+00  -4.1686609e+00  -6.7740325e-01   1.5987228e-01
   1.4490850e+01   4.6397552e+00   9.9143141e+00  -3.2174339e+00   1.3863587e+00   4.0462327e+00   6.2807133e+00   6.1768341e+00  -4.8123570e+00  -6.4627796e+00  -2.3187204e+00  -6.8804146e-02  -1.7668397e+00  -2.6792299e+00  -1.8300334e+00  -2.6444032e-01  -1.7518432e-01   4.3150913e+00  -1.7813967e+00  -9.9342268e-01  -5.3888080e+00  -3.5261346e+00  -1.0945770e-03   1.5684684e-01
   1.2761346e+01   4.1231269e+00   5.4430062e+00  -3.4018439e+00   1.6787364e+00   8.2235240e+00   5.2837029e+00   2.4507823e+00  -6.5739962e+00  -6.5695672e+00  -2.5127361e+00  -1.1391593e-01  -1.8400210e+00  -2.9527834e+00  -8.4096508e-01   8.0604634e-04  -9.2932077e-01   3.1776324e+00  -1.8263355e+00  -2.4613715e+00  -4.2397549e+00  -9.5337953e-01   1.7800738e-01   9.5928128e-02
   1.2276263e+01   4.0904609e+00   6.3845437e+00  -5.0880545e-01  -4.3884422e-01   6.8981069e+00   4.0420120e+00   5.3461875e-01  -4.9755360e+00  -6.0469837e+00  -1.9721227e+00  -1.6896062e-01  -1.5479537e+00  -1.9846485e+00  -6.1095002e-01   6.4050075e-01  -6.8192775e-01   1.0657963e-01  -2.3101471e+00  -1.6682516e+00  -1.3552401e+00   1.0084096e+00   3.6987859e-01   6.2740558e-02
   1.3180963e+01   1.5545073e+00   9.6584774e+00  -4.0822403e-01   6.6051478e-01   5.1860093e+00   1.6236737e+00   3.1605504e+00  -6.5971852e+00  -5.7882922e+00  -2.2891282e+00  -1.9714498e-01  -1.2822868e+00  -2.1316632e-01   6.5618360e-01   1.1927256e+00   8.1883422e-01  -1.1966645e+00   1.0835511e+00   1.4555720e+00   1.3286233e+00   9.6184175e-01  -5.7238505e-02   3.0904856e-01
   1.1959111e+01   2.9470924e+00   6.8901534e+00  -3.7534927e+00   8.7257783e-01   5.7248595e+00   4.6455073e+00   3.3195727e+00  -6.8336227e+00  -5.3408028e+00  -1.8757064e+00   6.6921220e-02  -5.1340729e-01   6.5267482e-01   2.0714001e+00   3.5405675e+00   7.0385945e-01  -1.1095128e+00   2.9254298e+00   3.1028472e+00   1.9869149e+00   5.9062810e-01  -4.0462524e-01   1.0535285e-01
   1.0996492e+01   4.3750617e+00   6.1744767e+00   9.5881245e-03   2.2512767e+00   7.0151510e+00   6.6072820e+00   3.2416634e+00  -3.6520179e+00  -5.4798950e+00  -2.6468020e+00   2.3171599e-01   1.4948767e-01   1.3218573e+00   9.7383466e-01   4.0655575e+00  -4.9120307e-01  -7.8187337e-01   4.3369806e+00   1.9713122e+00   1.7147482e+00   1.7459259e-01  -3.4050856e-01  -1.8921854e-02
   1.2598388e+01   3.6591959e+00   1.1233644e+01   4.5931397e+00  -1.7843601e-01   4.3192669e+00   5.9383526e+00   5.1483331e+00  -3.4677473e+00  -5.3152402e+00  -2.4002236e+00  -2.2536184e-01   5.0150570e-01   1.1283566e+00   1.1434939e+00   3.4547438e+00   1.9624731e-01  -1.7310031e-01   4.0283628e-01   2.7591778e-03  -6.7460997e-01  -6.3332250e-01   2.6228314e-01  -1.4367250e-01
   1.3085556e+01   3.1812414e+00   8.9474840e+00   1.5167959e+00   4.4921709e-01   4.7159956e+00   7.4827220e+00   5.2031384e+00  -5.7080006e+00  -5.5391846e+00  -2.5376324e+00  -7.9386234e-02   2.5415163e-01   1.1676334e+00   8.7784303e-01   2.0043601e+00  -1.4014111e+00   1.3606199e-01   9.1268471e-01   5.8486154e-01  -1.4484787e+00  -3.1889158e-01   1.0723625e+00  -2.3991854e-01
   1.1666837e+01   5.2365374e+00   7.2188907e+00   6.7501897e-01   2.0679786e+00   6.6147867e+00   4.8120417e+00   2.3429739e+00  -6.8175463e+00  -6.2611418e+00  -1.5368665e+00   6.9635768e-03   2.2443364e-01   7.0144515e-01   1.5960102e-01   3.7739952e-02  -4.3399473e+00   1.7698961e+00   3.8405219e+00   1.2950654e+00  -1.5617134e+00  -8.0354253e-01   4.8565462e-01   9.5857601e-02
   1.1843495e+01   5.3378411e+00   9.4986180e+00   4.9751886e+00  -9.7404729e-01   6.0714841e+00   8.5394645e+00   5.5216353e+00  -4.1498364e+00  -5.4852816e+00  -1.4699368e+00  -2.4432453e-01   2.1942405e-01  -1.3280760e+00   1.3491105e+00   7.0361295e-01  -3.1472367e+00   1.4484374e+00   2.9972560e+00  -9.0622820e-01   1.0765948e+00  -8.4952103e-01  -8.0413402e-01   3.0309729e-02
   1.3556069e+01   3.6330638e+00   1.1197479e+01   2.9205533e+00  -5.9767248e+00   6.2963667e+00   1.1170764e+01   6.9316828e+00  -6.5893995e+00  -6.5475055e+00  -2.2055895e+00   8.9370831e-04   1.1203802e-01  -4.3868277e+00   9.1068883e-01   1.0558336e-02  -5.2268571e-01   2.7915256e+00   2.6622164e+00  -1.5261141e+00   3.3944424e+00  -5.9062660e-01  -1.6539273e+00   1.4138105e-01
   1.2470077e+01   1.9908641e+00   8.9818557e+00   1.4494482e+00  -2.4928624e-01   7.0478617e+00   8.7992447e+00   1.5494417e+00  -4.2071818e+00  -6.6702843e+00  -3.4094719e+00  -3.0886706e-02   1.3116290e-01  -2.5287096e+00  -3.3374331e-01   5.7037191e-01   3.1374171e+00   4.6864842e+00  -1.0649925e-01  -2.7053254e+00   3.4458200e+00   6.4722458e-01  -1.0093953e+00   6.3874902e-02
   1.1521604e+01   3.2978430e-01   8.8433051e+00   2.4537267e+00   9.2156950e-01   1.0313886e+01   8.6754762e+00   2.0398995e+00  -1.6972099e+00  -6.5545803e+00  -3.0479899e+00   1.1231624e-01  -4.9203568e-01   1.1803938e+00  -1.0857703e+00   1.2294196e+00   4.3711625e+00   5.7500100e+00   1.2793259e+00  -1.6361287e+00   1.9634392e+00   2.0459651e+00   2.6704303e-01  -1.1394933e-03
   1.3057472e+01   3.1964165e+00   1.0175090e+01   6.0641598e+00   2.8293125e-01   1.1092451e+01   9.6273596e+00   3.9095389e+00  -1.4272012e+00  -4.5109073e+00  -2.5628295e+00  -2.0422344e-01  -7.4132332e-01   2.9203779e+00   1.4468136e+00   1.1343026e+00   1.3859830e-01   4.5616600e+00   3.7198167e+00  -1.7684907e+00  -2.8470114e+00   1.5621756e+00   8.4551823e-01   9.7839899e-02
   1.2524318e+01   4.8008783e+00   8.9722062e+00   2.4573269e+00   3.1391023e-01   1.2899087e+01   1.2675696e+01   3.2974411e+00  -5.0342310e+00  -4.5582463e+00  -2.2283462e+00   8.5852837e-02  -8.7946336e-01   2.0813709e+00   1.5128235e+00   2.0656904e+00   1.9244356e-01   2.5261230e+00   3.1596964e+00  -1.4477851e+00  -1.7186220e+00   1.3468362e+00   4.2029610e-01   1.5805796e-02
   1.0856735e+01   4.1358840e+00   1.1087626e+01   3.1491020e+00   2.6244085e-01   1.2597751e+01   1.2378860e+01  -1.7320651e+00  -6.8091884e+00  -5.3251879e+00  -2.5510165e+00   1.2910484e-01   3.0914060e-01  -3.6335395e-01  -1.4612530e-01   2.7056100e+00   1.1348244e+00  -5.8016757e-01   7.9464285e-01   2.1021470e+00   1.4663947e+00  -8.7354234e-02  -4.9890901e-01  -1.4988150e-01
   1.1302777e+01   2.9821069e+00   1.0656272e+01   7.0097911e+00   1.2204801e+00   1.3350421e+01   1.2039270e+01   2.6890238e+00  -1.5841493e+00  -4.1271857e+00  -2.4234523e+00  -3.0639213e-02   1.4091627e+00  -7.1217676e-01  -1.0340270e+00   1.6958648e+00   2.2200907e+00  -4.5404526e-01  -1.1828886e+00   3.7042972e+00   4.2949748e+00  -6.3275072e-01  -9.1254012e-01  -3.7634672e-01
   1.4131953e+01   3.5607712e+00   9.1138688e+00   7.8463427e+00   1.5318829e+00   9.9965326e+00   1.1137536e+01   7.3669681e+00  -9.5265007e-01  -4.8574690e+00  -3.2136400e+00  -3.7079967e-01   5.1432725e-01  -1.0662380e+00  -1.5283934e+00  -1.9391561e+00   1.6058888e+00   1.3888743e+00  -4.5906146e+00   4.2570509e+00   4.3268271e+00  -6.4887051e-01  -7.3401633e-01  -2.7707999e-01
   1.3000452e+01   4.0201695e+00   8.4080442e+00   2.6525038e+00   3.0093252e+00   1.3518629e+01   1.1522024e+01   4.3043704e+00  -1.5200380e+00  -5.7412318e+00  -3.2658446e+00  -2.2871499e-01  -5.7241603e-01   6.8194085e-01   1.7538470e+00  -3.3808730e+00  -1.0341808e+00   4.3521093e-01  -5.4662587e+00  -1.3561048e+00   1.0604166e+00   2.7072166e-01  -1.4244681e-01  -1.9647124e-01
   1.0779388e+01   2.0174956e+00   9.9191496e+00   2.4190116e+00   1.7768514e+00   1.4596959e+01   5.7515612e+00   3.8458380e+00  -3.5100342e-01  -5.4914706e+00  -3.2308448e+00  -1.8747726e-01  -1.8258116e-01   2.0533125e+00   3.6785391e+00  -3.0002977e+00  -2.9791747e+00   6.1072369e-01  -2.4594655e+00  -5.3627526e+00  -1.6189288e-01   1.8475344e+00   8.4796327e-01  -2.0306946e-01
   1.2120436e+01   4.7766560e+00   1.2884403e+01   4.6521472e+00  -4.5327541e-01   1.1703024e+01   6.5328700e+00   2.4154316e+00  -2.9434773e-01  -3.4041024e+00  -2.6285201e+00  -4.1700728e-01   8.2438298e-01   3.7319317e+00   2.6606891e+00  -2.7345582e-01  -1.7831189e+00  -6.3743836e-01  -5.0876375e-02  -4.8094797e+00  -2.4618165e+00   2.0767689e+00   7.2025947e-01  -8.7731691e-03
   1.4298090e+01   6.2624967e+00   1.2393498e+01   2.3460744e+00  -1.2055788e+00   1.1820420e+01   9.9429153e+00   2.6730851e-01  -1.8083345e+00  -3.2547321e+00  -2.2603573e+00  -5.8125772e-01  -2.0079137e-01   3.3581673e+00   1.4748457e+00   8.0273529e-02   1.7123918e+00   6.8175487e-01   1.3442205e+00  -3.9628006e+00  -2.5049196e+00   8.4210190e-01  -1.1371972e-01   8.6792854e-03
   1.2477676e+01   7.4955665e+00   1.1161904e+01   2.2787886e+00   1.8258620e+00   1.3950740e+01   9.3500328e+00  -1.1205845e+00  -4.4840972e+00  -3.7444476e+00  -2.6706991e+00  -4.4984511e-02  -1.2692902e+00   4.6663028e-01   1.5026242e-02  -1.3948375e+00   3.8826879e+00  -2.4338539e-01  -2.1371023e+00   3.5641595e-03   7.9775795e-01  -2.6173594e-01  -7.5887133e-01  -1.8887156e-01
   1.0299581e+01   5.6952912e+00   1.2992668e+01   3.7261011e+00   3.2058704e+00   1.4495733e+01   6.3593106e+00  -3.3035492e-01  -2.0135080e+00  -4.0581451e+00  -3.3803348e+00  -3.6046971e-01  -9.2188554e-02   5.9005309e-01  -2.9513465e+00   5.2815817e-01   3.6369975e+00  -1.6444463e+00  -1.9396351e+00   3.1904617e+00   1.7148483e+00  -8.7904885e-01  -9.9414418e-01  -3.0188121e-01
   1.2215755e+01   5.7602042e+00   1.2607357e+01   1.8698776e+00   3.1650318e+00   1.0000290e+01   5.1190189e+00   2.7196096e+00   1.0048760e+00  -3.3949998e+00  -3.2068383e+00  -8.1070862e-01   2.2866536e+00   2.2113286e+00  -5.0167691e+00   1.3141393e+00   1.6915238e+00  -2.0500432e+00   2.1380906e+00   3.6324839e+00  -1.0921704e+00  -1.4856076e+00  -6.0561943e-02  -4.1995358e-01
   1.4290767e+01   8.0152576e+00   7.2437516e+00   3.3427672e+00   3.5803325e+00   1.1328976e+01   9.1489697e+00   3.1329039e+00  -1.9805486e+00  -4.7480293e+00  -3.4835040e+00  -6.5121747e-01   1.2870053e+00   2.9212403e+00  -4.2305926e+00   2.6829651e+00  -7.4467477e-01  -1.4850157e+00   4.3847275e+00   1.9962393e+00  -4.9883539e+00  -1.7652541e+00   5.7794538e-01   1.2399918e-02
   1.3912063e+01   9.6525763e+00   6.5112080e+00   4.4416645e+00   4.1759167e+00   1.2459054e+01   1.1162339e+01   2.5965120e+00  -6.1388325e+00  -5.6279169e+00  -2.7099575e+00  -5.2954101e-01  -8.9552706e-01   1.3585606e-01   1.6631705e-01   3.4228978e+00  -2.7312683e+00  -2.4251360e+00   3.0226587e+00  -2.0298140e+00  -6.0159027e+00  -4.8567839e-01   5.1057803e-01   2.2810061e-01
   1.1381935e+01   8.1309655e+00   9.6948533e+00   6.4646554e+00   1.5834158e+00   1.1038827e+01   9.9147418e+00   2.7255529e+00  -5.9241846e+00  -5.5895677e+00  -2.7618572e+00  -4.8245364e-01  -1.3793567e+00  -1.7724628e+00   3.6868976e+00   1.8839909e+00  -2.7132320e+00  -2.9940447e+00   6.8396070e-01  -3.8957009e+00  -3.0655948e+00   1.0502899e+00   5.4983116e-01   2.8075912e-01
   1.2326881e+01   5.9061343e+00   1.1631282e+01   5.4432803e+00   6.6587784e-02   6.5076601e+00   9.2701209e+00  -1.2143588e-01  -6.0471601e+00  -3.7027482e+00  -2.8017947e+00  -5.5293962e-01  -1.5510512e-01   5.3664887e-01   1.7901650e+00   2.9669609e-04   1.3144372e+00   1.5070690e-01   1.4247723e-01  -5.4152891e+00  -1.8699304e-01   6.9167472e-01  -9.3950297e-02   3.2713267e-01
   1.3014323e+01   7.2297844e+00   1.0214061e+01   5.6679456e+00   1.5651489e+00   9.8136059e+00   1.1121020e+01  -1.3516735e+00  -6.6247769e+00  -4.1351788e+00  -2.6128387e+00  -2.1837948e-01  -1.1013209e-01   4.0065691e+00  -9.4386744e-01  -2.5719407e+00   5.1273965e+00   3.3198524e+00  -1.2887423e+00  -3.0844548e+00   1.8055704e+00  -3.3575304e-01  -5.5369569e-01   2.1582765e-01
   1.2863211e+01   1.0908140e+01   8.9368516e+00   4.8404644e+00   6.1567059e+00   1.3297725e+01   1.0772916e+01  -3.4878086e+00  -6.0690259e+00  -5.3175993e+00  -2.9253922e+00  -1.7087908e-01  -1.6525289e+00   2.7682795e+00   2.0782015e+00  -2.3333016e+00   3.1085517e+00   5.9971502e+00  -3.1241851e+00   2.5547587e+00   4.2264509e+00  -1.0050564e+00  -8.7974533e-01  -2.1757063e-01
   1.0948571e+01   1.1639816e+01   9.6262674e+00   2.9081523e+00   6.2294515e+00   1.2623574e+01   7.2302307e+00  -2.1794301e-01  -3.2048961e+00  -5.2857717e+00  -3.5306020e+00  -3.4974244e-01  -1.2857036e+00   1.7873736e-02   4.0856673e+00  -2.4253489e+00  -1.4993131e+00   4.2829560e+00  -2.3367893e+00   3.4694080e+00   3.7182608e+00  -1.4004335e-01  -8.8738502e-01  -4.4166536e-01
   1.0880963e+01   7.8535376e+00   1.5042481e+01   3.3232245e+00   2.3972640e+00   1.4098402e+01   6.5292378e+00   3.1438370e+00  -1.4174242e+00  -4.6350364e+00  -3.6625310e+00  -8.1361408e-01  -5.7663958e-01  -9.4012962e-01   1.9227282e+00  -1.5782099e+00  -3.8548448e+00   1.5498113e+00   1.8908898e-01   7.5557156e-01   2.2998718e+00   1.2103979e+00  -4.9340441e-01  -3.2715356e-02
   1.2076892e+01   8.7838963e+00   1.3289747e+01   2.7885422e+00   1.1959002e+00   1.5837701e+01   9.7376750e+00   5.3661574e-01  -3.3731865e+00  -4.6865252e+00  -3.5753468e+00  -5.5951002e-01  -7.6303910e-01   3.8974912e-01  -2.3657578e-01  -4.7806085e-01  -1.2151439e+00  -9.6127615e-02   3.1643249e+00  -1.0159371e+00  -1.0368986e+00   9.1705201e-01   5.7234866e-01   1.6776043e-01
   1.1434091e+01   1.0925906e+01   9.9892039e+00   2.5329547e+00   2.8912144e+00   1.4015378e+01   9.8028272e+00  -2.7317306e+00  -2.5350730e+00  -3.8016256e+00  -3.6431264e+00  -1.1506832e-01  -1.9153859e+00   3.4639791e-01  -4.0701933e-01   3.4112706e+00   2.3336341e+00  -1.7851116e+00   7.6036233e-01  -1.4181247e+00  -5.7315170e-01   1.3133286e+00   1.8305514e+00  -1.2242963e-02
   9.5274487e+00   1.0688256e+01   1.1798042e+01   2.5861960e+00   4.1597605e+00   1.2520894e+01   1.0339923e+01   1.1959351e+00  -4.2014197e+00  -4.3268991e+00  -2.6817813e+00  -4.4737466e-01  -2.2829398e+00  -1.0462971e+00   2.2207354e+00   4.8661954e+00   2.7532514e+00  -1.4602568e+00  -1.3593237e+00   2.7685433e-02  -3.1368358e-01   6.7446829e-02   2.2549736e+00  -6.1952036e-01
   9.2826062e+00   7.4209547e+00   1.5177805e+01   8.5413036e+00   4.4157850e+00   1.3079138e+01   7.3686571e+00   6.8699020e-01  -1.8630352e+00  -2.8448565e+00  -1.3634867e+00  -8.8804621e-01  -1.0977595e+00  -2.2606152e+00   2.5145552e-01   1.4699603e+00   1.8034635e+00  -6.2068025e-01  -1.8372204e+00  -4.5778966e-01  -1.0069692e+00   8.9256143e-02   1.9274157e+00  -3.3430701e-01
   9.7282248e+00   8.9669262e+00   1.4026550e+01   7.0836608e+00   4.5634920e+00   1.4115436e+01   8.9157744e+00  -1.1312165e+00  -4.1797308e+00  -5.0637396e+00  -1.3327063e+00  -1.1023016e+00  -3.8103646e-01  -1.5242208e+00  -4.4732483e+00  -2.0914469e+00   2.1796288e+00   3.8510658e-01  -2.9552081e+00  -3.1506768e+00   2.5125408e-01  -3.3113071e-03   2.3989269e-01   1.6926842e-01
   9.6870640e+00   8.3956477e+00   9.2521333e+00   2.4891627e+00   5.3945438e+00   1.2287086e+01   7.7590710e+00  -2.2548393e+00  -4.0563712e+00  -3.2993212e+00  -1.4265404e+00  -2.8906535e-01  -6.9686852e-01  -9.9269009e-01  -6.9195648e+00  -3.7999697e+00   6.3567946e-01  -2.7449222e-01  -2.1070929e+00  -6.7802156e-01   1.2252823e+00   6.2680836e-01   5.7941853e-03   3.8084004e-01
   8.7536651e+00   7.9145781e+00   8.0510054e+00   2.4750961e+00   6.9398242e+00   1.3494580e+01   5.7119042e+00  -2.0591653e+00  -2.7278706e+00  -4.1046337e+00  -2.2904154e+00  -4.9296246e-01  -1.8324420e+00  -2.4962203e+00  -4.5580357e+00  -1.7839736e+00  -1.8686457e+00  -1.3973172e+00  -2.2164282e+00   9.1585418e-01   4.2630592e+00   2.6780891e+00   1.8359394e-01   8.3264612e-02
   8.7245833e+00   6.4580936e+00   7.7862297e+00   5.1456314e+00   4.1811381e+00   1.2977828e+01   5.8099529e+00   1.3393227e-01  -7.5104192e-01  -2.3841969e+00  -8.7594087e-01  -6.2145573e-01  -1.9736284e+00  -1.6377402e+00  -3.2492094e+00  -5.8379296e-01  -3.6636777e+00  -1.7574771e+00  -2.9119724e-01   4.4640286e-01   3.3754522e+00   3.2305161e+00   6.3565880e-01  -2.5799454e-01
   7.4608021e+00   6.1913728e+00   7.9224483e+00   3.0794660e+00   2.3672263e+00   1.1674090e+01   6.5656912e+00  -9.5182101e-01   5.6219341e-01  -1.5041681e+00  -1.3326151e+00  -8.1120952e-01  -1.1623262e+00   5.2562722e-01  -3.0395101e+00  -1.6201581e+00  -1.8276871e+00  -4.9841888e+00   1.3168802e+00   1.9339677e+00   2.5916916e+00   3.6821136e+00   7.8627084e-01  -9.3200813e-02
   7.3730529e+00   6.8006401e+00   4.4425977e+00   1.3112883e+00   2.1853262e+00   1.0561116e+01   6.8953817e+00  -2.1389071e+00  -6.3822487e-01   2.4622010e-01  -9.5195231e-01  -5.1693362e-01  -9.3781247e-01   1.7493976e+00  -8.5522289e-01  -1.1712334e+00   2.9945387e+00  -2.3965124e+00   9.3057006e-01   6.4685782e-01   6.7656136e-01   1.1283323e+00  -6.2274537e-01   8.4582685e-02
   7.6859410e+00   8.5317457e+00   5.1635562e+00   1.9620305e+00   5.1961995e+00   7.2266525e+00   7.1445102e+00   1.9782059e+00   1.1032583e+00   1.0332824e-01  -1.0730034e+00  -6.8502473e-01   6.3784566e-01   1.2660950e+00   2.6576606e+00   3.0799827e+00   3.2938483e+00   2.6981367e+00   1.5196230e+00   8.5045470e-01  -1.0404903e+00  -5.8475600e-01  -8.7112438e-01   1.6833213e-01
   7.2052951e+00   7.9120036e+00   7.8828415e+00   3.9474991e+00   7.2584595e+00   1.1606778e+01   6.9163985e+00  -3.6079446e-01  -6.7323512e-03  -1.4954467e+00  -1.9398648e+00  -5.5767409e-01   1.1160174e-01   6.0699287e-01   3.9443854e+00   4.9510177e+00   3.2516381e+00   4.0500335e+00   4.0711348e+00   6.3495496e-01  -1.8054751e+00  -1.8338437e+00  -1.1166120e+00   1.5237968e-01
   8.5014495e+00   7.5348336e+00   1.0188817e+01   6.3813345e+00   4.7714320e+00   1.5198464e+01   8.8346173e+00  -5.6519530e-01  -1.3142883e+00  -1.5104687e+00  -2.1453455e+00  -5.3834109e-01  -1.8292634e+00   3.6503763e-01   3.0473830e+00   3.5492016e+00   2.4408359e+00   4.4051880e+00   3.2995553e+00  -1.4877254e+00  -3.0908522e+00  -1.8647930e+00  -1.0932970e-01   4.6863721e-01
