  -1.3343081e+00   2.6644709e-01   5.1692661e+00  -1.6833390e+00   1.3106186e+01   7.3943904e-03   4.8127757e+00  -1.6251951e+00   2.6274987e+00   3.5018128e-01   1.0567363e+00   7.0870624e-02   2.1659073e+00   4.9689629e-01   1.8531609e+00   3.0626482e+00   9.2244417e+00   7.3602978e+00   2.6294905e+00   1.3930168e+00   1.8331993e+00   1.8441795e+00   2.9708215e+00   4.2193244e-01
   5.7159594e-01   1.9728567e+00   6.6230284e+00  -4.0337584e+00   1.4678009e+01   3.3115384e-01   2.5015614e+00  -1.8319554e+00   2.8256468e+00   9.9738497e-01   2.0564446e+00   1.7122401e-01   2.5972633e+00   9.0597757e-01  -7.8781168e-01  -9.4591603e-02   9.1352947e+00   6.7169121e+00   4.2156748e+00   3.3392457e+00   1.3729926e+00   1.9813491e+00   1.8349867e+00   5.3373796e-01
   9.9480056e-01   2.2108497e+00   5.5098476e+00  -2.1410730e+00   1.9103792e+01   2.2825258e+00   5.3223858e+00  -2.8415449e+00   2.1184590e+00   2.0071468e+00   1.8141576e+00   4.1422110e-01   3.8211510e+00   1.1224320e+00  -4.8997502e-01  -9.6700371e-02   5.5760757e+00   8.3954333e+00   7.2436016e+00   3.9107941e+00   5.2212446e-01   1.4619850e+00   3.9724473e-01   1.0204958e-01
   1.8771947e+00   3.4766366e+00   5.8590491e+00  -1.9807036e+00   2.0463579e+01   6.0922572e+00   8.3277194e+00   1.7804007e+00   4.6059153e+00   2.1793943e+00   1.3258560e+00   4.9438663e-01   4.2189950e+00  -1.1654644e+00  -9.5484981e-01   5.0350228e-01   2.1972587e+00   8.6693107e+00   7.3664438e+00   4.3070424e+00   5.6644579e-01   1.2927710e+00   6.0996288e-01  -2.4059494e-01
   3.7446191e+00   1.1982052e+00   4.8162932e+00  -2.8549169e+00   1.8577515e+01   9.7199927e+00   1.2765099e+01   2.4348180e+00   2.5205512e+00   1.9521542e+00   2.0178976e+00   6.2363686e-02   4.9454002e+00  -3.8295657e+00  -4.7133737e-02  -1.0488165e+00  -3.2110746e+00   8.1547895e+00   5.9434399e+00   2.5051290e+00  -9.9682295e-01  -1.1698163e+00   5.4326210e-01  -2.1949285e-01
   5.5251792e+00   7.3098234e-01   5.5375309e+00  -2.9215830e+00   1.8237036e+01   9.6163865e+00   9.8298703e+00   1.9904267e+00   3.4742694e+00   2.9640378e+00   2.8695189e+00  -1.3739699e-02   4.1938143e+00  -5.9314961e+00  -2.7583431e-01  -1.3517305e+00  -3.1247202e+00   3.8424972e+00   1.5956584e+00  -2.2590266e+00  -3.3188805e+00  -1.4135254e+00   3.4051236e-01  -8.8248255e-02
   6.5889086e+00  -2.1606717e+00   5.5999061e+00  -3.2438581e+00   1.5400452e+01   1.2752645e+01   1.3486470e+01   8.1113551e-01   1.1890475e+00  -1.3989938e-01   1.8572193e+00   3.3904498e-01   2.3304128e+00  -5.8332875e+00  -2.9128718e-01  -1.9805734e+00  -3.6451554e+00   2.9248230e-01  -2.0234641e+00  -4.7236126e+00  -2.3103358e+00  -7.8222282e-01  -7.0607168e-01   1.6463938e-01
   6.7457715e+00  -3.7411691e+00   5.0534912e+00  -3.8138289e+00   1.7365030e+01   1.0339677e+01   1.0360521e+01  -7.9629804e-01   2.9334633e-01   1.1051330e+00   1.9169637e+00   2.2367359e-01   1.6383419e+00  -5.0549867e+00  -8.5303031e-01  -1.4866644e+00  -1.8097716e+00   8.5700281e-01  -3.3163303e-01  -4.4256492e+00  -9.5891433e-01  -1.4221066e+00  -1.8642626e+00   2.8531114e-02
   6.6299422e+00  -5.3156503e+00   4.6213823e+00  -5.3796541e+00   1.3545784e+01   9.7970711e+00   9.4645774e+00  -3.2572385e+00   6.4550891e-01   1.7082724e+00   1.4350677e+00   1.9061611e-01  -1.1749305e+00  -2.5585379e+00  -6.3315993e-01  -1.8984247e+00   7.5286689e-01  -7.9680379e-01  -1.2799339e+00   9.4333835e-01   4.0774861e-01  -1.0890330e+00  -2.0646179e+00  -2.1896482e-01
   7.9621753e+00  -5.2740084e+00   4.7472473e+00  -4.0836816e+00   1.6449712e+01   1.2379678e+01   1.1343367e+01  -2.6138601e+00   2.3076672e+00  -9.3208005e-02   2.8420082e-01   1.0327141e-01  -2.7823052e+00   9.5615057e-01   4.0313327e-01   5.9521829e-01   1.4239764e+00   6.1656846e-01  -5.2556526e-01   5.1745476e+00   4.0798423e-01  -1.6006294e+00  -1.3873828e+00  -3.0056590e-01
   4.2183109e+00  -5.2320588e+00   4.8032881e+00  -5.9565688e+00   1.6987411e+01   1.0537439e+01   1.1075147e+01   3.1349241e+00   7.9350999e-01  -1.1742784e+00  -4.2332614e-01   7.0798847e-02  -3.5259877e+00   2.0025152e+00   5.0009234e-01   1.1753616e+00   1.0665378e+00   7.2693253e-01  -9.2803897e-01   6.9385202e+00   9.8410711e-01  -1.0143029e+00  -4.1446552e-01  -2.9469809e-01
   3.7781294e+00  -2.3487390e+00   5.5672381e+00  -2.6325441e+00   1.7780181e+01   1.0894345e+01   8.7668891e+00   3.7694420e+00   8.3132213e-01   1.4546423e-01   7.6508647e-01  -1.6726662e-01  -1.9406958e+00  -2.5862399e-01  -5.2521614e-01  -1.6908167e+00   8.1962433e-02  -3.6296870e-01  -1.6081527e+00   3.1341702e+00  -3.3372610e-01  -2.0113381e-01   9.6832337e-01  -1.3915878e-01
   3.4329836e+00  -3.7745122e+00   4.9615254e+00  -4.3421804e+00   1.4480357e+01   1.1630136e+01   9.3607580e+00   3.9588907e+00   2.8598421e+00   6.7481969e-02   5.7292660e-01  -1.1616201e-01   2.0133267e+00  -1.9162605e+00  -1.2988460e+00  -2.0050244e+00   7.6633135e-01   6.7073171e-01  -1.1611259e+00  -1.3107200e+00   3.0434152e-01   1.7860685e-01   1.6200040e+00  -1.1247339e-01
   5.4437953e+00  -6.3907177e+00   3.8803045e+00  -7.4271008e+00   1.7826183e+01   1.1288876e+01   9.7883324e+00   1.6754119e+00   7.7391199e-01  -1.0157889e+00   1.2385595e+00  -1.1986324e-02   1.3729266e+00  -4.0448801e+00  -1.5178646e+00  -5.7364537e+00  -1.6034693e+00  -4.6281131e-01  -9.4943197e-01  -2.2277275e+00  -4.0381193e-01   7.9848507e-01   1.2266045e+00  -3.3892438e-02
   6.4054680e+00  -6.0854603e+00   3.6984859e+00  -6.5668269e+00   1.8113907e+01   1.1346271e+01   8.8227359e+00   2.2158592e+00   1.2787273e+00  -3.2574158e-01   1.7699433e+00  -1.7555138e-01   3.1491105e-01  -1.6933940e+00   5.8646731e-02  -3.9805476e+00   9.0853859e-01  -5.0941007e-02  -2.1631735e+00  -7.5366318e-01  -6.0267542e-01   8.4385840e-01   5.9266090e-01  -2.2888429e-01
   4.3512771e+00  -7.2605851e+00   3.9219609e+00  -1.0124901e+01   1.3558202e+01   1.0342061e+01   7.6117521e+00   1.2993666e+00   1.0161616e+00   1.5398036e+00   2.0064849e+00  -1.8841060e-01  -1.2057709e+00  -5.2551188e-01  -1.5986403e+00  -1.1591878e+00  -1.2998754e+00  -1.1628840e+00  -8.3710864e-01   1.6134998e+00   1.5947770e+00   9.6338780e-01   3.6345997e-01  -2.6606997e-01
   4.4516093e+00  -5.8796695e+00   5.0286672e+00  -8.9641014e+00   1.7977155e+01   1.2027132e+01   7.2042880e+00   3.0164186e+00   1.8347042e+00   5.5473308e-02   1.0779553e+00  -3.7127630e-01   5.4595290e-01  -2.2371608e+00  -8.2844370e-01   1.2874194e+00   4.7547739e-01  -2.2897403e+00   1.6776072e+00  -2.0346493e-01   5.7742506e-02  -6.7952570e-01  -1.3313956e-01   1.4030586e-01
   4.6120683e+00  -7.2818809e+00   8.1725341e-01  -7.9672452e+00   1.5944746e+01   9.2041196e+00   9.3418934e+00   3.6953819e+00   2.8880891e+00   2.3868533e-01   2.1297435e+00  -3.1322881e-01   2.4428625e+00  -2.4165803e+00  -1.8868384e+00   4.9266872e+00   2.6876192e+00  -1.0367406e+00   3.1309635e+00   8.4405760e-01  -4.1109553e-01  -1.3769481e+00  -2.1569143e-01   1.0646037e-01
   7.0940018e+00  -9.4305536e+00   4.0081741e+00  -5.7145259e+00   1.7633851e+01   8.4806313e+00   1.0474076e+01   7.1265410e-01   4.2937736e-01  -6.9447099e-01   1.5086047e+00   9.7316510e-02   1.8247844e+00  -3.3449678e+00  -2.3431539e+00   4.4407301e+00  -2.6110884e+00  -8.1780857e-01   2.0445411e+00   4.0955194e-01  -1.4105997e+00  -9.6828368e-01   2.8064473e-01   2.6826695e-01
   6.6943745e+00  -9.1100134e+00   1.6019499e+00  -4.3596584e+00   1.7761283e+01   1.0560200e+01   1.0673303e+01   3.7173352e+00   1.1021817e+00  -1.5064643e-01   1.4676230e+00  -2.6301644e-01   1.2348923e+00  -1.9463454e+00  -5.7682983e-01   4.9700481e+00  -2.4820371e+00   3.0446734e+00   1.0781866e+00   3.7584124e-01  -2.6102057e-03  -1.4589432e+00  -5.8786988e-01   6.8870104e-03
   6.1476327e+00  -9.9830549e+00   1.1215882e+00  -4.1067997e+00   1.3152254e+01   1.0122379e+01   9.6053946e+00   3.6197699e+00   6.1175829e-01  -1.2022863e+00   1.8299826e+00   6.0179452e-03  -7.9702790e-01  -9.3847064e-01  -3.5133827e+00   1.3692137e+00  -4.5850455e+00   1.8774555e+00   9.8165594e-01   1.7050795e+00   2.1323269e+00  -2.4697621e-01   2.1805888e-01   6.5097011e-02
   6.9375913e+00  -9.9251484e+00   1.3953016e+00  -1.3160362e+00   1.4462489e+01   1.2950256e+01   1.1393514e+01   2.8055859e+00   2.7929833e+00  -1.6958218e+00   1.0872497e+00  -2.5724901e-01   2.5006964e-03  -4.7571760e-01  -1.6328828e+00   1.5924471e+00  -3.3595774e+00   2.0832679e+00   2.4447480e+00  -1.0932262e+00   2.0858047e+00  -1.6280169e+00  -4.0207415e-01   2.3249677e-01
   5.7768515e+00  -1.0430692e+01  -1.1585759e+00  -5.1825164e+00   1.2405680e+01   1.0101787e+01   1.1586455e+01   3.7261480e+00   2.7824670e+00  -2.9234764e-01   2.0258797e+00   1.9207831e-01  -3.1708638e-02  -5.0763424e-01  -1.1126664e+00  -1.0734117e-03   6.6304340e-01   2.3775510e+00   2.0648458e+00  -3.7973192e-01   2.2151793e+00   2.2103958e-01  -6.6207644e-01  -1.6705480e-01
   6.8835162e+00  -9.5997712e+00   2.9270770e-01  -1.4331293e+00   1.3095204e+01   1.3695398e+01   1.3349895e+01   2.0243069e+00   3.1455345e+00  -3.0476411e+00   7.6656326e-01  -7.3014742e-03  -3.2801486e-01  -4.7903676e-01  -1.1246255e-01  -4.1997568e-01  -7.1004289e-01   9.5389974e-01  -1.0312215e-01   5.4943942e-01  -8.7436739e-01   2.7758290e-01  -3.2981794e-01  -1.4749718e-01
   6.1271073e+00  -1.0907195e+01   3.8855143e-03  -4.0498633e+00   1.4830462e+01   1.3316134e+01   1.1724473e+01   3.4408115e+00   3.7582517e+00  -1.9481732e-01   9.9721115e-01  -3.6953802e-01   7.3647150e-02   5.8659342e-01   1.3216829e-01   2.0080580e+00   1.0192064e+00   1.3016939e+00  -9.3032772e-01   5.7394575e-01  -1.4775994e+00   4.2163672e-01  -3.7713457e-01  -5.4384386e-01
   6.2704411e+00  -1.0405452e+01   6.4537713e-01  -2.5123263e+00   1.2185034e+01   1.2773932e+01   1.1169822e+01   3.7724133e+00   9.9353987e-01  -1.3282126e+00   1.1068571e+00  -1.9768661e-01  -1.0048735e+00  -1.2784528e-01  -9.7484358e-01  -1.1633728e+00   1.1106783e+00  -2.5321846e+00  -1.1753465e+00   1.8617207e-01  -3.0650311e+00   1.5240948e+00   1.1096957e+00  -3.7366249e-01
   6.1938598e+00  -9.1479615e+00  -1.1366581e+00  -1.6308309e+00   1.4389575e+01   1.2515061e+01   1.1281000e+01   3.7130134e+00   1.6420652e+00  -5.1960680e-01   1.2900309e+00  -5.2849491e-01  -7.8113622e-01   1.2800250e+00  -5.2727708e-01  -6.1577973e-01   2.6160029e+00  -7.3566822e-01  -5.6017968e-01  -3.6594817e-01  -2.0872457e+00  -9.9309731e-01   9.6815392e-01  -1.5964539e-01
   5.3428297e+00  -1.0671156e+01  -5.9928585e-01  -4.3877048e+00   1.4981665e+01   1.0297658e+01   1.1808612e+01   2.1674640e+00  -3.9391898e-01  -5.9910416e-01   2.2846970e+00  -4.8831676e-01  -1.5312099e+00  -2.8307025e-01  -1.5063432e+00  -2.1370098e+00   3.8865849e+00   8.5034498e-01   2.8690414e-01  -1.4763196e+00   7.9794297e-01  -1.5423917e-01   5.9931857e-01  -1.4207602e-01
   5.4192087e+00  -8.8543055e+00  -1.6469862e-01  -4.0358436e+00   1.7356150e+01   1.3450769e+01   1.0564808e+01   3.6943639e+00   1.3211126e+00  -2.0490175e+00   1.8605221e+00  -4.6369104e-01  -4.0291103e-01  -9.2176254e-01   1.0583003e+00  -1.2383809e+00   2.5738929e+00   1.6513497e+00   1.6355920e+00  -2.1598035e+00   1.5513562e-01  -1.0354883e+00  -3.4288041e-01   2.3106921e-01
   4.3609518e+00  -1.0976886e+01  -2.1001174e+00  -4.5153347e+00   1.6531623e+01   1.3581595e+01   1.1958274e+01   1.5672586e+00   2.3509306e+00  -7.9486600e-01   1.7205893e+00  -4.4320258e-01   8.2142569e-01   2.2749038e-01  -7.8754290e-01   3.4170044e-01   1.9266921e+00   1.0346301e+00   1.1056550e+00  -7.0303570e-01   8.6173978e-01   3.2036782e-01  -6.3055007e-01   1.6263848e-01
   6.0804321e+00  -1.0377740e+01   1.2012081e+00  -3.4245872e+00   1.7475435e+01   1.3350117e+01   1.3659557e+01   7.7341083e-01   5.0234383e-01  -1.9749584e+00   1.0577641e+00  -2.0444818e-01   2.3712160e-01   3.4816338e-01   5.2367571e-01  -8.0950300e-01   2.7100616e+00  -3.4184548e+00   8.2429719e-01  -1.1694469e+00  -1.2004730e+00   7.6032662e-01  -3.5697674e-01   7.3149119e-02
   6.2443565e+00  -9.5682028e+00  -2.4635535e+00  -4.1807823e+00   1.7812061e+01   1.1899929e+01   1.1919720e+01   2.5733870e+00   1.3080751e+00  -1.5558198e-01   1.7402508e+00  -3.7398047e-01  -4.5244638e-02   2.3197133e+00   1.9860096e+00  -2.0277486e+00   3.8244445e+00  -2.5786973e+00  -6.9476471e-01   1.5581242e+00  -1.2242857e+00   6.4692125e-01  -1.7468733e-01  -7.3022841e-02
   4.8331888e+00  -9.0364018e+00   8.0253305e-01  -5.4173743e+00   2.0781024e+01   9.1639196e+00   1.1820531e+01   1.4371293e+00   4.1830861e-02  -1.2281696e+00   1.3152262e+00  -3.8857841e-01  -1.6510522e+00   1.1327083e+00   2.1161143e+00  -3.3746986e+00   1.7590558e+00  -2.2515256e+00  -2.2538643e+00   3.9461117e-01  -8.9469739e-01   6.5418351e-01   3.9224570e-01  -1.7021344e-01
   4.9167066e+00  -8.1679848e+00   1.0782346e+00  -6.5605641e+00   2.0615495e+01   1.1806648e+01   1.1835640e+01   3.5725857e+00   7.4475857e-01  -1.9787854e-01   1.3298273e+00  -4.6067173e-01  -1.7602290e+00   5.7112835e-01   5.0352692e+00  -2.2735593e+00   2.6175409e+00   9.6700158e-02  -5.2378865e-01  -1.1148175e+00  -5.1557710e-01  -1.3502025e+00   2.1725031e-01  -1.7403588e-01
   4.2676788e+00  -9.3787869e+00   2.6044854e+00  -7.2967443e+00   1.8712301e+01   1.0019469e+01   1.0320800e+01   8.6572823e-01  -5.5804401e-01  -9.7253486e-01   1.8513444e+00  -4.1642272e-01  -9.1650613e-01  -7.5691544e-02   1.4622703e+00  -5.7698939e-01   7.7509935e-01   6.1513165e-01  -2.7863516e-01  -1.0168522e+00   9.3682033e-01  -6.2778209e-03  -1.2930546e-01  -1.7378227e-01
   3.8867681e+00  -8.5403177e+00   4.1883741e+00  -6.6514363e+00   2.2772734e+01   1.1617205e+01   1.1883902e+01   1.1868613e+00   8.3464686e-01  -2.3087030e+00   1.7980672e+00  -6.2111214e-01  -5.0074463e-01  -1.7656568e-01   9.7870095e-01   9.2697430e-01   2.3768354e+00  -1.5116414e+00   2.7161453e-01  -1.3698415e+00  -3.3241048e-01  -3.9620955e-01   4.6787095e-02  -9.3679568e-02
   3.9733988e+00  -8.9637726e+00   1.4408688e+00  -6.2374223e+00   2.0865054e+01   1.0181339e+01   1.1378447e+01   1.1047132e+00   1.4021172e+00  -1.8217406e-01   8.8714805e-01  -5.6903161e-01   3.5563638e-01   8.7905417e-01  -1.2157080e+00   1.5265942e+00   2.6852443e+00  -5.0777808e-01   5.8668948e-01   1.7974109e+00   2.3674542e-01   4.6981548e-01  -3.7321649e-01  -1.7658649e-01
   4.3127296e+00  -8.6403405e+00   3.1280943e+00  -5.6997636e+00   2.3104372e+01   9.4582512e+00   1.1714239e+01   1.3983310e+00  -7.3393776e-01  -1.1873733e+00   1.8821061e+00  -5.2488664e-01  -3.1461658e-01   7.4538289e-01  -8.3662277e-01   1.0149536e+00  -5.9642087e-01  -2.7965116e+00  -2.7485159e+00   5.0720225e-01  -1.2546804e-01   8.0714276e-01  -1.4754648e-01   2.3111992e-01
   4.5881526e+00  -8.0101943e+00   1.3110634e+00  -5.4826894e+00   2.2574348e+01   1.0337279e+01   1.1285667e+01   3.4561098e+00   5.8136643e-01  -8.2847651e-01   1.2495002e+00  -7.2941521e-01  -9.7082574e-01   1.3715279e+00   1.7404080e+00   4.0511327e-01  -1.7554294e-01  -6.6547671e-01  -3.1008221e+00   9.5277456e-01   1.3463723e+00  -4.0298611e-01   3.4397323e-03   2.3789118e-01
   3.1074663e+00  -7.8990325e+00   2.9983426e+00  -5.5063724e+00   2.1023455e+01   7.3444671e+00   7.8075186e+00   7.7196639e-01   1.0568202e+00  -7.7483766e-01   1.3955714e+00  -1.9424046e-01  -1.5093051e+00   1.9060599e-01  -1.2677715e-01   1.9642344e+00  -1.2371437e+00   2.5109082e-03  -3.5806659e+00   4.2308525e-01   2.2827344e+00  -2.2105521e-01  -7.7290578e-01  -7.9185214e-02
   3.1197918e+00  -7.2771348e+00   4.1163566e+00  -5.7264480e+00   2.1642198e+01   1.0240016e+01   8.6805736e+00   2.8470573e+00   2.5262966e+00  -9.9292103e-01   1.1355750e+00  -3.7751792e-01  -8.0500455e-01  -1.6186053e-01   7.9092429e-02   2.5261659e+00   1.0280220e+00   5.7453440e-01  -1.2593657e+00   3.8186578e-01   1.5999291e+00  -1.1780306e+00   1.5472381e-01  -2.7321880e-01
   2.7829523e+00  -8.7209612e+00   1.5352820e+00  -2.6315328e+00   2.1714732e+01   9.5106490e+00   7.6457862e+00   2.3374851e+00   1.7176987e+00  -1.4367338e+00   7.7971007e-01  -8.1961310e-01   6.7707918e-01  -1.2485022e+00  -6.2592016e-01   1.7730755e+00   1.6568127e+00   6.9843463e-01   2.3112305e+00   1.2568948e+00   9.4264109e-01  -9.2772058e-01   2.4138747e-01  -6.6710605e-01
   3.5429028e+00  -7.8420207e+00   2.1612324e+00  -3.1308604e+00   2.3770743e+01   1.0115989e+01   9.4774842e+00   3.2461491e+00   2.6508208e+00  -2.2645744e+00   1.7895166e+00  -8.2655710e-01   9.9901742e-02  -7.2717625e-01   4.8156291e-01  -6.8170450e-01   1.3110374e+00   3.8462919e-01   4.5034907e-01  -1.8769003e+00   7.7277354e-01  -8.0628093e-01   4.9129905e-01  -2.0591780e-02
   3.9115296e+00  -9.4893429e+00   3.0370245e+00  -4.1445529e+00   2.2444402e+01   8.4541323e+00   1.0875909e+01   2.4577627e+00   2.4085198e+00  -1.5305919e+00   1.4306818e+00  -9.7037994e-01  -6.1349621e-01   1.2913575e+00   2.5668622e+00  -2.6305943e+00  -4.0124512e-01   1.6935000e+00  -7.1488705e-01  -7.7093288e-01   1.6956691e+00  -1.4074033e-01   1.3224357e-01   5.7503496e-01
   2.7053558e+00  -7.9837083e+00   4.0878297e+00  -5.9924947e+00   2.3243919e+01   1.1345218e+01   7.7410358e+00  -2.8431878e-02   3.3400464e+00  -2.1554134e+00   1.5470377e+00  -3.3302217e-01  -1.6062577e+00   1.2345707e+00   2.2178249e+00  -3.1609715e+00  -2.3582024e+00   1.4967144e+00  -3.2427555e+00  -1.6216732e+00  -2.2263481e-01   3.9180013e-01  -7.2526412e-01   6.3875036e-01
   2.2814815e+00  -6.7130812e+00   4.4222766e+00  -5.1466071e+00   2.1376276e+01   1.1436285e+01   7.4416798e+00   2.8183763e+00   3.9165896e+00  -1.7024248e+00   1.0993148e+00  -2.0382812e-01  -1.6769607e+00   1.5490075e+00   2.6070652e+00  -3.0716919e+00  -5.2712332e-01   2.0065873e+00  -6.8981564e-01   3.8847647e-01  -2.0701393e-01  -2.9037512e-01  -8.4955581e-01   4.5602728e-01
   1.9485403e+00  -7.3782956e+00   4.7953437e+00  -7.3712905e+00   2.0767502e+01   1.0869985e+01   6.3304656e+00   6.3333255e-01   1.5628337e+00  -1.5909577e+00   8.6730388e-01  -2.5170747e-01  -8.7235634e-01   4.7542457e-01   2.1390903e+00  -2.4166339e+00  -2.1446671e+00  -1.0057629e+00   1.8818039e-01   1.8279222e+00  -1.6411535e+00   1.0303546e+00  -1.4651471e+00  -3.1714801e-02
   1.7744962e+00  -7.4685380e+00   6.5938653e+00  -8.0626928e+00   2.2891925e+01   1.1701630e+01   1.0546471e+01   2.7095952e+00   2.9866052e+00  -2.2483824e+00   4.9621501e-01  -3.2699638e-01  -4.8539607e-01  -4.1801531e-02   3.0201765e+00  -1.7780622e+00  -2.8994496e+00  -1.7728896e+00   2.9311586e-01   9.0940524e-01  -1.8330623e+00   1.3162704e+00  -8.3760068e-01   1.4746644e-02
   1.6503139e+00  -6.8928431e+00   6.2106708e+00  -8.1594026e+00   1.9269094e+01   9.7039010e+00   6.4709109e+00   2.7678419e+00   1.3433083e+00  -3.3690269e-01  -3.4913292e-01  -3.1901025e-01  -5.9430357e-02   5.1897402e-01   2.8411398e+00   1.0451177e+00  -5.7668569e+00  -2.2100971e+00   8.0476800e-01   1.8821398e+00  -3.3494591e-01   1.3365236e+00  -3.8223392e-01   8.4976718e-02
   1.7025006e+00  -7.0185098e+00   8.2448778e+00  -7.4196443e+00   1.7776306e+01   9.3599922e+00   7.8111310e+00   3.1152294e+00   1.2767588e+00  -3.5504665e-01   4.5113223e-01  -1.4805677e-01  -8.6722450e-01   3.5903448e-01   2.9845601e-01   2.5867169e+00  -3.7500170e+00  -2.6886778e+00   2.5252408e-01  -1.2066228e+00  -1.6121309e+00   2.9937204e-01   3.1391350e-01   5.3571516e-02
   1.8953926e+00  -6.8248487e+00   8.2315472e+00  -6.1251382e+00   1.4675026e+01   8.7256580e+00   8.9052874e+00   3.2537252e+00   1.9153380e+00  -5.3284022e-01   3.1649439e-01  -2.1371220e-01  -1.1886473e+00   1.0499134e+00  -1.6586240e-01   3.7825662e+00   1.7694848e-01  -1.1193593e+00   3.2467654e+00   9.6983346e-02  -6.1622354e-01  -1.3405546e+00   6.6108022e-01   4.7250554e-02
   3.5112013e-01  -6.9639835e+00   6.0311111e+00  -5.1997496e+00   1.9563933e+01   8.1577346e+00   9.7080686e+00   6.5671933e-01   2.8239400e-01  -1.7013556e+00   6.3427160e-01  -2.9928813e-01  -6.3813618e-01   2.9140427e-01  -3.0132781e+00   2.4156537e+00   2.7050308e+00  -1.2459185e+00   2.6050767e+00  -1.1888168e+00  -1.1261511e+00  -1.5775727e+00   2.1962752e-01  -3.0159194e-01
   5.4303313e-01  -5.3452361e+00   7.0687606e+00  -3.5955007e+00   1.8640703e+01   8.6259908e+00   1.0392590e+01   4.1425720e+00   9.1615536e-01  -1.6745801e+00   5.5091773e-01  -1.7251874e-01   3.5118507e-02  -6.2559822e-01  -2.8462239e+00   1.0743161e+00   5.7766126e+00  -1.1373936e+00   2.8392227e+00   1.2234120e+00  -6.3669584e-01  -1.1494158e+00   2.9866529e-01  -2.0383978e-01
   1.4214761e+00  -7.3212096e+00   4.3063540e+00  -5.0609825e+00   1.9851014e+01   7.5409480e+00   1.0975095e+01   8.8758089e-01   8.7123443e-02  -2.1505358e+00   6.6336184e-01  -6.2104141e-01   1.4622157e+00  -2.3755720e+00  -2.1983090e+00   1.4387371e+00   3.2540150e+00  -1.2688872e+00   1.2039645e+00   2.2816904e+00  -7.5564013e-01  -3.7514685e-01  -4.5264664e-02  -2.8593153e-01
   1.4128924e+00  -7.5846330e+00   4.8245900e+00  -4.5830477e+00   2.3196405e+01   7.3279609e+00   1.2530608e+01   4.9734123e+00   1.0579295e+00  -2.0323739e+00   7.4994720e-01  -3.5859522e-01   1.2931155e+00  -2.4889030e+00  -3.6832201e+00  -5.3520684e-01   2.6761583e+00   4.2817424e-02   9.0336455e-01   1.0569283e+00  -1.9520020e+00   4.8954478e-01   2.3630610e-01  -3.0671643e-01
   2.1095141e+00  -9.4076431e+00   3.8557330e+00  -2.5478704e+00   2.2167105e+01   6.9034189e+00   1.0445006e+01   3.6638347e+00  -9.2195328e-01  -2.0851790e+00   4.6685987e-01  -6.3514718e-01   1.0993971e+00  -9.3789208e-01  -3.5219050e+00  -9.3947282e-02   1.0306370e+00   1.5393614e+00  -1.9619647e-02   3.0392046e+00  -6.2942855e-01   7.9443757e-01  -5.6262587e-02   1.7251398e-01
   2.1386873e+00  -8.0353738e+00   1.7692409e+00  -5.6548669e+00   2.1496895e+01   9.0089815e+00   1.2012681e+01   4.3398375e+00  -1.5073093e+00  -9.7294131e-01   1.0036279e+00  -6.2554050e-01   5.8803015e-01  -1.8994054e-01  -4.5328204e+00  -1.3760641e+00  -6.2730469e-01  -1.3849223e+00  -3.1186882e-01   7.4659442e-01   6.8289616e-01  -8.9210519e-01   1.2243777e-01   2.2781068e-01
   2.7076743e+00  -8.5026773e+00   5.5117105e-01  -4.6659938e+00   2.2246724e+01   9.0094798e+00   1.1204629e+01   5.7631752e+00   4.2560006e-01  -1.4885957e+00   4.5212763e-01  -2.2879780e-01  -9.1459691e-02   1.2093530e+00  -3.9821809e+00  -1.5386251e+00  -7.2547995e-01  -1.3941579e-01   8.7145003e-01   3.1332910e+00   2.5514883e+00  -6.8273653e-01   3.8196265e-01   2.2395459e-01
   1.9958575e+00  -8.3220267e+00  -3.2235965e-01  -5.5880822e+00   2.2215638e+01   4.1975470e+00   1.1682994e+01   5.0436337e+00   1.4084971e+00  -3.6688233e+00   9.4096997e-01  -2.2005390e-01  -1.1917981e-01  -5.8690763e-01  -1.3918071e+00  -1.2839720e+00  -9.4121513e-01  -7.8431552e-01  -1.8524800e+00   1.5905774e+00   1.9838776e+00  -7.7314336e-01  -6.0899693e-01   7.9479681e-02
   2.0437394e+00  -7.4502872e+00  -1.0717381e+00  -4.8892005e+00   2.0719513e+01   9.1000125e+00   1.1917025e+01   8.0118731e+00   1.4473760e+00  -1.7613428e+00   1.0711328e+00  -5.0195859e-01  -6.6023228e-02   1.5177008e-01   3.2555933e-01  -2.7130802e+00  -8.2832319e-01   8.6640081e-01  -1.0625996e+00   1.3527999e+00   5.2128347e-01   4.8929344e-03  -3.0726865e-01  -1.4570304e-01
   2.2918850e+00  -9.4419303e+00   4.9298485e-01  -7.4692215e+00   2.0848678e+01   7.7872419e+00   8.8777632e+00   5.6013546e+00   9.5761916e-01  -1.9962828e+00  -2.1937012e-01  -3.6974058e-01   1.1142292e+00  -4.8211448e-01  -3.9014143e-01  -2.8726915e+00  -1.4940918e+00   3.8838592e+00  -9.6616740e-01   3.5183247e-01  -2.3317444e-02   1.8130298e+00  -7.4157768e-01  -6.2149203e-02
   2.4606257e+00  -7.7150704e+00   6.3183779e-01  -7.7950443e+00   2.1687720e+01   8.5142336e+00   1.1013345e+01   7.5135146e+00   1.4329642e+00  -2.3175265e+00   5.7139470e-01  -3.7250902e-01   1.0646442e+00  -2.9852558e-01  -6.5467099e-02  -2.8466572e+00  -9.3214731e-02   1.2930051e-02  -1.2828500e-01  -1.3553923e+00  -1.0643888e-02  -4.2322415e-01  -1.9666829e-01   2.3880163e-01
   3.4587583e+00  -8.9128068e+00  -1.7593597e+00  -8.4441976e+00   1.9490397e+01   1.0316225e+01   1.0685583e+01   5.8205617e+00   1.3807268e+00  -6.7118676e-01   7.8472495e-02  -3.7800249e-01   1.1583038e+00   6.4040802e-01  -2.2784335e+00  -5.8811543e-01   2.5559417e-02   7.6725238e-01   1.2302142e+00   7.8815176e-01  -1.7683305e-01  -3.6005413e-01   6.4283588e-01   7.2321676e-02
   3.0572691e+00  -8.1626373e+00  -4.3766423e-02  -8.6716983e+00   2.1258831e+01   7.8549159e+00   1.0820688e+01   5.8691810e+00   1.2198563e+00  -3.0587270e+00   6.2720905e-01  -1.3962519e-01   2.6386501e-01  -4.1213796e-01  -1.8423029e+00   7.7149209e-02  -1.9482346e+00  -3.4385056e-01  -1.8800789e+00   7.9342601e-01  -1.3463816e+00  -1.5876528e+00   9.1141630e-03   2.2295059e-01
   3.7310190e+00  -8.2575348e+00  -2.5868633e+00  -7.9130676e+00   2.1101461e+01   9.2677793e+00   1.0819413e+01   7.6057491e+00   7.9892354e-01  -2.1657638e+00   7.1697653e-01  -3.7769999e-01  -3.8333625e-01   3.3133936e-02  -9.4711093e-01   1.4056464e+00  -2.3029393e+00   4.4931088e-02  -1.7344965e+00   4.1579321e+00  -9.3334576e-01  -2.0887911e+00  -1.4689662e-01   1.8864986e-01
   2.7202928e+00  -8.6609133e+00  -1.7178647e+00  -7.9448855e+00   1.7959836e+01   8.5226807e+00   8.1263112e+00   7.8110599e+00  -2.9570649e-01  -3.9517172e+00   2.6581392e-01  -3.8234385e-02   8.5345222e-01  -4.3685442e-01  -2.6917425e+00   6.2257465e-01  -4.7202514e+00   1.8810875e+00  -1.9139332e+00   6.0817722e-01   6.8836560e-02  -9.7084101e-01  -5.0184107e-01  -2.0967810e-02
   3.0522420e+00  -8.6139679e+00  -2.3429770e+00  -6.6991344e+00   1.7685486e+01   1.0049739e+01   9.4310263e+00   1.1086520e+01   7.3848957e-01  -3.3578783e+00   3.8825130e-02  -1.4572310e-01   1.1508789e+00  -8.5948548e-02  -1.6424138e+00   5.9622072e-01  -3.1868818e+00   9.1594507e-01  -3.6389286e-01  -8.7142692e-01   1.4953489e+00  -1.2593835e+00  -3.3891785e-01  -5.5137033e-02
   4.6768359e+00  -8.6397024e+00  -4.2033233e+00  -8.3448030e+00   1.5886442e+01   1.0285567e+01   8.6439812e+00   5.0410612e+00   1.3533281e+00  -3.9189312e+00   2.1352315e-01  -2.8706535e-01   1.6270060e+00   6.3503081e-01  -2.2395252e+00  -9.2635024e-01   2.4310465e-01  -3.3201476e-01   3.1383682e+00  -2.5450555e+00   1.8517780e+00  -2.7560329e-01  -9.2763290e-03  -3.9948419e-01
   4.4790659e+00  -8.3970631e+00  -3.8077547e+00  -6.8187778e+00   1.7357836e+01   9.7602537e+00   1.0014739e+01   7.6836080e+00   2.2174296e+00  -4.0712320e+00   2.3474515e-01  -3.3599006e-01   3.0794800e-01   1.2748257e+00  -1.7520273e+00  -1.1971657e+00   3.5592213e+00  -2.3188937e+00   2.4286202e+00  -2.5841323e+00   1.3285068e+00  -9.2725715e-01   3.2684958e-01  -3.5769362e-01
   4.4473899e+00  -7.8168195e+00  -4.3447636e+00  -9.2745891e+00   1.8488318e+01   8.1694014e+00   1.2542007e+01   5.6949329e+00   1.7424905e+00  -4.0084453e+00   1.5393942e-01  -5.4232718e-01  -4.8441625e-01   1.1283827e+00  -9.5177031e-02  -5.1083093e-01   3.7176903e+00  -1.4999801e+00   2.9355392e+00   7.0310725e-01   1.9430139e+00  -5.3623687e-02   2.2318219e-01  -4.4547224e-01
   3.6288870e+00  -7.1131709e+00  -4.9002978e+00  -8.0299899e+00   2.1723380e+01   7.6294817e+00   1.1124944e+01   6.8833861e+00   2.5366685e+00  -4.7040070e+00   5.5889136e-01  -5.5463261e-01  -2.1001234e-02  -1.2836993e+00   7.0286900e-01   1.7666870e+00   1.3660812e-01  -1.2405626e-01   2.1955121e+00  -3.1059249e+00   2.0310685e+00   1.1842213e-01   4.6778334e-01  -4.0870295e-01
   4.3753010e+00  -7.5890744e+00  -3.7998173e+00  -8.5054433e+00   1.9280205e+01   9.1009830e+00   1.2492188e+01   6.4958330e+00   4.1082295e+00  -3.6829793e+00   3.8622332e-01  -8.4595244e-01   6.2544694e-01  -2.1045258e+00   1.3897439e+00   5.1755363e+00  -2.2600324e+00   8.2106844e-01   9.4386236e-01  -5.0710098e-01   2.7591118e+00   6.9367303e-01   1.7818358e-01  -2.6738578e-01
   4.4836085e+00  -1.0436485e+01  -3.0259244e+00  -4.5533202e+00   1.7166804e+01   9.1083785e+00   1.3332917e+01   2.6242707e+00   4.0811629e+00  -4.0563319e+00   8.2027820e-01  -7.9723185e-01   4.8637269e-01  -1.9491151e+00   1.1018842e+00   3.5971829e+00  -4.3277403e+00   4.7905913e-01   1.6313412e+00  -3.2396151e+00   1.7419894e+00   1.2780093e+00   2.1803922e-02  -3.5180941e-01
   4.9581996e+00  -9.3119514e+00  -3.1973345e+00  -3.2496195e+00   1.7376557e+01   8.6615557e+00   1.2853814e+01   7.0638391e+00   5.1089110e+00  -3.2917734e+00   2.9052137e-01  -8.2210623e-01   7.3368058e-02  -4.4335387e-01   3.3027702e-02   3.6919447e+00  -2.1179083e+00  -1.3385338e+00   1.5515898e+00  -9.0381241e-01   6.0770542e-01   8.3193263e-01   4.9944306e-01  -4.2091145e-01
   4.0669967e+00  -9.1754050e+00  -3.5487130e+00  -5.2621275e+00   1.6183593e+01   8.5677841e+00   1.3391142e+01   1.7399605e+00   4.6493119e+00  -2.9825960e+00   6.3944822e-01  -1.0942698e+00   9.5573518e-02   1.0728501e+00  -4.0680291e-01  -6.3995744e-01  -1.0726254e+00  -1.3170179e+00   6.3013428e-01   1.2869968e-01  -6.5211862e-01   1.6589719e+00   2.8407584e-01  -4.6481878e-01
   4.6936590e+00  -8.8846450e+00  -3.4888815e+00  -2.6131226e+00   1.6594948e+01   7.3634794e+00   1.4790460e+01   5.5822695e+00   4.7357131e+00  -2.9719482e+00   1.2258029e+00  -1.3288006e+00  -4.5324776e-01   1.4856971e-01  -6.6222884e-02  -9.1068357e-01   7.2475187e-01  -1.6420480e+00   1.5321661e+00  -9.9518548e-01  -1.7524922e+00   1.2528621e+00   4.2224569e-01  -3.1882448e-01
   4.7592391e+00  -9.0408626e+00  -3.4903553e+00  -5.8315048e+00   1.5948671e+01   7.7818897e+00   1.3309796e+01   3.5581050e+00   3.2895839e+00  -1.7277865e+00   7.7875120e-01  -1.2411128e+00   3.2986246e-01   4.7590048e-01   1.7672078e-02   7.0425510e-02   1.5926938e+00  -1.1674855e+00   1.2450520e+00   2.1356952e+00  -1.8167874e+00   1.5819634e+00  -3.7501085e-01  -1.1981976e-01
   3.9322067e+00  -9.1563680e+00  -3.3258476e+00  -4.3309562e+00   1.8581146e+01   6.5914310e+00   1.5192737e+01   4.6619886e+00   3.1600367e+00  -2.0398850e+00   8.5423842e-01  -1.2269215e+00  -2.2798981e-01  -7.4637225e-02  -1.0814310e+00  -3.1547497e-01   1.7115492e+00  -6.2143282e-01   1.0064390e+00  -1.6087287e+00  -1.5000236e+00   1.0644287e+00  -1.1486536e-01   6.3685003e-02
   4.9425165e+00  -8.3256928e+00  -3.6037218e+00  -4.2975724e+00   1.7579535e+01   7.2025800e+00   1.5057582e+01   5.4036437e+00   2.7119690e+00  -1.0756826e+00   2.6271418e-01  -1.3249391e+00   1.7232817e-01   6.7085211e-01  -3.4526011e-01   2.1717493e+00   5.4774898e-01  -2.6710602e-01   1.4981671e+00  -3.8814958e-01   4.3135414e-01   3.2014304e-01   2.3680565e-01  -2.3220332e-02
   4.2600356e+00  -9.3541858e+00  -5.0543447e+00  -3.8533012e+00   1.8346840e+01   6.7209850e+00   1.5426225e+01   2.2464071e+00   2.7744852e+00  -1.7013572e+00   1.3115234e+00  -1.1913600e+00  -3.1201913e-01  -4.5134851e-02  -3.6053819e-01   1.2958780e+00  -3.3701925e+00   2.7720564e+00  -1.4038593e+00  -3.4734260e+00   1.1569784e+00  -3.2650925e-01   3.4643625e-01   2.7167831e-01
   4.8538169e+00  -7.9356755e+00  -3.1439969e+00  -2.8127083e+00   1.6887447e+01   7.3164536e+00   1.5440302e+01   4.1836714e+00   4.1293909e+00  -1.4168359e+00   9.0531720e-01  -1.2937241e+00  -9.3215364e-01  -1.3859045e-01   9.8343460e-01   1.8476365e+00  -3.3559560e+00   3.7797159e+00  -1.2395036e+00  -1.3938358e+00   1.7019057e+00  -1.1333934e+00   6.4766790e-01   2.4581325e-01
   3.5085278e+00  -9.4190789e+00  -4.0965174e+00  -3.1295713e+00   1.3871901e+01   1.0692579e+01   1.2895587e+01   6.1835796e-02   4.1867934e+00  -2.3590722e+00   1.0525913e+00  -8.3501148e-01  -9.3650210e-01   1.1970623e+00   4.3531258e-01   5.3307613e-01  -2.6485550e+00   2.3817678e+00  -2.8562960e+00   1.4303192e+00  -1.0578885e+00  -4.8390708e-01   2.1206407e-01   1.0787460e-01
   3.9200399e+00  -8.5011319e+00  -2.6074835e+00  -1.8879827e+00   1.4783070e+01   1.0886357e+01   1.4463645e+01   4.4051757e+00   4.5586735e+00  -2.4469151e+00   1.3636821e+00  -1.1343934e+00  -1.3076545e+00   1.1608948e+00  -1.0037679e+00   7.0625520e-01   5.1943025e-01  -3.2566363e-01  -1.7477551e+00   3.2986831e+00  -2.9405973e+00   2.0096586e-01   5.2995632e-01   2.0751610e-02
   3.3221709e+00  -7.2758641e+00  -4.6696325e+00  -3.5160499e+00   1.5426196e+01   8.5086850e+00   1.1630110e+01   4.2811337e+00   9.7301122e-01  -1.9121781e+00   1.4004370e+00  -1.1092134e+00   8.0637830e-02   1.2805839e+00   5.8138835e-01   1.3335846e+00   4.3300256e-01  -8.4997159e-01  -3.9451229e-01   3.4831567e+00  -2.3641718e+00   1.2904842e+00  -4.4431213e-01  -9.3551810e-02
   2.9855136e+00  -7.2659408e+00  -4.3630911e+00  -1.5600862e+00   1.6889445e+01   7.9199050e+00   1.3451408e+01   7.0220470e+00   1.3253861e+00  -1.3388341e+00   1.5263288e+00  -1.1254957e+00   2.4145895e-01  -1.9868648e+00   1.4433768e+00   1.7019623e+00  -1.7258966e+00  -3.7041872e-03  -1.0349891e+00  -1.4487391e+00  -6.0860386e-01   7.8197091e-01  -5.8379988e-01   5.1405721e-01
   4.0967477e+00  -8.1157986e+00  -2.3466311e+00  -1.2931427e+00   1.3468218e+01   1.0900847e+01   1.2809937e+01   3.9781352e+00   2.2571793e+00  -9.7738643e-01   3.0479972e-01  -9.7978808e-01   1.1962638e+00  -3.5565342e+00   5.4752241e+00   1.2471708e+00  -2.5301078e+00   8.4849408e-01   3.7827202e-01  -1.3328299e+00   2.0842056e+00   5.0398064e-01  -6.2348026e-01   4.3615455e-01
   3.8949399e+00  -1.1061462e+01  -1.6039191e+00  -4.4649281e-01   1.3173214e+01   9.6847196e+00   1.2321247e+01   2.3835663e+00   3.0036836e+00  -1.7413546e+00   1.0358009e+00  -4.2802029e-01   1.1927423e+00  -4.8662164e+00   5.4807976e+00  -2.3479871e+00  -2.2475715e+00   2.8957678e+00  -3.2136205e+00  -3.4934443e+00   1.2465585e+00  -4.0183865e-01  -4.4587491e-01   6.9847034e-01
   4.6618535e+00  -1.0712905e+01   2.1636175e+00  -2.2020904e+00   1.3489150e+01   8.8990188e+00   1.2762598e+01   4.6011292e+00   3.2601708e+00  -9.5494693e-01   7.1048059e-01  -8.0371929e-01   1.0946218e+00  -4.2141929e+00   5.1772400e+00  -3.5736798e+00   1.0664188e+00   2.9409088e+00  -2.7332059e+00  -3.4934415e-01   1.2192686e+00  -5.1777054e-01   3.1003807e-01   4.6229899e-01
   4.4920742e+00  -1.3266712e+01   1.6029811e+00  -4.6275931e+00   1.3507622e+01   1.3264471e+01   8.6546472e+00   1.4703836e+00   2.6937281e+00  -1.9528118e+00   6.5467601e-01  -1.6582455e-01  -3.4262352e-01  -1.4426757e+00   1.9652225e+00  -4.0287018e+00  -4.1481582e-02   3.7716011e+00  -4.6645761e+00  -5.2890295e-01  -6.0201023e-01   1.8673414e-01   2.0129344e-01   1.2996815e-01
   5.4401133e+00  -1.3334463e+01   3.8157789e+00  -4.5631123e+00   1.4900642e+01   1.3522335e+01   1.0543429e+01   3.9107103e+00   4.2410600e+00  -1.6483136e+00   9.6041928e-01  -4.1743747e-01  -1.6224015e+00  -4.5988809e-01  -5.7974378e-01  -1.1547672e+00  -1.6100686e-01   3.9640408e+00  -3.5288802e+00   1.2078380e+00  -1.6575994e+00  -8.9459037e-02   7.0641691e-01  -7.4718477e-02
   2.9918747e+00  -1.1914696e+01   5.1783403e-01  -5.3090345e+00   1.2405246e+01   1.3030463e+01   6.4339678e+00   1.9354213e+00   1.6102237e+00  -1.1145701e+00   1.2127717e+00  -4.2620898e-01  -1.9540264e+00   1.1316796e+00   3.5916184e-01  -1.7929805e+00   3.8550702e-01  -2.6253113e-01   3.5471874e-01  -9.8538027e-02  -4.1474265e-01   4.7510948e-01   5.0210158e-01  -3.5506152e-01
   2.9783509e+00  -1.2078745e+01   1.8365754e+00  -3.5935205e+00   1.3798828e+01   1.4962084e+01   8.5796172e+00   6.1803674e+00   1.3155239e+00  -1.5082564e+00   1.4910581e+00  -7.8560479e-01  -2.3958649e+00   3.6183377e-01   8.6662604e-01  -2.4632213e+00   1.4377281e+00  -1.7487679e+00   1.5165954e+00  -2.2228156e+00  -4.3306003e-01  -8.8640070e-02   3.4538725e-01  -9.0812331e-02
   2.7919158e+00  -1.2197052e+01   3.1313256e+00  -7.8018598e+00   1.4636790e+01   1.2150800e+01   1.0168631e+01   1.8774803e-01   3.5343822e+00  -1.3101762e+00   1.1425090e+00  -5.1433317e-01   2.5472270e-01  -3.5112048e-01   2.4828909e+00  -1.2292212e+00   2.0634489e+00  -1.8774181e+00   2.8525178e+00  -2.2416292e+00   1.6019863e+00  -2.6451025e-01  -2.5741774e-02  -7.7894932e-02
   1.9462955e+00  -1.2650534e+01   3.8089722e+00  -7.0115317e+00   1.5941462e+01   1.1339015e+01   1.0950990e+01   1.4503236e+00   2.6293907e+00  -1.6834707e+00   1.5136315e+00  -5.0959387e-01   5.9977382e-01  -1.1745251e+00   8.2517552e-02  -5.1617562e-01  -9.9446495e-01   1.1943112e-01  -1.2586841e+00  -2.9427066e+00  -2.9195456e-01   1.2539811e+00  -6.8792421e-01   3.3738933e-01
   3.8899865e+00  -1.2155482e+01   3.2559720e+00  -5.4438608e+00   1.4429102e+01   1.2025871e+01   9.5270579e+00   9.3799936e-01   3.3562697e+00  -1.4237283e+00   1.1628724e+00  -6.8105683e-01   1.3426248e+00  -1.8532576e+00  -5.4879824e-01   1.9581062e+00  -1.6101831e+00   2.7807844e+00  -2.0827919e+00   2.3482470e+00  -1.8101256e+00   2.2968581e+00  -8.0362551e-01   1.3052540e-01
   3.3289763e+00  -1.3861317e+01   1.8980285e+00  -5.5467834e+00   1.2410974e+01   1.5203695e+01   7.0123776e+00   1.3911818e+00   9.6664830e-01   4.2949132e-01   4.4899009e-01  -1.9615897e-01  -1.3596188e-02  -1.2367585e+00  -1.7843338e+00  -7.8302455e-01  -4.2534759e-01   1.0430870e+00  -2.5796561e+00   1.4581865e+00  -2.6046616e+00   2.2784903e+00  -6.7070518e-01   2.6919383e-01
   4.1145125e+00  -1.4371547e+01   3.2636001e+00  -5.5970747e+00   1.3986759e+01   1.4389636e+01   9.0137496e+00   3.7396894e+00   1.6505650e+00   1.0786299e+00   4.6939142e-01  -4.7526252e-01  -1.4021029e+00  -7.7968640e-01  -7.9216461e-01  -9.4219655e-01   2.1413750e+00  -8.1614482e-01  -3.2849987e-01   3.5863467e+00  -2.9909414e+00   9.3238088e-01  -6.8923508e-02   1.6972604e-01
   1.8136382e+00  -1.3397640e+01   1.1286574e+00  -8.1094616e+00   1.5524612e+01   1.1721763e+01   7.3381602e+00   2.2367584e+00  -4.2474938e-01   4.8308570e-01   8.5431424e-01  -2.0870029e-01  -1.0311833e+00  -3.7915845e-01   3.7501019e-01  -2.4206366e+00   2.3318308e+00  -1.8285389e+00  -2.3955148e-01   1.1211287e+00  -1.5278728e+00  -8.5245321e-01   6.7057537e-01  -2.5482719e-01
   2.5445012e+00  -1.3556851e+01   2.4524106e+00  -5.5758165e+00   1.6084345e+01   1.2542620e+01   8.8714168e+00   5.8947311e+00  -4.3444358e-01  -5.1954170e-02   8.5682501e-01  -4.2019711e-01  -6.5391730e-01  -8.6905671e-01   8.3126034e-01  -9.8215499e-01   1.3699627e+00  -2.8629566e-01  -1.3889928e+00   7.5749578e-01  -1.2602610e+00  -1.5023221e+00   8.9017597e-01  -3.9777174e-01
   2.5672071e+00  -1.4837403e+01   2.8661385e+00  -9.1883674e+00   1.4859927e+01   1.3384395e+01   6.7242168e+00   1.9953539e+00  -2.8265653e-01  -2.8389645e-01   1.2611363e+00  -6.0593246e-01   3.1334783e-01   2.3464886e-01   4.7485562e-01   1.2120392e+00  -2.0179066e+00  -3.3692742e-01   6.3661818e-01  -2.3003463e+00   1.7222500e+00  -1.5066192e+00   4.4891542e-01  -2.6851370e-01
   2.7568522e+00  -1.4955250e+01   3.6417500e+00  -6.5308542e+00   1.6374046e+01   1.3128876e+01   7.2372321e+00   4.9966353e+00  -3.1087283e-01  -7.9136216e-01   1.6012443e+00  -8.7330404e-01  -9.8379970e-01   1.6032525e+00  -2.7309295e+00   1.9737777e+00  -3.5549309e+00  -1.0178107e+00   1.3758600e+00  -4.8415926e+00   2.5304175e+00  -1.0433791e+00   1.5334382e-01   2.3999101e-01
   2.1774845e+00  -1.2346467e+01   1.2462711e+00  -5.8138839e+00   1.2352902e+01   1.0923243e+01   9.1101799e+00  -7.6471313e-01   2.0968402e+00  -1.4071391e+00   1.1554777e+00  -3.8491737e-01  -6.1358867e-01   2.2932980e+00  -2.8966622e+00   3.5107719e+00  -1.9361335e+00  -1.0751556e+00   3.4015566e+00  -2.4042881e+00   2.6451475e+00  -6.1161846e-01  -3.9090578e-01   3.5912942e-01
   1.2636630e+00  -1.2397440e+01  -8.3404991e-01  -4.3023918e+00   1.2005462e+01   1.2246480e+01   9.7422252e+00   1.2375635e-02   2.1714343e+00  -1.0554014e+00   1.1396701e+00  -1.7071814e-01  -1.4250303e+00   5.2101142e-01  -2.7063584e+00   2.8412558e-01  -2.2924701e-01  -8.4959386e-01   1.2788704e+00  -1.9382712e+00   8.2588202e-01  -2.0251262e-01  -5.5788074e-01   3.2678764e-01
   2.3934186e+00  -1.2676361e+01   7.5904523e-01  -5.0364409e+00   1.4140019e+01   1.2212860e+01   1.0574055e+01   8.8105156e-01   2.4439112e+00  -1.0693045e+00   9.0556480e-01  -4.1853127e-01  -5.9323541e-01  -1.6420773e+00   3.7004800e-01  -5.1065172e-01   3.4224137e+00   3.7229192e-01   3.8515029e-01   4.9668141e+00  -1.6546177e+00   5.7978304e-01  -3.2697429e-01  -1.3083075e-01
   5.1133970e-01  -1.4008786e+01  -1.7417467e-01  -6.4933874e+00   1.5136617e+01   1.1209677e+01   8.4236000e+00   1.2663461e+00   7.5441472e-01  -1.2640484e+00   8.8937966e-01  -3.6631562e-01  -7.6450854e-01  -1.0783110e+00   1.0551929e+00  -2.4690761e+00   2.2583493e+00   8.6602366e-03  -3.3368607e+00   3.2581225e+00  -2.9315532e+00   1.1039981e+00  -2.9689874e-01  -2.2293604e-01
   1.6637930e+00  -1.4003910e+01   1.4714055e+00  -5.4843637e+00   1.5920945e+01   1.2000082e+01   1.0347218e+01   6.0585227e+00   3.2342353e-01  -4.3314107e-01   7.9016148e-01  -4.8336475e-01  -4.3770842e-01  -9.4025897e-02   8.1096278e-01  -7.8696346e-01   1.1003299e+00   2.9313211e-01  -3.7179570e+00   3.3192234e+00  -3.0795457e+00   1.5712416e+00   2.4787102e-02  -1.8443536e-01
   4.8171298e-01  -1.3351132e+01   3.9255933e-01  -7.7820445e+00   1.4502522e+01   1.2365859e+01   4.8503528e+00   2.3108238e+00  -1.1656517e+00   2.8251401e-01   7.5202361e-01  -4.7270546e-01   7.1419433e-01   7.5435558e-01   4.4590592e-01   3.5510663e-01  -5.3574248e-02   1.9643999e+00  -3.1144391e+00  -5.1772681e-02  -1.7358889e+00   4.5478302e-01  -6.0651661e-02  -2.7183822e-01
   1.7516694e+00  -1.3146227e+01   1.6921224e+00  -5.5725575e+00   1.6107561e+01   1.2074467e+01   6.7837431e+00   5.3376477e+00  -1.2153741e+00   5.1427671e-01   1.0114235e+00  -6.4198939e-01   4.2228608e-01   2.1997819e-01  -1.2685862e+00   1.9680624e+00   2.2005130e-01   2.0359984e+00  -3.3315103e+00  -2.0385993e+00  -3.5147811e-01  -1.0643726e+00   1.9728356e-01  -1.6552233e-01
   1.5386930e+00  -1.3306094e+01   3.8432578e-01  -5.9166305e+00   1.4962947e+01   1.4119085e+01   5.5336788e+00   1.5491246e+00  -1.0800198e+00  -1.0555828e+00   6.8777117e-01  -6.9476063e-01   1.2011615e+00   1.4069354e-01  -1.1032931e+00   3.1889354e+00   6.3772264e-01   1.6196581e-01  -1.2251272e+00  -1.6588242e-01   1.4179479e+00  -1.3936440e+00   6.9436343e-02   2.7005326e-03
   1.7687321e+00  -1.3696462e+01  -4.2735692e-01  -3.4649770e+00   1.6020810e+01   1.4177467e+01   5.0082895e+00   3.3814733e+00  -2.4660958e-01  -1.3606515e+00   1.1182130e+00  -6.2062067e-01  -1.7298926e-01  -3.5076226e-01  -4.0564580e-01   1.2042429e+00   2.2348902e+00  -2.3453293e+00  -4.4980534e+00  -2.2650283e+00   9.8450240e-01  -8.2737470e-01   5.3144570e-01   2.4885835e-01
   2.2749239e+00  -1.2864974e+01  -2.0264062e-01  -4.0524317e+00   1.5502482e+01   1.1557308e+01   3.9003889e+00   3.0400874e+00   4.7688786e-01  -8.7048791e-01   8.0278334e-01  -4.7933902e-01  -1.7065451e-02   1.6436917e-01   1.1091465e+00   1.9091149e+00   3.9267730e+00  -5.3582299e+00  -1.8263653e+00   2.5472822e-01   8.5302423e-01   6.4438097e-02   5.2908286e-01   4.0130163e-01
   1.1240700e+00  -1.3892930e+01   1.3771369e+00  -4.6982925e+00   1.9190129e+01   9.8373617e+00   8.5330800e-01   1.1946239e+00  -5.1707439e-01  -8.1933275e-01   1.7510859e+00  -3.7641267e-01  -3.0756185e-01  -3.9151885e-01  -4.5621369e-01   2.9146127e+00   2.4672570e+00  -3.3951449e+00  -2.1735780e+00  -3.0133871e+00  -1.1199854e-01  -7.4024527e-01   4.5430011e-01   3.5727086e-01
   1.8354259e+00  -1.2961306e+01   1.1457986e+00  -2.4363005e+00   1.9268447e+01   8.2517924e+00   4.8716216e+00   3.0246417e+00   3.3474893e-01  -1.2295850e+00   1.1649590e+00  -2.1491219e-01   4.4663975e-01  -1.8612507e-01  -4.5934902e-01   4.5654934e+00   2.5437864e+00  -2.1492327e+00   1.1670083e+00  -1.8686390e+00  -7.1550316e-01  -5.8196610e-01   5.3288249e-01   2.4721653e-01
   1.5271384e+00  -1.4235574e+01  -1.7858971e+00   9.8876377e-02   1.7838712e+01   1.0737507e+01   1.2623061e+00  -1.1308844e+00  -3.4353792e-01  -2.2914709e+00   1.6185754e+00  -2.1692779e-01  -3.4616953e-01   7.0781692e-01  -1.1967827e+00   2.1630321e+00   2.8840859e-01   3.6632308e-01   9.6533884e-01  -1.0783433e+00  -1.7372400e+00  -1.3781877e-01  -5.1411018e-01   1.8186863e-01
   2.7433494e+00  -1.2972840e+01   6.8985283e-01   3.9722402e-01   1.9993870e+01   7.8833858e+00   5.4464023e+00   1.3998831e+00  -6.8313512e-01  -1.0073680e+00   1.6683624e+00  -1.8825667e-01  -1.1002312e+00   1.2679991e+00  -2.4246078e-01  -7.7265941e-01   7.6310559e-01   2.0833093e+00  -1.0918181e+00   7.0805003e-01  -1.8198192e+00   8.0986938e-01  -3.7449618e-01   1.3310363e-02
   1.5085399e-01  -1.2825438e+01  -1.9006429e-01  -2.8705066e+00   1.9260030e+01   1.0571050e+01   2.0139259e+00   3.8948823e-01  -2.6139924e+00  -1.1371694e+00   7.2821900e-01  -1.1693749e-01  -8.6587411e-01   1.8490893e+00   1.3181746e+00  -1.8673067e+00  -6.9420057e-02   1.7621175e+00   1.4386056e-01   1.3061163e+00   4.1114140e-01   2.4788003e-01  -1.2778248e-01  -5.1663266e-02
   8.7322129e-01  -1.1764375e+01  -1.5808965e-02  -2.1105981e+00   1.9702447e+01   1.1459985e+01   2.8580845e+00   3.3265304e+00  -1.2597527e+00  -5.9193166e-01   1.0483929e+00  -2.4494179e-01  -3.5508085e-01  -5.4860924e-02  -6.8106365e-01  -1.2531783e+00  -2.3911260e+00   3.0365182e+00  -1.2140336e+00  -1.8619819e+00   2.9755729e+00  -9.0781382e-01   4.2551156e-01  -1.1593224e-01
   1.1633912e+00  -1.2066172e+01   5.4419573e-01  -1.4481726e+00   1.7880294e+01   1.1592384e+01   2.7722558e+00  -1.3503367e-01   5.6148294e-01  -2.1273690e+00   1.7368864e+00  -2.6608013e-01   1.9798437e+00  -8.5620154e-01  -1.5899236e-01   1.8859598e+00  -2.2759439e+00   9.0918111e-01   1.2012175e+00  -1.7568489e+00   5.4178212e+00  -9.2630010e-01   6.3318122e-01   8.8105649e-02
   1.7044595e+00  -1.3434764e+01  -6.9887266e-01  -2.1937104e+00   1.7097049e+01   1.1927496e+01   3.2461869e+00  -1.1308287e+00   2.1924866e+00  -1.8739889e+00   1.8022960e+00  -2.8758370e-01   3.4032075e-01  -2.5104367e+00  -1.5508479e+00   2.0861590e+00  -2.3890619e+00  -9.8678300e-02   4.6891093e-01  -4.0560028e+00   3.6057178e+00  -1.7166916e+00   4.2986562e-01   1.4007674e-01
   2.7050005e+00  -1.3274546e+01  -8.7020992e-02  -1.0749052e-05   1.7148813e+01   1.1701066e+01   3.6217010e+00  -1.7105514e-02   3.7866198e+00  -1.8855909e+00   1.3010393e+00   3.6541937e-02   6.2168799e-01  -1.8622938e+00  -7.8298843e-01   2.1507569e+00   1.1348309e-01  -9.1072914e-01   1.1817899e+00  -3.3104342e-02   7.4832635e-01   2.1111011e-01   2.7293257e-02   1.0725444e-01
   6.1289778e-01  -1.4925844e+01  -2.0264724e+00   2.9455944e-01   1.6484594e+01   1.1257627e+01   3.1367284e+00  -2.8164379e+00   2.5362557e+00  -3.2878581e+00   1.9111149e+00  -1.8613771e-01  -7.8027966e-01  -1.9655150e+00  -1.3897263e+00   3.0958698e-01  -9.4000240e-01  -2.5176933e+00   1.4945991e+00  -6.3032587e-01  -8.0745075e-01   1.5152992e-01  -8.3243854e-02  -1.1305283e-03
   2.6417041e+00  -1.4114073e+01   3.3512960e-02   5.3382778e-01   1.8356746e+01   1.0561225e+01   4.5996700e+00   6.5811438e-01   1.5120879e+00  -1.1037693e+00   1.7234168e+00  -1.5592146e-01  -1.3365934e+00  -1.6224610e+00  -2.2940218e+00  -3.0487975e+00  -1.0115029e+00  -3.3782166e+00   3.2533399e+00   1.8690068e+00  -5.6974200e-03   1.6505565e+00  -1.1868753e-01  -2.5667126e-01
   5.6568821e-01  -1.5963273e+01  -2.8437290e+00  -1.9962492e+00   1.5083079e+01   8.7208767e+00   4.9991011e+00  -2.4139275e+00   2.1185764e+00  -2.0376049e+00   1.4662415e+00  -1.9304779e-01  -1.6673402e+00   3.5699353e-01  -2.8146606e+00  -6.6157091e+00  -1.1204768e+00  -3.5212415e+00   1.6666136e+00   2.3439280e+00   6.2616292e-01   2.5501266e+00  -3.8937924e-01  -2.9083452e-01
   7.2371524e-01  -1.5189523e+01  -3.1194253e+00  -3.4278027e+00   1.6332316e+01   7.9021159e+00   7.5705244e+00   2.5851494e+00   3.9869133e+00  -3.4882841e-02   1.3454447e+00  -3.4500991e-01  -2.4423887e+00   8.7730111e-01  -4.3287425e+00  -5.0602360e+00  -1.8602016e+00  -1.4086327e+00  -1.4607169e-01   1.1891956e+00   1.1696461e+00   1.2294029e+00   2.9985695e-01  -3.7769709e-01
  -9.2911815e-01  -1.3852629e+01  -4.6719942e+00  -7.6481889e+00   1.5816094e+01   7.3053188e+00   4.1512215e+00  -2.6406342e-01   2.2380874e+00   2.8885757e-03   1.5160321e+00  -5.2784526e-01   8.3835618e-02   2.2676395e+00  -2.4964918e+00  -1.4779829e+00   2.4644848e-01   1.7057294e+00  -9.4213062e-01  -4.3097948e-01   1.4820551e+00  -3.6339989e-02   3.2600404e-01  -2.2405528e-01
  -2.7447586e-01  -1.3853444e+01  -5.5454683e+00  -4.2305563e+00   1.5199936e+01   9.1560546e+00   4.8045022e+00   1.3669757e+00   3.2068015e+00  -2.7991160e-01   2.1483069e+00  -5.5506837e-01   2.0622884e-01   1.5029968e+00  -2.3623901e+00   1.6974763e+00  -8.4559263e-01   2.5354523e+00  -1.1272794e+00  -5.1664753e+00   1.8767757e+00  -1.3589329e+00   5.8134120e-01   2.6590233e-01
   1.1905372e+00  -1.3229853e+01  -5.3754453e+00  -3.8118468e+00   1.6018942e+01   1.0652501e+01   4.9689163e+00  -2.4513099e+00   4.7317150e+00  -1.9696005e+00   1.5538164e+00  -4.2410148e-01   1.6647340e+00   6.0308723e-01   8.7743271e-02   2.7021477e+00   9.8216051e-01   3.0611342e+00   2.3096787e+00  -2.7040361e+00   1.1964683e+00   3.5452471e-01   2.8617368e-02   4.0616247e-01
  -2.6769172e-02  -1.3246416e+01  -6.3112849e+00  -2.7997594e+00   1.4962503e+01   1.0031703e+01   5.4707579e+00  -4.0709402e+00   5.5552630e+00  -1.0870377e+00   2.1985643e+00   1.9716979e-03  -3.2254124e-01   6.7272939e-01   1.8504957e-01  -1.8608697e+00   1.4316216e+00   4.6495046e-01   6.5131717e-01  -2.3424150e+00  -1.1065266e+00   8.1360955e-01  -2.2241520e-01   1.9578663e-01
   1.4441296e+00  -1.3251512e+01  -4.1574710e+00  -4.3103659e+00   1.7408051e+01   1.1459196e+01   7.2826118e+00  -1.6011596e+00   2.8585591e+00   9.3823870e-01   1.5338294e+00  -1.9712159e-01  -2.2609709e-01   1.6300517e+00   1.3612603e+00  -2.6951924e+00   2.3024633e+00   3.4481415e-01   3.0834266e-01   1.2605079e+00  -3.1416201e+00   1.9074652e+00  -2.3768871e-01  -7.1369715e-02
  -8.8508391e-01  -1.2833520e+01  -5.8768811e+00  -6.7726014e+00   1.6652814e+01   9.4501331e+00   4.6246302e+00  -2.5717219e+00   2.4835896e+00  -5.1341688e-01   1.8246776e+00  -3.7487837e-01   6.6773697e-01   6.6287050e-01   4.5973038e-01  -1.6916969e+00   3.8368975e+00   6.0361851e-01  -8.1646362e-01   2.3221503e+00  -4.1159863e+00   2.7120776e-01  -1.0099000e+00  -2.0489032e-01
   1.2805489e+00  -1.0991223e+01  -3.5507567e+00  -5.8682144e+00   1.8627481e+01   1.1460508e+01   5.8544941e+00  -1.3101571e+00   1.5551215e+00   6.0478696e-01   1.3842267e+00  -3.4273102e-01   1.2929284e+00   7.2911032e-01  -2.2831033e+00   1.7273881e-01   2.3426252e+00  -2.7380210e-01  -9.7527669e-02   2.1668828e+00  -1.9999818e+00   2.9383053e-01  -5.5466269e-01   6.1891537e-03
   1.0566266e+00  -1.3382254e+01  -5.9250464e+00  -4.5583805e+00   2.0108134e+01   1.0936475e+01   4.9601213e+00  -7.3321609e-01   3.3002293e-02  -5.1350022e-01   7.5851569e-01  -2.3255906e-01   2.1366886e+00   1.7574822e+00  -8.3549315e-01  -7.4054922e-01   1.7493655e+00   7.0017256e-02   4.5445615e-01  -7.1441810e-01  -5.5252109e-01   1.4569601e+00  -8.5891100e-03   4.1870858e-01
   2.4126670e+00  -1.1883480e+01  -7.5580433e+00  -5.1583681e+00   1.9194329e+01   1.0305322e+01   6.9685747e+00   7.2991164e-01   1.0838800e+00   1.3790262e+00   1.2349163e+00  -2.5899751e-01   5.4830895e-01   3.1333860e+00  -9.4268170e-01  -3.1612068e+00  -8.8085072e-01  -6.4299322e-01  -1.1774754e+00  -3.6811515e+00   5.1968790e-01   4.5937558e-01   7.0103120e-02   2.8470492e-01
   1.7538900e+00  -9.7511685e+00  -5.1264775e+00  -8.2383483e+00   1.8993439e+01   1.0132752e+01   4.7492741e+00  -4.6633835e+00   1.8904287e+00   1.2849037e+00   1.8864491e+00   2.1131774e-01   1.5299442e+00   5.1455280e+00   1.0736269e+00  -2.3362950e+00  -1.2688086e-01   2.0474597e+00  -2.6503788e-01  -3.5345687e+00   4.4595334e-01  -2.3146878e-01   2.3598770e-01  -3.8814266e-02
   1.7543806e+00  -8.1066871e+00  -5.3640637e+00  -8.7700407e+00   1.7863553e+01   1.0897879e+01   4.1937047e+00  -4.8668007e+00   1.4059402e+00   3.9464837e-01   9.2541468e-01  -1.3761204e-01   6.3533980e-01   3.1299048e+00  -1.0904892e+00  -2.6173381e+00   8.8469622e-02   9.3539024e-01  -4.0535715e-01  -4.4778146e+00   8.5996028e-01  -1.8601574e+00   6.7932482e-01  -3.6880899e-01
   3.6806861e+00  -7.5523585e+00  -5.4115959e+00  -6.2569867e+00   2.0583201e+01   1.3711386e+01   5.9499995e+00  -3.2367130e+00   5.4090223e-01  -3.6851449e-01   1.2672481e+00  -3.5147320e-01   1.1538802e+00   4.1708331e-01  -2.8080217e+00  -1.5046753e+00  -2.4890466e-01   4.1574171e-01   1.3271918e+00   3.0557439e-01   3.9017261e-01  -1.3972505e+00   5.7138834e-01  -4.4889932e-01
   2.4022786e+00  -8.2880274e+00  -9.0512178e+00  -1.0075056e+01   1.8532152e+01   9.9190903e+00   5.7601763e+00  -6.7001455e+00   3.0485837e+00  -5.8450076e-01   2.5635041e+00  -5.3081552e-01  -9.6738116e-01  -6.8877601e-01  -1.7304186e+00  -1.3785824e+00   1.4144134e+00   2.8941112e+00   2.6348965e+00   2.6507495e-01   8.7384349e-01   8.7471519e-01   5.5330276e-01  -2.8280905e-01
   3.1607614e+00  -9.0348734e+00  -7.4949330e+00  -9.8428536e+00   1.8285782e+01   1.1245759e+01   5.9568260e+00  -3.2883495e+00   1.6543659e+00  -3.2139745e-01   1.9244869e+00  -2.6542950e-01  -1.3873432e+00   4.0325415e-01   1.3715192e+00  -2.1407800e+00   6.5445968e-01   1.8051876e+00   1.2714628e+00   6.6875591e-01  -5.4393508e-01   1.8763142e+00  -5.5032189e-01  -1.9811951e-01
   5.6327127e-01  -8.3985937e+00  -6.9180230e+00  -9.0449808e+00   2.1133883e+01   1.6471859e+01   8.1426362e+00  -4.4433700e+00   2.1599736e+00   1.6831626e+00   1.4267494e+00  -6.0484746e-01  -2.3333930e-01   2.1169611e+00   4.7566385e+00  -2.8060385e+00   2.2004790e+00   1.0880132e+00  -2.0234524e+00  -1.5808871e-01  -2.2487215e+00   1.6869010e+00  -9.9380730e-01   2.9186282e-02
   2.5191750e+00  -6.8921941e+00  -4.4209145e+00  -9.9831943e+00   2.0264025e+01   1.3142783e+01   6.6659638e+00  -3.3619669e+00   1.6930466e-01   1.3121252e+00   1.0101426e+00  -6.1163649e-01   3.7264455e-01   2.1798573e+00   2.1274009e+00  -5.0372702e+00   3.0910791e+00  -2.6724063e+00  -2.4011686e+00  -7.3725389e-02   8.1317052e-02   9.7790766e-01  -8.3099237e-01  -5.4352737e-02
   2.3730629e+00  -6.1839254e+00  -3.4532694e+00  -1.4213943e+01   2.0843749e+01   1.0602598e+01   2.3704288e+00  -6.9004698e+00   4.1803208e-01   1.1290894e+00   1.5299653e+00  -3.1393260e-01   2.4290180e+00   2.1197450e-01   5.8483235e-01  -4.9372764e+00  -5.8772172e-01  -5.5839057e+00  -2.8934958e+00   2.3034544e+00   7.4729957e-01   1.4492460e-01  -4.5249365e-01   2.5619086e-01
   2.8148324e+00  -6.8724216e+00  -6.0362086e+00  -1.4814278e+01   2.3067468e+01   1.0171780e+01   5.2411768e+00  -2.1703877e+00   2.6473122e+00   1.4225007e+00   6.2639041e-01  -4.9241603e-01   2.0058614e+00  -1.1979281e+00  -3.2836384e+00  -5.3591678e-02  -2.1917639e+00  -2.9818137e+00  -2.9178665e+00   2.1767011e+00   1.4742586e+00  -3.6776157e-01   7.8073666e-02   4.3321819e-01
   4.0589696e+00  -8.0905182e+00  -5.2331274e+00  -1.4035354e+01   1.8850579e+01   9.5815020e+00   4.5147861e+00  -1.5839780e+00   2.0419192e+00   1.8453618e+00   9.3988501e-01  -2.8017141e-01   6.6152444e-01  -1.7184718e+00  -6.2692594e-01   2.4190856e+00  -4.1606745e+00  -3.5777758e-02  -7.0932002e-01   1.7687631e+00   8.3294951e-01  -1.0033397e+00  -1.5071513e-01   4.1529355e-01
   4.6850137e+00  -7.7357900e+00  -8.4564430e+00  -1.0152877e+01   1.7972965e+01   9.1806101e+00   1.2169854e+00  -2.7551612e+00   1.5687491e+00   4.0234663e-01   1.4222933e+00   2.1310197e-02  -2.3331139e+00  -8.7303313e-02   5.9574486e-01   1.8078293e-01  -3.5282749e+00   2.8844712e+00  -2.7102249e+00  -1.8553475e+00   5.8881055e-01  -1.1519636e+00   1.2009776e+00   3.0929521e-01
   2.4302589e+00  -8.3299490e+00  -3.1835411e+00  -1.2916015e+01   1.7149989e+01   1.1044517e+01   3.3185445e+00  -3.9549385e+00   2.2067379e+00   1.3415681e-01   9.0594120e-01   5.2144610e-02  -2.9171219e+00   1.3347478e+00   7.2151198e-01  -1.7246715e+00   5.3163080e-01   1.4437445e+00   5.1043670e-01   5.4192096e-01   7.8649567e-01  -1.0197416e+00   9.2781468e-01   3.3900790e-02
   1.2951690e-01  -6.8836611e+00  -6.1673845e+00  -1.5102772e+01   1.8625350e+01   1.3766980e+01   1.7739603e+00  -3.7679286e+00   3.4481187e+00   5.5015774e-01   2.4448288e+00  -1.9463123e-01  -1.6075776e+00   1.1013321e+00   5.2434009e-01  -1.8359343e+00   2.0701301e+00  -1.8902734e+00   1.9064888e+00   1.2118066e+00   2.8920393e-01  -8.4406982e-01   3.9368284e-01  -9.4784014e-02
   1.9610352e+00  -6.5144608e+00  -5.2953888e+00  -1.4147413e+01   1.9321832e+01   9.4539340e+00   5.0019537e+00  -2.6471282e-01   2.2819779e+00   2.4184378e-01   1.8203393e+00  -1.2134951e-01   1.3474643e+00   1.9373371e+00  -2.7912359e+00  -3.0271084e-01   3.5293478e+00  -3.7213302e+00   5.4837538e-01   4.2450129e-01   8.3851277e-01  -2.2777384e-01  -1.9236197e-01   6.0940788e-02
   2.5082592e+00  -6.9915359e+00  -6.6140091e+00  -1.2291079e+01   1.9992238e+01   7.1404914e+00   3.2350141e+00  -2.7825641e+00   1.9649350e+00  -9.1760158e-01   1.5556185e+00  -3.4118766e-02   2.7241027e+00   7.3531272e-01   1.6135019e+00  -5.7365598e-01   1.7643349e+00  -3.2069306e+00  -1.3299007e-01  -1.7091457e+00   8.3703057e-02  -4.4445382e-01  -1.2984112e+00   1.7072186e-01
   3.2620842e+00  -5.3700061e+00  -7.1470827e+00  -1.4775928e+01   2.1760567e+01   8.7757655e+00   3.4105807e+00  -3.8108688e+00   4.2060989e+00   5.2637571e-01   1.0620034e+00   6.3299559e-02   2.0592454e+00  -7.8706167e-01   1.1287040e+00  -5.2279959e-02   2.6345291e+00   1.7706128e-01  -1.9195214e+00  -1.4586198e+00   5.5131752e-01  -1.5960151e+00  -1.4672015e-01   5.1815908e-02
   3.5651464e+00  -6.3529194e+00  -2.8212847e+00  -1.5648999e+01   2.0052485e+01   9.2956678e+00   2.3701617e+00  -4.5585692e+00   2.6116127e+00  -2.5878895e-01   8.7637988e-01  -3.0872968e-02   7.1954886e-01  -1.8305115e-01   1.3122292e+00   2.8014665e+00   5.9399787e-01  -6.5910502e-02   1.7139412e+00   2.8399572e-01   2.9956554e-01  -1.8526923e+00   4.6633420e-01   3.0725623e-02
   4.5214597e+00  -8.0143615e+00  -5.4986950e+00  -1.2546873e+01   2.3243502e+01   8.6419377e+00   2.5550978e+00  -1.5646400e+00   2.7856153e+00  -2.4815852e+00   1.9398784e+00  -4.5248543e-02  -4.7188699e-01  -3.6870462e-01   4.0326165e-01   3.4998856e+00  -6.0631832e-01  -6.7008866e-01   1.9922117e+00  -1.1226284e+00  -8.6985481e-02  -2.8889244e+00   1.2304368e+00  -1.8582892e-01
   2.9578947e+00  -5.9439348e+00  -5.4698591e+00  -9.2034069e+00   2.0141767e+01   7.1085395e+00   6.2336673e+00  -3.4796849e+00   3.1245251e+00  -2.1926596e+00   1.8161823e+00   6.6243719e-02  -5.9906136e-01   5.7001365e-01  -1.2405690e+00   2.1026151e+00   2.9565391e-01   1.8248809e+00   2.8857775e+00   5.7343159e-01  -7.7790578e-02  -3.9268866e-01   6.4254921e-01  -2.9535860e-01
   2.8578795e+00  -6.1275553e+00  -5.2179030e+00  -1.2748896e+01   2.0806448e+01   8.8641967e+00   4.4671455e+00  -6.0342535e+00   3.8191645e+00  -2.8400757e+00   2.4377574e+00  -2.6400216e-01  -9.3391525e-01   9.5791000e-01   1.3377637e+00  -8.5445590e-01  -2.6809012e+00   2.8863971e+00  -5.8845965e-01  -2.8327870e-01  -1.9497736e+00   1.4098495e+00  -6.5443025e-01  -1.7591174e-01
   3.4983444e+00  -6.4413021e+00  -4.8225341e+00  -1.2394065e+01   2.1714493e+01   1.1921860e+01   5.7428042e+00  -1.4636150e+00   1.9781522e+00  -6.6857668e-01   1.5912642e+00  -3.6453406e-01  -1.6187497e-01  -7.9917702e-01   1.7142465e+00  -1.9588434e+00  -9.2953565e-01   5.2354566e+00   1.2030303e-01   9.8190832e-01  -4.3696253e-01   1.9334053e+00  -1.6371469e+00  -2.4073522e-01
   2.8503619e+00  -6.3288129e+00  -3.8157119e+00  -1.2233228e+01   1.8435787e+01   1.0564873e+01   1.9178399e+00  -2.9975930e+00   4.3414133e-01  -1.1288523e+00   1.0706920e+00  -9.3727266e-02  -1.8038110e+00  -7.7879727e-01   2.9004246e+00   3.5194966e-02  -2.0698625e+00   2.0507364e+00   3.6840436e+00   9.2599379e-01   1.6665012e+00   9.5244295e-01  -2.2238912e+00  -6.1090662e-02
   2.7188411e+00  -7.0420716e+00  -3.5995850e+00  -1.2399506e+01   1.9932794e+01   1.4111386e+01   7.6887746e+00  -3.5251527e+00   4.1615929e+00  -1.4816322e-01   4.3994573e-02  -3.7999656e-01  -2.6265535e+00  -3.7258286e-02   3.1727238e+00   1.2420956e+00  -1.4603666e+00   4.4368347e-02   3.8813155e+00  -2.8730606e+00   4.6335546e+00  -2.1656953e+00  -1.1540046e+00   8.3758129e-02
   5.4191465e-01  -6.9953665e+00  -1.4787408e+00  -1.2693383e+01   1.8592504e+01   1.0845538e+01   9.0202256e+00  -3.6144940e+00   5.2271960e+00  -1.6716180e+00  -1.2444464e-01  -3.4790690e-01  -1.6265458e+00  -5.1603967e-01   1.8621206e+00   2.0688741e+00  -1.4140829e+00   2.5259869e-01   5.2339804e+00   1.6533388e+00   4.9394189e+00  -2.1934159e+00  -7.9306545e-01   4.9714905e-02
   7.1273783e-01  -6.1639128e+00  -1.2319340e+00  -1.0300844e+01   1.9445585e+01   1.1848080e+01   8.0135846e+00  -5.4647554e+00   6.5319568e+00  -3.6457368e+00   4.5782566e-01  -1.1180705e-01  -1.9832979e-02  -1.3856872e-01  -2.3443806e-01   1.9093163e+00  -4.7167864e+00   7.9550451e-01  -7.3795011e-01   1.1955222e+00   9.6369641e-01  -1.5040497e+00  -6.2317503e-01   3.3463224e-01
   1.4135948e+00  -7.5419518e+00  -2.2063565e+00  -1.0179248e+01   1.6558268e+01   1.2075424e+01   9.6064055e+00   4.5221650e-01   6.6580878e+00  -2.6701893e+00  -3.2582167e-01  -1.5324966e-01   3.1175790e+00  -7.6536377e-01  -1.3331443e+00   2.7469774e-01  -4.3933436e+00   3.1287417e+00  -9.4339908e-01   2.3215703e+00  -9.8581114e-01   1.4735947e+00  -7.8960407e-01   2.0888770e-01
   2.2532515e+00  -6.9766320e+00  -3.5874342e+00  -1.0792599e+01   1.3874733e+01   1.4689700e+01   6.2887595e+00  -3.7652247e+00   4.8916916e+00  -1.9049521e+00  -7.9007946e-01   2.4623184e-02   2.2625547e+00  -2.5934537e+00  -1.3956083e+00  -4.1061697e+00   6.1105710e-01   8.6341564e-01   2.1598305e-01   1.8331623e+00  -3.3320314e+00   2.4594183e+00  -9.9652614e-01  -1.4136315e-01
   4.4480264e+00  -7.7370525e+00  -2.3007071e+00  -1.2035459e+01   1.4787915e+01   1.4117841e+01   8.4675396e+00  -9.8190379e-01   4.5686119e+00  -3.3161833e-01  -6.8489818e-01  -1.0279047e-01   1.1471160e+00  -2.8642414e+00  -6.9185647e-01  -6.5606463e+00   7.7625249e+00  -4.4515594e-02   1.1875833e+00   7.2509544e-01  -2.8178330e+00   2.3782395e+00  -4.2165657e-01  -2.4011503e-01
   2.5893541e+00  -9.9565429e+00  -3.2781712e+00  -1.5531993e+01   2.1247347e+01   1.2121995e+01   8.9069922e+00  -1.9979517e+00   2.5786476e+00  -1.1258948e+00  -8.5742529e-01  -3.4908137e-01  -7.3481584e-01  -1.6494760e+00   1.0964231e-01  -5.7198900e+00   5.8276756e+00   2.4871359e-01   1.0841609e+00   3.4470048e-01  -4.3706499e-01   1.1170690e+00   1.7083183e-01  -5.6405398e-01
   2.9662175e+00  -1.0348358e+01  -3.3987727e+00  -1.7650520e+01   2.4515748e+01   1.3292503e+01   1.0078664e+01   6.5622316e-01   3.5878604e+00   5.0764120e-01  -9.2463361e-01  -3.2656992e-01  -2.9057876e+00  -1.0457065e+00  -6.9731380e-01  -2.1607830e+00   8.5752195e-01   4.5381011e-01  -1.1080266e+00  -3.3305621e+00   1.4688809e+00  -9.3369972e-01   2.2723422e-01  -4.0014988e-01
   1.8919322e+00  -8.1451931e+00  -2.8739379e+00  -1.6564903e+01   1.7752330e+01   1.5475439e+01   7.1094385e+00  -4.0672375e+00   4.7264699e+00  -6.4897834e-01  -4.1396400e-01  -7.0956806e-01  -1.3949514e+00  -1.2360270e+00   2.5062092e-01   2.9033026e+00  -4.0696795e+00  -5.1596188e-01  -5.3349045e-01  -1.1326024e+00   2.2319088e+00   1.9877357e-01   3.7019717e-01  -2.5090789e-01
   4.3805596e-01  -1.0211287e+01  -3.5487945e+00  -1.4760178e+01   1.7821706e+01   1.3121834e+01   7.7042766e+00  -4.9431040e+00   5.6980220e+00  -1.9706262e+00  -5.6577749e-01  -5.2277195e-01  -3.3310934e-01  -2.8431956e+00  -3.2181305e-01   6.0293086e+00  -7.5685487e+00  -3.2334172e+00  -3.3483699e+00  -2.5750017e+00   1.0165286e+00  -2.2036881e+00   8.3075772e-01   2.7572099e-02
   1.7610078e+00  -1.1879119e+01  -2.8272289e+00  -1.2622210e+01   1.8489848e+01   1.1433387e+01   9.2939503e+00  -8.9719167e-01   4.8714300e+00   4.1139920e-01  -4.8155759e-01  -6.2734220e-01   1.6363167e+00  -4.0336617e+00  -2.9251990e-01   7.6087137e+00  -3.6092422e+00  -3.6123492e+00  -1.6228591e+00   1.9380348e+00   1.4038649e-01  -7.6737113e-01   1.9856592e-01   4.7403167e-01
   2.5320157e+00  -1.2746189e+01  -3.9048468e+00  -1.0577904e+01   1.2794165e+01   1.0463403e+01   3.9638534e+00  -4.7913023e+00   5.0401733e+00  -3.3280797e+00   3.5529976e-01  -3.2632470e-01   1.5511807e+00  -3.0415226e-01  -1.0366876e+00   6.0894961e+00  -3.2051572e+00  -4.1139694e+00  -1.9944019e+00  -7.5592735e-02  -1.0243514e+00  -1.3407721e+00   6.2822008e-01   2.4236728e-01
   3.2994273e+00  -1.2928235e+01  -3.1346916e+00  -7.2429701e+00   1.4852237e+01   1.1386130e+01   6.5453615e+00  -1.2360861e+00   5.2659740e+00  -1.1213082e+00  -5.7665374e-01  -9.6744179e-02   7.8131190e-01   2.6767940e+00  -3.5822713e+00   2.9664377e+00  -1.1404178e+00  -5.3329701e+00  -1.6738631e+00  -1.7573695e+00  -3.2375504e-01  -2.7394067e+00   4.0599899e-01   9.1138523e-02
   1.9956173e+00  -1.0142958e+01  -4.9500945e+00  -8.3155543e+00   1.4832776e+01   6.9745083e+00   6.0869680e+00  -4.8870459e+00   3.9642230e+00  -3.2154306e+00   4.2410070e-01  -4.2452004e-01  -1.1618758e-01   2.7110267e+00  -1.0833360e+00  -3.4954902e+00   3.2862212e+00  -5.0992442e+00   9.4844555e-01   1.6553951e+00   1.5868381e+00  -9.0662122e-01   1.4407283e-01  -2.3622278e-01
   3.2011748e+00  -9.1655437e+00  -7.6780120e+00  -9.3037284e+00   1.5759916e+01   5.1783795e+00   5.7215983e+00  -3.4853742e+00   4.9237726e+00  -3.7540354e+00   9.3040429e-02  -4.4153674e-01  -1.1587394e+00   2.8903872e+00   2.2814112e+00  -8.9945564e+00  -5.5227311e-01  -4.4422759e+00  -3.1619752e-01   1.6327104e+00   2.1692043e+00  -1.4971873e+00   7.4078829e-01  -2.7496889e-01
   2.4068605e+00  -1.0560994e+01  -3.2581906e+00  -1.4790760e+01   1.7269658e+01   5.9184125e+00   5.7984033e+00  -1.1835656e+00   7.5915311e+00  -3.3716480e+00   2.3656193e-01  -5.0826259e-01  -6.3106735e-01   2.3745477e+00   3.9308572e+00  -3.9207786e+00  -3.6645055e+00  -8.0070266e-01   9.0206245e-01   5.9697771e+00   3.4293805e+00  -1.5146429e-01   9.1267404e-02  -6.3694394e-02
   1.3556965e+00  -8.3836356e+00  -5.5852673e-01  -1.7497202e+01   1.2805387e+01   5.2507644e+00   6.2153476e+00  -6.3876055e-01   6.7061265e+00  -3.2889805e+00   6.2829807e-01  -4.6732623e-01  -2.0841386e+00   4.6593812e+00   1.0588566e+00  -1.5989374e-01  -4.9715030e+00  -2.4413211e-01  -1.1152911e+00   3.4526476e+00   4.2830553e-01  -3.9641552e-01   6.1404045e-01   4.9212196e-02
   1.9717555e+00  -6.9720901e+00  -2.6135513e+00  -1.0099985e+01   1.0813283e+01   5.7372618e+00   7.1931871e+00   2.6443128e+00   8.2171167e+00  -3.6751545e+00   2.9337298e-01  -5.0716689e-01  -1.6516493e+00   3.7383023e+00  -2.5053427e+00   3.3714403e+00  -3.3088931e+00  -3.4068943e+00  -2.8865252e+00   2.3743079e+00  -1.9783923e+00   7.5774024e-03  -1.9767623e-01   2.2252926e-01
   2.9251944e-01  -3.9709239e+00  -6.4120467e+00  -1.1888956e+01   1.1530849e+01   4.9027567e+00   3.3512697e+00  -2.2034201e-01   5.2534381e+00  -4.1969054e+00   9.8569557e-01  -3.6826630e-01  -1.8423802e+00  -2.2413034e-01  -1.8650606e-01   1.7646055e+00   2.7040889e+00  -1.8435994e+00  -3.4785514e+00   1.3732029e+00  -1.6478426e+00   7.4304688e-01  -7.0198026e-01   5.9150733e-01
   4.6097514e-01  -7.1598967e+00  -4.0894446e+00  -1.2537722e+01   1.2943587e+01   9.8207488e-01   2.9006543e+00   2.1686870e+00   5.3502868e+00  -2.9063194e+00  -2.3865117e-01  -2.2399867e-01  -2.7274355e+00  -2.7339435e+00   4.1954674e+00  -4.0017330e+00   4.9651367e+00  -2.4093797e+00  -1.6478128e+00   8.3840080e-01  -1.3839577e+00   2.2422071e+00  -6.6544249e-01   9.1221606e-01
  -6.5248352e-01  -8.6259279e+00  -1.0033917e-01  -1.3631425e+01   1.5796368e+01   4.8629587e+00   3.1437868e+00   1.6588567e+00   5.6677775e+00  -2.5588277e+00  -1.5866024e-01   2.7835065e-01  -2.0729297e+00  -3.2361924e+00   6.5371435e+00  -4.1046922e-01   8.9630619e-01  -8.5560884e-02   2.9478929e+00   1.8951838e+00   8.8002985e-01   3.4076707e+00  -1.1585899e+00   7.2081957e-01
  -1.6468963e+00  -8.7455034e+00   5.2379606e-01  -1.5231350e+01   1.6128228e+01   2.1430912e+00   4.8252093e+00   2.9623147e+00   5.9340105e+00  -1.1308827e+00  -1.3261286e-01   5.3784872e-01  -2.5276491e+00  -5.2895248e-01   6.4409463e+00   8.7133698e-01  -5.9004468e-01   5.5259522e+00   2.6326127e+00  -4.5164750e-01   4.7537754e-01   1.9907963e+00  -6.6033427e-01   1.0748237e-01
  -1.7629394e+00  -8.0324092e+00   1.0870483e+00  -1.1157846e+01   1.1282987e+01   4.1939072e+00   6.8108315e+00   2.2256199e+00   6.2816211e+00   2.6882220e-02  -8.0520851e-01   3.3203937e-01  -4.3395973e-01   2.4135161e+00   5.0774596e+00   3.4972175e+00  -1.5548305e+00   2.6617484e+00  -1.9403249e-01   2.1603002e+00   3.2383259e-01   4.5191011e-01  -5.3095031e-01  -3.3917497e-01
  -2.7752706e+00  -8.2500848e+00   4.9782812e+00  -1.2467506e+01   1.4315210e+01   9.6055289e+00   5.0160510e+00   1.2078341e+00   5.7564314e+00  -1.2129798e+00  -9.0587845e-01  -8.9619466e-02   6.1913979e-01   4.1667104e+00   2.5664528e+00  -1.3230134e-01  -2.2195961e+00   6.1486285e+00  -2.3211397e+00  -4.6614759e-01  -2.0608428e-01  -1.1059610e+00   7.2154387e-02  -5.1726952e-01
  -7.3923595e-01  -5.2533630e+00   5.2886076e+00  -9.7675209e+00   1.4370632e+01   5.1243625e+00   2.7573173e+00   5.7765472e+00   6.2423159e+00  -1.8399140e+00  -5.6845291e-01   8.3322281e-02   1.0836127e+00   3.3320370e+00   9.3384889e-01  -4.4772863e+00  -1.7932916e-01   3.0386471e+00  -2.6542599e+00  -5.7367266e-01   6.4211420e-01  -2.2143713e+00   3.1924314e-01  -1.2824960e-01
  -1.2300383e+00  -3.8849610e+00   2.2726956e+00  -1.6124965e+01   1.1255012e+01   1.0900806e+01   3.3702569e+00   4.8762967e-01   5.6445366e+00  -1.8564261e+00  -1.4275907e-01  -1.1369703e-01   2.4012736e+00   4.2854749e+00  -4.4507010e-01  -5.8021038e+00  -1.2136007e+00  -3.1226615e+00  -6.2217196e-01  -6.9531983e-01   1.0788398e+00  -9.6134685e-01  -2.8983625e-02   2.0437207e-01
  -9.1013651e-01  -5.2169156e+00   3.8406144e+00  -1.6045046e+01   1.2544093e+01   8.1042390e+00   3.6523387e+00   1.7252131e+00   7.3007397e+00  -2.9729517e+00  -7.0790348e-01   1.5170374e-01   2.3719117e+00   3.1253384e+00   2.3114458e+00  -5.8095843e+00  -1.2775405e+00  -1.0934276e+00   1.4689087e+00  -1.1936768e+00   1.0475971e+00   5.7474754e-01  -7.7693609e-01  -1.0275703e-01
   9.1209006e-01  -1.8400961e+00   5.0346726e+00  -1.8031899e+01   1.3408079e+01   3.4315984e+00   3.6352823e+00   2.1905214e+00   6.8454792e+00  -2.0884813e+00  -8.7962860e-01   1.8274790e-01   2.4447899e+00   1.8072592e+00   2.9839812e+00  -2.6988364e-01   5.0896071e-01  -5.7732679e+00   1.9936722e+00   2.5560966e-01  -1.1119521e+00   6.2941795e-01  -1.0428184e+00   4.8705628e-02
   1.7475675e+00  -1.5877878e+00   7.3747878e+00  -1.7528430e+01   1.1377788e+01   7.2188251e+00   4.8281676e+00   3.1345861e+00   7.2132402e+00  -8.6176506e-01  -1.3654223e+00  -2.1903572e-01   9.0731176e-01  -6.1449573e-03  -1.0158426e+00   1.6273713e+00  -6.8077163e-01  -5.1666431e+00   2.3196440e+00  -1.3885675e+00  -3.5617995e+00  -2.8603504e-01  -6.3550886e-01   3.6847340e-02
   1.1082945e+00  -2.9886361e+00   4.9815806e+00  -1.5788099e+01   1.2601606e+01   2.6836115e+00   5.7728508e+00   1.6635768e-01   4.0203582e+00  -1.9678925e+00  -1.3782273e+00   1.4473115e-01  -3.7880776e-01  -2.0559865e+00  -2.7491180e+00   7.7323220e+00   2.5300020e+00  -2.3087159e+00   2.7825329e+00  -2.2552849e+00  -1.0987787e+00  -1.1582014e+00   1.3603622e-01   1.2521081e-01
   3.5272890e-01  -4.6518631e+00   2.3433964e+00  -1.4725890e+01   1.1926172e+01   7.2826785e-01   6.0630204e+00   6.5444372e-01   3.3706009e+00  -3.4622987e+00  -1.4118674e+00   2.2598313e-01  -1.6986189e+00  -2.8352711e+00  -4.2945772e+00   1.0593482e+01   7.6107502e+00  -2.6488658e+00  -3.3228277e-01  -1.6799751e+00   9.9835587e-01  -1.3486609e+00   1.4533902e+00   2.6825131e-01
   1.0412977e+00  -3.3920382e+00   3.4266913e+00  -7.8346867e+00   1.6928889e+01   3.2138031e+00   7.1916553e+00   4.7665228e-02   7.1186308e+00  -2.5255166e+00  -6.5235170e-01   1.4805469e-01  -2.9209820e+00  -2.5725745e+00  -6.8311328e-01   1.0755545e+01   6.9908629e+00  -2.7386492e+00  -2.3670112e+00  -1.3532752e+00   1.6423172e+00   7.4051474e-01   1.9001527e+00   4.7263890e-02
  -7.6686241e-01  -5.6389933e+00   1.7103666e+00  -5.6149124e+00   2.0630271e+01   2.9804305e+00   3.6203413e+00   6.7396959e-01   7.1616377e+00  -2.6059443e+00   4.5172513e-01   1.8167947e-01  -4.0040141e+00  -2.7743620e+00   2.3479103e+00   9.5310534e+00   3.2200817e+00  -3.2707802e+00  -3.1195576e+00  -2.0135705e+00  -2.8142770e-01   2.5161423e+00   1.6908513e+00   3.2217408e-01
  -2.7133829e+00  -6.3539327e+00   4.2734257e+00  -4.2102703e+00   1.8735850e+01  -2.5504436e+00   3.4436736e+00  -1.8733180e+00   4.5883156e+00  -1.2852975e+00   5.4020540e-01   2.3777881e-01  -3.4123057e+00  -3.6636022e+00   1.1918421e+00   4.5651787e+00  -4.8776328e+00  -7.7096582e+00  -4.4805077e+00  -4.7171856e-01  -4.4315751e-01   3.8651787e+00   1.5267085e+00   4.5411405e-01
  -3.7759520e+00  -7.3324589e+00   5.4418946e+00  -2.2415178e+00   1.5852814e+01  -1.2957791e+00   3.2576749e+00  -1.4054204e+00   4.2136170e+00  -3.0819467e-01   5.2813091e-01   6.6438219e-01  -1.2544351e+00  -2.1097743e+00   8.0849476e-01   1.7552008e-01  -6.8092627e+00  -9.7528417e+00  -1.8547845e+00   1.7687237e+00   6.7865444e-01   4.0596651e+00   1.6252983e+00   3.2789644e-01
  -2.5726161e+00  -8.0407088e+00   3.3486904e+00  -2.6736160e+00   1.2001169e+01  -6.2125795e+00   6.5222684e-01   3.7978236e-01   7.9279049e+00   2.1233767e+00   1.5995081e+00   5.8787441e-01   3.1805247e-01  -2.6847490e+00  -3.8914740e+00  -3.7161808e+00  -4.7757157e+00  -6.1674845e+00  -3.0269452e+00   3.3987421e+00   8.7236479e-01   1.4148475e+00   1.1550968e+00  -3.4422286e-01
  -2.7188984e+00  -7.9602667e+00   3.3854763e+00  -6.1199595e+00   1.3783718e+01  -9.8177642e+00   2.2338879e+00   2.2005050e+00   6.5098247e+00   1.7792162e+00   2.3600212e+00   4.9847633e-01   1.1797238e+00  -3.6607945e+00  -5.7601929e+00  -3.4512154e+00  -1.8857991e+00  -6.3972987e+00  -2.5882093e+00   1.5769596e+00  -1.8776249e-01  -1.5919916e-01   2.1750229e-01  -6.4234976e-01
  -2.7648309e+00  -1.0067152e+01  -5.3557619e-01  -7.8453207e+00   1.2606825e+01  -7.5406778e+00  -5.8485075e-01   1.4218324e+00   4.7487589e+00  -2.0673164e-01   1.3569055e+00  -1.9560255e-01   8.6576677e-01  -3.7008109e+00  -3.9980466e+00  -2.1288830e+00   1.8991425e+00  -1.9976060e-01  -1.7218098e+00   1.6036393e+00  -3.1741772e-01  -1.6604208e+00  -6.6104491e-01  -3.7529290e-01
  -1.9102588e+00  -1.1810429e+01  -1.2562615e+00  -4.8324886e+00   1.2721287e+01  -1.0227678e+01  -6.1002378e-03   4.3899399e-01   5.5215463e+00   6.1806075e-01   9.7568566e-01   9.2596036e-02   7.9021465e-01  -3.0052621e+00  -4.0996445e+00  -1.3971798e+00   2.2970986e+00   2.6920023e+00  -5.2174868e-01   1.0287268e+00   1.2772338e+00  -3.6044863e-01  -1.0670870e+00   4.1584077e-02
  -1.6782857e+00  -1.1666844e+01  -3.2751057e-01  -6.5106760e+00   1.5381098e+01  -6.3072635e+00  -8.1049383e-01   3.6659968e+00   7.9459175e+00   2.1332321e-01   1.3001085e+00   2.2787520e-01   1.1257473e+00  -2.4178060e-01  -1.2826465e+00  -1.5817122e+00   3.0833138e+00   1.1713757e+00   2.0928822e+00   1.1939402e-01   7.9500525e-01   2.9220872e-01  -3.8874550e-01   4.9135646e-01
  -2.0768491e+00  -1.1668314e+01  -2.8680232e+00  -8.8830516e+00   1.5842229e+01  -6.3964678e+00   1.5640864e+00   2.6215130e+00   6.8270961e+00   1.0285158e+00   7.8778919e-01   3.4911357e-01   7.8047411e-01  -2.0196492e-02  -1.9843372e+00  -1.5453187e+00   3.5902762e+00   5.9456007e-01   3.8577123e+00  -3.0569566e+00  -3.4667488e-01   1.0756473e-02  -5.8448414e-01   2.0455424e-01
  -9.9291482e-01  -1.0500881e+01  -1.6536651e+00  -8.1926076e+00   1.5671325e+01  -7.6992193e+00   1.7693793e+00   5.0966393e-01   5.2884918e+00   2.6353904e-02   8.6773546e-01   4.1317338e-01   3.3370112e-02  -2.9257121e-01  -2.0382845e+00  -4.7906793e-01   9.4908078e-01  -1.5756077e+00   2.0203446e+00  -5.2100454e+00  -1.4651185e+00   2.1782429e-01  -1.1508292e+00   5.1897507e-03
  -1.0822331e+00  -1.2423705e+01  -3.5696900e+00  -6.3095009e+00   1.7961588e+01  -8.6398599e+00   4.4905317e+00  -2.5682744e+00   6.3302468e+00   7.2768012e-01   3.1514597e-01   3.0677830e-01  -7.1013882e-01   5.4497695e-01   1.3273588e+00   9.8332214e-02   1.1576129e+00   2.6492591e-01  -1.7155085e+00  -2.8657173e+00  -4.5125470e-01   6.0557733e-04  -3.6465205e-01  -1.2772492e-01
  -2.1255385e+00  -1.1728005e+01  -3.0341039e+00  -8.5160532e+00   1.5745039e+01  -7.5489790e+00   7.5680043e-01  -1.5541776e+00   5.9966644e+00   6.9047749e-01  -1.8981365e-01   2.5682746e-01  -1.6598274e+00   1.0677198e+00  -2.4322744e-01  -2.3022530e+00  -2.2206361e+00   1.0300266e+00  -2.8700756e+00  -1.0559989e-01   5.2291120e-01   1.0388830e+00   3.8979589e-01  -4.4880304e-01
  -2.5757454e+00  -1.0237286e+01  -1.8676560e-01  -8.5738304e+00   1.7541791e+01  -6.0741991e+00  -5.0288693e-01  -6.4514216e-01   5.7961278e+00   6.9736239e-01   7.6958567e-01   2.3569915e-01  -4.8850961e-01   1.4371447e+00  -1.4988162e+00  -3.7463599e+00  -4.8102062e+00   1.8525449e+00  -4.0672346e+00   1.2613048e+00   1.0127999e+00   4.4950203e-02   3.5597976e-01  -2.5614238e-01
  -2.7358998e+00  -9.9925106e+00  -3.7099684e+00  -1.0513822e+01   1.2550269e+01  -7.4370099e+00  -3.9024915e-02  -6.1030204e-01   6.3399181e+00   1.5998372e+00   1.2252094e+00  -2.2449161e-01   1.3853063e+00   1.5569330e+00  -3.4585695e+00  -1.0025687e+00  -2.1668591e+00   2.9273649e+00   2.1665300e-01   1.1156783e+00   4.6885686e-01  -7.3664428e-01   5.7123801e-01   1.6063011e-01
  -1.5098169e+00  -1.1135736e+01  -5.4799820e+00  -1.0930156e+01   1.2343664e+01  -5.9170271e+00  -1.2124076e+00  -1.1482551e+00   7.6778197e+00   3.4042555e-01   1.4160407e-01   1.6322426e-01   1.7976900e+00   6.4726583e-01  -3.7608054e+00  -1.8070808e-01  -1.7929560e+00   2.2160070e+00   2.1778122e+00   7.8656452e-01  -7.0807944e-01  -2.5481404e+00  -4.0138656e-02   5.2388351e-01
  -5.8054339e-01  -8.9433811e+00  -5.5753500e+00  -8.8417433e+00   1.5093814e+01  -3.2365176e+00   1.4365403e+00   3.7089630e-01   5.7591037e+00  -2.3602051e-01   9.8103417e-01   5.3401006e-01   1.8951352e+00   5.5136746e-01   2.0703222e-01  -1.4845050e+00  -1.7695543e+00   2.1623742e+00   1.3012495e+00   6.2525443e-01  -2.5571380e+00  -2.8873035e+00   1.3669506e-01   7.6839737e-01
  -9.5688859e-01  -9.7909523e+00  -4.8952829e+00  -9.6809321e+00   1.3580584e+01  -4.8504347e+00   2.0260488e+00   4.4105437e-02   5.0244158e+00  -2.2069193e+00   8.3146532e-01   6.4227359e-01   4.9498194e-01   1.7616919e+00   1.4212760e+00  -2.4163478e+00  -4.2992465e+00  -4.4811286e-01   3.3865638e+00   4.6785671e-01  -4.2546823e+00  -1.3437097e+00   1.5252022e-01   4.2212267e-02
  -1.6966116e-01  -9.8378510e+00  -3.6917697e+00  -1.3365192e+01   9.2774775e+00  -4.7267448e+00   2.9362115e-01  -2.6860065e-01   3.8309131e+00  -1.4574456e+00   1.0853214e+00   6.8857978e-01  -3.6980741e-01   1.0566516e+00   2.0228015e+00  -2.3882816e+00  -5.3611991e+00   2.4804769e-01   3.7430397e+00  -2.9012399e+00  -3.1448940e+00  -2.9294368e-01  -1.0860091e+00  -3.5076778e-01
  -9.7278511e-01  -8.0459627e+00  -4.2898583e+00  -1.2292954e+01   8.8029628e+00  -5.8440828e+00   4.4388977e+00  -1.2672153e-01   2.2598916e+00  -1.0644264e+00   3.1824077e-01   1.4925780e-01   3.5884327e-01   2.8991647e+00  -1.5557780e-03  -2.1741352e-02  -3.7433738e+00   3.0279707e+00   3.8721784e+00  -1.6720481e+00  -2.7218659e+00   1.1154256e-01  -1.7958549e+00  -3.4214954e-01
  -1.1273063e+00  -8.2308985e+00  -2.8438600e+00  -1.1118155e+01   9.4408264e+00  -2.3676220e+00   5.8446754e+00  -3.8955501e+00   2.4240249e+00  -1.2466825e+00  -3.9136715e-01   2.5436628e-01  -2.2943272e-01   2.3711379e+00  -3.1510500e+00   1.2646289e+00  -1.4881329e+00   2.5849477e+00   2.8572551e+00   1.6701410e+00  -2.1674820e+00  -4.1413754e-01  -1.7052383e+00  -1.3816883e-01
   6.0198867e-02  -6.2456815e+00  -5.3215714e+00  -1.0837063e+01   7.8838492e+00  -1.4880400e+00   5.0587892e+00  -6.5049196e-01   1.6450610e+00  -2.1449870e+00  -1.1239728e+00   3.4615602e-01   4.6130185e-01   1.9983794e+00  -2.2102951e+00  -1.2046094e+00  -7.4121216e-01  -1.1895099e+00   8.5459938e-02   2.4054994e+00  -2.0081320e+00  -1.1404903e+00  -2.0606895e-01   9.5949103e-02
  -1.0303022e+00  -7.1812848e+00  -7.9024882e+00  -1.2196194e+01   7.5048350e+00  -3.0273446e+00   4.2695581e+00   2.4984961e+00   8.8710540e-01  -1.5383716e+00  -7.5142932e-01   3.8287743e-01  -6.0318263e-01   2.4950146e+00   1.0369785e+00  -2.5633135e+00  -6.6368344e-01  -5.9579804e+00  -1.7232208e+00   2.0699300e+00  -1.7597114e+00  -9.3755806e-01   1.4303277e+00   2.1463173e-01
  -3.2933434e-01  -5.5732004e+00  -5.0759868e+00  -1.3560848e+01   8.6591403e+00  -7.2984863e+00   5.3546463e+00   2.8450456e-01   1.6153237e-02  -2.6293173e+00   1.8916843e-01   2.2892588e-01  -1.2645183e+00   1.5797269e+00   5.5408628e+00  -3.1432478e+00  -7.9869090e-01  -7.1073075e+00  -2.1509568e+00   1.4198712e+00   8.0782961e-01   8.3633819e-01   9.9298830e-01   6.5026398e-02
  -1.8373136e+00  -4.8246171e+00  -1.4111845e+00  -1.3601232e+01   8.0576557e+00  -8.3993695e+00   3.1119156e+00  -1.2581534e+00   5.9891168e-01  -2.4108544e+00   1.0975537e+00   6.3492894e-01  -1.0200778e-01   1.1813293e+00   6.1479953e+00  -1.2119207e+00  -3.4678382e+00  -4.6171710e+00  -2.3214743e+00   9.4985912e-01   2.6485499e+00   1.4798794e+00   3.6827307e-01  -1.0740843e-01
  -1.4330729e+00  -5.0544250e+00  -2.5592893e-01  -1.4849415e+01   6.4094025e+00  -9.4629888e+00   2.4111752e+00   3.3576396e+00   3.0009023e+00  -4.5423833e-01  -5.5898187e-01   3.1766986e-01   1.9141213e-01   1.0519350e+00   2.2148628e+00   2.2305371e+00  -1.7519694e+00  -7.7237907e-01  -1.0688258e+00   2.0894312e+00   1.9746902e+00   1.8164647e+00   1.6965429e-01  -1.9630534e-01
  -6.3144461e-01  -5.6686785e+00  -1.0905241e+00  -1.3369792e+01   3.4279466e+00  -8.8708499e+00   2.2590822e+00   2.3867172e+00   3.3675558e+00  -4.0609197e-01   1.7505543e-01   1.7739279e-01   4.8526400e-01   1.9475936e+00  -4.8053287e-01   5.4272360e+00   1.8596401e+00  -6.0614786e-01  -2.4003067e-01   8.4701516e-01   5.5745464e-01   3.9042269e-01   5.9140458e-01  -3.3880524e-01
  -6.4515064e-01  -3.5732672e+00  -1.9140228e+00  -1.0330763e+01   8.3460408e+00  -8.2213147e+00   4.1778243e+00   1.5962161e+00   1.5938665e+00  -9.0700144e-01   9.0489902e-01   1.6323596e-01  -2.0712836e-01   3.9535379e+00   1.0432780e+00   5.9774021e+00   3.2641441e+00  -1.3558737e+00   5.1635131e-01  -2.4346321e+00  -1.3245428e+00  -8.1545053e-01   1.3023234e+00   5.6191489e-03
  -1.5033787e+00  -2.6438056e+00  -1.3029369e+00  -7.7197045e+00   9.8787967e+00  -9.9294284e+00   1.8685450e+00   8.9308113e-01   2.1386116e+00  -1.5988388e+00   1.2527202e+00   2.0393804e-01  -1.9308523e+00   3.9079541e+00   4.6355167e+00   5.0795576e+00   4.0759683e+00  -1.2849846e+00   3.9784594e-01  -1.3714414e+00  -1.3472931e+00  -1.4975685e+00   6.5484142e-01   1.7647220e-02
  -1.3077984e+00  -6.3655464e-01   1.4151944e+00  -8.7083553e+00   8.0801935e+00  -1.0967510e+01   3.3809708e+00   4.5250950e-01   1.6285602e+00  -1.0810407e+00   8.5567083e-01   3.1282596e-01  -2.3150277e+00   2.5762252e+00   5.7556444e+00   2.3832484e+00   8.5230920e-03   2.4364215e+00  -2.8270155e-01   6.5862545e-02  -1.3822594e+00  -2.0071210e+00   7.8358885e-01   3.7766008e-02
  -3.1963992e+00  -1.2751036e+00   4.1981423e+00  -6.5616590e+00   9.6748226e+00  -9.4252290e+00   3.2542779e+00   9.0140851e-01   1.3292692e+00  -2.5654250e+00   1.1819317e+00   1.2906861e-01  -2.9361341e+00   1.3212312e+00   5.4051957e+00   2.6372574e+00  -1.7571803e+00   6.5443972e+00   2.1450214e+00   2.3447880e+00  -1.8573791e+00  -2.0230374e+00  -4.3858266e-01  -1.4938918e-01
  -3.2711819e+00  -3.9328046e-01   3.9689043e+00  -7.3349130e+00   8.4608125e+00  -4.8187821e+00   3.0609056e+00   1.6908462e+00  -7.4851420e-02  -3.4343899e+00   2.1156765e+00   2.5731968e-01  -3.0354740e+00  -3.5167158e-01   1.1105827e+00   4.7718503e+00  -1.0044812e+00   7.1987987e+00   2.4094340e+00   6.9455279e-01  -1.9439592e+00  -6.7320870e-01  -2.6329741e-01  -1.1347324e-01
  -4.9258882e+00  -7.8359590e-01   5.5280018e+00  -4.4505396e+00   7.0527168e+00  -3.1871966e+00   5.2461097e+00   3.7910948e+00   2.0424875e-01  -3.4567204e+00  -3.5156676e-02   7.6074056e-03  -1.5819223e+00   2.2397345e-01  -2.1236709e+00   3.4270873e+00  -1.0921685e+00   4.0015381e+00   2.7368301e+00  -5.0025446e+00  -9.4388241e-01   2.8798209e+00  -5.2520728e-01   2.2768599e-02
