  -8.2361168e+00  -2.0038238e+00  -2.2750159e+00  -9.1044824e-01  -3.6315565e-01  -4.9514734e+00  -5.2791532e+00   2.4224178e+00   2.5249019e+00   4.5548052e-01   2.4161432e-01   6.2559242e-01   1.7862648e+00  -1.1602001e+01  -3.5742125e+00   4.0063947e+00   2.5136367e+00   3.8248512e-01  -3.2665190e+00   1.8782174e+00   1.7638236e+00   1.5362558e+00   5.3570910e-01  -1.3309788e-01
  -8.0795341e+00  -5.3224679e+00  -3.6357022e+00   5.4571518e-01   3.3767713e-01  -1.0536532e+00  -9.4782037e-01   2.2425892e+00   1.6620334e+00   1.9906092e+00   1.5689775e+00   6.6961478e-01   4.1977395e-01  -1.3669911e+01  -1.0333531e+00   5.6113385e+00   4.0283459e+00   1.7767471e+00   1.3733534e+00   6.3578347e-01   1.1412018e+00   2.7519662e+00  -3.8827354e-02  -1.3190559e+00
  -7.0249644e+00  -1.0630835e+01  -1.1378966e+00   7.5434322e+00   1.3080132e+00  -1.9074502e+00  -5.7695558e+00   9.2718946e-01   2.0383790e+00   2.7615126e+00   1.1771864e+00  -4.1714777e-01  -7.4272976e-01  -1.0255939e+01   2.1037633e+00   4.8040799e+00   5.0355961e+00  -1.8866218e+00   9.2075011e-01  -1.1491505e-01   1.9486563e+00   1.9187006e+00  -3.6720308e-01  -1.4492346e+00
  -8.0205554e+00  -1.3717293e+01  -5.9288856e-01   6.6898307e+00   4.7554081e+00  -2.2547548e+00  -2.9438795e+00   2.7810138e+00   3.7033804e+00   3.7286575e+00   1.2836256e-01  -1.2768567e+00  -1.6040310e+00  -6.4943423e+00   2.4821109e+00   1.9035334e+00   5.0329868e+00  -4.5381137e+00  -2.0768887e+00   6.5321738e-01   3.4464942e+00   3.4202344e-01  -7.9524645e-01  -6.7960566e-01
  -9.3797008e+00  -1.3190320e+01  -6.4077777e-01   3.2236138e+00   4.9813730e+00  -7.1808554e+00  -2.8999985e+00   1.9808329e+00   4.4272128e+00   2.4645073e+00   4.1111719e-01  -5.7502370e-01  -1.8734977e+00  -1.2367416e+00   2.1257650e+00  -2.1257087e+00   4.3667065e+00  -2.2332481e+00  -1.3213212e+00   3.7622983e+00   1.0756571e+00  -1.8464942e+00  -1.5119464e+00  -1.1319794e-01
  -9.3082125e+00  -1.3784239e+01  -1.6109521e-01   5.5609245e+00   6.0504775e+00  -5.2241211e+00  -5.4979320e+00   2.6955935e+00   5.6373578e+00   2.6521470e+00   7.5914247e-01  -2.7085575e-01  -7.8508692e-01  -1.9279139e+00   1.2408010e+00  -2.4367579e+00   4.2360718e+00   1.0548468e+00  -3.8626126e+00   2.1319043e+00   9.1953312e-01  -2.3258014e+00  -3.9536488e-01   1.3434819e-01
  -9.1913824e+00  -1.2452474e+01   1.8348542e+00   4.9193223e+00   7.2105382e+00  -3.7726391e+00  -6.4745114e+00   6.6133471e+00   2.6848759e+00   5.3002651e-01  -1.4061232e+00  -1.0899452e+00   9.1260394e-02  -5.0106153e+00   3.6066617e+00   9.4071084e-01   3.2136549e+00   1.3117493e+00  -2.2566023e+00  -3.2709598e-01  -9.6384927e-02  -1.9819900e+00  -1.7989530e-01  -2.8615712e-01
  -9.2923450e+00  -1.6978086e+01   3.0496948e-02   2.1868396e+00   9.9949331e+00  -2.3765927e+00  -6.9505419e+00   3.6626131e+00   5.9538485e+00   1.2071958e+00   4.4393542e-01  -8.1787371e-01  -5.1511837e-01  -4.9826088e+00   3.3723848e+00  -2.2980496e+00   2.6748583e+00  -6.4932787e-01   1.6035546e+00  -2.0226689e+00  -1.7927349e+00  -8.5723574e-01   3.5714764e-01  -8.6759516e-02
  -9.2507440e+00  -1.9109319e+01   4.6734187e+00   6.3217225e+00   7.8296275e+00  -6.6369957e+00  -5.5585970e+00   1.0066791e+00   4.1243900e+00   2.1399790e-01   2.9887776e-01  -7.3075040e-01  -3.0495871e+00  -2.9166087e+00   1.3206445e+00  -5.5463798e-01   3.1441659e+00   6.0625619e-01   1.3565445e+00  -5.6128018e+00   6.4553867e-01   6.7723586e-01   1.4831282e+00   1.7091261e-01
  -1.0051209e+01  -1.7929730e+01   3.4781997e+00   1.4126500e+00   9.7532203e+00  -4.7659346e+00  -3.5505574e+00   2.4649242e+00   2.2284983e+00   1.5243077e+00   4.4236346e-01  -5.8059241e-01  -5.2152522e+00  -2.2748654e+00  -9.5506816e-01   2.3961435e+00   1.2721825e+00  -7.4101438e-01  -1.4122572e-01  -3.0628285e+00   6.5480976e-01   2.9301396e-01   1.3681918e+00   2.2809844e-01
  -1.3386331e+01  -1.6351565e+01   2.0919696e+00   4.4744602e+00   1.2047643e+01  -1.6685838e+00  -6.1396870e+00  -1.2070111e+00   5.5158590e+00   1.3873243e+00   8.1935515e-01  -9.5221691e-01  -5.4373361e+00  -2.7758378e+00  -3.7362500e+00   8.8586381e-01  -8.3591413e-01  -9.1643549e-01  -3.1569789e+00  -2.8531589e+00   2.0363882e+00  -1.4409671e-01   1.4228784e+00   1.8300211e-01
  -1.5047430e+01  -2.1769261e+01  -1.1138074e-01   6.7046860e+00   9.7941988e+00  -5.9723202e+00  -6.8718356e+00   1.7521543e-01   6.2403287e+00   1.0600535e+00   2.2359844e+00  -3.6499280e-01  -4.3769186e+00  -3.4908438e+00  -3.3057737e+00   8.2925975e-02  -4.6688717e+00  -3.0692437e+00  -3.2200523e+00  -4.1922561e+00  -8.9394708e-01  -1.2509674e+00   2.0175941e-01   1.4859123e-02
  -1.4908638e+01  -2.1353310e+01   8.6383388e-01   5.0045002e+00   6.5552671e+00  -7.4084562e+00  -8.6334263e+00  -2.1282049e+00   5.1730572e+00   2.2997994e-01   1.5363849e+00  -5.6404704e-01  -1.8546456e+00  -1.8004161e+00  -2.8863648e-01  -2.5059365e+00  -2.9224534e+00   1.4183987e-01  -7.2205655e-01  -2.9230786e+00  -5.2748198e+00  -7.5092542e-01  -7.6963121e-01  -7.7530358e-02
  -1.5855434e+01  -2.0665123e+01  -8.6639300e-01   1.2720190e+00   5.4961009e+00  -6.4998640e+00  -7.1337662e+00  -3.3628631e+00   1.0589786e+00   2.2652877e-01   3.8648768e-01  -7.5238866e-01  -1.1308890e+00   2.2845008e+00   3.1408972e+00  -8.6139329e-01   4.9181004e+00   6.2475500e+00   2.7713418e+00  -4.3281463e+00  -3.1396402e+00  -1.3465840e-01  -5.5140560e-01  -5.8048252e-01
  -1.5764297e+01  -1.9604258e+01   2.0365210e+00   3.4318890e+00   9.8130123e+00  -1.1920521e+00  -7.0918065e+00  -3.8225898e+00   1.9430425e-01   6.7769860e-01   5.8965672e-01  -8.7481451e-01  -8.3320797e-01   3.8082279e+00   4.2064490e+00   3.3211259e+00   6.0871243e+00   3.8603854e+00   3.7008994e+00  -1.6072989e+00   2.6169239e+00   3.1312885e-01   1.3362369e+00  -2.6736144e-01
  -1.6315934e+01  -1.9217036e+01   4.0136214e+00   6.1989017e+00   1.5542477e+01   2.9080276e-01  -3.4856328e+00  -5.4698117e+00   4.0202449e+00   6.3420659e-01   1.8822401e+00  -1.0803328e+00  -2.2064870e-01   3.7126071e+00   3.2671176e+00   7.1920225e+00   2.2218505e+00  -1.2899023e+00   2.6657907e+00  -7.5100537e-01   7.4679561e+00   1.3918272e+00   2.2287371e+00  -2.6722413e-03
  -1.5928200e+01  -1.6365012e+01   4.7335002e+00   7.5227477e+00   1.0662765e+01  -5.0132114e+00  -4.9061438e+00  -3.4856789e+00   7.6178099e+00   4.9583430e-01   2.7928641e+00  -8.0111711e-01  -1.1300961e+00   8.6145369e-01  -2.6601138e+00   9.0373478e-01  -5.7892213e+00  -3.5305930e+00   2.8042233e+00   2.4870764e+00   7.8745157e+00   2.7798938e+00   1.8242902e+00   5.9928213e-01
  -1.6104456e+01  -1.6715836e+01   2.6857938e+00   1.0014623e+01   8.4040001e+00  -6.5241379e+00  -4.2279115e+00  -4.6578266e+00   8.5491600e+00   2.4052017e+00   2.6279896e+00  -7.9324572e-01  -2.0803060e+00   2.0704689e-01  -3.9583933e+00  -2.1545905e+00  -5.7648418e+00   1.6062046e+00   1.7139291e+00   3.6077605e+00   6.3283329e-01   1.0534050e+00  -2.7956483e-01   6.5372367e-01
  -1.7565181e+01  -1.9562678e+01  -1.2897358e+00   2.8796303e+00   4.6984187e+00  -3.0804713e+00  -2.5143322e+00  -4.9796773e-01   9.7416203e+00   3.9620417e+00   2.9532173e+00  -1.1943488e-01  -3.2056318e+00  -2.0881066e+00  -2.7420186e+00  -3.5084531e+00  -1.1075625e+00   3.6512201e+00   8.9074069e-01   2.8918252e+00  -4.2075034e+00  -9.1669175e-01  -1.7101657e+00   2.1835629e-01
  -1.8617902e+01  -1.7307632e+01   1.0876495e+00   5.2885746e+00   9.8773876e+00   1.7337395e+00  -2.1106450e+00  -1.5520266e+00   3.9075896e+00   4.8121036e-01   1.3827163e+00  -4.4058845e-01  -2.6675846e+00  -2.5555956e+00  -3.2362563e-01  -2.6590646e+00   1.8183769e+00   1.0574961e+00   1.7943704e-01   2.3206617e+00  -5.8391145e+00  -2.9635638e+00  -1.5983156e+00  -3.3984296e-01
  -1.9479924e+01  -1.9201274e+01   1.4195444e+00   4.6230924e+00   8.2647279e+00  -3.6653200e+00  -4.6286660e+00  -7.0084114e-01   3.6273400e+00   8.2792345e-02   8.5025216e-01  -6.4991131e-01  -1.3698474e+00  -1.1911552e+00   1.6788787e+00   1.8983790e+00   2.7988478e+00  -2.7427361e+00  -1.6747194e+00  -3.2560616e+00  -4.5019301e+00  -1.4131862e+00  -6.5146152e-01  -6.7193869e-01
  -1.9148461e+01  -2.0729931e+01   8.4571518e-01   5.1542954e+00   9.3484108e+00  -4.6454694e+00  -2.9015890e+00  -1.0753974e+00   2.8476284e+00  -1.0051937e-01   1.2819988e+00  -1.0377719e+00  -2.2604205e-01  -1.7115440e+00  -1.5719970e+00  -1.1886711e+00   2.6394044e-01  -5.4926033e+00  -1.9040094e+00  -2.5090211e+00  -9.8082601e-01   5.3383941e-01   5.8147473e-02  -4.1328015e-01
  -1.9354673e+01  -1.9638261e+01   1.3495493e+00   5.7943383e+00   9.1611789e+00  -4.0049710e+00  -4.6309392e+00  -5.6203747e+00   3.5187057e+00   2.1331273e+00   2.0263837e+00  -8.2875117e-01   2.5895574e-01   1.0015986e-01  -3.6147032e-01  -1.9485389e+00   2.4439415e-01  -8.5528712e-02  -1.5782533e+00  -2.4582537e+00  -1.1356725e+00  -1.3223457e+00  -3.3172903e-01   9.1867346e-02
  -1.9019591e+01  -1.9656455e+01  -1.2353484e+00   2.9199450e+00   9.8250728e+00  -6.3353399e+00  -4.9655225e+00  -2.8557915e+00   2.4906677e+00   2.5680200e-01   8.8187169e-01  -9.7108874e-01  -3.4442477e-01   1.8501919e+00   2.2837437e+00  -6.3169465e-01   2.1839295e+00   1.0678959e+00  -4.4025691e+00  -3.6653645e+00  -1.7110499e-01  -2.1487842e+00  -1.1850732e+00   3.6906278e-01
  -1.9155925e+01  -1.9587772e+01   1.9178707e+00   2.8174593e+00   8.3929881e+00  -2.9486778e+00  -5.9640792e+00  -3.4980247e+00   2.1023117e+00  -2.0793869e+00   5.5272220e-01  -5.4545189e-01  -3.4434910e-01   1.3706171e+00   1.6705593e+00   3.3197902e-01   2.0440732e+00  -7.1977725e-01  -1.7715985e+00   6.0513652e-01  -1.5205750e-01  -3.5175416e+00  -1.0229275e+00   1.4005427e-01
  -1.9764471e+01  -1.7979888e+01   3.9871700e+00   5.6951929e+00   1.3008400e+01  -3.5717721e+00  -8.8388727e+00  -7.6346192e+00   3.2991679e+00  -1.2174386e+00   2.4121981e-01  -6.2582741e-01  -5.9305241e-01   1.1676449e+00   2.9426702e+00   1.2265688e+00  -4.4534631e-01  -3.8845258e+00   6.5009623e-01   8.5378393e-01   6.5058602e-01  -1.8741866e-01   5.4002780e-01  -1.0119670e-01
  -1.9498756e+01  -1.8420619e+01   1.2441290e+00   4.9046828e+00   1.0635625e+01  -6.4664208e+00  -5.3516619e+00  -2.3232561e+00   2.8863694e+00  -2.4060649e+00   8.1231838e-01  -7.9130042e-01  -7.0301858e-01   6.6766841e-01   2.5597873e+00   2.2136769e+00  -8.5158321e-01  -5.3772846e+00   5.3795391e+00   2.5873871e+00   1.8948447e-01   1.3256701e+00   1.7159455e+00  -3.2815232e-03
  -1.9737754e+01  -1.8488564e+01   3.5155278e+00   3.7161864e+00   8.0357349e+00  -1.0403257e+01  -4.2965868e+00  -2.1624999e+00   3.0745179e+00   1.3901298e-01   1.5621153e+00  -9.9995953e-01  -8.0336943e-01  -9.3735240e-01   2.3610994e+00   5.8814265e+00  -2.0375447e+00  -1.1918256e+00   8.4768054e+00   3.5902355e+00   9.7827913e-03   6.6307281e-01   1.7207522e+00   1.6942148e-01
  -2.0223812e+01  -1.8331932e+01   5.9933728e+00   7.1274779e+00   9.6019460e+00  -7.5988622e+00  -1.6591347e-01  -2.3530037e+00   2.4988634e+00  -7.6910760e-01   2.4661926e+00  -3.6330812e-01  -1.5990781e+00  -2.8778142e+00   1.8952125e+00   6.2825744e+00  -1.5636623e+00   2.7699869e+00   5.3927178e+00   6.9966136e-01   1.1275619e+00   1.0440015e-01   1.2221135e+00   4.5161505e-01
  -2.0606998e+01  -1.9430260e+01   5.1541972e+00   1.3405935e+01   1.0468923e+01  -4.7932897e+00   1.2834612e+00  -2.2343922e+00   3.5075951e+00  -1.0413080e+00   1.9954109e+00  -5.8569134e-01  -1.9815550e+00  -4.3377647e+00  -2.6512474e+00   1.5481250e+00  -4.1400845e-01   4.1515993e+00   7.4149382e-01   9.9799730e-01   4.3544376e+00   1.9589660e-01   1.0442287e+00   5.7790951e-01
  -2.1462752e+01  -2.2266492e+01   3.2676131e+00   9.4836700e+00   7.0735375e+00  -5.1164241e+00  -5.2609214e-02  -1.2378179e+00   4.3611736e+00  -1.6593042e+00   2.4288408e+00  -3.2101194e-01  -1.3447753e+00  -4.0824468e+00  -5.4832113e+00  -6.2982497e-01  -1.1362118e+00   8.3269370e-01  -4.2352499e+00  -1.3796565e-01   6.1919881e+00   2.0202760e+00  -9.0413338e-02  -2.0420100e-01
  -2.2090617e+01  -2.3027931e+01   9.0153646e-01   4.8602779e+00   8.6789265e+00  -5.4170772e+00  -3.2409982e+00  -1.2230969e+00   8.6750192e+00   8.7795617e-01   3.1471343e+00  -1.5424335e-01  -1.2555940e+00  -2.9245793e+00  -5.5809554e+00  -4.3109665e+00  -1.9039389e+00  -8.4304155e-01  -4.6428104e+00   3.8763221e-03   3.3041582e+00   3.1668088e+00  -2.6867195e-01  -6.2314255e-01
  -2.1499165e+01  -2.2656766e+01  -1.0511375e-01   1.0455569e+01   8.7926265e+00  -6.0379279e+00  -4.2565585e+00  -3.0655999e+00   9.2031335e+00   1.3016743e+00   1.7547110e+00  -8.8533361e-01  -6.9141877e-01  -1.4119814e+00  -3.1038545e+00  -2.8944020e+00  -7.9533672e-01  -4.8380115e-01  -9.2338985e-02  -1.7276991e+00  -1.6945632e+00   1.3090403e+00  -1.0289063e+00  -9.8073224e-01
  -2.2472182e+01  -2.3621992e+01  -1.5308726e+00   6.4535360e+00   6.7534699e+00  -5.5971002e+00  -3.5787797e+00  -1.3146867e+00   6.0428525e+00   2.2284159e+00   1.9294679e+00  -1.2382443e+00   2.6184717e-01  -8.7461808e-01   6.0484481e-01  -2.3689860e+00  -2.2333067e+00   1.2433376e+00   3.8624605e+00  -3.9272570e+00  -3.2491948e+00  -1.3327147e+00  -1.3624070e+00  -5.8400293e-01
  -2.2309097e+01  -2.4087433e+01  -1.7196414e-01   4.3454380e+00   6.8432607e+00  -5.7521143e+00  -2.2226945e-02  -3.7835716e+00   3.1354122e+00  -3.7097366e-01   1.4943145e+00  -1.2501098e+00   1.0591044e-01   1.4854336e+00   4.7643145e+00  -3.4563685e+00   1.1930164e+00   2.3509306e+00   3.1605322e+00  -5.0855233e-01  -1.1880607e+00  -1.2104165e+00  -4.9707105e-01   2.9643066e-01
  -2.1292880e+01  -2.3624524e+01   1.8422289e+00   4.3618644e+00   6.3036494e+00  -3.6949776e+00   4.3552681e-01  -6.7549965e+00   6.8350877e+00  -2.8479185e-01   1.2337220e+00  -8.4785964e-01  -1.5739413e-01   1.3380284e+00   4.8611221e+00   1.8108254e-01   5.1074019e+00   4.4140244e+00   1.6727068e+00   8.1941922e-01   2.7316050e+00   5.0335298e-02  -3.0742151e-01   9.6788941e-01
  -2.1929950e+01  -2.0427350e+01   5.3548073e+00   6.3168521e+00   1.0807061e+01  -3.4625932e+00  -1.5229135e+00  -1.1082735e+00   7.0249249e+00   7.4265343e-01   1.3569773e+00  -6.3587997e-01  -1.0900648e+00   3.9130868e+00   3.5741389e+00  -1.1873903e-01   3.1366866e+00   3.2230270e+00  -3.0084849e+00   1.1188937e+00   2.7900642e+00   1.3287854e+00  -8.4822490e-02   7.8945529e-01
  -2.2897847e+01  -2.3444991e+01   2.9974249e+00   5.7394527e+00   1.2432672e+01  -1.2082417e-01  -3.1937622e-01  -1.4232069e+00   8.1955037e+00   1.7471053e+00   1.5370042e+00  -9.3525156e-02  -1.6791654e+00   3.7863999e+00   2.3776096e+00  -3.2596808e-01   2.0879005e+00  -4.2396827e-01  -6.9888802e+00   2.8740036e-01  -1.3172566e+00  -1.0809989e+00  -6.6527941e-01   1.2771459e-01
  -2.3141711e+01  -1.8307570e+01   4.6116462e+00   3.4785353e+00   8.4837791e+00  -2.7046505e+00  -4.1575028e+00  -4.7711257e+00   6.6403005e+00   6.0625592e-01   1.2154397e+00  -4.4309412e-01   4.6288293e-01   2.2707598e+00  -4.7782912e-01  -6.8190295e-01  -1.4697779e-01  -3.6509121e+00  -8.9740105e+00  -2.3502320e+00  -2.1477769e+00  -2.4845264e+00  -1.0452948e+00  -7.9359737e-01
  -2.3205748e+01  -1.9004814e+01   5.7802238e+00   5.2920707e+00   1.0597141e+01  -4.7099014e+00  -8.7304988e+00  -4.4924698e+00   5.0515150e+00  -1.8380915e+00   3.0657174e-01  -7.5268068e-01   1.3454040e+00   2.2185000e+00   5.8618431e-01   1.4815397e+00  -5.6684547e-01  -5.7049665e+00  -8.3499917e+00  -1.2240613e+00  -3.0326606e+00  -1.7254128e+00   1.7187835e-01  -7.8162752e-01
  -2.1081675e+01  -1.9241298e+01   3.2466642e+00   5.5176887e+00   1.1504360e+01  -6.6444227e+00  -1.0778368e+01  -3.0989900e+00   5.3752539e+00  -1.1915377e+00   4.0425135e-01  -1.4966983e+00   1.7200378e-01  -2.8335847e+00  -1.1882482e+00   3.8677323e+00   5.0434273e-01  -3.6303436e+00  -3.2084344e+00   6.8951470e-01  -1.3932563e+00   1.3863700e-01   6.6082054e-01   4.3473357e-02
  -2.1909759e+01  -1.9650377e+01   4.5591924e+00   6.9421856e+00   1.0072114e+01  -6.7083878e+00  -9.5339312e+00  -4.0953667e+00   4.2790361e+00   5.7882864e-02   2.2004159e+00  -7.3916437e-01  -1.1944313e+00  -3.8954902e+00  -2.3822388e+00   3.1980462e+00  -2.6757547e+00   2.4630231e+00   5.3600981e+00   1.0118971e+00   1.0768100e+00   1.7276569e+00   7.6663584e-01   2.7259521e-01
  -2.3531700e+01  -2.2235166e+01   3.4397896e+00   8.4550763e+00   9.5028070e+00  -7.1509227e+00  -8.5684382e+00  -3.9354052e+00   4.9366555e+00  -1.3377576e-01   1.2597484e+00  -3.8464224e-01  -1.6339649e+00  -3.4102947e+00  -3.0570674e+00   4.9485319e-01  -1.9977658e+00   1.9525302e+00   5.5315116e+00  -7.8577744e-01  -1.8376595e-01   8.6944839e-01   2.2200630e-01   2.1667964e-01
  -2.3772383e+01  -2.3351116e+01   2.1103029e+00   8.6204462e+00   7.5842859e+00  -7.6211677e-01  -1.7953166e+00  -2.5564166e+00   6.8860292e+00   2.2451279e-01   1.0287770e+00  -8.9981587e-01   2.7006744e-01  -1.5954386e+00  -5.0268265e+00  -3.0512287e+00  -2.1040887e-01  -1.4071132e+00   1.9609464e+00   7.9625428e-01   2.3410648e-01  -2.2789582e-01  -9.5915392e-01  -3.7651772e-01
  -2.2601311e+01  -2.2506371e+01  -1.1449215e-01   5.4208382e+00   9.7516253e+00  -6.6887629e+00  -6.3504078e+00  -5.0471312e+00   3.7961084e+00   2.9319895e-02   1.3230803e+00  -1.0913531e+00   1.5318155e+00   1.4237828e+00  -2.7104545e+00  -5.9465803e-01   1.0652373e+00  -4.6498994e-01   1.8040850e+00   2.5274016e+00  -1.2038341e+00  -1.4867548e+00   4.2850346e-01  -5.4820530e-01
  -2.1969852e+01  -2.1907932e+01  -1.2039065e+00   3.8824615e+00   9.6320912e+00  -9.0501375e+00  -7.7015267e+00  -2.3451223e+00   5.2004693e+00  -3.6550870e-01   7.3001912e-01  -9.5058555e-01   1.0789685e-01   2.1019489e+00   1.4440113e+00   3.7614791e+00   3.3128827e+00   1.0660593e+00   1.7490617e+00   1.7502310e+00  -2.6300617e+00  -2.9144144e+00   9.0391404e-01  -3.9171040e-01
  -2.2135242e+01  -2.0821083e+01   1.0312126e+00   9.9320816e+00   1.0076760e+01  -3.7043972e+00  -2.9092056e+00  -2.4995006e-01   3.9736843e+00  -2.0688973e+00   2.0518825e+00  -1.1815653e+00  -1.7723639e+00   9.3852813e-02   3.3243391e+00   4.7589917e+00  -3.4517245e-01   4.4064706e+00   4.5270307e+00   1.2149145e+00   1.1899795e+00  -1.0515597e+00   3.0152525e-01   2.0688061e-01
  -2.3843572e+01  -2.1040836e+01   3.7034675e+00   1.2007043e+01   1.2391042e+01  -6.5521073e-01  -8.9232520e-01  -2.3296606e+00   2.8521486e+00  -3.0980002e+00   2.0202469e+00  -1.4422753e+00  -2.6708904e+00  -1.9635150e-01   3.3335624e+00  -4.2425139e-02  -4.5394039e+00   1.8308121e+00   3.1264346e+00  -1.3473110e-01   3.7254656e+00   8.0173864e-01  -2.8874605e-01   2.7668539e-01
  -2.4322997e+01  -2.2799140e+01   2.4183295e+00   8.4970349e+00   7.8543910e+00  -4.2765204e+00  -2.9644625e+00  -3.2324903e+00   6.7552380e+00  -1.8177383e-01   1.1302542e+00  -5.3518725e-01  -2.9660796e+00  -1.1712328e+00   1.8450530e-01  -6.2231501e+00  -3.7938869e+00  -1.8988554e+00  -4.0579949e-02  -1.7423462e-01   6.0135796e+00   3.5404131e+00  -1.2647186e+00   6.1294178e-01
  -2.4882310e+01  -2.1213431e+01   3.1028787e+00   4.5363471e+00   3.9341700e+00  -6.0178578e+00  -2.9842464e+00  -1.0559488e+00   9.3978909e+00  -1.0646246e-01   7.5771418e-01  -8.5874650e-01  -3.9154937e-01  -7.0682499e-01  -1.3291056e+00  -4.9513052e+00  -3.6042381e+00  -3.7872269e+00  -7.3320273e-01   1.6464678e-01   2.9726740e+00   2.5416051e+00  -7.9410062e-01   6.8412840e-01
  -2.6064992e+01  -2.2491635e+01   1.6082650e+00   4.3327045e+00   8.6143662e+00  -3.8713567e+00  -1.9241149e+00  -1.1481579e+00   9.7211825e+00   1.7459534e+00   7.8607093e-01  -5.5391709e-01   5.2661441e-01  -1.4527831e+00   3.5862672e-01   7.3606884e-01   1.5049496e+00  -1.3380085e+00  -9.5561710e-01  -5.2263416e-01  -2.5387592e+00  -4.5538812e-01  -5.5441281e-01  -6.2082480e-02
  -2.3559898e+01  -2.2254826e+01   2.1148414e+00   6.6622506e+00   6.6046977e+00  -6.5386330e+00  -2.5123031e+00  -3.1248567e+00   5.8281874e+00  -2.4945613e-01   1.0011876e+00  -4.0671780e-01   4.2636484e-01  -3.2269863e-01   2.5696963e+00   4.7377190e+00   2.8872448e+00   1.5239693e+00  -2.6294838e+00  -4.4482208e+00  -4.8980341e+00  -2.4811604e+00  -3.9782832e-01  -6.0969834e-01
  -2.4194281e+01  -2.4457617e+01   3.4502883e+00   8.5381865e+00   8.7765515e+00  -6.0231456e+00  -4.6338599e+00  -2.9819877e+00   4.7319509e+00  -7.9335918e-01   1.7689829e-01  -8.5432532e-01   8.2239576e-01   1.9977622e+00  -1.7415255e-01   4.0781226e+00   7.9831587e-02  -3.1563388e-01  -1.3069090e+00  -2.2547891e+00  -2.3379214e+00  -2.3176997e+00   5.1201695e-01  -9.1438833e-01
  -2.5178118e+01  -2.0714488e+01   6.0364115e+00   9.5401846e+00   8.1839445e+00  -2.6560095e+00  -5.5735997e+00  -6.8113652e+00   4.5454555e+00  -2.5585467e+00   4.6555802e-01  -1.6230899e+00   4.6533525e-01   3.0605941e+00  -2.8503933e+00  -3.5934607e-01  -1.4669610e+00   6.5199610e-01  -1.9011663e+00   8.8808774e-01   1.3955769e+00   9.0934786e-01   1.0959202e+00  -6.5946970e-01
  -2.4022288e+01  -2.0265161e+01  -6.1374892e-01   9.0109214e+00   7.9444902e+00  -6.2861193e+00  -2.3538301e+00  -2.6870872e+00   6.8556663e+00  -5.7605080e-01   1.8219112e+00  -1.3173135e+00   6.6506715e-01   2.4055593e+00  -1.2973869e+00  -2.5190002e+00  -6.5001389e-01  -1.1265906e+00  -8.5591736e-01   3.5697766e+00   1.1165251e+00   8.6615342e-01   1.3449283e+00   2.5870619e-01
  -2.2947892e+01  -1.9760163e+01  -1.2872996e-01   5.8868640e+00   4.8202869e+00  -5.4291520e+00  -6.5040674e+00  -1.9401753e+00   6.8596950e+00   1.0059115e+00   1.8225615e+00  -1.1644283e+00   8.7455071e-01  -9.6707566e-01   1.0186250e+00  -2.9911752e+00   1.0772601e+00  -2.9945875e+00  -1.9961590e+00   5.2260974e+00   4.4242811e-01   6.6492136e-01   8.8025283e-01   7.4120852e-01
  -2.4311794e+01  -2.1326441e+01   4.5867787e+00   6.5863465e+00   9.4833594e+00  -6.3264602e+00  -5.4525020e+00  -6.2917762e-02   5.2496188e+00  -1.2763581e+00   1.5157891e+00  -6.9559686e-01  -6.9313835e-01  -2.4834399e+00   4.0969337e+00  -3.7003603e+00  -1.2776333e+00   2.7416944e-02  -1.5372153e+00   1.9235944e+00   4.6414692e-01  -1.5827545e-02   3.7190032e-01   6.3906135e-01
  -2.3721539e+01  -2.1634462e+01   4.9640851e+00   6.2657093e+00   9.0304001e+00  -7.1277202e+00  -7.0185023e+00  -2.8430376e-01   6.0121215e+00  -1.2110110e+00   1.9389983e+00  -8.2213545e-01  -2.1045942e+00  -2.0742665e+00   3.2979596e+00  -3.3552609e+00  -4.7725027e+00  -2.0220116e+00   2.8311757e+00   2.9257555e+00   7.3109639e-01   1.2109473e+00   8.3131669e-01   5.0532769e-01
  -2.4675172e+01  -2.3053171e+01   2.9852441e+00   3.2709583e+00   3.9229836e+00  -5.3957097e+00  -4.4024356e+00  -6.2963135e-01   7.9756735e+00   5.0866911e-01   2.3215432e+00  -5.2986791e-01  -1.3060688e+00   8.0225719e-01   1.8038788e+00  -1.8721554e+00  -6.3091919e+00  -9.4589828e-01   2.6984546e+00   1.9973416e+00   1.0420310e+00   1.7069598e+00   7.8119575e-01   5.2818921e-02
  -2.5923094e+01  -2.2008198e+01   5.6189767e+00   2.5116667e+00   4.4172079e-01  -8.9275446e+00  -2.7823371e+00   2.7318148e+00   6.5933122e+00   1.9298189e+00   2.6666594e+00  -4.8930121e-01  -2.7547410e+00   1.8727803e+00   2.9075343e+00  -2.9620279e-01  -2.6411811e-01   1.3018767e-01   8.5866824e-01   1.2937866e+00  -2.4248630e-01   9.9490622e-01   2.7616435e-01   3.1805308e-02
  -2.5170120e+01  -1.9936187e+01   6.9651511e+00   5.6551347e+00   4.3139113e+00  -6.8453955e+00  -3.5229028e+00   1.4250354e+00   6.5220700e+00  -2.8633329e-01   2.3237521e+00  -7.8278561e-01  -1.9048409e+00   1.0978274e+00   3.1459133e+00   2.2321064e+00   3.9298027e+00   6.5082531e-01  -1.6779179e+00   8.1619101e-01   5.4329918e-01   1.9129240e+00   6.4554749e-01   2.4301262e-01
  -2.7606177e+01  -2.0383784e+01   7.3354331e+00   4.6293169e+00   8.4387591e+00  -6.2075959e+00  -6.1702663e+00   6.2904273e-01   6.3751938e+00   6.7884954e-01   2.3521404e+00  -6.4796864e-01  -8.4430332e-01   6.5304748e-02  -1.0872143e-01   5.8735299e-01   4.2635608e+00   2.6022117e+00  -7.7851579e-01  -2.2374341e+00  -2.1223703e-01   8.9125548e-02   7.3178019e-01   1.6058051e-01
  -2.6690892e+01  -2.2218637e+01   6.8458859e+00   5.5602929e+00   5.8191685e+00  -5.7794461e+00  -5.2253479e+00   1.6460412e+00   8.8996815e+00   4.0035398e+00   3.4471240e+00  -8.6015257e-02   2.4462961e-01  -2.7283857e-01  -3.1663446e+00  -2.9469963e+00   8.0500012e-01   4.3416061e+00   5.0783950e-01  -2.7057205e+00   4.5353635e-03   4.6623200e-01   1.4487947e-02  -4.1861794e-01
  -2.6429163e+01  -2.0769015e+01   5.5155272e+00   3.4401171e+00   6.0844333e+00  -5.5572016e+00  -3.0988883e+00  -7.3483921e-01   5.0861509e+00  -8.1429364e-02   3.2026438e+00  -5.9681562e-01   3.6310102e+00  -1.7754889e-01  -2.2437608e+00  -1.4001565e+00  -2.1303439e+00   3.4553268e+00   3.0346027e+00  -3.0064314e+00  -1.1134375e+00  -1.0946616e+00  -1.1718766e+00  -8.5580342e-01
  -2.5391682e+01  -2.0152829e+01   3.1255872e+00   1.8292402e+00   6.6985743e+00  -6.5818348e-01  -4.2968325e+00  -1.9516044e+00   7.1733945e+00   7.9315416e-01   1.9202323e+00  -1.4362890e+00   3.5411183e+00   1.9630237e-01  -9.5047149e-01   8.3792092e-01  -1.7243970e+00   2.0848405e+00   2.5194020e+00  -1.4622107e+00   4.0755654e-01  -2.2420087e+00  -1.8112254e+00  -9.9806384e-01
  -2.2809267e+01  -2.1683011e+01   5.8299412e+00   4.3946085e+00   4.8035404e+00  -3.5852370e+00  -2.0826200e+00  -2.0817816e+00   5.5681810e+00   6.4205002e-01   1.3577712e+00  -1.2565369e+00   1.9427250e+00   1.5377487e-01   2.6051475e-01   2.9686868e+00  -2.0906162e+00   5.9920518e-01  -1.0618017e+00  -7.4910542e-01   2.9922368e+00   6.8951154e-01  -1.3188604e+00  -2.8528173e-01
  -2.3189163e+01  -2.1467186e+01   5.2629716e+00   6.3399285e+00   3.8730196e+00  -3.6381676e+00  -1.9543791e+00   1.2619639e-01   9.2700013e+00   2.7878712e-01   1.6527221e+00  -1.2532504e+00   1.9989772e-01  -2.7346797e-01  -4.6372558e-01   3.3882640e+00  -2.2443021e+00  -1.4864809e+00  -2.4182739e+00  -4.5734805e-01  -9.4013428e-01   4.7834563e-01  -1.9461463e-01   1.6032888e-01
  -2.4616335e+01  -1.9881175e+01   4.8376071e+00   5.6378031e+00   4.3612864e+00  -3.1684018e+00  -5.8628175e+00  -2.8973977e+00   8.5262028e+00   1.2100215e+00   1.3581083e+00  -1.1162575e+00  -7.9464867e-01   2.3750383e-01  -3.1689628e+00  -7.8648721e-02   4.4986176e-01   6.4021958e-01  -1.9965247e+00  -1.5381810e+00  -1.8187440e+00   2.6916415e-01  -1.1304808e+00  -2.5395880e-01
  -2.4188301e+01  -2.1463949e+01   2.9261659e+00   6.2900389e+00   3.5532482e+00  -3.0963225e+00  -6.0341446e+00  -2.2298184e+00   4.2841821e+00   1.2266869e+00   1.6281419e+00  -1.2659354e+00   4.2638658e-01   3.3575701e-01  -4.9120065e+00  -2.0287748e+00   1.4461813e+00  -1.8311770e+00  -1.2648215e-01  -3.3559673e+00  -3.8540531e+00  -2.4041605e-01  -1.2146332e+00  -3.9856413e-01
  -2.3501670e+01  -2.1328374e+01   2.2448999e+00   4.3015802e+00   5.6382187e+00  -2.8958302e+00  -3.0375244e+00  -3.2110457e+00   5.3329745e+00   5.7184637e-01  -3.2565983e-01  -1.6311326e+00   6.6090390e-01  -1.5416704e+00  -4.4366161e+00  -1.6691389e-01   3.3673980e+00  -3.2711357e+00   1.6307596e+00  -2.0055352e+00  -2.7593166e+00  -1.0998813e+00  -7.9895349e-01   1.0693589e-01
  -2.3106915e+01  -2.0239951e+01  -8.0868457e-01   3.9648779e+00   5.4038253e+00  -6.5212189e+00  -3.5567489e+00  -4.7509305e+00   5.0855358e+00   2.3725059e-01   6.7265642e-01  -1.5936591e+00  -1.3661507e-01   2.2906790e-01   2.0883576e-01   5.9501651e-01   4.2245396e-01  -2.6863341e+00  -1.3629411e-01  -3.0130247e+00   6.6676142e-01  -1.8004430e+00   1.6496368e-01   7.1258841e-01
  -2.4165673e+01  -2.2805679e+01   5.0108156e-02   6.5500128e+00   8.4870948e+00  -6.3626571e+00  -4.6553759e+00  -4.6451444e+00   3.9865510e+00   5.4917724e-02   6.3742076e-01  -7.9199186e-01  -7.4107371e-01   1.1405302e+00   1.5041470e+00   2.4271766e+00  -2.6602936e+00  -3.0602563e+00  -3.0436336e+00  -7.5081844e-01   2.1056225e+00  -4.4350792e-01   9.8687409e-01   8.4795199e-01
  -2.4061223e+01  -2.0381694e+01   4.3368154e+00   6.0583474e+00   2.7624911e+00  -5.3924103e+00  -5.4296599e+00  -6.0323060e+00   5.9575360e+00  -1.2155133e+00   1.3940471e+00  -6.1662315e-01  -1.1650472e+00   1.3386126e+00   3.3960191e+00   2.0079075e+00   9.6609128e-01  -3.0693524e+00  -1.5543394e+00   2.2712935e+00   1.2742429e+00   4.0199518e-01   2.0235609e-01   5.3545069e-01
  -2.4136127e+01  -1.9546706e+01   1.9283705e+00   6.8956104e+00   2.9684454e+00  -8.0506191e+00  -6.6665192e+00  -3.6965856e+00   8.0554081e+00   6.3296643e-01   7.9395596e-01  -8.4772256e-01  -5.0012551e-01   3.3994920e+00   2.5923642e+00   2.0686390e+00   2.7363094e+00  -2.4530332e+00   3.3484127e-03   1.4005655e+00  -2.0978095e-01   2.4811617e-01   5.6428745e-01   2.0725192e-01
  -2.4869259e+01  -1.9861518e+01   3.3462130e+00   6.8039404e+00   9.6122869e+00  -1.0281266e+01  -4.8826864e+00  -1.8182698e+00   4.9624716e+00   5.5121901e-01   8.9792297e-01  -7.6261767e-01  -3.2055742e-01   1.2932879e+00  -2.3367042e-01  -2.1492567e-01   4.8026872e+00  -1.2516077e-01  -2.0174719e-01   1.0226740e+00  -1.6618737e+00   6.3459756e-01   1.9749001e-01   1.2117135e-01
  -2.4511843e+01  -1.7966529e+01   4.4339557e+00   9.2801748e+00   9.1666609e+00  -7.5977787e+00  -4.9238401e+00  -4.6513143e+00   4.1694118e+00  -4.5627417e-01   1.7319140e+00  -4.0811673e-01  -1.0132955e-01   9.0342590e-01   9.2409367e-01  -6.6581304e-01  -1.6838985e-01   1.4759109e+00   1.5058956e+00  -1.3393611e+00  -8.8577354e-01  -2.1302772e-01   6.3345321e-01   3.1516775e-01
  -2.4354201e+01  -1.9231851e+01   2.7335172e+00   4.5436767e+00   6.8674141e+00  -5.8065716e+00  -6.6036203e+00  -4.0209307e+00   5.4077236e+00   2.8100335e-01   1.2213031e+00  -6.5466904e-01   1.1762885e-01  -2.5519388e-02   9.8572886e-01  -1.3564510e+00  -5.8290856e+00   1.7872693e+00  -3.8879658e-01  -2.7639788e+00   1.4061241e+00  -7.8702454e-01  -5.1058318e-01  -4.4492121e-02
  -2.4545650e+01  -1.8506401e+01   3.6208589e+00   7.0270226e+00   4.0882971e+00  -8.0741002e+00  -3.5472089e+00  -4.6042968e+00   6.5041218e+00   4.4853268e-01   1.5824457e+00  -4.2894524e-01   1.0810541e+00  -1.1326758e+00  -4.0246272e-01  -4.2855164e+00  -6.4074657e+00  -1.0716072e-01  -2.1044105e+00   7.0342248e-01   3.8429560e+00   9.2577292e-01  -1.2129338e+00  -4.0246213e-01
  -2.4675912e+01  -1.9629861e+01   5.2313547e+00   5.8958399e+00   3.4078404e+00  -7.3622018e+00  -6.1541969e+00  -5.9877467e+00   5.9043027e+00  -1.0817212e+00   2.0678235e-01  -8.1894160e-01   1.1187764e+00  -1.4589958e+00  -1.3552842e+00  -6.8882066e-01  -4.3496182e+00  -2.3005166e+00   5.2599935e-02   1.5979386e+00   2.8450130e+00   1.0212115e+00  -6.3248184e-01  -6.2983003e-01
  -2.2729406e+01  -1.9466538e+01   2.5813428e+00   2.1758186e+00   1.2852493e+00  -6.9807047e+00  -8.3051675e+00  -2.6127726e+00   9.6855563e+00   1.6137475e+00   4.1977368e-01  -9.2967364e-01   1.0359290e+00  -2.2193082e+00  -2.0458437e+00  -2.1127191e-01  -1.3920212e+00  -2.1393731e+00  -6.7778608e-03   7.3224751e-01   2.7775839e-01  -8.3798934e-01   4.3791621e-02  -8.7036403e-01
  -2.3584158e+01  -2.0940276e+01   1.2203489e+00   5.9360477e+00   1.7445108e+00  -9.8040443e+00  -4.1457411e+00  -2.6197850e+00   8.0845259e+00   1.2302132e+00   8.5391636e-01  -1.3490499e+00   1.1123975e-02  -3.5776673e-01  -3.8763350e-01  -1.1349852e+00  -6.6865107e-01  -3.6101644e-01   4.0396835e+00   1.4461816e+00  -3.4382714e+00  -1.5549424e+00   1.2804153e+00  -2.2379939e-01
  -2.3537633e+01  -2.1180156e+01   2.5575962e+00   6.6900109e+00   2.8319302e+00  -1.0062239e+01  -4.5616036e+00  -5.1899064e+00   5.8306478e+00  -1.9644185e+00   1.3245661e+00  -1.4694371e+00  -2.8158415e-01   1.3688983e+00   1.5369311e+00  -1.2943511e+00   3.0737744e+00   1.7536740e+00   2.7639360e+00  -1.9977619e+00  -6.4777164e+00  -2.6212505e+00   2.0477687e-01  -7.6561359e-02
  -2.4255112e+01  -1.9309702e+01   4.6617778e+00   1.9362660e+00   1.6315234e+00  -6.3629595e+00  -1.9664536e+00  -2.5299073e+00   2.6743499e+00  -1.6250517e+00   1.6750091e+00  -8.8475892e-01   5.9609896e-01   1.4718745e+00   6.5483387e-01  -5.4643517e+00   4.1157378e+00   3.2136198e+00  -7.5780180e-01   3.0968983e-01  -1.7150110e+00  -1.1594347e+00  -1.2961813e+00   6.6627640e-01
  -2.2816306e+01  -1.8228477e+01   3.1660250e+00   2.2341827e+00   5.9524046e+00  -6.0707362e+00  -5.2489072e+00  -5.6543543e+00   2.6740696e+00  -8.9049585e-01   3.1639263e-01  -1.2766612e+00   1.1339116e+00  -4.9747129e-01  -1.9448815e+00  -2.6007288e+00   3.6080288e+00   1.0402006e+00  -1.4875832e+00   1.0393469e+00   3.3741882e+00   2.3248155e+00  -1.9342643e+00   4.8285743e-01
  -2.3050674e+01  -2.0208304e+01   1.8983852e+00  -3.2565756e-02   6.3578803e+00  -6.9793658e+00  -4.9387920e+00  -1.9230263e+00   7.0902985e+00  -1.0459003e+00  -5.8626878e-01  -4.4602329e-01   1.2188049e+00  -3.0619179e+00  -1.7184527e+00   3.5163812e+00   8.6658640e-01  -1.4908424e+00   2.6491904e-02   6.3205954e-01   4.9190397e+00   2.5374440e+00  -6.8547471e-01   1.7176134e-01
  -2.2438985e+01  -2.1477062e+01   1.0219702e+00   3.7733335e+00   5.8807948e+00  -8.1937346e+00  -5.3068092e+00  -3.9343266e+00   8.6839558e+00   1.2332290e+00  -4.4619144e-01  -9.6451881e-01  -2.6953156e-01  -2.8486584e+00  -2.2325805e+00   3.2526503e+00  -4.1383835e+00  -3.7267177e+00   7.7106434e-01   2.5399949e+00   1.1973512e+00   1.6273493e+00   1.4908687e+00  -2.3242002e-01
  -2.2615565e+01  -2.2278287e+01   3.1561261e+00   6.4412624e+00   2.9672078e+00  -7.5377239e+00  -1.8977648e+00  -2.4418319e+00   7.0479663e+00   1.1192518e+00   1.0280890e+00  -7.8318809e-01   1.0931391e-01  -9.7184097e-01  -3.5228027e-01   1.3754628e+00  -2.8182187e+00  -8.1486107e-01  -2.7877237e+00   3.7764516e-02  -1.3788942e+00   3.6003702e-01   1.7615310e+00  -6.2159322e-01
  -2.3438157e+01  -2.1466474e+01  -8.1171619e-01   3.8762441e+00   1.4401656e+00  -1.1381634e+01  -5.6128243e+00  -1.5849592e+00   4.4912624e+00   4.6795209e-01   1.7455168e+00  -1.4567088e+00   5.1780831e-01   1.4383505e+00   1.9814740e+00  -1.9399331e-01  -3.7114663e-01   1.5368031e+00  -4.4517867e+00  -3.3461585e-01  -4.5903342e-01  -8.3258475e-01   3.7281312e-01  -9.1836611e-02
  -2.2387117e+01  -2.1671360e+01   2.2868080e+00   1.9791732e+00   4.3508669e+00  -6.6077079e+00  -8.9673699e+00  -3.0410632e+00   7.1183038e+00  -1.2320631e-01   9.6017366e-01  -1.1323181e+00   4.3099250e-01   1.8287373e+00   2.5382188e+00   2.5352583e-02   2.8997116e+00   2.8114326e+00  -4.0695053e+00  -3.9486757e-01  -1.0264618e-01  -5.2649362e-01  -8.1009753e-01  -6.7228309e-02
  -2.1776497e+01  -1.9623000e+01   4.4288402e+00   5.7133882e+00   4.6322454e+00  -6.3535379e+00  -8.4496868e+00  -4.1366347e+00   7.9602369e+00   6.0558090e-01   1.4698593e-01  -9.2770871e-01   5.4029701e-01   1.6678292e+00   3.5166806e+00   2.9317053e+00   4.7908715e+00   3.6084867e+00  -7.1423850e-01   6.4060365e-01  -7.4525104e-01  -9.1200910e-01  -4.5628576e-01   1.0728246e-01
  -2.2799907e+01  -2.0456918e+01   4.3431760e+00   5.5607192e+00   5.7207353e+00  -5.8346228e+00  -6.5835915e+00  -1.7582955e+00   5.1595098e+00   2.6069696e-01   6.1220814e-01  -1.1485306e+00  -7.7435212e-01  -1.5518108e-01  -2.0300587e-01   2.8090633e+00   1.7592947e+00   1.6035450e+00   3.8827817e+00   1.5590757e+00  -2.2651969e+00   6.1979319e-01   8.8269551e-01  -7.3110887e-02
  -2.2421317e+01  -1.9571951e+01   3.4351207e+00   6.4830290e+00   7.9415387e+00  -6.3554462e+00  -7.8760713e+00  -1.2654376e+00   4.3527829e+00  -1.0920132e+00   1.2350709e+00  -1.2876789e+00  -1.2368516e+00  -1.0815383e+00  -2.0596081e+00  -2.7446188e-01  -5.7443330e-01  -7.4499147e-01   3.9714671e+00   9.3471162e-01  -3.0280944e-01   1.3906739e+00   1.5114311e+00  -2.8525729e-01
  -2.3226235e+01  -2.1929656e+01   2.4791590e+00   5.8079477e+00   5.3351622e+00  -4.2014362e+00  -3.4300051e+00  -2.1380482e+00   5.5242354e+00   1.6552805e+00   1.7401744e+00  -1.0619994e+00  -2.4919142e-01  -3.7998647e-01   3.5435872e-01  -1.8385957e+00  -2.3481092e+00  -2.0824978e+00   3.0051056e+00  -2.8509731e+00   2.2665773e+00   5.3475272e-01   9.8928462e-01   9.3602092e-02
  -2.3418610e+01  -2.0508938e+01   2.2714366e+00   5.1780811e+00   3.9633820e+00  -8.2876184e+00  -4.0692793e+00  -2.5446909e+00   7.3236600e+00   1.9943000e+00   1.8501494e+00  -1.3988603e+00   2.4244163e-01  -1.0424438e-01   2.2066345e+00  -2.8417148e+00  -2.2324187e+00  -1.0334838e+00  -1.3274589e+00  -4.6188831e+00   1.0367353e+00  -1.7400891e+00  -1.2866928e-02   3.2817208e-01
  -2.2675047e+01  -2.0558404e+01   5.4565562e+00   3.4552997e+00   4.1876498e+00  -7.9922834e+00  -3.9793291e+00  -5.3951284e+00   7.0739373e+00  -4.8033054e-01   1.7885958e+00  -9.5253676e-01   7.8769541e-01   1.5440631e+00   2.6683897e+00   1.8294679e-01   2.1514629e+00  -1.6642763e+00  -3.5673849e+00  -3.9719803e+00  -5.9141768e-01  -2.8109544e+00  -6.0714138e-01   4.7968292e-01
  -2.2333248e+01  -2.0413944e+01   5.2563739e+00   3.3967809e+00   5.1666667e+00  -6.0102483e+00  -9.5925976e+00  -6.5652222e+00   5.1330349e+00  -2.6343414e+00   1.1915598e+00  -8.5015205e-01   1.2096981e+00   3.0120594e-01   1.5667547e+00   3.8434401e+00   1.4817714e+00   1.2027713e+00  -1.5247450e+00  -2.9323284e+00  -1.8804901e+00  -2.1621059e+00  -3.9780272e-01   5.8746441e-01
  -2.2587373e+01  -1.9661059e+01   4.9892749e+00   6.9730180e+00   7.9607142e+00  -7.8365358e+00  -6.0194233e+00  -6.0857530e+00   5.7324215e+00  -2.4683041e-01   1.1587572e+00  -6.1682908e-01   9.1766688e-01   5.6505714e-01  -2.2447609e+00   2.5370671e+00  -3.6956294e-01   2.0663029e+00   1.4546372e+00   2.0762413e+00   2.4174577e+00   1.6196883e+00   2.6070737e-01   2.7582564e-01
  -2.1647900e+01  -2.0505802e+01   4.8552093e+00   9.1843821e+00   4.2995069e+00  -6.5613352e+00  -5.3363496e+00  -6.5978713e+00   5.1736827e+00  -1.3656089e+00   1.5683646e+00  -6.8551748e-01   9.5380367e-01  -9.1952929e-01  -2.6569994e+00   1.0739577e+00  -8.4795393e-01   3.0123016e+00   5.0165642e+00   5.5639669e+00   4.1582850e+00   3.6431237e+00   3.1369787e-02   1.4942877e-01
  -2.1641221e+01  -1.9664889e+01   2.2899972e+00   4.3670997e+00   4.0668853e+00  -4.6172855e+00  -3.9254973e+00  -2.2644420e+00   1.0679800e+01   1.3148357e+00   1.9912545e+00  -6.2111558e-01   6.6180783e-01  -5.9601271e-01  -1.3098183e+00  -2.1317964e+00   9.2497956e-01   1.4175145e+00   7.8781556e-01   1.9884819e+00   1.9945502e+00   1.9949786e+00  -8.2558102e-01  -2.0139413e-01
  -2.1375619e+01  -2.1791322e+01   2.6205137e+00   6.3106767e+00   5.8416503e+00  -3.1014210e+00  -3.1147143e+00  -1.2992727e-01   8.8967732e+00   2.0495111e+00   8.2236584e-01  -6.2386564e-01  -5.8346981e-01  -5.5088228e-01  -1.8759206e+00  -1.5587419e+00   4.8043009e+00  -2.9980037e+00   3.9460178e-01   4.8851916e-02   8.3446143e-01   1.8562629e+00  -1.3776071e+00  -4.1703224e-01
  -2.1730802e+01  -1.9912317e+01   4.1418952e+00   5.2121762e+00   8.5771119e+00  -7.4402211e+00  -5.9485176e+00  -6.3370021e+00   6.8627015e+00   1.0380776e+00   2.9338503e-01  -9.4974620e-01   6.7281666e-02  -9.8391426e-01  -1.7092733e+00  -1.0866615e+00   3.3009462e+00  -3.1892852e+00   8.7821793e-01  -3.8042295e+00  -3.4002288e+00  -1.0943629e+00  -1.1802320e+00  -3.9043123e-01
  -2.2478315e+01  -2.1208411e+01   1.1153793e+00   6.4237309e+00   9.2508450e+00  -9.6468729e+00  -3.7329368e+00  -4.4883134e+00   8.3339241e+00   1.5571645e+00   3.5088861e-01  -1.1467505e+00   5.4966054e-01  -7.5522493e-02  -9.2911597e-01  -3.7060120e+00  -6.5181672e-01  -1.7213517e-01   5.2501850e-01  -8.5287058e-01  -2.8267969e+00  -1.7997925e+00   1.4145493e-01   7.5199404e-02
  -2.0988951e+01  -2.1432216e+01   4.7865439e-01   2.6805803e+00   7.3137074e+00  -6.1284874e+00  -2.2990591e+00  -5.7915931e+00   5.8608813e+00  -8.0535319e-02   4.5664504e-01  -9.4531999e-01   6.8826329e-01  -1.1234976e+00   2.9576775e+00   7.4694566e-02  -4.0780184e+00   3.2119004e+00   1.0888160e+00   2.2369541e+00  -4.3629554e+00  -1.6346814e+00   1.1227951e+00   6.6547142e-01
  -2.0922053e+01  -2.1144657e+01   3.0584602e+00   2.0174565e+00   5.4956275e+00  -4.0154906e+00  -4.1519157e+00  -1.6819376e+00   5.1574878e+00  -9.0871251e-02   9.5291823e-01  -5.1327964e-01   1.5695602e+00  -1.0782572e+00   4.7679181e+00   1.4296561e+00  -2.7829856e+00   6.0730769e+00  -2.2206800e-02   1.3113947e+00  -2.5638796e+00  -2.1915884e+00   5.3421860e-01   6.7931119e-01
  -2.1476537e+01  -2.1629441e+01   7.6068710e+00   7.5273552e+00   4.3376931e+00  -5.4380616e+00  -4.1058042e+00  -4.3847588e+00   1.9064865e+00  -5.8992669e-01   1.6765629e+00  -2.6827451e-01   1.3719947e+00   1.4177208e+00   2.5200644e+00   3.4662033e+00   1.3896680e+00   6.0843011e+00   5.2620858e-01   2.4737930e+00   2.3608715e+00  -5.1051258e-01   3.0321336e-01   5.2738028e-01
  -1.9880181e+01  -2.2727184e+01   4.7031481e+00   6.1448277e+00   6.5643736e+00  -8.8247041e-01  -2.8628744e+00  -3.2246385e+00   6.4653021e+00  -1.4755225e+00   5.4225761e-01  -4.6630648e-01   2.7607806e+00   3.5511146e+00   3.6722246e-01   2.5768447e+00   3.9839648e+00   2.7349283e+00   1.2896298e+00   1.4079191e-01   4.3714167e+00   5.8811960e-01  -2.5729073e-01   4.7511330e-01
  -1.9451895e+01  -1.8514371e+01   3.4364070e+00   5.8161996e+00   8.8638362e+00   1.4314541e+00  -2.1542669e+00  -1.3095533e+00   8.7482814e+00  -1.5397857e-01   1.1167954e+00  -1.7773615e-01   3.4757647e+00   5.5456662e+00  -5.6643636e-01   3.3206452e-01   6.1860933e+00   3.7223269e+00   8.0262720e-01   1.8226912e+00   5.0658969e+00   1.3016833e+00  -3.7745147e-01   4.3208108e-01
  -1.7793204e+01  -1.7375520e+01   5.6945259e+00   6.7383014e+00   9.2085031e+00  -3.3478560e+00  -3.1932397e+00  -3.0083525e+00   8.2937155e+00   5.7333409e-01   8.4686586e-01   1.5412112e-01   2.3543042e+00   6.3556794e+00   2.7388216e+00   3.2205187e+00   6.4237392e+00   2.0196327e+00   1.2437029e+00   3.1400176e+00   1.9504865e+00   7.4914760e-01   5.3279968e-01   2.2161332e-01
  -1.7306379e+01  -1.5986774e+01   6.2615276e+00   7.7287151e+00   1.2294768e+01   1.3781216e+00  -2.7366807e+00  -1.7588650e+00   8.5911252e+00   3.3817004e-01   9.5808153e-01   6.9633307e-02   4.1977612e+00   6.8320484e+00   4.8899602e+00   2.5857764e+00   2.6883945e+00  -2.4653129e+00   1.7938462e+00   4.5040118e+00  -4.8498173e-01  -1.5639831e+00  -5.5869398e-01  -4.0411661e-01
  -1.7421483e+01  -1.4457464e+01   7.3988202e+00   1.0019348e+01   1.4484516e+01   2.1736450e+00  -7.0611312e-01   1.7100438e+00   9.4696100e+00  -5.9787540e-01   1.4208141e+00  -2.5757123e-01   6.5946559e+00   7.3530203e+00   1.3826733e+00  -1.5911336e+00   9.7330455e-01  -1.1164662e+00   1.7756338e+00   4.7345412e+00  -1.3499883e+00  -1.5717054e+00  -1.2255590e+00  -6.0353490e-01
  -1.3341114e+01  -9.7253264e+00   9.9192001e+00   8.0543409e+00   1.0258421e+01  -5.0272657e+00  -7.0706086e-01   3.0872663e+00   7.4328616e+00  -1.9143484e+00  -8.2196845e-03  -5.7806489e-01   5.8061008e+00   2.4515206e+00  -5.3524898e-01  -3.8078777e+00  -2.4911124e+00  -2.7278427e+00   1.7697724e+00   6.1179634e-02  -1.0979383e+00  -2.9254871e-01  -5.3726381e-01  -5.9112316e-01
  -9.8838525e+00  -9.4767132e+00   5.9396995e+00   4.1887881e+00   1.1686633e+01  -1.8198616e+00  -1.5445990e+00   1.6703936e+00   6.8478648e+00  -6.5796483e-01  -5.0832197e-01  -4.2733213e-01   6.5813219e+00   3.4160017e-01  -3.1559958e+00  -4.0376530e+00  -5.5648018e+00   1.0823649e-01   1.3655053e+00  -3.4521039e+00  -1.9082065e+00  -6.2248114e-01  -7.2822129e-01  -3.7943252e-01
  -1.2366043e+01  -1.4799868e+01   6.1882145e+00   4.9321785e+00   9.9570412e+00  -7.1688918e-01   3.3722078e-01  -1.6472704e+00   8.2550904e+00  -7.0608313e-02   1.1167538e+00  -7.3217098e-01   4.2069807e+00  -1.6210570e+00  -2.8961929e+00  -2.5772527e+00  -5.8460407e+00   1.9494244e+00   2.8045629e+00  -4.9337132e+00  -2.4420088e+00  -1.8576200e+00  -9.7419795e-01  -2.7620054e-01
  -8.0370353e+00  -1.1407793e+01   4.5303193e+00   5.5239497e+00   6.2880038e+00   1.8081142e-01   8.2000396e-01  -1.1008438e+00   6.1961859e+00  -2.4534672e+00  -2.3400463e-01  -7.4966697e-01   2.4133783e+00   7.6652350e-01   1.6947618e+00   2.3163712e-01  -4.6699135e+00  -1.3889134e+00   1.5331473e+00  -1.7915048e+00  -1.0335119e+00  -1.9899452e+00  -8.2628867e-01  -2.1306538e-01
  -7.9540512e+00  -1.1191372e+01   6.2796010e+00   3.5208812e+00   4.1886750e+00  -3.1034656e+00   2.3174820e+00  -2.9276849e+00   4.0956879e+00  -3.8030272e+00  -1.6066753e+00  -8.3119829e-01   4.7446668e+00   6.4458824e+00   1.1598078e+00  -3.4509196e+00  -3.8205344e+00  -3.6759598e-01  -6.9086657e-01  -1.0514371e-02  -1.3231901e+00  -2.0426588e+00  -1.8713445e+00   1.6021329e-01
  -8.4697809e+00  -1.0131176e+01   8.4361490e+00   5.2418925e+00   7.5659462e+00  -2.7099435e+00  -2.3500863e-01  -3.7665642e-01   7.3772982e+00  -1.7766732e+00  -3.8604042e-01  -6.9741655e-01   2.4996146e+00   4.0359103e+00   2.1604553e+00  -3.9191565e+00  -8.3489101e-01   1.6124648e+00  -8.5096956e-01  -1.0536822e+00  -2.0778871e+00   1.3618235e+00  -9.5022386e-01   1.2684784e-01
  -5.0326698e+00  -5.7693530e+00   5.9750112e+00  -1.0317227e-01   3.5872685e+00   1.7709430e-01  -1.7157278e-01  -2.0251356e+00   5.6797491e+00  -3.4729936e+00  -1.6142450e+00  -5.1797625e-01   3.8264282e+00   2.8075246e+00   5.9522675e-01  -3.2465862e+00  -9.7082040e-01   4.8801799e+00   1.2801540e+00  -9.3028024e-01  -1.3673447e+00   2.8659265e+00   7.7334151e-03  -3.7253926e-02
  -5.7483041e+00  -8.0649367e+00   7.9232971e+00   1.4572416e+00   5.3363705e+00   9.5922872e-01   7.8807701e-01  -3.1326417e+00   2.2873246e+00  -5.7574879e-01  -1.6555555e+00  -7.1600623e-01   5.0847707e+00   1.0890365e+00  -3.8452044e+00  -2.4756856e+00  -3.6972455e+00   4.1322030e+00   2.2769747e+00  -1.4270488e+00  -3.0847834e+00  -1.2025669e-02  -3.3093797e-01  -1.3715323e-01
  -3.5751473e+00  -8.0132049e+00   7.4288670e+00   5.4332728e-01   3.8472323e+00   2.3822181e+00   3.7261702e+00  -2.9451126e+00   4.5896576e+00  -1.0459973e-01  -9.6031760e-01  -8.7778434e-01   2.4152654e+00   2.6807949e-01  -2.4000515e+00   1.5922325e+00  -8.0745361e-02   3.1779560e+00   1.9482505e+00   3.2431470e+00  -1.2751463e+00  -8.0042368e-01   1.0782643e+00  -1.2390806e-01
  -1.5713862e+00  -7.3756952e+00   1.9414144e+00   1.2051143e+00   1.8900960e+00   2.3857992e+00   1.2315820e+00  -2.0572411e+00   3.2951688e+00  -3.4789086e+00  -1.2094111e+00  -7.2324235e-01   3.5184490e+00   3.6107433e+00  -3.4521703e+00  -1.2574676e+00   2.9436429e-01   3.5500097e+00  -8.3785424e-01   4.2430669e+00   8.8797301e-01  -2.3676016e+00   4.4942468e-01  -4.9583171e-02
  -3.4982307e+00  -5.7118546e+00   5.3658753e+00   2.4112401e+00   5.1892877e+00   4.2307430e+00   2.5290505e+00   2.3018846e+00   3.2631075e+00  -3.2220492e+00  -2.1992088e-01  -7.0022029e-01   2.7391675e+00   4.2120461e+00  -3.3609004e+00  -1.6879812e+00  -3.7758516e-01   2.9298234e+00  -1.2955951e-01   3.3158433e+00  -2.4008163e+00  -1.5213238e+00  -4.5431417e-01   1.2086325e-01
  -5.0908895e-01  -3.7994969e+00   3.7765375e+00  -1.3629161e+00   5.1068892e+00   5.3599809e+00   1.2985552e-01   6.0846003e-01   4.2825592e+00  -2.5684264e+00  -1.3516169e+00  -8.7916301e-01   1.9668232e+00   3.4989744e+00   3.2813155e-01  -5.3450418e-01  -1.2305225e+00   1.7967202e+00   3.4708145e+00  -8.7064922e-01  -1.0445187e+00   9.8345144e-01  -1.6778526e-01   2.6719632e-02
   2.4553002e-03  -3.4832349e+00   1.4699549e+00  -7.0462936e-01   1.6724579e+00   5.2898624e+00   4.0826942e+00   6.9580179e-01   4.9473798e-01  -2.8418265e+00  -1.5706860e+00  -6.1852913e-01   4.5715161e+00   1.8548896e+00  -2.6382885e+00  -8.7303880e-01  -2.6469416e+00  -1.8796701e-01   2.9017384e+00  -5.1038148e+00  -3.3657349e-01   1.2515917e+00  -4.4125212e-01   2.0025133e-01
  -3.7149438e-01  -3.2415434e+00   4.3815720e+00   1.9612928e+00   1.8027271e+00   4.5513198e+00   5.6609819e+00  -2.5601735e+00   3.1125756e+00  -2.1938428e+00  -7.8570644e-01  -7.2400848e-01   2.2925447e+00  -7.2963166e-01  -1.1580423e+00   2.7827168e+00   6.3345587e-01  -8.9379104e-01   3.2219888e+00  -1.0896904e+00  -2.0665066e+00   1.7582120e+00   7.0302546e-01   1.6820067e-01
   3.2902462e+00  -3.2084970e+00   1.1059254e+00  -5.6042253e-01   2.8709565e+00   4.3531230e+00   4.1160949e+00  -3.7695209e+00   3.3432391e+00  -1.5319535e+00  -1.1647543e+00  -4.7742056e-01   2.1843087e+00  -1.0050795e+00   1.2950865e+00   2.0452940e+00   2.6407394e+00  -3.2111955e+00  -7.9582604e-01   1.9731359e+00  -8.5116598e-01   8.0119678e-01   9.2270734e-01  -1.5954273e-01
   1.2858326e+00  -5.0313134e+00   2.2214888e+00   2.7390557e+00   5.4578238e+00   4.4876640e+00   4.9461384e+00   1.2065858e+00  -2.4145122e-01  -5.8604495e-01  -5.0004452e-01  -6.9741630e-01   2.7200784e+00   2.1168181e-01  -3.4248802e-01  -1.5387891e-02   5.8445160e-01  -2.7754000e+00  -3.4227904e+00   4.7337847e+00   3.3667478e-01  -1.2329866e+00  -4.0469080e-01  -6.6293260e-02
   2.4502548e+00  -4.0959692e+00   4.4926261e+00   1.9744303e+00   3.8060186e+00   5.0489707e-01   3.2463769e+00   1.7721259e+00   8.9500241e-01  -2.4439303e+00  -3.2945591e-01  -8.7113932e-01   1.4796730e+00   2.8841477e-01   2.6625685e+00   2.5970737e+00   3.6934414e-01  -6.4753594e-01  -4.2544353e+00   1.1444291e+00   1.8073851e+00  -3.0586883e-01  -4.6084769e-01   2.2366449e-02
   4.1286190e+00  -2.4802846e+00   2.1744895e+00   6.7078454e-01   2.2118734e+00   2.3123327e+00   9.6165538e-01   1.7696801e+00   4.8417061e+00  -3.5873343e+00  -1.8103918e+00  -6.2658899e-01   3.3274967e+00   1.2571280e-02   1.0122006e+00  -4.8411277e-01   1.0378514e+00   1.9718461e+00  -5.5862967e+00  -2.9799813e+00   3.8180477e+00   6.0456793e-01  -1.6256296e+00   1.7900471e-01
   4.0883625e+00  -4.0513892e+00   5.1232777e+00   4.3693236e+00   5.0479478e+00   4.4694848e+00  -2.7331654e-01  -2.3344244e+00   3.5127381e+00  -4.9011206e-01  -1.2008522e+00  -4.7928454e-01   2.1887604e+00   3.6663104e-01  -2.1759773e+00  -1.6910815e+00   4.6335358e+00   5.5766492e+00  -3.9660587e+00  -3.8835725e+00   1.5616933e+00   2.4315213e+00  -9.9387537e-01   6.2958178e-02
   5.4580238e+00  -5.0347465e+00   3.4244640e+00   8.1543986e-01   6.3936362e+00   5.4631393e+00  -1.6734599e+00  -1.2101110e+00   4.1767525e+00  -6.5610217e-01  -2.5027908e+00  -6.2483662e-01   4.9891708e-01   1.7643995e+00  -1.7776725e-01  -1.9473608e+00   6.5310984e+00   3.4305223e+00  -2.3433502e-01  -2.8517262e+00  -7.1718952e-01   1.8733147e+00   2.5211647e-01  -5.9862815e-02
   5.0686930e+00  -2.2687917e+00   6.0367295e-01  -6.3451972e-01   8.6654409e+00   7.2944675e+00  -1.3851535e+00  -2.5633372e+00   3.5700192e+00  -2.6226439e-01  -1.4740694e+00  -7.7757824e-01  -4.3055262e-01   4.1653475e+00  -1.0547207e+00  -2.1789502e+00   2.2524812e+00   1.3919366e+00   3.8470222e+00   2.0025074e+00   4.2235117e-01  -1.1643463e+00  -6.0456560e-01   2.2315520e-01
   4.3868294e+00  -7.2498402e-01   4.1676410e+00   2.5166498e-01   1.0199774e+01   6.0456247e+00   1.1660713e+00  -2.3934527e+00   3.7372813e+00  -8.9128607e-01  -1.2956085e+00  -5.6723636e-01  -1.2232094e+00   4.5908574e+00  -1.5094834e+00   2.3562903e+00   2.2245689e+00   9.4710327e-01   4.5031802e+00   2.9252498e+00  -2.0141917e+00  -5.7615057e-01   7.5923578e-01   2.3985061e-01
   3.9781308e+00   4.1750741e-02   3.1696081e+00   1.3827857e+00   6.5236006e+00   6.2661469e+00   4.0774511e+00   1.2610076e+00   4.3660005e+00  -2.1190396e+00  -2.7112918e+00  -1.7335187e-01  -6.2512537e-01   2.9060672e+00  -9.4803813e-01   3.5979527e+00   1.9462882e+00   9.0260422e-01   2.7685182e+00   3.1304698e+00  -1.0412792e+00   7.1129780e-01   2.9818052e-02   6.6674330e-02
   4.1684908e+00   6.9626836e-01  -1.2272875e-01   3.3412226e+00   1.0801410e+01   7.3979546e+00   2.3500080e+00   1.2655913e+00   7.5747439e-01  -5.9194041e-01  -7.4532602e-01  -5.6717389e-01   1.2676483e+00   1.1016487e+00  -3.8995321e+00   2.1034088e-01   1.6172821e+00   2.3851823e+00   1.5112909e-01   1.9127900e+00   8.9795940e-01   1.6743173e+00  -6.2040747e-01  -1.1336589e-01
   4.2401742e+00   1.3796830e+00   1.3268006e+00   3.2176304e+00   1.1284055e+01   7.9722090e+00   2.1756554e+00   3.0284551e-01   3.4980039e+00   6.5500948e-01  -1.7044836e+00  -6.7759798e-01   1.7612992e+00   9.4909311e-01  -3.2141341e+00  -1.8370416e+00   3.5130418e+00   3.1134910e+00  -9.4087792e-01  -7.2891791e-01   1.3039255e+00   1.8841297e+00  -2.5916896e-01  -3.1386282e-02
   6.1572801e+00   2.5852287e-01  -7.6025338e-01  -3.5024608e-01   1.0245470e+01   8.7703672e+00   2.3436628e+00   9.5481332e-01   5.5182187e+00   2.3316528e-01  -2.7296238e+00  -4.8516214e-01   1.1472502e+00   4.0709921e-01  -1.2485748e+00  -2.0751052e-01  -1.0658923e-01   8.2303995e-01  -2.3867145e-01   8.3429573e-01   2.8968370e+00   2.0453144e-01  -8.1145894e-02   3.0437913e-01
   5.6256849e+00   1.6842632e+00  -1.3328308e+00   4.7295761e-01   1.2071133e+01   1.0250177e+01   2.6693068e+00   3.2301974e-01   3.9415166e+00   2.9460210e-01  -2.1078963e+00  -2.6143716e-01   1.4697834e+00  -3.6680287e-01  -2.1674158e+00  -6.0202838e-02  -5.9338548e-01  -1.1077986e+00  -1.0167409e+00   1.4080151e+00  -5.7662788e-01  -1.7103020e+00   1.0790556e+00   1.4596638e-01
   5.1966108e+00   1.1546271e+00  -6.6577528e-01   4.4022932e+00   1.0247987e+01   7.4935305e+00   1.7451752e+00   2.5069478e+00   4.8809736e+00  -1.0493956e-01  -6.6533850e-01  -3.1868560e-01   9.4815735e-01   1.4296186e+00   3.5864610e-02  -2.0442346e+00  -1.3686026e+00   8.0133945e-01  -1.6193709e+00   1.1455468e+00  -3.4768564e+00  -1.4924808e+00   1.8172026e+00  -7.3724371e-03
   6.9251839e+00   3.8142655e-01  -1.9715621e+00   7.5105653e-01   1.0392719e+01   6.9489295e+00   9.4978789e-01   1.6388009e+00   2.9516846e+00  -1.7413911e+00  -1.1180428e+00  -5.4188668e-01   1.7353145e+00   1.1650939e+00   7.7815389e-01  -4.6342357e+00  -2.4229377e+00  -9.2362925e-01  -2.1861527e+00   9.6316489e-01  -3.1821641e+00   1.3050502e-01   6.2757051e-01  -1.6506727e-01
   6.9297666e+00   3.0543691e+00  -3.8709079e-01  -3.5556475e+00   9.0317734e+00   1.1623000e+01   7.7436589e-01   2.0152430e+00   7.9785009e-01  -9.8755939e-01  -4.9874662e-01  -3.5599604e-01   2.1090485e+00   1.8914363e+00  -2.3278568e+00  -5.3437313e+00  -6.4610293e-01  -4.1776790e+00  -8.0618438e-01  -8.2134098e-01  -2.9392167e+00   1.6872167e+00  -1.4210696e+00  -2.0885094e-01
   7.3620787e+00   2.4820330e+00  -3.0494220e-01  -2.4994256e+00   9.0448334e+00   6.7999983e+00  -1.2451760e-01   2.0136195e+00   1.2098323e+00   9.3166954e-01  -1.2498365e+00  -4.9038285e-01   3.8020628e-01   8.9430631e-01  -2.2956234e-01  -2.5627835e+00  -2.5070587e+00  -4.7405983e+00   1.1716464e+00  -5.2538525e-01   1.0688824e-01   1.6685196e+00  -1.7774432e+00   1.1832363e-02
   8.1417361e+00   2.9414783e+00  -4.9908705e+00  -1.9880627e+00   9.9527754e+00   1.3014775e+00   1.0730513e+00   1.0875270e+00   1.3430747e+00   1.0893551e+00  -2.7310460e+00  -6.5771392e-01  -1.1287414e+00   5.2609196e-01   1.9284392e+00  -6.3726043e-01   2.4628874e-01  -3.7850200e+00   9.8765669e-01  -2.5796400e+00   1.5509377e+00  -7.0817894e-01  -1.3450743e+00   6.5772759e-02
   6.8895086e+00   1.7793314e+00  -1.4015828e-02  -3.8769112e+00   6.1716297e+00   4.9987933e+00   2.5579148e+00   1.3145810e+00   2.8394047e+00  -2.7706888e-01  -2.6680579e+00  -3.7327919e-01  -1.0368258e+00   1.5364903e+00   2.3788743e+00  -3.0083234e+00   1.7121949e+00   3.1356567e+00  -4.2707000e-01  -2.9469244e-01   6.0641436e-02  -2.1400262e+00  -3.3492744e-01  -7.7186393e-02
   5.4729396e+00   4.1948579e+00   2.3601048e+00  -3.8227953e+00   1.0837808e+01   6.8460727e+00   9.1463473e-01  -1.5046978e+00   2.3094704e+00  -1.4454586e+00  -1.8072474e+00  -3.1588873e-01  -7.9874387e-01   1.4905737e+00   1.9539931e+00  -8.9737108e-01  -3.8231280e-01   5.9735961e+00  -1.5275675e+00   2.2820928e+00  -4.6946379e-01  -1.9519921e+00   5.1159022e-01  -9.7925241e-02
   7.1412383e+00   4.1600786e+00  -4.1211845e-01  -6.0945444e+00   1.1170609e+01   8.7311858e+00  -6.8591430e-01   2.8676932e+00   8.1759658e-01  -1.0109629e+00  -2.2141270e+00  -7.7707504e-01   7.0879944e-01   1.6286057e+00  -3.2586770e+00   1.7231548e+00   1.2185857e+00   3.9572909e+00  -1.0117688e+00   1.6595002e+00   4.0897641e-01  -5.7984857e-01   4.9987030e-01  -4.2873465e-03
   6.8177555e+00   3.9869653e+00  -1.8608296e+00  -2.2253027e+00   6.8798164e+00   8.3956753e+00   4.0361465e-01   3.7341101e+00   1.6497831e+00  -1.4716860e+00  -2.1906262e+00  -6.0270386e-01   7.3692633e-01   2.2485752e+00  -3.6590130e+00   1.1449744e+00   5.8807809e-01   5.6183819e-01   2.7637220e+00   2.3207640e+00   2.1068619e+00   4.9533254e-03   4.2667836e-01   2.7250060e-01
   7.2802998e+00   4.3261863e+00  -2.7915641e+00  -2.0909253e+00   9.9785042e+00   1.0159928e+01   1.2957716e+00   1.1844273e+00   3.7827130e+00  -1.1337280e+00  -1.7265631e+00  -2.3630265e-01  -1.6651169e-01   3.2197928e+00  -1.3333755e+00   8.6661504e-01  -7.9374162e-01  -2.4388329e+00   6.0706390e+00  -8.0191988e-02   7.5521652e-01  -7.7866448e-01   8.7039504e-01   5.6975654e-01
   6.5087983e+00   7.4846668e+00  -1.9386918e+00  -4.1071432e+00   1.2315978e+01   6.9744587e+00   4.0693748e+00   2.8180812e+00   3.9872051e+00  -1.3766461e+00  -1.4110118e+00  -1.7752402e-01   5.0233059e-01   1.7919029e+00   1.0152416e+00  -8.5376953e-01   1.8222264e-02  -2.4563124e+00   4.3860036e+00  -2.2744969e+00  -1.4940742e-01  -5.3866441e-01   5.4418415e-01   4.5393621e-01
   7.0459493e+00   7.2409171e+00  -2.3732506e+00  -3.8537016e+00   7.2619160e+00   5.7835448e+00   6.5871641e+00   3.2054197e+00   7.8171035e-01  -2.2264796e+00  -1.2983416e+00  -1.3503014e-01   5.1704294e-02   1.2549466e+00   1.1883444e+00   9.9826360e-01  -1.1972056e+00  -4.8328343e+00   1.0810295e+00  -2.1595906e+00   1.3067207e+00   9.8021254e-02  -3.0829519e-01   3.4693814e-01
   7.6884266e+00   5.2174542e+00  -5.4712402e-01  -2.6245688e+00   8.2654439e+00   6.8993986e+00   4.3369238e+00  -6.8813144e-01   2.9261732e+00  -1.7333068e+00  -1.5884607e+00   2.7564198e-02   8.6719826e-01   8.2641405e-01  -1.1787867e+00   9.8056736e-01  -6.9958330e-01  -5.4978455e+00  -5.0610048e-01  -2.7871026e+00   2.6438465e+00   8.8344859e-01  -1.5435462e+00   1.7862082e-01
   6.7680421e+00   7.3422125e+00  -1.7048314e+00  -1.3348171e+00   1.0207963e+01   2.9482070e+00   2.7835413e+00  -3.0185226e-01   6.2733099e+00  -8.0836577e-01  -2.1002814e+00   1.8156045e-01   7.0366920e-01   2.0160939e+00  -1.7924993e+00  -1.3266979e+00   2.5103074e+00  -2.6230560e+00  -2.1377973e+00  -1.4297466e+00   3.0820809e+00   1.1832571e+00  -1.4607441e+00   3.3321780e-02
   7.9485493e+00   8.6736402e+00  -4.0410815e+00  -3.8957344e+00   9.7935796e+00   1.4535926e-01   5.2120355e+00   3.9106317e-01   5.2071751e+00  -7.6053011e-01  -3.3253612e+00  -6.7888088e-02  -8.1047260e-01   8.9450635e-01  -6.3754851e-01  -3.6383060e+00   5.4006757e+00  -1.0225872e+00  -2.0779499e+00   4.1261489e-01   8.2151233e-01   4.2229724e-01  -4.9591681e-01  -1.2339654e-01
   7.9713918e+00   8.5369649e+00  -3.3150208e+00  -5.2081657e+00   1.0263309e+01   5.2259805e+00   2.9429123e+00   5.2120246e-01   4.2643307e+00  -9.3798238e-01  -2.6210076e+00  -3.7321328e-02  -1.1616629e+00  -1.5738240e+00   1.8280721e+00  -3.4149454e+00   3.7103200e+00   3.0182027e+00  -2.2241325e+00  -1.0521408e+00  -2.1792867e+00  -5.6607237e-01   4.2022870e-01  -9.3578098e-02
   5.8710429e+00   5.9618375e+00  -6.9835209e-01  -6.1453535e+00   1.6338784e+01   4.2266311e+00   1.1403135e+00  -4.8073647e-01   5.1629313e+00  -1.0350526e+00  -2.0719728e+00  -4.8089720e-02  -1.2529527e+00  -1.5161881e+00   2.3907717e+00  -1.6657122e+00   2.0351434e+00   4.2016385e+00  -3.3603402e+00  -2.1176377e-01  -2.0666164e+00  -4.5176587e-01   1.0212910e+00  -1.1454286e-01
   6.0643010e+00   6.3373778e+00  -6.3408794e-01  -5.3324257e+00   1.2500841e+01   5.4348752e+00   1.4832036e+00  -1.4441636e+00   3.0265017e+00  -1.5202131e+00  -2.0966326e+00   3.1294114e-02  -1.4799619e+00  -1.3732736e+00   1.0231002e+00  -1.1738160e+00   1.5892097e+00   5.3017643e+00  -1.2416964e+00   3.2495983e-01  -1.1940751e+00   4.5932428e-01   4.9534355e-01  -2.2513278e-01
   7.0226657e+00   7.4991515e+00  -1.7953904e+00  -6.3321727e+00   1.1727529e+01   6.3433697e+00   9.0137949e-01   1.0561005e+00   2.7261650e+00  -1.1470636e+00  -2.0556122e+00  -2.7401010e-01  -1.7488956e+00  -2.0980323e+00  -2.9942487e-01   2.2083988e+00   2.5893635e+00   4.1281531e+00  -2.9392425e+00   2.6218704e-01  -1.8265131e+00   5.9336884e-01   9.1741900e-01  -3.1709337e-01
   5.1756375e+00   5.7083975e+00  -1.2318514e+00  -6.8754800e+00   1.4952751e+01   1.2120258e+01   1.1998346e+00   2.4022369e-01   3.6916013e+00  -1.9299049e-01  -1.8861726e+00  -2.6206031e-01  -5.1242161e-01  -3.0139060e+00  -2.9774878e+00   3.8801424e+00   1.9175576e+00   1.6398108e+00  -2.4577786e+00   1.6950922e+00  -6.9938856e-01   2.7304255e-01   7.2554486e-01  -6.2841690e-01
   3.6920312e+00   3.1292793e+00  -8.4860767e-01  -2.0612281e+00   1.8996874e+01   7.0761695e+00  -3.1268658e+00  -9.2964955e-01   2.0906119e+00  -8.0861066e-01  -8.0107431e-01  -3.7705257e-01   1.1805341e+00  -1.8500507e+00  -3.2677966e+00   4.4447467e+00  -2.0757559e+00  -1.7353858e+00  -1.2737495e+00   1.9026688e+00  -1.3078090e+00  -4.5291684e-01   3.2769785e-01  -3.2559891e-01
   6.9609859e+00   4.0014549e+00  -5.5737110e+00  -1.6476843e+00   1.1742504e+01   7.5281914e+00  -1.8934169e-01   2.0913497e+00   2.2951954e+00  -1.2798757e+00  -1.6355842e+00  -8.5980999e-01   3.0220283e+00   8.9266060e-01  -2.1560511e+00   9.5761923e-02  -4.6918675e+00  -3.0160403e+00  -1.3214029e+00  -4.7871831e-01  -2.2513580e+00  -4.9345219e-01   5.4088096e-01   3.1037394e-02
   7.9007927e+00   5.5775468e+00  -4.5261555e+00  -2.2789506e+00   1.0219019e+01   6.0363241e+00  -3.1465653e-01   2.9845407e+00   1.4626545e+00  -1.2829962e+00  -1.6893596e+00  -4.6353361e-01   1.3836537e+00   1.5849020e+00  -4.4127170e-01  -5.0505345e+00  -3.6674486e+00  -3.7136838e-02  -1.9224699e+00  -3.8113448e+00   3.7607727e-02   6.8996343e-01  -2.7737154e-01   6.6504969e-01
   7.6042993e+00   5.8232546e+00  -2.6271541e+00  -6.6229759e+00   1.2303878e+01   8.1161199e+00  -2.1883744e+00  -2.4349489e+00   6.2854301e-01  -6.9597599e-01  -6.3070848e-01  -1.7226369e-01  -1.0407353e+00   8.6683419e-01   1.3129227e+00  -7.4395045e+00   2.3611623e+00  -1.3896446e+00  -2.5264638e+00  -5.7732328e+00   2.3366604e+00   9.4570799e-01  -9.0591300e-01   7.1251242e-01
   5.4458550e+00   4.5957324e+00  -2.9837937e+00  -7.1493841e+00   1.3215015e+01   6.7265001e+00  -5.0110543e+00  -4.3835174e+00   2.9803496e+00  -6.5615358e-02  -1.7195695e+00   2.7674882e-01  -3.1931310e-01   2.1055031e+00  -1.1355786e+00  -4.8831632e+00   4.6597610e-01  -3.0621025e+00   2.7376537e+00  -3.5801576e+00   2.0572042e+00   1.6373931e+00  -1.8374342e+00   2.9754959e-01
   6.6273517e+00   5.7926134e+00  -4.3755078e+00  -1.0371724e+01   1.3786250e+01   5.0986366e+00  -1.6308385e+00  -2.8844704e+00   5.0413384e+00  -4.7000414e-01  -2.9793488e+00  -1.6118258e-01   1.4899831e+00   5.3253916e-01  -2.3004647e+00   9.1319834e-01  -4.0735340e+00  -3.4658152e+00   4.1589573e+00  -5.7196877e-01   9.0445086e-01   1.7228901e+00  -1.4469427e+00  -4.1163673e-01
   7.9102968e+00   8.7511221e+00  -5.3553465e+00  -7.7293211e+00   1.0176797e+01   2.9519121e+00   3.5130560e+00  -2.1609350e+00   2.3420631e+00   1.0601075e+00  -3.2711907e+00  -2.2749784e-02   8.3141429e-01  -1.8410590e+00  -1.3181970e+00   4.7150527e+00  -4.5634171e+00   4.0473767e-01   6.1468706e-01  -8.4598272e-01  -8.1117705e-01   9.7401142e-01   3.2930502e-02  -8.6302009e-01
   8.6070530e+00   4.5443685e+00  -4.8920747e+00  -4.9632099e+00   7.7126857e+00   4.8046911e+00  -2.1199362e-01  -4.4041933e+00   2.3043626e+00   1.3254978e+00  -2.0253119e+00  -6.3996949e-01  -1.6303024e+00  -3.0741851e+00   2.5315090e+00   5.8977756e+00  -1.6126649e+00   4.3340205e+00  -1.4040306e+00   1.2848043e+00  -1.3165943e+00  -8.8276638e-01   2.4154271e-01  -4.1433216e-01
   5.7031257e+00   2.4582663e+00  -4.7028058e+00  -2.7810622e+00   9.4066710e+00   7.4805793e+00  -4.7984462e+00  -4.8926301e+00   3.1320720e+00   4.9765082e-01  -2.1471922e+00  -7.7838786e-01  -2.5762470e+00  -1.9916119e+00   3.0070218e+00   1.8470187e+00   3.9739931e+00   6.5418673e+00  -4.5782042e-01   5.5560367e+00   1.1044847e+00  -2.8417896e+00   8.8926789e-01  -2.3946392e-01
   5.2854836e+00   4.3277636e+00  -9.0451466e-01  -3.9991904e+00   1.1752315e+01   9.3353337e+00   4.1886679e-01   4.0858353e-01   2.6714426e+00  -1.5129254e+00  -3.1790340e+00  -4.0486178e-01  -1.7387614e+00  -1.4109004e+00  -1.4994990e+00   2.2282156e+00   6.2862675e+00   3.0906784e+00   1.2549462e+00   5.9423896e+00   3.9450054e+00  -1.2194564e+00   6.2473530e-01   1.0159276e-01
   5.7067110e+00   5.8720066e+00  -2.8385938e+00  -5.4408028e+00   1.4117972e+01   1.0499392e+01   2.5108952e+00   3.7667317e+00   3.8152502e+00  -1.7833653e+00  -1.3604278e+00  -4.9949952e-01   1.5284458e-01  -4.3443201e+00  -4.9318485e+00   1.9884268e+00   8.6078246e+00   9.2495722e-01  -1.9780377e+00   2.7020633e+00   4.6690059e+00   8.3281825e-01   1.3797758e-01  -3.5383015e-02
   5.9971183e+00   7.2114769e-01  -8.0734292e+00  -2.9101612e-01   1.4786437e+01   7.9313025e+00  -1.9842450e+00   1.7971021e-01   7.8802815e+00   6.3682121e-01  -1.4815911e+00  -6.2702452e-01   7.0709937e-01  -4.2522808e+00  -3.7321726e+00   1.6300135e+00   4.2622319e+00   2.7814446e+00  -5.6094212e+00  -4.3004835e+00   4.8120408e+00   1.7939837e+00   1.7284187e-01  -1.5529498e-01
   5.5765753e+00  -2.2549059e+00  -8.5161212e+00  -1.6525090e+00   2.0801347e+01   9.5700308e+00  -6.5639467e+00  -7.2509840e-01   7.5311614e+00   6.7200491e-01  -2.7889472e+00  -7.2038101e-01   1.0297664e+00  -5.7124542e-01   1.6216866e+00  -1.3066222e-01  -3.6836601e+00   3.4610202e+00  -1.9211143e+00  -5.5805809e+00   2.5577948e+00  -1.7624022e-02  -6.1693512e-01   1.4781387e-01
   6.4112006e+00   2.0127987e+00  -3.6640099e+00  -3.4483170e+00   1.4803975e+01   1.3972181e+01  -3.4578440e+00  -3.7962267e+00   8.0315481e+00  -4.9635004e-02  -2.2055115e+00  -5.2736351e-01   7.2090039e-01   2.4584537e+00   4.2298054e+00  -1.3412424e+00  -5.2734906e+00   2.2219501e+00   1.0224750e+00  -6.8804768e-01  -1.7874504e+00  -1.3589570e+00   6.1550794e-01   2.0244079e-01
   7.0443195e+00   4.3693130e+00  -2.6107736e+00  -4.0581457e+00   8.5837121e+00   1.2670483e+01   3.6602319e-01  -2.6161713e+00   7.5763091e+00  -1.4665732e+00  -1.9238703e+00  -3.2760923e-01  -2.0230741e+00  -1.1429186e+00   2.8341796e+00  -3.8590356e-01   1.3646706e+00  -5.3569837e+00  -7.0822593e+00  -7.6042335e-01  -1.7259795e+00   5.7567091e-01   1.2220600e+00   1.8224845e-01
   6.3445967e+00   1.0967187e+00  -4.6813949e+00  -1.1000613e+00   1.2985018e+01   9.7140017e+00  -3.9155176e+00   9.3175130e-02   5.1765320e+00  -3.3232518e-01  -9.9086765e-01  -5.1974922e-01  -3.5362856e+00  -4.0306173e+00  -1.2706260e+00   2.6319254e+00   1.2285613e+01  -7.7055417e+00  -1.2592755e+01   1.3306831e+00  -9.1239972e-01   1.8658504e+00   8.5263334e-01  -8.5931397e-02
   2.5752660e+00  -3.5112438e+00  -3.7561593e+00  -3.4054922e+00   2.3757832e+01   3.6636449e+00  -1.6958499e+01  -3.8104343e+00   6.3697003e+00   1.6768564e+00  -1.5631791e+00  -4.5081548e-01  -2.3695881e+00  -9.9163347e-01  -7.2900396e-01   1.4219897e-01   1.0984361e+01  -1.2078602e+00  -8.1417652e+00   2.0239257e+00  -5.6050269e-01   8.6637085e-01   6.7853982e-01  -2.2399111e-01
   3.3412990e+00  -9.2848816e-02  -4.9972561e+00   1.7324435e-01   2.5645335e+01   6.9172875e+00  -1.3684716e+01  -1.2030705e+00   7.2662530e+00   1.1774259e+00  -1.1069071e+00  -5.9465748e-01  -3.4016664e-01   3.3740816e+00   1.8884459e+00  -1.0338828e+00  -3.8046642e-01   6.2539614e+00   2.2806390e+00   4.0698064e+00   5.0391113e-01  -7.1612812e-01   6.0786475e-01  -1.2422250e-02
   4.9915862e+00   3.4766466e+00  -3.5463489e+00  -4.4815001e+00   1.8730095e+01   1.2257050e+01  -6.9620253e+00   1.0678400e+00   5.6906946e+00  -9.2189249e-01  -8.4804090e-01  -6.2614177e-01   1.2403131e+00   1.8261127e+00   3.5109205e-01  -8.4553984e-01  -4.8709806e+00   6.2762670e+00   5.8501305e+00   4.4969243e+00  -3.5651845e-01  -2.0031347e+00   4.3445233e-04  -2.2299798e-01
   4.6261867e+00   2.6638959e+00  -1.9536313e+00  -2.1128816e+00   1.4928187e+01   1.4798241e+01  -5.4927959e+00   3.7587476e+00   6.2719015e+00  -1.0714293e-01  -4.3663965e-01  -4.5071945e-01  -9.2300417e-01  -5.1418906e+00  -5.1577243e-01  -2.7678214e+00   2.7320792e+00  -1.5428154e-01  -2.3702270e-01   8.4440488e-01   3.9610733e-01  -8.3538076e-01  -6.8747561e-01  -2.7053458e-01
   3.7932919e+00  -2.1504472e+00  -4.7513336e+00  -3.5307390e+00   2.1809935e+01   9.1375684e+00  -1.2279263e+01   4.5404302e-01   6.3320983e+00  -6.8556127e-01  -1.8976612e+00  -8.5728147e-01  -1.7375992e+00  -5.6552613e+00  -2.7010902e+00  -7.3261739e-01   7.4796455e+00  -6.4083571e+00  -1.0413673e+00  -3.3078265e+00   7.3211896e-01   8.1725231e-01  -1.0082041e+00   5.9541452e-02
   2.5559399e+00  -4.9921378e+00  -5.1684224e+00  -4.4538682e+00   2.8203534e+01   8.2456057e+00  -1.1381631e+01   3.7043534e-01   7.5397121e+00  -1.9381089e-01  -1.6133103e+00  -8.8488950e-01  -9.1300996e-01   3.5956253e-01  -1.3808583e+00  -2.6839681e+00   1.9572446e+00  -4.7291002e+00   4.7210912e+00  -2.7895565e+00  -7.0595076e-01  -2.4860742e-01  -4.0373896e-01   6.4763266e-01
   3.4203108e+00  -1.1782286e+00  -5.9905888e+00  -4.4099329e+00   2.3311890e+01   5.9208318e+00  -5.5796586e+00  -2.1997436e+00   6.1549677e+00   3.4731995e-01  -1.7720117e+00  -3.1974457e-01  -4.2858054e-01   7.1186624e+00   1.8330044e+00  -3.4358329e+00  -9.6845927e+00   1.7123090e+00   1.1759707e+01   8.4907653e-01  -4.3590471e+00  -6.9709819e-01   1.0689535e+00   8.5562452e-01
   3.4431623e+00   2.7171304e+00  -3.4052912e+00  -5.6992369e+00   1.7113077e+01   9.3129593e+00  -1.7609614e+00   9.0130622e-01   5.3015407e+00  -9.9649468e-01  -1.1050728e+00   2.5196109e-01  -7.3983591e-01   6.5128646e+00   1.7287120e+00  -1.0988182e+00  -1.3169947e+01   3.3295073e+00   7.1983418e+00   8.5093874e-01  -6.6069444e+00  -2.2733602e+00   8.0607610e-01   3.2352572e-01
   2.7068099e+00   4.6729123e+00  -2.8833927e+00  -8.0618040e+00   1.2828274e+01   1.1172355e+01   5.4996305e-01   1.4622224e+00   9.1261335e-01  -1.3298667e+00  -5.4834969e-01  -1.4226998e-01  -1.4600421e+00   1.8496699e+00   1.5543897e+00   2.9471797e+00  -6.9586127e+00   2.0835097e+00   1.3409185e+00   2.9147706e+00  -4.6904521e+00  -2.7540341e+00   5.7215421e-01  -4.2825165e-01
   1.8029365e+00   1.8515886e+00  -4.1289524e+00  -4.2761600e+00   1.3690421e+01   1.0614105e+01  -3.6489293e+00  -1.8413953e-01   2.5047267e-01  -2.7652579e+00  -1.0160272e+00  -4.8833821e-01  -6.1753754e-01  -4.7199636e-01  -3.2231613e-01   1.6721448e+00  -2.9955916e+00  -1.3972268e+00  -2.6121013e+00   7.5342221e-01  -1.6827824e-01  -2.2825279e+00  -5.1787379e-02  -8.1384628e-01
   2.0503605e+00   2.0290471e+00  -3.2971737e+00  -7.0070169e-01   1.4585298e+01   8.3955234e+00  -2.6242968e+00   2.7151352e+00   1.6448237e+00  -2.8993496e+00  -9.5830321e-01  -5.9197240e-01   6.6755531e-01   4.5584838e-01   4.9891043e-01   3.1929692e-01  -1.2558976e+00  -1.3157688e+00  -8.1851945e-01   1.9478539e+00   3.4782295e+00  -1.0230404e+00  -5.0855887e-01  -2.9200443e-01
   2.8450806e+00   3.3310685e+00  -3.6818749e+00  -6.8715709e+00   1.1741177e+01   8.6055350e+00  -4.0919834e+00   1.4049831e+00   4.6830182e+00  -3.6355451e+00  -9.7777713e-01  -7.4395712e-01   2.1804403e+00   3.4683056e+00   2.4328491e+00  -2.5066281e+00  -3.0195257e+00  -3.0311893e-01   3.9530804e+00   9.3549734e-01   2.0904083e+00   1.8720766e+00  -7.6104571e-01   2.1181787e-01
   3.1870707e+00   4.6169450e+00  -2.3585658e+00  -6.2851532e+00   1.1919050e+01   1.0202987e+01  -4.5628909e-01   3.5894419e+00   3.9136849e+00  -2.4292836e+00  -1.3303130e+00  -4.5246717e-01   1.2605048e+00   1.9270777e+00   4.0350287e-01   2.0798204e-01   2.2588362e+00  -6.7995653e-01  -1.4005153e+00  -3.6621463e-01  -3.4586370e-01   3.7147814e+00   1.7778252e-01  -7.0510600e-03
   4.5052418e+00   5.7600982e+00  -9.4898269e-01  -5.2438763e+00   1.0494257e+01   9.2556949e+00   1.1966874e+00   7.8195312e-01   2.2516545e+00  -1.9217595e-01  -1.9715909e+00  -2.4036401e-01  -7.7124420e-01  -2.0847897e-01  -2.3629044e+00   6.2424102e+00   5.1615233e+00  -1.4765728e-01  -3.6832623e+00  -1.5327384e+00   5.8105665e-01   3.9475626e+00   6.7918130e-01  -3.7567119e-01
   3.1110372e+00   3.7051488e+00  -4.0583655e+00  -1.2025759e+00   1.8597013e+01   7.0505087e+00  -7.3694051e+00   2.4773283e+00   2.3417099e+00   9.5113795e-01  -1.9472257e-01  -8.5434554e-01  -3.5412711e-01   2.2200402e-01  -4.3727588e+00   2.6034312e+00   8.6274295e-01   3.2645690e+00  -6.0011161e+00  -2.7174292e+00   2.7503360e+00   5.7287828e-02   1.3167453e+00  -6.3872515e-01
   1.7262311e+00   3.4742481e+00  -6.3763317e+00  -4.9244216e-02   1.6144481e+01   9.9602882e+00  -6.1603190e+00  -3.3806760e-01   6.3405906e+00   5.9558808e-01  -5.2680041e-01  -1.1065247e+00   6.3084327e-01   1.5484132e-01  -1.7638891e+00  -1.8946006e+00  -2.9036235e+00   4.2085265e+00  -2.1823478e+00   1.1090105e+00   2.3469125e+00  -2.4057849e+00   1.7615782e+00  -3.9690165e-01
   4.0453854e+00   6.0928760e+00  -6.2040295e+00  -4.9773225e+00   1.0388052e+01   1.4747544e+01  -5.7794601e+00   7.3308474e-02   5.9947208e+00  -2.7372339e+00  -7.7590295e-02  -9.7747453e-01   2.2512343e+00   1.9429963e+00   2.0787753e+00  -4.3046169e+00  -7.8134669e+00   1.8842360e+00   6.6307177e+00   1.0113583e+00  -2.9841434e+00  -2.7641141e+00   1.0415700e-01   5.5380404e-01
   4.9843326e+00   4.7984965e+00  -2.5219844e+00  -6.1984039e+00   1.0243302e+01   1.1719967e+01  -2.8718069e+00   3.6474787e+00   3.9455178e+00  -1.9566674e+00   6.1221029e-01  -7.7415199e-01   1.3910501e+00   1.2475867e+00   2.9211588e+00  -5.8580448e-01  -3.4721038e+00  -3.3135996e+00   5.4020500e+00   3.5927936e-01  -4.6329610e+00  -7.5291103e-01  -7.1630971e-02   5.1749664e-01
   4.8588380e+00   5.9575191e+00  -2.8673762e+00  -4.5849213e+00   9.8274020e+00   8.9970232e+00   9.3241550e-01   2.0015926e+00  -9.3696873e-01  -1.9189054e+00  -6.0799243e-01  -1.8982585e-01  -1.7281320e+00  -1.4960814e+00  -5.2835342e-01   4.7594567e+00   7.5350334e-01  -5.1070785e+00   2.2276608e+00  -1.6302153e+00  -1.8901353e+00   2.2073859e+00  -5.3912259e-01   8.6053583e-02
   3.4060801e+00   5.4133066e+00  -3.6629201e+00  -1.1241515e+00   1.1216651e+01   7.8651491e+00  -1.4131818e+00  -7.6329061e-01   2.8569938e+00  -9.4294268e-01  -3.6904580e-01  -7.2410410e-01  -2.6077111e+00  -1.3109835e+00  -2.4911984e+00   2.7421580e+00   2.6726057e+00   3.9535834e-01  -3.5971624e+00  -3.2654497e+00   2.4670794e+00   2.4919156e+00  -1.6039534e-01  -2.8036935e-01
   2.2423137e+00   3.5413488e+00  -6.4260917e+00  -3.7526359e-01   1.1031633e+01   9.0143350e+00  -3.1672814e+00  -1.6662976e-01   3.7037798e+00   6.6982626e-02  -3.9564614e-01  -8.7341810e-01  -1.9424372e+00  -2.2738840e+00   2.8100258e-01  -5.1146294e-01   3.0826085e+00   2.6915514e+00  -5.9220018e+00   5.3276510e-01   5.0065491e+00   1.0516629e+00   5.1546133e-01  -4.8575465e-01
   2.3810281e+00   4.0401063e+00  -4.4794241e+00  -4.1899959e+00   1.3650095e+01   1.2304349e+01  -6.2177020e+00  -1.6658457e-01   5.3257626e+00   7.8826204e-01   2.6544414e-01  -8.5290989e-01  -3.1453883e-01   5.5104770e-01   3.9790810e+00  -2.3141206e+00   2.2394022e-02   2.3641465e+00  -1.4507648e-01   2.7383934e+00   1.2079812e+00   9.2957390e-02   1.4408507e-02   1.9876519e-01
   2.4577082e+00   3.2332931e+00  -2.0376203e+00  -3.8191936e+00   1.3234592e+01   1.0814750e+01  -5.5483271e+00   2.5023872e+00   5.3384705e+00  -1.2070135e+00  -1.5204540e-01  -8.5405494e-01   1.7212279e-01   1.8004080e+00   4.8282740e+00   1.0289161e+00  -1.4562375e-01   1.1189763e-01   2.2833667e+00   5.5991265e-01  -1.2861929e+00  -1.1240651e-01   4.4789537e-05   1.0543712e-01
   2.8265746e+00   6.3939060e+00   1.1146568e-01  -2.8733674e+00   1.0148762e+01   1.0511161e+01  -4.4027367e-01   2.0097909e+00   3.8516202e+00  -1.6650855e-01  -4.6923341e-01  -4.3563789e-01  -1.9733957e+00  -1.2670461e+00   7.3425257e-01   5.8740167e+00   4.2259536e+00  -1.4508321e+00  -8.5605222e-01  -1.9261188e+00  -1.1814966e+00   1.7192436e+00  -1.1887027e-01  -1.2220553e-01
   2.2777247e+00   5.0650609e+00  -1.4791257e+00   5.0979628e-01   1.2563864e+01   1.0078775e+01  -2.6309455e+00  -4.1494854e-01   2.5115617e+00   3.7575816e-01  -2.8240179e-02  -9.2389842e-01  -2.0952563e+00  -2.0569419e+00  -3.1671461e+00   4.7876523e+00   4.8970328e+00   2.8920782e-01  -5.0586716e+00  -4.5879107e+00  -2.9730097e-01   3.0510420e+00  -4.2358471e-01  -2.8535570e-01
  -4.8907373e-01   1.2236533e+00  -3.6572926e+00   2.4565343e+00   2.0324390e+01   1.0496088e+01  -8.9604711e+00  -1.5970949e+00   4.9669721e+00   2.5757417e+00   2.5236124e-02  -1.0012964e+00  -3.7904123e+00  -1.7084960e+00  -1.3586086e+00  -1.5133740e+00   2.4635811e-01   2.0948395e+00  -6.2818672e+00  -1.3989451e+00   1.2159391e+00  -8.5935728e-01   6.5447691e-02  -2.6739745e-01
   9.7264795e-01   2.7330067e+00  -4.9039603e+00   6.9733408e-01   1.5492328e+01   1.1256099e+01  -8.8762357e+00  -2.5760360e+00   4.3348431e+00   1.9984243e+00  -1.0346572e+00  -9.9925922e-01  -3.7104251e+00   1.9639522e+00   4.3295163e-01  -6.8726102e+00  -6.1895664e+00   1.8081205e+00  -1.5974506e+00   3.7097077e+00   2.5246894e+00  -4.5085352e+00   4.2993913e-01   2.7641340e-01
  -2.2065056e+00   4.9971892e+00  -2.1402994e-01  -5.2371973e+00   9.0540671e+00   1.3064759e+01  -6.7404293e+00   9.9191695e-01   4.7638883e+00  -2.2668776e+00   1.3214665e-01  -7.9905367e-01  -1.3630141e+00   3.4544875e+00   9.5538106e-01  -4.4536759e+00  -9.1447398e+00  -1.5555422e+00   7.7106100e+00   4.6186635e+00  -2.2249666e+00  -4.8480085e+00   9.9400952e-01   4.7889816e-01
  -2.4291971e+00   6.1242213e+00  -2.5513296e+00  -5.9522533e+00   8.9146756e+00   1.1506621e+01  -6.1371424e+00   3.8551071e+00   6.4001377e+00  -3.9657350e+00   5.6321325e-01  -6.1039971e-01   1.2286563e+00  -3.1759625e+00  -3.7544793e+00   3.3517781e+00   1.7273176e+00  -4.8650973e+00   2.6822942e+00   1.5770087e+00  -1.1445837e+00  -9.5077600e-01   4.9875938e-01   1.2169978e-01
  -8.3267237e-01   4.7097772e+00  -3.4005364e+00  -8.9918594e-01   9.8961061e+00   8.0375138e+00   1.2358972e+00   2.1153289e+00   5.9687491e-01  -1.7141914e+00   7.1731516e-01  -4.7737896e-01   4.8643808e+00  -8.1905020e+00  -9.3158713e+00   9.1711278e+00   1.1297926e+01  -6.4589008e+00  -4.4314102e+00  -2.1748753e+00   6.9459657e-01   3.1798243e+00  -8.8621660e-01  -3.5005799e-01
   2.1287157e+00  -1.8872310e+00  -8.9424260e+00   3.5559956e+00   1.7662285e+01   6.4720752e+00  -8.8409576e+00  -7.7222887e-01   4.7014742e+00   2.9591725e-01  -5.7910242e-01  -9.7754691e-01   4.1330518e+00  -6.6121227e+00  -6.4075418e+00   8.2117687e+00   1.0457550e+01  -2.8453395e+00  -5.2043298e+00  -4.0592382e+00   3.1461788e+00   3.8512957e+00  -1.0717416e+00  -3.9379218e-01
   2.8111092e+00  -3.2828376e+00  -1.0992289e+01   3.7653700e+00   2.1627151e+01   5.8936804e+00  -1.2035637e+01   4.3271924e-02   6.6551148e+00   3.7203282e-01  -6.2602041e-01  -1.1405671e+00   2.7718561e+00   3.7667430e-01  -2.6162908e+00  -3.5070782e+00   3.8209084e+00   1.5688155e+00  -3.3182682e+00  -1.1094019e+00   3.1920842e+00   6.2754825e-01  -7.7773756e-01   1.6330980e-02
   1.9484898e+00   2.0234469e-01  -8.3667661e+00   4.0331218e+00   1.8735478e+01   8.3105282e+00  -7.3078699e+00  -1.1977216e+00   8.0902860e+00   7.6809651e-01  -3.7273130e-01  -8.6949394e-01   1.2652580e+00   5.3905399e+00   3.4958938e+00  -8.5503561e+00  -5.8229631e+00   4.2961506e+00   8.3993539e+00   1.6522089e+00  -2.0677115e+00  -5.9583801e-01   1.2151331e-01   4.7279216e-01
   3.4152247e+00   4.2300008e+00  -7.6128026e+00  -6.3983664e+00   1.5090872e+01   9.4715105e+00  -4.5080490e+00   6.6397233e-01   3.6905953e+00  -1.0089586e+00  -5.5247673e-01  -5.0690897e-01   9.0262852e-01   5.8200456e+00   3.1861858e+00  -6.3987072e+00  -9.0076910e+00   4.3498429e+00   1.1061771e+01   1.5207789e+00  -5.3661309e+00  -8.9191982e-01   5.5684039e-01   6.2492877e-01
   3.7245450e+00   2.4421597e+00  -5.3883283e+00  -4.1876704e+00   1.2195980e+01   1.1127386e+01  -5.7207666e-03   1.3957343e+00   3.0821668e+00   9.2655946e-02  -4.3360429e-01  -5.8518771e-01  -9.6536296e-01   3.5777174e+00   1.6244008e+00  -1.8010680e+00  -5.2167431e+00   2.2376108e+00   7.8203467e+00   2.5260553e+00  -5.3339457e+00  -9.3668868e-01   1.3934509e+00   3.7580982e-01
