   9.0287949e-01  -1.1381176e+01   1.4051166e+01  -1.4238677e+01   1.3968300e+01  -5.8035564e+00   4.9484043e+00  -1.7806355e+00  -2.1114870e-01   1.1976805e+00  -1.5236344e+00   2.1787749e-02   3.6328469e+00  -4.1629576e+00   6.7031211e+00  -4.8978934e+00   9.3367345e+00   3.9633196e+00   3.2723291e+00   1.5046146e+00  -2.3212817e+00  -2.7123923e+00  -2.0124463e-01   3.9176202e-01
   1.2918536e+00  -1.0877968e+01   1.4728147e+01  -1.2673535e+01   1.5057939e+01  -2.5650698e+00   4.3898170e+00   9.0614993e-01  -2.1390985e+00   5.2824328e-01  -9.8422555e-01   1.6257031e-01   6.8886745e-01   1.7689692e+00   1.1593208e+00   2.5535331e+00   1.0846198e+00   3.5647748e+00  -4.9391574e-02   2.8982322e+00  -1.0001040e+00  -2.1766401e+00   5.4252003e-01   2.3987658e-01
   3.0257416e-01  -7.5043821e+00   1.1789379e+01  -1.0035217e+01   1.1784148e+01  -1.1570022e+00   1.9249536e+00   1.6591128e+00  -1.0455443e+00   5.6050432e-01  -5.7627227e-01   4.3896497e-01  -1.2865400e+00   4.5414827e+00  -2.5084370e+00   5.1999789e+00  -7.0412796e+00   9.8542057e-01  -2.1986702e+00   2.9868934e+00   1.6279274e+00   4.8377278e-01   7.5180046e-01   3.4366061e-01
  -5.7075111e-01  -8.1070279e+00   1.0346872e+01  -1.0990879e+01   7.9201207e+00  -4.4182492e+00   2.1541446e+00   1.5077148e+00  -1.0030210e+00   5.2183520e-01  -3.5662314e-01   1.9682008e-01   1.2711038e+00   1.4924353e+00   1.3549993e+00   1.4022548e+00  -4.3716759e+00  -4.1620837e+00   5.7689652e-01   4.2506483e-01   2.6062988e+00   2.0196553e+00  -1.1483952e-01   2.9378372e-01
  -9.5628117e-02  -5.9544221e+00   1.2479148e+01  -7.2800370e+00   6.9752900e+00  -3.3988358e+00   2.7682352e+00   2.3989222e+00   1.6627036e+00   1.9265437e+00  -7.0973487e-01   5.2015377e-01   1.3876881e+00   5.6655576e-01   1.1176328e+00   1.3633571e+00  -1.6805045e+00  -2.9489488e+00   1.7076493e+00  -7.0611252e-03   1.0222750e+00   1.8581442e+00  -1.9263569e-01   2.0952907e-01
   3.3976105e+00  -9.4142949e+00   1.6415762e+01  -1.1947743e+01   1.0904855e+01  -7.6872784e+00   4.8335210e+00   1.1738425e+00   4.1622565e-01   2.8747066e+00  -1.0897535e+00   5.6265149e-01   2.6950153e+00  -1.3838554e+00   1.0603306e+00  -8.7568248e-01   4.7337230e+00  -2.1877708e+00   2.0354921e+00   6.9842222e-01  -5.5892767e-01   1.1456332e+00  -5.3048879e-01   4.3501711e-01
   3.9992550e-01  -6.0009149e+00   1.0431384e+01  -7.5117496e+00   7.7710245e+00  -3.9459108e+00   3.1467393e+00   1.8154573e+00  -2.2175504e-01   2.1712849e+00  -4.9866061e-01   5.7034288e-01   3.8465010e+00  -2.7136678e+00  -5.6122540e-01  -4.7377484e+00   7.7784175e+00  -4.5653580e+00   2.8419801e+00   2.3152345e-01  -2.7146600e+00   2.1950928e-01  -5.1755265e-01   3.6843116e-01
   3.2239951e+00  -1.0159565e+01   1.2961250e+01  -1.2188547e+01   1.4622838e+01  -7.4263679e+00   5.0181308e+00   2.8470806e+00  -8.9918319e-01   2.1179144e+00  -1.2578935e+00   8.2425119e-01   1.6110409e+00   1.7673485e+00  -4.2220926e+00  -1.3003298e+00   7.1010581e-01  -3.3933624e+00  -2.2365744e-01  -9.3035732e-01  -3.3256989e+00  -4.5632750e-01  -2.4986040e-01   3.1312418e-01
   5.7609311e+00  -9.6522889e+00   1.3364566e+01  -1.4266258e+01   1.6783924e+01  -1.0377328e+01   6.9389005e+00   1.9095883e+00  -1.7515820e+00   2.6342037e+00  -1.4019939e+00   9.4200066e-01   1.8544307e+00   4.5148168e+00  -3.0985895e+00  -6.7955131e-01  -1.0257081e+00  -2.3188662e+00   1.6731093e+00  -2.1627645e+00  -1.3827694e+00  -7.9211918e-01   5.8925967e-01   2.5523145e-01
   3.1336690e+00  -4.9375851e+00   8.6160316e+00  -1.0520983e+01   7.4635633e+00  -9.5616133e+00   2.6019542e+00  -2.6875904e-01  -3.8074093e+00   1.9587560e+00  -1.0128775e+00   8.4650887e-01   2.9804615e+00   1.4651972e+01  -8.0353233e+00   8.4634523e+00  -1.0241771e+01   2.0631245e+00  -3.2761985e+00  -3.8826401e+00  -4.4788570e-01  -2.0671641e+00   5.6992897e-01  -3.7690483e-01
   3.2267346e+00  -1.8396795e+00   7.9561082e+00  -9.3648581e+00   9.8120997e+00  -6.3565874e+00   6.8644916e+00   1.2923029e-01  -8.4179606e-01   1.0626853e+00   2.6272091e-01   9.4206121e-01   5.2825470e+00   1.7264612e+01  -6.7940632e+00   1.0236936e+01  -9.8474264e+00   3.9497740e+00  -4.5469623e+00  -3.1603275e+00   4.7698795e-02  -1.9501438e+00  -1.3878660e-02  -6.4116612e-01
   8.9617855e+00   7.9120886e+00   3.6124934e+00  -1.9440679e+00   2.7460946e+00  -6.3420516e+00   1.4103752e-01  -2.0867006e+00  -2.0259047e+00  -1.9707256e-01  -1.2353574e+00   2.5886368e-01   1.1303767e+01   1.4227963e+01   8.1447123e-01   1.4303052e+00   1.9508196e+00  -3.2926718e+00   3.3586976e-02  -3.8537028e+00  -1.6492715e-01  -1.9649894e+00  -1.2389994e+00  -3.9795536e-01
   1.0770693e+01   9.8197927e+00   5.6752401e+00  -3.1993109e+00   4.3715192e+00  -6.0624479e+00   1.3489155e+00  -1.9219322e+00  -2.5707861e+00   7.8690231e-01  -1.3115719e+00   2.7407408e-01   9.7896414e+00   1.2346256e+01   1.3552678e+00  -1.0651346e+00   4.3244483e+00  -6.0390820e+00  -1.5073327e+00  -4.0476579e+00  -3.0863347e+00  -1.5068935e+00  -1.8979907e+00  -1.3753442e-01
   1.6317340e+01   1.0574623e+01   1.0978173e+01  -1.1458299e+01   1.3110083e+01  -1.4647691e+01   5.4101228e+00  -5.0237320e+00  -3.1903050e+00  -8.5083655e-01  -2.0842302e+00   5.8356939e-01   6.2851155e+00   4.9990036e+00   4.5703249e+00  -7.0826613e+00   6.4473217e+00  -7.1993019e+00   1.1645336e+00  -1.3745950e+00  -1.7314830e+00  -2.1303002e+00  -7.5421122e-01   4.2923317e-01
   1.4233420e+01   1.5348437e+01   6.3061703e+00  -6.2054443e+00   1.1116778e+01  -1.1262391e+01   1.9689499e+00  -4.4737408e+00  -4.8890980e+00  -8.7077290e-01  -2.1598287e+00   5.7340673e-01   2.2760334e+00  -5.0085469e-02  -3.4056414e-01  -2.9722574e-01  -2.1006341e+00  -8.3873446e-01  -3.2727044e+00   8.1440862e-01  -9.8311505e-01  -1.7273653e+00  -3.4202426e-01   8.2987643e-02
   1.6658096e+01   1.2646272e+01   1.0152516e+01  -1.1064993e+01   9.0444477e+00  -1.4541033e+01   1.5778207e+00  -2.8726887e+00  -3.4639732e+00  -2.5636852e+00  -1.9425458e+00   7.5304711e-01   3.9481979e-01  -2.6710490e+00  -3.1145067e+00   2.8039825e+00  -5.9188101e+00   4.3352715e+00  -5.8700245e+00   2.8185239e+00   7.5769430e-01  -1.2922236e+00  -9.9427464e-02  -6.2476922e-02
   1.4014366e+01   8.7088400e+00   5.5772223e+00  -3.8418026e+00   3.2533857e+00  -7.3738785e+00  -1.6439901e+00  -1.7758409e+00  -3.9086246e+00  -9.4772124e-01  -1.8954505e+00   3.1381669e-01   1.0678932e-01  -5.2992215e+00  -7.2975837e-01   3.3049249e+00  -4.3210051e+00   4.9708775e+00  -4.7257768e+00   1.1982111e+00   2.2178664e-02   1.9452921e-01   1.6351811e-01  -2.7507059e-01
   1.7019096e+01   9.8878479e+00   6.6708864e+00  -8.4341464e+00   8.1635639e+00  -1.0089040e+01  -1.5884440e+00  -2.1448961e+00  -2.5440002e+00  -2.7506978e+00  -2.3655605e+00   6.1964903e-01  -3.5477664e+00  -4.2312476e+00  -3.0296057e+00   7.3887390e+00  -3.3614070e+00   7.9178753e+00  -3.8232951e+00  -1.7319776e+00  -1.0651554e+00   3.2353674e-01  -1.5065884e-01  -5.2862493e-01
   1.4213103e+01   8.7788165e+00   6.9523473e+00  -2.5634802e+00   5.0757122e+00  -6.0320712e+00  -3.5365829e+00  -3.0403206e+00  -5.3158165e+00  -4.8547278e-01  -1.7030442e+00   2.2749989e-01  -2.0083015e+00  -1.6475717e+00   7.6267991e-01   2.8709621e+00   5.3657946e-01   4.6068859e+00   1.2515198e-01   4.1453252e-01   6.7418289e-01  -1.1822308e-01   1.9420506e-01  -1.5103381e-01
   1.1237077e+01   6.2644121e+00   4.9205445e+00  -6.2104577e-01   3.0911740e+00  -3.3351238e+00  -3.2108255e+00  -4.8384153e+00  -4.3581104e+00  -2.3095043e+00  -2.2647373e+00   3.2681065e-03  -9.5641903e-01  -1.0261749e+00   2.4859759e+00   5.8776581e-01   1.8693190e+00   1.4404142e+00   1.3409622e+00   2.4943515e+00   1.3731578e+00  -7.4456574e-01  -5.5413619e-02   2.1089562e-01
   1.3892923e+01   8.0492003e+00   7.5964131e+00  -3.4419097e+00   6.5944498e+00  -3.8405077e+00  -6.4507135e-01   1.9271747e-01  -1.9902951e+00  -1.3456526e+00  -1.6545545e+00   3.9545643e-01   8.9749145e-01   3.2427406e+00   2.5691089e+00  -9.2504585e-01   6.2087260e+00  -1.1453246e+00   7.8011568e-01   7.1934575e-01   1.5471923e+00  -1.9821303e+00  -6.8458481e-01   5.2691471e-01
   1.5744558e+01   8.7133937e+00   1.0077817e+01  -7.1132830e+00   1.0208174e+01  -9.0242002e+00  -1.0227565e+00  -1.9887817e-02  -2.1470242e+00  -3.4374565e+00  -2.4729257e+00   8.5201419e-01   2.1278854e+00   4.6581408e+00   4.4155252e+00  -1.4959188e+00   4.5831890e+00  -5.9260519e+00  -6.5903021e-01  -7.1186515e-01   1.9526387e-01  -6.0434632e-01  -1.2069605e+00   2.3359023e-01
   1.3305600e+01   1.2418437e+01   8.2273742e+00  -7.0493039e-01   1.0830301e+01  -4.9055199e+00  -3.4604439e+00  -4.3705657e+00  -4.1005711e+00  -2.8946921e+00  -2.6258272e+00   5.9349892e-01  -1.2649121e-01   2.1043158e+00   1.5019547e+00   1.6963731e+00  -1.7900139e+00  -8.6432936e-01  -1.2594647e+00  -2.0096866e+00  -9.6720279e-01   1.3943899e+00  -3.0888798e-01  -3.8778552e-01
   1.4722567e+01   1.1067005e+01   1.1228352e+01  -4.2334137e+00   7.8480317e+00  -1.1691696e+01  -2.7916845e+00  -3.6245715e+00  -3.0100766e+00  -2.4415041e+00  -3.5895418e+00   2.5463221e-01  -1.7413467e+00   1.2391227e+00  -4.3743124e-01   3.4954974e+00  -3.9027006e+00   2.7901526e+00   1.8846185e-01  -6.3270374e-01  -2.0387381e+00   2.6782631e+00   5.3669508e-01  -5.4665946e-01
   1.4214182e+01   1.0028868e+01   9.2740779e+00  -2.3372847e+00   5.0894999e+00  -3.8032540e+00  -1.6498044e+00  -1.0194707e+00  -3.0095731e+00   2.4795598e-01  -1.5595785e+00   1.1246914e-01  -1.6622282e+00  -2.9771624e+00  -1.6316207e+00   1.7982947e+00  -5.6029377e+00   3.7353480e+00   2.0532058e+00   1.1461835e+00  -1.2494070e+00   2.1963446e+00   8.2417021e-01  -3.9342101e-01
   1.2678247e+01   1.1766862e+01   8.8983187e+00  -1.0538598e+00   7.2245234e+00  -5.3901043e+00  -1.6453835e+00  -2.6444909e+00  -5.7506303e+00  -9.9138587e-01  -2.2010075e+00   2.7253988e-01  -3.5780259e+00  -1.5389490e+00  -1.1083338e+00  -4.5336325e-01  -1.8757909e+00   2.8305562e+00  -1.1546990e+00  -6.1522082e-01  -1.3858522e+00   9.5010469e-01   3.9137855e-01  -3.8177479e-02
   1.1834417e+01   7.6027646e+00   6.9449597e+00   4.0273471e-01   2.7376489e+00  -2.4532935e+00  -9.5378573e-01  -3.1413308e+00  -4.6044047e+00  -3.2523427e-01  -2.0838390e+00  -5.5864263e-03  -2.7551296e+00  -8.3455341e-01   1.1709629e+00  -3.1793664e+00  -3.7990964e-01  -1.6828421e+00  -9.8365721e-01  -4.3776808e-01   1.3197821e+00   3.4949334e-01  -3.2955267e-01   1.9818079e-01
   1.0545410e+01   9.9716335e+00   1.0730410e+01  -6.2834683e+00   6.2102709e+00  -8.1208415e+00  -4.8717424e+00  -3.4864726e+00  -4.2914391e+00  -7.2975191e-01  -2.7403437e+00   2.5639378e-01  -7.3331314e-01   1.0949530e+00   4.0500545e+00  -5.3919243e+00   1.8752303e+00  -2.0161322e+00  -2.2982845e+00   4.6333135e-01   3.1575969e+00   8.8273400e-01   3.0409702e-01   4.9641259e-01
   1.1147906e+01   9.6746524e+00   1.0114477e+01  -4.4915301e+00   5.0267617e+00  -4.9621485e+00  -1.5121107e+00  -1.2551319e+00  -1.7594956e+00   6.4137901e-01  -1.7842394e+00   4.1781337e-01   2.9711131e+00   5.0123160e+00   3.6937477e+00  -3.3668247e+00   3.8955254e+00  -1.4975899e+00  -2.0011178e+00   1.4468883e-01   3.2191528e+00  -1.1016732e+00   1.8618159e-01   5.5533268e-01
   1.1921533e+01   1.2373348e+01   1.3388642e+01  -6.6946139e+00   8.8928125e+00  -7.1598750e+00  -4.8136477e+00  -2.8925933e+00  -2.4366895e+00  -1.5059151e-01  -1.8946617e+00   8.0545887e-01   7.9971066e-01  -1.0093860e+00  -4.9515003e+00   4.4481938e+00  -4.4340721e+00   2.8174729e+00   6.5712027e-01  -6.7478373e-01   1.5697460e+00  -1.5101883e+00   9.0459359e-01  -2.4813944e-01
   1.5603026e+01   1.3920382e+01   1.1156465e+01  -4.4419295e+00   7.2396662e+00  -5.1801616e+00  -3.9845097e+00  -3.2212372e+00  -7.0305038e-01  -2.2673242e+00  -2.2274076e+00   5.5288005e-01  -9.8583207e-01  -2.7303857e+00  -5.9247719e+00   6.4584676e+00  -6.8891866e+00   1.2060754e+00  -6.0198145e-01  -2.0190480e+00  -3.9319207e-01  -7.2176234e-01   1.3567145e+00  -3.4398544e-01
   9.5174162e+00   6.3346900e+00   2.7821653e+00   3.6402225e-01  -1.5472895e+00  -3.7856256e+00  -2.6498625e+00  -3.5155956e+00  -2.4650427e+00  -1.5406827e+00  -1.1618692e+00  -1.8334872e-01  -7.3896753e-01  -3.6273367e+00  -6.9449731e+00   5.1220904e+00  -8.3219840e+00   1.5169497e+00   1.4017953e+00  -4.0254373e-01  -7.6638385e-03   8.6003611e-01   1.2565907e+00  -5.2685453e-01
   1.0871216e+01   8.5984026e+00   6.5305569e+00   1.6668533e+00  -8.6967212e-02  -4.8401601e+00  -3.4969755e+00  -3.9722028e+00  -2.3351071e+00   2.5378112e-01  -1.1556393e-01   3.9623900e-01   3.1367849e+00  -1.6998003e+00  -4.2401990e-01  -5.2757945e+00   9.3417691e-01  -1.4488636e+00   1.1139890e+00  -1.1185995e+00   9.1439643e-01   1.1251618e+00   5.4346384e-01  -2.0102930e-01
   1.3178986e+01   9.5933320e+00   5.2841365e+00  -2.0658697e+00   7.3153124e-02  -5.0544512e+00  -2.9547219e+00  -3.1209261e+00  -1.6321569e+00  -1.2109002e-01  -1.0656975e+00   9.3497596e-02   4.6431386e+00   1.6771577e+00   2.6937537e+00  -5.9053034e+00   4.3756020e+00  -2.6850987e-01   1.0234952e+00   2.7452686e-01   1.3013858e+00   9.4649380e-01  -8.5407255e-01  -2.1162459e-02
   1.8477418e+01   9.7413601e+00   9.2694499e+00  -1.1140675e+01   7.8307103e+00  -6.7190442e+00  -2.1610966e+00  -5.0964711e+00   2.5210136e-01  -1.2893779e+00  -1.4602976e+00   1.1291294e-01   2.7852531e-01   5.0272155e-01  -5.4572631e-01  -2.4199569e+00  -8.0025094e-01  -1.2418524e+00   1.6218779e+00   2.9288816e+00   1.1767120e+00   7.3390658e-02  -1.6322919e+00  -4.5994931e-01
   1.2679023e+01   8.2789477e+00   5.4533494e+00  -2.0901687e+00   1.0572749e+00  -3.2489484e+00  -1.7825592e+00  -2.5416712e+00  -1.8065682e+00   6.5063750e-01  -1.7706112e+00  -7.3429382e-02  -2.3634043e+00   9.1143894e-01  -1.8858594e+00   1.2279705e+00  -3.6898932e+00  -1.5255904e+00   1.6337831e+00   2.6110644e+00  -8.7268363e-01   3.9390061e-01  -8.1531057e-01  -1.6152475e-01
   1.1538986e+01   1.0009677e+01   5.6273610e+00  -1.9509327e+00  -1.7794045e+00  -7.6056902e+00  -1.6502400e+00   1.3149214e-01  -4.8283351e-01  -2.1996649e-02  -2.2115450e+00  -2.1022147e-01   5.5268837e-01   1.5006052e+00  -1.6597319e+00  -2.6296749e+00  -9.2998389e-01  -3.5558728e+00   2.0578345e+00   1.2513261e+00  -1.6913861e+00   1.6398072e-01  -8.7868273e-01   8.0499225e-02
   1.3103096e+01   1.0826332e+01   4.2763918e+00  -4.8187852e+00  -6.5662936e-01  -6.8995139e+00  -7.5947547e-01  -1.8183112e+00  -2.5737149e+00  -1.6392975e-01  -1.9130397e+00   1.2777674e-02   6.4701601e-01  -1.8412907e+00  -1.7289198e+00  -3.4437282e+00   2.2028236e+00  -1.2476277e-01   3.0611222e-01  -7.2003315e-01  -1.0994557e+00  -1.4704631e+00   1.7711993e-01   1.7682340e-02
   1.9094414e+01   1.0718576e+01   7.3683308e+00  -1.3720879e+01   7.2926865e+00  -1.0227571e+01   4.1411327e-01  -3.5811619e+00  -1.9014044e+00  -6.3612324e-01  -2.7071075e+00   1.9055825e-01  -1.9905779e+00  -2.1645459e+00  -2.6181848e+00   2.5477318e+00   3.5995666e+00   4.3732082e+00   1.3345220e+00  -1.9186911e+00  -1.2229903e+00  -7.9771975e-01   5.3082591e-01   5.6276287e-02
   9.8718332e+00   5.1625624e+00   1.9894848e+00  -1.3707877e+00  -1.7453527e-01  -2.1251523e+00  -2.3555675e+00  -1.7653939e+00  -2.7464662e+00  -1.2479938e+00  -1.2571500e+00  -2.4729573e-01  -4.6131866e+00  -8.3596491e-01  -4.4735108e-01   7.1663924e+00   6.8508560e-01   2.6214414e+00   1.1932370e+00  -3.7378497e-01  -5.4438685e-01   5.9843448e-01   1.6617117e-01  -2.2731471e-02
   1.0168750e+01   9.5947429e+00   2.8435374e+00   1.4666629e-01   3.3788984e+00  -3.4330586e+00   1.1495890e+00  -2.7730031e+00  -2.2309433e+00  -6.7654422e-01  -1.7432510e+00   4.2296628e-03  -4.8323239e+00   2.1335126e+00   2.4876538e+00   8.5266074e+00   1.5868061e+00   1.3086106e+00  -3.6423384e-01  -1.3679871e+00  -2.3563421e+00   9.4598687e-01  -1.4315562e-01   1.9815833e-01
   1.0646148e+01   1.0134301e+01   5.8677619e+00  -1.0029695e+00   2.3278931e+00  -6.3646077e+00   6.6264222e-01  -2.7830681e+00  -3.2255257e+00   7.5393246e-01  -2.1457112e+00   7.1844761e-02   2.2940286e-01   7.4406612e-01   4.0368675e+00  -1.9312972e+00   1.5884238e+00  -2.6891730e+00  -2.7612302e+00  -5.4612007e-01  -2.0072187e+00   7.5512279e-01  -1.1731894e-01   2.3400552e-01
   1.1458771e+01   1.1432975e+01   9.1606730e+00  -1.1148773e+00   8.4216815e+00  -6.1449270e+00  -1.6413424e+00  -5.1243055e+00  -5.1963878e+00  -2.1810609e-01  -2.4775603e+00   3.2822550e-01   1.5696373e+00   8.6344859e-01   3.4671038e+00  -3.8442929e+00   1.4461833e+00  -1.9038513e+00  -2.6640908e+00   2.5113325e-01   5.3327681e-01   5.8108169e-01   1.7442011e-01   3.4923060e-01
   9.5709272e+00   5.3595454e+00   4.8862182e+00  -3.6369617e+00  -3.1329105e-01  -4.8029776e+00  -5.1019472e+00  -1.4089228e+00  -4.2745720e+00  -3.4452872e-01  -1.0659738e+00  -5.8285372e-02   1.0078688e+00   8.9970883e-01   5.8416002e-01  -1.1175899e+00   1.1377989e+00   5.0813169e-01  -3.4884433e-01  -2.1905352e-01   7.0617527e-01  -2.4405458e-01   2.5022422e-01   2.3224358e-01
   1.3060817e+01   1.3277294e+01   8.5349650e+00  -4.3027770e+00   6.8687654e+00  -7.0696507e+00   3.5747425e-02  -3.0833759e+00  -9.0650498e-01   7.4430890e-01  -2.0214895e+00   5.9314063e-01   1.0829706e+00   2.4818904e+00   9.4447008e-01  -4.2544522e-02   9.6047092e-01  -8.7740189e-01   1.3337189e+00  -6.2396598e-01   7.8574704e-01   3.7223718e-01  -3.8999790e-01   4.2292526e-02
   1.1356928e+01   1.0561705e+01   7.0568560e+00  -1.0854045e+00   4.8110495e+00  -5.1400483e+00  -6.9916917e-01  -4.1321131e+00  -4.3112043e+00  -9.3356907e-02  -1.9984103e+00   2.8775257e-01  -1.8241390e-01   6.1066411e-01   1.8657693e-01   9.2441462e-01   5.7812644e-01  -9.0125803e-01  -7.1004073e-02  -1.5509928e+00  -7.7368499e-01  -2.2464756e-01  -6.0417884e-01  -1.2083069e-01
   1.2190226e+01   1.2554731e+01   9.4920593e+00  -2.4544727e+00   7.3002176e+00  -7.2924945e+00  -1.8421531e+00  -4.6986593e+00  -3.9994512e+00   2.1466377e-01  -2.5963390e+00   2.1864532e-01   3.1679572e-01  -4.8985108e-01  -1.2906933e+00  -1.8184052e-01  -2.4608189e+00   1.4433646e+00  -1.5309135e+00   2.6131333e-01   1.1335178e+00  -3.6137468e-01   4.3137567e-01  -2.6126812e-01
   9.7326016e+00   6.6368228e+00   4.6875365e+00  -3.1744919e+00   3.3817253e-01  -6.0434427e+00  -4.2695031e+00  -2.9277703e+00  -3.8886264e+00  -4.1667750e-01  -1.6848173e+00  -5.2283749e-02   1.8448648e+00   8.8512405e-01  -4.3567694e-01   4.4780564e-01  -2.5600311e+00   1.5683811e+00  -3.4472828e-01   1.0490750e+00   3.0833883e+00  -1.1989322e-01   5.4879212e-01  -1.4643518e-02
   1.4348174e+01   1.4504958e+01   7.7835848e+00  -3.5309940e+00   5.4139756e+00  -4.4529066e+00  -4.7545593e-01  -3.2935773e+00   5.8248278e-01   3.6390718e-01  -1.5312225e+00   3.7125661e-01   3.3503454e+00   1.8012264e+00   4.3753789e+00  -3.1758022e-01  -8.1944187e-01   3.1952325e-01  -3.1188909e-01  -2.3105599e-01   3.2077769e+00  -1.2303031e+00   3.4325382e-01   2.2316666e-01
   1.3045252e+01   1.0914278e+01   7.2575778e+00   1.2456464e-01   1.9141238e+00  -4.2072707e+00  -1.8996101e+00  -3.2610416e+00  -1.9770888e+00  -3.4781844e-01  -1.7077803e+00   1.8948165e-01   7.0228076e-01   1.3290972e+00   2.5034875e+00   2.1634658e+00   1.2110724e+00  -1.3028504e+00   3.6133546e-01  -1.5908115e+00  -2.7110497e-01  -1.1105267e+00  -2.5277547e-01   1.4823970e-01
   1.5559419e+01   1.3117843e+01   1.4770107e+01  -4.5803713e+00   5.2830792e+00  -7.7312956e+00  -3.4949332e+00  -4.8786076e+00  -1.4355463e-01  -1.6652204e+00  -2.0699767e+00   4.3251260e-01  -3.4134571e+00  -3.2654885e+00  -8.9920707e-01   2.6981992e+00   7.8274775e-02  -4.8756744e-01   1.1650336e-01  -5.5897945e-01  -2.6646968e+00  -1.1117015e-01   7.5887627e-02  -8.9645713e-02
   1.0180400e+01   9.3240260e+00   4.9495066e+00   5.9539552e-01   2.2202293e+00  -6.3585238e+00  -2.2177613e+00  -4.5214724e+00  -3.9322652e+00  -1.0679038e+00  -1.7946034e+00   1.3944780e-01  -1.2781512e+00   1.3935949e+00   1.5861411e+00  -2.3146378e+00   5.5734444e+00  -2.3012657e+00   1.3213760e+00  -4.7337867e-01  -1.4588280e+00   1.3541706e+00  -2.3195246e-01   2.2357447e-01
   1.0660414e+01   1.0401851e+01   7.5888098e+00   2.8088927e-01   5.3783350e+00  -4.1086312e+00  -1.4162533e-01  -3.5018311e+00  -2.4369742e+00   5.5719464e-01  -1.3739795e+00   2.6180496e-01   3.9881128e-01   3.2320639e+00   1.1251345e+00  -2.0344281e+00   5.2365965e+00  -1.7928606e+00   6.6320292e-01  -4.3942043e-01  -1.8954091e+00   1.8195311e+00  -5.3489509e-01   6.1620997e-03
   1.3577528e+01   1.4362666e+01   1.3227438e+01  -5.7780224e+00   1.0226662e+01  -9.4705014e+00  -1.5942001e+00  -4.6594979e+00  -3.0186211e+00   5.7222996e-01  -2.4037076e+00   6.1019717e-01   4.0619573e+00   5.1812344e+00   6.0274025e+00  -6.1218023e+00   5.9363473e+00  -6.8862585e-01  -4.9461497e+00  -2.1394114e+00   1.7906797e+00  -8.2027903e-01  -1.2778801e+00   5.7182360e-01
   1.4459072e+01   1.5446619e+01   1.2318843e+01  -4.4453046e+00   9.1347573e+00  -8.8645977e+00  -2.8119094e+00  -5.4687255e+00  -3.4434904e+00   2.4400936e-01  -2.5677673e+00   2.0638107e-01   2.3986871e-01  -1.3959365e+00  -1.0675444e+00   4.2369537e-01  -4.0157458e+00   3.6799508e+00  -4.0861360e+00   2.9858378e-01   1.8790245e+00  -2.2781206e+00   2.8213186e-01  -5.9683263e-02
   1.4374007e+01   1.4573494e+01   1.1625594e+01  -6.2242111e+00   9.2465391e+00  -5.0134793e+00  -8.3018438e+00  -6.7471423e+00  -7.4298753e-01  -2.1417297e+00  -3.1145296e+00   1.0248951e+00  -1.2388224e+00  -3.3834519e+00  -2.7175158e+00   4.4780599e+00  -7.9044765e+00   7.1975470e+00  -8.2318701e-01   9.4817606e-01   1.6701188e+00  -2.3697105e+00   9.3566772e-01  -8.1382624e-02
   1.0621977e+01   8.2025324e+00   6.7884153e+00   1.1395267e+00  -1.5522203e-01  -8.1721607e-01  -2.9170076e+00  -2.0101332e+00  -7.5625423e-01  -1.5030064e+00  -5.9537071e-01  -3.5068923e-02  -4.3720774e-01  -2.5704994e+00  -6.3154354e-03   4.9727316e+00  -5.2643692e+00   4.1655294e+00   2.0175382e+00   4.1227408e-01  -1.1064883e+00  -1.2916779e+00   6.5715799e-01  -1.9120217e-02
   1.3637842e+01   1.2909531e+01   1.1916378e+01  -1.8533481e+00   3.0149373e+00  -2.6978718e+00  -2.7764315e+00  -4.9665299e+00  -1.8570610e+00  -2.1088280e+00  -1.9864043e+00   6.0884823e-01  -2.7111316e-01  -1.3178293e+00  -1.4530193e+00   3.5754580e+00  -3.4657816e+00  -9.9325339e-01   2.8114376e+00   4.4009133e-01  -3.6226526e+00   2.0707183e-01   9.7271874e-01  -5.0826403e-01
   1.4171343e+01   1.2422851e+01   1.2163978e+01   8.2836131e-01   4.3540044e+00  -3.7741074e+00  -2.5483082e+00  -5.7406206e+00  -4.5461861e+00  -1.7099583e+00  -2.1460929e+00   3.8572420e-01   3.2139733e+00   4.5227814e+00   5.2506667e+00  -9.1392197e+00   6.8038443e+00  -4.7891537e+00  -1.2000233e-01  -2.7404281e+00  -2.9407427e-01  -9.3622880e-01  -1.4093413e-02   3.4187279e-01
   1.2192654e+01   1.0486590e+01   6.7582836e+00  -7.0544143e-01   1.7932535e+00  -5.0249137e+00  -4.2690370e+00  -4.2217616e+00  -4.2820005e+00  -1.7276460e+00  -8.8009041e-01   5.2102537e-02  -9.5901662e-03  -4.1709821e-01  -6.9255989e-01  -3.3554577e+00   2.1817635e-01  -1.2334464e+00  -2.0580088e-01   1.5278762e+00   1.5421878e+00   3.3224486e-02   6.7583276e-01  -3.1895468e-01
   1.6165531e+01   1.6198175e+01   1.7243463e+01  -1.3143256e+01   1.0661386e+01  -6.8374257e+00  -2.3507083e+00  -6.4931595e+00   1.5104132e-02  -3.0979406e+00  -1.1696678e+00   7.5611311e-01   3.1620194e+00   3.3994968e+00   3.6343757e+00  -1.0261452e+01   8.8824854e-01  -1.0050869e+00   2.0837549e+00  -1.2747047e+00   6.0697933e+00  -8.7353746e-01   4.6040616e-01   6.7814584e-03
   1.2626362e+01   1.0396222e+01   8.3377958e+00   9.9274099e-02   1.8851084e-01  -3.0163823e+00  -3.1839328e+00  -2.2984461e+00  -1.8244244e+00  -1.3650001e+00  -1.4608677e+00  -5.4778247e-02   7.3271927e-01  -5.7819982e-01  -1.9132057e-01  -2.5916238e-01  -4.5162898e+00   1.2401318e+00   1.2264614e-01  -1.5070999e+00   2.3711446e+00  -9.1642459e-01  -5.8742894e-01  -3.0146867e-01
   1.8697518e+01   1.7567280e+01   1.6825785e+01  -1.4966175e+01   6.4887486e+00  -6.2860034e+00   3.4772002e-02  -8.6143353e+00   3.3297158e+00  -3.2015875e+00  -1.1650950e+00   4.4933678e-01  -3.2125829e+00  -5.7474826e+00  -5.7585908e+00   1.0572540e+01  -8.3061012e+00   4.8445072e+00  -1.3306617e+00   1.1774756e+00  -1.3663451e+00  -2.5024122e-01  -5.6826543e-01  -6.4242260e-01
   1.2025739e+01   8.9347380e+00   6.6801414e+00  -1.8272558e-01  -2.8948623e+00  -3.4404271e+00  -5.2778080e+00  -5.4218236e+00  -2.3825896e+00  -3.0504594e+00  -1.7635202e+00  -2.4671230e-01   1.6415446e+00  -2.5072186e-01   2.3699789e+00  -2.8923105e+00   1.5350554e+00   3.4831751e+00   1.0988658e+00  -2.3373433e+00   8.1607336e-01  -1.4520089e+00  -7.9664636e-01   3.2311801e-01
   1.1646968e+01   8.3076933e+00   9.4344036e+00   2.8565540e+00  -2.5607897e-01   6.4135755e-01  -3.2997633e+00  -3.1652574e+00  -1.7553309e+00  -2.6305727e+00  -1.8707397e+00  -1.1155375e-01  -1.0636682e+00  -1.6506022e+00  -1.8871883e+00   4.6544377e+00  -1.1802670e+00   4.2862909e+00  -7.1507860e-01   2.8327943e+00  -1.9853997e+00   1.5114857e-01  -4.8277710e-01   1.4422417e-01
   1.8613954e+01   1.4649933e+01   1.5588455e+01  -1.3150556e+01   5.8635077e+00  -1.2553001e+00   1.3163365e-01  -8.5290000e+00   1.9422090e+00  -3.8285208e+00  -2.3030149e+00   7.1034404e-01   1.9856808e+00   5.2227944e+00   2.4606084e+00  -6.2885321e+00   8.8135578e-01   4.6440074e-01   3.7631020e-01  -1.0077837e-01  -1.0666036e-01  -8.4359026e-01  -4.1973772e-01   4.3147678e-01
   1.3807908e+01   1.2233780e+01   9.5408460e+00  -1.5006032e+00   3.3916307e-01  -9.4913057e-01  -3.7425667e+00  -2.8115556e+00  -1.8107830e+00  -2.5858339e+00  -1.6195133e+00   1.8714487e-01  -1.2530841e+00   9.4861343e-01  -3.0910596e+00  -8.0572309e-01  -3.3982866e+00  -1.6069477e+00  -1.9923881e+00   5.8368577e-01  -8.5560734e-01   2.6501509e-01   2.7024359e-01   1.2669642e-01
   1.3923790e+01   1.4805886e+01   1.0317833e+01  -7.4369451e+00  -1.8704496e+00  -1.9485820e+00  -4.4919410e+00  -5.7498420e+00  -2.5148540e+00  -4.3382142e+00  -2.5187400e+00   2.5115356e-01  -1.1602046e+00   8.7548409e-01  -1.0589712e-01  -1.0058034e+00   8.4289817e-01   1.5244007e+00  -1.5004793e+00  -1.6365738e+00   1.7529775e-01  -3.0792998e-02   5.4537370e-01   2.8711147e-01
   1.2112424e+01   9.6526367e+00   7.4331253e+00  -1.2088362e+00  -1.4865302e+00  -1.4224231e+00  -3.9765582e+00  -3.6793078e+00  -8.1021036e-01  -1.9782034e+00  -1.3575118e+00   3.0808612e-01   1.9845203e+00   1.8114140e+00   3.9971251e+00  -2.5040430e+00   3.8737851e+00   1.1951857e+00   1.4309868e+00  -4.3896970e+00   1.8201601e+00   5.9705516e-02   1.6167706e-01   6.4877834e-01
   1.7721390e+01   1.7253731e+01   1.6483470e+01  -1.4805145e+01   8.0407016e+00   1.2679472e+00  -2.0020895e+00  -1.0549985e+01   1.7048693e+00  -4.1785256e+00  -1.6159551e+00   1.0805406e+00   1.3071713e+00  -7.2835826e-01   1.0272916e+00   4.8095607e+00   9.6285601e-01  -1.5303376e-01   1.0711919e+00   4.1516408e-03  -6.6355607e-01   9.6106551e-01   4.4356352e-01  -1.0269073e-01
   1.4885889e+01   1.3726979e+01   1.2453715e+01  -1.5725679e+00   1.1942651e+00  -7.6461666e-01  -2.8410122e+00  -6.9960298e+00  -1.1904044e+00  -2.5761200e+00  -1.8283901e+00   7.4561885e-01  -1.5397463e-01  -1.8447030e+00  -1.6389339e+00   6.0926430e+00  -2.3507138e+00  -1.2302683e+00  -8.7657614e-01   1.0673619e+00  -2.9962985e+00   9.6482855e-01   2.3571319e-01  -3.8438772e-01
   1.4497815e+01   1.1676178e+01   9.3484753e+00  -4.0738247e-02  -1.7665633e+00  -2.5070358e+00  -3.4529261e+00  -4.0852535e+00  -3.3200911e+00  -2.5976577e+00  -1.6179555e+00  -1.2164890e-01  -3.2875784e+00  -5.5990087e+00  -6.4229359e+00   1.0712432e+01  -6.3804349e+00  -1.6880321e+00  -1.1310491e+00   5.2612101e+00  -2.6132400e+00   1.9209404e+00   5.9866590e-01  -6.3654059e-01
   1.3493249e+01   9.6743584e+00   8.5422216e+00   5.4792510e-01  -1.0896857e-01  -1.3803340e+00  -4.5660041e+00  -5.3106304e+00  -2.7921780e+00  -1.3213945e+00  -1.0029418e+00   3.3259929e-01  -1.0300079e+00  -1.1848462e+00  -1.1605487e+00   1.4250602e+00   8.2160566e-01   5.5120085e-01  -9.8520044e-01   1.4742528e+00  -8.2179084e-01   7.1430494e-01   8.8539993e-01  -1.2343364e-01
   1.3486342e+01   1.0881528e+01   8.8048125e+00   2.0325694e-01  -8.7833385e-01  -9.5624223e-01  -2.8361672e+00  -3.5008692e+00  -1.4141040e+00  -1.9244777e+00  -1.1306805e+00   3.3223952e-01   1.4967860e+00   1.8916988e+00   3.8970280e+00  -2.1420822e+00   6.8504433e-01   6.3162053e-01   1.5685875e+00  -3.4235498e-02   1.1823439e+00  -3.6262545e-01  -2.0897721e-02   3.3542081e-01
   1.3846614e+01   1.2347035e+01   1.0984723e+01   4.4302485e-01   1.9825588e+00  -7.1321217e-01  -4.6271923e+00  -5.0768427e+00  -3.3760843e+00  -1.8412525e+00  -7.4392777e-01   3.3352417e-01   4.6315217e+00   9.4944289e-01   6.9912882e+00  -9.6379579e+00   4.2467912e+00  -2.2679731e+00   3.5676172e+00  -1.1930534e+00   5.2126151e+00  -2.2750066e+00  -5.9637061e-01   1.7707706e-01
   1.6566312e+01   1.3177388e+01   1.3972766e+01  -3.2014115e+00  -1.7847605e+00  -1.8931659e+00  -1.0694508e+00  -4.2535006e+00  -1.2546221e+00  -2.8816668e+00  -1.7788091e+00   3.8101988e-01   1.0182460e+00  -1.7451034e+00   5.9474620e-01  -3.2969555e+00   1.2091349e+00  -1.2907847e+00   9.6287695e-01  -4.4146852e-01   3.3825639e+00  -1.6130023e-01   2.7659262e-01   4.8460831e-03
   1.8900547e+01   9.9505925e+00   1.6445177e+01  -1.2206678e+01   6.7144315e+00  -4.3138318e+00  -9.7936505e-02  -6.7238948e+00   4.9470038e+00  -4.2553099e+00  -1.5734334e+00   5.7382470e-01  -1.1808180e+00  -5.5462124e-01  -1.1538103e+00   6.1566512e-01  -2.6208941e-01  -3.6094096e-01  -8.2225997e-01   2.4331177e-01   1.9456696e+00   7.6655721e-01   2.9116278e-01   3.5792146e-01
   1.2486744e+01   9.4620936e+00   6.9667051e+00   1.5826749e+00  -1.4305679e+00  -1.0921095e+00  -3.6564797e+00  -3.3395460e+00  -5.0180210e-01  -9.5939939e-01  -3.0103873e-01   2.1935838e-01  -2.0035178e+00   2.1588670e+00  -1.0240597e+00   4.4056223e+00   3.8036129e-01  -2.1039489e-02  -2.2268162e+00  -4.1136737e-01  -1.9823699e+00   1.8238991e+00   2.4406286e-01   2.8277832e-01
   1.4115170e+01   1.3372750e+01   1.2757039e+01  -1.0255206e+00   1.4123284e+00  -1.6551518e+00  -4.5670678e+00  -5.1688524e+00  -8.3398986e-01  -1.6525505e+00  -1.0460688e+00   9.5123711e-01  -4.0288413e+00   7.8975686e-01  -5.9051659e+00   8.0438141e+00  -4.1698807e+00  -1.9990120e-01  -9.1989257e-01   1.8374655e+00  -4.8789507e+00   2.1572105e+00   2.7484548e-01  -2.3821984e-01
   1.5953723e+01   1.4704610e+01   1.4280746e+01  -2.1835564e+00   1.4368330e+00  -3.2540651e+00  -2.1751094e+00  -5.6480729e+00  -1.3376802e+00  -1.4471979e+00  -1.6763971e+00   6.1648115e-01   4.6757119e-01  -9.0880767e-01  -3.1485513e+00   5.2415981e-02  -5.8778356e-01  -2.2270276e+00   1.6479382e+00  -7.3284779e-01  -2.1166875e-01   1.0572910e+00   2.2505120e-02  -5.2375937e-02
   1.1123796e+01   8.5139697e+00   3.9304077e+00   1.7421592e+00  -9.7409002e-01  -3.5327058e+00  -2.2184605e+00  -2.8134331e+00  -1.9534832e+00  -7.7559489e-01  -4.7348596e-01   1.7933550e-02  -1.5403677e+00  -3.8541467e+00  -6.4673420e+00   1.6517361e+00  -2.0556635e+00  -8.8842153e-02   1.0550333e+00   2.3747389e+00   2.6955854e-01   9.6704838e-01   5.8794954e-01  -5.7031302e-01
   1.4683788e+01   1.0528272e+01   6.6571936e+00   2.7745892e-01  -1.1190340e+00  -3.4938740e+00  -2.3588761e+00  -5.6165273e+00  -2.5955854e-01   1.8805939e-01  -5.5357248e-01   6.0744626e-01   1.8353101e+00   1.8176968e+00   1.8731420e+00  -6.9291881e+00   2.9288439e+00   4.7054470e-01   6.3730274e-02   3.9865085e-02   2.5682498e+00  -3.2353772e-01  -9.6131620e-02  -3.4784925e-02
   1.2439586e+01   9.6796988e+00   6.8678017e+00   2.2157578e-01  -3.9323331e-01  -1.6685106e+00  -2.8926344e+00  -1.6225168e+00  -9.6871288e-01  -1.0196065e+00  -7.2555683e-01   1.0028503e-01   2.4246395e+00   4.0753211e+00   6.5702420e+00  -4.8389452e+00   3.5386472e+00   3.2517884e-01  -1.6243218e+00  -6.6297084e-01   1.7325033e-01  -2.6025033e-01  -1.7755030e-01   2.7372225e-01
   1.8048793e+01   1.6848291e+01   1.5621762e+01  -1.1817047e+01   5.5396704e+00  -3.4803456e+00  -1.7424270e+00  -6.1837334e+00   2.0223093e+00  -1.8104987e+00  -1.6945591e+00   5.2312803e-01  -1.4570498e+00  -3.8781716e-01   1.1272433e+00   2.1439106e-01   6.2251793e-01  -5.7685235e-02  -2.0402930e+00   1.3449381e+00  -8.5517578e-01   5.8264736e-01   5.6609190e-01  -1.5375789e-01
   1.3078253e+01   1.1466942e+01   9.3034865e+00   5.3099431e-01   1.0045286e+00  -3.0517017e+00  -4.9631678e+00  -3.5242863e+00  -2.8345417e+00  -1.6669135e-01  -1.6931807e-01   4.7067604e-01   3.5142224e-02  -2.0301940e-02   2.9463942e-01   7.6795180e-01  -1.3910562e+00  -1.7980046e+00  -4.3905987e-01   5.8377295e-01   5.9507418e-02   1.7501050e+00   1.3884307e-01   1.8510255e-01
   1.2178880e+01   9.0529248e+00   7.1302162e+00   4.4433626e-01  -8.8413810e-01  -2.8888063e+00  -4.3840489e+00  -2.6482354e+00  -6.0940781e-01   6.3557283e-01   1.7445989e-02   1.9161392e-01  -2.3617759e+00  -3.3981479e+00  -4.4779496e+00   7.0211199e+00  -3.0211087e+00   2.6631229e-01   1.6217776e-02   2.2423861e+00  -1.3305006e+00   1.0015806e+00   3.9948772e-01  -1.3218950e-01
   1.5427256e+01   1.3546929e+01   1.1555534e+01  -4.7571881e+00   7.3208667e-01  -4.6612872e+00  -2.2304133e+00  -2.5146063e+00   4.3640682e-01   3.8251525e-01  -1.3732948e+00   5.4369591e-01   1.1486893e+00   1.2207136e+00   1.4125564e-01  -6.4899922e-01  -2.1823004e-01   4.1655346e-03   5.4226557e-01  -1.0249593e+00   6.8607541e-01  -1.9059925e-01  -5.0357999e-01  -1.2198171e-01
   1.3331628e+01   1.0711075e+01   7.7788139e+00   1.3587241e+00   1.1442283e+00  -2.2760845e+00  -3.0844776e+00  -3.3249943e+00  -1.6089157e+00  -5.8273103e-01  -4.9333920e-01   2.8833384e-01   1.5824549e+00   2.3720346e+00  -4.4795005e-01  -1.5700523e+00   1.1862059e+00  -1.3211499e+00   7.3840563e-02   1.4812802e+00  -1.0099370e+00  -2.5439910e-01  -1.7456933e-04   9.9779519e-03
   1.4224913e+01   1.2468937e+01   9.1910711e+00  -8.9969846e-01  -3.3699966e-01  -3.3518143e+00  -4.7995551e+00  -4.7233458e+00  -1.3056746e+00   1.5656170e-01  -6.6929545e-01   2.3934351e-01  -7.8074391e-01  -4.2985458e-01  -3.3159134e+00   1.6038024e+00  -5.4866863e-01  -1.5897629e+00  -6.5361639e-01   1.1209350e+00  -8.8206492e-01   4.7482404e-01   1.0224513e+00  -1.6668901e-01
   1.5153734e+01   1.3149972e+01   7.6405224e+00  -3.8394870e+00   1.4297139e+00  -5.5252677e+00  -2.9887172e+00   6.7805466e-01  -1.2532725e+00   3.6695095e-01  -3.3481553e-01   3.5875704e-01   2.3885835e+00   3.2385608e+00  -5.2636693e-01  -4.4052524e+00   1.7315937e+00  -3.6995803e+00   1.9628763e+00   2.0867141e-01   5.5289873e-01   7.5939031e-01   3.2717545e-02   3.0017350e-02
   1.3345087e+01   1.1682698e+01   6.6508093e+00   2.4762098e-01  -2.3365906e-01  -5.4213399e+00  -3.2587181e+00  -2.8347283e+00  -1.0645122e+00   6.1991031e-01   8.1120362e-02   2.5845080e-01   5.0518943e-01  -1.5544368e+00   3.4263780e-01  -1.1227907e+00   9.6594423e-01  -1.4358715e+00   1.7771408e+00   4.8639448e-01  -9.1229293e-01   5.0379006e-01  -4.5968522e-01  -4.5203682e-02
   1.7354416e+01   1.5962036e+01   8.2593944e+00  -5.8228141e+00   3.6899485e+00  -6.7906921e+00  -9.1058167e-01  -3.9562959e+00  -9.0014886e-01   3.2468014e-01  -8.1947079e-01   3.2380622e-01  -2.0056315e+00  -3.3507552e+00   1.7632087e+00   1.0992398e-01  -5.6770744e-02   9.2676266e-01   1.5347236e+00  -2.8257181e+00   3.4171651e-01   2.9357286e-01  -1.2720168e+00   2.4939551e-01
   1.3882356e+01   8.7312503e+00   9.3955918e+00  -1.5922209e+00  -1.8200627e-02  -4.8729093e+00  -3.1729116e+00  -1.6765788e+00  -2.8506758e+00   9.3338220e-01  -1.1164957e+00   1.8901340e-01  -3.3631067e+00  -3.0670368e+00   1.2376810e+00  -1.3365969e+00  -1.5176737e-01   2.1042782e+00   9.1903414e-01  -4.1037266e-01   1.5819890e+00  -2.8300526e-03  -1.2587959e+00   4.3200579e-01
   1.1876653e+01   9.5995636e+00   8.9129442e+00  -2.7546801e+00   1.2368286e+00  -4.4093390e+00  -7.2953501e-01  -4.1395973e+00   1.5238406e-01   6.5057429e-01  -1.6440327e+00   7.6756901e-01  -2.7293766e+00  -1.4731580e+00   6.0213044e+00  -5.7654701e+00   9.5526344e-02  -4.3920606e-01   1.9784038e+00  -1.9438675e+00   4.4767645e+00   5.4397895e-01  -8.4188287e-01   6.3810638e-01
   1.1039309e+01   1.0263379e+01   8.1805559e+00  -3.2913414e+00   7.6524986e-01  -3.4555991e+00  -1.9706902e+00  -3.3586366e+00   7.8220489e-01   4.5271816e-01  -1.3947926e+00   6.8457809e-01   1.5906369e+00   2.3728026e+00   6.4506612e+00  -6.8899936e+00   1.2799153e+00  -1.5545907e+00   1.2699059e+00  -1.1226610e+00   4.3909033e+00   5.0993541e-01  -1.8889417e-01   3.5138567e-01
   1.4681875e+01   1.2986235e+01   1.7898869e+01  -1.3621459e+01   3.4415128e+00  -8.1581563e+00   1.4559134e+00  -6.0310684e+00   3.9985575e+00   1.3809806e+00  -1.9431466e+00   1.0331834e+00   4.3923864e+00   9.1471414e-01   8.9414163e+00  -9.3755310e+00   2.1899299e+00  -2.0285464e+00   4.8389099e-01  -9.7487952e-01   3.1762366e+00  -3.3684573e-01   6.1003244e-01  -3.5497079e-02
   1.4865700e+01   1.0597119e+01   1.4578621e+01  -6.4938218e+00   7.9933025e-01  -5.3303866e+00  -2.3607769e+00  -2.4148347e+00   1.8125924e+00   1.3330822e+00  -1.2502800e+00   5.8328469e-01   2.8589505e+00  -3.2722755e-02   4.3508755e+00  -3.6673801e+00   2.6613966e+00   4.7945486e-01   1.0044752e+00  -2.4520087e-01  -4.5320707e-02  -7.2282737e-01   4.1311834e-02  -7.2728617e-02
   1.6552036e+01   1.0804765e+01   1.9126036e+01  -1.5216736e+01   4.5046832e+00  -6.5147648e+00   1.9134483e-01  -6.0738175e+00   4.4015452e+00  -2.9487630e-01  -8.0124036e-01   7.6497010e-01  -1.1860751e+00  -9.8361918e-02  -4.2402042e+00   4.3026236e+00   1.4383103e+00   3.9782444e+00  -1.0440256e+00   2.2293233e+00  -2.4422455e+00  -4.8988521e-01  -3.3934647e-02  -2.2277867e-01
   1.4392654e+01   1.1305030e+01   1.4093286e+01  -7.9947729e+00   4.2257596e+00  -3.5581126e+00   1.6830685e-01  -3.7050633e+00   5.1272999e-01   2.0640554e-01  -1.9037780e+00   7.0959184e-01  -3.2355994e+00  -5.2147052e-02  -7.8363273e+00   7.6146785e+00   1.4861262e+00   2.4523540e+00   9.7404825e-01   2.9408393e+00  -3.5522010e+00   3.4472302e-01   1.3326002e-01  -3.3086991e-01
   1.3139286e+01   1.2484736e+01   1.1781230e+01  -6.4170481e+00   3.8857636e+00  -3.0769267e+00  -1.3746670e+00  -2.0419691e+00   9.8512043e-01   1.2094911e+00  -1.6672996e+00   6.3586187e-01  -4.5324546e+00  -2.5478426e+00  -1.0473716e+01   1.2930858e+01  -2.8378616e+00   2.2998167e+00  -1.9432186e+00   5.0845120e+00  -4.4595989e+00   1.3183860e+00   1.0259010e+00  -5.5620669e-01
   1.1718676e+01   9.6789127e+00   6.4965330e+00   5.2835176e-01   3.3379794e+00  -3.3707747e+00  -1.1669866e-01  -1.9499947e-02  -1.8074967e+00   1.0979830e+00  -6.1736032e-01   1.5153394e-01   1.8174698e+00  -4.6229130e-01   5.8242875e-01  -1.4120547e+00   1.9877122e-01  -3.5859377e+00   1.2290057e+00  -1.6968154e+00   3.0495773e+00  -6.5668494e-02   1.3990918e+00  -1.9460853e-01
   1.1090343e+01   7.7960598e+00   7.2138377e+00  -8.2012365e-02   6.9178090e-01  -3.1587087e+00  -2.5809803e+00  -2.8983112e-01  -1.1277398e+00   1.2369139e+00   9.4402285e-02   2.0968901e-01   2.1856346e+00   1.9320423e+00   4.9449937e+00  -3.5366753e+00  -3.3866461e-01  -9.7713992e-01  -2.3865167e-01  -2.0759088e+00   3.6251827e+00  -6.5049537e-01   4.8569974e-01   2.4326184e-01
   1.8143330e+01   1.2955931e+01   1.7250625e+01  -1.3280373e+01   6.1209077e+00  -8.8961282e+00   2.6149720e+00  -7.1263554e+00   6.1435261e+00   9.4191364e-02  -6.8599115e-01   6.3076548e-01   2.4604648e+00   7.6046894e+00   1.0451849e+01  -9.0273353e+00   1.7274244e+00   8.2392935e-01  -1.9126355e+00  -2.4607864e+00   5.7801901e+00  -1.4345580e+00  -1.6214098e+00   9.0150094e-01
   1.3205411e+01   1.3744290e+01   1.3821675e+01  -4.8176987e+00   1.9863025e+00  -1.7799598e+00  -3.0984798e+00  -1.6024046e+00   2.4473830e+00   7.3564385e-01  -9.0443456e-01   7.6113886e-01  -1.5687974e+00   2.1341142e+00   1.0011657e+00   8.8417170e-01   2.9805751e-01   2.2508878e+00  -4.1081226e-01   8.6749420e-01   3.5982479e-01  -3.5347074e-01  -1.2340285e+00   2.4531668e-01
   1.4351840e+01   1.8111832e+01   1.8870388e+01  -1.0644808e+01   5.2818553e+00  -2.8242551e+00  -2.7269022e+00  -3.0543928e+00   5.0752270e+00  -8.0321896e-01  -2.5500567e+00   1.2280604e+00  -3.4005950e+00  -1.0993557e+00  -4.5446817e-03   1.1345364e+00   1.2451658e+00   4.2522488e-01   2.2735824e+00   2.2695283e+00  -1.7445377e+00   1.1463385e+00  -1.4222869e+00  -8.4719280e-02
   1.0632892e+01   8.4192808e+00   7.9057047e+00  -7.3537201e-02   1.5583934e+00  -2.8183135e+00  -5.2626157e-01  -1.0245711e+00  -5.3853054e-02   1.1554130e+00  -8.2460765e-01   2.7901655e-01  -1.6678771e+00  -5.1394103e+00  -2.3229373e+00   2.4279702e+00   2.1942537e+00  -1.0552442e+00   5.1690190e+00  -6.5280041e-01  -1.9806392e+00   1.3183979e+00  -3.5445983e-01  -3.8056015e-01
   1.4328697e+01   1.3969402e+01   2.0201793e+01  -1.3950649e+01   8.2026110e+00  -7.7391141e+00   4.7392365e+00  -4.0109796e+00   4.7773376e+00   1.6038146e+00  -2.8593349e+00   7.4474771e-01  -1.5480865e+00  -4.3283063e+00  -3.3739343e+00   5.9743182e+00  -9.2548675e-01   2.0316197e+00   1.7418690e+00  -1.2921732e-01  -2.6084307e+00   6.9546041e-01   6.2079131e-01  -2.9042017e-01
   1.0715167e+01   8.1063895e+00   9.6715664e+00   4.7717715e-01   3.8173052e+00  -9.0539660e-01   9.2197936e-01  -2.1033118e+00  -3.7463107e-01   1.5097239e+00  -1.2814852e+00   4.3195500e-01   1.1977739e-01   4.7675656e+00   3.1803669e+00   2.0150374e+00  -8.4516161e-01   3.3950844e+00  -2.5948826e+00  -2.7781241e+00   1.2417230e+00  -6.7488374e-01  -2.7099014e-01   4.3113435e-01
   1.1988572e+01   1.1775818e+01   1.2926556e+01  -1.9586879e+00   2.7641692e+00  -7.3328395e-01  -8.3821921e-01  -2.7088484e+00   1.3229699e+00   6.2816212e-02  -1.3904309e+00   7.1596095e-01  -4.2875053e-01   4.3825286e+00   3.9002529e+00   4.5269547e-01  -2.0648261e+00   1.2853567e+00  -2.0574941e+00  -2.6924584e+00   1.0083896e-01  -2.1243698e-01   1.0737048e-01   3.5898333e-01
   1.1982620e+01   1.6667421e+01   1.6313874e+01  -3.0469617e+00   3.0098719e+00  -1.2286020e+00  -1.6298576e+00  -5.8428229e+00   3.5359152e+00   9.1358657e-01  -1.9655449e+00   9.4011145e-01   3.1790112e-01   3.7406468e+00   4.0163414e+00  -3.3068289e+00   1.6467844e+00  -3.6797275e+00  -4.3652688e-01  -9.2647615e-01   6.2498966e-02   3.1737626e-01   6.2738061e-03   6.3300032e-02
   1.3051844e+01   1.6262679e+01   2.2731019e+01  -1.1509536e+01   5.5090886e+00  -5.6494763e+00   2.9289139e+00  -6.1799116e+00   2.9733229e+00   1.5832278e+00  -2.3562494e+00   1.0291445e+00  -1.3278079e+00  -3.1939230e+00  -3.0139950e+00   2.4947796e+00   3.8430807e+00  -2.5180797e+00   2.1483804e+00   1.7688812e+00  -3.2824628e+00   1.7401179e+00   2.5493589e-01  -1.6048336e-01
   1.0660382e+01   1.1473929e+01   1.0793847e+01   2.9235803e-01   4.9150221e+00  -3.9668916e+00  -1.6163775e+00  -1.7574944e+00  -1.1060591e+00   1.2255825e+00  -7.8916526e-01   3.7031328e-01  -1.7890449e+00  -9.1677292e+00  -1.1562924e+01   7.2883175e+00   1.1492613e+00   1.2490270e+00   3.4936965e+00   5.5681142e+00  -4.2430044e+00   9.5391889e-01   8.2105396e-01  -6.9178374e-01
   1.0657980e+01   9.5816795e+00   1.1165577e+01   1.1382170e-01   7.5762151e+00  -3.1412587e+00   2.3776114e+00  -2.0981909e+00  -1.2797371e+00   2.5169951e+00  -1.5962169e+00   7.6013499e-01  -3.1701428e+00  -6.0674900e+00  -9.9332484e+00   4.7814211e+00  -1.3789682e+00   2.1919438e+00   7.2349916e-01   3.0948499e+00  -7.2022193e-01   7.1846930e-01   2.2725192e-01  -1.7964155e-01
   1.0495985e+01   6.2563275e+00   4.7522092e+00   2.0738355e+00   3.7002006e+00  -6.0917025e-01   3.8863384e+00   4.6848808e-01  -7.0206137e-01   1.8775812e+00  -1.1139801e+00   3.6940579e-02  -1.9998408e+00  -4.0339175e-02   7.5220342e-01  -8.5261548e+00  -1.3883148e+00  -4.4197086e-01   1.4859327e+00   1.4858772e-01   3.2754548e+00   5.2166178e-01  -1.2227864e+00   5.2639097e-01
   8.3788286e+00   9.7702449e+00   1.0851965e+01  -5.2281434e+00   4.0480470e+00  -4.0404213e+00   1.2628047e+00  -2.6506280e+00   1.6909912e+00   2.3349323e+00  -1.8529640e+00   9.2636851e-01  -1.9076109e+00   3.0633881e+00   3.4073836e+00  -9.9681696e+00  -8.2938153e-01  -1.4788829e+00  -2.1929946e+00  -9.5045015e-01   3.3587071e+00  -1.6293758e-01  -9.5569181e-01   5.4830968e-01
   8.8001966e+00   1.1319138e+01   1.2078958e+01  -9.8258915e+00   4.5966341e+00  -4.1802666e+00   1.1699250e+00  -1.2583943e+00   2.3217590e+00   2.0991065e+00  -2.4949714e+00   1.0767830e+00  -1.7098208e+00   8.1192193e+00   5.5790952e+00  -7.7781698e+00   2.8194582e+00   8.0404933e-01   5.8764261e-01  -2.1388129e+00   1.9699597e+00  -4.7162828e-01  -1.1745092e+00   5.4541285e-01
   8.6444576e+00   1.1645357e+01   1.2613278e+01  -8.8885692e+00   5.8839261e+00  -3.5740349e+00   4.4632626e-01  -2.6604249e+00   2.2464133e+00   2.1618261e+00  -2.3392590e+00   1.0626783e+00   2.2326119e+00   1.6910846e+00   3.7460699e+00  -4.6512472e+00  -1.7545451e-01   1.8845258e+00   2.9892056e+00  -3.4697448e-01   3.5588188e-01  -6.4941789e-02  -6.1383856e-01  -5.2498340e-02
   7.7984395e+00   1.7497601e+01   1.2240196e+01  -7.7632063e+00   7.0114484e+00   3.6371055e-01   5.1760415e+00  -2.7348328e+00   1.9751671e+00   1.2566920e+00  -2.6325964e+00   7.8690495e-01   2.9105042e+00   2.4623329e-03   5.1899941e+00  -8.3452848e+00  -3.5352190e-01  -1.1310729e+00   1.7305643e+00  -6.3164074e-01   2.7619765e+00   5.6484711e-01  -1.0509462e+00   1.7838317e-01
   1.2228625e+01   9.2176402e+00   1.6390451e+01  -1.3236357e+01   2.5774581e+00  -3.4856211e+00   3.7435548e+00  -2.4328705e+00   2.3981099e+00   2.6587269e+00  -2.7049093e+00   9.9256002e-01   9.7465284e-01  -2.8016016e+00  -2.9509476e-01  -3.0813951e+00  -2.1404796e+00  -1.7726883e+00  -1.8926204e+00   6.4762984e-01   1.8610368e+00   2.6156271e-01   2.2193390e-01   2.7839166e-01
   1.1373869e+01   1.2536689e+01   1.7975362e+01  -2.0169925e+01   5.7195852e+00  -5.9210828e+00   2.1171571e+00  -2.3196326e+00   6.3888755e+00   2.6979268e+00  -3.8885654e+00   1.3794169e+00   6.2015109e-01  -3.7073874e+00   1.9298815e+00  -4.6565343e+00   2.5505323e+00  -2.1719838e+00  -3.4009899e+00  -1.8883513e+00   1.7569569e+00  -1.0932343e-01   1.1389819e+00   3.1460048e-01
   8.3187220e+00   9.9234100e+00   9.3030524e+00  -7.3073026e+00   3.3191383e+00  -3.0906706e+00  -8.6316208e-01  -1.8965803e+00   2.8311144e+00   1.8335527e+00  -1.3783737e+00   1.1840098e+00  -1.5547635e+00  -3.0947778e+00  -7.7855655e+00   1.0093791e+01  -6.8511751e-01   4.2645155e+00  -6.9422942e-01   1.1631063e+00  -1.3363221e+00  -1.3057532e+00   2.1055293e+00  -5.9167923e-01
   1.0683618e+01   1.1583635e+01   1.8678717e+01  -1.7712535e+01   1.0466407e+01  -3.0917404e+00   2.3779151e+00  -5.8355049e+00   4.3941003e+00   1.5052939e+00  -1.5873914e+00   1.1630808e+00   9.4852038e-01  -4.1591029e+00  -6.1818099e+00   1.1828432e+01  -3.9871952e+00   3.4754608e+00  -2.9479301e-01   3.3761931e-01  -3.8648362e+00  -3.8427873e-01   1.8452139e+00  -6.2991822e-01
   1.0241606e+01   5.0520009e+00   4.3604253e+00   6.7563453e-01  -8.2362898e-01   1.4964810e+00   2.5718317e+00   1.0697251e+00   1.3910143e+00   1.2964136e+00  -6.9720244e-01   2.1320923e-01   1.4156618e+00  -2.2468846e+00  -4.0703399e+00   6.5450972e+00  -4.2450307e+00   2.0689137e-02  -6.4708154e-01   2.0095401e+00  -1.6126445e+00   1.0595287e+00   9.0489399e-01  -4.6597122e-01
   1.1835208e+01   8.7337395e+00   1.1173961e+01  -6.4187455e+00   1.8101760e+00  -3.0014673e+00  -4.2529343e-02  -3.2963564e+00   1.3116712e+00   2.3900783e+00  -1.4613302e+00   9.1993985e-01   6.6375767e-01   1.3948552e+00  -3.2697433e+00   4.9860383e+00  -5.0321662e+00  -2.5700032e+00  -3.0323730e+00   2.4485896e+00  -1.1787212e+00   5.8241282e-01   1.6107548e-01   9.0249951e-02
   9.8664196e+00   7.9780306e+00   6.9499207e+00  -3.1365515e+00   1.2797076e+00  -3.1047735e+00  -6.2356219e-01  -1.5184443e-01   1.9533622e+00   2.9804537e+00  -8.4063274e-02   6.0662347e-01   1.2920021e+00   4.7458317e+00   5.0559688e+00  -4.9153078e+00   1.9795463e+00  -3.1810065e+00  -3.6440023e-01   1.4390336e-01   1.2466126e+00   5.5306329e-01  -2.6257055e-01   4.9208226e-01
   1.1866847e+01   1.2212903e+01   1.2479355e+01  -8.3273845e+00   1.8664892e+00  -4.6461180e+00  -5.7294756e-01  -1.5518356e+00   2.3448445e+00   1.5368931e+00  -1.6523478e+00   1.1017486e+00   1.0691577e+00   2.5327005e+00   2.4343545e+00  -6.6892559e+00   2.8920146e+00   2.0999328e+00   1.2650602e-01   1.5058250e+00   1.0659863e+00  -3.8411979e-01   1.1833711e-01   1.7161273e-01
   1.2163789e+01   1.0431167e+01   1.1291682e+01  -5.7430077e+00   2.1175338e+00  -2.4527035e+00   2.2904405e+00   4.1331980e-01   2.7443466e+00   2.5526011e+00  -9.9554948e-01   8.6042826e-01   1.9659082e+00   2.5472069e+00   4.4789252e+00  -1.3760160e+01   7.2226084e+00   1.1709428e+00  -1.4448588e-02  -2.7666121e+00   2.5160236e+00  -4.1470184e-02  -1.8426614e+00   6.5682710e-01
   1.2290260e+01   1.1306222e+01   1.2654612e+01  -1.5149401e+01   5.7292848e+00  -1.7760316e-01  -1.3097716e+00  -1.3202010e+00   2.5151584e+00   2.0278249e+00  -8.2808145e-01   1.0504565e+00  -5.7496286e-01  -1.4171439e-02   6.6679147e-01  -6.3673871e+00   4.2680582e+00  -6.1005104e-01  -3.1310131e-01  -3.0219000e+00   8.4187509e-01   3.4585304e-01  -1.3323309e+00   3.1742574e-01
   1.2603576e+01   1.2252181e+01   1.3580680e+01  -2.0365783e+01   1.0182222e+01  -3.5826167e+00  -2.7682303e-01  -4.4175799e+00   5.6422407e+00   2.6727825e+00  -3.2601885e+00   1.6175101e+00  -3.3153315e+00  -7.8735884e-01  -4.1943591e+00   2.3009032e+00   3.9410174e-01  -6.8169289e-01   1.6019059e-01  -1.0720458e+00   1.0934140e-01  -8.1590837e-01  -1.5130324e-01   1.0041386e-01
   1.0784510e+01   1.1281138e+01   1.2335043e+01  -1.0567078e+01   4.2362322e+00  -4.9962380e+00   2.4103224e-01  -3.6692358e+00   2.1587101e+00   1.9955819e+00  -2.5185246e+00   1.1993462e+00  -1.1663581e+00  -1.6433066e+00  -4.7761332e+00   1.3966038e+01  -1.7273195e+00  -6.8152389e-01   2.3590026e+00   2.4192488e+00  -3.8548963e+00  -1.6236743e+00   1.7123152e+00  -5.3454925e-01
   7.9436669e+00   9.2626706e+00   5.1599277e+00  -4.5828147e+00   3.4552127e+00  -1.0659255e+00   1.7553244e+00  -2.0231515e-02   3.0865828e+00   1.3448600e+00  -3.7728276e-01   9.3660420e-01   4.3697088e-01  -2.3738504e+00  -7.1243680e+00   1.3621379e+01  -7.6375774e+00   1.0324194e+00  -3.8638421e-01   5.3616022e+00  -4.2543401e+00  -1.6768889e+00   3.3082786e+00  -1.0929254e+00
   1.2870677e+01   1.0336017e+01   9.7007885e+00  -2.0918288e+00   6.5018104e+00  -2.4582346e+00   1.2126586e+00   1.0999808e-01  -1.9893572e+00   2.5627472e-01   2.9893849e-01   5.8908563e-01   2.6053985e+00  -1.4382604e+00  -5.0420080e+00   5.6459901e+00  -6.0628028e+00   1.1260871e-03  -3.1682728e+00   9.1786590e-01  -1.1701501e+00  -4.3383931e-01   2.1154393e+00  -5.4537386e-01
   1.2215948e+01   9.1639659e+00   4.2112548e+00  -4.1713391e+00  -2.4069327e+00  -3.3029893e+00  -1.3422125e+00   1.7352065e+00   1.3347641e+00   1.0271028e+00   2.9349788e-01   2.8325233e-01   4.5846287e+00   1.2725914e+00   3.0208828e-01  -2.3043858e+00  -4.3864074e+00  -2.0180196e+00  -3.6615848e+00  -3.0059169e+00   1.9508704e+00   1.6636682e+00  -1.2625244e-01   2.4976922e-02
   1.2556467e+01   9.1730999e+00   5.2463673e+00  -2.3038305e+00  -1.9268993e+00  -3.8760169e+00  -2.9626084e+00  -3.1701560e+00   1.2793942e+00   1.5037016e+00   3.1924407e-01   7.0796139e-01   5.0954371e-01  -4.3547233e-01  -1.9741556e+00  -1.8200008e+00  -1.5344807e+00   1.9164161e+00  -8.9951299e-01  -7.5202912e-01   3.1937909e+00   1.8980090e+00  -1.6355026e-02   1.8389765e-01
   1.4977715e+01   1.1753017e+01   7.8402707e+00  -7.9333926e+00   1.0899564e+00  -3.3840637e+00  -1.6494193e+00  -2.8890298e+00   4.3785127e+00   3.2166488e+00  -5.7681421e-01   9.1463170e-01  -1.1498168e+00   6.2471173e-01   3.0071385e+00   4.8025955e+00   5.9062118e+00   3.7809674e+00   3.1712338e+00   6.3339927e-01  -7.5142595e-01  -1.8140244e-01  -2.9936516e-02   1.2497387e-01
   1.2254109e+01   8.3882837e+00   4.9250472e+00  -2.9408033e+00   2.4516448e+00   4.5692683e-01   1.6992504e-02   1.2940726e+00   1.2794549e+00   2.0085151e+00   7.0956200e-01   5.4924241e-01  -2.7741876e+00  -1.3647922e+00   8.4323505e-01   2.9670226e+00   2.5343956e+00   2.4089173e+00   2.2404488e+00   2.2233840e+00  -9.5276432e-01  -6.7656057e-01   1.0838571e-02  -4.5671154e-02
   1.0642402e+01   1.0493442e+01   8.8826226e+00   3.3510405e+00   4.2631130e+00   2.0199001e-01   1.9248376e+00   4.5319119e-01   2.0759487e-01   5.0259231e-01   5.3434146e-02   5.5007262e-01  -3.4156811e+00  -2.1616642e+00   1.1114564e+00   3.4044914e+00  -1.0721661e+00  -1.0998390e+00  -2.2399469e+00  -2.2638162e+00  -1.5677761e+00  -1.3142670e+00  -1.6019139e-01   1.8270454e-01
   1.0562842e+01   7.7556990e+00   5.9900439e+00  -3.4955131e+00   2.8811593e-01  -2.0556679e+00  -1.3890638e+00  -1.5061905e+00   1.9357066e+00   1.8458890e+00   2.0377748e-02   8.2173420e-01  -7.2799925e-01   1.7879055e-01   2.5418527e+00  -1.4406967e+00  -2.7146629e+00  -3.7663544e+00  -3.4144168e+00  -4.3587265e+00   1.8345742e+00   1.6238915e-02  -1.1124654e+00   3.7749564e-01
   1.0699827e+01   8.8268125e+00   8.9749570e+00  -2.5493006e+00   5.6347174e-01  -3.7775249e+00  -4.3063114e+00  -4.8846225e+00   1.6987226e+00   1.3265614e+00  -4.7250917e-01   1.0524426e+00   3.1791216e-02   3.4278351e-02  -9.4887983e-01  -2.9319654e+00  -1.6930782e+00  -8.3094449e-01  -1.2223495e-01  -1.6197322e-01   1.6498456e+00   3.8184889e-02  -2.5064028e-01   1.1918725e-01
   1.1133398e+01   9.4897840e+00   8.6916591e+00  -2.1516778e+00   2.2947108e-01  -3.2028474e+00  -1.9890582e+00  -2.5751104e+00   3.2857523e+00   1.6208890e+00  -6.9616444e-01   8.6430087e-01  -7.7732696e-01  -1.0755166e+00  -2.0689624e+00   4.5392359e+00   1.3392575e+00   3.0232969e+00   4.2225004e+00   3.5482774e+00  -3.4885322e-01  -5.9180085e-01   3.4789717e-01  -5.7768411e-01
   1.0404811e+01   9.6778166e+00   6.1084953e+00  -1.7188253e+00   1.7528180e+00  -4.7083697e-01   2.0414824e+00   7.4469129e-01   2.0073404e+00   6.7236965e-01   3.5744817e-02   7.0757017e-01   1.0516002e+00  -7.0111049e-02  -4.3506540e+00  -8.7763261e-01   3.4451932e+00   1.7526113e+00   4.6288725e+00   1.8291185e+00   3.8225963e-01   8.1923882e-01  -2.0400779e-01  -3.3520324e-01
   9.5443596e+00   5.7169221e+00   4.3198312e+00   2.8981032e+00   1.7023290e+00   8.2593347e-01   1.7707899e+00   1.0015688e+00   1.2581179e+00   1.2852836e+00   2.8809650e-01   1.2764427e-01   3.6281760e+00   1.0130072e+00  -9.3172980e-01  -8.6914268e+00   7.3803842e+00  -2.7593976e+00   2.3136172e+00  -3.8162595e+00   2.3911356e+00   2.0074043e+00  -1.3183808e+00   1.6999076e-01
   1.3071746e+01   1.0608077e+01   4.6348899e+00  -6.3906400e+00   4.9948326e+00  -3.1629984e+00   7.5707322e-01  -3.9292844e+00   3.2859293e+00   2.7232223e+00  -1.2706513e+00   9.1796607e-01   3.9924471e+00   2.2309335e+00   1.0371378e+00  -9.2211537e+00   4.9765759e+00  -4.6107134e+00  -2.8386832e-01  -4.0186463e+00   3.3036240e+00   2.2618315e+00  -1.5301009e+00   4.9634053e-01
   1.5242194e+01   1.0544165e+01   8.0308671e+00  -1.2852911e+01   9.6790401e+00  -5.9958631e+00   2.1235722e+00  -5.9625117e+00   6.2331613e+00   3.6065691e+00  -2.0205375e+00   1.0140891e+00   3.4996647e+00   5.5877024e+00   2.4024658e+00  -7.8208845e+00   2.6283088e+00  -2.5585841e+00   1.5907126e+00  -3.4394661e+00   9.7238656e-01   1.0785477e+00  -2.7685916e-01   5.8266044e-01
   1.3544564e+01   1.0610595e+01   5.8086841e+00  -7.6750489e+00   5.2293264e+00  -3.9760087e+00   1.4392888e+00  -1.8012379e+00   4.4752547e+00   2.9044742e+00  -1.1050895e+00   1.0088586e+00   3.0670717e+00   2.3274050e+00   3.6948853e+00   6.4037380e-02  -3.1220421e+00  -8.6931339e-01  -1.5937343e+00  -1.8178204e+00  -3.0799925e-01  -1.6681884e+00   9.2879514e-01  -5.3170331e-01
   1.4557448e+01   1.4097216e+01   7.3366328e+00  -8.1910192e+00   5.5275453e+00  -2.6054375e+00   3.8157510e+00  -5.2216536e+00   2.1220351e+00   2.8124792e+00  -2.0997315e-01   9.5618869e-01   1.6272695e+00  -2.7533740e-01  -8.5173641e-01   2.5896896e+00  -4.7658900e+00  -1.5789691e+00  -5.3076587e+00  -2.3276514e+00  -1.4359103e+00  -8.2312125e-01   1.1949392e+00  -2.6452624e-01
   1.8014727e+01   1.2322659e+01   1.0524335e+01  -8.6255297e+00   2.3875169e+00  -6.1621813e+00  -2.4796176e+00  -7.0264440e+00   4.8794935e+00   6.1798466e-01  -7.8274082e-01   1.4936130e-01  -3.6781189e-01  -2.5871963e+00  -1.0931420e+00   2.9622252e+00  -3.0108965e+00  -3.3047153e+00  -6.7088539e+00  -2.8413624e+00  -1.0214382e+00  -3.4614143e-02   5.7940160e-01  -1.4320232e-01
   1.5448017e+01   9.2751271e+00   4.3954370e+00  -8.4931359e+00   3.9511098e+00  -7.2712305e+00  -3.8784626e+00  -6.8413858e+00   3.8771764e+00   3.5151320e+00  -3.8930301e-01   1.0470483e+00  -2.4611503e+00  -3.7810778e+00  -3.7243886e+00   5.6518049e+00  -2.1311494e+00  -1.9130611e+00  -5.0308986e+00   1.6162927e+00  -1.1641812e+00   2.6680946e-02   6.3197561e-01   6.6788671e-02
   1.2547562e+01   9.1408456e+00   5.6395690e+00  -3.0806527e+00   1.5011995e+00  -6.6001852e+00  -4.7768853e+00  -5.2534155e+00   2.0655267e+00   2.5012266e+00  -1.4632217e-01   7.4862525e-01  -2.7522905e+00  -2.3864975e-01  -1.4682810e+00   7.8834762e+00   7.9164737e-01   7.0351163e-02   2.2427790e-01   4.0283042e+00  -3.0268775e+00   1.0332718e+00   1.0041940e+00   9.5419300e-02
   1.3599305e+01   1.0016506e+01   4.1924329e+00  -2.4857503e+00   2.7739799e+00  -5.2560272e+00  -2.5819631e+00  -3.6837287e+00   1.7827466e+00   1.9108796e+00   4.1978094e-01   7.5673971e-01   2.7408747e+00   3.8478934e+00   6.3441870e+00   5.9504649e-01   3.4350590e+00  -2.5168582e+00   2.2610170e+00   7.5470893e-01  -7.3722572e-01  -1.7167668e+00   5.1357445e-01  -4.9520438e-01
   1.4810647e+01   1.1593994e+01   8.4234155e+00   1.9599186e-01   4.1635529e+00  -7.0642562e+00  -2.7914505e+00  -2.5628162e+00   1.3863921e+00   2.9700185e+00   3.1900821e-01   4.3764456e-01   3.2620672e+00   5.0619134e-01   1.7918864e+00  -2.5640756e+00   3.1614337e+00  -4.7610375e-01   8.9584515e-02   7.2667024e-01   8.7441407e-01  -1.1418480e+00  -3.8662019e-01  -3.0952191e-01
   1.8427786e+01   1.3820393e+01   1.2519794e+01  -9.2388884e+00   7.7725216e+00  -1.0814482e+01  -1.4796545e+00  -7.0546221e+00   3.1109051e+00   7.0558585e-01   1.4839347e-01   4.5973212e-01  -5.3027794e-01  -3.1332929e+00  -2.1149157e+00  -1.6038019e+00  -3.1264841e-01   1.9658562e+00  -2.3106356e+00  -1.1434744e+00   2.7821079e-02   1.4620092e-02  -3.6682792e-01  -8.1325688e-02
   1.5026422e+01   7.9981893e+00   4.1637179e+00  -3.5501970e+00   3.7440791e+00  -4.5351132e+00  -5.1936629e+00  -2.4779635e+00   2.7130686e+00   1.3911015e+00  -5.9055871e-01   4.3284618e-01  -4.1675152e+00  -5.6781123e+00  -7.0532962e+00   1.2382837e+00  -6.1833404e+00   4.2544739e+00  -2.1802817e+00   3.9856761e-01  -1.8781073e+00  -6.7668956e-01   2.2507461e-01  -6.3476175e-02
   1.2696000e+01   7.1144693e+00   3.1499082e+00  -3.0183587e+00   2.5147442e+00  -3.5718143e+00  -4.8468103e+00  -5.4413666e+00   1.1611400e+00   2.7222683e+00   3.2432252e-01   6.3715037e-01  -4.1524972e+00  -2.8568145e+00  -5.6101163e+00   7.2227705e+00  -8.2198591e+00   2.1916078e+00  -3.4980752e+00   1.7570063e+00  -2.9151909e+00  -6.9946801e-02   7.9345624e-01  -2.2528437e-01
   1.1425267e+01   6.4297877e+00   2.5284142e+00  -1.0568474e+00  -2.4825690e+00  -4.3038794e+00  -4.3782952e+00  -2.7715925e+00  -4.5588630e-01   9.4664297e-01   5.6865560e-01   2.5372117e-01   2.7725759e+00   6.9775154e+00   2.5315958e+00  -1.0988349e+00  -3.5857908e+00  -3.7583505e+00  -7.4033571e-01  -3.4863362e+00  -1.3262717e+00   4.2279139e-01   1.2978222e+00  -1.0465810e-01
   1.3999618e+01   1.0319372e+01   4.9222717e+00   3.4859243e-01  -1.4439430e+00  -7.6426875e+00  -7.1344512e+00  -4.2722982e+00   3.2259619e-01   8.2289491e-01   7.5897066e-01   2.1136807e-01   2.1073267e+00   3.4135937e+00   6.5512556e-01  -2.5873896e+00  -3.6980440e+00  -3.4224765e+00  -1.2596022e-01  -8.2441379e-02  -9.8647380e-01  -4.5242368e-01   2.8354251e-01  -1.2894422e-01
   1.8533477e+01   1.6862011e+01   7.0749298e+00  -6.8819250e+00   3.4473642e-01  -8.1372025e+00  -5.1603460e+00  -8.2920020e+00   1.1429330e+00   2.9749753e+00   1.1388505e+00   4.8875018e-01   1.6090493e+00   1.8231703e-01  -1.7284012e-02  -5.1262822e+00   1.9810986e+00  -3.0232332e+00   1.1550502e-01  -8.2719696e-01   2.3844714e+00   2.2017715e+00  -5.9085241e-01   3.7954569e-01
   1.2302885e+01   7.0187482e+00   1.8593387e+00  -3.9869043e+00  -4.4459746e+00  -6.7888675e+00  -4.6447252e+00  -2.8048239e+00  -1.1179803e+00   1.0294666e+00   4.6453882e-01   3.2621954e-01  -3.1941183e+00  -5.4583312e+00  -2.8830856e+00  -1.0096539e+00  -5.5297109e-01   1.5919843e+00   1.8404714e+00   1.9485094e+00   1.3844054e-01   3.3743704e-01  -5.3071145e-01   2.0467906e-01
   1.4687207e+01   8.3535750e+00   4.0339547e+00  -6.5785223e+00   1.9900947e+00  -9.2656391e+00  -5.4499006e+00  -4.7461250e+00   3.8411090e+00   4.1460144e+00  -1.7040710e-01   7.6561397e-01  -1.5396534e+00  -3.0834345e+00  -1.2305808e+00   4.4598944e+00   1.6924186e-01  -1.1759120e+00   2.5256520e-02   1.8574090e+00   1.1812967e+00  -1.1127095e+00  -1.3150241e+00  -1.2541891e-01
   1.1131575e+01   6.3860931e+00   2.1181309e+00  -1.3175898e+00  -3.0960787e+00  -4.6904927e+00  -4.2289668e+00  -3.1224726e+00  -8.1883105e-01   7.4353092e-01   6.1753230e-01   3.7995476e-01   4.7163562e+00   6.4397234e+00   2.4434792e+00   2.0832274e+00   2.5053593e+00  -5.4373756e-01  -1.4933521e+00  -2.2958693e+00   2.0823255e+00  -1.1496449e+00  -4.2281256e-01  -6.1643719e-02
   1.6809652e+01   1.2553187e+01   5.0996625e+00  -1.5267407e+00  -7.6348726e-02  -1.0950258e+01  -5.3303404e+00  -5.3470642e+00   2.7653033e+00   1.4488789e+00  -9.1018229e-01   2.7375419e-01   4.5250181e+00   5.4853951e+00   2.0361828e+00   1.8620557e+00  -3.8121066e+00  -2.0188161e+00  -7.5299536e-01  -4.8283052e-01  -8.9417083e-01  -2.3139013e+00  -3.5830445e-01  -2.9827254e-01
   1.8316197e+01   1.4578527e+01   4.9917036e+00  -3.3879540e+00   3.4528599e-01  -6.7621645e+00  -6.9445335e+00  -5.9481584e+00   2.5434108e+00   6.5356699e-01   2.0020758e-01   4.7968385e-01   2.5145789e+00  -2.2549655e-01  -7.5459827e-01  -9.0908155e-01  -1.7144284e+00  -2.6583267e+00  -2.1862252e+00  -1.0085977e+00   4.5875247e-01   1.1713695e+00  -3.0969730e-01  -7.6840585e-02
   1.7882423e+01   1.2485450e+01   5.6514425e+00  -2.7502567e+00  -5.4487476e+00  -1.1258027e+01  -5.2216103e+00  -4.0575279e+00   8.1873187e-01   7.2014442e-01  -4.9920141e-01   2.6834062e-01  -3.2097554e+00  -7.3507312e+00  -4.5958879e+00  -2.4320926e+00  -2.2412666e+00   6.8833415e-01  -3.4711264e+00  -1.2647602e-01  -5.5833988e-01   1.1395673e+00   3.2313974e-01   1.8278824e-01
   1.4367058e+01   6.0817165e+00   7.1034344e-01  -2.0694541e+00  -2.9815219e+00  -8.5240979e+00  -7.5626697e+00  -5.2801373e+00   8.4258339e-01   2.8649524e+00  -5.2504088e-02   2.6740068e-01  -3.9443841e+00  -7.6365719e+00  -3.6924857e+00  -2.0303417e+00  -1.5690714e-01  -1.9357025e+00  -3.5142148e+00  -7.5743942e-01   1.2085290e+00   1.6115972e+00  -7.3712125e-01   1.7736264e-01
   1.3969589e+01   5.7754956e+00   3.4651072e-01  -5.8341296e+00  -1.7748447e+00  -9.0367899e+00  -1.0227962e+01  -5.8707887e+00   2.7782072e+00   2.0525371e+00  -2.9911685e-01   6.5407814e-01  -5.1012356e+00  -5.5514723e+00  -4.6811843e+00  -3.6970153e+00   1.9268849e+00   4.7018701e+00   1.3163711e-01   1.5410885e+00  -1.3753454e-01   1.9963163e-01   8.2546710e-01   1.9007505e-01
   1.4356038e+01   6.4786469e+00   2.1054409e+00  -4.8915301e+00  -1.7270262e+00  -1.0776337e+01  -9.7126799e+00  -6.1776871e+00   3.3764666e+00   2.4047665e+00  -1.0055166e+00   5.5285905e-01  -4.0700605e+00   3.8309007e-01  -7.4345442e-01  -1.6204875e+00  -2.6918066e-01   3.5019050e+00   4.5123884e+00   3.8264848e+00  -3.6369039e-01  -9.8236636e-01   9.1829622e-01   4.0506409e-02
   1.0236080e+01   3.9597768e+00  -2.0678826e+00  -6.8847417e+00  -3.1856680e+00  -3.0791026e+00  -3.9491496e+00  -1.2971203e+00  -6.5451156e-01   1.2496848e+00   1.2155055e+00   4.1072401e-01  -2.0904442e+00   3.7771826e-02   4.8561044e+00  -1.8205547e+00   5.4305679e+00   3.2099805e+00   7.5105118e+00   3.5864490e+00  -4.4484091e-01  -6.2983519e-01   6.3263404e-01   1.7646038e-01
   1.0128722e+01   7.5642110e+00   8.0235848e-01  -3.9748793e+00  -2.6798812e+00  -6.2500841e+00  -3.9334933e+00  -1.8272443e+00   2.0134072e+00   1.7928290e+00   5.6762908e-01   4.4983736e-01  -1.5240323e+00   1.1568778e+00   4.5958676e+00   3.4780005e+00   5.6855390e+00   6.8241414e+00   7.8462953e+00   3.5252234e+00  -1.8767130e+00  -2.5156319e+00  -2.3241133e-01  -3.3643892e-01
   1.2947581e+01   5.2893713e+00   8.2822085e+00  -9.0232870e+00   6.8474347e+00  -6.4849456e+00  -1.8517875e+00  -2.6663367e+00   2.7924756e+00   1.4137531e+00  -1.3673861e-01   9.7027956e-01   4.6569014e+00   5.8762351e+00   7.7825561e+00   3.0991148e+00   2.8619495e+00  -6.4327963e-01   1.5016158e+00   2.2367313e-01   5.2754408e-01  -2.0330077e+00  -1.8069861e+00  -3.2183967e-01
   1.0714239e+01   7.5491663e+00   3.8241967e+00   1.3947434e+00   1.7847310e+00   1.1627967e+00   1.0080821e+00  -2.0524384e-01  -1.1620965e+00  -1.4507155e+00  -6.7801152e-01  -2.3157711e-01   4.2750924e+00   3.3512393e+00   8.0010011e-01   3.6407063e+00  -4.8579128e-01   2.7248963e-01  -3.0682638e+00  -1.1517914e+00  -5.6625295e-01  -8.5513521e-01  -8.1701170e-01  -4.9503743e-01
   1.6928673e+01   1.2781652e+01   8.0950323e+00  -4.9208808e+00  -1.1250499e+00  -7.7504625e+00  -4.1675135e+00  -1.7726108e+00   1.7245564e+00  -1.7805445e-01  -8.7215343e-01   2.6867173e-01   1.6888924e+00   1.5518814e+00  -6.6867220e+00   2.5825530e+00  -7.5629005e+00  -2.0916450e+00  -5.7461827e+00  -1.6254862e+00  -5.9868166e-01   3.5197026e-01   2.4189580e-01  -3.8910818e-01
   1.4550814e+01   8.8449296e+00   2.0960967e+00  -5.6502297e-01   5.7767414e-01  -5.2085912e+00  -7.3780260e+00  -4.0017944e+00   1.6979873e+00   1.3060300e+00  -2.9018106e-01   5.8085127e-02   1.2415687e+00  -3.0366234e+00  -7.0357006e+00  -3.4644017e+00  -4.7324180e+00  -5.9374952e+00  -6.6055277e+00  -3.1830863e+00   2.0897156e+00   2.4760360e+00   7.9062865e-01   4.1294176e-01
   1.3562632e+01   6.9693118e+00  -8.8382455e-01  -4.1695743e+00  -3.8933876e+00  -6.4367191e+00  -6.2780075e+00  -3.2062907e+00   4.6441117e-01   5.6333573e-01   3.2189854e-02   2.4178618e-01  -2.7104050e+00  -6.1827986e+00  -6.8964503e+00  -3.0121423e-01  -4.4153364e+00  -2.0548723e+00  -1.7148807e+00   4.3252601e-02   7.5642558e-01   1.4776940e+00   9.3228281e-01   2.7333520e-01
   1.4259613e+01   5.9004013e+00  -2.2399257e+00  -4.1775124e+00  -3.9297271e+00  -8.4003179e+00  -7.8449625e+00  -4.2630333e+00   2.6025495e+00   1.8926434e+00   5.5759821e-02   4.0127831e-01  -2.4499549e+00  -3.5796566e+00  -2.1190520e+00  -3.7927205e+00  -4.3465241e+00  -9.5086937e-01   1.6387096e+00   7.7898705e-01  -1.7162501e+00  -1.3821592e-01   1.1802088e+00   4.8929024e-01
   1.3008666e+01   4.9797181e+00  -8.1631957e-02  -3.5664574e+00  -5.4943539e+00  -9.2369076e+00  -6.5063663e+00  -1.5771124e+00   2.4069137e+00   1.7451799e+00   3.5330034e-01   5.0707794e-01   5.0536647e-02  -5.5740277e-01   2.1468614e+00  -2.7829286e+00   2.7293929e+00   4.7364663e+00   2.6233872e+00  -2.7290502e-01   1.1477884e-01   4.1807847e-01   3.8754370e-01   4.0780857e-01
   1.1152865e+01   4.4702416e+00  -1.4835775e+00  -6.5556622e+00  -5.1416288e+00  -5.2348010e+00  -4.8057822e+00  -3.6479029e+00  -1.8476391e+00   5.0778400e-01   1.3195769e+00   6.5937461e-01  -1.3652259e-02   6.6813520e-01   5.3983554e+00  -1.9943038e+00   4.1798847e+00   6.8418954e+00   4.0440617e+00   1.9808981e-01  -6.4279784e-01  -6.8816850e-01  -5.5238562e-01   3.7102296e-01
   1.5191811e+01   6.8482875e+00   1.9582935e+00  -7.1548923e+00   8.0665253e-01  -9.1477805e-01  -3.8625169e+00  -3.9232134e+00   2.8616737e+00   1.8828831e+00  -1.8403113e-02   7.2445088e-01  -1.6002345e+00   9.5153139e-01   4.9120334e+00   2.7745482e+00   6.0193546e+00   7.7512349e+00   5.3528586e+00   1.5652324e+00   3.2340450e-02  -8.5979733e-01  -7.6653448e-01  -9.7533272e-02
   1.3147562e+01   5.9683194e+00   4.8376446e+00  -5.3747507e+00  -8.1040335e-01  -2.2985396e+00  -3.1007946e+00  -2.7928481e+00   1.4109727e+00   7.9153903e-01  -5.8696688e-01   8.4912628e-01  -1.1532483e+00   2.5641576e+00   5.7077961e+00   7.4818957e+00   2.8040555e+00   1.4138420e+00   4.1110802e+00   2.8941979e+00   1.1263271e+00  -8.7156943e-02  -8.4047267e-01  -3.8679205e-01
   9.6109657e+00   5.6579763e+00   4.1258070e+00   4.9091293e-03   1.3690652e+00   9.2181409e-01   6.7042779e-01   3.4320869e-01   8.2611850e-01   3.1360642e-01   1.5677049e-01   2.6590220e-01  -1.1597193e-01   3.6686029e+00   3.0823250e+00   4.7588533e+00  -6.9651584e-01  -3.5889203e+00   1.4603833e+00   8.1032736e-01  -1.2986381e+00  -1.1057247e-01   3.8280140e-01  -3.5322428e-01
   1.2213415e+01   8.9116336e+00   5.9943599e+00   1.0872807e+00  -1.2167519e+00  -4.0323340e+00  -9.0563422e-01  -1.4398172e+00   8.5962925e-01   1.1616869e+00  -2.8718943e-02   3.0846088e-01   2.5602397e+00   4.5238914e+00  -2.1454553e-01   3.7997994e-01  -4.7739899e+00  -5.9448834e+00   7.4076425e-01  -2.8011447e-01  -1.8895253e+00  -9.4553211e-01  -1.3668474e-01  -2.4298121e-01
   1.5484927e+01   1.0879535e+01   6.0034234e+00  -3.2476280e+00  -3.4946935e-02  -5.4312613e+00  -2.7695222e+00  -3.3842378e+00   1.1893883e+00   1.5319505e+00   2.7667502e-01   4.6494716e-01   4.0878877e+00   2.3980111e+00  -1.4411258e+00  -9.9014285e+00   3.5585500e-01  -7.9176301e+00  -6.7086989e+00  -2.3150570e+00   3.0570344e+00  -8.7316925e-01  -1.6001495e+00   6.4153791e-01
   1.4050941e+01   1.0143377e+01   3.5770182e+00  -3.1785122e+00  -7.2693821e+00  -8.0393270e+00  -2.6967328e-01  -1.3492965e+00  -1.6049500e+00  -1.2359311e+00  -8.5194626e-01   3.8513199e-01  -5.0728168e-01  -2.5614558e+00  -3.0106943e+00  -9.3256657e+00   1.7116707e+00  -3.8594983e+00  -5.1387509e+00   1.8267455e-01   4.8324387e+00   9.3621131e-02  -1.1199566e+00   7.0941140e-01
   1.4824034e+01   8.6391211e+00   3.1727893e+00  -1.2714337e+01   4.9291628e+00  -8.9511345e+00  -9.7106011e+00  -3.1746372e+00   6.6439598e+00   2.0266159e-01  -1.8318401e+00   1.1898735e+00  -3.4138184e+00  -4.3839190e+00  -3.5000292e+00  -4.1191424e+00   9.8046478e-01  -5.8041869e-01  -2.1357395e+00  -8.3382646e-02   4.7160000e+00   1.5714141e+00  -9.4373930e-01   4.0478545e-01
   1.1782939e+01   6.1896567e+00   2.8936356e+00  -8.1678633e+00  -1.1313008e+00  -8.0616448e+00  -5.1432211e+00  -1.2706057e+00   5.3810016e+00   1.9667631e+00  -6.5439624e-01   1.0101148e+00  -3.5607407e+00  -4.3495017e+00   2.0395630e+00  -1.9981778e+00   6.5873197e+00   5.6499821e+00   1.3010770e+00  -1.8977592e+00   2.9965876e+00   4.0152972e+00   1.1919888e+00   7.3089008e-01
   1.1498200e+01   6.2805165e+00   1.0950708e+00  -6.9316660e+00  -1.6332904e+00  -6.2907305e+00  -3.5363575e+00  -3.5486572e+00   4.7704125e+00   2.2877245e+00  -1.2377089e+00   7.5963392e-01  -1.8156842e+00  -1.7297226e+00   6.0941843e+00   1.2059688e+00   5.2502325e+00   3.1426758e+00   7.4960092e+00  -9.3656568e-01  -7.7028848e-01   2.4274299e+00   1.5226609e+00   3.2775218e-01
   1.0372747e+01   4.7984270e+00   7.6752219e+00  -9.0671145e+00   5.8928240e+00  -8.9455581e-01  -1.4051795e+00  -4.0089253e+00   3.8267049e+00   3.7444832e+00   6.3897143e-01   1.6965869e+00   8.7796220e-01   2.4858340e+00   3.4728250e+00  -6.7795300e-01   7.0498200e+00   1.3815283e+00   1.8582257e+00   8.3329067e-01  -5.5946067e-02   7.1301052e-02   7.0828958e-01   8.1178117e-02
   1.2805604e+01   6.7401521e+00   9.9232726e+00  -1.0455758e+01   9.2924491e+00  -7.8206653e+00  -3.3560813e-01  -3.2103259e+00   6.2656754e+00   2.9549463e+00  -1.9453256e-01   1.3382657e+00   2.4392812e+00   3.2622078e+00   3.0078314e+00  -2.1833401e+00   3.0826104e+00  -2.4057861e+00  -1.1906176e+00   4.4540476e+00   1.5844436e+00  -1.1533481e+00  -3.2396872e-01  -3.6588132e-01
   1.2446180e+01   9.6885900e+00   3.6887722e+00  -7.4227467e+00   3.9805594e+00  -5.2243849e+00  -3.9562573e+00  -1.8983535e-01   4.5494510e+00   1.7401038e+00  -1.1355006e-01   8.4256608e-01   3.6244924e-01   5.4416808e-01  -5.5550453e+00   2.9946448e+00  -8.6374865e+00  -2.4583902e+00  -1.9382936e+00   4.1478604e+00  -9.4353492e-01  -2.2929480e+00  -2.7775900e-01  -1.0438310e+00
   1.4120405e+01   8.7287467e+00   7.6000428e+00  -1.1028860e+01   3.9467575e+00  -7.7344950e+00  -4.0467451e+00   1.2228692e+00   6.7857048e+00   1.5598921e+00  -1.3474013e+00   6.3782235e-01   3.0303302e-01  -9.8438928e-01  -5.4005820e+00   2.0620103e+00  -9.2453665e+00   9.5285475e-01  -2.0184136e+00   3.5293926e+00  -2.9019529e+00  -1.9819467e+00   5.3317409e-01  -6.4153380e-01
   1.0259020e+01   4.6203818e+00   5.0426878e-01  -4.2885964e+00  -4.3905599e+00  -4.6252262e+00  -2.4570514e+00  -3.7323455e-03   2.1513878e+00   1.0025883e+00   7.9876730e-01   4.8106203e-01   1.3035171e+00  -5.3760729e-01  -1.6318334e+00  -3.1723544e+00  -5.0171633e+00   1.4026929e+00   3.1649212e-02   9.2347618e-01  -1.0775766e+00  -1.6621336e+00  -2.2621541e-01  -2.7438362e-01
   1.4353733e+01   7.7976723e+00   3.4146513e+00  -8.9298181e+00  -3.9004100e-01  -6.6909625e+00  -4.1128314e+00   1.9907114e+00   3.1117776e+00   3.5078401e-01   1.4906990e-01   5.5671707e-01   1.8222821e+00   2.6027641e-01  -9.2827104e-01  -5.6515045e+00  -2.5400770e+00   4.6861164e+00   2.2067979e+00  -9.4512891e-01  -2.3847633e+00  -1.2268661e+00  -5.6650436e-01  -4.2962046e-02
   1.4284792e+01   9.3477162e+00   3.3337178e+00  -1.3230799e+01  -1.3767863e+00  -3.6421118e+00  -3.8757403e+00   8.1145779e-01   4.7700498e+00  -1.4854261e-01  -1.2011088e+00   4.7154329e-01   4.0947695e+00  -1.5191212e-01   3.5382484e+00  -1.1058023e+01   4.9937303e+00   3.8546645e+00   3.2715760e+00  -2.3532226e+00   5.0582985e-01  -4.7118187e-01  -2.1146801e+00  -7.6883950e-02
