  -5.3058349e+00  -7.1474021e+00   6.0644895e+00  -9.0807293e+00   1.2897874e+01  -4.1207817e+00   1.3030780e-01   8.0515428e-01   4.5191699e+00  -5.4419559e-01   6.1787041e-02  -3.2581594e-01  -5.6882459e-01  -6.0591470e-01   5.6571963e+00   4.5846975e+00   5.6753444e-01  -1.3772267e+00  -1.3495198e+00  -4.7086151e-01   2.9122157e+00   2.6253514e+00   2.6525558e-01  -3.3564418e-02
  -5.3929077e+00  -6.7476260e+00   1.0053420e+01  -6.5860727e+00   7.9073622e+00  -5.7473008e+00   1.6195714e+00   1.5555686e+00   3.2423422e+00   2.9665832e-01  -4.2418710e-01  -1.2968572e-01  -2.3425321e+00  -2.0347892e+00   2.9535468e-01   4.5372535e+00  -1.8946818e+00  -5.2336065e+00  -1.8538612e+00  -3.9812361e+00   1.5982574e+00   1.3263753e+00   6.3891471e-01   1.4517912e-01
  -6.6762828e+00  -9.4885289e+00   7.0532523e+00  -8.9071743e+00   9.1806367e+00  -8.8164414e+00   2.5458344e-01  -2.4706248e+00   3.6393491e+00  -1.0573532e-01  -3.4105494e-01  -3.8106158e-01  -4.6045236e+00  -4.7747922e+00  -5.2446526e-01   8.1003815e-01  -1.3209707e+00  -1.1108688e+01  -4.2831820e+00  -1.9650218e+00   2.0633244e+00  -1.0357517e+00   7.7970727e-01  -1.4423309e-01
  -8.1596481e+00  -1.1410045e+01   5.7910914e+00  -5.7781567e+00   1.0436765e+01  -1.3219862e+01  -2.0440770e+00  -4.3712540e+00   5.4291740e+00  -1.0420221e+00   5.9909894e-02  -1.7193934e-01  -5.2156499e+00  -2.3061031e+00  -1.0676520e+00  -4.9366030e+00   9.5786460e-01  -9.9465396e+00  -5.8249987e+00   8.6015916e-01   1.5127858e+00  -2.1656034e+00   1.1744099e+00  -2.2186827e-01
  -1.0829250e+01  -1.1978381e+01   7.4089560e+00  -8.2696301e+00   9.6517170e+00  -1.7047533e+01  -4.4626410e+00   8.2103291e-01   6.5207407e+00  -1.4284830e+00   9.8929945e-01  -5.2103877e-01  -4.7606529e+00   2.4226379e+00   3.0526409e+00  -3.9355846e+00  -4.4970797e-01  -4.9845157e+00  -1.9231561e+00   2.3655099e+00  -8.1048118e-01  -1.5178285e+00   1.0156986e+00   1.3547340e-01
  -1.1139899e+01  -8.9618546e+00   8.2740903e+00  -1.4309749e+01   9.1086190e+00  -1.6551564e+01  -4.7593144e+00   1.1999785e+00   4.0708250e+00  -2.2903730e+00   6.7225048e-01  -3.9249953e-01  -3.3678558e+00   3.2386940e+00   4.6604841e+00  -1.6681291e+00  -1.8263851e-01  -1.5313514e+00   1.8427548e+00   1.9669708e+00  -2.4252296e+00  -1.8108360e+00   5.7540678e-01   4.8696631e-01
  -1.2327137e+01  -7.0786671e+00   1.0390714e+01  -1.0544755e+01   9.1701477e+00  -1.4627364e+01  -1.2725321e+00  -1.7079762e+00   3.1028018e+00  -1.7583027e+00   8.7632273e-01  -6.7571378e-02  -2.7892041e+00  -4.1714104e-01   2.1536400e+00   2.8315713e+00   2.8983302e+00   1.0043007e+00   1.7320131e+00  -2.6018488e+00  -4.0178744e+00  -1.8974327e+00  -3.2524435e-01   5.4712850e-01
  -1.2462488e+01  -9.0018606e+00   1.1290939e+01  -7.1427880e+00   1.0403592e+01  -1.6726974e+01  -8.7499931e-01  -1.5629326e-01   3.5002990e+00  -3.5933663e+00   9.7950842e-01   3.3177643e-01  -2.8656623e+00  -2.3199871e+00   5.2109715e-01   2.0687450e+00   2.8320220e+00   1.3938531e+00  -1.1469307e+00  -5.0117422e+00  -4.1768059e+00  -9.3782930e-01  -1.9761312e-01   7.1426286e-02
  -1.4351762e+01  -1.2584090e+01   9.1309919e+00  -7.6057539e+00   1.3351726e+01  -1.5453377e+01  -3.8067788e+00  -2.4036045e+00   7.7919197e-01  -3.6231353e+00   3.4780395e-01  -6.2484002e-02  -1.6859172e+00  -1.1860570e+00  -2.0495689e+00  -3.8620795e+00   6.0384200e-01   8.4127076e-01  -8.7586433e-01  -5.0056816e+00  -3.0965570e+00  -1.5089571e-01  -7.6464477e-01  -4.8580915e-01
  -1.4426080e+01  -9.6891239e+00   9.6855972e+00  -1.2676132e+01   1.1265863e+01  -1.4047778e+01  -5.2125871e+00  -5.9698206e+00  -1.0325789e+00  -2.7647006e+00   6.4009018e-01  -2.8790379e-01  -1.7032355e+00   1.4841810e+00  -1.1298053e+00  -5.9693361e+00  -3.9157847e+00   2.5009689e+00   2.0263740e+00  -4.9369727e+00   1.9918246e-01   1.0292814e+00  -5.9499934e-01  -3.2812717e-01
  -1.3874217e+01  -8.5141209e+00   8.1190314e+00  -1.3571202e+01   9.6447751e+00  -1.4705056e+01  -4.1753471e-01  -6.3097349e+00   7.2440518e-01  -2.3989791e+00  -1.0093531e-01  -4.8644499e-01  -7.0398323e-01   3.4489030e+00   2.4243263e+00  -1.5144965e+00  -8.5237594e+00   1.1860341e+00   1.9420962e+00  -2.1579118e+00   2.2983279e+00  -2.1114281e-01   5.6890934e-01   7.0919058e-01
  -1.5256114e+01  -8.8105735e+00   1.0102211e+01  -1.3114068e+01   6.3833900e+00  -1.3349681e+01   4.6993956e-01  -5.6086871e+00   3.8264661e+00  -2.6615224e+00   3.1137904e-01   5.1566169e-02  -9.2105460e-01   1.1937850e+00   7.9472925e-01   1.3206864e+00  -5.3227727e+00  -7.2114358e-01   1.6849172e+00   1.2959514e+00   4.1546379e+00  -3.4195615e-03   2.0242479e-01   8.5321776e-01
  -1.4992719e+01  -7.8500103e+00   1.2559175e+01  -9.6585307e+00   3.0073232e+00  -1.4023374e+01  -3.7348979e+00  -5.8210388e+00   1.7971613e+00  -3.9914387e+00   1.3655235e+00   8.3156688e-01  -1.8600057e+00   4.3948102e-01   6.9038537e-01  -8.6407067e-01  -1.0880109e+00  -1.3693160e+00  -2.1993626e+00   1.9711786e+00   3.2312937e+00   2.3748118e-01  -1.5653885e-01   4.8089783e-01
  -1.5248411e+01  -8.2305018e+00   8.6576195e+00  -1.2651438e+01   6.6004298e+00  -1.5470334e+01  -1.0265297e+00  -4.2702416e+00   4.6629998e+00  -1.9736002e+00   2.1049794e-01   3.3291690e-01  -1.5862066e+00   1.1467133e+00   3.8598558e-01  -3.3391919e+00   4.5808895e+00  -1.0548739e+00  -1.8269537e+00   1.6153793e+00   1.5676108e+00   1.3459104e+00  -2.3628303e-01  -6.9568397e-02
  -1.6668077e+01  -8.1449352e+00   9.8769051e+00  -1.5098623e+01   7.9042389e+00  -1.5698703e+01  -2.9683439e+00  -4.0221898e+00   5.1530788e+00  -2.3867184e+00  -2.8530302e-01   9.4226385e-02  -1.5901628e+00   1.5518986e+00   1.0406817e+00  -2.6582657e+00   8.2813822e+00   1.9212017e+00   3.5737659e+00   1.7815490e+00   6.6780105e-01   2.6522690e+00  -5.3134701e-01  -5.5035665e-01
  -1.6797745e+01  -6.9430412e+00   1.2022324e+01  -1.5402810e+01   1.0806266e+01  -1.4094328e+01  -2.6537679e+00  -4.0850427e+00   4.4999235e+00  -1.4450169e+00   7.8236779e-01   3.1588382e-01  -2.7639815e+00   1.2714074e+00   1.9808407e+00   1.7827259e+00   5.1655296e+00   1.6052057e+00   2.3337622e+00   3.2276774e+00  -4.7122528e-01   1.7051871e+00   1.4532186e+00  -4.0585097e-02
  -1.6603296e+01  -6.1658927e+00   1.2437845e+01  -1.2270243e+01   1.3326478e+01  -1.1829575e+01   2.4393701e+00  -3.2413147e+00   2.8804010e+00  -2.7732677e-01   2.8256809e-01   1.4548453e-02  -2.3392380e+00   1.0625287e+00   2.5871282e-01   2.4735693e+00   2.9665675e+00   1.5860096e+00   3.9158878e+00   4.2701465e+00  -1.2758891e+00  -4.2103113e-01   1.5385211e+00  -1.0102113e-01
  -1.9426773e+01  -7.3129119e+00   1.0348411e+01  -1.1391539e+01   1.1637605e+01  -1.4997090e+01  -2.2974338e-01   1.8083705e-01   5.0925008e+00  -4.7051537e-01   2.1063903e+00   3.1187823e-01  -2.7079637e+00   2.4166819e+00   1.4768893e+00   3.0898882e+00   9.6624049e-02   1.0945049e+00   3.0440274e+00   3.3133840e+00  -1.1808379e-01  -2.1580675e+00   5.8974096e-01   9.4927193e-04
  -1.8862420e+01  -6.3662068e+00   1.1101931e+01  -1.3393904e+01   1.1938421e+01  -1.2868308e+01   1.6934754e+00   2.5009003e-01   2.9429565e+00  -3.5055159e+00   1.3604674e+00  -5.5302511e-02  -3.1789951e+00   2.8036064e+00   2.4405326e+00   3.0719618e+00   7.1099882e-01  -8.3117288e-01  -5.9019832e-01   1.9956175e+00   7.7059410e-01  -1.3188860e+00   8.1481566e-01   3.4037944e-02
  -1.9730129e+01  -3.2178613e+00   1.4905615e+01  -1.0206147e+01   1.1645231e+01  -1.1933204e+01   2.2852205e+00  -8.6066919e-01   4.2915201e+00  -3.0680236e+00   1.1280296e+00   3.5223321e-01  -2.0568514e+00   2.6925368e+00  -4.1417534e-01   2.2181870e+00   1.4512040e+00   1.2440225e+00   5.9204618e-01   4.3355446e-01  -1.5356920e+00  -9.3051163e-03  -1.1407858e-01  -7.2689004e-02
  -2.1220111e+01  -4.0080084e+00   1.3820042e+01  -8.2549968e+00   1.4389163e+01  -1.4608277e+01   2.9659069e-01   2.7286461e-01   4.4367825e+00  -9.5690158e-01   1.9939719e+00   4.5427876e-02  -2.3382266e+00   4.3473561e-01  -2.7601107e+00   2.8613997e+00  -6.2018750e-01   1.0737693e+00  -1.8414534e+00  -7.9579592e-01  -6.9734337e-01   2.1084905e+00   6.4667775e-01   1.5343758e-01
  -2.1333205e+01  -4.4532060e+00   8.3680922e+00  -1.0633712e+01   1.2589040e+01  -1.2261071e+01   1.3567683e+00   8.1978145e-01   2.0420498e+00  -1.7587802e+00   1.6185201e+00   1.5247953e-01  -1.1321525e+00  -1.2650432e+00  -4.7056339e+00  -6.8293631e-01  -3.6917488e+00  -5.9404405e-02  -1.1125839e+00  -1.4040888e+00  -7.2290851e-01   1.6372170e+00   7.4280181e-01   2.0396870e-02
  -2.1568222e+01  -5.0964310e+00   1.0230526e+01  -8.8880221e+00   1.0536236e+01  -1.1093720e+01  -6.0447859e-01  -1.7838292e+00   3.0216766e+00  -9.9740185e-01   2.0852388e+00   2.7473070e-01   1.9839335e-01  -1.0568112e+00  -2.9602244e+00  -1.0405719e+00  -8.8920644e+00  -4.0452501e+00   2.2837941e+00  -1.4826493e+00   9.0063079e-01   1.3772108e+00  -2.6000983e-01   1.8140688e-01
  -2.1254302e+01  -4.5712148e+00   9.6419218e+00  -1.0914039e+01   8.0340718e+00  -1.3779589e+01   1.0668792e+00  -1.9384555e+00   3.9147103e+00  -5.9194796e-01   2.1965989e+00   2.6817711e-01  -8.8368675e-02  -5.2649490e-01  -1.1581080e+00  -1.1626824e+00  -7.2885098e+00  -6.3087351e+00   4.3794431e+00  -2.1735702e+00   1.4516152e+00   1.5391729e+00  -5.6705703e-01   1.7398716e-01
  -2.0961972e+01  -5.5342208e+00   8.7427904e+00  -9.6756914e+00   3.3285504e+00  -1.9916893e+01   3.8672264e+00  -5.7199084e-01   4.8513984e+00   5.2549844e-01   1.3149178e+00   2.5968941e-01   1.4537532e-01   5.1258432e-01  -9.5996498e-01  -1.2677178e+00  -7.2970939e-01  -2.5019325e+00   4.3457672e+00   6.2555096e-01   3.3609530e-01  -1.0005567e+00  -1.1334256e+00  -3.0487885e-01
  -2.1768882e+01  -5.0240535e+00   7.3747981e+00  -1.1983901e+01   5.2601173e+00  -1.7312587e+01   5.6900804e+00  -3.0464931e+00   3.3046116e+00  -2.1147094e-01   1.1530951e+00   4.2098091e-01   6.2790707e-01   2.1817672e+00   1.1153365e+00  -1.4288642e+00   1.3099194e+00   2.7070807e+00   2.7776126e+00  -3.5376349e-01  -1.2156557e+00  -1.6912061e+00   3.3356161e-03  -6.4644918e-01
  -2.1092869e+01  -4.1011352e+00   9.9241405e+00  -1.0254668e+01   1.0828649e+01  -1.3080120e+01   3.6025716e+00  -2.9148393e-01   3.8308689e+00  -2.6884755e+00   9.0685231e-01  -2.5898947e-01  -5.2976060e-01   4.0668703e+00   1.7312825e+00  -2.1917829e+00   3.7295535e+00   7.0653881e+00  -1.1323153e+00  -2.7151734e+00  -3.9424428e-01  -4.6636066e-01   8.3511520e-01  -6.6113088e-01
  -2.0246993e+01  -2.0151068e+00   1.0724252e+01  -1.2767847e+01   6.2489018e+00  -1.3137355e+01   5.3656256e+00  -2.6093542e+00   2.6014915e+00  -1.5217701e+00   2.4056350e+00  -4.4215722e-01  -1.4096154e+00   2.0082324e+00   1.7771701e+00   6.6751955e-01   1.6879802e+00   1.3531231e+00  -2.0343488e+00   4.6417033e-01   2.1616680e+00   3.3445231e-01   9.2595244e-02  -3.3674943e-02
  -2.2517558e+01  -9.3838865e-01   9.6649874e+00  -1.2571393e+01   8.4284884e+00  -1.1406428e+01   2.3309809e+00  -4.8633203e+00   4.6115921e+00   4.8110705e-01   1.9413206e+00  -3.0043785e-01  -1.8445608e-01   1.2022905e+00  -8.4269630e-01   1.7156933e+00  -3.5743615e-01  -3.4043551e+00   1.8682791e-01   2.5294765e-01   1.9703146e+00   2.9416582e-01  -1.0322717e+00   7.0893159e-01
  -2.3170961e+01  -3.5930781e+00   1.0170130e+01  -9.8242594e+00   8.9921677e+00  -1.6119749e+01   3.2743526e+00  -6.4319378e-02   6.1567519e+00  -1.2945837e+00   7.7475376e-01   3.9119268e-01   1.9657851e-01   5.6633046e-01  -1.3946806e+00   3.2780447e+00   2.4652561e+00  -5.4875163e+00  -2.2059025e+00   2.0414241e+00   1.5828420e+00  -6.2749321e-01  -1.9956665e+00   8.4421022e-01
  -1.9907569e+01  -1.5087138e+00   8.9371569e+00  -9.1529214e+00   8.9208615e+00  -1.6695456e+01   4.9284500e+00  -1.1845799e+00   5.0087106e+00  -2.3608199e+00   1.7388534e-01   3.8773296e-01   1.5845038e+00   4.1578607e-01   1.0170045e+00   2.1045069e+00   5.9338414e-01  -1.1695936e+00  -2.0614953e+00   8.9851245e-01  -1.8859022e+00  -2.1284449e+00  -7.1765563e-01   4.0667593e-01
  -2.1257120e+01  -8.8044858e-01   8.9961460e+00  -9.5600157e+00   9.7005993e+00  -1.8724115e+01   7.5803723e-01  -1.3865883e+00   4.7771953e+00  -1.0420465e+00   2.9585300e-01   4.8007271e-01  -1.4123191e+00  -6.7454630e-01   4.5657213e-01   1.5441571e+00  -1.6215013e-01   4.1658440e+00  -1.8014357e+00  -3.2312121e+00  -2.2530231e+00  -8.1457405e-01   3.7779681e-01  -3.1486637e-01
  -2.1097723e+01  -1.6710243e+00   1.1777486e+01  -9.5467543e+00   8.9643488e+00  -1.1858635e+01   4.9689569e-01  -2.8544172e+00   2.4725171e+00  -2.8378289e+00   1.1042876e+00   2.6513603e-01  -2.6953471e+00  -1.4954923e+00   2.8660774e+00   1.5081765e+00  -8.1043381e-01   3.9453013e+00  -1.3299277e+00  -3.4550447e+00  -9.9602480e-01  -2.8745651e-01   7.2431940e-01  -1.8029711e-01
  -2.4694363e+01  -4.5237423e+00   9.4348234e+00  -7.3111072e+00   8.7271988e+00  -1.2289393e+01   2.7879762e+00  -4.0762189e+00   4.0453140e+00  -2.2779403e+00   8.7624786e-01  -1.9808402e-02  -7.8595699e-01  -2.8872651e-01   2.2790704e+00  -2.8867176e+00  -3.1929574e-01   3.4059520e+00   1.7923198e+00   4.8034620e-02   7.8867346e-01  -5.7018678e-01   8.6995432e-01  -1.1469047e-01
  -2.2231968e+01  -1.9303054e+00   1.3016934e+01  -8.0151109e+00   8.1919111e+00  -1.3994865e+01   1.9185889e+00  -5.0223316e+00   3.8806141e+00  -2.1740578e+00   9.7016700e-01   3.6722785e-01   1.0766798e+00   1.9585179e+00  -6.2167576e-02  -3.9507757e+00   5.1333798e-01   9.7972708e-02   2.4934847e+00   4.1124081e+00   1.8679322e+00   8.5773479e-01   3.2322271e-01   3.5310011e-02
  -2.1868933e+01  -1.1838978e+00   1.1795028e+01  -1.4655914e+01   9.6078746e+00  -1.2547072e+01   2.7356703e+00  -2.3057920e-01   5.2561570e+00  -2.2292122e+00   1.6678448e+00   2.5699109e-01   3.5143598e+00   3.1383926e+00  -2.8942597e-01  -3.3632556e+00   6.9064647e-01  -2.0227759e-02   8.6400516e-01   5.0721514e+00   1.1094804e+00   1.6083869e+00   4.8697504e-01  -2.3196855e-01
  -2.0895418e+01  -4.0316965e-01   1.0504133e+01  -1.1800514e+01   9.2940179e+00  -1.1582836e+01   4.2632756e+00   1.3913752e+00   4.6689939e+00  -1.5755908e+00   1.1933232e+00   1.7970130e-01   2.1343835e+00   1.3806924e+00  -3.8728658e-01   2.0113306e+00   3.2328903e-01  -2.7792016e+00  -5.6798576e-01   4.5534994e+00   2.1913930e+00   2.0352567e+00   7.9492655e-01  -6.3425432e-02
  -2.0091098e+01  -5.7972125e-01   1.0257085e+01  -1.0463289e+01   9.2121151e+00  -1.3525749e+01   2.9116406e+00   3.2515475e-01   5.3153447e+00  -1.6459344e-01   1.4951323e+00  -2.7399796e-01   1.9783132e+00   1.2345645e+00   4.9605320e-01   4.4095151e+00  -3.3218370e+00  -5.3846029e+00  -1.9697399e+00  -6.7335003e-02   2.0538449e+00   9.0602969e-01   7.9174534e-01   4.2022898e-01
  -1.9919310e+01  -1.6135514e-01   1.3204976e+01  -7.0944275e+00   8.8747243e+00  -1.7674329e+01   9.7862513e-01   1.5300505e+00   7.1381097e+00  -1.5348211e-01   2.2489130e+00   5.3758422e-01   1.2695294e+00   1.2665604e+00   4.9765012e-01  -8.2819861e-01  -2.9721779e+00  -2.9817805e+00  -2.7145977e+00  -1.9113667e+00   1.4628344e+00  -1.3109148e+00   3.4758432e-01  -1.4509501e-02
  -1.9389517e+01   5.4704174e-01   1.1188686e+01  -1.0394685e+01   4.8347660e+00  -1.7578230e+01   1.4233858e+00  -4.0091937e-01   7.1023665e+00  -1.5812220e+00   2.3276678e+00   7.0839310e-01   3.8524767e-01  -1.9725630e-01   3.3187494e-01  -3.6220148e+00  -2.1866050e+00  -1.0399111e+00  -1.2835514e+00  -8.3060174e-01   7.3342916e-01  -2.5595551e+00  -3.6958053e-01   1.7361730e-01
  -1.9341915e+01   9.3328942e-01   1.0784808e+01  -1.3077114e+01   7.0244256e+00  -1.4029266e+01   9.3550644e-01  -1.1126379e+00   5.9697346e+00  -2.8336486e+00   1.2984319e+00  -3.3325848e-01  -7.1569109e-01  -1.2351585e-01   9.6070019e-01  -3.9610288e+00  -2.6233499e-01   9.1071747e-01  -6.4412040e-01  -2.7165702e+00  -1.3615873e+00  -1.1935378e+00  -6.8857190e-01  -4.5448240e-02
  -1.9801924e+01  -1.4229280e+00   1.1964982e+01  -1.2904968e+01   6.8573571e+00  -1.6908147e+01   1.0078728e+00   4.0059633e-01   6.9996760e+00  -2.6638428e+00   1.4160021e+00   4.2184934e-01  -1.2135948e+00   7.7030390e-01   2.0953606e+00  -1.3142808e+00   2.6669086e+00   2.5311416e+00   7.2397818e-01  -3.8768625e+00  -1.8359110e+00  -1.0609772e-01  -7.9185357e-01  -2.0016709e-01
  -2.0786643e+01   6.3835595e-01   1.4257878e+01  -1.1780829e+01   7.4699263e+00  -1.6643294e+01   2.2020102e-01  -2.9455626e+00   5.1470739e+00  -1.4024784e+00   1.6718881e+00   6.1268374e-01  -1.5314159e+00   2.7582185e-01   4.9493609e-02  -7.7354390e-01  -1.4441648e+00   6.8036132e+00   4.5857463e+00  -2.0469088e+00  -1.2933282e+00  -7.9125739e-01   8.0583779e-01   5.0642952e-02
  -2.0487545e+01   1.8499643e+00   1.2595192e+01  -1.3014249e+01   8.6123785e+00  -1.2474504e+01   2.8670057e+00  -5.2997507e+00   4.7598303e+00  -2.4559537e+00   9.5315941e-01  -6.4828646e-02  -2.1619489e+00   4.6039686e-01  -7.0983644e-01   2.4752628e-01  -2.7022203e+00   6.0154597e+00   2.5732865e+00  -2.2488793e+00  -2.7171615e-01   1.2793258e-01   8.2475500e-01  -2.1153850e-01
  -2.1296229e+01  -2.8942396e-01   1.0543943e+01  -1.4182790e+01   3.9806676e+00  -6.0406680e+00   6.8845593e+00  -1.3328275e+00   5.1496652e+00  -4.1244793e+00   2.7386100e+00  -1.3955058e-02  -1.4536303e+00  -2.5215870e+00  -2.5542604e+00  -1.7008372e+00  -2.7649257e+00   7.3186172e-01   6.4420025e-01   8.2789627e-01   5.7744483e-01   2.5154963e-01   3.9161606e-02  -1.7786029e-01
  -2.2790055e+01  -2.6844273e-01   1.2757195e+01  -1.1332698e+01   4.5486559e+00  -1.3186271e+01   1.5356234e+00  -3.7790902e+00   6.5908062e+00  -1.1109435e+00   2.1197737e+00   4.1786100e-01  -6.4310729e-01  -2.0231295e+00  -1.8073373e+00  -2.9868695e-02  -3.4870616e-01  -4.3197108e+00  -1.7292644e+00   1.3022614e+00   6.6590299e-01   2.8928820e-01  -2.1451952e-01   1.6118371e-01
  -2.1815833e+01  -2.0848210e+00   1.0345486e+01  -1.5172860e+01   5.3543990e+00  -1.5189618e+01   1.8521926e+00  -2.4640485e+00   5.0977532e+00  -1.6976591e+00   1.1473233e+00   1.0454849e-01   6.1783563e-01  -7.2046565e-02  -2.6472354e+00  -9.2544665e-01   3.5184760e+00  -5.1422012e+00  -2.3398845e+00  -1.2854937e+00  -7.3492875e-01   1.6852398e-01  -7.5206759e-01   3.3469993e-01
  -2.1192403e+01  -2.8703134e-01   9.9834141e+00  -1.2564016e+01   7.4024535e+00  -1.4379595e+01   2.7892926e+00  -2.7807481e+00   5.7846408e+00  -3.2354315e+00   1.4270234e+00   1.1769515e-01   6.4954825e-01  -2.7800373e-01  -4.2481927e+00  -3.9157356e+00   2.2618470e-01  -5.2321700e-01   2.0909781e+00   8.6372319e-03  -2.2809213e+00  -1.3559733e+00  -4.0940623e-01   8.2657254e-02
  -2.1168301e+01  -3.8819950e-01   7.9599802e+00  -1.4955301e+01   7.8314828e+00  -1.3157308e+01   2.7478980e+00  -3.7602391e+00   4.4503547e+00  -2.8094493e+00   1.9568837e+00   6.3817776e-01   1.2673798e-01  -1.0750050e+00  -1.9810762e+00  -1.8686057e+00  -1.1253919e+00   1.6169882e+00   1.1189387e+00  -1.1120383e+00  -1.3320468e+00   6.0118675e-01  -2.2539170e-01   1.2797917e-01
  -2.2139499e+01  -1.5337591e+00   7.5776584e+00  -1.7315081e+01   3.6493911e+00  -1.4987252e+01   4.2242379e+00  -3.1180390e+00   3.4931235e+00  -2.5890084e+00   1.1008841e+00   2.7503224e-01  -1.4728931e-02  -1.3582076e+00  -1.5299542e+00  -8.4562777e-01   5.6404840e-01   4.5591473e+00   5.6842548e-01  -9.6896746e-01  -1.5169560e+00   1.5955572e+00  -8.4117259e-01  -5.9755539e-02
  -2.1152179e+01  -3.0739645e+00   8.5767495e+00  -1.5600236e+01   5.5428423e+00  -1.2460308e+01   2.8131280e+00  -3.9634604e+00   4.2454416e+00  -1.1190905e+00   9.7230545e-01   2.1784869e-01   7.6281958e-01   1.2460171e+00  -7.1170250e-01   1.2612791e+00   4.1694092e+00   4.6286231e+00   1.1411053e+00  -1.3329517e+00  -6.7079245e-01   8.0984208e-01  -1.3002560e+00  -1.1546241e-01
  -2.1222558e+01  -9.8146015e-01   7.3800981e+00  -1.3509990e+01   9.3928464e+00  -7.8893742e+00   3.6093158e+00  -4.1325887e+00   3.6116633e+00  -1.6872750e+00   6.5755366e-01   2.3822638e-01   1.2763193e+00   2.2596049e+00  -8.6217689e-01   2.7960785e+00   8.1223768e+00   5.2216600e+00  -4.0370264e-01  -1.6875519e+00   9.1785728e-01   1.1597032e+00  -4.5624499e-01   9.4559042e-02
  -2.0482542e+01   1.2046767e+00   6.9912065e+00  -1.4965928e+01   1.1213869e+01  -9.7633116e+00   4.7670170e+00  -5.2523919e+00   3.3848961e+00  -2.0455529e+00   2.2816492e-01   4.8338709e-01   1.2618253e+00   3.1043219e+00  -1.2679945e+00   6.3572992e-01   3.9671601e+00  -3.3138558e-01  -1.5374770e+00  -1.4574219e+00   5.2166282e-01   1.2682992e+00   7.6813350e-02   1.0866877e-01
  -2.0559838e+01  -2.8367228e-01   7.0771645e+00  -1.3438118e+01   1.2997443e+01  -8.5032595e+00   2.6417394e+00  -5.0049011e+00   5.3001822e+00  -3.8622236e-01   7.8858693e-01   2.8410161e-01   9.5583605e-01   2.3622958e+00  -8.2627422e-01   5.8619330e-01  -2.3794753e-01  -4.7476162e+00  -1.2735743e+00   9.5172704e-01  -4.5645321e-02   9.3522785e-02   9.8114134e-01  -3.2802031e-02
  -1.9590801e+01   1.2336244e+00   6.8262246e+00  -1.4682578e+01   9.6912842e+00  -1.2650443e+01   9.9070064e-01  -5.7134370e+00   4.1836764e+00   1.3283198e-01   1.0220088e+00   3.5791424e-01  -6.5582206e-01   8.6377507e-01  -1.7769939e+00  -5.3025503e-01  -3.1039148e+00  -4.0351527e+00   5.6327197e-02   1.9489825e+00   4.3530625e-01  -1.0433154e-01   1.0717714e+00  -3.0534674e-01
  -2.0234674e+01   2.5475096e+00   6.2231777e+00  -1.2772375e+01   9.7972175e+00  -1.3567233e+01   3.5871125e+00  -2.4744756e+00   3.1438052e+00  -2.6361833e+00   1.7323437e+00   2.5175975e-01  -1.9276941e-01   1.9057967e+00  -2.4816849e+00  -4.5669524e+00  -3.4335674e+00  -1.1936634e+00   3.5412268e-01   1.0379579e+00  -4.2918077e-01  -1.1770373e+00  -6.7787188e-01  -1.5364011e-01
  -2.1628857e+01   1.0847483e+00   4.7527091e+00  -1.6094181e+01   8.1581095e+00  -1.3284054e+01   4.3788213e+00  -3.5941308e+00   5.1160440e+00  -1.0770697e+00   1.3639436e+00   4.1537904e-02  -9.2791135e-03  -2.0835371e-03  -2.6900409e+00  -3.4794403e+00  -1.5962988e+00   3.8809564e+00   1.5571048e+00   7.7210882e-01   1.1123095e-02  -1.6681666e+00  -7.4235881e-01   4.4875257e-01
  -1.9829964e+01   2.6494608e+00   4.3913949e+00  -1.9582745e+01   8.6136793e+00  -9.9769493e+00   1.4788631e+00  -4.5076173e+00   4.1902272e+00  -1.5468275e+00  -3.9918826e-01   2.1182961e-01   2.3100154e+00  -9.9694191e-01  -3.2716838e+00  -2.6330426e+00  -1.2738729e-02   6.0929148e+00   1.1535326e+00   5.2321920e-01   9.2649951e-01  -5.4091167e-01  -4.7879537e-01   4.5301429e-01
  -1.9807074e+01   1.1795235e+00   3.7070547e+00  -1.6496553e+01   7.8886051e+00  -8.6241504e+00   4.3804826e+00  -3.5387029e+00   3.6771500e+00  -2.9140957e+00   9.7423661e-01   1.0510082e+00   2.1769875e+00  -1.1624907e+00  -1.4112007e+00   1.9866091e+00   9.9465980e-01   3.4840044e+00   1.8275990e+00   2.1728220e+00  -4.2257263e-02  -3.9320049e-01   8.1058198e-01   3.2340436e-01
  -1.7680543e+01   1.0047091e+00   1.8384792e+00  -1.6520753e+01   9.9128616e+00  -6.7578122e+00   5.3165808e+00  -1.7173608e+00   5.2530014e+00  -2.5290378e+00   1.2090042e+00   4.2654606e-01   7.0636945e-01  -1.4213919e+00  -1.3332728e+00   1.3841221e+00  -1.6471827e+00  -1.4972429e+00   1.0353368e+00  -2.7746588e-01  -2.7077321e-01  -5.6099837e-01   1.3299928e+00  -2.0530218e-02
  -1.9438086e+01   1.6338815e-01   3.9123658e+00  -1.4645264e+01   9.0005080e+00  -9.6676159e+00   5.2013608e+00  -1.7300261e+00   4.5212710e+00  -1.1757653e+00   1.7757203e+00   4.1928622e-01  -3.3085263e-01   2.4639967e-01   1.4173200e+00  -3.0685626e-01  -1.8582495e+00  -4.4302840e+00  -4.3175714e-01  -4.8251417e+00   7.3001035e-01   3.4415129e-01  -1.4048580e-01  -5.7413652e-01
  -1.8954904e+01   1.0254407e+00   2.2888301e+00  -1.8432206e+01   5.5869539e+00  -1.1701081e+01   2.6214292e+00  -5.8281545e+00   3.3620069e+00  -3.2574903e+00   1.1950591e+00   4.9689525e-01  -9.5694110e-01   2.4542087e-01   4.2562147e-01   3.9735082e-01  -1.1558541e+00  -3.1772585e+00   1.7650847e-01  -4.5499304e+00   4.5171908e-01   1.2659699e+00  -1.2680112e+00  -5.3174609e-01
  -1.9666173e+01   1.5387573e+00   5.6078593e+00  -1.6001111e+01   7.2641846e+00  -1.2797942e+01   5.0804227e+00  -8.7210185e+00   5.7176628e+00  -2.0336425e+00   7.7048044e-01   1.5462878e-01   5.5579435e-01  -3.2333484e-01  -1.5681422e+00   2.7802870e+00   1.9786860e+00   2.9656980e+00  -1.5599809e-01  -1.6931902e+00   1.3112116e+00   1.4286557e+00  -8.1445543e-01  -3.4411875e-01
  -1.9001911e+01   6.8515587e-01   1.6291647e+00  -1.5246803e+01   9.0472421e+00  -9.9585368e+00   5.6418126e+00  -5.0467601e+00   5.3323842e+00  -2.0114429e-01  -1.9039263e-01  -2.3874436e-01   4.5166274e-01  -1.8363107e+00  -5.0229627e-01   6.4548884e+00   4.3905402e+00   4.2348951e+00  -2.1743979e+00   1.2556758e+00   3.9185553e-01   1.7393499e+00   1.6857220e-01   2.2135705e-01
  -1.8580891e+01  -1.5147171e-01   1.8899852e+00  -1.2067535e+01   1.0238393e+01  -6.0903409e+00   3.4571720e+00  -4.6605086e+00   5.5028998e+00  -5.6095478e-01   1.2467631e+00   2.7092790e-01   6.0013525e-01  -1.6818030e+00  -4.9408542e-01   2.9732711e+00  -2.4646461e-01   1.0074876e-01  -6.2597588e+00   2.0010027e+00   4.9495844e-01   3.0997077e-01   1.2731476e+00   5.6078566e-01
  -1.8820050e+01  -8.8391085e-01   3.3943227e+00  -1.0716662e+01   1.0685660e+01  -8.7025388e+00   1.7145768e-01  -5.9748957e+00   4.0571717e+00  -1.3848093e+00   1.2097761e+00   7.7078127e-01   3.5987088e+00   4.7062011e+00   4.1181662e+00   3.4556956e+00  -4.9288641e+00  -2.5157352e+00  -5.7237179e+00  -4.9101211e-01   5.7019147e-01  -2.1179343e+00   2.2422913e-01   2.1657971e-01
  -1.8856900e+01  -1.9941384e-01   3.9841521e+00  -1.3806275e+01   6.0752788e+00  -1.3274818e+01  -1.5740381e+00  -5.2554467e+00   7.0977067e+00  -9.7685386e-01   1.9801175e+00   4.9104446e-01   7.9610070e+00   9.6984653e+00   4.0210962e+00   2.1665329e+00  -6.8646817e+00  -2.0599937e+00  -2.4173526e+00   3.6746617e-01   3.5584623e-03  -9.4681409e-01  -1.6380347e+00  -3.7934484e-01
  -1.3465843e+01   7.7684286e+00   6.7593305e+00  -9.1938895e+00   3.7355030e+00  -1.0139901e+01  -4.2815928e-01  -5.4858092e+00   5.3902679e+00  -3.1700961e+00  -2.2072616e-01  -2.3933083e-02   9.9041064e+00   9.9282796e+00   2.7635421e+00   1.1811682e+00  -3.2347452e+00   2.2284708e+00   3.1912596e+00   2.3518410e+00  -5.1502814e-01   1.5929071e-01  -1.6770850e+00  -8.2422071e-01
  -9.3164844e+00   1.0070057e+01   6.2391256e+00  -9.5791217e+00   3.4164489e+00  -8.4616504e+00   1.3095152e-01  -4.3538526e+00   4.8416894e+00  -1.0885325e+00  -4.9503789e-01   9.9267818e-02   8.4696337e+00   5.8422896e+00  -1.3087030e+00   1.8748001e+00  -1.3175814e-01   1.4918309e+00   2.0700644e+00   3.3234453e-02  -3.7511527e+00   1.1232369e-01  -7.9502905e-01  -2.8651873e-01
  -8.7340988e+00   8.8737734e+00   6.4121492e+00  -1.1058486e+01   7.1629571e+00  -7.7664163e+00   4.1058523e+00  -2.8979312e+00   4.4126381e+00  -1.0900339e+00  -6.8273723e-02  -2.6966147e-01   3.9386867e+00  -1.4767327e+00  -4.3034028e+00   1.5274659e+00   1.7130284e+00  -2.5294465e+00  -1.3853689e+00   1.0361111e+00  -2.1914008e+00   7.5727774e-01   1.8749934e+00   4.6116049e-01
  -8.5183220e+00   8.0113482e+00   2.1946883e+00  -1.0061776e+01   4.1639145e+00  -1.2223814e+01  -7.3594725e-01  -6.4995340e+00   1.9597926e+00  -1.8483994e+00   7.1134770e-01   1.8413056e-01   1.3012392e+00  -3.2829222e+00  -1.4931964e+00   1.9241663e+00   2.7427442e+00  -1.6887294e+00  -1.2294291e+00   3.3683191e+00  -6.2933899e-01  -2.8008187e-01   2.4129417e+00   4.7175688e-01
  -7.9568945e+00   6.5826838e+00   2.3264449e+00  -6.6613633e+00   5.9313129e+00  -1.2052989e+01  -2.0727632e+00  -2.8588018e+00   3.5441151e+00  -1.6542461e+00   1.9885712e+00   6.2537628e-01  -3.5352312e-01  -2.6093742e+00  -9.2649767e-01   1.9402129e+00   3.8523475e+00   2.8199939e+00   1.1053756e+00   4.4633513e+00   1.4742006e+00  -1.4393917e+00   1.5174437e+00   3.7565135e-01
  -7.7532278e+00   6.2912180e+00   6.0421831e+00  -8.8914338e+00   8.1463874e+00  -8.8514581e+00   1.3761156e+00   6.7906129e-01   4.3319424e+00  -1.2265492e+00   2.0959523e+00   3.5938426e-01  -1.9784896e+00  -2.6864636e+00  -1.8810263e-02  -3.5266838e+00   2.3967388e+00   5.1676897e+00   4.4611649e+00   3.8600102e+00   1.7606137e+00  -2.3260182e+00  -7.2185357e-01  -1.1992028e-01
  -9.6469306e+00   5.8197772e+00   3.0986552e+00  -8.7333384e+00   1.0950242e+01  -5.2226033e+00   4.7078842e+00   2.0779802e-01   5.4378641e+00  -3.5600466e+00   1.5155896e+00   2.0618870e-01  -3.2939011e+00  -3.3039964e+00   8.4935285e-01  -3.7621564e+00  -1.2057900e+00   2.8522899e-01   3.2530334e+00   4.5242878e-01  -1.1676231e+00  -1.7616428e+00  -2.5306069e+00  -4.1039456e-01
  -1.0641038e+01   4.3631061e+00   1.7803678e+00  -1.4315814e+01   5.2495581e+00  -7.8874723e+00   2.5654763e+00  -2.2428186e+00   3.6538388e+00  -4.3845265e+00  -1.3494189e-01   2.1384393e-01  -1.5887419e+00  -3.2749164e+00   8.8039624e-02  -1.2408845e+00  -4.0353142e+00  -3.2625987e+00   1.2539475e+00  -3.8657989e-01  -2.6624301e+00  -2.8895917e-01  -1.0305542e+00   7.5986870e-02
  -1.1453841e+01   2.5907452e+00   5.7313819e+00  -9.5924075e+00   5.5710425e+00  -1.2107139e+01   2.2121065e+00  -7.1921869e-01   2.1317324e+00  -2.7177216e+00  -6.9189218e-01   8.2554606e-02   9.9695197e-01  -3.7505203e+00   2.0071589e+00   3.4759965e+00  -2.9985709e+00  -4.0523070e+00  -2.1608805e+00   1.3271406e+00  -1.1278808e+00   2.0775035e+00   1.5072704e+00   3.1153033e-01
  -9.2328855e+00   2.9933594e+00   4.8578792e+00  -1.0323226e+01   4.7830157e+00  -1.0303088e+01   4.5049257e+00   5.6269981e-01   1.9913632e+00  -2.0811504e+00   1.6538619e+00   5.3518161e-01   2.9103705e+00  -2.4541419e+00  -2.9583651e-01   7.0054305e+00   1.3224624e+00  -1.3299325e+00  -1.8720547e+00   2.4043019e+00   4.2771546e-01   1.9585365e+00   2.5820866e+00   1.4139941e-01
  -8.8555791e+00   8.7887009e-01   4.5706379e+00  -5.5156380e+00   6.6856569e+00  -1.0093256e+01   4.9683868e-01   7.9574962e-01   4.5772806e+00  -1.5954793e+00   2.8820933e+00   5.1281536e-01   4.4993373e+00  -1.4437678e+00  -1.2600601e+00   4.1286679e+00   3.7465674e+00   4.1371475e+00  -1.9080802e-02  -1.2968759e-01   1.0484807e+00   2.0591107e+00   1.3975546e+00  -2.0072363e-01
  -7.5746135e+00   1.5378308e+00   1.9169850e+00  -5.8460535e+00   6.6759445e+00  -1.0889313e+01   6.1502818e-01   6.0615000e-01   3.0726378e+00  -2.0078429e+00   1.9511953e+00   2.1081266e-01   5.2941540e+00  -3.2304590e-01   3.6738994e+00   4.8589754e+00   5.2546125e+00   6.4739109e+00  -4.7808276e-01  -4.5467818e-01   9.0893813e-01   1.3673386e+00  -4.6804274e-01  -4.4170845e-01
  -5.5339710e+00   1.1528578e+00   5.3117388e+00  -5.6379919e+00   1.0244429e+01  -5.6083053e+00   4.1284340e+00  -9.3547517e-01   3.1638161e+00   3.3429068e-01   1.2557731e+00  -5.6346372e-02   9.5009947e+00   2.5243963e+00   4.1521305e+00   3.3123607e-01   3.8607611e+00   6.6320144e+00   1.0973521e+00  -1.5289663e+00  -7.9968153e-01   2.0169304e-01  -2.4270183e-01  -2.9265933e-01
  -2.9524585e+00   2.3717966e+00   9.9981779e+00  -2.9735858e+00   1.0885548e+01  -2.8346973e+00   1.9720039e+00   7.4629492e-01   4.0615026e+00  -9.9502753e-01   1.7649579e+00   1.5719980e-01   1.3805393e+01   3.9091480e+00  -2.1057387e-01  -2.0660413e+00   2.0024378e+00   6.0558894e+00  -2.1180908e+00  -3.6904402e+00  -9.5906313e-01   7.7954134e-01   1.3059715e+00  -1.4635039e-01
   3.0848355e+00   4.2484817e+00   6.7582373e+00  -6.4550177e+00   1.0371997e+01  -4.1725417e+00   1.4643790e+00  -1.5677723e+00   2.8833259e+00  -1.7993474e+00   2.6111592e+00   1.0063279e-01   1.4496374e+01   3.4541886e+00  -7.0075722e+00  -3.9328346e+00  -2.2327277e+00   1.2349482e+00  -2.9112865e+00  -4.1576244e+00  -1.2594465e+00   1.2112408e-01   1.2655935e+00  -8.2419697e-02
   8.8240731e+00   5.8537408e+00   8.7787495e-01  -8.5366025e+00   9.6158176e+00  -2.5233602e+00  -1.2300805e+00  -4.6133618e+00   1.7742883e+00   2.2828817e-01   3.2324594e+00  -8.7202500e-02   1.2035663e+01   7.3546027e-01  -9.2751600e+00  -4.1673831e+00  -2.0352344e+00   8.7962779e-01   1.8903401e+00  -8.6854951e+00  -3.6367664e-01   1.6728742e+00   3.5755261e-01  -2.8079584e-01
   1.0322325e+01   4.5931686e+00  -6.3946812e-01  -8.7557354e+00   7.5302030e+00  -3.9115516e+00   1.3625465e+00  -4.4920834e+00   2.4182535e+00  -9.5681046e-02   2.4204125e+00  -5.7774769e-02   7.0216063e+00  -1.1108604e+00  -3.3822685e+00   2.2743007e-01  -1.2488073e+00   8.7081619e-01   2.3942556e+00  -1.0212671e+01  -4.6566446e-01   1.9182685e+00   1.2016457e-01  -2.7955073e-02
   1.1482291e+01   3.3026436e+00  -2.1570947e-01  -8.0743016e+00   9.2535935e+00  -1.6457507e+00   4.8584304e+00  -1.0819792e+01   3.7485238e+00   6.6245058e-01   2.3966602e+00  -1.8479018e-01   3.5942053e+00  -2.7459820e+00   1.9936583e+00   2.9460773e+00  -1.3976366e+00   1.9152415e-01   3.9840109e+00  -7.4301608e+00   5.0469628e-01   2.5976855e-01  -3.9389446e-01   1.6230804e-01
   1.2288136e+01   3.8577397e+00   2.2316267e+00  -6.3450231e+00   8.6798977e+00  -3.3051222e+00   2.0115069e+00  -1.3783563e+01   1.1977114e+00   8.6097417e-01   3.2093057e+00   1.0749403e-01   2.4602998e+00  -2.8626123e+00   3.0072591e+00   1.3200573e+00  -8.7959576e-01   6.1513150e-01  -4.3903797e-04  -3.8665058e+00   4.3712771e-01   3.4068502e-01   1.4816208e-01   1.9868429e-01
   1.3232475e+01   2.1024822e+00   2.4328149e+00  -5.3228427e+00   6.9445153e+00  -2.5392887e+00   4.4214557e+00  -1.1112863e+01   3.1416037e+00   1.3961338e-01   2.2471711e+00   7.3625166e-02   2.4109073e+00  -2.3019920e+00   3.0725951e-01   2.1176775e-01   8.2362988e-01   3.2326150e-02  -3.3897236e+00  -5.1385527e-02  -3.0983422e-01  -6.0051091e-01   1.0186690e-01   8.8267132e-03
   1.3137682e+01   8.9933077e-01   2.5471584e+00  -8.1513790e+00   7.3653484e+00  -2.5420853e+00   1.5803752e+00  -1.0145307e+01   3.3774051e+00   6.7676509e-01   2.7174001e+00   1.1104400e-01   1.8399644e+00  -1.1804453e+00  -5.0394894e+00  -2.3264380e+00   1.9816974e+00   5.9846160e-01  -4.5848364e+00  -6.2600583e-01   5.1989519e-01   6.7107634e-01  -1.9087890e-01  -3.0420631e-01
   1.4673879e+01   1.3288601e+00   8.7413958e-02  -6.8534720e+00   1.1146313e+01  -1.9787799e+00  -1.0589237e-02  -1.2715999e+01   2.1939257e+00  -1.4621125e-01   2.7954133e+00  -1.7332510e-01   1.0525950e+00   5.0956914e-02  -5.3058589e+00  -1.0841214e+00   2.4865043e+00  -3.5509263e-01  -5.8135680e+00  -3.9140655e+00  -2.9045627e+00   1.5250729e+00   6.5441842e-01  -1.4813717e-01
   1.4327381e+01   2.4738827e+00  -4.1549069e+00  -9.0693654e+00   9.5515450e+00  -2.6876842e+00  -2.6497252e+00  -1.3921004e+01   2.4513932e+00   2.0105010e+00   2.6488662e+00  -2.2534031e-01   1.7619243e+00  -1.8417614e-01  -4.2165138e+00   8.1144862e-01  -6.8974664e-01  -2.9186613e-01  -2.6611362e+00  -2.7872453e+00  -5.1360019e+00   2.8400212e+00  -1.4255429e-01  -3.4242011e-01
   1.4216518e+01   1.3916416e+00  -2.1749408e+00  -6.4900315e+00   9.5811735e+00  -2.9991282e+00  -2.1838461e+00  -1.5096112e+01  -7.5223440e-01   1.7603547e+00   3.2630657e+00   1.9611572e-02   8.9289041e-01   1.5360732e-01  -2.6970499e+00  -7.8932132e-01  -2.9882026e+00  -1.0167333e-01  -2.7437379e+00   2.1627091e+00  -5.2922570e+00   2.7471002e+00   5.4195630e-02   8.9094201e-02
   1.6009249e+01   5.9167581e-01  -2.6464351e+00  -7.1159263e+00   7.1132982e+00  -2.4697104e+00  -1.3247006e+00  -1.3136118e+01  -2.8535177e+00   3.9835139e+00   2.2697425e+00  -4.9905450e-01   1.8660681e+00  -1.1665066e+00   1.3198196e+00  -6.8434631e-01  -1.2364848e+00  -5.1762752e-01  -5.6840143e-01   5.0845446e+00  -5.5749159e+00  -1.4308648e-01  -2.2666224e-01   2.2628494e-03
   1.5172281e+01   2.5003746e+00  -4.7123968e+00  -9.0141736e+00   7.8831325e+00  -2.2402768e+00  -4.7887083e+00  -9.8643785e+00  -3.0920044e+00   2.9879325e+00   3.0662686e+00   9.7173300e-02   2.0187086e+00  -8.7680939e-01   5.5292750e-02  -9.5096201e-01  -1.6131501e+00  -1.3163129e+00  -3.2943062e+00   7.5643502e+00  -3.3040404e+00  -9.7464306e-01  -8.8094256e-01   1.3418749e-01
   1.6648602e+01   1.6975628e-01  -9.0644948e-01  -8.8338139e+00   8.5458383e+00  -3.8435512e+00  -2.1998962e+00  -8.9100543e+00  -4.7410956e+00   1.1820824e+00   2.4072714e+00  -2.6072690e-01  -1.3563137e-01  -8.1068084e-01   9.7347764e-01  -2.2706075e+00  -1.7502690e+00  -2.7711734e+00  -2.7894920e+00   5.8780683e+00  -1.2219324e+00  -2.7328359e+00   7.3258077e-02   3.4665809e-01
   1.6924905e+01   2.8738730e-01  -2.9619944e+00  -7.0575308e+00   6.4451782e+00  -4.2866771e+00  -6.6877076e+00  -5.8626189e+00  -4.7645061e+00   1.6991059e+00   1.8728874e+00   1.0172901e-01  -1.0693695e-01   2.2488631e-01   1.8640685e-01   9.4457516e-01  -2.8504528e+00  -6.3373333e-01  -1.8995037e+00   1.8559078e+00  -4.5374385e-01  -3.9145124e-01  -7.0005027e-01  -2.3609256e-02
   1.4929490e+01   4.8214818e-01  -2.0614198e+00  -1.1500159e+01   5.2068718e+00  -5.6032703e+00  -4.5594389e+00  -6.3198951e+00  -3.8501655e+00   5.2867347e-01   2.9763202e+00   1.8654780e-02  -6.9352800e-01   1.0751386e+00  -4.5327503e+00  -6.1315727e-01  -4.3495741e+00  -9.5136326e-02  -3.0667443e+00   1.2247352e+00  -1.9984297e-01   1.1895395e+00   5.4984597e-02   4.1530841e-01
   1.5871431e+01   2.6815081e+00  -3.8553014e+00  -6.2641383e+00   5.2769365e+00  -2.3110173e+00  -6.4581926e+00  -8.3755963e+00  -4.2180852e+00   2.7274601e+00   1.7316688e+00  -7.7931426e-02   1.3604141e+00   4.1898355e-01  -3.1951725e+00   5.8700665e-01  -2.5604989e+00   6.6102950e-01   2.7147838e-01  -2.4124141e-01  -5.7322534e-01   1.2705927e+00  -1.7824449e-02   1.4796196e-02
   1.6135047e+01   5.8540378e-01  -7.2589215e+00  -1.0150246e+01   2.6055980e+00  -4.9740856e+00  -6.9147702e+00  -5.8164627e+00  -5.3140705e+00   2.4522145e+00   2.5603576e+00   4.5206593e-01   3.0012892e+00  -3.9576138e-01  -3.1421566e+00   3.2843496e+00  -3.4127968e+00  -9.4224632e-01  -2.9070233e-01   1.2898022e+00  -1.6844628e+00   9.7953154e-01  -3.6860895e-01   1.1692106e-01
   1.8362747e+01   8.6423483e-01  -5.1560024e+00  -6.8519773e+00   3.9050668e+00  -3.6097252e+00  -5.1028244e+00  -6.4761972e+00  -4.8923916e+00   2.6432244e+00   2.0541320e+00  -9.2782268e-02   2.0574392e+00  -1.4849047e+00   6.2452839e-01  -8.4265998e-02  -6.1922294e+00  -3.8980305e+00   2.2544517e+00   4.8022950e+00  -9.0292252e-01  -1.5640265e+00   7.2605719e-01   1.4915149e-01
   1.8185765e+01   7.9714273e-01  -6.1243042e+00  -6.2797151e+00   7.7361135e-01  -6.3672858e+00  -5.6731765e+00  -5.3348914e+00  -6.0397066e+00   2.0400887e+00   2.2621752e+00   2.0146180e-01   2.6086367e-01   6.7200361e-01   2.3075269e+00   1.9534526e+00  -4.8239187e+00   1.0703531e+00  -1.8588448e+00   5.2238675e+00   8.8191969e-01  -2.8313556e+00   1.8551775e-01  -3.4638969e-01
   1.7932231e+01   3.4828152e-01  -3.4858174e+00  -8.3258027e+00  -3.0954144e+00  -7.4614630e+00  -3.6973119e+00  -1.4129395e+00  -5.2096510e+00   5.8748333e-01   2.9698458e+00   2.7109788e-01  -1.8210098e+00  -7.2006815e-01   3.6348724e-01  -8.5682875e-01  -7.0852097e+00   6.8651077e-01  -4.5101565e+00   6.1790120e+00   3.2376761e-01  -2.8258473e+00   9.7525074e-01  -2.6607076e-01
   1.6741600e+01   1.8513858e+00  -4.6327236e+00  -6.4831545e+00  -1.1300395e+00  -1.4426871e+00  -1.0405794e+01  -5.1229027e-01  -3.8325613e+00  -7.6694829e-01   2.3807773e+00  -2.4945868e-01  -8.1689908e-01  -1.7349129e+00   2.5933896e+00  -1.8589090e+00  -7.6348061e-01   1.2191209e+00  -3.0748725e+00   3.6662928e+00   1.8846831e+00  -1.4362453e+00  -4.1891755e-01  -2.1737221e-01
   1.6353315e+01  -7.4298895e-01  -5.3565618e+00  -8.0355007e+00  -5.7709222e+00  -5.0422584e+00  -9.5017506e+00   3.8102024e-01  -5.5103128e+00  -1.9202815e-01   3.4577071e+00  -2.6642817e-01  -4.2038645e-01  -2.6922117e+00   2.8885846e+00  -3.9814687e+00   2.7501711e+00  -1.2311788e+00  -1.5702897e+00  -1.5155824e+00   1.0555961e+00   6.7811696e-01  -9.3098673e-01   7.5835609e-02
   1.7749875e+01  -1.2595914e+00  -1.2988476e+00  -9.2132296e+00   9.6614436e-01  -5.7482067e+00  -7.3832660e+00  -7.3243210e-01  -3.0623510e+00   2.7547637e-01   1.3898682e+00   1.4416651e-01   1.1076236e+00  -4.1675417e+00   4.3217816e+00  -4.7753280e+00   3.0815837e+00  -4.8427192e+00   3.1342644e+00  -3.0550602e+00   1.1546465e+00   1.3420433e+00  -9.0496771e-02   3.4792886e-01
   1.6797514e+01  -2.1345474e+00  -8.1987861e-01  -1.2932968e+01  -1.8249590e-02  -7.1554713e+00  -7.5640103e+00  -3.5762421e+00  -4.0113619e+00   1.0834464e+00   2.0688203e+00   1.8803870e-01   2.7171174e-01  -2.5335285e+00   3.4177668e+00  -2.4805086e+00   3.6332430e+00  -8.5571342e-01   2.0671727e-01  -3.2826359e+00   3.3135470e+00  -3.9293829e-01  -8.0735476e-01   4.1053142e-01
   1.8180936e+01  -3.7041475e+00  -4.1839277e-01  -1.1197413e+01   6.1599978e-01  -7.6501594e+00  -6.6732672e+00  -3.1162493e+00  -2.8500670e+00   6.0837941e-01   2.9394756e+00   4.5201168e-02  -1.2066343e+00  -2.7194195e+00   2.2248574e-01  -2.0785927e+00  -2.3152702e+00   1.0825827e+00  -2.8513717e+00  -2.8017582e+00   1.9627372e+00  -7.3589269e-01   1.0849339e+00   1.9684270e-01
   1.6545352e+01  -3.3210036e+00  -6.7013907e-01  -1.0764172e+01  -1.4598537e-01  -5.3748522e+00  -9.5466741e+00  -3.3510250e+00  -6.4613433e-01  -9.4788711e-01   1.4718713e+00   3.9885163e-01  -1.8187344e-02  -2.9713818e+00   2.0103048e+00   1.7472176e+00  -1.0991445e+00   2.3154736e-01  -6.6957338e-01  -2.6629017e-01   2.0367485e+00  -1.5377282e+00  -1.2083144e-02   1.2009721e-01
   1.6066004e+01  -4.7454926e+00  -1.0399888e+00  -1.3415517e+01  -2.4428930e+00  -5.0146422e+00  -1.0668992e+01  -5.0476780e+00  -1.8008590e+00   1.8730411e-01   3.3157436e+00   3.3402410e-01  -1.3405931e+00  -3.3356684e+00   2.5854519e+00   2.3910336e-02  -1.5822661e+00  -2.0817245e+00  -1.0982091e+00  -1.2070903e+00   3.7832455e-01  -1.7431507e-01  -2.4732516e-01   2.8641247e-01
   1.7827699e+01  -6.0709476e+00   2.5063766e+00  -9.2030898e+00  -1.3751994e-01  -8.1259089e+00  -6.5705082e+00  -3.0099630e+00  -1.4808432e+00  -1.0126082e+00   1.8625615e+00   2.2377305e-01   6.0059560e-01  -3.0126423e+00   2.5789339e+00   1.4039733e+00  -1.4589708e-01  -4.1867175e+00   2.0040836e+00  -5.4339334e-01  -1.4135878e+00   1.6726208e+00   7.3006698e-01  -5.9413514e-02
   1.5528873e+01  -7.3326782e+00   1.8715272e+00  -1.1942088e+01  -1.7616321e+00  -9.3972179e+00  -9.8086638e+00  -5.0974157e+00  -1.8652258e+00   3.7926734e-01   2.3731427e+00   5.6235917e-01  -6.6052549e-01  -5.4508108e-01   2.0510497e+00   2.7007534e+00   1.1289450e+00  -3.3893127e+00   6.5242093e-01   3.0310130e-01  -2.2171000e-01   5.8280565e-01  -9.6705334e-01   1.1960848e-01
   1.7714811e+01  -6.5463742e+00   1.7425038e+00  -9.3949264e+00  -7.0546145e-01  -9.4636406e+00  -6.9707126e+00  -4.1412462e+00  -2.7343327e+00   1.4650624e+00   3.0382722e+00   1.9556383e-01  -2.2257840e+00  -6.7570509e-02  -5.1621587e-01  -9.5607325e-01   4.5012765e-01  -1.9308412e+00  -2.6496981e+00  -1.8432330e+00   8.7136933e-01   1.4904729e+00   6.3419167e-01  -6.7673037e-02
   1.5131660e+01  -5.3254009e+00   2.4185222e+00  -9.2684683e+00  -4.6550480e-01  -9.4297455e+00  -9.4902580e+00  -4.0273845e+00  -1.5066793e+00  -1.7732271e-01   1.2773082e+00   5.2754143e-01  -1.3671352e+00   2.1224435e+00   1.2162811e+00   2.6651422e+00   1.5354532e-01  -8.4905947e-01  -5.2027730e-02   4.1872067e-01   4.2701562e-01  -3.9435437e-02   2.2523068e-01  -4.5827560e-01
   1.4687629e+01  -7.1759420e+00   1.4585553e+00  -1.1974010e+01  -1.1039210e-01  -1.1005907e+01  -1.0704258e+01  -6.3098281e+00  -3.5306243e-01   1.5013962e+00   3.3617663e+00   1.3967236e-01  -2.9978348e+00   9.5787788e-01   1.0690315e+00   8.7293594e-01  -2.1276246e+00  -1.7086876e+00  -2.6619195e+00  -2.5091660e-01   7.6733467e-01  -4.6356809e-01   1.8832340e-01  -1.3263562e-01
   1.4991761e+01  -3.8342291e+00   3.8379231e+00  -6.6548333e+00  -1.8288488e+00  -9.8996739e+00  -8.0199327e+00  -3.3850437e+00  -2.4153374e+00   3.0194730e-01   2.5492417e+00  -9.7108503e-02  -7.4448797e-01   1.6835498e+00   4.4442827e-01   5.4722421e-01  -8.0749971e-01  -1.2979170e+00   2.3390371e-02   1.8752862e+00  -6.3209481e-01  -8.7114975e-02   1.0968789e+00  -1.3441357e-01
   1.3288008e+01  -5.8551433e+00   2.6363506e+00  -9.3923400e+00  -3.2152263e+00  -1.1791708e+01  -1.1698755e+01  -4.8387914e+00  -1.1290016e+00   5.3007528e-01   2.6847906e+00   3.0893536e-01  -7.8433601e-01   3.7635761e+00   6.9483163e-01  -2.3766561e-01  -4.5167911e-01  -2.4749214e-01   1.8419950e+00   2.8854293e+00  -1.0790393e+00  -1.9920633e+00  -5.3661983e-01   2.2066462e-01
   1.4714739e+01  -3.4604756e+00   2.4962669e+00  -9.7384668e+00  -1.2433726e-01  -1.0983721e+01  -8.9579243e+00  -1.9499736e+00  -2.0668519e+00   1.7766527e-01   3.2611145e+00   2.4128957e-01  -1.1421921e+00   2.3716483e+00  -1.7107595e+00  -4.3599827e+00  -7.5000063e-01  -1.4964883e+00   1.8702448e+00   1.6771067e+00  -4.0319509e-02  -1.2115027e+00   4.5936595e-01   4.1759296e-01
   1.3649636e+01  -1.7174546e+00   3.1716309e+00  -1.0788691e+01  -1.6401665e+00  -1.0835122e+01  -7.4722698e+00  -2.6992193e+00  -2.1458641e+00  -1.4245577e+00   2.2009001e+00   3.0147026e-01   1.4297259e+00   3.6966135e+00  -2.1426757e+00  -3.6380980e-01   5.7914247e-01   4.0588709e-01   4.6866799e+00   2.0644922e+00  -1.1581989e+00  -1.0660148e+00  -2.1819432e-01  -4.7345698e-02
   1.3097659e+01  -2.3456010e+00   1.0041437e+00  -1.2496632e+01  -3.7413796e+00  -1.2622699e+01  -7.3278078e+00  -1.9391698e+00  -1.9673855e+00  -5.3799033e-01   3.4802358e+00   5.3301349e-01   1.3450372e+00   1.5729442e+00  -3.7032056e+00   9.4009239e-01  -2.7772238e+00  -7.6486442e-02   5.9758672e-01   7.3805115e-01  -3.4567001e-01  -3.8575102e-01  -3.1535934e-01  -1.1109302e-02
   1.6241137e+01  -8.6766033e-01   1.6839863e-01  -8.5589723e+00  -5.3799142e-01  -1.0363388e+01  -5.4837930e+00  -1.7474550e+00  -2.9160332e+00  -7.1111915e-01   2.2479384e+00   9.2054855e-02   1.8682045e+00   2.3000959e+00  -4.4658628e+00   3.0180705e+00  -2.5022760e+00  -5.0484509e-01   1.4942192e+00   5.9354233e-01   2.2567791e-01   9.6586323e-02   5.7707970e-01  -2.9469164e-03
   1.5436544e+01  -1.5259563e+00  -1.5569254e+00  -9.4431878e+00  -4.8412606e+00  -1.1334317e+01  -9.0557826e+00  -1.3187790e+00  -2.2002724e+00  -7.5768053e-01   2.7645563e+00   3.2933332e-01   1.4055732e+00   2.2513846e+00  -2.6612528e+00   2.3199570e+00   1.2839233e-01   1.4612192e+00  -6.8758375e-02   1.0763221e+00  -5.0426507e-01  -1.7823675e+00   4.5543740e-01  -2.4048408e-01
   1.5282500e+01   1.3228668e+00  -2.2466288e+00  -7.7883075e+00  -4.8436401e+00  -1.2236580e+01  -4.3669536e+00  -2.1191012e+00  -1.6909037e+00  -1.1698331e+00   3.4243594e+00   3.9888997e-01  -3.2900257e-01   1.0951651e+00  -1.0839283e+00  -3.2395712e+00  -4.0384779e-01  -1.6116817e+00  -1.2178443e+00   2.0062833e+00  -1.9749515e-01  -1.7055976e+00   1.7241851e+00   9.1411609e-02
   1.5685337e+01  -6.3787719e-02  -1.7802217e+00  -9.4020285e+00  -1.3959668e+00  -9.4942742e+00  -7.9893651e+00  -1.3886355e-01  -3.3363478e+00  -2.9821846e+00   3.5751814e+00   1.8869805e-02   7.5521394e-01   3.2390395e-01   1.2155492e+00  -1.8047358e+00   2.6723661e+00   9.4938759e-01   3.5477660e-01   1.6894348e+00  -1.4697679e+00  -6.9898296e-01   6.5018422e-01  -2.4457303e-01
   1.5623237e+01   4.4002978e-02  -1.3458456e+00  -1.3438909e+01  -2.8664100e+00  -1.3700932e+01  -7.8437683e+00   6.7201228e-01  -2.6442382e+00  -2.1572635e+00   4.4289035e+00   3.8440403e-01  -3.9216373e-01  -1.2004690e+00   1.0164107e+00  -2.2767489e+00   7.3828026e-01   1.1367827e+00  -2.7634393e+00   4.0627765e-01  -6.4032626e-01   2.6558318e-01  -2.0920332e-01  -1.9198327e-01
   1.6398997e+01  -4.0066848e-01  -1.8399322e-01  -9.3249909e+00  -1.8213264e+00  -9.1780602e+00  -6.7852104e+00  -1.8018348e-01  -3.9282570e+00  -1.3124398e+00   3.2375606e+00  -3.0283251e-02  -8.9406626e-01   1.1115169e+00  -6.0663723e-01  -3.2799106e-01  -2.0195181e+00   6.1472551e-02  -3.0680389e-02  -7.0869772e-01   9.3395247e-01   1.2910084e+00  -4.5882118e-01   1.8346983e-01
   1.4337425e+01  -3.0939622e-01  -1.5201270e+00  -1.1241950e+01  -3.5235399e+00  -1.0689513e+01  -9.1141898e+00  -1.4890247e+00  -2.3554385e+00  -1.6063308e+00   3.2793648e+00   1.3549160e-01  -6.5596944e-01   9.7525414e-01  -1.8760887e+00   2.7841870e+00   3.8789782e-01   8.7732344e-01   2.2233086e+00  -3.4013419e+00   2.1952548e+00  -1.1747761e-01  -1.5014568e+00   1.1514986e-01
   1.4987143e+01   1.7801872e+00  -2.6030369e+00  -1.0992495e+01  -4.0966790e+00  -1.0907775e+01  -7.4001749e+00  -1.2139164e-01  -2.0798189e+00  -1.3211384e+00   3.4617190e+00   4.1853076e-01  -1.5105480e+00   2.5632380e-01  -1.9181075e+00  -3.1563060e-01  -2.3460846e+00  -2.9041137e+00   1.6371649e+00  -3.0603883e+00   3.2296359e+00   2.0609704e-02  -9.0003482e-01   4.3711517e-01
   1.5345210e+01   4.1645634e-01  -2.9504568e+00  -8.4288764e+00  -1.1468870e+00  -1.1520089e+01  -4.2013231e+00  -4.4593966e+00  -2.7557502e-01  -2.3291306e+00   2.0646391e+00   3.3272181e-01  -9.6148048e-02   1.7859248e-01   4.7305439e-01  -3.6582438e-01   1.5977948e-01   3.0897608e-01   1.8694339e+00  -2.4086308e-01   1.0086222e-01   4.4478201e-01  -6.0146715e-01  -1.2073905e-01
   1.3629283e+01  -3.7910907e-01  -2.3459896e+00  -1.1204973e+01  -6.5287797e+00  -1.3118943e+01  -6.7858963e+00  -3.2855801e+00  -1.2373490e-01  -9.2012528e-01   2.4948713e+00   5.2677440e-01  -1.6247778e+00  -1.0788163e+00   2.0356956e+00  -2.0966706e+00  -2.7757555e-01   1.3717818e+00  -1.7173588e+00   7.0350944e-01  -1.1747184e+00   2.9097673e-01  -3.5142624e-01  -2.1363489e-01
   1.4872133e+01   1.0381406e+00  -9.3906906e-01  -1.1684447e+01  -2.0678203e+00  -9.1204652e+00  -6.6171782e+00  -2.6822514e-01  -3.1821872e+00  -1.1396643e+00   2.8605879e+00  -9.9738792e-02  -9.0505874e-01  -7.8825476e-01   2.7945960e+00  -3.6467043e+00  -1.3968698e+00   2.9753369e-02  -1.8359712e+00   4.0876263e+00  -2.3190799e+00   7.3105167e-01   8.1251456e-01  -4.4760814e-02
   1.2786515e+01  -1.4887931e-01  -5.5518740e-01  -1.2509715e+01  -4.0525757e+00  -1.0049914e+01  -8.7682856e+00  -1.1617132e+00  -2.3885904e+00  -1.4794064e+00   2.5366052e+00   3.1430874e-01   1.1317957e-01   5.5486824e-01  -7.7821190e-02   8.5109806e-01   1.3994933e+00   1.1013702e+00   3.4124542e-01   2.1104151e+00  -1.9548705e+00  -8.3123580e-01   6.8539058e-01  -3.4538727e-01
   1.4409005e+01  -8.8104069e-01   3.4603611e-01  -1.3246562e+01  -4.4802938e+00  -1.3009974e+01  -5.9640852e+00   6.1010943e-01  -2.6217671e+00  -9.5291253e-01   3.2625440e+00   3.7181342e-01  -9.5081830e-01   1.7514640e-01  -2.5849438e+00   2.1963028e+00  -2.8296928e+00  -4.0447569e+00   4.5735506e-01   1.2340040e+00   2.7858018e-03  -8.2445329e-01   1.3794931e+00   7.2101143e-02
   1.4030616e+01   1.4127840e+00  -3.1052739e+00  -9.1472688e+00  -3.2233030e+00  -9.5221332e+00  -6.6005747e+00  -5.5912475e-01  -3.3362507e+00  -2.2603549e+00   3.3219792e+00  -2.2708261e-01   6.2511111e-01   1.1256970e+00  -8.5571032e-01   5.0388807e-01   1.8399758e+00  -3.6136716e+00   4.6490027e+00  -8.0168281e-01  -9.4129204e-01   8.1840327e-01   1.7888794e-01  -1.3834593e-01
   1.2823855e+01   5.2002861e-01  -3.5414415e+00  -1.0071216e+01  -6.7269958e+00  -1.5451491e+01  -7.0150011e+00   1.2814867e+00  -2.7041783e+00  -1.9858700e+00   4.5371406e+00   2.7910860e-01  -1.1570568e+00   3.6621461e-01   1.4994447e+00  -2.4616082e+00   3.7975911e+00  -2.8795810e+00   2.5148550e+00  -3.7264799e+00   7.7008890e-02   9.7647002e-01  -1.0879537e+00   2.8793347e-01
   1.4516757e+01   8.3913154e-01   1.0498594e-01  -1.3341556e+01  -1.6926086e-01  -1.4249663e+01  -1.2693236e+00  -2.6999260e+00  -3.7593228e+00   2.6467721e-01   2.1676388e+00   1.5314226e-01  -1.3285572e+00  -9.0067416e-01   4.5352467e+00  -4.9416029e+00   1.0862869e+00  -3.9345694e+00   2.0417830e+00  -2.1148616e+00   6.3422962e-01   2.3242570e+00  -1.0683959e+00   7.1070758e-01
   1.2430350e+01  -4.4892559e-02   9.9007320e-01  -1.4841830e+01  -3.1092817e-01  -1.4965580e+01  -4.8574282e+00  -3.9092097e+00  -2.2947177e+00  -7.5072353e-01   2.2077836e+00   6.1360118e-01   7.8800931e-02  -6.1764724e-01   3.2986139e+00  -2.8462132e+00   5.2198451e+00  -1.0280271e+00   3.3959315e+00  -4.0828580e+00   5.4098515e-01   1.2626510e+00  -1.3560575e+00   5.2397827e-03
   1.2234533e+01   3.4423331e-01   1.4318388e+00  -1.4174366e+01  -4.8019064e+00  -1.5666943e+01  -4.6166866e+00  -1.1360690e+00  -2.5896366e+00   6.0845740e-01   2.8840637e+00   6.7173247e-01  -9.1221412e-01  -1.5937139e+00   3.1855460e-01  -4.2208808e-01   3.4012619e-01  -3.6072564e+00  -4.0124118e-01  -1.3865339e+00   1.3512957e+00   2.7362180e-02   8.6861468e-01   1.7290495e-02
   1.4083169e+01  -1.5899315e-01   7.4305298e-01  -1.3924131e+01   3.4190946e+00  -1.6284892e+01  -2.4742231e-01  -5.6247288e+00  -2.4775438e+00  -2.6378358e-01   2.1448418e+00   2.7673165e-02   2.0211728e+00  -1.0318799e+00  -2.6261327e-01   5.2789934e-01   9.8103165e-01  -1.0051254e+00   2.3591230e+00  -1.0757915e+00  -1.1816814e-01   6.8151115e-01   6.0486760e-01  -3.4920601e-01
   1.2322026e+01  -1.4943890e+00   7.0632795e-01  -1.4433538e+01  -1.5240830e+00  -1.9000892e+01  -4.1761884e+00  -3.9219673e+00  -1.6409663e+00   6.2250507e-02   3.5020317e+00   4.7204201e-01   1.7893623e+00  -1.8870599e+00  -1.2175604e+00   1.5496590e+00   1.2692575e+00   1.3456844e+00   3.1943774e-01  -2.4484411e+00   8.4899579e-01  -1.3528248e+00   4.6040502e-01  -1.9207639e-01
   1.5418362e+01  -6.7340121e-01   9.5890871e-01  -1.3920395e+01  -4.7829241e-01  -1.4806294e+01  -1.5389929e+00  -4.1299478e+00  -2.9463051e+00   5.4464664e-01   2.8061010e+00   1.8963739e-01   2.2780333e-01  -1.6009427e+00  -1.4800999e+00   2.5048440e+00  -7.2081748e+00   3.0507707e+00  -2.7966404e+00   1.2350874e+00   3.5111537e-01  -2.5459511e-01   1.1020252e+00   2.5254893e-01
   1.4250979e+01  -2.2291525e+00  -5.0242971e-01  -1.1851745e+01  -9.4932669e-01  -1.4387715e+01  -3.4917447e+00  -5.5561211e+00  -1.0817622e+00  -1.8249949e+00   3.2440417e+00   3.0263577e-01   1.0449937e+00   1.1529063e-01  -3.2753397e+00   3.7810808e+00  -2.2179566e+00   5.2347548e+00   9.9439591e-02   5.4011081e-01  -1.4043271e+00   3.4061111e-01  -4.5812292e-01  -1.7868598e-01
   1.3460397e+01  -2.1930254e+00  -8.7271801e-01  -1.1457761e+01  -7.6805458e+00  -1.4015324e+01  -4.7846047e+00  -2.9550208e+00  -2.2304727e+00   2.9794648e-01   3.9268747e+00   4.9119968e-01  -1.3465542e+00  -2.2597421e-01  -4.2476851e+00   2.8673868e+00  -3.2695813e+00   4.4091324e-01  -2.6553249e+00   2.1069018e+00  -1.8335358e+00   6.2707356e-01   5.5558381e-01  -1.8265312e-02
   1.4868499e+01  -5.6164094e-01  -3.2908683e+00  -9.9932338e+00  -1.2498911e+00  -1.1544245e+01  -2.4042231e+00  -3.6992646e+00  -4.1053731e+00   6.9651725e-01   2.2544605e+00   5.3231890e-02   9.2784091e-01   8.9447073e-01  -2.7699984e+00   1.2972039e+00  -1.1813153e+00  -5.2465585e-02   8.1264332e-01   1.7709918e+00  -2.1241874e+00   1.7242424e+00   6.2698082e-01  -3.8395892e-01
   1.3089771e+01  -1.8461183e+00  -4.0183997e+00  -1.0548571e+01  -5.2323822e+00  -1.5566659e+01  -6.0657410e+00  -1.8980234e+00  -4.1848034e+00   2.2450088e-01   4.1342673e+00   2.8694136e-01   1.2562232e+00   5.4031243e-01  -3.5565070e+00   1.7118271e+00   2.7223568e+00  -1.4894669e+00   2.4142089e+00  -4.5478426e-01  -4.1565121e-01  -8.1177722e-01   5.5633201e-01  -4.1964202e-01
   1.5828054e+01  -1.0609000e+00  -3.0845865e+00  -1.0360535e+01  -3.9453814e+00  -1.3690746e+01  -1.6322116e+00  -3.4281322e+00  -3.2908780e+00   7.9809146e-01   4.0808166e+00  -1.7117345e-01   3.9063902e-01  -5.4448695e-01  -1.1061443e+00   2.5479217e-01  -1.8418868e+00  -4.4757812e+00   1.5137950e+00   3.0854170e-01   2.6291470e-01  -1.3300091e-01   1.7217797e+00  -1.0615838e-01
   1.4864955e+01  -1.1329273e+00  -6.3106195e+00  -8.7063704e+00  -2.2492654e+00  -1.5176274e+01  -1.5492971e+00  -3.7727634e+00  -3.2611971e+00  -9.7050646e-01   3.8481947e+00  -2.6060675e-02   1.4955230e-01   5.2355688e-01   1.4540348e+00  -2.1440154e+00   4.3410163e+00  -1.3308534e-01   2.8276575e+00   5.6547904e-02  -1.9654994e-01   1.1870845e-01  -3.8658293e-01  -1.2065792e-01
   1.4566866e+01  -1.7349669e+00  -3.8039749e+00  -1.0532146e+01  -5.5042797e+00  -1.8453109e+01  -2.3917525e+00  -2.2990820e+00  -4.1728042e+00   1.0945196e+00   4.9801663e+00   5.0495346e-02  -2.3336907e+00  -5.8469533e-01   2.3662269e+00  -4.4110249e+00   3.7394120e+00  -2.1785551e+00  -1.6237048e+00   2.3337372e+00  -1.2751443e+00  -3.4722915e-02   2.0772430e-02   4.1107980e-01
   1.3944693e+01  -7.2374954e-01  -1.4776533e+00  -1.3678788e+01   2.0585914e+00  -1.3385106e+01  -1.4444842e+00  -2.3777266e+00  -4.0386652e+00   2.5434950e-01   3.1047180e+00  -4.8799178e-03  -1.1212353e+00   2.9531188e-01   4.6582334e+00  -4.6423256e+00   1.2297149e+00   2.0326510e+00  -1.3728338e+00   2.5395780e+00  -1.7874009e+00   1.4403795e+00   6.9827182e-02   1.6092520e-01
   1.2787648e+01  -2.1425318e+00  -1.9517292e+00  -1.4490863e+01  -4.9019179e-01  -1.7854162e+01  -4.1201752e+00  -6.2504478e-01  -4.8148603e+00   1.3357910e-01   4.4837135e+00   4.3485588e-01  -3.1378243e-01   3.4287398e-01   1.0836660e+00   8.1907036e-03  -7.8412343e-01   6.2872728e+00  -3.1738749e+00   3.1966583e+00  -2.3022348e+00  -1.9979801e-01  -3.8886092e-01   1.6075328e-02
   1.4072711e+01  -4.8617698e-01  -2.4939217e-01  -1.3690500e+01  -2.9117370e+00  -1.2426771e+01  -2.7443364e+00  -8.0041508e-01  -5.6212704e+00   1.6705330e+00   4.2011618e+00   2.3146857e-02   6.0756333e-01  -8.7655393e-01  -2.5742747e-01   3.1188044e+00  -7.1553302e+00   3.4203070e+00  -4.6681963e+00   3.6005420e+00  -1.8149509e+00   4.4392935e-01   1.1131002e+00   4.9763194e-02
   1.4032184e+01  -1.3394422e+00  -2.7926064e+00  -1.0514004e+01  -4.1953006e+00  -9.5013673e+00  -6.5026388e+00   1.7072496e+00  -6.8348538e+00   8.6730798e-02   3.8486531e+00   6.0594950e-02   2.2264645e+00  -1.5456458e+00   4.7896898e-01   1.9419858e+00  -1.7217275e+00   5.4070805e+00  -1.1526712e+00   6.2114526e-01   2.6229645e-02  -1.1773992e-01  -5.3745903e-01  -3.8584692e-01
   1.4233771e+01  -2.4401253e+00  -1.4433559e+00  -1.0989011e+01  -6.8218495e+00  -1.2431043e+01  -7.2555468e+00   1.8569392e+00  -5.7510948e+00   9.4366769e-01   5.0918985e+00   2.5689534e-01   1.5338101e+00  -3.1810729e+00  -1.2011737e+00   6.5244757e-02   1.6960114e+00  -1.4805665e+00  -1.3986033e+00   1.2498871e-01   1.3361160e+00  -1.0782935e+00  -9.4023367e-02   2.8199426e-02
   1.6046815e+01  -3.4840264e+00  -6.3629385e-01  -1.2928629e+01  -1.1177267e+00  -9.7414058e+00  -3.5935769e+00  -1.0220040e+00  -4.7106037e+00   3.2040188e-01   3.2321566e+00  -2.6078874e-01   2.5386527e+00  -2.4154015e+00  -1.1121272e+00  -1.2770183e+00   3.7961818e+00  -3.1665626e+00   2.3666908e+00  -2.2709034e+00   2.9816689e+00  -1.9295264e-01   2.6951211e-01  -1.2642361e-01
   1.5366110e+01  -4.1854942e+00  -3.1293090e+00  -1.2385320e+01  -1.9065068e+00  -1.4527601e+01  -6.2967723e+00   7.5169480e-01  -4.6792215e+00  -6.3742790e-02   4.3683750e+00   2.2613784e-01   1.9820596e+00  -5.0506307e-01  -6.0279457e+00   2.5827443e+00   2.5092679e+00  -1.9012214e+00   4.4715526e+00  -4.8714026e+00   3.2067126e+00  -1.1747578e+00  -9.3393379e-01   5.2938884e-02
   1.7273993e+01  -4.0898599e+00  -3.6178207e+00  -1.1731377e+01  -9.5869933e-01  -1.3202932e+01  -3.4319899e+00  -1.1464834e+00  -2.8982871e+00   3.0100708e-01   4.6146830e+00  -1.1366172e-01   4.0779183e-01   3.1864823e-01  -6.4330272e+00   4.8694961e+00  -4.2632742e+00  -2.6432343e+00   2.4482004e+00  -3.8770693e+00   2.6315475e+00   2.6537193e-01   5.2341791e-01   4.4647327e-01
   1.6593271e+01  -2.8948031e+00  -8.9945110e+00  -7.7135209e+00  -3.1374614e+00  -1.3552112e+01  -6.2901145e-01  -5.3879251e+00  -1.8471842e+00  -8.0877162e-01   2.9997346e+00   2.6274015e-01  -2.4841792e-01   3.0195283e-01  -1.0133947e+00  -9.8525895e-01   1.5610844e+00   1.4734402e+00   1.9469723e+00  -2.9017965e+00   1.9208677e+00  -4.6028839e-01  -5.6415789e-01  -1.5884545e-01
   1.6044922e+01  -3.6513996e+00  -7.3532337e+00  -7.9602845e+00  -6.8971607e+00  -1.4194002e+01  -2.7551566e+00  -3.7677981e+00  -2.1793011e+00   1.0909742e+00   4.7016037e+00   3.9062000e-01  -2.5654366e+00  -6.3888035e-01   1.6711608e+00  -5.5835368e+00   3.4169872e+00  -1.2609613e+00  -3.2449411e+00   1.4333935e+00  -2.5488647e-01  -1.1539850e+00   2.6794852e-01   2.0270737e-02
   1.5608019e+01  -3.9517951e+00  -2.7816945e+00  -1.5748755e+01   3.4043505e+00  -1.1821906e+01  -3.7147305e+00  -2.2903426e+00  -2.1574130e+00  -1.1491589e+00   3.4786778e+00  -2.6427119e-01  -1.3878191e+00   3.2271316e-01   4.0526559e+00  -7.2504041e+00   5.8770070e+00  -8.1948547e-01  -5.6465824e+00   5.4812422e+00  -1.1749299e+00  -7.3952786e-01   1.5352926e+00  -1.8743734e-01
   1.3918464e+01  -4.5196845e+00  -4.2174878e+00  -1.6089065e+01   8.9587558e-01  -1.5959477e+01  -6.7565421e+00  -5.4518430e-01  -3.1255024e+00  -1.2597768e+00   4.7771342e+00   1.8025006e-01  -2.6373990e-01   2.5717295e+00  -1.2792083e+00  -2.2129242e+00   4.0934310e+00   4.2771622e-01  -2.5129846e+00   2.0258794e+00  -1.2873487e+00  -6.7368240e-01  -1.1581811e+00   1.0104327e-01
   1.5574771e+01  -1.9765910e+00  -4.4834001e+00  -1.4524737e+01   1.7815309e+00  -1.3898602e+01  -7.0981923e+00   1.2226314e+00  -3.1364784e+00  -7.4268790e-01   5.2649083e+00   8.6769108e-02   5.9757273e-02   2.5813071e+00  -4.2493630e+00   4.5707543e+00  -6.4990417e+00  -5.5531204e-01  -1.2504338e+00  -8.6434185e-01  -2.5897268e-01   2.4615727e+00  -4.3925748e-01   4.3789621e-01
   1.5665936e+01  -7.8140749e-01  -8.4211934e+00  -1.1891680e+01   5.4395650e-02  -1.2514079e+01  -4.8329027e+00  -2.4854659e+00  -3.6207914e+00  -1.2278493e-01   2.0712168e+00   3.6666476e-01   1.1547236e+00   3.0290137e+00  -1.9047546e+00   3.1982579e+00  -3.4877338e+00   3.5094321e+00   1.7467296e+00  -1.7144698e+00  -3.5721647e-01   1.7774945e+00  -1.4710387e+00  -5.3798542e-01
   1.4823919e+01  -1.9489729e+00  -7.0538862e+00  -1.0991316e+01  -5.9234720e+00  -1.4377573e+01  -6.5522009e+00  -2.6167146e+00  -2.2982275e+00   1.9747042e+00   4.1727502e+00   2.9936578e-01  -4.8484546e-01   2.5334019e+00  -2.2022695e+00  -3.9823626e-01  -1.7987064e+00   1.3715763e-01   4.2310439e-01  -1.8061886e+00  -1.4468296e-01   3.1855855e-01  -5.9736701e-01  -5.9583230e-01
   1.6025976e+01   1.0026998e-02  -5.7893767e+00  -1.3058388e+01  -4.8322366e-01  -1.0455843e+01  -4.4094433e+00  -1.1972160e+00  -4.0804526e+00   4.7768891e-02   3.1166551e+00  -7.3302641e-01  -4.2864558e-02   2.9445959e+00   7.8676963e-01  -2.0186374e+00   1.8437593e+00  -1.9210622e+00  -3.2025249e-01   5.6865348e-01   5.4215572e-01  -2.1047710e-01   7.6901222e-01  -6.8429998e-01
   1.4667483e+01   1.4277946e+00  -9.1027127e+00  -1.4538737e+01  -6.4771909e-01  -1.4721984e+01  -6.6752654e+00  -2.1307764e+00  -3.1236723e+00  -3.5012698e-01   3.8461387e+00  -2.5713376e-01  -3.0745950e-01   4.1358910e+00  -2.5399734e+00  -7.4235765e-02   4.9120179e+00  -1.4091727e+00   2.6188382e-01  -2.9566042e-02   1.6579437e-01  -1.6992472e+00  -1.5529121e+00  -4.4776341e-02
   1.5679857e+01   1.9471026e+00  -6.2166257e+00  -1.3145925e+01   1.8215811e-01  -1.5223467e+01  -5.2517492e+00  -1.8754547e+00  -2.3948355e+00   7.2391500e-01   3.3880410e+00  -3.8153545e-01  -1.0480723e+00   1.8471821e+00  -3.0445877e+00   1.8676275e+00   7.5109173e-01  -5.5011087e+00  -1.6486781e+00  -1.0535437e+00   1.2777059e+00  -1.9725065e-01  -3.8717731e-01   4.3041465e-01
   1.4535789e+01   3.2863258e+00  -1.0650222e+01  -1.1058901e+01   1.1118640e+00  -1.4107520e+01  -5.7382222e+00  -2.3219443e+00  -2.8923445e+00  -9.1223965e-01   1.7076892e+00   5.6455784e-02   7.4036467e-01  -1.5164840e-01   1.5749167e-01   2.2136305e+00   9.9837540e-01   2.5930517e-01   4.4139148e-01  -7.4275035e-01   5.4468189e-01  -5.2828284e-01  -1.7740680e+00   1.8544482e-01
   1.4519715e+01   1.8515346e+00  -9.5825037e+00  -1.1996865e+01  -2.3637759e-01  -1.9014739e+01  -7.3509821e+00  -2.6819476e+00  -2.2795576e+00   3.2949256e-02   3.6051139e+00  -2.4419920e-01   1.1121863e+00  -1.7343611e+00  -1.0744045e+00   1.0520470e+00  -8.3323227e-01   3.0815762e-01  -1.0043489e+00  -9.1735289e-02  -6.8135661e-01   3.8788795e-02  -1.4430953e+00   3.9566562e-01
   1.6358101e+01   1.2481061e+00  -7.1835362e+00  -1.1792821e+01   1.0591119e+00  -1.2437390e+01  -4.9635617e+00  -2.8416555e+00  -2.3642883e+00  -7.9706836e-01   1.0765002e+00  -4.7634652e-02   2.2311164e+00  -4.5029709e-01   1.1620362e+00   4.3790708e-01   4.6723417e-01  -9.5245329e-01   8.2152304e-01   9.2566046e-01  -1.0767451e+00   1.6162336e+00  -2.5779311e-01  -1.4255552e-01
   1.6436980e+01   3.6467091e-01  -9.5615752e+00  -1.1200895e+01  -1.0413142e+00  -1.5596295e+01  -7.1456028e+00  -1.7532021e+00  -3.6808984e+00   7.2451255e-01   1.5389926e+00   2.6400820e-01   1.4346933e+00   1.7606443e+00  -9.1935969e-01   1.3847884e+00   6.0646507e-01   3.3577253e+00  -2.6722721e-01   2.2596045e+00  -2.2736738e+00   7.3950829e-03  -7.5315095e-01   4.5265434e-02
   1.6923831e+01   3.3543120e+00  -8.9176317e+00  -1.0800026e+01   2.2151836e+00  -1.7245421e+01  -4.6086273e+00  -1.3978264e+00  -3.8067917e+00   1.1663291e+00   2.3540602e+00  -4.1148120e-01  -8.8682128e-01   1.7934651e+00  -5.1988034e-02  -6.0822808e-01  -1.4769856e+00  -1.1617078e+00  -1.4706644e+00   1.7422533e+00  -1.6057061e+00   1.5275826e+00   7.3275979e-01   3.1280926e-02
   1.6388890e+01   3.4393980e+00  -1.0094495e+01  -1.0416080e+01   9.5284168e-02  -1.1574135e+01  -7.9292901e+00  -1.4455445e-02  -4.9688167e+00  -9.3765686e-01   1.8366074e+00   5.6222212e-03  -1.3417018e+00   2.4843323e+00   3.3989061e+00  -3.3623935e+00   1.9262028e+00   1.7555736e+00   2.8636111e+00  -5.3628290e-01  -9.9374261e-01   2.5692425e-01  -3.4259907e-01  -2.5537084e-02
   1.5051915e+01   2.4009402e+00  -6.9950581e+00  -1.3097571e+01  -1.7246657e+00  -1.6191032e+01  -6.7777146e+00  -1.0976489e+00  -4.1288884e+00   2.3253903e+00   2.0268324e+00   1.2847973e-01  -1.8358546e+00   9.9487582e-01   2.5041605e+00  -5.4788001e+00   2.7291131e+00  -1.4791518e+00   3.5568393e+00  -1.9180955e+00  -9.1780265e-02   1.6267401e-01  -2.7097326e-01   3.2798215e-01
   1.5360386e+01   4.5678552e+00  -5.4245029e+00  -1.5095713e+01   3.8179146e+00  -1.3490129e+01  -1.7656425e+00  -2.7077152e+00  -5.0104640e+00   5.3036832e-01   1.1887079e+00  -4.4277890e-02  -1.1224393e+00   1.4325596e+00   3.7179231e+00  -3.7807678e+00   3.2506912e+00  -2.8646642e+00   5.7307911e+00  -2.4300587e+00   1.3235649e+00   1.1998680e+00   6.6196402e-02  -1.7648460e-01
   1.4684301e+01   4.2823971e+00  -7.4963872e+00  -1.6678410e+01   4.4475379e+00  -1.8506152e+01  -2.3551921e+00  -2.9283398e+00  -3.9236384e+00   6.7632755e-01   2.2715501e+00   1.0544207e-01  -8.2087315e-01   2.4208231e+00   8.5424646e-02  -3.0235470e-01   2.3470020e+00   2.0997117e+00   2.5657284e+00  -1.3557997e+00   1.2582598e+00  -9.3196412e-01  -4.9227302e-01  -9.1945587e-02
   1.4889038e+01   4.6475090e+00  -4.2669462e+00  -1.4296812e+01   1.8852191e+00  -1.4713572e+01  -1.5443647e+00  -2.7441981e+00  -3.0860943e+00   1.6866765e+00   1.8135432e+00  -2.4758585e-01  -1.4712097e+00   8.1780446e-01  -3.2263022e-01   1.6341779e+00  -4.2620002e+00   1.7148938e+00  -2.1407553e+00  -5.1006348e-02   2.4963843e+00   1.4482597e+00  -1.1654717e-01   4.6862514e-02
   1.4056279e+01   5.9923480e+00  -7.4456994e+00  -1.3950553e+01   2.7621851e+00  -1.2429744e+01  -3.0397610e+00  -3.1131070e+00  -3.2036835e+00   3.4929004e-01   9.7600526e-01   9.2215329e-02  -6.5759050e-01   1.0070856e+00   8.2373512e-01   1.9860198e+00  -2.5999727e+00   4.7102835e+00   3.9537859e-01  -2.0441174e-01   1.3209180e+00   3.2277749e-01  -6.8144109e-01  -2.3317335e-01
   1.3467582e+01   4.9395865e+00  -5.9337921e+00  -1.4008374e+01  -1.7324092e+00  -1.3955993e+01  -4.6344911e+00  -2.6918411e+00  -1.6258650e+00   2.8662766e+00   1.6616595e+00   3.2629253e-02  -2.0255349e-01   3.3898130e-01  -1.3682748e+00  -6.5874731e-01  -5.1810648e-01  -1.6905167e-01   1.6530248e-01  -1.7047533e-01   1.1090895e+00  -2.1066717e-01   5.0950365e-01  -1.5818156e-01
   1.4408643e+01   5.6469868e+00  -5.4273616e+00  -1.3843599e+01   2.3563930e+00  -1.1819516e+01  -2.1706101e-01  -3.2611359e+00  -2.6723760e+00   5.7069373e-01   1.3253303e+00  -3.8442551e-01   6.7654529e-01  -2.3858285e-01   1.7869019e+00  -1.6654739e+00  -2.3746079e-01  -3.6253335e-01   8.9891311e-01  -8.7545952e-01   1.9054421e+00   3.4301677e-01   6.3470803e-01  -2.4492145e-01
   1.4409026e+01   5.3286616e+00  -7.3285274e+00  -1.5338410e+01   1.3109554e+00  -1.5272263e+01  -2.7077610e+00  -2.9258966e+00  -1.6881138e+00   1.2599739e+00   2.4031361e+00  -2.4653778e-01   9.4613088e-01   1.3451352e-01   8.3812395e-01  -3.0103739e+00   2.4016950e+00   2.3862157e+00  -9.6141226e-02  -1.5089130e+00   2.3837167e+00  -2.1040077e+00   1.8820484e-01  -1.4097907e-02
   1.4600375e+01   5.4399362e+00  -4.0679789e+00  -1.5783746e+01   8.8431156e-01  -1.2315409e+01  -2.6547564e+00  -4.3092685e+00  -3.1439600e-01   1.6669665e+00   1.5573290e+00  -1.3558333e-01   9.6078619e-01  -6.4801025e-01   5.9211613e-01  -5.5542479e-01  -2.7222757e+00   2.4148690e-02  -3.4175632e+00  -1.2806110e+00   3.4846199e+00  -2.6475495e-01   2.0115966e-01   2.6881692e-01
   1.4790913e+01   5.2448821e+00  -5.3562975e+00  -1.7553862e+01   2.6061739e+00  -1.0128723e+01  -3.5598552e+00  -4.4311443e+00   7.7072001e-01  -8.3787127e-01   1.8279674e+00  -1.1293870e-01   1.4539418e+00  -2.6566677e-01  -3.7920622e-01   2.3487644e+00  -1.4534443e+00   2.5599580e+00   8.2706459e-02  -6.5175009e-01   8.6689077e-01  -7.9147894e-02  -1.8187571e+00   4.8780805e-01
   1.5658879e+01   4.7168612e+00  -5.5253024e+00  -1.3569010e+01  -2.3746298e+00  -1.4355063e+01  -4.9173587e+00  -4.4294285e+00   1.3251370e+00   1.2224839e+00   1.9146541e+00  -4.7999663e-02   9.2696560e-01   1.0062237e-01  -3.5793145e+00   2.9442079e+00  -1.2396902e+00  -6.7712291e-01  -8.5524209e-01   1.4766804e+00  -9.1754846e-01   1.0501363e+00  -1.0913863e+00   4.5380961e-01
   1.6060686e+01   5.2916989e+00  -7.1686750e+00  -1.2922631e+01   7.6025960e-01  -1.0412499e+01  -1.4524001e+00  -3.8434417e+00  -1.2075441e+00   1.3634934e+00  -5.0366201e-01   4.4138246e-01   3.8732149e-01  -4.7249924e-01  -3.6897440e-02   3.2181140e+00  -2.0693957e+00  -1.1028798e+00   8.6499189e-01   9.5354707e-01  -1.8854610e+00   1.8794602e+00  -4.6285230e-01  -1.1840027e-02
   1.5355937e+01   5.5674613e+00  -8.5307619e+00  -1.3683049e+01  -5.2266628e-02  -1.3189205e+01  -4.9913470e+00  -2.3880992e+00  -7.0158663e-01   2.1414887e+00   1.0860643e+00   2.6797050e-01  -5.6679000e-01  -5.8922757e-01   3.2490055e-01   6.7299947e-01   3.1616309e-01   2.6860465e+00  -3.1928693e-01   1.4232207e+00  -1.9484939e+00  -1.4451091e-01   2.2450176e-01  -2.4323157e-01
   1.5523366e+01   4.1108332e+00  -3.9089139e+00  -1.2669672e+01  -1.6591012e+00  -1.2365972e+01  -2.2253732e+00  -4.0214884e+00  -1.0441096e+00   1.5218166e+00   1.5479839e+00  -2.8868382e-01  -1.2710283e+00  -1.1698637e+00   3.3059284e+00  -1.9988350e-02  -2.8970485e+00  -5.2348129e-01  -3.0805488e+00   5.9858951e-01   8.5810850e-01   2.8274844e-01   1.3634304e+00  -4.8305736e-01
   1.5077354e+01   4.4234527e+00  -6.6678321e+00  -1.2685991e+01  -6.9070471e-01  -9.3492569e+00  -5.0098025e+00  -2.2055742e+00  -1.6793211e+00   9.2655595e-01   1.2255838e+00  -4.7813880e-02  -2.5189685e+00  -7.6412712e-01   4.8231190e+00  -6.1160995e-01  -1.3057726e+00   3.3973635e+00  -1.2639509e+00   5.7736018e-01   1.6634034e-01  -2.0523130e+00   5.0978472e-01  -1.9895440e-01
   1.4293435e+01   4.1089078e+00  -3.1412473e+00  -1.3451143e+01  -3.2660941e+00  -1.3117695e+01  -6.0639955e+00  -3.0368200e+00   5.6848587e-01   2.3950824e+00   1.4717238e+00  -1.2531139e-01  -3.4952308e+00   5.8070937e-01   2.0660719e+00  -2.4989309e+00  -3.4733699e-02   1.1518632e+00  -2.0684062e+00   1.0708114e+00   1.1460060e+00  -1.6595789e+00   1.3806789e+00   2.1871915e-02
   1.2192449e+01   4.4222333e+00  -1.6799167e+00  -1.4209728e+01  -1.2074292e+00  -7.7172983e+00  -4.9679622e+00  -2.0143931e+00  -1.2583739e+00  -1.3736136e+00   1.8888714e+00  -1.1214731e-01  -3.1770228e+00   1.8237640e+00   2.4453461e+00   1.8800864e-01  -1.8597757e+00  -1.6152435e+00   3.5840890e+00  -1.4524058e+00   1.3056957e-01  -1.0715299e+00   1.3731329e+00  -1.7745211e-01
   1.1722972e+01   4.9825069e+00  -3.3037637e+00  -1.5656199e+01  -1.4528396e+00  -1.1454156e+01  -5.3489026e+00  -2.5108619e+00   4.6442575e-01   1.8253303e-01   3.2873585e+00  -2.2370923e-01  -2.4169689e+00   3.0045448e+00  -2.6526350e+00   3.5233789e+00  -2.9690968e-01  -1.7447924e+00   5.9806002e+00  -1.6566626e+00  -7.7736394e-01  -1.5038207e+00   1.0556202e+00  -3.3958425e-02
   1.1597051e+01   6.7222991e+00  -2.9185548e+00  -1.1301450e+01  -4.3869956e+00  -1.2603892e+01   8.7845077e-03  -4.6471619e+00  -1.4314367e+00   4.2553584e-01   2.3774659e+00  -2.6479313e-01  -7.8088532e-01   2.3890302e+00  -2.5851725e+00   4.5620130e+00  -2.3840602e+00  -6.1688744e+00   4.6741886e+00  -1.9767471e+00   1.8538306e+00   2.8816635e-01   1.0268273e+00  -5.3621533e-03
   1.0965681e+01   7.4656921e+00  -6.5008808e+00  -9.6202137e+00  -2.1216754e+00  -1.3291587e+01   4.1853146e-01  -4.2054295e+00  -5.1102865e-01  -7.6022330e-01   2.8108568e+00  -9.9926120e-02   4.0737935e-01  -4.2445605e-01   2.0170464e+00   1.1161780e+00   8.1253550e-01   1.0296946e-02   9.7458651e-01   1.4959667e+00   1.1256066e+00  -2.1396909e+00   2.4197277e-01   1.8078362e-02
   1.1399767e+01   6.7641861e+00  -3.9591170e+00  -1.0384702e+01  -4.4491015e+00  -1.6051895e+01  -8.4039627e-01  -4.1322300e+00   2.0100992e+00  -4.6998596e-01   3.6673632e+00  -1.8208210e-01   1.4994707e+00  -3.4035842e+00   4.1290823e+00  -3.9046127e+00   3.8077766e+00   6.4010432e-01  -4.6226323e+00   4.9861937e+00   1.7186252e+00  -9.6105342e-01   9.8887441e-01   9.3264006e-02
   1.2432683e+01   4.3248794e+00   2.4208700e-01  -1.4440307e+01  -2.0298335e-01  -9.7147091e+00  -3.4624325e+00  -5.2437771e-01   4.3206772e-01  -2.5792424e+00   3.0053690e+00  -2.3794720e-01   1.5159964e+00  -3.6373640e+00   6.1217874e+00  -4.2052020e+00   3.1070601e+00   1.3956765e+00  -2.5877839e+00   5.2465253e+00  -3.6746713e-01   5.4300288e-01   2.9750301e-01   8.3199135e-02
   1.3112756e+01   3.1873292e+00  -9.6415204e-02  -1.4748323e+01   3.6532326e-01  -1.3432174e+01  -4.9846820e+00   9.9160276e-01   6.7495295e-01  -1.0653475e-01   3.7635215e+00  -5.5886582e-02  -6.7079606e-02  -1.3538812e+00   1.7601373e+00  -2.2962990e+00   5.0060055e+00   1.4342322e+00  -9.1586126e-01   3.5303930e+00  -1.2768376e+00   1.4375524e+00  -4.3775527e-01   2.1639564e-01
   1.2383181e+01   3.7980745e+00   7.5044945e-01  -1.3746206e+01   1.3170235e-01  -1.2507932e+01  -1.3910016e+00   1.1024421e+00  -3.9465622e-01  -1.2744459e-01   3.2090322e+00  -3.8225176e-02  -8.5939851e-01   9.6577267e-01  -1.2350519e+00   1.3770375e+00   2.2564750e+00  -3.2006696e+00   1.9909630e+00  -4.7331858e-01   6.1565894e-02   3.0902819e+00   4.7369155e-01  -3.6211762e-02
   1.1323899e+01   4.9967667e+00  -1.5730922e+00  -1.4176200e+01   2.8925639e+00  -1.2503935e+01  -3.2499036e+00   3.4994952e-01   5.0820484e-01   4.6044375e-01   2.9088987e+00   4.2650343e-02  -1.3932654e+00   1.4905854e+00  -1.6586256e+00   1.6218981e+00   3.3793663e+00  -3.7716609e-01   2.1658906e+00  -5.1693375e-01   3.8444067e-02   1.8208614e-01   3.1672418e-01  -3.8092412e-01
   1.2038014e+01   4.8688196e+00  -8.7215233e-01  -1.2660811e+01   1.9181088e+00  -1.4979833e+01  -1.3433772e+00  -9.1352896e-01   6.0779061e-01   1.7726912e+00   4.1432177e+00  -3.4153331e-01  -7.7921832e-02   9.6417037e-01  -2.8383943e+00   1.1309867e+00   4.4872774e+00  -1.6793924e+00  -2.1505449e+00  -9.3957563e-01   2.4297309e+00   6.7001793e-03   7.7463750e-01  -2.8916280e-01
   1.1195441e+01   4.8878348e+00  -1.7730528e+00  -1.2858173e+01   4.5411694e+00  -1.2761973e+01  -1.7596583e+00   1.2241877e+00   2.3139563e-01  -7.8347342e-01   3.7715150e+00  -4.7561869e-01   1.1017890e-01   1.1347484e+00  -2.5096400e+00   2.6545451e+00   1.9892078e+00   1.4031123e-02  -1.3662272e+00   5.0480602e-01   1.3411727e+00  -6.5727152e-01   1.1448715e-01  -8.9320003e-02
   1.2330527e+01   5.2987960e+00  -3.4071617e+00  -1.2708740e+01   6.0383157e+00  -1.4898002e+01  -5.3619417e+00  -7.4404043e-01   3.3883448e+00   5.0456427e-01   3.9396803e+00  -2.1283486e-01  -8.3669696e-01   5.4099172e-01  -2.3606898e+00   2.2515122e+00   4.8738575e-01   2.5712062e+00  -3.1864189e+00   7.1246041e-01   2.3828475e-01   9.5168472e-01  -1.5003685e+00   2.0713943e-01
   1.1342911e+01   6.4839011e+00  -4.0700476e+00  -1.0170418e+01   3.8162721e+00  -1.2523803e+01  -3.2899622e+00   1.0224143e+00   1.1296868e+00   1.0859993e-01   3.1823981e+00  -1.5567889e-01   6.2959798e-02  -8.6465164e-01   5.3684274e-01   3.5910773e+00  -4.2077485e+00   1.4398259e+00  -1.5325699e+00  -1.4528833e+00  -7.1391122e-01   4.2996558e+00  -1.6745219e+00   1.8511819e-01
   1.0709234e+01   4.8822740e+00  -3.2646897e+00  -1.0627420e+01   3.0116361e+00  -1.1242108e+01  -5.3578535e+00   2.5604835e-01   5.1607214e-01   2.7541816e+00   2.1872234e+00  -1.9079407e-01  -5.2773284e-01  -1.2566189e+00   4.1124498e-02   3.1990916e+00  -4.1841109e+00   5.1610980e+00  -6.7423795e-01  -5.6613278e-01  -1.8357546e+00   2.1777530e+00  -1.5460470e+00  -5.1355105e-02
   1.2100527e+01   3.7991183e+00  -1.0390247e+00  -8.5122167e+00  -2.5711357e-01  -1.2430181e+01  -4.0605572e+00  -1.4551816e+00   5.9666515e-01   4.5412017e+00   2.1359606e+00  -2.0896180e-01   6.5668563e-01  -2.1370107e+00   6.8836021e-01   2.0747069e+00  -2.9953824e+00   1.9211609e+00  -2.3445298e+00  -8.4834391e-01  -2.4697055e-01   2.0637657e+00  -1.5789319e-01  -1.1803446e-01
   1.1160119e+01   4.7562590e+00  -4.8609864e+00  -8.7392034e+00   1.7988422e+00  -7.2031663e+00  -5.9880011e+00  -3.5444164e-01   9.0122383e-01   1.5548929e+00   2.1438285e+00  -2.6322606e-01   1.4201662e+00  -6.2491658e-01  -1.7772917e-01   2.2526689e+00  -5.1360020e-01   6.5799111e-01   1.1787142e+00  -1.6825595e+00   1.3616148e+00  -1.6486926e+00   6.6329577e-01  -1.4775466e-01
   1.2102496e+01   3.3413925e+00  -2.2393589e+00  -8.0024665e+00  -7.0404453e-02  -1.1661533e+01  -6.4916831e+00   5.5143412e-02   5.6665517e-01   3.8038928e+00   2.9672557e+00  -2.9651458e-01   8.8149869e-01   6.1595720e-01  -2.3105425e+00   1.8907320e+00   2.0996967e+00  -5.2285381e-01   1.6712285e+00  -3.0323448e+00   2.7174459e+00  -2.6575077e+00   8.3938892e-01  -7.4968973e-02
   1.2838499e+01   4.1737620e+00  -2.9311163e+00  -7.5032921e+00   2.1478812e+00  -1.0639445e+01  -2.3742193e+00  -3.0229534e+00   2.5734993e+00   6.4979704e-01   2.7665195e+00  -3.6864966e-01   1.7252306e+00   1.4839621e-01   1.1710076e+00   2.8849164e+00  -1.0529468e+00  -3.5934530e+00   4.7035013e+00  -5.0500630e+00   2.5216660e+00  -4.7809208e-02   3.0818852e-01   6.1207187e-02
   1.2583586e+01   5.0143026e+00  -5.4697735e+00  -6.2940744e+00   2.7179120e+00  -1.1496322e+01  -3.3606054e+00  -4.6694430e+00   3.8366962e+00   1.0074880e+00   3.0836985e+00  -2.6870345e-01   9.1862974e-02   4.6343271e-01   1.2606132e+00  -6.6305199e-02   2.5723765e+00  -3.6819477e-01   4.2785324e+00  -3.9343626e+00   1.0779034e+00  -3.6669283e-01  -1.4181727e+00   2.7971905e-01
   1.3507421e+01   4.1423983e+00  -1.4892677e+00  -5.2660249e+00  -1.1747362e+00  -1.2675952e+01  -4.9828801e-01  -5.5672430e+00   3.0487023e+00   2.8813815e+00   2.5478899e+00  -1.8532084e-01  -6.8568701e-01  -1.2873477e-01   3.1427513e+00  -3.1601443e+00   3.8991575e+00  -2.0433461e+00  -4.2858358e-01  -4.8429793e-01  -1.7945173e+00   2.6417505e+00  -9.1342254e-01   1.9202143e-01
   1.1905830e+01   4.0522235e+00  -1.0693634e+00  -9.2205579e+00   5.4494690e+00  -1.1195572e+01  -1.0118502e+00  -4.5742558e+00   1.9459088e+00   2.1380614e+00   9.4931146e-01   3.1399591e-02  -1.4963414e+00   3.7863212e-01   2.1030039e+00  -3.4339333e+00   5.2452481e+00  -1.5150540e-01   1.1248831e-01   2.4556309e+00  -2.1851332e+00  -5.7344859e-01   1.1249231e-01  -1.6522833e-01
   1.2148846e+01   4.4616995e+00  -4.1719439e-01  -1.0780267e+01   6.6308389e+00  -1.3854839e+01  -4.1914722e+00  -3.7969939e+00   8.2711703e-01   4.0471360e+00   2.4635792e+00  -2.3066904e-01  -2.2499394e+00   1.2372984e+00  -2.2962256e+00  -2.2368132e+00   5.6857236e+00   1.2019437e+00  -2.0065377e+00   1.1690331e+00   2.0563358e-01  -2.5164408e+00   9.8277742e-01  -2.0649716e-01
   1.1018361e+01   5.4226002e+00  -2.8513042e+00  -8.6878535e+00   6.6829966e+00  -1.1134136e+01  -1.3452808e+00  -1.8711212e+00   1.6697890e+00  -4.3556217e-01   3.2945924e+00  -4.9387185e-01  -7.8061090e-01  -1.4623541e-01  -1.5082418e+00  -1.1140630e-01   3.1286062e-02   2.0335903e+00   9.8297889e-01  -2.6552840e+00   1.9310030e+00  -1.5216860e+00   1.4471663e+00  -3.1892769e-01
   1.0576246e+01   5.3131576e+00  -4.0426357e+00  -8.8875969e+00   6.7370855e+00  -1.0903754e+01  -3.3413793e+00  -5.1652607e+00   3.4952126e+00   3.9353201e-01   2.8494156e+00  -2.3243085e-01  -1.2791844e+00  -1.7361846e+00  -1.2919763e+00   1.8597588e+00  -6.1480399e-01   3.8700023e+00   3.7048252e+00  -3.8298390e+00   1.8478749e+00  -1.5361560e+00  -7.4031577e-01   4.0627531e-03
   1.1521214e+01   3.4071413e+00  -1.5190054e+00  -1.0334002e+01   5.4432749e+00  -9.6207294e+00   3.7571684e-02  -7.8730483e+00   3.5083655e+00   1.6823344e+00   2.9271427e+00  -4.4611103e-01  -6.5711469e-01  -2.6321523e+00   4.7633824e-01   3.7103064e-01   4.8371416e-01   6.7410830e-01   1.2103598e+00  -5.1247185e+00  -1.9275843e-01   1.8991123e+00  -9.0481443e-01   1.4632319e-01
   9.9786430e+00   2.8651521e+00  -3.0213082e+00  -7.1675541e+00   6.3284938e+00  -8.8065393e+00   6.7433935e-01  -6.5407889e+00   2.6796412e+00   6.8395380e-01   1.5368304e+00  -2.4845532e-01  -1.2987478e+00  -2.6296291e+00   1.8405003e+00   1.4904889e+00   2.5645330e-02   2.9511205e+00   1.1218400e+00   5.8066838e-01  -3.0249731e+00   4.2110053e-01  -4.5037891e-01  -2.5505907e-01
   1.0331490e+01   2.6983745e+00  -2.6474606e+00  -8.9913289e+00   7.6128636e+00  -1.1171581e+01  -1.5376005e+00  -8.8704348e+00   1.7884371e+00   2.2678954e+00   2.5936633e+00  -2.6637483e-01  -2.3759939e+00  -1.3976420e+00   9.7117191e-01   2.6609777e+00   1.6660817e+00   1.5408608e+00  -3.0191158e+00   3.3176051e+00  -4.1408457e+00  -5.2588797e-01  -1.7226995e-01  -1.5240401e-01
   9.2229859e+00   1.7230973e+00  -7.1765769e-01  -7.3232002e+00   5.6907591e+00  -5.7016477e+00  -8.7103320e-01  -3.7955649e+00  -1.8228287e-01   7.3240228e-01   2.3405869e+00  -7.0488755e-01  -1.5340267e-01  -1.6506490e+00   1.6436267e+00   1.8136150e+00  -5.7837767e-01   1.2501232e+00  -2.2650427e-02   1.9658173e+00  -3.5537262e+00   8.4124493e-01   1.7001711e-01  -4.1358625e-01
   8.3350513e+00   1.8817056e+00  -1.2140728e+00  -6.2647126e+00   8.2612647e+00  -8.8618839e+00  -3.7184158e+00  -4.2692527e+00  -1.2719410e+00   8.6927819e-01   2.2668595e+00  -4.4650093e-01  -3.9784633e-01  -4.3445298e-01  -3.4944660e-01   4.5180295e+00  -9.2858999e-01   4.5231307e-01   3.3636970e+00   8.7774487e-01  -2.0817247e+00   4.3287725e-01  -1.3937045e+00  -6.7839341e-02
   1.0746759e+01   7.9751296e-01  -1.2725620e+00  -5.8104397e+00   5.1367267e+00  -8.0862030e+00   1.7307714e+00  -5.8926540e+00  -1.1207591e+00   2.6451298e+00   1.9552580e+00  -7.7877164e-01   6.1888489e-01   8.0916883e-01  -1.0704460e+00   1.7784708e+00   1.5634355e+00  -4.4709459e+00   1.7846339e+00  -1.5956907e+00  -1.4714964e+00   2.0101799e+00  -8.2446581e-01   1.1213213e-01
   8.9728346e+00   2.5094872e+00  -2.8941783e+00  -2.9706648e+00   6.4969948e+00  -9.3008338e+00   2.2070427e+00  -6.5052729e+00  -8.6491186e-01   1.9608475e+00   6.9577112e-01  -3.3119180e-01   4.8909438e-02   1.4471329e+00  -8.1020509e-01  -8.8371111e-02   2.7803631e+00  -2.9482790e+00   5.0402073e+00  -1.0159092e+00  -3.0137334e-01   1.0686742e+00  -4.6702867e-01  -1.4082730e-01
   9.8324216e+00   2.6229598e+00  -1.4832739e+00  -6.3025180e+00   8.9180473e+00  -1.2188592e+01  -1.1568116e+00  -5.0710908e+00  -2.5930420e+00   3.2018875e+00   1.8894324e+00  -5.9434392e-01  -1.9487118e+00   2.7661427e+00  -1.3023718e+00  -4.0044673e-01   6.1302156e+00  -6.3957478e+00   1.6407920e+00  -1.3474106e+00  -1.7263101e-01  -1.0292457e-01   5.6432118e-01   1.5485392e-01
   8.8655839e+00   3.1396816e+00  -2.3240244e+00  -6.1512302e+00   1.0541149e+01  -1.1233108e+01   5.2856867e+00  -6.2038981e+00  -9.8785955e-01   2.1939106e+00   1.5992293e+00  -7.4995573e-01  -1.1493657e-01   1.0076462e+00  -3.4759400e-01  -1.2620085e+00   4.4093623e+00  -4.8169229e+00   3.0935621e+00  -1.2347372e+00   6.9038666e-01  -8.2937286e-02   1.3749438e+00  -3.6132786e-02
   7.8773162e+00   4.6316299e+00  -3.5111967e+00  -4.8208272e+00   1.2309973e+01  -1.6713688e+01   2.6526373e+00  -8.0644574e+00  -1.3182318e+00   2.3742114e+00   2.3500107e+00  -3.3710879e-01  -6.3080200e-01  -8.7602941e-01  -5.5534680e-01   2.1767855e+00   2.6877047e+00  -2.2832433e+00   2.7089428e+00  -1.3956296e-01   6.9782871e-01  -9.2502723e-01   7.2630993e-01   2.1877417e-01
   9.7779824e+00   3.0166214e+00  -2.4016080e+00  -5.6045230e+00   1.1415075e+01  -1.4263670e+01   4.9426614e+00  -6.8606954e+00  -4.6673696e-01   2.2502796e+00   2.5278977e+00  -5.1400854e-01   1.6840177e-01  -2.6121754e+00   1.2217610e+00   1.8342382e+00   3.4632142e-01  -1.3063653e+00  -2.6538304e+00   2.7943788e-02  -4.3620013e-01   2.4324325e-02   9.4063806e-01   3.4037607e-01
   8.4300194e+00   1.3704457e+00  -2.2775024e+00  -3.3106933e+00   1.2512641e+01  -1.4098176e+01   3.0781153e+00  -4.9520366e+00  -1.8068602e+00   1.7861622e+00   2.5145631e+00  -3.8415626e-01  -2.0128320e-01  -3.7851987e+00   1.3447697e+00   4.4185326e+00  -2.0051726e+00   4.0808518e+00   5.5725997e-01  -9.3202448e-01   3.3073855e+00  -2.2421881e+00   1.4685479e+00  -1.4830973e-01
   8.8418350e+00   8.5201057e-01  -1.1082301e+00  -4.1549398e+00   1.0959297e+01  -1.4500412e+01   1.0922021e+00  -7.7181928e+00  -1.3978455e+00   2.5244217e+00   2.9279102e+00  -2.1586789e-01  -2.3923568e+00  -2.1272171e+00   8.9984203e-01   7.4397997e+00  -1.4652998e+00   1.0642522e+00  -6.8710346e-01  -4.7502586e+00   4.7381177e+00  -3.0542220e+00   2.0767818e+00  -6.8457429e-02
   8.0434651e+00   3.6137364e-02  -2.1407311e+00   1.0821801e+00   9.5301034e+00  -1.0474039e+01   5.4137569e+00  -9.0337454e+00   4.1084007e+00  -1.1261418e+00   4.3528263e+00  -7.0864372e-01  -5.3806894e-01  -1.4449758e+00   1.2944670e+00   2.9701604e+00  -5.8146847e-01   1.5840811e+00   1.2351385e+00  -4.8750292e+00   5.1646614e+00  -1.8564239e+00   1.3721824e+00  -1.4881121e-01
   6.3827244e+00   4.9294997e-01  -1.1202306e+00   3.3587399e+00   1.0708395e+01  -1.4479360e+01   2.7441854e+00  -1.1945229e+01   3.6828091e+00  -8.7490143e-01   4.7239387e+00  -4.5445096e-01  -1.2023335e+00  -9.7718151e-01   1.6924980e-01   1.3077205e+00   5.6275738e+00  -1.6177459e-01   1.0644402e+00  -1.7186570e+00   4.0471820e+00  -1.2266047e+00   1.9803583e-01   2.4917964e-02
   8.8524713e+00  -6.1748773e-01  -3.2980169e-01  -2.6122925e+00   1.1765890e+01  -1.1732580e+01   4.1048314e+00  -1.0151062e+01   3.3998045e+00   7.0118792e-01   3.6748223e+00  -4.8808154e-01  -2.1890998e-01   1.3850985e+00  -1.1180614e+00  -2.5497969e+00   6.1777256e+00  -3.8705351e+00  -2.1626892e+00  -8.0521688e-01   2.7978542e-01   1.7608841e+00  -1.0337236e+00   3.0584473e-01
   6.6338317e+00  -2.8694915e-01  -1.7598201e+00  -3.4612279e-01   1.8282765e+01  -1.4113803e+01   3.3433252e+00  -9.7375197e+00   5.0272256e+00  -2.2915019e-01   3.5639659e+00  -2.8877204e-01  -1.1101353e+00   2.4127413e+00  -3.9195960e+00  -2.4880659e+00   3.6259020e+00  -2.8239403e-01   6.2633143e-01   2.5216662e+00  -1.2235631e+00   2.2456048e+00  -6.2056194e-01  -1.5476089e-02
   7.5895465e+00   2.5037347e+00  -3.4980284e+00  -8.9008391e-01   1.5009507e+01  -1.6462620e+01   1.8701531e+00  -1.1345425e+01   3.8558706e+00   1.1923087e+00   3.3822274e+00  -3.3271609e-01  -2.7170005e+00   3.7676706e+00  -3.3066246e+00   1.4249251e+00  -7.9996413e-02  -3.3987437e+00  -1.3181311e+00   1.6243612e-01  -2.7161465e+00   2.4087257e+00   9.0736753e-02   1.4703487e-01
   5.3489838e+00   2.5514506e+00  -5.4155112e+00  -1.2344632e+00   1.4525439e+01  -1.2537931e+01   4.8010216e+00  -7.5655481e+00   1.6194315e+00   2.2479454e+00   3.9393933e+00  -5.5534782e-01  -5.7901308e-01   2.6777778e+00   3.5202761e-01  -2.1773506e+00  -6.5547215e+00   1.9554346e+00  -2.5883954e+00   3.8705638e-01  -3.1197275e+00   2.5355811e+00   1.2188221e-01   2.2169612e-01
   5.4193945e+00   3.6148182e+00  -3.4618930e+00  -3.0734651e-02   1.3524558e+01  -1.7618632e+01   1.3987865e+00  -1.0993394e+01   1.0294818e+00   3.0757287e+00   3.6232138e+00  -1.3424134e-01  -1.0030686e+00  -8.5828248e-01   4.3563244e+00  -1.8843323e+00  -5.4870536e+00   5.7270519e+00  -6.0904268e+00   3.2127246e+00  -2.8673402e+00   1.5563635e+00   6.3321379e-01   3.8446280e-01
   6.8503881e+00   3.1741759e+00  -1.2498463e+00  -4.0418234e+00   9.1931569e+00  -1.0602646e+01  -3.0358463e-01  -9.3329508e+00   1.7608286e+00   2.6325114e+00   3.6262960e+00  -5.5465229e-02   1.4177863e+00  -8.7870431e-01   6.0681001e+00  -2.7195248e+00  -4.6765874e+00   3.5866021e+00  -9.4256453e+00   2.4017927e+00  -1.3605403e+00   1.1223916e+00   2.9969240e-01   5.0190517e-01
   5.3342414e+00   9.0494840e-01   9.5362578e-01  -2.3129024e+00   9.4450677e+00  -8.8396850e+00  -4.7131840e+00  -5.6426371e+00  -5.1583823e-01   3.3345710e+00   4.4885967e+00  -5.9631907e-03   2.8318487e-01  -1.0289395e+00   2.8284428e+00  -2.3030705e+00  -3.4126291e+00   4.0525544e+00  -1.9394298e+00   2.3875346e+00   7.6565393e-01  -1.0223447e-01   5.4393868e-01   3.9637719e-01
   7.5182399e+00   2.5883291e+00   1.4788796e+00  -4.1726665e+00   9.5503031e+00  -1.1547501e+01  -6.2814610e+00  -6.6382374e+00   3.5128111e-01   3.8021117e+00   3.9562405e+00   1.3337087e-01  -9.5619803e-01  -2.7212812e-02  -4.2508504e-03  -9.6554974e-01  -5.6739009e-01  -3.6215544e+00   2.8845344e+00  -7.3763750e-01   2.0092568e+00   4.5213751e-01   3.7038909e-01   5.8822653e-01
   5.5102459e+00   2.3643323e+00  -5.8359173e-01  -3.4199188e+00   8.2270411e+00  -1.1067372e+01   1.4785801e+00  -8.7594487e+00   2.8827365e+00   2.3375769e+00   4.2741496e+00   3.6590639e-01  -3.5283104e-01   8.3843368e-01  -1.0422356e+00  -4.7516814e+00  -9.5106501e-02  -4.2293974e+00   6.6810130e+00  -2.6335491e+00   4.4864139e+00   4.1494465e-01  -7.9166536e-01   7.5932468e-01
   5.3280888e+00   2.4036647e+00  -4.8761387e-01  -4.9366397e+00   8.9510850e+00  -1.4921134e+01   9.2733493e-01  -8.8810013e+00   3.0754265e+00   3.8092148e+00   4.2891032e+00   6.4093978e-01  -2.7242575e+00  -7.4079107e-01   5.8739542e-01  -6.8785170e+00   3.1966921e+00  -2.4268632e+00   4.4114549e+00  -3.3318026e-01   3.4624162e+00   8.0944757e-01  -3.6289158e-01   8.7901980e-01
   5.9000704e+00   2.2549311e+00   3.7351905e-01  -9.0584378e+00   9.6020170e+00  -1.3496965e+01   1.7039375e+00  -8.4715788e+00   4.8517099e+00   3.9534365e+00   3.1346673e+00   8.7923937e-01  -1.1580902e+00   6.1366505e-01   3.9620047e+00  -8.4610564e+00   3.4943548e+00  -3.4077664e+00  -9.5492245e-01   7.8015391e-01   1.2891922e+00   5.7831678e-01  -4.4372547e-01   5.7791202e-01
   3.2369414e+00   1.5318431e+00   1.8814173e+00  -1.1671182e+01   1.3657853e+01  -1.3973000e+01   2.2304264e-01  -7.2819428e+00   4.5604187e+00   4.2083532e+00   3.9816442e+00   1.1952341e+00  -9.2959857e-01   1.5988967e+00   3.0871873e+00  -5.1586179e+00   7.9903588e-01   2.4132916e+00  -2.8704076e+00   3.7604222e-01   5.7374170e-01  -1.6139034e+00   4.3381648e-02   7.6267738e-02
   4.8186843e+00   3.7207407e+00   4.1748997e+00  -1.2744232e+01   1.1115189e+01  -1.6653089e+01   3.9834255e-01  -8.3887471e+00   4.0740287e+00   3.0054828e+00   3.7622908e+00   9.5562728e-01  -1.8639288e-01   1.9012397e+00   2.5365556e+00  -4.5949451e-01  -2.8868211e+00   3.9104132e+00  -4.8200819e+00   3.5765474e-01  -3.4692333e-02  -1.9549532e+00   5.0991235e-01  -4.7113165e-02
   4.4743839e+00   4.0691050e+00   2.2424767e+00  -1.0831669e+01   9.3930528e+00  -9.7231344e+00  -2.7254790e+00  -8.3583538e+00   4.3248796e+00   1.8623364e+00   4.0403639e+00   7.1714744e-01   9.7371251e-01   3.9305111e+00   1.0343378e+00   2.4178364e+00  -7.7229565e+00   5.8195046e+00  -2.4376514e+00  -9.9474908e-01   5.6493025e-01  -1.6474589e+00   5.5965480e-02  -3.7363083e-01
   5.0017598e+00   3.8381597e+00   3.9978227e+00  -1.0167436e+01   7.4041855e+00  -9.7562778e+00  -4.0519245e+00  -7.3968911e+00   4.9174409e+00   2.1940150e+00   3.8701760e+00   1.0476129e+00  -1.8097286e+00   4.2161037e+00  -5.7189939e-01   1.0584465e+00  -3.7140805e+00   5.0478277e+00  -3.3840511e-01  -8.5697571e-01   2.9148365e-01  -1.0980765e-01   5.5043320e-01  -4.4792188e-01
   4.6059724e+00   7.3689002e+00   3.5214626e+00  -9.3328259e+00   3.9289202e+00  -8.6921482e+00  -1.2083009e+00  -9.2699944e+00   4.9861079e+00   2.1428987e+00   4.0116499e+00   5.8879499e-01  -1.4481372e+00   3.5033220e+00   1.2486223e+00  -1.4387596e+00   5.2898871e-01  -2.4256936e+00   2.8521405e+00  -4.9452825e-01   5.0327775e-01   4.6426477e-01   1.4294534e-01  -1.6225385e-01
   2.0382972e+00   8.3949986e+00   2.6775577e+00  -1.1905984e+01   8.2761346e+00  -9.5968402e+00  -8.6785414e-01  -9.2183904e+00   4.1806401e+00   2.7004902e+00   4.6022977e+00   3.4792068e-01  -6.5840675e-01  -8.5856057e-01   1.0450651e+00  -1.7318168e+00   1.9457854e+00   1.7161583e+00   4.9059368e-01   1.0978089e+00   1.4784383e+00  -1.1966501e+00   1.9467536e-02  -1.4638622e-01
   3.7839095e+00   7.0456685e+00   4.7755427e+00  -1.2120535e+01   9.7505613e+00  -1.3441394e+01  -3.9303370e-02  -8.1893966e+00   5.4481967e+00   2.3054960e+00   3.8887211e+00   8.2361280e-01   7.5121101e-01  -4.1256922e+00   2.6957493e+00  -1.5792030e+00   2.2799611e+00   3.4801866e+00  -3.5234032e+00   1.5873993e+00   3.0838907e+00  -1.9765625e+00  -1.0510413e-01   3.1112768e-01
   4.4251811e+00   2.7119347e+00   4.9383802e+00  -1.1371307e+01   7.4120431e+00  -4.8074176e+00  -3.9005328e+00  -6.2904768e+00   6.9040540e+00   3.1774116e-01   3.9608417e+00   7.1062471e-01   2.0595206e+00  -3.0929611e+00   3.1033568e+00   1.1043901e+00  -8.6870310e-01   1.6018410e+00  -2.3921314e+00  -4.7737149e-01   3.5780836e+00  -2.4462529e+00  -7.2887894e-01   3.1159448e-01
   4.5393470e+00   4.0218939e+00   6.4346752e+00  -1.1968969e+01   7.7809077e+00  -5.8665795e+00  -4.9770664e+00  -8.3528522e+00   8.2502370e+00   3.6942952e-01   4.1747217e+00   8.7413449e-01  -5.5788191e-01  -4.0432843e-01  -1.8518464e-01   6.5689970e-01   1.8608582e+00  -1.2171972e+00   2.2849513e+00  -3.5685619e+00   1.9783426e+00  -1.0392627e+00  -1.1433991e+00  -4.0636603e-02
   4.7498594e+00   5.2674443e+00   6.5030267e+00  -1.0325182e+01   7.9579068e+00  -1.0981486e+01  -1.9871698e+00  -9.8527198e+00   8.1467452e+00  -8.5592585e-04   3.3659789e+00   7.9005156e-01  -1.0267952e+00   3.5694490e+00   9.3653831e-02   2.4713146e+00   3.5221666e+00  -9.0998182e+00   4.9494768e+00  -5.0830222e+00  -7.8361769e-01   1.8967182e+00  -1.6775040e+00  -1.9597978e-02
   2.7847475e+00   5.1614210e+00   3.7154425e+00  -1.1658248e+01   1.2268917e+01  -1.2180155e+01   2.4314421e+00  -1.1761118e+01   7.7943650e+00   9.0590047e-01   2.4710538e+00   7.2294447e-01  -5.4343684e-01   1.9822692e+00  -9.4744354e-01   2.3113820e+00  -1.9598115e-01  -2.7670753e+00   4.7429432e+00  -2.2686248e+00  -3.4219362e+00   1.2615648e+00  -1.6971647e+00  -2.6605233e-01
   3.7622881e+00   7.4963446e+00   6.4384773e+00  -7.8196956e+00   1.0451288e+01  -1.5300357e+01  -1.8057177e-01  -1.2210877e+01   5.9565635e+00   2.8945829e+00   2.2964195e+00   7.5682275e-01  -1.5295186e-01   5.5144379e-01   1.1466811e-01   1.3978701e+00  -3.8198519e+00   3.7396183e+00   1.4378423e+00  -4.5177147e-01  -2.0380409e+00   6.4164682e-01  -7.8498912e-01  -2.1128110e-01
   4.2179774e+00   5.8808475e+00   5.0457846e+00  -9.7546390e+00   6.2402452e+00  -7.8577568e+00   1.2340494e+00  -1.0576711e+01   4.2124236e+00   8.1405725e-01   2.1637544e+00   4.9167040e-01   2.6965872e+00  -6.3211803e-01   4.3682342e+00   4.6087678e-01  -5.8496981e+00   5.6530035e+00  -3.4546539e-01   4.8493087e-01  -1.1222414e+00  -9.5074423e-01   4.8130995e-02  -2.0533639e-02
   3.8038166e+00   5.7348967e+00   6.0098578e+00  -9.1801810e+00   5.2424647e+00  -7.5332576e+00   7.6828995e-01  -1.1122581e+01   6.8806546e+00   1.0075359e+00   2.3421450e+00   5.8876694e-01   2.9202887e+00  -2.6741717e+00   3.2715497e+00  -4.7163456e+00  -2.5168570e+00   9.6763544e+00  -5.7046829e-02   1.0094843e+00   4.7071567e-01  -1.4621979e+00  -3.9228559e-01  -1.5726175e-01
   6.8088641e+00   5.0939679e+00   1.0482104e+01  -1.0286690e+01   6.0987815e+00  -7.5841998e+00   1.4388131e+00  -1.1577870e+01   5.6489573e+00   4.2330764e-01   2.5203876e+00   7.7617191e-01   2.4434424e+00   8.6744287e-02   5.0473849e+00  -3.6892210e+00   2.4926445e-01   5.1002339e+00  -1.7993866e+00  -8.0391243e-01   1.3675381e+00   9.5655849e-01  -1.4184430e-01  -7.2929687e-02
   6.8472778e+00   3.8785268e+00   8.6276424e+00  -1.4628189e+01   6.7467348e+00  -9.2260398e-01  -3.6852389e-01  -1.0196071e+01   5.9443702e+00   8.9666092e-01   1.5296746e+00   3.7867936e-01   1.6039160e+00   2.4923497e+00   2.8123485e+00  -4.7248891e+00   1.9801832e+00   4.8634971e+00   9.7959449e-01  -9.5404534e-01   7.2302995e-01   4.6402543e-01  -2.8071584e-01  -2.2133549e-01
