   8.0086040e+00  -2.4388426e+01  -6.3120920e+00   2.3326148e+01  -2.1266697e+00  -1.3433666e+01  -3.9481136e+00   5.7900333e-01   4.8614331e+00   6.7315020e+00  -1.9434049e-01  -9.7394373e-01  -1.6620216e+00  -1.1469094e+01  -1.9158633e+00  -1.3401207e+00  -7.8742213e+00  -5.9080081e+00  -1.5524868e+00  -1.4353317e+00   3.0270325e+00   2.0613216e+00  -7.1030426e-01  -1.6651180e-01
   6.4251403e+00  -2.8738829e+01  -3.9918676e+00   2.3605629e+01  -5.9661686e+00  -1.5218103e+01  -1.0349813e-01   1.2564487e+00   5.2016931e+00   7.7640402e+00  -4.8332383e-01  -8.5227621e-01  -2.2814380e+00  -7.9957652e+00  -1.5698628e+00   1.1529589e-01  -4.2738366e+00  -8.2083022e-01   4.9651967e+00  -1.3313938e+00   3.5447372e-01  -1.0929870e-01   2.6392550e-01  -1.2703967e-02
   5.8502292e+00  -3.0677387e+01  -5.5905584e+00   2.3563773e+01  -5.3393099e+00  -1.4172554e+01  -2.8262476e-01  -1.9001349e+00   3.9514580e+00   6.3160019e+00  -8.1877826e-01  -1.1376579e+00  -4.1604106e+00  -9.7104601e-01   6.6425549e-02  -3.2409878e+00   3.0955840e-01   5.1372886e+00   5.8204735e+00  -1.8103740e+00  -3.6316152e+00  -1.7716596e+00   1.6682785e+00   1.9553721e-01
   7.9635911e+00  -2.8661607e+01  -8.0125101e+00   2.6178269e+01  -3.2644676e+00  -1.0104417e+01   5.0276041e+00  -7.2749644e-01   4.0482095e+00   5.7834236e+00   4.3079453e-01  -9.1485416e-01  -3.0910898e+00  -4.6753824e-01   2.7499922e+00  -2.8545357e+00  -9.4819144e-01   5.0312287e+00   2.3168847e+00  -1.9779855e+00  -3.1213220e+00  -1.3197043e+00   8.8262375e-01  -3.0841274e-03
   9.9876271e-01  -2.5883606e+01  -4.2021324e+00   1.7178347e+01  -3.0131826e+00  -8.2845765e+00   2.2170455e+00  -1.1445852e+00  -9.2478568e-03   5.0643210e+00   1.8510180e+00  -6.4934894e-01  -1.8388770e+00  -2.3763767e+00   7.1778187e+00   1.0679148e+00  -4.4286786e+00   2.6711884e+00   3.2961500e+00  -7.5997542e-01  -1.3967994e+00   5.9557438e-01  -3.6743150e-01  -1.2179141e-01
   4.2142387e+00  -3.1837027e+01  -5.6109234e-01   2.2516539e+01  -8.5515194e+00  -1.0615249e+01   2.1219938e+00  -2.0883045e+00   2.5000630e+00   6.4103242e+00  -4.9428636e-01  -1.1010569e+00   7.3641000e-01  -2.0631267e+00   8.8289030e+00   4.9845408e+00  -4.7629931e+00   3.4329870e-01   1.6432550e+00   4.5678905e-01  -2.0485553e-01   4.5730603e-01  -1.8784894e+00  -1.7794314e-01
   4.9665898e+00  -3.2654242e+01   1.4504607e+00   2.6996510e+01  -9.3388020e+00  -9.9103557e+00   6.1144054e+00  -2.3596940e+00   2.6303321e+00   6.8959131e+00  -9.0738507e-01  -1.2272437e+00   4.4802377e+00  -1.2964956e+00   5.9065686e+00   8.6281496e+00  -2.1219074e+00   1.9856912e+00   3.1081146e+00   7.4621704e-01   8.6233980e-01   1.3991383e+00  -1.5500337e+00  -3.1483232e-02
   7.0842925e+00  -2.8370979e+01   2.4045479e+00   2.8745999e+01  -7.2461476e+00  -8.7765795e+00   5.5438067e+00   5.6524154e-01   2.4211362e+00   5.5535865e+00  -1.0077380e+00  -8.9282151e-01  -1.2329548e+00   3.4574565e+00   2.2317674e+00   2.2350525e+00   6.0327329e+00   4.3033178e+00   1.5127136e+00   1.6997455e+00  -7.4530119e-01  -3.4543572e-01   9.5820091e-01   5.8824039e-01
   6.2840923e+00  -2.9561374e+01   3.1749004e+00   2.7005842e+01  -6.8487295e+00  -6.2253745e+00   5.1683110e+00  -1.3520326e+00   1.3237252e+00   7.5913973e+00  -2.1730666e-01  -8.0069147e-01  -3.5724589e+00   1.8347828e+00   3.0225636e-01   1.1536016e+00   9.0821975e+00   2.6534495e+00   2.1463787e-01   2.0502193e+00  -2.5923392e+00  -2.2552158e+00   1.8187727e+00   7.2670127e-01
   1.7060553e+00  -2.8197276e+01   1.9243390e+00   2.5864452e+01  -7.4745619e-01  -6.0027632e+00   4.8641114e+00  -4.2516907e-02   2.0354147e+00   5.5444285e+00   5.9797581e-01  -4.3197238e-01  -2.6473688e+00  -2.1701433e+00  -1.3374051e+00   3.7343199e+00   7.9472815e+00  -1.7772095e+00  -1.0785750e+00   1.5674075e+00  -2.9412437e+00  -2.3137958e+00   2.1548059e+00   5.3871349e-01
   2.2970200e+00  -2.9988919e+01   2.1439497e+00   3.0167686e+01   1.0351486e+00  -7.3170896e+00   6.7762099e+00   1.0195141e+00  -1.0653159e+00   3.5176684e+00   1.0179170e+00  -3.6761632e-01  -1.9121308e+00  -2.1480156e+00  -3.2505470e+00   2.3923361e+00   6.0121740e+00  -3.2789280e+00  -2.4082125e+00   2.1131674e+00  -7.2425365e-01  -2.0185412e+00   1.5345554e+00   3.2477716e-01
   5.1067754e+00  -3.1412421e+01   9.1391554e-01   3.2766556e+01   7.3283557e-01  -1.0896536e+01   3.1219947e+00   1.7305794e+00  -7.9620878e-01   4.1197573e+00   1.6068590e+00  -3.0128884e-01   2.6427800e+00  -3.0040942e+00  -1.4790304e+00   8.1692238e-01   6.8967189e-01  -8.7052145e-01  -3.4210175e+00  -2.0277483e+00  -1.2785388e+00  -3.0013311e-02   3.5792263e-01  -1.3789456e-01
   1.7155361e+00  -3.1175825e+01  -1.1957085e+00   2.7143294e+01   1.4293856e+00  -8.6968799e+00   2.4270505e+00   9.3117035e-01   1.6531565e+00   5.2759210e+00   1.5800849e+00  -3.7886750e-01   5.2820298e-01  -5.6027978e-01  -1.3098027e+00  -3.5697901e+00  -8.7482561e-01   1.6531144e+00  -3.0476978e+00  -3.9283837e+00   6.3597090e-01   1.7410309e+00  -2.4095751e-01  -3.5118165e-01
   5.9609673e+00  -3.2109965e+01   1.3756224e+00   2.8602032e+01   8.9933148e-02  -6.6186502e+00   1.9071648e+00  -3.0399675e+00  -1.2416298e+00   4.6202823e+00   8.5377582e-01  -6.3318864e-01   4.8098961e-01   1.3027236e-02  -1.5973712e+00  -6.0083328e+00  -2.7130258e+00   2.4309531e+00  -8.4558254e-01  -3.6043982e+00   5.6456093e-01   2.3287526e+00   3.8696874e-01  -2.6239691e-01
   2.6622286e+00  -3.0480567e+01  -5.1607711e-02   2.6895263e+01   4.4361420e-02  -6.9763611e+00   2.8120782e+00  -2.4877880e+00   1.1135091e-01   5.8789522e+00   1.0330224e+00  -7.2843890e-01   8.7043809e-01   2.1292066e+00  -1.0818613e+00  -3.6848705e+00  -6.4857641e-01   4.0721409e-01  -1.0667382e+00  -1.9444144e+00  -1.3054022e+00   1.6394231e-01   6.7627963e-01   5.5523383e-02
   5.3549136e+00  -3.1740509e+01  -2.0541917e+00   2.3878072e+01  -2.6441911e+00  -8.1103660e+00   1.6611071e+00  -1.9665388e+00   8.2153540e-01   7.3113706e+00   2.4608434e+00  -5.2009851e-01   7.2712025e-01  -1.0186518e+00  -1.1096378e+00  -2.5767839e-01  -1.8975420e+00  -8.5068321e-01   6.4874185e-01  -1.5842281e+00   1.8268158e+00   2.3943109e+00   1.0629061e+00   4.2231910e-01
   3.3242200e+00  -2.8166742e+01  -1.1035934e+00   2.3977968e+01   1.8235831e+00  -7.3402009e+00   9.4997209e-01  -2.5221655e+00  -1.3365295e+00   4.1762903e+00   1.7909706e+00  -3.5212749e-01  -3.8298050e-01   1.7217718e+00   2.8817397e+00  -2.3376310e+00  -4.7472641e+00   1.1932368e-01   2.5912573e+00   2.4552419e-01   1.6032203e+00   1.4711017e+00   8.4344004e-01   5.2378260e-01
   6.7206519e+00  -3.4794854e+01   2.3715853e-01   2.9674162e+01  -3.6459907e+00  -7.7127551e+00   3.8113306e+00  -5.3991209e+00   2.2225341e+00   9.0630795e+00   2.0691609e+00  -1.8786568e-01  -9.0004629e-01   1.2663559e+00   5.1996315e+00   1.4540489e+00  -6.2436622e+00  -1.4948386e+00   3.4104811e+00   9.6034029e-01   2.1825391e+00   1.3994068e+00  -6.0254247e-01   1.8978634e-01
   1.4048886e+00  -2.6370736e+01   3.1253268e+00   2.0490772e+01  -6.5756350e+00  -6.9961810e+00   5.6238524e+00  -4.0321065e-01   1.8156820e+00   7.2097503e+00   2.4940237e+00  -1.0888142e-01   2.0966405e+00  -2.5894559e+00   5.2081307e+00   3.8298542e+00  -9.0843897e+00  -2.0698466e+00   1.3088786e+00  -1.1613063e+00   1.4766340e+00   1.8277869e+00  -1.8000543e+00  -2.1051072e-01
   4.9645099e+00  -3.0738978e+01   3.6307954e+00   2.7802743e+01  -7.8100753e+00  -1.0524634e+01   4.4398886e+00  -1.5855058e+00   2.5192383e+00   7.8937508e+00   1.2055031e+00  -3.5704204e-01   2.6848664e+00  -2.9827234e+00   1.0886728e+00   2.3428767e+00  -5.8045746e+00  -4.3326356e-01  -1.3563277e+00  -3.4486919e+00   8.3611121e-02   9.5614209e-01  -1.9452196e+00  -4.0608300e-01
   7.3472519e+00  -3.4078864e+01   5.0117842e+00   3.0658458e+01  -9.7209592e+00  -9.0390313e+00   2.5990110e+00  -6.1709325e+00   7.3006939e-01   7.5026351e+00  -4.7728201e-01  -5.8330540e-01   5.9515522e+00  -6.1788248e+00  -3.6890824e+00   5.9577994e+00  -2.7851673e+00   2.5690043e-01   2.0769263e-01  -5.9786126e+00   8.1038749e-01   2.6898265e+00  -1.2560705e+00  -1.7317241e-01
   7.7767699e+00  -3.5414875e+01   9.2693903e-01   2.8104634e+01  -1.0780191e+01  -7.3412253e+00   3.2892597e+00  -7.6882978e+00   2.8907571e+00   1.0350850e+01   6.3698432e-01  -5.5977819e-01   8.8390140e-01  -1.9118191e+00  -3.4083305e+00   1.1519822e+00   3.5450483e+00   5.0995220e-01  -9.3003225e-01  -1.6913972e+00   3.4818249e-02   6.5135202e-01   1.1080618e+00   5.7213079e-01
   8.9260869e+00  -3.3301025e+01  -1.0563687e+00   2.9276526e+01  -9.2683282e+00  -8.2025347e+00   6.5107058e+00  -6.3197336e+00   2.8455038e+00   1.0015940e+01   8.9417736e-01  -2.6727196e-01  -1.2437598e+00   5.2391820e-01  -1.0332407e+00  -1.0567959e+00   5.5665243e+00  -2.2055604e+00  -2.2381293e+00   2.5485577e+00   7.4527746e-01  -1.5327216e+00   1.4249295e+00   5.3619879e-01
   5.5009445e+00  -3.3995627e+01   1.5523760e+00   3.0221683e+01  -2.7188184e+00  -1.0177954e+01   1.0889929e+00  -4.0482011e+00   1.5137485e+00   7.6141262e+00   2.1818661e+00   3.4313743e-01  -1.3652483e+00   3.7416722e-01   1.5162658e+00  -5.5217105e-01   1.5920587e+00  -2.0208041e+00  -2.1068270e+00   3.0068515e+00  -3.8751305e-02  -2.8107842e+00  -3.4341436e-01   1.1832897e-01
   6.6195249e+00  -3.4002611e+01   3.1492046e+00   2.8014740e+01  -5.4018588e+00  -1.0929008e+01   3.4195048e-01  -4.1681443e+00   2.5364899e+00   6.5719147e+00   8.8767138e-01  -2.3046502e-01  -3.9896366e+00  -1.2959204e+00  -7.7067200e-01  -3.9880178e+00  -1.6840205e+00  -1.4194961e+00  -2.9757646e+00   2.3633712e-01  -1.5205957e+00  -2.7362873e+00  -1.7320339e+00  -6.0402111e-01
   6.8821783e+00  -3.4502831e+01   1.0985511e+00   2.7907270e+01  -1.0325337e+01  -9.0091950e+00   3.2133969e+00  -4.2538152e+00   2.9871371e+00   7.8566867e+00   1.2511577e-01  -4.0068822e-01  -2.1371436e+00  -1.2471193e+00  -3.4431346e+00  -3.1670189e+00  -1.0920910e+00  -7.4919314e-02  -9.8425409e-01  -1.8071236e+00  -1.9515069e+00  -1.7804336e+00  -1.3765449e+00  -5.7923191e-01
   2.2510150e+00  -3.4991303e+01  -1.9854642e+00   2.4451705e+01  -7.9910996e+00  -1.0916158e+01   9.8485696e-01  -5.8624209e+00  -1.7208409e-01   5.7902292e+00  -6.7549830e-01  -8.0139080e-01  -1.1748368e+00  -2.3200965e-01  -2.7870437e+00  -2.1922215e+00   4.7209686e+00  -3.6377789e-01  -2.5350534e-02   7.4707852e-01  -3.4449216e+00  -2.9904929e+00   9.3250821e-01   9.3441619e-02
   4.4794840e+00  -3.5371960e+01  -1.0449915e+00   2.7252672e+01  -3.0623345e+00  -1.0296758e+01  -7.0884149e-01  -5.9117483e+00  -5.9224877e-02   5.3343185e+00   8.9863359e-01  -2.4024754e-01  -2.2752908e+00   7.5122491e-01  -1.0027539e+00  -2.1239024e+00   4.1739436e+00  -1.4764174e+00   1.0233212e+00   2.3800644e+00  -2.5510406e+00  -2.3080781e+00   2.0652869e+00   4.6747350e-01
   6.0586170e+00  -3.3916062e+01   4.0410305e-02   2.5053707e+01  -1.9519074e+00  -1.0830893e+01   2.2650439e+00  -2.2185600e+00  -1.1077115e+00   3.3473596e+00   1.8996748e+00  -1.7052293e-01   6.8371076e-01  -3.0544602e-01   1.5635517e-01   9.9625453e-01  -1.0494915e+00   1.3549329e+00   3.0974248e+00   9.5949270e-01  -3.8297241e-01   9.1608130e-01   1.7121589e+00   3.7856299e-01
   1.5654411e+00  -3.3913615e+01  -1.4185171e+00   2.4420416e+01  -7.0840179e+00  -1.1266454e+01   4.1082853e+00  -2.5056490e+00  -3.7161014e-01   5.6160045e+00   1.9354595e+00  -1.4911905e-02  -4.5995635e-01   9.6479765e-01  -7.0077083e-01  -1.5828413e+00  -2.0176777e+00   1.1506606e+00  -2.6685014e-02  -6.8249955e-01  -3.3868107e-01   7.9517003e-01  -2.5207763e-01  -9.4617964e-02
   4.7336025e+00  -3.6178645e+01  -1.5641687e+00   2.7362215e+01  -7.5544952e+00  -8.3989109e+00   3.2224308e+00  -6.1262315e+00  -5.9035007e-01   7.0235082e+00   1.3743271e+00  -3.4621413e-01  -2.0752972e-01  -1.7893170e+00  -8.3192681e-02   9.8888461e-01  -1.2522002e+00  -3.4437862e-01  -4.4644726e+00  -3.2126550e+00   2.2934116e-01   6.8611428e-01  -1.1456072e+00   9.7685049e-02
   4.4520567e+00  -3.2793472e+01  -1.2938583e+00   2.3724156e+01  -3.2875571e+00  -9.7867577e+00  -1.2275625e+00  -4.9816619e+00  -8.2592721e-01   4.6889993e+00   7.8319100e-01  -2.9432889e-01  -9.1830433e-01   8.3039777e-01   2.0784351e+00   1.6599485e+00   3.4147706e+00  -1.5304444e+00  -5.0693309e+00  -1.7849428e+00  -1.3605420e+00  -1.9511314e+00  -8.6478133e-01   1.2970974e-01
   4.3040146e+00  -3.7160109e+01  -1.4670813e-01   2.6885164e+01  -5.7284380e+00  -1.2087309e+01  -1.7637412e+00  -5.7995360e+00  -5.3654127e-01   4.8400336e+00   7.5739824e-01   1.1571314e-01  -9.5216026e-01   2.0669690e+00   2.6571234e+00  -2.3659052e-01   2.8669273e+00  -5.3141137e-01  -1.9093204e+00  -4.3179890e-03  -1.9321417e+00  -1.2584076e+00   3.7278844e-01   3.3372608e-01
   4.0277859e-01  -3.2177286e+01   9.9040528e-01   2.7148864e+01  -2.8748906e+00  -1.1717921e+01  -1.0026251e+00  -5.3464110e+00  -2.4393275e+00   3.7810447e+00   9.4675196e-01  -5.1310922e-02  -1.1851382e+00   2.5811543e+00   2.7864520e+00   5.5419915e-01   4.4766384e-01   2.9541728e+00   2.6125235e+00  -8.7053297e-01  -9.7257134e-01   1.4990864e+00   1.1395598e+00   2.9380696e-01
   5.3300012e+00  -3.3386284e+01   1.2793846e+00   2.5294975e+01  -3.4604374e+00  -8.2304462e+00   2.4598147e-01  -5.9503339e+00  -2.6818625e+00   5.5898741e+00   1.8517293e+00   3.2866017e-02  -9.1384740e-02   5.2448597e+00   2.0847154e+00  -1.7120378e+00   1.3456457e+00   4.2490704e+00   2.7701725e+00   5.2961979e-01   6.4352885e-01   1.4681955e+00   4.0158643e-01  -1.7130325e-01
   2.1613561e+00  -3.0808653e+01   2.1727734e+00   2.5350549e+01  -3.7500616e+00  -7.2839299e+00   1.6863615e+00  -6.2120624e+00  -1.2121236e+00   6.5627087e+00   1.9453652e+00   1.8780511e-01   5.5442296e+00  -1.5376145e+00   1.1515084e-01   1.1794890e+00  -5.5753953e+00  -8.0451422e-01   1.4535112e+00   6.4088315e-01   2.0037263e+00   1.3088153e+00  -7.8766192e-01  -6.9618517e-02
   3.2876488e+00  -2.9977136e+01   2.3891809e+00   2.5216265e+01  -3.2723839e+00  -7.9306990e+00   1.0470242e+00  -4.5722806e+00  -1.8484996e-01   5.6514948e+00   8.6047128e-01  -2.6079974e-01   2.4724220e+00  -5.9420527e-01  -6.1840925e-02   1.3000774e+00  -6.4267136e+00  -5.5289998e+00   4.0237712e-01   1.4894023e+00   8.5751763e-01  -1.0408313e+00  -1.1504564e+00  -4.1656750e-02
   9.7402992e+00  -3.6188282e+01   6.0823340e-01   2.8957453e+01  -1.1332010e+01  -1.3074566e+01   7.7712039e-01  -5.0741129e+00  -6.8224430e-01   5.7134572e+00   2.6088808e-01  -8.9058174e-03   1.4713293e+00  -1.8367057e+00  -1.8655509e-01  -9.3945928e-01  -5.2629510e+00  -3.8639300e+00   8.0626451e-01  -1.1568951e-01  -2.6093791e+00  -2.2647635e+00  -3.4959583e-01   4.9749355e-02
   5.2491625e+00  -3.1587777e+01   1.9688932e+00   2.5441639e+01  -9.3095336e+00  -1.3628628e+01   1.3041677e+00  -4.2852052e+00  -1.6605257e+00   4.4532528e+00   9.6828319e-01   6.8736354e-02   6.1453000e-01  -3.1071518e+00   7.5299911e-01  -4.4186863e+00  -1.1167330e+00  -1.7834092e+00   5.6297378e-01   2.0524636e-01  -9.3618097e-01  -1.3550837e+00  -5.3572089e-02   1.1628625e-02
   3.3875932e+00  -3.2758390e+01   2.1030846e+00   2.3828673e+01  -8.6259134e+00  -1.0230861e+01   2.7671865e+00  -6.5291343e+00  -4.3883544e+00   3.7646844e+00   1.3670655e+00   9.7661090e-02  -1.1475414e+00   3.4788706e-01   1.4755063e+00  -4.0441175e+00   1.7663861e+00   1.5119897e+00   1.7756236e+00   1.6928339e+00   1.6694711e+00  -3.9590538e-01  -7.4072902e-01  -4.5283006e-01
   7.3857968e+00  -3.6352809e+01   2.7712540e+00   2.1152625e+01  -6.3005319e+00  -1.2027666e+01   8.9645182e-01  -3.5369003e+00   2.6393362e-01   4.5932557e+00   2.2702445e-01  -2.9664026e-01   7.3374407e-01   4.9153013e-02   1.8106547e+00  -6.9253273e-02  -1.7871924e+00   2.1931578e+00   4.1342513e+00   2.6760898e+00   2.4619709e+00   5.7060226e-01  -1.2731865e+00  -6.4536585e-01
   6.9506700e+00  -3.3283935e+01   2.4203125e+00   2.5035784e+01  -1.0186932e+01  -1.1607063e+01   3.6444137e+00  -2.9090145e+00   8.5973265e-01   5.0495977e+00  -4.7957607e-01  -5.0546260e-01  -2.2756234e+00   4.1947860e+00   7.8381669e-01   6.5677023e-01  -2.2097924e-01   1.2025128e+00   2.5051604e+00   3.1779156e+00   1.9824490e+00   5.7567295e-01  -2.5151578e-01  -3.3407265e-01
   4.5682402e+00  -3.1251275e+01   4.5262613e+00   2.4734204e+01  -1.1209813e+01  -9.6507900e+00   7.0669310e+00  -2.0811304e+00  -5.9161288e-01   4.6666995e+00  -1.8175792e-02  -5.9775058e-01   1.5950422e+00   1.2051532e+00  -2.7237866e+00   7.4807898e+00  -2.6980000e+00   1.2036424e+00   2.6408825e-01  -1.6003035e+00  -6.2009543e-01   5.3522107e-01   1.6880311e+00   3.0865599e-01
   1.3829363e+00  -2.9016978e+01   2.4013059e+00   2.3023039e+01  -6.5027417e+00  -9.6155291e+00   3.4396874e+00  -2.4901459e+00  -9.8690769e-01   4.5914719e+00   1.1123919e+00  -2.5289273e-01   5.9128669e-01  -1.1801012e+00  -3.1783891e+00   3.7949034e+00   2.9767373e+00  -1.1015121e+00  -4.1953601e+00  -2.8340580e+00  -2.0783670e+00   9.6630273e-02   2.3782383e+00   5.7361837e-01
   1.2562227e+01  -3.6678558e+01  -1.3049226e+00   3.3380182e+01  -1.2189627e+01  -1.1217969e+01   1.3949473e+00  -6.1467900e+00   2.5711065e-01   5.6251502e+00   1.9630872e+00   4.0058787e-02   1.7010333e+00  -3.1138390e-01  -3.5178728e+00  -1.4724384e-01   2.4142787e+00  -2.4778847e+00  -4.8281358e+00  -2.6324662e+00  -1.1306552e+00   2.1753440e-01   6.0060804e-01   6.2452776e-02
   3.8406067e+00  -3.2340446e+01   5.6832090e-01   2.6405149e+01  -5.2319191e+00  -1.2475742e+01   1.8736531e-01  -5.1272717e+00  -2.6821797e+00   4.7153178e+00   2.0971500e+00   3.6060277e-02   2.9030568e-01   3.6348982e-01  -1.2445730e+00  -5.4999199e+00  -1.6975187e+00  -1.9984159e+00  -1.1378967e-03   1.3724335e+00   8.4435783e-02  -9.7427585e-01  -1.8122265e+00  -6.1974973e-01
   5.8909550e+00  -3.0056618e+01   1.6594458e-01   2.2822283e+01  -8.2238062e+00  -1.1937511e+01   1.4508883e+00  -4.7112668e+00  -1.4399596e+00   4.9310782e+00   3.9035724e-01  -6.4854791e-01  -1.1272823e+00   2.0359426e-02  -2.6888637e+00  -9.2599359e+00  -4.1869622e+00  -5.1795319e-01   3.0379569e+00   4.6875398e+00   1.4908957e+00  -1.1323268e+00  -2.6852379e+00  -7.2546219e-01
   5.1540308e+00  -3.1782714e+01  -2.0098722e-01   2.0052109e+01  -1.1031930e+01  -1.2253382e+01   3.4100101e+00  -1.1492571e+00  -1.1718876e-02   3.4770942e+00  -8.1958287e-01  -8.3821397e-01   3.2795415e+00  -3.7433811e+00  -1.6544139e+00  -2.7879990e+00  -9.1141367e+00  -3.4647623e-01   3.4301229e+00   1.1455953e+00   2.1515088e+00   1.9360852e-01  -2.1033716e+00  -5.3145327e-01
   1.0214591e+01  -3.6926885e+01  -4.9535641e+00   2.2666799e+01  -1.5570065e+01  -1.2106078e+01   4.3405603e+00  -1.1044875e+00   1.1582238e+00   4.5457718e+00  -6.0640327e-01  -6.1099738e-01   1.1396779e+00  -3.4887847e+00  -1.2683268e+00   9.9481307e-01  -2.3983398e+00  -5.6816584e-01   5.8047574e-01  -1.2270168e+00  -8.8718224e-02   2.4376746e-01   3.8513471e-02   2.8237918e-01
   6.5981009e+00  -3.4520384e+01   6.4645438e-01   2.2300893e+01  -1.5229995e+01  -1.2911172e+01   3.8877137e+00  -5.2122684e+00  -7.5400824e-01   5.1983837e+00  -5.5952712e-01  -7.7989490e-01  -1.6252841e+00   2.3079122e+00  -1.2362868e+00  -8.5232688e-01   5.9510893e+00   2.2657469e+00  -1.7900835e+00  -2.4989246e+00  -1.6568343e+00   3.1566459e-01   1.3795514e+00   3.2938659e-01
   6.8784368e+00  -3.3920960e+01  -2.1602664e+00   2.3190110e+01  -9.7222835e+00  -1.2460864e+01   2.0827501e+00  -4.5202864e+00  -1.2018923e+00   4.4360846e+00   3.1809957e-01  -2.5413868e-01  -4.5619077e+00   5.2379788e+00  -9.8482680e-01  -2.5860363e+00   9.3978012e+00   1.5137164e-01  -4.2290855e+00  -1.0558973e+00  -2.0813470e+00  -6.5295546e-01   1.7476946e+00   3.2524142e-01
   4.3841819e+00  -2.9823808e+01  -3.4520663e+00   1.8511963e+01  -5.0291868e+00  -8.6773685e+00   1.8537899e+00  -3.1897447e+00  -1.3169123e+00   4.0054347e+00   7.8749274e-01  -5.2256344e-01  -3.1679925e+00   2.8163981e+00  -1.3972979e+00   7.8440497e-01   6.9767600e+00  -2.5911279e+00  -4.6914246e+00   2.0128476e+00  -5.7787738e-01  -1.0275707e+00   1.8678361e+00   6.9824008e-01
   4.4786893e+00  -3.1418204e+01  -4.3815440e+00   2.0682209e+01  -6.5737669e+00  -1.3995923e+01  -9.8610600e-01  -3.6995953e+00  -1.6823448e+00   4.1628132e+00   1.3416287e+00  -2.5180097e-01   4.6664270e-01  -2.4605995e+00   2.1244535e-01   2.6297086e+00   8.3943806e-01  -3.2656950e+00  -1.5852399e+00   8.6468817e-01  -1.3130548e+00  -1.2027453e+00   1.1658479e+00   6.9309617e-01
   3.0459859e+00  -3.1547164e+01  -3.3885361e-01   2.4731451e+01  -6.3391131e+00  -1.6030335e+01  -1.6149952e+00  -2.6033425e+00  -1.3805981e+00   3.7936633e+00   1.7304625e+00   2.6629636e-01  -9.7951356e-01  -2.3389645e+00   5.3878179e-01   1.4727531e+00  -8.9996410e-01  -2.1283010e+00  -3.7076111e-01  -2.2136884e-01  -1.9824808e+00  -8.2552243e-01   1.0948156e+00   4.6169047e-01
   8.2474988e+00  -3.6750181e+01  -3.3982047e+00   2.4024929e+01  -7.8081632e+00  -1.3682924e+01   1.4392828e+00  -3.5164552e+00  -3.1396316e+00   2.7378524e+00   1.5953866e+00   3.9107568e-01   5.1322444e-01  -1.3010883e-01   3.2434399e+00  -1.1540667e+00  -2.4609363e+00   3.1448550e+00   3.4740192e+00  -6.5280471e-01  -1.2634184e+00   2.7907098e-01   3.4089702e-01   1.2242469e-02
   1.0305068e+00  -3.0666267e+01  -3.1355633e+00   1.9049733e+01  -5.7619348e+00  -1.2026319e+01   8.4953827e-02  -3.6133680e+00  -3.5619900e+00   3.4796314e+00   2.3028372e+00  -1.5146606e-01   4.7124375e+00  -1.4779014e+00   1.5124858e+00   9.7234084e-02  -4.8392130e+00   5.1521620e+00   5.9205015e+00  -2.5492275e+00  -2.4215407e-01   2.0150496e+00  -5.6168954e-01  -1.6318775e-01
   6.2562656e+00  -3.2053816e+01   1.8819707e+00   2.1791968e+01  -1.0553761e+01  -1.1280648e+01   3.3749483e+00  -4.1737896e+00  -2.4867764e+00   4.7384356e+00   1.5667868e+00  -2.4556056e-02   1.3488557e+00   9.5711753e-01   2.5047662e+00   1.9418200e+00  -3.1286906e+00   1.7000285e+00   2.8396121e+00  -2.9373898e-01   3.2962049e+00   2.9252164e+00  -1.1794005e+00  -4.4463010e-01
   1.1110259e+01  -3.6112199e+01  -7.1021260e-01   2.5993782e+01  -1.2225134e+01  -9.5032298e+00   6.2979243e+00  -6.0985165e+00  -2.0702568e+00   5.8159461e+00   9.0222802e-01   2.2933061e-01   3.2530775e+00  -1.9324543e-01   1.4632659e+00   1.3159473e+00  -3.0541858e+00  -7.5734401e-01   2.4055208e-01   4.7646988e-01   4.5158824e+00   2.5314992e+00  -1.1772992e+00  -3.6188634e-01
   5.2309064e+00  -3.2591539e+01  -8.5373074e-01   2.3465634e+01  -9.2695995e+00  -1.2394426e+01   2.5922157e+00  -2.7144894e+00   1.0588091e+00   5.9575197e+00   5.2659048e-01  -4.6626781e-01  -9.5410374e-01   6.0665008e-02  -2.3190422e-01  -1.4255498e+00   1.8976020e-02  -9.5592624e-01  -1.1443971e+00   1.1988192e+00   2.4763406e+00   8.4319673e-01  -5.4988713e-01  -4.7275819e-01
   6.4228026e+00  -3.0687274e+01   4.2718622e-01   2.0186821e+01  -1.0985294e+01  -1.2605446e+01   8.3714822e-01  -3.6283132e+00   1.4390409e+00   6.6673381e+00   1.0569867e+00  -4.7343969e-01  -3.2767490e-03  -1.2589216e+00  -8.5686620e-02  -3.5609725e+00   5.0630263e-01  -4.9349330e-01  -1.7472304e+00  -1.6090098e-02  -3.4757555e-01  -6.8103104e-01  -1.2268094e-02  -2.6402610e-01
   7.1688381e+00  -3.4675281e+01   9.6541491e-01   2.2557125e+01  -1.1145217e+01  -1.1163429e+01   4.3887407e+00  -3.6106625e+00  -5.2691431e-01   5.5775347e+00   6.6457684e-01  -3.8230819e-01   5.6624128e+00  -4.7811751e+00  -8.2704989e-01  -3.6119462e+00   9.7785814e-03   9.9954475e-01   8.1947399e-01  -4.7023473e-01  -2.1000038e+00  -2.1699180e+00  -2.2686524e-01   3.3709746e-01
   1.0136378e+01  -3.6958710e+01  -1.7483154e+00   2.1106579e+01  -1.0527872e+01  -1.0858968e+01   2.7788161e+00  -5.6745651e+00  -1.7987584e+00   4.9843920e+00   8.1483270e-01  -2.0868835e-01   5.2480513e+00  -5.1466085e+00  -1.9954378e+00  -2.2785606e-01   2.1424195e+00   1.6439012e+00   3.0784834e+00   1.4075160e+00  -1.8864915e+00  -3.0740447e+00  -6.9738902e-01   2.5075298e-01
   1.1867738e+01  -3.6627583e+01  -1.0065548e+00   1.7587836e+01  -9.4836429e+00  -1.1768348e+01   2.8505928e+00  -2.3967156e+00  -4.7229703e-01   3.5441158e+00   3.0736960e-01  -9.2997279e-02   2.0525575e+00   9.3170687e-01  -1.5708866e+00  -3.0762391e-01   1.7529943e-01   5.1149913e-01   2.9794631e+00   1.8106983e+00  -1.1850268e+00  -1.1555875e+00   2.1932847e-01   6.1583741e-02
   1.1945430e+01  -3.7431035e+01  -1.5799856e+00   2.2329681e+01  -8.6024516e+00  -9.8371352e+00   6.2239473e+00  -2.1240127e+00  -1.4180050e+00   3.0729805e+00   1.8950674e-01  -2.4196567e-01  -4.1578631e+00   7.9305490e+00   7.7348865e-01  -1.3073330e+00  -4.2699754e-01   9.1523146e-01   2.7686266e+00   2.9183811e+00   6.3755112e-02   4.2183049e-01   7.8099207e-01  -1.7718704e-01
   9.3431485e+00  -3.3041558e+01  -1.4750799e+00   2.1484138e+01  -1.1844977e+01  -1.0907097e+01   7.1353698e+00  -2.6698913e+00  -2.4948311e+00   4.7998592e+00   1.3062325e+00  -2.7329392e-01  -3.9654997e+00   6.6122408e+00   1.3853708e+00  -5.3186903e-01  -1.8266708e+00  -4.8378291e-01  -1.6042871e-01   1.0665508e+00   8.5184541e-01   1.8094140e+00   6.5460618e-01  -3.0834069e-01
   5.1618780e+00  -2.6855899e+01  -3.5381982e-01   1.7197428e+01  -9.9877007e+00  -9.9167465e+00   4.7893675e+00  -1.1604056e+00  -6.9185865e-01   4.9892660e+00   1.4868893e+00  -3.8432060e-01  -3.6158575e+00   6.8984929e+00   1.1653650e+00  -2.7682188e+00  -9.8706940e-01  -3.2296229e+00  -3.6766573e+00   1.9235447e+00   1.9764017e+00   7.5931037e-01   1.2398578e-01  -1.6412164e-01
   9.3112643e+00  -3.1996790e+01   4.5841856e-01   1.9356159e+01  -1.1531025e+01  -1.2454217e+01   3.3272396e+00  -1.2786929e+00   4.4239790e-01   5.3000940e+00   6.4058757e-01  -4.8433084e-01   3.4566897e+00  -2.1864054e+00  -6.9959834e-01   4.6052033e-01  -2.0820428e+00  -5.7312711e+00  -5.5738343e+00   5.9676383e-01   2.3126758e+00  -1.4986085e+00  -1.5663705e+00  -1.6221390e-01
   6.5375854e+00  -2.7605680e+01  -7.9868731e-01   1.9241342e+01  -1.0240032e+01  -1.3908010e+01   2.6130265e+00   6.5705110e-02   7.7983029e-02   3.9618287e+00   7.0830789e-01  -3.8262967e-01   2.0264066e+00  -4.8148965e+00  -3.9843050e+00   1.2839007e+00  -1.9691183e+00  -5.6345656e+00  -5.8164701e+00  -2.6711008e+00   1.3935532e+00   4.1178102e-02  -1.3466721e+00  -3.1953723e-01
   1.3840329e+01  -3.5946276e+01  -2.3020437e+00   2.1152961e+01  -1.4841876e+01  -1.7508372e+01  -1.3721110e-01  -2.3878009e+00   5.8926171e-01   3.0656652e+00  -6.5403249e-01  -5.1746024e-01  -2.5553290e+00  -1.3787108e+00  -5.2999813e+00  -1.5267332e+00   1.3812539e+00  -2.2305829e+00  -4.9001655e+00  -3.1676222e+00  -3.2442517e-01   7.3317627e-01   4.5436723e-01  -6.8938305e-02
   5.9369554e+00  -3.2103501e+01  -4.9500461e+00   1.8224878e+01  -1.1285952e+01  -1.5841517e+01  -2.2031123e+00  -4.6125029e+00   1.3250393e+00   6.1682476e+00   1.1419128e-01  -8.4706175e-01   2.2294375e-01  -3.0451651e+00  -2.7321903e+00   5.7309785e-01   1.6816141e+00   9.6970452e-01  -1.3110186e+00  -2.8192967e+00  -1.6158135e+00   1.1778430e+00   6.5576852e-01   1.1892328e-02
   5.7785858e+00  -3.1815946e+01  -5.4158739e+00   1.7574291e+01  -8.9361835e+00  -1.4833337e+01  -1.6149393e+00  -3.6910222e+00  -6.6776797e-01   5.2966489e+00   1.6191967e+00  -3.5552226e-01  -4.4974219e-01   1.2271036e+00   3.0619892e+00   4.8109749e-01   5.0441375e+00   1.8326028e+00   7.5247777e-01   1.2728190e+00  -6.7408301e-01   3.5187532e-01   8.3646250e-01   1.0574321e-01
   1.0902873e+01  -3.4238592e+01  -3.3400577e+00   2.1890324e+01  -1.0670457e+01  -1.3790970e+01   1.3853627e+00  -3.5116293e+00  -1.7172224e+00   4.6131013e+00   5.5534606e-01  -4.4576017e-01   2.5584328e+00   3.0025843e+00   5.8716209e+00   2.9693498e+00   3.3603191e+00   2.0926063e+00   2.4361713e+00   2.5587024e+00  -7.8996566e-01  -2.0704171e+00  -2.7084405e-01   2.0573808e-01
   1.0682757e+01  -3.3038075e+01   1.4859459e+00   2.0041885e+01  -7.5834172e+00  -1.5784741e+01  -8.0273197e-01  -1.0290092e+00   1.0992680e+00   4.3710513e+00   3.8008387e-01  -5.5949622e-01   3.3681105e+00   2.9598318e+00   6.4158009e+00  -1.3615928e-03   1.6575732e+00   2.3912514e+00   3.5163383e+00   4.0232998e+00   2.8920208e+00  -1.7240601e+00  -1.8788207e+00  -2.3402820e-01
   7.3225188e+00  -2.6988560e+01   4.0647531e-01   2.1445106e+01  -6.9218570e+00  -1.2226906e+01   1.0450409e+00  -2.1054559e+00  -7.4342721e-01   3.5254207e+00   3.2748163e-01  -4.3646765e-01  -1.8675421e+00   7.2172866e+00   3.5392849e+00  -3.2276468e+00   2.1483549e-01   3.5396673e+00   3.8433947e+00   3.7720174e+00   3.2501797e+00  -3.2479144e-01  -1.1347142e+00  -2.8747350e-01
   1.2620928e+01  -3.1001215e+01   2.3345609e+00   1.7794858e+01  -8.3241237e+00  -1.2028492e+01   3.8297290e+00   1.6408409e+00   3.1833656e+00   3.2543991e+00  -1.0851022e+00  -7.1121082e-01   1.4498311e+00   1.3303832e+00   2.8932719e-01   1.2893910e+00  -1.3814343e+00   3.7322537e+00   3.0867915e+00   5.4055692e-01   6.8131878e-01   2.4896078e-01  -7.2217571e-01  -6.8729325e-02
   7.1324741e+00  -2.4431092e+01   1.5445622e+00   1.8172367e+01  -9.9778506e+00  -1.0359594e+01   4.8342243e+00   8.1147181e-01   2.1159984e+00   4.6842402e+00  -4.1413227e-01  -8.0111312e-01   2.1599587e+00  -1.1383508e+00   1.5745971e-01   3.6429015e+00  -2.4896422e+00  -8.5692095e-02   7.8626558e-01  -2.3243648e+00  -1.2706580e+00   7.8287776e-01  -8.8679601e-03   8.2014333e-02
   1.2952526e+01  -3.2321234e+01   1.3508933e+00   2.3612340e+01  -8.1275718e+00  -1.1120017e+01   1.9328636e+00  -1.6766376e+00   6.9153337e-01   4.1650827e+00  -3.3237274e-01  -4.8026747e-01   2.9752407e+00  -3.2688922e+00  -3.2101087e+00   8.1237005e+00  -2.7360823e+00  -1.9449746e+00  -2.4415398e+00  -5.6828793e+00  -2.9701590e+00   9.5128712e-01   5.3324264e-01   2.6436609e-01
   1.0396658e+01  -2.8036077e+01   1.1344987e+00   2.4000717e+01  -1.0754596e+01  -1.2809682e+01   3.1728720e+00  -3.9332638e+00  -1.4034980e+00   4.2443955e+00  -6.2185020e-02  -4.2891783e-01   1.6891805e+00  -4.1484142e+00  -4.1271396e+00   2.2722354e+00  -4.2750394e-01  -4.1312577e+00  -4.2049161e+00  -3.2764259e+00  -2.4570257e+00  -9.5161297e-01   5.1620454e-01   2.8331219e-01
   1.5451697e+01  -3.4102061e+01  -2.2755705e+00   2.7066233e+01  -1.2039874e+01  -1.3720910e+01   9.9809545e-01  -4.5111102e+00   4.8787528e-01   4.9012521e+00  -4.6121183e-01  -5.0075933e-01  -3.1439463e+00   2.7799915e+00  -2.4812619e+00  -5.3874136e+00  -3.1743083e+00  -2.6100615e+00   1.6079615e-02  -3.1878831e-01  -2.9120387e+00  -1.8912838e+00   6.8695108e-01   2.6844621e-01
   8.4166592e+00  -2.9763300e+01  -2.8329153e+00   1.9853774e+01  -8.6629553e+00  -1.5256034e+01  -1.0057657e+00  -2.6859308e+00  -1.4677110e+00   2.8887361e+00   4.2459409e-01  -3.6589891e-01  -3.8809775e+00   1.5746442e+00   1.3717749e+00  -5.3111422e+00  -2.0090302e+00   2.4525477e-01   1.0678105e+00   5.1897487e-01  -1.4889286e+00  -1.3938772e+00  -2.9865409e-02   9.6261672e-02
   9.2266062e+00  -2.7287635e+01  -3.8729256e-01   1.7604692e+01  -1.3934855e+01  -1.3811933e+01   4.0463019e+00  -2.7784866e+00  -3.6444182e+00   2.0059868e+00   4.5466433e-01  -1.0910761e-01   9.9600152e-01  -1.4355945e+00   3.9844951e+00  -9.6957217e-01  -2.5277570e+00   4.3982103e+00   5.1037955e+00  -8.2728336e-01  -2.5362578e-01   1.4371567e+00  -4.4293630e-01   2.1814859e-01
   7.6877374e+00  -2.9081324e+01   2.2480220e+00   2.0764775e+01  -1.2820651e+01  -1.2396288e+01   3.2504844e+00  -4.0211133e+00  -1.5707442e+00   3.6012124e+00  -5.6492121e-01  -4.8035118e-01   1.0597973e+00  -9.4488441e-01   1.5601742e+00   1.8189689e+00   1.1018358e+00   3.5800206e+00   2.5035748e+00   1.1285650e+00   2.5694693e+00   2.3056560e+00   2.6249209e-02   8.8855038e-02
   1.7310161e+01  -3.6596441e+01   1.1607035e+00   2.5156375e+01  -1.3752662e+01  -8.5534675e+00   6.5256636e+00  -5.0844440e+00   1.5895321e-01   6.7007490e+00  -6.3085863e-01  -1.1631032e-01   4.2367497e+00  -3.4197732e+00  -2.3816286e+00   5.9465416e+00   3.8405582e+00  -3.4055656e-01  -1.3730286e+00   1.0623621e+00   4.2258881e+00   2.7049402e+00  -1.8626143e-03  -1.6561000e-01
   5.9645780e+00  -2.6526224e+01  -1.2666521e+00   1.8806386e+01  -7.1012981e+00  -1.2515236e+01   1.5099157e+00   1.5989548e-01   4.8480717e-01   3.9998390e+00   1.0067294e+00  -2.2901500e-01   4.3140695e+00   6.0861454e-01  -2.3731552e+00   4.2277534e+00   3.0294652e+00  -2.2473144e+00  -2.3109780e+00  -3.0054804e-01   7.5885417e-01   9.8578931e-01   3.7330964e-01  -2.0771819e-01
   1.6443311e+01  -3.3694844e+01  -2.2023984e+00   2.7503699e+01  -1.1033694e+01  -1.4263294e+01   2.8570435e+00  -3.2754478e+00   1.6666383e+00   5.8640838e+00  -3.3395489e-01  -4.8319071e-01   6.4837606e-02   2.9812627e+00   1.3099101e-01   1.2415816e+00   2.1782205e+00   4.4789402e-01  -8.3293050e-01  -2.9657399e+00  -2.2128544e+00  -7.0401518e-01   7.2251369e-02  -2.9240867e-01
   1.4592267e+01  -2.9619200e+01   3.6984014e-01   2.5932743e+01  -9.6359375e+00  -1.2912346e+01   1.6183274e+00  -5.3764334e+00  -1.1863055e+00   5.4982290e+00  -1.5340862e-01  -6.0848827e-01   6.0795635e-01   9.7734457e-01   2.4267090e+00   8.8139642e-01   3.5080306e-01   4.3182635e+00   2.6952859e+00  -3.7375377e+00  -3.3301961e+00  -6.8044362e-01  -5.1202897e-01  -1.1434781e-01
   1.3093573e+01  -3.0578059e+01   5.3894394e-01   2.3455569e+01  -9.2180114e+00  -7.6830711e+00   5.2220620e+00  -6.7648894e+00  -2.3247720e+00   4.8955312e+00   5.7587427e-02  -3.6518669e-01  -8.5794659e+00   5.2199038e+00   1.1026325e+00  -7.0435676e+00   3.6450537e+00   5.4494386e+00   2.3662979e+00   2.3828796e+00  -1.5936879e+00  -2.2466971e+00  -9.8688761e-02  -2.6777687e-01
   8.5513814e+00  -2.6618600e+01   1.0027403e+00   2.2152545e+01  -7.4829349e+00  -9.3279518e+00   4.3703352e+00  -3.7016903e+00  -2.5147818e+00   3.4634498e+00   4.2914768e-02  -4.5953873e-01  -3.0809580e+00  -4.8832446e-01  -1.4283456e-01  -7.0964145e+00   1.6429905e+00   2.7372201e-01   1.9579199e+00   5.9506753e+00   1.7401734e+00  -1.9039131e+00  -1.2633066e-01  -2.1415211e-01
   6.5945543e+00  -2.7365289e+01  -8.6489970e-01   1.8828446e+01  -6.6426149e+00  -7.8813335e+00   5.0304864e+00  -5.3850000e-01  -5.9655370e-02   3.5114278e+00  -5.8014972e-01  -9.5933078e-01   7.2054012e-01  -7.6552651e-01  -2.0191751e+00  -5.8091390e+00  -6.8528740e-01  -5.4459377e+00  -2.2461614e+00   5.5512797e+00   1.1196003e+00  -1.8612317e+00   3.6251774e-01  -4.8353965e-02
   1.3220339e+01  -3.1958072e+01   8.5751012e-01   1.7601682e+01  -8.4591500e+00  -1.2402632e+01   4.6509951e+00   4.3638484e-01   2.9139617e-01   3.3344110e+00  -2.4036040e-02  -6.3264439e-01   2.8980584e+00  -3.1834406e+00  -2.6191185e+00  -1.2346143e+00  -5.5911574e-01  -3.2493066e+00  -1.2743031e+00   1.3852632e+00  -1.1777802e+00  -9.1602595e-01   1.1197631e+00   2.0779561e-01
   1.1839904e+01  -2.9056612e+01  -2.4172036e+00   1.7017291e+01  -9.7578349e+00  -1.4314638e+01   1.7124899e+00  -5.0700736e-01  -2.0484605e+00   2.1682031e+00   6.3483944e-01  -3.5116481e-01   4.8479327e-01  -1.4363591e+00  -1.2584123e+00   3.4660553e+00   2.5992988e+00   2.5904495e+00   6.6194834e-01  -2.7961243e+00  -3.4968325e+00  -8.7758761e-02   1.5370093e+00   4.5093361e-01
   1.0275794e+01  -3.0548099e+01  -2.1497854e+00   2.1206201e+01  -6.7639985e+00  -1.0985260e+01   4.1178787e+00  -1.6395419e+00  -3.2870496e+00   2.7610233e+00   1.1150648e+00  -4.5192829e-01  -3.3291125e+00   1.7745226e+00  -8.7167697e-01   2.6904569e+00   4.3107535e+00   6.4822223e+00   9.0576595e-01  -3.1494419e+00  -1.8962239e+00   3.7996246e-01   4.0100939e-01   1.1757315e-01
   8.7940166e+00  -3.0224814e+01  -1.2488704e+00   2.2225270e+01  -3.5912424e+00  -4.7043453e+00   6.2899671e+00  -3.6947230e+00  -3.5156812e+00   3.6664835e+00   1.1558138e+00  -3.7328841e-01  -1.3446642e+00   1.6011254e-03  -3.5309924e-01   1.1153669e+00   1.2440931e+00   4.7023815e+00   2.2007746e+00  -2.5141396e+00   1.1920241e-01   1.3324271e+00  -4.6215196e-01  -8.6394815e-02
   9.7496140e+00  -2.8712187e+01  -1.0341719e+00   1.9033379e+01  -5.0763159e+00  -7.4844447e+00   3.7209055e+00  -2.6939201e+00  -1.8193294e+00   3.1552145e+00   3.1699088e-01  -4.4522286e-01   2.2634666e-01   1.2895650e+00  -6.0457785e-01  -8.8680230e-01  -2.0385967e+00  -1.3722060e-01   1.4989035e+00   7.5915192e-01   9.2927893e-01   5.6428622e-01  -3.9366414e-01  -1.6408650e-01
   1.0085998e+01  -2.9972167e+01  -3.5046592e+00   1.9776753e+01  -8.7355365e+00  -9.0114728e+00   5.2121385e+00  -3.7510277e+00  -2.6035170e+00   3.9697481e+00   3.4064847e-01  -4.8410975e-01   6.2805920e+00  -2.0679550e+00  -1.3926087e+00   2.3961393e+00  -6.4708530e+00  -4.5847942e+00   8.5827647e-01   1.6269799e+00   1.2918527e+00   2.6303772e-02  -9.7754919e-01  -1.6732316e-01
   9.9693234e+00  -2.8740075e+01  -1.9287578e+00   2.1100256e+01  -7.2497465e+00  -9.0375269e+00   6.9051483e+00  -4.7266167e-01  -2.3492133e+00   3.4558203e+00   9.3215126e-01  -6.4264737e-01   6.7568889e+00  -1.8142315e+00  -2.4595810e+00   4.1401077e+00  -5.0469232e+00  -5.7010596e+00  -4.9727557e-02   8.3756906e-01  -3.9681858e-01  -3.9812922e-01   7.3354474e-02   2.9238846e-01
   1.8105050e+01  -3.3312802e+01  -2.8904906e+00   2.4786040e+01  -1.2210807e+01  -1.0804995e+01   5.9852604e+00  -2.3648824e+00  -1.3129603e+00   3.5556363e+00  -6.1809021e-01  -5.2556090e-01   5.0969375e+00   3.7124656e-01  -1.8060836e+00   1.2086841e+00  -1.9750817e-01  -4.2210071e+00  -2.8217538e+00  -1.6720879e-01  -1.4127364e+00  -2.0995360e+00  -2.4902597e-03   5.6967555e-01
   1.5875421e+01  -2.9763217e+01  -5.0306278e+00   2.2738897e+01  -1.0909066e+01  -1.5139273e+01   3.2597532e+00  -2.1306391e+00  -3.0598356e+00   2.7650766e+00   9.0639193e-01   1.4085412e-02  -1.1138835e-01   4.5230502e+00  -6.9853188e-02  -8.1290592e-01   3.1705755e+00  -3.0221401e+00  -5.6073963e+00  -2.0852854e+00  -2.2354900e+00  -2.4289087e+00   1.0583639e-01   5.8921783e-01
   1.4778355e+01  -2.8903726e+01  -4.6628496e+00   2.0770459e+01  -7.2021392e+00  -1.2292111e+01   2.8022053e+00  -3.1728521e+00  -4.3673104e+00   1.1658159e+00   3.4979275e-01   4.2037182e-02  -7.1874249e+00   8.3766438e+00   2.2437350e+00  -4.9904009e+00   5.1928560e+00   3.8045880e-01  -4.0600445e+00  -1.4553835e+00  -3.1172094e+00  -2.2810158e+00   9.6842473e-01   3.5968285e-01
   1.1465588e+01  -2.4160038e+01  -1.1473581e+00   2.1888688e+01  -4.9982170e+00  -1.2827179e+01   8.5581403e-02  -3.1966049e+00  -4.1752732e+00   1.0073674e+00   6.0696436e-01  -4.2619670e-02  -1.3757252e+00   1.1950312e+00   3.2516349e+00  -3.2218826e+00  -9.0270707e-01   2.1956441e+00  -4.6323125e-01  -2.2874589e+00  -1.8948213e+00  -1.5645729e+00  -8.1741767e-01  -4.5461743e-01
   9.5288291e+00  -2.3549426e+01  -1.4665229e+00   1.7725543e+01  -7.3769471e+00  -1.1390354e+01   1.4822795e+00  -4.0149749e+00  -5.4310555e+00   1.0129672e+00   9.8426067e-01   4.2315909e-02  -9.9911398e-01  -1.3423977e+00   2.1523461e+00  -4.9570789e-01  -4.2418630e+00  -1.9570556e+00  -5.6741471e-01  -1.4680504e+00  -1.2714572e+00  -7.1359617e-01  -7.7285114e-01  -4.6519726e-01
   1.6436597e+01  -3.0647820e+01  -1.7513388e+00   1.9428531e+01  -1.2175722e+01  -1.2296685e+01   3.2248692e+00  -5.1407662e+00  -5.3701950e+00   4.9464167e-01  -6.3696853e-01  -6.6798010e-01   1.6817295e+00  -3.6892932e+00   4.4304689e-01   1.8352428e+00  -3.2350901e+00  -2.5148630e+00  -8.9339502e-01  -2.1922592e+00  -9.0569761e-01   8.3493863e-02  -7.2544619e-01  -3.5889374e-01
   1.0794180e+01  -2.7673432e+01  -1.1323400e+00   2.1256975e+01  -9.9761810e+00  -1.5492941e+01   3.8143934e-01  -4.4028471e+00  -5.6770353e+00   3.5178456e-01  -1.8751752e-01  -3.4307849e-01  -1.9460120e-01   1.0098415e+00   2.6228376e-01   4.3268361e+00   4.3158678e+00  -2.6019841e+00  -3.3140311e+00   6.4536916e-02  -3.8753243e-01  -4.3627915e-01   1.1387825e-01  -1.7966679e-01
   1.3355507e+01  -2.7631975e+01  -6.4987920e-01   2.2875836e+01  -8.5512352e+00  -1.4548180e+01  -7.0409104e-01  -6.2910576e+00  -5.4108297e+00   1.4631995e+00   1.0468417e-01  -3.8826308e-01  -3.0607156e-01   2.6424354e+00   1.3665844e+00   4.1701076e+00   4.5331313e+00   1.6278256e+00   8.7120211e-01  -1.0941673e+00  -1.0604317e-01  -2.8486580e-01   3.3005043e-01   1.0681201e-01
   1.0777472e+01  -2.3542586e+01  -1.6238271e+00   2.2492145e+01  -2.7153889e+00  -1.4167582e+01  -1.5242871e+00  -3.3430238e+00  -5.9920368e+00  -1.2573046e-01   7.8425170e-01  -3.6704279e-01   4.9554862e+00  -3.6483556e-01   8.6552214e-01   1.4224369e+00  -1.6834359e+00   4.6333129e+00   4.0245566e+00  -3.2452652e+00   8.2282362e-01   4.4201710e-01  -1.3585515e+00  -4.1610618e-01
   1.5985843e+01  -2.8749589e+01   5.4428129e-01   2.5066107e+01  -9.0064215e+00  -1.0517626e+01   5.4845356e+00  -7.3119287e+00  -5.3717591e+00   3.0610047e-01  -6.2777750e-01  -4.9577994e-01   2.7669763e+00  -1.4163701e+00  -5.7615136e-01  -2.1731825e+00  -3.6867812e+00   4.4852067e+00   1.9891780e+00  -2.1468997e+00   1.9502199e+00   1.5605315e+00  -1.8258839e+00  -3.9409165e-01
   1.6912241e+01  -2.7661878e+01  -4.3113700e-01   2.2295495e+01  -1.2273742e+01  -1.0558249e+01   3.3239609e+00  -8.7603093e+00  -4.4623352e+00   1.5933597e+00  -1.8591139e+00  -9.1347933e-01   2.1349982e+00  -2.1215390e+00  -3.6292265e+00  -3.9719093e+00  -4.1091208e+00   2.9947623e+00   3.0633102e-02  -2.6370069e+00   2.3906621e-01   1.8698716e+00  -9.5203527e-01  -2.4260475e-01
   1.4438587e+01  -2.7696884e+01  -2.1104513e+00   1.9714387e+01  -9.3022305e+00  -9.6250370e+00  -1.4444796e-01  -6.8027644e+00  -3.2503507e+00   2.9444516e+00  -1.3124589e+00  -7.0618228e-01  -2.5230365e+00   1.8714461e+00  -2.8600335e+00  -3.9935205e+00   2.7798904e+00   1.1200803e+00  -2.4546133e+00   1.4901883e+00  -7.9374179e-01   8.0748707e-01   9.8645246e-01   1.6461689e-01
   1.4753598e+01  -2.7251247e+01  -5.7403005e+00   1.9210141e+01  -8.7311656e+00  -1.0121733e+01   1.3361543e+00  -7.5531163e+00  -6.6941417e+00   1.3599013e+00  -3.0146050e-01  -6.2574874e-01  -3.8193411e+00   1.4847660e+00   1.1110891e+00  -9.3696649e-01   3.8061845e+00   1.8796219e+00   6.6843806e-01   1.0857844e+00  -1.6092579e+00  -6.3225966e-01   8.4270516e-01   2.8091043e-01
   1.3280610e+01  -2.6147735e+01  -1.0911872e+00   2.0618504e+01  -6.6078739e+00  -9.0557632e+00   2.7965188e+00  -5.6802428e+00  -5.4464685e+00   1.6340603e+00   7.3074472e-02  -3.9271990e-01  -2.4664782e+00   1.6832256e+00   3.5376957e+00   1.6194231e+00   1.4913191e+00   1.8021108e+00   2.3048574e+00  -1.8306695e+00  -2.3968775e+00  -1.3235524e+00  -4.4513846e-01   8.2582743e-02
   1.1762218e+01  -2.6209303e+01   7.2586467e-01   2.0437987e+01  -7.9116433e+00  -8.0234532e+00   2.8561346e+00  -7.6928935e+00  -5.7781631e+00   1.3001659e+00  -1.2878229e+00  -6.4884487e-01  -1.8179434e-04   1.8562265e+00   2.3835312e+00   2.4921415e+00   1.6788245e+00  -7.2739051e-02  -1.0270744e+00  -2.6059370e+00  -4.9918140e-01   4.2461109e-02  -8.1709480e-01   2.3706114e-01
   1.2234559e+01  -2.5693018e+01  -3.6990367e-02   2.1529599e+01  -7.4750130e+00  -7.9710110e+00   2.5528480e+00  -9.4788801e+00  -7.3036562e+00   9.8899072e-01  -1.4869854e+00  -5.7076010e-01   4.8087388e+00   1.4886729e+00  -1.5388694e+00   3.5939719e+00  -6.4768098e-01   3.0494433e-01   1.5620514e+00  -4.0067644e+00  -1.1686072e+00   1.2809684e+00  -1.0473284e+00  -1.9129136e-02
   1.5276350e+01  -2.4694266e+01  -2.6921022e+00   2.2492806e+01  -5.7793593e+00  -1.0773218e+01  -8.2621888e-02  -9.5627032e+00  -6.5143199e+00   1.7461278e+00  -7.4707276e-01  -1.8113692e-01   5.5488563e+00   1.4923854e+00   1.3374887e-01   4.9250110e+00  -2.5911516e-02  -1.1245800e+00   1.3474530e+00  -2.0301672e+00   1.7674724e+00   2.4858891e+00   1.3031013e-01   1.8473354e-01
   1.8736652e+01  -2.4672245e+01  -1.6905080e+00   2.4982052e+01  -8.6455374e+00  -7.2234642e+00   6.6089742e+00  -1.0755485e+01  -6.8313010e+00   3.3325320e+00  -1.7682932e+00  -6.5526757e-01   4.3304700e+00   1.5217446e+00   2.0313288e-01   3.4707579e+00   4.9511305e-01  -5.3216415e-01   1.4952750e+00   1.4659255e+00   2.9907256e+00   2.0361690e+00   3.8306110e-01   1.0241182e-01
   1.6834456e+01  -2.4481112e+01   1.7532468e+00   2.6099277e+01  -7.3652484e+00  -1.0084097e+01   2.8492509e+00  -1.0099842e+01  -3.3631322e+00   3.8572289e+00  -9.5170379e-01  -3.2949082e-01   2.9505269e-01   7.4321203e-01   2.6535775e+00   3.2982389e+00   2.0689422e+00   2.3351455e+00   1.7874242e+00   4.5700811e+00   2.0760681e+00  -6.0632587e-01  -9.5128623e-03  -1.5748206e-01
   1.7951212e+01  -2.3516978e+01  -1.9549655e+00   2.4932500e+01  -5.9393989e+00  -9.1138180e+00   3.3298241e+00  -7.0114224e+00  -4.3931617e+00   2.9876937e+00  -8.1007824e-01  -3.4296542e-01  -1.7833800e+00   1.6409649e+00   3.6670680e+00   2.9871565e+00   6.4525614e+00   9.9927516e-01  -2.8444411e+00   4.3810882e+00   1.2380040e+00  -1.7705979e+00   3.7364417e-01   1.9782690e-01
   1.6111650e+01  -2.4157081e+01   1.4204929e+00   2.7464940e+01  -4.0290153e+00  -6.3253230e+00   4.2380895e+00  -4.5796126e+00  -4.6192874e+00   1.0090581e+00  -1.2404495e+00  -5.7351108e-01  -4.4726249e-01   4.4183461e+00   3.5861146e+00   3.0543318e+00   6.8054299e+00   3.1191503e+00   1.9516516e-01   2.5827897e+00   6.0797388e-01  -6.6802208e-01   5.9453566e-01   2.5697441e-01
   1.6422985e+01  -2.2372812e+01   3.9764709e+00   2.8779955e+01  -6.3481188e-01  -7.6039382e+00   1.6478933e+00  -6.9439670e+00  -4.3462174e+00   2.1007205e+00  -1.0634541e+00  -2.3651709e-01  -4.0288948e-01   7.8455299e+00   5.2070512e+00  -2.3285842e-01   4.3799280e+00   2.5598042e+00   1.2630479e+00   1.5410091e+00   1.3857630e+00   8.2876930e-01   1.7070493e+00   4.3769878e-01
   1.6927675e+01  -1.8425676e+01   4.1667005e+00   2.8757047e+01   1.9060296e-01  -6.1603110e+00   3.9829641e+00  -6.2593851e+00  -2.4746435e+00   3.2986823e+00   6.6787620e-02   2.7466193e-03   2.5011236e+00   8.1465130e+00   2.8645384e+00   3.3794652e-02   2.1850434e+00   5.5479914e-01   1.6085102e+00   2.5996402e+00   2.0950861e+00   2.5912830e+00   1.9814471e+00   2.7507552e-01
   1.6938865e+01  -1.4614386e+01   4.4825075e+00   2.3937159e+01  -1.4793161e+00  -5.3566177e+00   5.3519586e+00  -3.8600225e+00  -3.3868391e+00   3.0860356e+00   1.0968772e+00   2.5453904e-02   3.9942833e+00   9.2238949e+00   6.3000599e-01  -1.8180823e+00   1.7565824e+00   8.1535558e-01   3.2006741e-01   4.8883827e+00   1.3831044e+00   8.0416768e-01   1.6360011e+00   2.6536847e-02
   1.9605396e+01  -1.5816525e+01   5.4642823e+00   2.9937030e+01  -3.2919803e-01  -6.6167845e+00   4.7988222e+00  -2.2221246e+00  -1.9563474e+00   4.4033252e+00   6.5155543e-01  -2.9188331e-01   2.5953361e+00   5.6301470e+00  -1.2010150e+00  -3.9408605e+00   3.4757848e+00   2.1171900e+00  -1.8731353e+00   1.3456357e+00  -1.6095707e+00  -5.3415601e-01   1.2894350e+00  -5.5939378e-02
   2.1075550e+01  -9.8415454e+00   4.2726890e+00   2.5462840e+01   2.2599622e+00  -6.1526681e+00   1.7200653e+00  -1.6300232e+00  -2.5307088e+00   2.7546506e+00   1.0981636e+00  -4.9396859e-02   1.9181528e+00  -6.1565576e-01  -5.5230904e+00  -1.4552815e+00   4.4495938e+00   1.7053025e+00  -2.6716038e+00  -1.4008581e+00  -9.4041648e-01  -1.1154693e+00  -1.2192667e-01  -3.3314499e-02
   1.8752337e+01  -1.2366876e+01   2.4700872e+00   2.2082916e+01   3.5346411e+00  -2.5865008e+00   2.9892077e+00  -5.3559311e+00  -5.3170648e+00   2.6631408e+00   2.0002969e+00  -4.3737066e-02   2.6799900e+00  -1.4022789e+00  -7.9372781e+00  -1.2809204e-01   4.7832295e+00   8.7557769e-01  -1.7651670e-01  -2.5475439e-01   1.1370715e-01  -2.7514836e+00  -1.0019037e+00   1.3242047e-01
   2.0242623e+01  -1.7262695e+01  -2.3050305e+00   2.5681294e+01   3.2631552e+00  -4.8138059e+00   2.2493601e+00  -4.3944064e+00  -3.1171052e+00   2.2829239e+00   2.3961645e-01  -1.4859097e-01   2.2896738e+00   1.2100586e+00  -4.2477488e+00   4.5651551e-01   4.3496599e+00   1.5072450e-01   1.1925104e+00   2.3204150e+00  -1.1222171e-01  -2.9958431e+00  -6.8827727e-01   4.0838906e-02
   2.4041844e+01  -1.4209369e+01  -3.1527752e+00   2.9635665e+01   6.3440497e+00  -5.9728491e+00   4.2693997e+00  -1.2220646e+00  -1.4925885e+00   5.1196321e-01  -4.2202659e-01  -4.3655551e-02   2.2007685e+00   5.5835267e+00   3.8514225e-01  -3.1512139e+00  -1.5049858e+00   1.0185690e+00   2.4422312e+00   2.7074810e+00  -6.4490783e-01  -1.7995048e+00  -5.5814600e-01   2.8198498e-02
   2.1865307e+01  -7.1052110e+00   7.1249696e-01   2.2371239e+01   7.3797477e+00  -4.2334072e+00   2.8687349e+00  -2.1633401e-01  -4.6112795e+00  -6.6352531e-01   1.2769095e+00   1.1820743e-02   2.2332125e+00   1.3039922e+00   8.0265024e-01  -5.1407679e+00  -7.1305987e+00   2.7479643e+00   4.3586183e+00  -3.4854997e+00  -3.3420995e+00   1.7006253e+00   1.0620886e-01  -1.8631168e-01
   2.1242147e+01  -9.0703274e+00   1.5390368e+00   1.9011122e+01  -7.8113393e-01  -1.3488466e+00   6.3428671e+00  -3.3837459e+00  -5.5373394e+00   1.4371081e+00   6.4443139e-01  -8.1645174e-02  -8.5469740e-01  -4.1032658e+00  -9.2329518e-01  -5.8466054e+00  -6.8961886e+00   3.4728580e+00   2.2433905e+00  -5.8640751e+00  -2.6272226e+00   3.7642064e+00   7.3958984e-01  -3.0957254e-01
   2.4992291e+01  -1.7876227e+01  -3.4469611e+00   2.3282414e+01  -3.8701511e+00  -3.0038607e+00   7.7505539e+00  -8.5418153e+00  -6.1078790e+00   4.3712893e+00  -1.3429926e-01  -4.0906367e-01  -5.7141087e-01  -4.9927107e+00  -1.5757538e+00  -3.1502370e-01  -2.8543478e-01   4.2534688e+00   2.6286551e+00  -2.6651866e+00   3.1031452e-01   3.0094607e+00   1.6986618e-01  -3.8684834e-01
   2.1196306e+01  -1.4978759e+01  -2.4579889e+00   2.0410170e+01   1.6247162e+00  -1.3783353e+00   5.1935760e+00  -5.8554366e+00  -4.6851226e+00   3.6408655e+00   1.3929625e+00  -2.9757215e-01  -2.1862883e+00   2.2934317e+00  -4.5378632e-01   1.8603794e-01   9.2893706e+00   4.1561424e+00   5.7551222e-01   2.9795523e+00   6.5560441e-01  -2.3445637e-01   1.2609958e+00  -1.0210446e-01
   2.1031111e+01  -1.1640061e+01   3.4737905e-01   2.1199179e+01   5.7486704e+00   2.1615403e+00   7.3863632e+00  -2.9782685e+00  -4.5719161e+00   2.7487871e+00   1.1574432e+00  -4.6048828e-01  -5.6949293e+00   8.8296527e+00   1.6510177e+00  -5.9935858e+00   7.1934060e+00   2.2980989e+00  -3.1140628e+00   4.3643911e+00   9.1652776e-01  -2.3794678e+00   8.6190697e-01   6.6262177e-02
   1.9943305e+01  -8.7482628e+00  -1.0388128e+00   2.0331796e+01   8.3435112e+00   2.3026665e+00   7.3882308e+00  -1.6961908e+00  -5.3219142e+00   1.8966747e+00   1.8900539e+00  -2.0908955e-01   4.2006161e-02   3.1432060e+00  -1.0930399e+00  -2.8738671e+00  -2.0980567e+00  -3.8152901e+00  -2.2167064e+00   1.7519197e+00   1.5737393e+00  -9.2101766e-01  -5.1493653e-01   2.2265574e-02
   1.7076397e+01  -7.7469961e+00  -1.6800227e+00   1.4331221e+01   3.5605604e+00  -1.3972133e+00   1.9821323e+00  -4.0748516e+00  -4.4146916e+00   1.6741830e+00   9.1001550e-01  -3.5391170e-01   2.5910406e+00   2.3889777e-01   2.4880528e-01   8.8568996e-01  -4.9145120e+00  -5.6576778e+00  -1.1900420e+00   4.9824128e-01   1.2524202e+00  -2.5469967e-01  -1.1497218e+00   1.5850922e-01
   2.3236673e+01  -1.2210483e+01  -3.0838479e+00   1.9533348e+01  -4.2831385e-01  -5.3218937e+00   4.5706317e+00  -2.6792655e+00  -2.4031259e+00   2.7966411e+00   7.4427159e-01  -3.1746208e-01   4.8496780e+00   2.2047758e+00   4.4057726e+00   4.4526665e+00  -3.3808067e+00  -3.7173892e+00   6.9536853e-01   1.4353694e+00   6.3325918e-01  -7.8615212e-01  -1.2925462e+00   2.6551413e-01
   2.3270988e+01  -9.5506045e+00   1.7431045e+00   2.2926938e+01   2.7628150e+00  -2.5126963e+00   7.0100997e+00  -1.7393692e+00  -4.1526800e+00   1.9167544e+00   5.7516860e-03  -1.6853819e-01   2.9640510e+00   5.4232290e+00   4.5493837e+00   2.6122039e+00   7.1778576e-01   1.3427382e-01   1.4896721e+00   2.4596508e+00   2.8809862e-02  -8.5051684e-01  -1.6299706e-01   1.7046548e-01
   2.4120526e+01  -4.5392949e+00   3.8582824e+00   2.2712938e+01   3.6711738e+00  -2.7156758e+00   5.9172999e+00  -7.1087784e-01  -4.5030312e+00   5.9616087e-01   4.0336657e-01   9.6494885e-02   1.1960872e+00   8.0298591e-01  -1.3532102e+00   1.0264400e+00  -1.1922793e+00   1.5686066e+00  -2.7117571e-01  -1.5314709e+00  -1.7597168e+00   9.9625612e-01   5.5263526e-01  -6.9690036e-02
   2.1080547e+01  -3.4477465e+00   1.6729877e+00   1.6659733e+01   2.5874952e+00  -2.4989114e+00   3.5433063e+00  -1.3695693e+00  -3.3215241e+00   1.4986479e+00   8.3597243e-01  -3.0519196e-01   1.8402497e+00  -5.0662196e+00  -5.5460424e+00   8.2390820e-01  -8.3767020e-01   1.8925483e+00  -1.5776620e+00  -3.6842434e+00  -1.0370393e+00   1.8072076e+00   8.3423984e-01  -1.4534270e-01
   2.6126024e+01  -1.4057433e+01  -5.0786048e+00   2.4206611e+01  -2.1290730e+00  -2.9758762e+00   5.8972649e+00  -5.1613719e+00  -5.4582790e+00   4.5000785e+00   1.1581141e+00  -3.5367025e-01   4.0368583e+00  -5.5052193e+00  -4.2950696e+00   3.1666917e+00  -7.0191068e-01   3.7602857e+00   1.1200341e+00  -3.3990714e+00  -1.9905323e+00   1.3091891e+00   5.9991014e-01  -1.2099958e-02
   2.5028614e+01  -1.2390865e+01  -2.1075155e+00   2.3415964e+01   4.4064331e+00   4.5622638e-01   4.6536242e+00  -5.0404873e+00  -5.2306151e+00   2.6756070e+00   8.7973768e-01  -1.6146967e-01   3.1145834e+00   9.0813863e-01   7.9748687e-01   7.2154897e-01   1.4093862e+00   4.7142298e+00   3.4344803e+00  -1.7373705e+00  -3.0245812e+00  -8.2605306e-01   7.1553680e-01   3.3221742e-01
   2.8201780e+01  -8.3255646e+00  -6.9407044e-01   2.4084859e+01   1.7088389e+00   1.4471838e+00   7.0421921e+00  -3.9740259e+00  -6.5342841e+00   1.9714650e+00   1.2813492e+00   6.4838055e-03  -2.5086490e+00   4.8402570e+00   3.9749954e+00  -6.6416317e+00  -1.8205292e+00   2.1552287e+00   3.8066424e+00  -4.4225270e-01  -1.9525823e+00  -1.6495547e+00   1.1935633e-01   8.8779328e-02
   2.4714544e+01  -4.9514727e+00   6.7695080e-01   1.7802932e+01   2.7826187e+00   2.3609033e+00   8.1225632e+00  -4.5692980e+00  -7.3203934e+00   1.5238750e+00   1.8476601e+00   1.3057146e-02  -3.0943920e+00  -1.9200466e-01   1.9425799e+00  -4.1348236e+00  -6.5265760e+00  -2.1801587e+00   4.9900881e+00   9.2296825e-01  -3.1102460e-01  -1.2722111e-01  -6.0923997e-01  -3.2373830e-01
   2.2520085e+01  -1.0516743e+01  -5.0834493e-01   1.7050680e+01  -4.0479596e+00  -6.9537167e-01   9.8727590e+00  -6.0603456e+00  -7.3422634e+00   2.6016125e+00   8.5318738e-01  -3.0776466e-01  -1.1094442e+00  -1.7700411e+00   2.9271212e+00   8.2727228e-01  -6.3410174e+00  -4.3447468e+00   2.9499999e+00   1.3111270e+00   7.4164164e-01   1.1488131e+00  -1.4972424e+00  -4.4770902e-01
   2.3227873e+01  -1.1583283e+01   7.1349166e-01   2.0730819e+01  -2.5050317e+00  -1.7427339e+00   1.0723473e+01  -2.6128751e+00  -5.2931624e+00   2.1697016e+00   1.7995862e-01  -4.8995289e-01   6.3557054e-01   1.4460927e+00   4.4214789e+00   4.1532795e+00  -2.2601656e+00  -2.9775080e+00   7.8168237e-01   2.1888802e+00  -1.4750173e-02   5.7106383e-01  -4.1850946e-01  -1.0036568e-01
   2.7280949e+01  -7.6647214e+00   3.6783410e+00   2.3861824e+01  -5.1588621e+00  -3.0181177e+00   1.0166737e+01  -2.9855469e+00  -6.4354371e+00   3.3717714e+00  -1.3066370e-01  -4.1357471e-01  -3.8429500e+00   5.6947386e+00   3.6099358e+00   6.2536903e-02   5.7286268e+00  -3.1563075e-01  -4.7717578e+00   1.3619772e+00   6.5343576e-01   8.8061265e-02   1.4639453e+00   1.1074894e-01
   2.3287468e+01  -4.2083446e+00   5.2158262e+00   2.0627279e+01  -5.2178519e-02  -9.4398563e-01   9.1480976e+00  -2.8233770e+00  -7.7959317e+00   1.9953913e+00   1.7118215e+00  -8.4586355e-02  -8.0540708e+00   4.2806027e+00   3.7604328e-01  -3.8455236e+00   8.2774717e+00  -5.0099512e-02  -8.9865352e+00  -1.7495923e+00   4.2288942e-01   2.3891207e-01   2.6173679e+00   2.1794153e-01
   1.6725863e+01  -5.6621045e+00   2.6553914e+00   1.7196255e+01   3.3185540e+00  -1.5681919e+00   3.5028099e+00  -3.9121287e+00  -5.1107251e+00   2.8208595e+00   2.2831740e+00  -3.4432452e-01  -3.8905063e+00   2.2901837e-01  -1.4924081e+00   2.2106336e+00   1.0617173e+01  -1.7023956e+00  -1.0102334e+01  -1.8556543e+00   1.4668412e+00  -5.9270729e-01   2.2202877e+00   3.4846081e-01
   1.6424310e+01  -6.1636869e+00   1.7890314e+00   1.8295318e+01   5.6724678e+00  -2.5428461e+00   5.7563380e-01  -4.7739727e+00  -5.3211843e+00   2.8035256e+00   2.8990916e+00  -1.9766569e-01   4.6263435e+00  -4.7970772e-01  -2.0978714e+00   9.7658861e+00   7.3031938e+00  -2.9674316e+00  -7.4548875e+00  -3.2167550e+00   1.2075448e+00   1.8835836e+00   3.4875922e-01   1.8100592e-01
   2.4876769e+01  -6.3435227e+00   3.1531262e+00   2.8343755e+01   7.9045735e+00  -4.7722809e+00  -7.0053169e-01  -4.7937306e+00  -5.4725490e+00   2.0786433e+00   2.6061327e+00   1.6565616e-01   5.3518659e+00   3.4344050e-02  -1.2057003e+00   6.0763301e+00   4.4317453e+00  -3.9987732e-02  -2.5603436e+00  -2.1857124e+00   2.6160999e-01   1.5562744e+00  -1.6695189e-01   1.7765481e-01
   2.6151530e+01  -4.5871971e+00   1.8201517e+00   2.9702358e+01   8.6096025e+00  -3.7930886e+00   6.7437137e-02  -7.2077086e+00  -5.8037026e+00   5.1918749e+00   2.0734809e+00  -6.8067807e-02   4.8444395e-01  -3.4244267e+00  -3.8257155e+00  -1.4988752e+00   5.7984959e-01   5.9062700e-01  -1.5622639e+00  -3.0947607e+00   3.9031304e-01   1.4150883e+00  -8.1608011e-01  -2.1452859e-01
   1.9890052e+01  -6.3988333e+00   8.3128078e-01   2.0607230e+01   8.4976046e+00  -1.0030522e+00  -8.3607219e-02  -5.9738294e+00  -4.4770509e+00   3.9610965e+00   2.4455515e+00  -1.4264125e-01  -2.9653037e+00  -5.9223221e+00  -3.9283617e+00  -4.0583957e+00  -7.1491189e-01   2.1837090e+00  -3.6039565e-01  -3.0840151e+00   1.2732462e+00   1.3995919e+00  -9.0012134e-01  -3.7006809e-01
   1.9644335e+01  -1.1272672e+01  -2.7886191e+00   1.9915268e+01   6.2457267e+00  -3.5415199e+00  -2.0762242e+00  -8.8260642e+00  -5.2334638e+00   3.9849314e+00   1.7552621e+00  -3.6530988e-01   2.1187607e+00  -4.4871910e+00  -4.4802837e-01   3.1980153e+00   2.9252787e-02   7.5550234e-01  -1.6703541e+00  -3.2290767e+00   1.3283932e+00   1.1002693e+00   8.8195555e-02  -7.3976161e-02
   2.3682411e+01  -1.1884269e+01  -4.3503086e-01   2.7149707e+01   8.0141436e+00  -1.6225017e+00  -1.6929448e-01  -8.6105754e+00  -3.8477990e+00   4.7815029e+00   1.4150601e+00  -2.4082493e-01   5.2753666e+00   1.1174193e+00   3.2136788e+00   8.2012476e+00  -2.9998559e-01   5.1766444e-01  -8.1415991e-02  -4.3611634e+00  -8.0711762e-01   2.1252453e+00   1.0000271e+00  -7.6967694e-03
   2.7433492e+01  -8.5752660e+00   1.7812650e+00   3.1228142e+01   8.8952122e+00  -2.3501104e+00  -2.3952503e+00  -1.0732951e+01  -4.1257388e+00   6.4320756e+00   2.7210199e+00  -1.2994020e-01   2.0552234e+00   6.2750254e-01   3.5362936e+00   4.5651511e+00  -3.2177998e+00  -1.2479747e+00   2.9352781e-02  -1.5713554e+00  -1.3818656e+00   1.4682234e+00   1.2833767e+00  -1.5174111e-03
   2.3908523e+01  -6.0714072e+00   3.3668570e+00   2.7252664e+01   6.7228835e+00  -8.2226035e-01  -4.6218161e-02  -1.1562131e+01  -6.2415899e+00   5.9253924e+00   3.4627132e+00  -2.7187123e-01  -2.2603895e+00  -2.4580325e+00   1.1805263e+00  -2.0180670e+00  -4.2780513e+00  -3.8429831e+00   1.0249999e-02   1.8953509e+00  -8.7978904e-01  -5.8488123e-01   3.5792820e-01   6.7564422e-02
   2.2614114e+01  -1.3237849e+01   6.1487728e-01   2.6711515e+01   2.0646570e+00  -5.8136027e+00  -2.0937332e+00  -9.7073194e+00  -6.1093667e+00   5.6153217e+00   2.6565006e+00  -3.5206284e-01  -1.1609185e+00  -3.4735207e+00  -1.7869111e+00  -2.6821589e+00  -1.3015366e+00  -8.2123731e-01   5.6325838e+00   6.4342781e+00   4.4108072e-01  -2.2886417e+00  -1.5374539e+00  -1.4258777e-02
   2.2701516e+01  -1.3240026e+01   1.9189524e+00   2.6380920e+01   5.0123443e+00  -5.6552301e+00  -3.0467803e-01  -6.2803646e+00  -4.1756686e+00   4.3125580e+00   1.9842121e+00  -2.8416982e-02   2.3019569e+00   6.9160213e-01  -3.5872290e+00  -2.3998425e+00   5.1690342e+00   2.2584344e+00   5.3193962e+00   7.4448175e+00   1.3544922e+00  -3.1254364e+00  -1.0472986e+00   1.2709359e-01
   2.6295618e+01  -1.0201237e+01  -1.7514948e-01   2.7640776e+01   7.7981769e+00  -1.1654814e+00   6.1828554e+00  -3.7224167e+00  -4.4970783e+00   3.8055302e+00   1.1540896e+00  -2.7305550e-01  -2.2722283e+00   7.1396863e+00  -8.3999940e-01  -5.8963605e+00   5.6416062e+00   3.0978628e+00   2.3201131e+00   4.8666401e+00   6.7501724e-01  -3.3836172e+00  -1.9075105e-01  -1.8174303e-02
   2.5520707e+01  -6.5523095e+00  -1.6189732e+00   2.3188270e+01   1.1609675e+01   2.4133068e-01   3.7945818e+00  -3.3873563e+00  -5.0159958e+00   2.1421335e+00   2.6429708e+00  -1.2073452e-01  -5.7619673e+00   4.9125487e+00   1.0582590e+00  -5.0400183e+00  -1.2624815e+00  -2.9089005e+00  -3.0848487e+00   2.3728741e+00   1.3818248e+00  -1.3833469e+00  -6.6817611e-02  -1.9873492e-01
   1.7796176e+01  -5.8721774e+00   1.1238410e+00   1.9463299e+01   7.2284009e+00  -4.1150889e+00  -6.6319356e-01  -3.8538634e+00  -4.6766773e+00   1.6251082e+00   2.0409947e+00  -3.3316553e-01  -5.1690666e+00   7.8173790e-01   2.7546856e+00  -2.8820317e+00  -2.4760053e+00  -3.3284611e+00  -4.1845527e+00   1.7404211e+00   2.9723428e+00   3.8703875e-01  -3.2762231e-01  -1.3831370e-01
   1.8308286e+01  -8.0357331e+00   2.8568456e+00   2.2909631e+01   3.4035100e+00  -8.5437772e+00  -1.5089266e+00  -2.6553302e+00  -2.0131319e+00   3.3277486e+00   1.4405332e+00  -2.9646435e-01  -3.5583256e-01   7.1075560e-01   1.4061648e+00  -2.8477808e-02   2.4758283e-01   1.4365116e+00   3.6864472e-02   1.0470716e+00   1.8674754e+00   1.0905774e+00  -6.7875916e-01  -1.0618915e-01
   2.2148228e+01  -8.2869188e+00   1.7189695e+00   2.3457049e+01   8.1872514e+00  -1.7656191e+00   2.5577806e+00  -1.4777982e+00  -1.5399960e+00   3.7932808e+00   1.2638750e+00  -3.9266113e-01   7.1857827e-01   2.1733718e+00   1.7951984e-01  -1.2033525e+00   3.2741709e+00   6.0520127e+00   2.1902263e+00  -1.2772276e+00  -9.3193001e-01   4.6660653e-01   1.2830375e-02  -1.0111307e-01
   2.2810932e+01  -4.2788054e+00   1.9270967e-01   2.1148679e+01   1.1501624e+01   1.2213632e+00   2.2393915e+00  -3.0047816e+00  -3.7831234e+00   2.6939134e+00   2.0133919e+00  -2.5027045e-01  -2.7715434e+00   5.8315133e-01  -1.2810343e+00  -3.9647745e+00   1.2021361e+00   2.4971434e+00  -1.7801983e+00  -3.7883910e+00  -2.2157153e+00  -2.0253594e-01   2.0238827e-01  -1.1371272e-01
   1.6622721e+01  -4.4905836e+00   2.7251887e+00   1.8538747e+01   8.0906003e+00   8.0360060e-02   7.4798691e-01  -5.5949791e+00  -5.1895766e+00   2.6419356e+00   1.7738109e+00  -5.0793208e-01  -1.3308630e+00  -2.3841161e+00  -1.5482266e+00  -4.7613405e-01  -1.4135293e+00  -1.7871459e+00  -3.5093094e+00  -4.0177790e+00  -1.0964055e-01   5.9472935e-01  -3.9334374e-01  -2.5963589e-02
   1.6913725e+01  -9.0591737e+00   4.3218454e-01   1.9421620e+01   5.2550397e+00  -5.7210517e+00  -3.2743272e+00  -6.2793262e+00  -3.5119146e+00   3.5996173e+00   1.4891476e+00  -4.0939795e-01   4.7942883e+00  -2.6708818e+00  -4.0428050e+00   1.1198084e+00   2.6190174e+00   1.1526865e+00  -2.0424889e+00  -1.7521478e+00   2.5612710e+00   1.3940625e+00  -1.1705281e+00  -7.6377033e-02
   2.3100537e+01  -9.4729089e+00  -7.2310786e-01   2.3606377e+01   9.1902496e+00  -9.7513050e-01   5.0675789e-02  -5.8671944e+00  -1.8400612e+00   4.2325229e+00   9.3598151e-01  -3.5204276e-01   9.4519338e+00  -8.2769735e-01  -5.1602144e+00   2.7005432e+00   3.5190606e+00   4.9872690e+00   3.4781601e+00  -3.2078834e-01   5.9251465e-01   3.0257488e-01  -4.5749022e-01  -5.7999242e-02
   2.6763456e+01  -5.7939654e+00  -4.1473496e+00   2.0294576e+01   1.4880325e+01   3.4781382e+00  -4.7568639e-01  -5.4968956e+00  -1.6159746e+00   3.9897135e+00   6.7651447e-01  -4.4278066e-01   7.0109794e+00  -2.9139772e+00  -3.9699030e+00   1.9275326e+00  -4.0291578e+00   2.1333927e+00   6.7091832e+00  -2.1406853e+00  -2.3491965e+00  -1.2854976e+00  -5.1498979e-01  -1.1442071e-01
   2.5875755e+01  -7.3647338e+00  -2.7253659e+00   2.2153083e+01   8.5565484e+00   2.9616687e+00   4.5659066e+00  -6.4673769e+00  -5.2487746e+00   2.9007498e+00   1.4938921e+00  -5.7823959e-01  -6.5806521e-01  -4.5573660e+00  -2.1161652e+00  -7.2564203e-01  -6.0630260e+00  -3.7535393e+00   3.1722652e+00   4.1692108e-01  -2.6548168e+00  -1.9961228e+00   2.4011368e-01   1.0398112e-01
   2.6042584e+01  -1.4484227e+01  -4.5215409e+00   2.3039566e+01  -4.7184633e-01  -4.4893622e+00   4.5318321e+00  -9.1902630e+00  -5.3313527e+00   2.3372575e+00   4.3770761e-01  -4.6793061e-01  -2.6122308e+00  -3.0023278e+00   1.2475335e+00   5.9100418e-01  -2.8802707e+00  -4.3391247e+00   4.1816140e-01   2.7277775e+00  -1.0264571e+00  -1.1259097e+00   6.5108739e-01   3.3328865e-01
   2.2473875e+01  -1.1963827e+01  -3.7102601e+00   2.1145419e+01   7.7717965e+00  -2.6216893e+00   2.3053144e+00  -3.3951291e+00  -3.9645974e+00   2.0645666e+00   1.4155555e+00  -1.8349611e-01   1.0494014e-01   2.3759076e+00   1.7690918e+00   4.0474953e-02   5.0905431e+00  -1.5415153e-01  -2.4640491e+00   2.2372500e+00   1.2942008e-01   6.1436819e-01   5.4737248e-01   3.0395823e-01
   2.4546050e+01  -7.9979105e+00  -1.7836022e+00   2.1684915e+01   1.0952295e+01  -2.3886985e-01   1.2818518e+00  -2.9413533e+00  -3.7977490e+00   2.7189405e+00   1.6923139e+00  -1.4021942e-01  -3.1639922e+00   6.5431915e+00   4.0626599e+00  -1.8777526e+00   4.6655933e+00   2.0309160e+00  -2.6631521e+00   6.4455539e-01  -8.5446984e-01   8.8583646e-01   6.7042131e-01  -2.6467069e-01
   2.6781433e+01  -7.0440307e+00  -1.4406974e+00   2.2891121e+01   1.0480292e+01   6.0519523e-01   2.4948231e+00  -6.2359567e+00  -5.8214463e+00   3.6314606e+00   1.6876477e+00  -2.8615784e-01  -3.7541962e+00   2.0731848e+00   3.9853985e+00  -4.7186830e-01  -4.5427542e+00  -3.9895712e+00  -3.2252951e+00  -2.2390012e+00   5.7651357e-01   1.5618826e+00  -1.8670618e-01  -5.6734311e-01
   1.9142817e+01  -7.1293380e+00   4.3766765e-01   1.9350086e+01   5.1722958e+00  -3.0564305e+00   4.4234968e-01  -6.8030161e+00  -5.6846330e+00   2.8825652e+00   1.3072935e+00  -8.1360578e-01  -3.7447194e+00   3.6497832e-02   1.5436703e+00  -7.6451636e-01  -4.1193793e+00  -5.2730972e+00  -2.1559381e+00   2.0543885e+00   2.7876150e+00   6.1217934e-01   2.0783488e-01  -2.1314096e-01
   1.9544197e+01  -9.2883360e+00   1.1572027e+00   2.1605031e+01   3.8476649e+00  -7.1972658e+00  -2.1128772e+00  -4.8227995e+00  -2.1563850e+00   4.3255781e+00   1.3280064e+00  -6.9781759e-01   1.0474254e-01   3.7252750e-01   2.1081875e-01   8.6223625e-02  -4.6068314e-01  -4.6713022e-01   6.4961882e-01   4.7950703e+00   2.2472358e+00  -9.0950525e-01   4.8441442e-01   2.6070268e-01
   2.2547589e+01  -6.8210111e+00  -7.6704690e-01   2.1181185e+01   8.0895400e+00  -4.2472851e+00   3.5179489e-01  -5.6634921e-01  -1.4488572e+00   3.2901507e+00   2.1838869e+00  -2.5410099e-01   2.4954495e+00   3.2895988e+00  -2.2573289e+00  -1.8705062e+00   4.1649949e+00   5.3317479e+00   3.7975964e+00   4.1387939e+00  -7.6760859e-01  -2.0366488e+00   5.3942151e-01   5.2798810e-01
   2.5236161e+01  -6.6394030e+00  -5.2211203e-01   2.2104907e+01   8.3306454e+00   4.9992719e-01   3.5145287e+00  -2.1616846e+00  -4.5684806e+00   2.0634099e+00   1.9759726e+00  -1.7485622e-01   2.3196136e+00  -9.0907899e-01  -4.8107787e+00  -2.6681613e+00   1.1702892e+00   4.9502559e+00   4.1599092e+00  -1.2316637e+00  -3.8554518e+00  -1.7945975e+00   2.7918301e-02   1.5679971e-01
   2.0040010e+01  -3.5194063e+00  -2.1086683e+00   1.6294388e+01   9.1782980e+00   1.0925949e+00   3.3250413e+00  -1.9253827e+00  -5.6299980e+00   9.5867616e-01   1.7924426e+00  -2.8310432e-01   2.2230770e+00  -5.9588231e+00  -4.5310348e+00   2.1815059e+00  -1.2529267e+00   3.1164085e-01   2.1527190e+00  -3.8844574e+00  -1.8374762e+00   2.9609732e-03  -4.3643356e-01  -2.0148519e-01
   2.4277407e+01  -1.2302757e+01  -5.3881546e+00   2.0046188e+01   5.0587197e+00  -2.4418219e+00   2.6403633e+00  -5.9907783e+00  -5.8489922e+00   2.7994191e+00   1.5656060e+00  -4.4811636e-01   3.6509141e+00  -4.0505329e+00  -2.4482682e+00   5.9650154e+00   1.6504453e-01  -7.6857168e-01   2.0152286e-01  -3.4391487e+00   1.8020266e+00   1.7936282e+00  -8.5391254e-02  -1.7639171e-01
   2.6361581e+01  -1.2927569e+01  -5.1305779e+00   2.5482804e+01   7.8461128e+00  -2.3089493e+00   4.0179561e+00  -4.4784885e+00  -3.5648157e+00   2.9265876e+00   1.7344198e+00  -4.1969871e-01   5.9572948e-01   2.5242866e+00   1.4142025e+00   2.7256870e+00   6.2285896e+00   3.6866771e+00  -2.4491892e+00  -1.4687617e+00   2.7394665e+00   1.0017372e+00   7.0355723e-02   8.8883043e-02
   2.7551746e+01  -8.0111211e+00  -2.6835595e+00   2.6458223e+01   9.2443048e+00   1.0478417e+00   3.4703557e+00  -6.0438547e+00  -2.8980319e+00   3.7698966e+00   1.8768971e+00  -3.7114659e-01  -6.5124278e+00   1.0738461e+01   3.8959410e+00  -8.0694632e+00   4.8630802e+00   4.8339366e+00  -3.7012555e+00   6.8010698e-01   9.9608816e-01  -1.0758100e+00  -1.8076293e-01   6.9510536e-02
   1.9296434e+01  -1.8787942e+00  -1.3396622e+00   1.7176901e+01   1.6428390e+01   4.8777787e+00  -7.6373869e-01  -4.1019870e+00  -2.9962785e+00   1.9760433e+00   1.7423306e+00  -1.8826463e-01  -4.9172027e+00   6.8315387e+00   2.4976373e+00  -1.0793185e+01  -2.0617567e+00   1.5704139e+00  -2.0815913e+00  -1.0991929e+00  -2.5860687e+00  -9.8052646e-01  -2.6861245e-01  -4.0796259e-02
   1.8041339e+01  -1.7194520e+00  -1.4397010e+00   1.2094944e+01   8.0622014e+00   1.2157189e+00  -5.2067259e-01  -5.1588686e+00  -4.6391286e+00   1.6609762e+00   1.2905062e+00  -4.5956759e-01  -5.8808269e-01   7.6953816e-01  -1.0176921e+00  -7.3260716e+00  -4.2659392e+00  -1.6818420e+00   1.2749496e+00   1.4861941e+00  -1.8187011e+00  -9.2884666e-01  -4.8600207e-01  -2.2988923e-01
   2.3740981e+01  -5.8260953e+00  -2.0060512e+00   1.6474666e+01   5.3445294e+00  -3.7266975e-02   2.8910833e+00  -6.5697709e+00  -6.5733704e+00   2.5102581e+00   1.6246966e+00  -4.3668260e-01   5.4151639e+00  -2.2414435e+00  -1.9147669e+00   1.1153475e+00  -1.7815575e+00   4.9407591e-02   3.4943715e+00   3.4956656e-01  -8.6744483e-01   3.4828332e-03  -2.6449579e-01  -2.5086808e-01
   2.4447349e+01  -4.8831633e+00  -3.8769031e+00   1.5820233e+01   8.3873262e+00   9.8260151e-01   3.5553691e+00  -2.5806716e+00  -3.8375376e+00   2.1095192e+00   1.2067110e+00  -5.9177146e-01   5.3464082e+00  -2.9474076e+00  -2.2764303e+00   5.2810294e+00   4.2327472e+00   3.5877983e+00   4.9771251e+00   2.0844259e+00  -7.0838778e-01  -5.3669774e-01   3.7140068e-01   3.2085900e-02
   2.4216175e+01  -3.6591038e+00  -2.9932114e+00   1.6987278e+01   1.3593491e+01   5.0684488e+00   2.4397977e+00  -4.8667356e+00  -4.6982413e+00   1.7569961e+00   1.3874845e+00  -4.9846482e-01   1.3253312e+00  -3.2530461e+00  -2.0925686e+00   7.4486227e+00   1.5711273e+00   3.1061006e-01   2.8425812e+00   2.0508085e+00   3.2463423e-02   4.5159018e-01  -3.4448254e-01   6.8017583e-03
   2.5823354e+01  -7.2240591e+00  -4.3607663e+00   1.9760182e+01   1.0286841e+01   4.0445585e+00   7.1706579e+00  -2.8837474e+00  -6.6392748e+00   1.2325606e+00   1.9662133e+00  -3.8054763e-01  -1.0023510e+00  -4.6603228e+00   1.0486366e+00   1.0273548e+01  -1.1651240e-01  -3.8401588e+00  -8.9103797e-01   3.5860524e-01   2.7489126e-01   1.5204406e+00   2.1633909e-01  -5.9868827e-02
   2.5040975e+01  -9.5352165e+00  -4.9029725e+00   2.5677626e+01   6.7514628e+00  -1.1023304e+00   5.3473106e+00  -3.3420202e+00  -5.1238066e+00   3.6261226e+00   7.2822170e-01  -5.3209188e-01  -1.8334866e+00   4.0184222e-01   1.2147113e+00   4.4276150e+00   1.2089439e+00  -6.4897046e+00  -6.1695621e+00   1.2291628e+00   2.0810582e+00   6.7500909e-01   5.1192104e-01   8.0642271e-02
   2.2531422e+01  -8.9355912e+00  -1.3490676e+00   2.6885381e+01   1.1633572e+01  -1.6922471e+00   7.6505568e-01  -2.8051215e+00  -3.2124180e+00   3.4556169e+00   1.8608511e+00  -6.6476118e-01   9.4591128e-01   5.5704165e+00   1.1569214e+00  -1.0956950e+00   3.9755175e+00  -1.5815732e+00  -8.8084939e+00  -2.1856275e+00   9.8738157e-01   9.6989766e-01   4.3503773e-01   2.1865618e-01
   2.3111911e+01  -2.2005744e+00  -2.6769938e+00   2.0066101e+01   1.4733542e+01  -1.7977053e+00  -3.6117444e+00  -3.0623044e+00  -3.2900824e+00   1.6579816e+00   2.2080472e+00  -2.3539464e-01   1.8919297e+00   6.0491436e+00  -1.0643101e+00  -7.0423426e+00   3.2619664e+00   2.5588319e+00  -4.2989878e+00  -2.5868614e+00  -1.1951289e+00  -8.3450512e-01   3.0375272e-01   2.4281358e-01
   2.8206753e+01  -2.5357554e+00  -3.7383736e+00   2.0922401e+01   1.2259078e+01   2.0198863e+00  -1.5625553e+00  -6.3020466e+00  -6.0750646e+00   3.6714776e+00   1.8788571e+00  -2.0091198e-01   2.5416946e+00   2.1294945e-02  -3.7792218e+00  -4.8868860e+00  -2.5151620e+00   1.1588750e+00   8.7449471e-01  -3.0812696e+00  -2.7745903e+00  -8.6136997e-01  -5.5050150e-01   2.0149011e-01
   2.5041204e+01  -3.6614190e+00  -5.3047847e+00   1.8095601e+01   1.1331659e+01   8.7985069e-01   6.2634485e-02  -5.4738498e+00  -5.4851768e+00   2.2664346e+00   1.1748478e+00  -3.9979611e-01   1.2995790e+00  -6.7878734e+00  -3.7886003e+00   1.8017277e+00  -2.5087800e+00  -2.4486652e+00   2.8206544e+00  -1.0697516e+00  -1.5947229e+00  -7.6089277e-01  -3.1790260e-01   8.0114634e-02
   2.5379318e+01  -8.1732264e+00  -5.7040049e+00   2.0540302e+01   9.5617701e+00  -1.2927126e+00   2.3960830e-01  -6.2212532e+00  -6.2767563e+00   1.8593354e+00   1.5516985e+00  -2.8032529e-01  -2.9836369e+00  -3.5944084e+00  -1.3724087e+00  -7.3929856e-01  -2.6701439e-01  -3.1364197e+00   1.1659770e+00   2.8330101e+00   8.5833156e-01  -2.1439425e+00   9.5551675e-02   8.9449365e-02
   2.6474997e+01  -9.5636490e+00  -7.3770786e+00   2.2959743e+01   1.2319026e+01  -3.8144037e+00  -2.8184470e-01  -4.7073285e+00  -5.5813209e+00   1.4227135e+00   1.8947726e+00  -7.5516036e-02   1.1476048e+00   1.1083681e+00   1.5855220e+00  -8.7590784e-01  -4.2728777e+00   1.4020471e+00   4.6085967e+00   3.3401093e+00  -1.2147613e+00  -1.2560160e+00   6.9808185e-01   1.9583912e-01
   2.3014401e+01  -4.9762530e+00  -4.7608397e+00   1.7381383e+01   1.1364873e+01  -3.3761613e-01   3.5864967e-01  -2.4357921e+00  -4.7394952e+00   8.7742438e-01   1.6622222e+00  -2.2887796e-01  -3.4419504e-02   4.8090709e+00   3.4472298e+00  -3.9552617e+00  -5.3514605e+00   4.4995746e+00   6.6946981e+00   2.4791478e+00  -1.8761662e+00  -1.1566128e+00  -1.7529131e-01  -7.1614100e-02
   2.7945070e+01  -3.5973536e+00  -3.3980843e+00   1.8361199e+01   4.0207910e+00   2.5053731e+00   6.9160089e+00  -2.3564163e+00  -8.0759493e+00   8.7336610e-01   2.1667087e+00  -1.3176108e-01  -1.9694351e+00   1.7717411e+00   4.6121083e+00  -2.7337618e+00  -6.0704782e+00   4.0874659e+00   5.8513277e+00  -1.7005617e-01  -1.3462192e+00  -8.7999785e-02  -9.7169204e-01  -3.6099484e-01
   2.4592652e+01  -3.9427678e+00  -2.5226574e+00   1.6906681e+01   5.6836968e+00   2.2967609e+00   6.6827287e+00  -3.6779877e+00  -7.8436914e+00   3.9908995e-01   1.1527935e+00  -3.5962391e-01  -3.0850545e+00  -3.0248208e+00   2.4473126e+00   2.4484947e+00  -6.7715981e-01  -1.3345800e+00   4.4165856e-01  -1.0134979e+00   1.0908518e+00   9.4517934e-01  -6.9718804e-01  -2.8166400e-01
   2.2731719e+01  -7.4227799e+00  -1.5780074e+00   1.9096451e+01   6.0538968e+00   9.9960661e-01   5.3331073e+00  -4.3413149e+00  -6.0485515e+00   1.5298811e+00   6.9194886e-01  -5.5163532e-01  -3.5281465e+00  -2.8825784e+00   2.3611352e-01   4.4015081e+00   5.1828009e+00  -4.7502079e+00  -7.0705698e+00  -1.2719501e+00   4.2111731e+00   1.7152035e+00  -3.6522887e-01  -2.3641705e-01
   2.0993495e+01  -7.6007710e+00  -1.9999093e+00   2.0686499e+01   9.3325807e+00  -1.5866029e+00   1.8125883e+00  -2.9635896e+00  -4.1169164e+00   1.9669359e+00   1.3538201e+00  -4.4143685e-01   2.3655354e+00   2.1924387e-01  -3.9494574e-01   5.4783270e+00   6.1066259e+00  -4.5798449e+00  -8.4319071e+00  -3.0489510e+00   3.1103284e+00   1.8544300e+00   8.0421214e-01   1.0820020e-01
   2.4452429e+01  -6.0922196e+00  -3.3052881e+00   2.3073552e+01   9.9705504e+00  -2.6782569e+00  -1.2547757e+00  -4.6215405e+00  -3.6225772e+00   2.6622484e+00   1.5183521e+00  -4.4548019e-01   2.7061027e+00   5.0682648e+00  -6.8767722e-01   2.4511685e+00   7.1740514e+00  -1.8839150e+00  -8.0338368e+00  -5.0108033e+00  -6.7105859e-01   6.8436432e-02   1.6938054e+00   4.6287129e-01
   2.7280600e+01  -4.2791822e+00  -2.2514357e+00   2.3135621e+01   1.2885309e+01  -2.7340747e+00  -2.6711905e+00  -8.1113014e+00  -4.3911860e+00   2.6145513e+00   1.9459101e+00  -2.5040118e-01   1.1057214e+00   3.5672406e+00  -5.8495391e-01  -1.3061384e+00   2.0347847e+00   2.7316667e-01  -5.4896087e+00  -3.9516037e+00  -1.0698673e+00  -5.8044457e-01   2.8459468e-01   3.2609822e-01
   2.3647320e+01  -1.4811771e+00  -2.4837601e+00   2.1548643e+01   1.5038610e+01  -1.2525300e+00  -4.4757585e+00  -9.2836640e+00  -6.9180046e+00   1.3087280e+00   2.9366120e+00   4.7153784e-02  -2.6630873e+00  -4.3672897e-01  -9.0467775e-01  -3.5902215e+00  -6.4645165e-01  -3.7578053e-02  -1.2289038e+00   1.0146941e+00   1.1898803e-01  -6.6651101e-01  -4.0006357e-01   1.2632836e-01
   2.3054631e+01  -4.5554313e+00  -3.2881042e+00   1.9489746e+01   9.8507281e+00  -1.8897164e+00  -4.8113334e+00  -6.5599333e+00  -4.0740036e+00   1.7730292e+00   1.0715822e+00  -1.9860650e-01  -3.4592149e+00  -2.6819276e+00  -2.1869777e+00  -2.7656697e+00  -2.0698937e+00   4.9787791e-01   1.9903468e+00   6.0945122e+00   2.3106233e+00  -1.0061389e-01  -1.0255419e+00  -6.8103222e-02
   2.2570782e+01  -6.6091885e+00  -4.1439704e+00   1.9511157e+01   1.0518163e+01  -3.1568032e+00  -2.0280599e+00  -3.8751834e+00  -3.6026864e+00   2.0832429e+00   1.3554207e+00  -2.8188500e-01  -2.5761729e-02  -1.2675293e+00   5.4131709e-01  -4.7744573e-02  -9.4307831e-01   6.2582894e-01   3.3757972e+00   5.6650938e+00   4.0854679e+00   9.3034863e-01  -9.9576429e-01  -3.1759990e-01
   2.2630047e+01  -5.7380679e+00  -4.7017970e+00   2.0005859e+01   1.2040691e+01  -1.0351212e+00  -9.0951958e-01  -1.6737735e+00  -2.5829102e+00   2.0763730e+00   1.1981930e+00  -1.8803662e-01   1.4418785e+00   7.6160953e-01   2.7687947e+00   3.5124195e+00   2.5827852e+00   1.6616475e+00   4.4733943e+00   1.2129417e+00   6.5848301e-01   1.3049206e+00   4.0630712e-01  -3.3609756e-01
   2.3820970e+01  -2.7911527e+00  -9.6493799e-01   2.1218969e+01   1.2529011e+01  -7.4108411e-01  -1.3629695e+00  -3.2291033e+00  -1.5353494e+00   2.5525791e+00   1.3796602e+00  -4.3453101e-01  -3.1594046e+00   2.4389763e+00   3.7498059e+00  -8.7230151e-01   2.6788143e-01   1.1540010e+00   2.9136738e-01  -4.6111581e-01   6.9983311e-02   5.2758756e-02  -1.3146914e-03  -3.3163123e-01
   2.4592355e+01  -5.3220349e+00  -7.2442836e-01   2.3904469e+01   1.2719482e+01  -6.0510462e-01   1.5662129e+00  -5.0635609e+00  -4.1199476e+00   3.4957421e+00   1.6689231e+00  -6.2642984e-01  -4.4111295e+00  -8.7095675e-01  -5.7814749e-01  -4.4335046e+00  -2.2672669e+00  -1.6068543e+00  -1.2256939e+00   3.2585704e-02  -2.6746892e-01  -4.9754557e-01   8.2154495e-02  -1.0619806e-01
   1.6850521e+01  -3.1587405e+00  -5.0794597e-01   1.6253400e+01   1.0580590e+01  -1.6408100e+00  -2.8288751e+00  -2.8719634e+00  -2.7291927e+00   1.4526965e+00   1.1180836e+00  -5.6013523e-01  -2.2896690e+00  -5.3177249e+00  -6.7409669e+00  -2.1684290e+00  -1.0256584e+00  -2.8058919e+00  -2.3109982e-01   1.2703896e+00  -8.5363728e-01  -1.6306716e+00  -1.8029600e-01   4.1560886e-01
   1.9498577e+01  -6.8607091e+00  -5.7975143e+00   1.5838387e+01   9.6140015e+00  -2.9955397e+00  -2.0151077e+00  -1.8034649e+00  -2.3871919e+00   1.8799959e+00   1.4522130e+00  -2.8453161e-01   1.3121307e-01  -2.3651257e+00  -5.6845480e+00  -7.5929968e-01   2.3354924e+00  -5.8166963e-01  -9.4949738e-01   2.2281725e+00   6.3807822e-01  -2.2782179e+00  -5.5865964e-01   5.8689615e-01
   2.2933355e+01  -9.9984029e+00  -8.5398454e+00   2.1999367e+01   1.2543263e+01  -3.7547044e+00   8.1041021e-02  -2.9535669e+00  -3.6821832e+00   9.1444485e-01   1.2175712e+00   1.7933162e-02   5.7492029e+00   9.0466290e-01  -1.3683552e+00   6.5589211e+00   1.8524426e+00   1.4786281e+00   2.6071280e+00  -5.0130309e-01  -1.0501633e+00  -4.4847455e-01  -8.5514009e-01   5.4531183e-02
   2.1747758e+01  -5.4498922e+00  -5.2353006e+00   1.9892536e+01   1.5241384e+01  -4.2066186e-01  -1.3129912e+00  -1.6805003e+00  -2.6863350e+00   3.4754112e-01   7.8118986e-01  -3.5119809e-02   3.3715282e+00   5.7360513e+00   3.1101350e+00   4.3446658e+00  -1.2098800e+00   1.1785332e+00   1.6701657e+00  -2.0436944e+00  -1.0942930e+00  -1.9769192e-01  -1.3115816e+00  -5.0913452e-01
   2.4349735e+01  -2.5071546e+00  -2.8415856e+00   2.4064707e+01   1.0545563e+01  -7.1030677e-01   7.3075869e-01  -3.6854003e+00  -4.1548661e+00   1.5462121e+00   1.7088504e-01  -6.0304436e-01  -1.4707167e+00   7.8431081e+00   3.4372038e+00  -4.8656131e+00  -2.0018780e+00   1.8624395e+00  -2.1730091e+00  -9.2732469e-01   1.7268451e-01  -8.9612511e-02  -1.1046208e+00  -1.7919565e-01
   2.3847679e+01  -2.0022563e+00  -3.9814417e+00   2.1322716e+01   8.7980318e+00  -2.7499387e+00   1.6528198e-01  -4.5030898e+00  -3.7922899e+00   1.2675745e+00   8.1837202e-03  -7.3774463e-01  -2.7926632e+00   2.4211165e+00  -4.1299106e-01  -7.0544205e+00  -3.7811205e+00   6.7539831e-01   2.8842218e-01  -1.0460030e+00  -1.9361996e+00  -1.4697978e-01   8.5484623e-01   1.4880753e-01
   1.9677319e+01   4.2441323e-02  -4.0109692e+00   1.3985857e+01   1.2762123e+01   2.0359324e-01  -3.9176092e+00  -2.9332592e+00  -2.8701789e+00   3.2000942e-01  -5.2856930e-02   1.0045209e-01  -3.2724606e+00  -2.0857590e+00  -1.8958535e+00  -6.1326953e+00  -1.8920593e+00   1.3672410e+00   7.5383347e-02   8.3957402e-02  -5.5436048e-01  -1.8306977e-01   1.7344874e+00   5.4778088e-01
   1.9894971e+01  -3.0930154e+00  -5.2700954e+00   1.4350330e+01   8.4614233e+00   1.3548560e-01   1.4438260e+00  -3.6255754e+00  -6.2329780e+00   7.4017278e-01   2.1753302e+00  -1.6365674e-01  -8.3150684e-01  -3.3083058e+00  -2.6735517e-01  -9.3420856e-01  -2.2525378e+00   1.1662073e+00   1.1958995e+00   7.5563194e-01   1.0513427e+00   9.7525116e-01   9.8060606e-01   3.6101484e-01
   2.1417399e+01  -5.0904136e+00  -5.0410389e+00   1.8351857e+01   7.8757780e+00  -1.0215735e-01   2.0456171e-01  -3.9982214e+00  -3.7660628e+00   1.5353083e+00   1.6890429e+00  -6.8416980e-02   1.9150674e+00  -8.8827344e-01   3.6722157e+00   4.4778493e+00  -1.8975712e+00  -8.0337719e-01   1.1205043e+00  -5.7364290e-01   1.9994436e+00   1.6746113e+00   1.4926021e-01  -1.0863745e-01
   2.1730379e+01  -4.3982875e+00  -3.8674395e+00   1.7738403e+01   7.8623974e+00  -8.4775252e-01  -1.0195426e-01  -2.8371608e+00  -1.7673340e+00   2.1228018e+00   6.0814287e-01  -1.1178783e-01   1.3198799e+00   2.8808521e+00   4.5424250e+00   3.8010665e+00   2.5648022e+00  -5.9895660e-01  -1.5775952e+00  -8.8409563e-01   2.9236894e+00   9.6645870e-01  -9.6637002e-01  -8.9681365e-02
