   9.8230579e-01   5.4272674e+00   2.1241245e+00   7.3213325e-01  -1.7996549e+00  -7.0837195e-01   2.5384797e+00   4.0745952e+00   8.8802801e-01  -1.0169931e-02  -1.2165347e+00   1.0727892e-01   3.2589200e+00   2.7123182e+00   5.0338142e+00   4.5136456e+00   1.8890585e+00   1.8471074e+00   2.7585893e+00   3.1673919e-01  -5.3730656e-02  -7.1931410e-01  -8.5692560e-01   2.1662277e-01
   1.7311016e+00   6.9721099e+00   4.6113134e+00   1.7470491e+00  -1.3963245e-01  -7.4231409e-01   4.6158065e+00   4.7983513e+00   1.2985159e+00   3.8560681e-01  -9.4592068e-01   9.0518900e-02   3.4739323e+00   3.4432675e+00   4.0042148e+00   5.1485204e+00   2.8765479e+00   2.2092559e+00   2.3016726e+00  -2.5080223e+00  -4.5900944e-01   2.8079302e-02  -6.9372855e-01   1.0211462e-01
   2.0795504e+00   7.1762443e+00   3.6442658e+00   4.7286412e+00   2.6063877e+00   1.5181360e+00   4.7481618e+00   2.6989818e+00   1.5155492e+00  -5.6610288e-01  -1.6101961e+00  -4.9799383e-02   4.8680885e+00   1.9866642e+00   8.3945607e-01   3.9831296e+00   2.6580826e+00   1.4311088e+00  -7.6320470e-01  -5.5005250e+00  -1.4132610e+00  -4.7621680e-01   5.1007000e-01  -5.1841439e-02
   3.8589641e+00   9.1843030e+00   4.4996728e+00   3.7232635e+00   1.5179204e+00   2.5873772e+00   4.8101410e+00  -7.3676198e-02   4.7645848e-01   2.1226425e-01  -1.3030588e+00   1.8292512e-02   5.8065732e+00   2.3530257e+00  -6.7489151e-01   3.0048957e+00   1.8772297e+00   1.8901793e+00  -3.2811520e+00  -5.2885271e+00  -2.6327011e+00  -2.3021184e+00  -4.9541657e-01  -3.9735313e-01
   7.2205073e+00   7.3011671e+00   3.4391289e+00   5.7187205e+00   1.3586926e+00  -2.2655432e-01   1.2965054e+00  -1.7401786e+00  -8.2083478e-01  -6.3782386e-01  -2.7286061e-01   6.5629956e-02   5.0582434e+00   2.3647056e+00   5.6420973e-01   6.2110393e-01   1.3443221e+00   1.8839743e+00  -4.0892521e+00  -2.4176051e+00  -3.9366687e+00  -3.5139795e+00  -1.4857620e+00  -6.1183545e-01
   7.8704829e+00   1.0439187e+01   3.7015445e+00   5.7593530e+00   3.3000597e+00   2.9653000e+00   1.4199067e+00  -9.1485920e-01  -1.4823438e+00  -3.0317103e+00  -2.3577133e+00  -5.6322547e-01   3.1307861e+00   1.0656240e+00   2.1540581e-01   5.8061990e-02   2.0654009e+00   8.9728562e-01  -5.5795528e+00  -1.9639653e+00  -4.7144470e+00  -3.5468291e+00  -1.0990719e+00  -5.1762694e-01
   7.6611561e+00   1.0095861e+01   4.8896445e+00   4.6422523e+00   3.7318013e+00   4.1551361e+00   3.0940080e-01  -5.0683444e-01  -3.4100527e+00  -4.2150848e+00  -3.3115119e+00  -6.7679357e-01   1.3957982e+00   1.0702756e+00   4.3085897e-01  -2.2275066e+00   2.5496539e+00   3.9291552e-01  -4.2277275e+00  -2.5228932e+00  -3.5567356e+00  -1.6868016e+00  -6.7452588e-01  -8.5339782e-02
   8.3348188e+00   9.3853923e+00   4.0975237e+00   4.3485905e+00   3.4294673e+00   1.7424604e+00  -3.0656359e+00  -3.6362963e+00  -5.3006030e+00  -3.3193489e+00  -1.4323410e+00  -3.8693613e-01   1.4315584e+00   7.5133477e-01   6.2757499e-01  -2.1129236e+00   1.3980281e+00  -1.4425354e+00  -2.0907752e+00  -1.5325442e+00  -2.7757319e+00  -7.4071287e-01   1.4581912e-01   4.6262968e-01
   9.0820366e+00   9.4334779e+00   3.8874278e+00   3.0828419e+00   5.1184697e+00   9.7423877e-01  -2.8023146e+00  -4.1637999e+00  -4.2468085e+00  -3.0242070e+00  -1.7473356e+00  -1.5052438e-01   1.9231783e+00   2.1803625e+00  -9.0897860e-01  -2.2396967e+00   9.1081288e-01  -2.8603200e+00   1.3789876e+00  -1.3551310e-01  -1.6321102e+00  -9.2945321e-01   3.5376220e-01   4.6395652e-01
   9.3073802e+00   1.1897381e+01   5.1440154e+00   3.3696728e+00   4.7037676e+00   2.3919457e+00  -1.6039834e-01  -1.3851929e+00  -5.2275638e+00  -4.7382185e+00  -2.9210728e+00  -1.3241554e-01   1.8058254e+00   2.4839459e-01  -1.0136757e+00  -1.2698638e+00  -3.7496852e+00  -2.9025696e+00   3.2472443e+00   1.9059837e+00   9.5339510e-01  -1.4555293e+00  -4.0620493e-01   9.9028071e-02
   1.0059643e+01   1.2110410e+01   3.0029307e+00   1.7721662e+00   4.4608705e+00  -4.6008660e-01   9.2526336e-01  -1.8356558e+00  -5.8947376e+00  -4.8998298e+00  -2.0365027e+00  -1.0811909e-01   2.0302653e+00  -7.7274108e-02  -9.1677375e-01  -3.9015482e-01  -3.9108726e+00  -2.5978357e+00   3.2965567e+00   1.3092065e+00   9.5692823e-01  -1.3351471e+00  -4.4463986e-01  -3.5784186e-01
   1.0554754e+01   8.4195179e+00   3.0192586e+00   3.0991327e+00  -1.8662609e+00  -1.8942314e+00  -5.8558402e-02  -1.9413928e+00  -3.0465458e+00  -4.5648314e+00  -1.8970648e+00  -2.5959668e-01   1.6130793e+00  -2.5543289e-01  -3.9499411e-01   5.4426239e-01  -2.3897106e+00  -1.3213425e+00   2.2606869e+00   2.4227145e-01   1.0868794e+00  -1.1042616e+00  -6.8458112e-01  -4.3435883e-01
   1.1503748e+01   1.1056498e+01   3.5746456e+00   2.6328798e+00   2.5371750e+00  -7.7942629e-01   2.0916005e+00  -1.9218902e+00  -3.9019251e+00  -5.1136213e+00  -2.9262994e+00  -6.2369661e-01   4.2422499e-01   4.1691989e-01   2.3118058e+00   9.5082082e-01  -1.8763144e+00  -1.2198803e+00   2.0927687e-01   7.3441190e-01   1.7206627e+00   6.9723761e-01   3.2731623e-02   3.6887042e-02
   1.1004947e+01   1.2041187e+01   4.2656668e+00   3.7557096e+00   2.0810494e+00   5.6960173e-01   2.6474634e+00  -9.7866847e-01  -4.5936510e+00  -6.2877152e+00  -3.5030461e+00  -5.2616502e-01   4.0593682e-02   3.7301698e-01   3.2461184e-01  -9.8597594e-01   1.9518170e+00   5.0151676e-01  -2.4430818e-01   1.1808959e-01  -7.3855036e-01   1.0699211e+00   1.8593568e-01  -5.6033161e-03
   1.0470884e+01   1.0924955e+01   5.8474354e+00   2.8701090e+00  -3.2725634e-01  -3.5218236e+00  -1.1383226e-01  -1.2154001e+00  -2.5401909e+00  -2.9925315e+00  -1.1844146e+00   8.0495650e-02   2.1639663e-01  -1.9130418e+00  -1.8770564e+00  -8.6298193e-01   1.2249837e-01   1.5552479e+00  -2.6536343e+00   3.0983059e-01  -1.1654994e+00   6.1951404e-01   2.5732731e-01  -1.1620907e-01
   1.1132076e+01   9.0448147e+00   2.3697814e+00   1.5015542e+00   2.4936803e+00   2.2924246e-01   6.7769569e-01  -2.1175035e+00  -4.8352384e+00  -4.0204946e+00  -2.4891037e+00  -6.2009778e-01   2.1150473e+00  -9.0077243e-01  -4.5426128e+00  -1.6948496e+00   1.9942122e+00   2.2362381e+00  -3.4997807e+00  -8.8960605e-01   1.2736394e-01   8.5701553e-01   6.4492030e-01   9.2811670e-02
   1.1764778e+01   9.6851217e+00   1.7070037e+00   2.4654846e+00   2.5146071e+00   1.7236252e+00  -9.0396708e-01  -8.8772683e-01  -5.5293805e+00  -5.3179605e+00  -3.0472796e+00  -7.5104384e-01   2.6663438e+00   1.2179685e-01  -4.3015326e+00  -3.4010425e-03   2.3665838e+00   3.6303425e+00  -1.2223028e+00   3.2615076e-01   6.0590125e-01  -4.7593094e-01  -5.9904250e-01  -2.0061373e-01
   1.3530571e+01   1.1309946e+01  -4.7803653e-01   1.4157474e+00   3.6514359e+00   1.3012344e+00  -2.2071402e+00  -2.4769142e+00  -2.9080103e+00  -3.8394774e+00  -1.6042331e+00   2.8822228e-02   8.3115657e-01   2.5042112e-02  -1.3514956e+00   2.2077341e+00   1.1793751e+00   1.9875360e+00   1.5411103e+00   1.7421899e+00   2.1726371e+00  -9.7243708e-01  -1.3074013e+00  -1.5001249e-01
   1.3271152e+01   9.9750853e+00   8.1904539e-01   2.9079108e+00   2.6437416e+00   1.3876942e+00  -5.0486857e-01  -5.4646860e-01  -2.5949532e+00  -3.7969365e+00  -2.5254136e+00  -5.4488495e-01  -7.2386047e-01  -2.0957231e+00   3.7799351e-01  -5.6123463e-01  -1.3107397e+00  -1.6695226e+00   8.4012187e-01   2.6016866e-01   2.1259437e+00   9.3544651e-01  -1.3181000e+00  -2.5001776e-01
   1.1625624e+01   8.9373961e+00   7.8651722e-01   4.5919422e+00   4.1981758e+00   3.3785119e+00   2.7898118e+00   3.2515223e-01  -3.0434964e+00  -6.2396622e+00  -4.7111386e+00  -9.4819595e-01  -2.8188920e+00  -4.9852729e+00   2.0978164e+00  -1.2047545e+00  -2.5252409e+00  -9.7724048e-01   3.9864770e-02  -1.9778292e-01   2.1461899e-01   1.4427962e+00  -3.4898602e-01  -2.6998993e-01
   1.1631461e+01   7.7278118e+00   1.6417170e+00   3.5535224e-02   2.7512772e-01  -1.8192974e+00  -2.1422603e+00  -1.8985070e+00  -2.2727219e+00  -2.7146983e+00  -3.4709768e+00  -6.3756139e-01  -1.3872235e+00  -3.8199670e+00   3.2577740e+00  -2.9909079e+00  -2.9925043e+00  -1.6155914e+00  -1.1565417e-01  -1.0295598e+00   2.8314080e-01   1.7569049e+00   6.1637447e-01   2.3895599e-01
   1.0122079e+01   4.9556730e+00   2.2573523e+00   1.0448035e+00   1.0478815e+00   1.4388695e+00  -1.3286472e+00  -2.0975693e+00  -2.7471974e+00  -2.2164021e+00  -1.6549305e+00  -3.2982445e-01   9.5897583e-01  -1.6552212e+00   2.0896443e+00  -1.8453999e+00   3.2117098e-01  -5.3863982e-01   3.8019126e-01  -2.7824571e-01   7.5727507e-01   8.0506250e-01   4.6165694e-01   2.0792133e-01
   1.1942090e+01   6.2359963e+00   4.9702888e+00   1.9511823e-01  -2.6986779e-01  -6.5871761e-02   1.3808797e+00  -8.7944748e-01  -2.3183915e+00  -3.1732091e+00  -3.1289559e+00  -4.9563671e-01   6.5908051e-01  -6.5446825e-01   2.9655783e-01   2.4467111e+00   3.2191953e+00   2.0388788e+00   1.3245585e+00  -4.5322904e-01   6.4716332e-02  -4.2474873e-01   8.6364536e-01   1.0878986e-01
   1.2908773e+01   7.2004720e+00   2.2566977e+00   1.7440509e+00   4.9524300e+00   1.6938394e+00   1.5985287e+00  -6.0174612e-01  -1.8847491e+00  -4.8028131e+00  -4.1896636e+00  -7.0727630e-01   1.8940282e+00   9.7827448e-01  -1.2364164e+00   1.5581305e+00   3.8574276e-01   2.0385180e+00   6.9089557e-01  -9.6924205e-01   3.7990144e-01  -1.9790220e-02   3.0885268e-01  -9.1340425e-03
   1.1226734e+01   5.6237099e+00   2.0868811e+00   3.3559781e+00   3.1516463e+00   1.1115359e+00  -1.6190105e+00  -3.3262622e+00  -2.6068716e+00  -2.0586159e+00  -9.0814226e-01  -2.8565068e-01   1.2456970e+00  -1.1776662e-01  -3.0880829e+00   2.9260844e+00  -4.2931968e-01   6.8327601e+00   1.8480559e+00  -1.6562726e+00  -8.4347687e-01  -1.8249108e-01  -4.2188983e-01  -2.7585885e-01
   1.3320799e+01   6.7292279e+00   1.8444316e+00   1.8015693e+00  -8.4261461e-02   3.9079427e+00   1.2076413e+00  -2.3280250e+00  -2.0331052e+00  -2.8033841e+00  -2.3020584e+00  -4.4851853e-01   4.3616957e-01   2.1736766e-01  -4.2987529e-01  -8.9041833e-01  -4.9734897e+00   4.1705729e+00   2.3731962e+00  -1.0543090e+00  -9.8579749e-01   9.4266050e-02  -5.3262024e-01  -1.1107924e-01
   1.3604622e+01   6.2949684e+00   5.4429751e-01   4.5554856e+00   1.6044984e+00   9.0762168e+00   4.3484073e+00  -2.5007170e+00  -3.5094287e+00  -4.4466603e+00  -4.7055933e+00  -1.0388039e+00  -1.3835379e+00  -2.0485423e-01   5.4652025e-01  -1.6419607e+00  -1.3849864e+00   9.2371853e-01   1.1405634e+00   8.0969003e-01  -7.7389506e-01  -8.9109489e-01  -3.7734413e-01   8.5165677e-02
   1.2374083e+01   7.1908942e+00   2.3831766e+00  -1.9133036e-01  -1.7342306e+00   3.9673583e+00   2.1746142e+00  -2.5959823e+00  -2.9121667e+00  -3.4673918e+00  -3.0898685e+00  -4.9731856e-01  -2.3289599e+00  -4.0443034e-01   5.8567008e-01  -2.5459687e+00  -4.1793373e-01  -2.8713668e+00  -1.4421825e+00   1.0203788e+00  -7.2919603e-01  -2.1116577e-01   1.4135867e+00   1.9421935e-01
   9.6247850e+00   5.0855954e+00   2.6372889e+00   1.8894869e+00   1.8991513e+00   2.4674059e+00  -3.9165181e-01  -1.9777485e+00  -3.3281834e+00  -3.0632544e+00  -1.0802534e+00  -1.3350215e-01  -2.5805825e-01  -9.8650994e-01  -2.8981957e-01  -2.6024577e+00   1.4836446e+00  -3.1743750e+00  -2.0956983e+00   2.1715251e+00  -4.5509932e-01   2.2760349e-02   1.9905419e+00   1.6195545e-01
   1.1817278e+01   6.7272690e+00   1.6764410e+00  -6.8438438e-01  -8.5848851e-01   2.9052978e+00   1.4143970e+00  -1.0589410e+00  -3.2175219e+00  -3.8118357e+00  -1.9943483e+00  -6.0984036e-01   1.9370079e+00  -1.1976480e+00  -1.3725423e+00   2.0310373e+00   5.3882644e+00   1.5028701e+00  -4.7098966e-02   7.4542507e-01  -5.1240903e-01   3.0348779e-01  -1.0578138e-01  -1.5259196e-01
   1.3495938e+01   5.0470162e+00   4.6293596e-01   8.9832608e-01   3.3920942e+00   4.8456846e+00   1.5849684e+00  -1.1950000e-02  -4.0394001e+00  -4.2402978e+00  -2.2675406e+00  -7.3960980e-01   3.4231341e+00  -1.5014736e-01  -3.3985087e-01   1.2236767e+00   3.6182717e+00   1.9225729e+00   1.9449155e-01   1.8485862e-01   1.5082606e-01   9.5777079e-01  -7.2439414e-01  -1.7165450e-01
   1.3344019e+01   5.4137119e+00   1.4115397e+00   3.3508060e+00   5.6016946e+00   5.0325241e+00   1.1156556e+00  -2.4607439e+00  -3.3251719e+00  -2.4236384e+00  -2.6548969e+00  -4.2315268e-01   1.1348967e+00  -1.0932214e+00   7.1900966e-01   1.7146800e+00   3.7275882e+00   3.1619790e+00   6.0176288e-01  -2.3601821e-03  -5.8728828e-01   4.2694417e-01  -9.5717936e-01  -2.7730996e-01
   1.3996116e+01   5.5171529e+00   2.2599633e+00   1.7074067e+00   4.0964673e+00   4.2876521e+00   4.9456205e-02  -9.9955914e-01  -3.0481193e+00  -2.3206968e+00  -1.8365703e+00  -4.8432774e-01  -1.5925587e+00  -7.0390423e-01   4.1885080e-01  -8.4461894e-01  -2.4061509e+00  -1.6533805e-01  -1.1338701e+00  -1.4232214e+00  -1.9193654e-01   5.5036026e-01  -7.3838709e-02  -1.2158661e-01
   1.3269534e+01   4.8523685e+00   1.8564418e+00   1.4830954e+00   4.3807073e+00   7.9272826e+00   3.0847974e+00  -5.6867669e-01  -4.5940947e+00  -4.1312199e+00  -3.6456025e+00  -1.1534463e+00  -2.9804023e+00  -1.6786614e-01   9.5161304e-01  -1.6948687e+00  -4.7055025e+00  -3.3811080e+00  -2.3960536e+00  -1.1210359e+00   1.2252873e+00   9.2906603e-01   1.2471435e+00   1.0833321e-01
   1.1144342e+01   4.2718315e+00   8.6876109e-01   5.6525298e-01   3.9336153e-01   3.1502982e+00  -1.1004076e+00  -3.0928157e+00  -3.6928435e+00  -2.5609667e+00  -1.8829459e+00  -5.5684289e-01  -3.1662682e+00  -4.9713835e-01   7.3209121e-01  -3.6423182e-01  -2.9379563e+00  -4.4020288e+00  -3.0243380e+00  -1.6272168e+00   4.3120708e-01   1.5436749e+00   1.0043854e+00   4.5101923e-01
   1.0299302e+01   5.7845734e+00   3.5345603e+00   1.3795798e+00   3.9499373e-01   5.2953903e-01  -1.9034928e+00  -3.0956695e+00  -1.1648788e+00  -9.0990442e-01  -7.6099388e-01  -2.2439529e-01  -4.3565129e-01  -3.4016719e-01   1.0958460e+00   1.0942659e+00   6.5063009e-01  -1.3251856e+00  -2.3784876e+00   7.5709494e-01  -1.9528336e-01   9.0245915e-01  -1.5112202e-01   2.3271621e-01
   1.0731829e+01   4.3053429e+00   2.5190408e+00   1.2128167e+00   1.6823895e+00   1.3834807e+00  -1.9929056e+00  -2.1768879e+00  -4.1159166e+00  -1.6158422e+00  -1.7722965e+00  -2.7232441e-01   1.5650544e+00   1.0866260e-01   7.5939420e-01   2.8001148e+00   3.4281250e+00   1.9470990e+00   4.8080640e-01   2.1377025e+00  -1.8708156e+00  -3.5051130e-01  -7.5697347e-01  -8.1510499e-02
   1.2822313e+01   4.3253620e+00   2.6750709e+00   2.8007124e+00   4.7121384e+00   6.8229130e+00  -3.6684908e-02   1.0900185e-01  -4.6754832e+00  -3.2500935e+00  -3.9276102e+00  -9.4663126e-01   1.3656867e+00   1.6578735e-01  -8.7302441e-01   2.0798011e+00   2.0538625e+00   1.2740055e+00   1.1485860e+00   6.6547037e-01   1.1107588e-01  -7.1015401e-01  -5.6153543e-01  -1.5280578e-01
   1.2230418e+01   5.1644311e+00   2.4375971e+00   4.0548589e+00   3.3769767e+00   2.9242598e+00  -1.3126020e+00  -1.4885976e+00  -4.7437648e+00  -1.9166391e+00  -1.4350979e+00  -3.1799065e-01   1.2348522e+00   1.4749278e+00  -7.8872343e-01  -5.2651694e-02   1.2201610e+00   7.3206516e-01   4.6246233e-01   7.5307723e-01   3.0878675e+00  -8.1481319e-01  -8.3969756e-01  -3.0365071e-01
   1.1598537e+01   5.6037103e+00   2.2657456e+00   3.0782605e+00   2.6284938e+00   1.6701577e+00  -5.2076564e-01  -2.4416091e+00  -6.8434093e-01  -1.8247370e+00  -1.7718963e+00  -4.3077084e-01  -6.5481166e-01   9.1228727e-01  -9.9322423e-01  -1.9459218e+00  -1.1944260e+00  -3.3677764e+00  -5.2724544e-01   5.2057970e-01   2.6465056e+00  -4.9111110e-01  -1.9188179e-01  -2.1674371e-01
   1.3195995e+01   5.8785605e+00   1.5406184e+00   9.9506513e-01   4.5544534e+00   5.0579560e+00  -1.0571717e+00   2.2803337e-01  -1.4796865e+00  -3.5507402e+00  -4.1096998e+00  -9.8573068e-01  -6.3423177e-02   1.5932420e+00   9.6316959e-01  -2.0330393e+00  -8.3337167e-01  -5.1263508e-01  -6.4792684e-01   1.6006592e+00   2.4117268e+00  -5.3733935e-01  -9.3335314e-01  -2.0202475e-01
   1.1357307e+01   5.3367282e+00   1.6337239e+00   1.4117265e+00   2.3317611e+00   7.0440021e-01  -9.5526818e-01   3.1555918e-02  -2.3377640e+00  -3.1697096e+00  -2.8781319e+00  -9.3787680e-01   1.0952069e-01   1.1483070e+00   2.1573451e+00  -9.6950140e-01  -9.6580794e-01  -1.4664236e+00  -8.0986738e-01   2.0372770e+00  -1.4964762e-01  -9.2733514e-01   3.7479056e-01   1.8037542e-01
   1.2255898e+01   7.6877851e+00   4.1983623e+00   1.8385670e+00   2.2752856e+00   2.6381859e+00  -2.0672410e+00  -3.2419126e-01  -2.9946303e-01  -2.0501619e+00  -2.2820098e+00  -3.6747480e-01   7.7360574e-01  -1.0569606e+00   3.3328370e+00  -7.3851860e-01   1.0780659e+00  -1.0698507e+00  -3.6953328e-01   9.9606237e-01  -5.5014492e-01  -8.9404798e-01   6.4024075e-01   1.5213147e-01
   1.2232867e+01   6.4215585e+00   4.1728913e+00   1.2022575e+00   2.3193658e+00   6.8040738e-01  -1.2305321e+00   8.9041873e-01  -1.4989241e+00  -3.9660288e+00  -2.1235555e+00  -4.6933564e-01   2.0508813e-01  -1.3511646e+00   4.0972775e-01  -1.2829295e+00  -3.1155020e-01  -1.4343353e+00  -9.5765770e-01   1.2049962e-01  -9.7117790e-01  -1.0669481e+00   5.9490336e-02  -3.3185537e-02
   1.3918624e+01   3.7507045e+00   5.2702901e+00  -7.9782798e-03   6.1777498e+00   3.4651764e+00  -1.4738397e+00   1.2926955e+00  -2.7243238e+00  -4.4936525e+00  -3.5266269e+00  -9.9180405e-01  -1.0697394e+00  -1.9753166e+00  -2.7046153e+00  -8.5154839e-01  -2.9068624e+00  -3.0421371e+00  -9.4159101e-02  -7.3964549e-01  -6.2240843e-01   1.2073821e+00   4.0900287e-01  -2.8172828e-02
   1.0833577e+01   5.2785216e+00   1.7123516e+00   4.1060479e-01  -8.6796302e-02  -1.8605979e+00  -2.6884554e+00  -5.9613804e-01  -2.5821004e+00  -3.5483864e+00  -2.1665879e+00  -6.7549048e-01  -4.0080361e-01  -2.0704750e-02  -1.6645172e+00  -9.9951517e-01  -2.6227800e+00  -1.1708845e+00  -6.7855976e-01  -5.9362557e-01   1.0466196e+00   2.5434208e+00  -4.5696892e-03  -5.4534695e-02
   1.1350935e+01   5.2963286e+00   1.3717091e+00   9.5707073e-01  -8.8192694e-01  -6.5451710e-01  -1.4795180e+00  -6.9038111e-01  -6.9148752e-01  -4.4790997e-01  -1.6469893e+00  -3.0665662e-01   7.2176288e-01   1.4516731e+00   6.3577357e-02  -7.2166069e-01  -1.2723197e+00  -2.6153347e-01   3.3170037e-01   9.4448308e-01   1.5691911e+00   1.8371890e+00  -5.9092560e-01  -6.7827910e-02
   1.2915506e+01   5.6176893e+00   3.6254060e+00  -7.7953981e-01   1.9150342e+00   9.8392731e-01  -2.2455326e+00   9.9151868e-01  -9.4541294e-01  -2.1737689e+00  -3.0702288e+00  -8.9371140e-01  -8.9346946e-02   1.8097875e-01   2.4305355e+00   1.0742274e+00   2.5420509e+00   3.3963810e+00   1.8708750e+00  -4.2468339e-01  -1.4637087e-01  -1.4568648e-01  -5.9810373e-01   1.1312596e-01
   1.3960304e+01   5.7586303e+00   4.4091290e+00  -4.9539701e-01   3.2683550e+00   1.6506135e+00  -1.1977505e+00   1.9155918e+00  -1.1888810e+00  -2.4251778e+00  -3.9611948e+00  -9.8443545e-01  -2.1970045e+00  -1.0622120e+00   1.3206440e+00   1.6453509e+00   4.8720592e-01   1.2436307e+00   2.0615793e+00  -1.2411655e+00  -2.0007594e+00  -2.0298223e+00   2.9831257e-01   3.4404302e-01
   9.3948717e+00   5.3188388e+00   3.8394450e+00   2.7481797e+00   1.6511391e+00   2.0814083e+00  -2.3026664e-02  -2.5361496e+00  -2.5529600e+00  -2.7782822e+00  -1.9066407e+00  -1.6691212e-01  -8.2992207e-01  -2.5799982e+00  -3.7218764e-01   2.6837098e+00  -2.3417457e+00   1.4691880e+00   3.4850553e+00  -9.5857694e-01  -8.0196583e-02  -1.2068056e+00   6.7195667e-02   1.7967117e-01
   9.8157451e+00   3.8524359e+00   3.2456557e+00   1.6612373e+00  -1.9170492e-02   6.6218842e-01   5.0159804e-01  -7.8829531e-01  -2.8888531e+00  -3.1903868e+00  -1.7813145e+00  -1.5399173e-01  -7.7826657e-01  -2.2896868e+00  -1.6518591e+00  -1.2911630e-01  -3.2488618e+00  -1.6581323e+00   1.2641804e+00  -1.0061396e+00   8.0071327e-01  -9.3009976e-01  -2.1023179e-01  -1.1205425e-01
   1.3742903e+01   2.7007892e+00   3.6488612e+00   2.1677077e+00   4.6178313e-02   3.6819219e+00   2.1323760e+00   9.0559682e-01  -2.1572173e-01  -3.6013728e+00  -4.0593755e+00  -1.0394265e+00   3.8227498e+00  -4.4764821e-02  -1.7576977e-01  -2.2929577e+00  -3.8773657e-01  -3.4420931e-01  -1.0960904e+00   2.4301601e+00   3.2678694e+00   6.6710700e-01  -9.8445593e-01  -3.4842266e-01
   1.0618888e+01   3.6331250e+00   2.0266322e+00  -3.9883544e-01  -8.0245739e-01  -1.6368417e+00  -3.7918130e-01  -1.3144908e+00  -1.1564302e+00  -3.4087822e+00  -3.2001751e+00  -7.1625964e-01   3.0832356e+00   1.8972620e+00   1.3305806e+00  -1.0925162e+00   2.4782655e+00   1.2514947e+00  -2.3837329e+00   1.7668078e+00   2.5233807e+00   3.3476858e-01  -1.0755167e+00  -2.6101786e-01
   1.4727425e+01   5.3613470e+00   4.1853020e+00   3.3877948e-01   1.4611777e+00   2.7146094e+00  -1.2267726e+00   1.3721884e+00   1.4826327e+00  -1.6684240e+00  -2.6738943e+00  -4.0841215e-01   1.0327992e+00   2.3483062e+00   1.6013412e+00  -9.5378353e-01   3.5518726e+00   1.3546430e+00  -3.9010436e+00   1.6198513e+00   4.7357206e-01  -7.7834287e-01  -2.8136291e-01   8.0674665e-03
   1.3948337e+01   5.3680500e+00   4.9733062e+00   9.3692708e-01   2.9907281e+00   3.0230868e+00  -1.3944270e+00   1.6286207e+00   4.7040640e-02  -3.6547083e+00  -4.0873302e+00  -8.6102570e-01   1.7099910e+00   2.1834951e+00   3.6343439e+00   6.3029846e-01   3.9994494e-01  -4.1999821e-01  -1.4858395e+00   2.6819604e+00   1.9858079e-01  -9.7347094e-01  -6.1036634e-01  -9.9025974e-02
   1.3627377e+01   5.3557860e+00   4.5775360e+00   6.9151106e-02   3.4773944e+00   3.3839222e+00  -3.2115665e+00   1.8638180e+00  -1.0709907e-01  -4.6459240e+00  -4.0378423e+00  -9.5494227e-01  -1.0857771e+00   9.6764419e-01   1.7489691e+00  -6.5379174e-01  -1.2449678e+00  -2.6951588e+00  -1.2026025e-01  -1.4222975e-01  -1.1524298e+00   2.2740308e-01   6.8756263e-01   3.8233152e-02
   1.3733899e+01   6.9111481e+00   7.2820310e+00   6.8142643e-01  -1.2106484e+00  -2.6014954e+00  -1.6155436e+00   2.4626351e+00  -6.3693151e-02  -3.3802386e+00  -3.4337506e+00  -5.9153354e-01  -3.9623945e-01  -2.6746076e-01   4.4688558e-01   1.1026577e-01  -2.1305370e+00  -1.6964014e+00   1.2334298e+00  -4.4910222e-01  -4.9347461e-01   8.7897443e-01   1.0332681e+00   1.2586424e-01
   1.3205979e+01   6.0412642e+00   5.6543933e+00  -5.1415780e-01   1.6944142e+00   1.4841622e+00  -1.2966047e+00   7.4183657e-01  -1.9064517e-01  -1.4645543e+00  -1.9693401e+00  -4.8580850e-01  -1.4859554e+00  -1.4792419e+00  -2.0623859e+00  -2.9309592e-01  -2.6329497e+00  -1.3557795e+00   1.7974364e+00  -2.3737675e+00  -9.2727554e-01   9.6226927e-01   8.2125670e-01   8.0405888e-02
   1.3564677e+01   4.6241197e+00   5.1052060e+00   1.3939802e+00   6.8641270e-01   1.4283647e+00  -5.0176321e-01   1.5159581e+00  -6.5139823e-01  -3.9269316e+00  -3.5716791e+00  -9.0679621e-01  -5.9381948e-01  -1.0965518e+00  -3.4451186e+00   1.7934698e-01   7.1775754e-01   3.4433252e+00   4.1680525e-01  -1.8187226e+00   7.5762821e-01  -4.3793224e-02  -5.2923472e-01  -1.9352400e-01
   1.1483054e+01   4.2804373e+00   2.5723696e+00  -7.2676966e-01  -1.4205606e+00  -6.6467717e-01  -1.0723020e+00  -1.2234948e+00  -1.2041598e+00  -2.9291736e+00  -2.7369931e+00  -6.7670210e-01   1.0914351e+00   1.5940373e-01  -7.1754411e-01   8.8227123e-01  -5.6715950e-01  -3.9916113e-01  -7.3346564e-01  -5.3640659e-01   1.0342809e+00  -9.7503752e-01  -9.2615364e-01   1.4272612e-01
   1.3704632e+01   6.1467338e+00   3.6553649e+00   1.0567528e+00   1.4234754e+00   3.6379120e+00  -1.1024870e+00   7.1721687e-01   1.5795065e+00  -2.7136188e+00  -3.8437763e+00  -7.8637274e-01   8.8799703e-01   1.2548493e+00   1.3172931e+00   2.8986871e-01  -5.3898047e-01  -1.6860525e+00   2.3341757e-01  -7.2117616e-01   8.3170492e-01  -9.6886576e-01   2.1236819e-01   3.1475258e-01
   1.4773154e+01   5.5190628e+00   5.3029977e+00   9.7786273e-01   4.7514360e-01  -2.1935313e-01  -2.0964412e+00   3.3659729e-01   2.4532382e-01  -3.5337669e+00  -3.2225220e+00  -3.3193106e-01   1.8601473e-01   1.5864860e+00   1.8106737e+00   3.4238228e-01  -8.4812960e-01  -3.0867929e+00  -7.7544977e-01  -1.3610406e+00  -1.6323645e-01  -2.1124432e+00  -4.1632331e-01   9.4163926e-02
   1.3251623e+01   5.8870810e+00   5.7158317e+00   9.7646706e-01  -1.0699101e+00  -1.3233761e+00   3.6043272e-01  -3.4585220e-01  -1.2858268e-01  -5.0779335e+00  -3.0103623e+00  -6.0705286e-01  -1.2042317e+00   1.5365768e+00   1.5315778e+00   3.1846049e-01  -2.0088873e+00  -2.2921774e+00  -3.3867592e-01  -2.7090454e+00  -1.1056058e+00  -7.8302432e-01   8.4193589e-01   1.1038944e-01
   1.1988581e+01   6.7899927e+00   4.2581468e+00  -1.7305335e-01  -1.4460623e+00  -2.8142225e+00  -2.9669366e+00  -2.7335211e+00  -5.9496993e-01  -4.9156811e+00  -3.7781850e+00  -6.2511615e-01  -2.1180705e+00   2.0894200e+00   2.4232870e+00   1.9022331e+00  -3.7823026e-01   8.3211567e-01  -1.2664205e+00  -3.8533173e+00  -1.7920574e+00   1.2993587e+00   1.4879999e+00   2.2166346e-02
   1.3290571e+01   7.8161340e+00   6.4751569e+00   2.1099016e+00  -6.2925262e-01   1.4970806e+00  -1.1752532e+00  -1.8112921e+00   3.4124473e-01  -3.1971982e+00  -2.3030409e+00  -4.7419604e-01  -9.6065219e-01   1.6873595e+00   4.0209529e+00   4.4217082e+00  -2.2639663e-01   1.7422336e-01  -2.6962030e+00  -2.7614924e+00  -1.1482156e+00   3.0464924e+00   1.0563630e+00   9.0623511e-02
   1.1576574e+01   7.6886662e+00   8.5582655e+00   3.2644950e+00  -3.1253054e-01  -3.8140800e-01  -3.2282289e+00  -4.7106587e+00  -2.6776760e+00  -2.5250965e+00  -1.3441828e+00  -3.6510995e-01   7.6651262e-01   1.5310679e+00   4.6354471e+00   3.7403120e+00  -2.3591668e-01  -1.1049136e+00  -3.2034972e-01   1.0744747e+00  -5.9366438e-01   2.0028310e+00   6.6234505e-01  -4.2163314e-02
   1.2016648e+01   7.9687835e+00   9.5972017e+00   5.8902551e+00  -1.9762709e+00  -2.2784484e+00  -3.5532256e+00  -3.4995220e+00  -8.0955311e-01  -1.7034872e+00  -2.6428189e+00  -6.0112070e-01   7.1770530e-01   2.8450095e-01   9.7620568e-01   4.2817263e-01  -9.9700869e-01  -3.5694477e+00  -1.7010843e-01   2.8028156e+00   8.6269315e-01   1.9999353e-02  -2.7096156e-01  -3.6517144e-01
   1.3775311e+01   9.0102699e+00   9.6502951e+00   3.5472379e+00  -1.1264282e+00  -2.5838284e+00  -2.2584750e+00  -2.7769401e-01  -9.1006759e-01  -2.6582900e+00  -2.6147785e+00  -6.2489879e-01   6.2912354e-01  -9.7637631e-01  -4.5109872e+00  -2.2850809e+00   3.1620654e-01  -8.0047514e-01   1.6981948e+00   4.2134538e+00   1.3081184e+00  -4.8130113e-01  -2.6301863e-01  -4.3549810e-01
   1.3267760e+01   7.5820836e+00   7.3934506e+00   2.6107891e+00  -1.7178168e+00  -2.7558808e+00  -1.9152929e+00   1.7644891e-01   7.5148025e-01  -3.1006024e+00  -2.0741854e+00  -8.9205877e-01  -1.8585695e-02  -1.8691981e+00  -6.2781125e+00  -2.6654919e+00   2.1997543e+00   1.5027301e+00   2.7807678e+00   3.4157596e+00  -1.5334810e-01  -1.7703885e+00  -1.2290621e-01  -4.4405436e-01
   1.1894704e+01   6.4174517e+00   2.8936602e+00   1.4766066e+00   3.2552223e-02  -1.3434045e+00  -1.4999032e+00  -2.2846340e-01  -1.4960150e+00  -2.5484906e+00  -2.0230275e+00  -8.7288806e-01  -1.4588185e+00  -2.3891128e+00  -4.7141472e+00  -5.9056227e-01   1.4072537e+00   2.9357587e+00   1.4078158e+00   6.8007430e-01   3.6339885e-01  -1.0430184e+00  -7.5451724e-01  -3.9958982e-01
   1.2929073e+01   6.4613955e+00   3.5583504e+00   2.9273329e+00   7.4387028e-01  -6.4456512e-01   2.3864016e-01   1.5995021e+00  -7.4660154e-01  -4.4139697e+00  -3.1230537e+00  -1.1432076e+00  -1.3828988e+00  -1.0661660e+00  -1.4933389e+00  -1.0725664e+00   7.7551617e-01   2.9111234e+00   1.1906170e-01  -5.2597966e-01  -9.0601823e-01   1.0971528e-01  -6.9255883e-01   1.0954051e-02
   1.1756427e+01   5.9869448e+00   4.4966244e+00   2.5031226e+00  -2.4639119e-01   7.6415185e-01  -1.2237177e+00   3.0890850e-02   3.8407158e-01  -3.5661341e+00  -3.2221202e+00  -1.0987091e+00   8.6533047e-01   1.8550358e-01   2.4531812e+00  -2.3068471e+00  -1.3718273e+00   4.8888428e-01  -4.0701770e-01   6.9814865e-02   6.6341841e-01  -1.3784110e-02  -6.1017607e-01   1.2748542e-01
   1.1262550e+01   6.1980881e+00   4.3519602e+00   4.8868158e-01  -4.1507088e-01   5.5702620e-01  -1.8747930e+00  -7.4219770e-01  -1.5475904e+00  -2.4272078e+00  -2.5134773e+00  -7.6271717e-01   2.3322616e-01   2.6233995e-01   1.0368728e+00  -3.3319670e+00  -2.9474754e+00  -1.4018473e+00  -3.3469940e-01  -1.0307118e+00  -1.0098505e+00   8.7894677e-01   1.6689873e-01   3.5564177e-01
   1.4025961e+01   6.8273608e+00   6.1766271e+00  -7.6433843e-01  -1.4457181e+00  -1.2108737e+00  -1.0537131e+00   1.0471088e+00  -1.0039298e-01  -3.5625477e+00  -3.2430798e+00  -8.7190515e-01   1.6966718e+00   1.8357652e+00   7.9677448e-01  -3.1074372e+00  -3.8557136e+00  -3.6454924e+00   4.3107124e-01   7.5707060e-01  -9.3111844e-01  -7.2413261e-01   3.3573042e-02   2.0442992e-01
   1.2144146e+01   6.4346974e+00   4.2736582e+00  -4.3688702e-01  -3.0776793e+00  -1.7598233e+00  -3.4841124e-01  -4.5467460e-01  -2.0191451e+00  -3.0973427e+00  -2.8622258e+00  -7.2314694e-01   1.6305688e+00   2.4255926e+00   1.8490079e+00  -2.4873446e-01  -3.7056031e+00  -1.1170085e+00   4.1959322e-02   4.9927270e-01  -8.0447262e-01  -1.0051601e+00  -7.0551014e-01  -2.0579117e-01
   1.3860637e+01   8.6222879e+00   5.7309371e+00  -1.6952489e+00  -4.6986574e+00  -3.5456619e+00  -1.3403018e+00   1.0227352e+00  -7.7682873e-01  -4.3172655e+00  -2.9973864e+00  -8.1184934e-01   1.5109411e-01   2.2211842e+00   2.4483070e+00   2.4928195e+00  -1.6307056e+00  -1.1533186e+00  -5.9218548e-01  -1.7928583e+00  -1.5598516e+00   4.4808829e-01  -3.0986285e-01  -1.1317297e-01
   1.3791065e+01   8.9390135e+00   7.3483170e+00   5.8103512e-01  -4.3470059e+00   4.8907576e-02  -1.6685597e+00   1.8898153e-02  -2.4160815e+00  -3.5575890e+00  -3.6945892e+00  -1.1014318e+00   2.6301314e-01   2.1151541e+00   2.2099051e+00   3.4488949e+00   1.6597717e+00  -8.7066780e-01  -1.6793892e+00  -1.6364289e+00  -1.1957523e-01  -9.6296191e-02   5.0419700e-02   1.2931725e-01
   1.3429142e+01   8.9069790e+00   8.3117583e+00   2.4659298e+00  -3.2571132e+00  -3.8452170e+00  -1.2819171e+00  -1.8789650e+00  -2.2417022e+00  -2.6602921e+00  -3.2916923e+00  -8.5252215e-01  -6.8404973e-02   1.4638036e+00   5.3848583e-01   3.9331764e+00   4.9107400e+00  -1.5062751e+00  -4.8811582e+00  -2.7424410e+00   2.1146353e+00   1.2165016e-02   1.8720895e-01   4.6868289e-01
   1.2754413e+01   9.4650829e+00   6.2981053e+00   2.6558660e+00  -1.3087940e+00  -2.9160474e+00  -2.8966874e+00  -1.4584679e+00  -1.4660712e+00  -4.0702737e+00  -2.6394433e+00  -5.0883466e-01   1.2656874e+00   6.2887275e-03  -1.9694557e+00   6.4991495e-01   3.6950225e+00  -4.3393615e-01  -3.2889477e+00  -4.6930650e-01   2.2125488e+00  -6.6132513e-01  -2.8095084e-01   4.9781037e-01
   1.4276356e+01   1.0554959e+01   7.0637718e+00   3.1671003e+00   1.1483466e+00  -4.3225971e+00  -8.0479752e+00  -2.3522433e+00   1.9201191e+00  -4.0426757e+00  -3.2441459e+00  -4.0512361e-01   2.2110470e+00  -7.3531929e-01  -3.5348229e+00  -1.4879333e+00   1.0699829e+00   4.0562449e+00  -1.1121224e+00   1.4205222e+00   9.1303137e-01  -1.0317334e-02  -1.2091957e+00   8.8236700e-02
   1.5265990e+01   8.1244568e+00   5.0181268e+00   1.2053223e+00  -1.0072020e+00  -3.6330660e-01  -3.2189522e+00  -4.4842243e-01  -1.1781689e+00  -3.8583849e+00  -4.1397887e+00  -5.7841556e-01   3.0013000e+00  -5.1267273e-01  -3.1886180e+00  -3.0943886e+00  -8.8920840e-01   5.4816652e+00   2.5200123e+00   1.2987308e+00  -5.3733515e-01   1.5534151e+00  -1.1974875e+00  -1.5386170e-01
   1.5489924e+01   8.4743132e+00   3.6495132e+00   9.5930178e-01  -1.8029349e+00   9.6277986e-01  -2.7889683e+00  -2.5320444e-01  -1.0161063e+00  -2.7817125e+00  -4.3553132e+00  -6.8537665e-01   9.8865394e-01   1.0990655e+00  -2.2319143e+00  -4.5857293e+00  -5.6275666e+00   4.0032396e+00   5.8733479e+00  -2.8921161e-01  -2.7193640e+00   2.8510538e+00   9.3513204e-01  -1.6340126e-01
   1.6649579e+01   9.7363965e+00   3.2223075e+00  -8.8181763e-01  -1.1669658e+00   2.6637618e+00  -1.7461725e+00  -5.5989117e-01  -8.0396123e-01  -2.3706325e+00  -3.8800909e+00  -5.9950069e-01  -9.7242811e-01   1.4832530e+00  -5.0824287e-01  -3.5798354e+00  -3.2526846e+00  -1.8412880e-01   3.9344956e+00  -9.5031585e-01  -1.3984830e+00   1.3900629e+00   2.0008123e+00  -3.5301170e-02
   1.5067542e+01   1.1397587e+01   4.6138099e+00  -2.6679236e+00  -7.2131214e+00   1.6872804e-01   2.5656791e-02  -2.7303264e+00  -2.3460308e+00  -5.0997119e-01  -1.9712968e+00  -6.3968293e-01  -1.3201681e+00   1.2903784e-01   9.9042206e-02  -2.7454235e+00  -2.7525711e+00  -2.1331965e+00   3.6952476e+00  -3.1409581e-01  -7.9114331e-01  -3.6907570e-01   1.6883327e+00  -1.2123516e-01
   1.4018538e+01   8.8876994e+00   3.7736141e+00  -2.3508182e+00  -3.1811356e+00  -2.4247389e-01   1.2754787e+00  -6.3533524e-01  -2.6109312e+00  -2.9091613e+00  -2.3305784e+00  -6.5421418e-01  -7.6685378e-01  -1.2816530e+00  -6.8906778e-01  -5.1905131e-01   5.7471922e-01  -1.5139301e+00   3.1956035e+00   1.0962367e+00  -3.8484896e-01  -5.9235629e-01   4.2394740e-01  -7.5199893e-02
   1.4825192e+01   9.0922185e+00   3.5224232e+00  -2.4243331e+00  -4.9247067e+00  -7.8389700e-01   1.2430776e+00  -6.8662612e-01  -1.2993363e+00  -3.0660617e+00  -2.5975704e+00  -8.3987265e-01   6.9083947e-01  -1.6377790e+00  -2.3709171e+00  -3.5178306e-01   4.8481289e+00   2.9659916e-01   5.4662602e-01   9.8198783e-01   1.3345125e+00  -1.2682179e-01  -6.7659555e-01  -8.5897391e-02
   1.5620473e+01   8.9666012e+00   2.7343992e+00  -1.7821898e+00  -1.4490943e+00   8.6917919e-01   2.4385223e+00   6.2613773e-02  -1.9045819e+00  -1.9811217e+00  -2.9310329e+00  -6.1220567e-01   9.6622473e-01   1.1116852e+00  -9.2543905e-01   5.2230430e-01   1.5784660e+00  -1.1599903e+00  -1.3673442e-01  -3.3835733e-01   8.0099025e-01   1.3725887e+00  -4.7099597e-02   1.4629873e-02
   1.5302834e+01   8.9014675e+00   1.5770417e+00  -3.4799124e+00  -8.0694859e-01   5.7800250e-02   2.6407402e-01  -1.6063191e+00  -6.9743666e-01  -1.1642237e+00  -2.6859628e+00  -7.8953327e-01  -2.2471007e+00  -3.2056759e-01   4.1617651e-01   2.0046769e+00   6.6770320e-01  -2.2690384e+00  -2.9566278e+00  -1.7153661e+00  -2.1912829e-01   4.5431573e-01   7.6869794e-01   1.3220047e-01
   1.5229054e+01   1.0650603e+01   3.3581463e+00  -1.0395721e+00  -2.8723157e+00  -2.4033080e+00   1.5598788e+00  -6.8302473e-01  -1.7103957e+00  -1.8011972e+00  -2.3570316e+00  -6.5743906e-01  -5.2274483e+00  -2.9233787e+00   2.7089479e-02   2.6842994e+00  -7.2903562e-02  -1.7600312e+00  -3.5785860e+00  -1.6040147e+00  -1.0291381e+00  -1.0064091e+00   1.0752822e+00  -7.2503807e-03
   1.1650250e+01   7.7693664e+00   3.8348144e+00   2.1137337e-01  -3.2115412e+00  -2.5512109e+00  -2.7525424e+00  -2.8868561e+00  -1.7251218e+00  -2.4745503e+00  -1.7315242e+00  -6.1895524e-01  -5.4294583e+00  -4.4332125e+00  -2.6151766e-01   2.5703412e+00   6.4420351e-01  -1.5867088e-01  -2.8408752e+00  -1.1380879e+00  -2.6668764e+00  -1.9144564e+00   6.6144552e-01   8.9103961e-02
   9.6055925e+00   5.1475836e+00   1.6461470e+00   3.9861636e-01  -3.5615337e-01  -4.6636209e-01  -1.4210484e+00  -1.7031397e+00  -2.9344465e+00  -2.8355721e+00  -1.7953289e+00  -7.0837025e-01  -7.2424757e-01  -1.6101995e+00  -8.2485968e-01  -9.1369562e-01   3.2277295e+00   3.0249710e+00  -1.0991477e+00  -2.0072664e-01   4.3498781e-01  -1.5985842e-01   3.1421632e-01   2.7552934e-02
   9.9703774e+00   5.0031582e+00   2.0407648e+00  -3.4349485e-01  -1.0987245e+00  -1.1486790e+00  -2.5067752e+00  -2.8033935e+00  -4.0857258e+00  -3.5187209e+00  -1.9746459e+00  -6.3041173e-01   5.1404412e+00   4.6146535e+00  -4.9107634e-02  -2.9099452e+00   5.1982348e-01   3.6369534e+00   5.8922588e-01   1.6988387e+00   2.3244387e+00   7.3076569e-01  -4.4965096e-01   1.6180066e-01
   1.4982620e+01   9.6184075e+00   3.0178816e+00  -2.1326814e+00   9.1287028e-01   1.4328825e+00  -2.1172631e-01  -1.0258460e+00   1.2238805e-01  -1.5188996e+00  -1.7641463e+00  -6.1038141e-01   6.3055733e+00   7.1783347e+00   9.9241793e-01  -3.6712577e+00  -2.2541743e+00   1.9636760e+00   5.3646668e-01   1.6966316e+00   2.4160382e+00   5.1300705e-01  -5.9257526e-01   1.0524539e-01
   1.6672399e+01   1.2455935e+01   3.0752857e+00  -2.8878955e+00  -3.0663178e+00   1.9545969e+00  -2.4733646e+00  -6.7724499e-01   2.3311891e-01  -2.0367380e+00  -2.4215920e+00  -4.2524868e-01   1.1859747e+00   3.2734750e+00   6.1731533e-01  -9.3797117e-01  -3.1265043e+00  -1.6574048e+00  -2.6280962e-01   9.1391720e-01   5.1294637e-01  -2.4287776e-01  -4.4565911e-03   1.5101206e-01
   1.5712942e+01   1.2188697e+01   2.6175135e+00  -3.8360699e+00  -2.7536182e+00   9.2751388e-01  -6.3305370e-01  -2.2126660e-01  -1.4698116e+00  -2.8070529e+00  -2.4607188e+00  -6.5308369e-01  -3.6134512e+00  -6.8717702e-01   2.4291844e+00   2.0851141e+00  -1.3695748e-01  -1.6963124e+00  -1.0438666e+00  -1.7829214e+00  -9.3376599e-01  -6.7283819e-01   2.0836041e-01   2.9884407e-01
   1.1384178e+01   8.6282257e+00   3.1669219e+00  -8.9875739e-01  -3.9552367e+00  -3.3821020e+00  -2.6903259e+00  -1.8348074e+00  -2.5202064e+00  -3.2389609e+00  -1.6330445e+00  -3.8254250e-01  -3.2575472e+00  -1.2273569e+00   3.2665351e+00   2.5113921e+00   1.3706181e+00  -4.1915448e-01   1.0260477e+00  -4.3798061e+00  -1.5696294e-01  -7.0191044e-01   2.0836572e-01   4.5993697e-01
   1.2206553e+01   1.0501496e+01   6.6158401e+00   4.2069244e-04   1.1518935e+00   1.5567634e+00  -1.6690456e+00  -3.1214468e+00   9.8401723e-02  -1.9270455e+00  -1.8458794e+00  -1.8346840e-01  -6.9490384e-01   1.0301639e+00   3.1988930e+00   4.6482220e-01   5.2232344e-02   9.6969103e-01   1.1710197e+00  -5.6010092e+00   2.4527281e-01   1.2364741e-01  -4.7717750e-01   5.0286380e-01
   1.3539272e+01   1.1458500e+01   5.9759250e+00  -1.0390526e+00  -2.9631464e+00   1.0112404e+00  -4.1629709e-01  -5.7968640e+00  -7.8643218e-01  -3.5296074e+00  -2.4164631e+00   2.9849125e-02   2.4912688e-01  -7.4923677e-02   8.4731571e-01   1.5749416e+00  -4.0908528e-01  -7.8579131e-01   8.3681249e-01  -3.8080790e+00  -1.8867463e+00  -4.7933967e-02  -3.0939080e-01   7.0916509e-02
   1.3593039e+01   1.2318806e+01   6.0113515e+00  -3.0686889e+00  -3.1713148e+00   1.8537924e-01  -1.3538650e-02  -6.6417521e+00  -1.9687895e+00  -2.4762585e+00  -2.7847757e+00  -1.0498381e-01  -1.5130280e+00  -1.8294286e+00  -1.3969458e+00   2.5902997e+00  -1.5043448e-01  -3.1672425e+00  -4.9983556e-01  -7.9545280e-01  -3.3258100e+00  -3.1689790e-01   3.1244837e-01  -3.0673694e-01
   1.1064626e+01   7.6071853e+00   4.7401397e+00   2.9982098e+00  -2.4072605e+00  -3.8750969e+00  -2.2628607e+00  -5.7867733e+00  -4.3167302e+00  -3.0362553e+00  -1.6276825e+00  -3.1541003e-01  -2.1927857e+00  -3.3871342e+00  -1.7015957e+00   3.0114600e+00   2.3669593e+00  -2.6316264e+00  -2.0977625e+00   2.3804068e+00  -2.2520598e+00   5.1243931e-01   1.0574434e+00  -3.4804404e-01
   1.1174334e+01   9.6830108e+00   5.1383141e+00   1.8672391e+00   6.4829882e-01  -7.5093174e-01  -1.4955172e+00  -4.3196714e+00  -3.1251643e+00  -2.6490684e+00  -1.7715971e+00  -4.7094423e-01  -5.8365867e-01  -2.2132151e+00  -1.7653040e+00   1.8107556e+00   1.8830438e+00   1.2776049e+00  -1.6389927e+00   2.8421497e+00  -4.3814951e-01  -1.1977428e-02   5.4278076e-01  -4.4806923e-01
   1.1459446e+01   7.6956963e+00   3.8600501e+00   1.0101734e+00  -1.3225142e+00  -2.4680437e+00  -2.8219517e+00  -3.3872941e+00  -3.5863345e+00  -2.6745435e+00  -1.3368873e+00  -3.0923672e-01   2.4720501e+00   3.9790974e+00  -5.2390139e-01  -3.3582385e+00  -5.3190221e-01   5.4450888e+00   9.0395553e-01   1.6036295e+00   9.6005783e-01  -3.1476738e-01  -8.9711321e-01  -4.4286478e-01
   1.2520141e+01   8.9547281e+00   3.8034404e+00   6.4146271e-01  -8.8912230e-01   1.3982600e+00  -2.1924821e+00  -3.5782671e+00  -2.9912116e+00  -2.6750806e+00  -2.1160022e+00  -7.8017431e-01   2.7115933e+00   4.8441686e+00  -2.0155195e-01  -1.7223277e+00  -1.2301171e+00   2.8181450e+00   9.7946278e-01   2.2649231e+00   1.3836078e+00  -1.0155342e+00  -1.0030622e+00  -1.1285445e-01
   1.4099797e+01   1.3939973e+01   4.6217245e+00  -1.4262598e+00  -2.4364032e+00   3.2179405e+00  -5.5844488e-01  -3.7520312e+00  -2.9436198e+00  -3.4954003e+00  -2.8011498e+00  -8.2509217e-01   1.0862925e+00   4.6660015e+00   8.9827817e-01  -3.9980714e-01   1.6939409e+00   1.6856715e+00   5.6197779e-01   1.2379364e+00   2.0510573e-01  -3.6603347e-01  -1.0119512e+00   9.7094437e-02
   1.3921549e+01   1.3827125e+01   4.4551490e+00   5.0196415e-01  -6.3993229e-01   6.3329361e-01  -1.1580764e+00  -7.3991820e-01  -1.3711100e+00  -3.7619413e+00  -2.5440592e+00  -3.8229819e-01   6.4676724e-01   1.3631350e+00   1.0504602e+00   5.1437854e-01   7.4047083e-01  -2.4446185e+00   1.5042372e+00   1.8201021e+00  -1.9594534e+00   9.1035958e-01  -1.7921533e-01   3.9489867e-01
   1.2388181e+01   1.2258500e+01   4.8816131e+00   4.8021193e-01   1.0938021e+00   4.4294673e-01  -2.4961879e+00  -2.9495640e+00  -4.0887267e+00  -2.6801634e+00  -2.6407856e+00  -3.6253313e-01   5.5256480e-02  -6.9765865e-01   1.0195953e+00  -1.1670047e+00  -8.1481595e-01  -2.0323380e+00   2.7737845e+00   1.7562259e+00  -3.5307125e+00   8.4226243e-02  -2.3228830e-01   1.2262833e-01
   1.4346100e+01   1.1840167e+01   5.2491864e+00   4.5979465e-01  -1.5435187e+00  -8.8117079e-01   1.0327452e+00  -1.2493475e+00  -5.3578382e+00  -1.7171596e+00  -2.4650073e+00  -4.1910582e-01  -1.4877100e+00  -3.5448970e+00  -2.5363072e-01  -4.6271006e-01  -9.7843456e-01  -1.3429345e+00   1.0638023e+00  -5.5042797e-01  -1.9573192e+00   3.6557394e-01   3.3326330e-01  -2.5079050e-01
   1.3970406e+01   1.3886964e+01   5.7540988e+00  -3.1556822e+00  -3.2068339e+00   9.2666573e-01   2.5068210e+00  -8.6297775e-01  -6.2463245e+00  -4.3914517e+00  -3.1891082e+00  -6.2274586e-01  -1.4638828e+00  -3.1930913e+00  -2.3734840e-01   1.6068847e+00  -4.5574190e-01  -9.2857748e-01  -6.9682307e-01  -4.4855074e-01   1.7682983e+00   4.9156548e-01   9.2190439e-01  -1.8665366e-01
   1.0898871e+01   7.6955480e+00   3.6384600e+00   1.6258461e+00   4.2733887e-02  -1.6229677e+00  -2.0638774e+00  -2.6088533e+00  -3.2282899e+00  -2.3579362e+00  -1.7700029e+00  -6.2837757e-01  -2.0420524e+00  -2.0338425e+00  -4.7105504e-01   2.8390004e+00   1.4554674e+00  -7.0046663e-01  -4.1051250e+00  -1.8421394e+00   3.0614849e+00   5.6912401e-01   1.0852363e+00  -1.5666641e-01
   1.1915971e+01   9.5411725e+00   5.3309537e+00   2.3075132e+00  -3.8293702e-01  -5.7902103e-01  -1.9931111e+00  -2.9426372e+00  -2.5010535e+00  -1.6224269e+00  -1.6054312e+00  -5.3787774e-01  -1.8331347e-01  -8.4173206e-01  -1.0444849e+00   2.8225048e+00   1.7937893e+00  -1.9194725e+00  -4.3665504e+00  -1.6664129e+00   2.6554527e+00   1.7170947e+00   1.1102118e+00  -3.7018258e-02
   1.2310239e+01   1.0962299e+01   4.7541764e+00   1.9866976e+00  -7.7226610e-01  -1.1790274e+00  -2.8749762e+00  -2.9727268e+00  -2.6382463e+00  -2.2479860e+00  -1.6289914e+00  -6.9653949e-01   1.6096406e+00   4.2809150e+00  -1.1673432e+00  -9.0848929e-01  -4.8227438e-01  -1.0733204e-01   8.7927513e-01   4.9398154e-01   1.6065485e-01  -4.2568770e-01   6.4633123e-02   6.9480463e-02
   1.2989752e+01   1.0990990e+01   3.6295132e+00   8.9764933e-01  -1.0864996e-01  -2.1745132e+00  -3.6374553e+00  -3.1806603e+00  -2.5581673e+00  -1.8707848e+00  -1.5942963e+00  -6.4419229e-01   1.4000224e+00   3.5546733e+00  -2.5131325e+00   4.2022168e-01   1.3756850e+00  -8.7469624e-01   1.3469250e+00   8.6838203e-01  -5.7116877e-01  -1.3847584e+00  -5.6708219e-02   2.5641040e-01
   1.2776441e+01   1.3392012e+01   2.7381654e+00   9.6804413e-01  -8.1782122e-01  -9.8621968e-01   7.7207314e-02  -1.7488694e+00  -2.9587508e+00  -2.8722888e+00  -1.6786207e+00  -4.7099960e-01  -1.6640926e-01   7.5541918e-01  -1.2795195e+00   9.8710696e-01   8.1618279e-01   5.5180116e-01   2.1787604e+00  -4.1314949e-01   3.2139861e-01  -6.3432059e-01   1.7455435e-01   2.1230398e-01
   1.3782904e+01   1.3658326e+01   2.5692604e+00   3.4471725e+00   1.7033681e+00  -1.9874692e+00  -1.4488155e+00  -2.2519929e+00  -3.1975544e+00  -3.3874131e+00  -1.6656789e+00  -2.6603208e-01  -2.0601405e-01   4.3388861e-01  -1.3342763e-01   7.2580486e-01   8.8151218e-01   6.2633239e-01   2.7824567e+00  -1.9081002e+00   1.3935201e+00   2.0716018e-01   3.1300157e-01   1.5363006e-01
   1.1664049e+01   1.0761760e+01   3.3650236e+00   2.1925965e+00  -4.5400094e-01  -4.4484760e-01  -7.0115551e-01  -4.0567848e+00  -1.8364548e+00  -2.4411527e+00  -1.3314686e+00  -5.6716362e-01  -9.3716647e-01  -1.9975117e+00  -1.5716653e-01  -1.0356887e+00  -2.9001788e-02  -3.6203061e-01  -5.8368205e-01  -1.8812938e+00   1.8541121e+00   1.3608100e+00   7.1095348e-01   3.1960758e-01
   1.3236927e+01   1.2956949e+01   3.1159427e+00   1.3740804e+00   1.0317082e+00  -1.5057007e+00   9.2541114e-01  -4.8888529e+00  -1.0290351e+00  -1.7756125e+00  -1.2983700e+00  -3.6566518e-01  -1.3468282e+00  -2.7242836e+00   7.4711431e-01  -2.1532359e+00  -1.4453612e+00  -3.6223176e-01   9.3139403e-01  -2.3670789e-01   1.0143916e+00   1.7967125e+00   2.7634759e-01   2.5058207e-01
   1.1643680e+01   1.0746433e+01   2.2290745e+00   4.5105711e-01  -5.2549395e-01  -1.7701499e+00  -1.9854291e+00  -3.2523801e+00  -1.2618423e+00  -1.6369741e+00  -7.9584495e-01   5.8228325e-02  -1.6647519e+00  -2.9969106e+00   1.0328267e+00  -2.1031117e-01  -1.0923179e+00  -2.2161192e+00  -2.4695932e+00   1.2899502e+00  -7.0415089e-01   1.3478908e+00   4.0168485e-01   2.6189957e-01
   1.1772846e+01   9.5795644e+00   4.2579064e+00   1.0880884e+00  -4.2892716e-01  -1.8681657e+00   5.9041236e-01  -3.0092570e+00  -1.9632732e+00  -1.0944336e+00  -1.5189693e+00  -2.0285495e-01  -2.6586815e+00  -4.6538858e+00   9.3595443e-01   9.3447886e-02  -1.5133247e+00  -1.2692048e+00  -3.6510004e+00   1.3364769e+00  -1.6239671e+00   6.1185358e-01   4.8839879e-01  -3.2589831e-02
   9.8989620e+00   7.9550863e+00   4.3432818e+00   2.0201257e+00  -1.3621601e+00  -3.5877939e+00  -4.2380459e+00  -3.0616574e+00  -2.4255621e+00  -7.5990594e-01  -6.1864165e-01  -2.5571938e-01  -4.1370315e-01  -8.2732673e-01   1.1270593e+00   4.3011757e-01   7.6567183e-01   1.4349502e+00  -7.9640593e-02   1.3104021e-01  -3.4200339e-01   3.6056475e-01   2.4692569e-01  -3.0852009e-01
   1.0121264e+01   7.3717935e+00   3.4627707e+00   7.2971795e-01  -8.1994577e-01  -2.5006858e+00  -3.4247810e+00  -2.9794988e+00  -2.8831260e+00  -1.2963662e+00  -6.5437345e-01  -2.5757608e-01   1.1066398e+00   3.5228578e+00   4.4082234e-01  -2.4072881e+00   8.6304829e-01   2.9849336e+00   1.2473649e+00  -5.0145536e-01   9.9442395e-02   6.4851186e-01   7.8910056e-01  -2.0724550e-01
   1.1848916e+01   1.0609328e+01   4.3172313e+00   1.2754187e+00   8.1852311e-01   6.9853544e-01  -9.7293275e-02  -3.0706989e+00  -1.3149210e+00  -9.9516064e-01  -8.5775436e-01  -3.7719124e-01   2.3009380e+00   6.7637463e+00   1.8921159e+00  -3.2141262e+00   7.0795643e-01   3.6524109e+00   4.3190237e+00   5.3192764e-01   3.8604449e-01   2.2401513e-01  -2.4278987e-01  -1.0133023e-01
   1.2457829e+01   1.3536730e+01   4.9321652e+00  -2.1504903e+00  -2.2469631e-01   4.6607005e-01   3.9108345e-01  -3.7569193e+00  -2.3694302e+00  -4.0385079e-03  -2.1576211e-01  -4.5298727e-01   2.6983298e-01   1.5749706e+00   5.5723434e-01  -1.1234152e+00  -1.5276777e+00  -4.4627681e-01   6.0334174e-01   8.1798765e-01   5.1117664e-01  -2.4876566e-01  -4.3854763e-01   2.2691937e-02
   1.2182087e+01   1.5018237e+01   6.4467584e+00  -1.3609595e+00  -5.9785016e-01   4.0744459e-01   3.3255744e-01  -1.8750557e+00  -2.1033433e+00  -1.0700471e+00  -1.2021321e+00  -3.1000913e-01  -2.4341637e+00  -4.9029093e+00  -2.1718177e+00   4.4031563e-01  -1.4633405e+00  -2.3799327e+00  -2.8388411e+00   7.2332993e-01  -1.8502747e-01  -7.8099404e-01  -3.6156957e-01   1.1810773e-01
   1.0359428e+01   7.5297947e+00   3.2338587e+00   3.6278422e-01  -2.4032757e+00  -3.0245556e+00  -2.7346937e+00  -2.3503390e+00  -1.7221499e+00  -1.6320715e+00  -1.1400060e+00  -2.5712923e-01  -1.3812061e+00  -4.1951993e+00  -1.6545960e+00   1.7665642e+00   2.2614548e+00   5.0274058e-01  -9.6497658e-01  -6.2587174e-02   2.9330629e-02  -8.7153926e-01  -9.1097720e-02   1.9589156e-01
   9.2468710e+00   6.2584319e+00   1.9086580e+00   6.7925487e-01  -2.8719788e-01  -1.1260508e+00  -2.7926663e+00  -2.6889942e+00  -1.9161024e+00  -1.3526352e+00  -9.3798676e-01  -2.9795867e-01   4.0132433e-01   1.0936543e+00  -6.9032076e-01  -1.0747404e+00   8.2167169e-01   1.1189860e+00   2.1688967e+00  -3.4809845e-01  -2.9452845e-01   2.5623193e-01   6.1492941e-01   1.9855279e-02
   1.1853627e+01   1.1623834e+01   4.7193213e+00  -5.2075118e-01   3.0121597e+00   1.9869286e+00   5.0623044e-01  -3.4438308e+00  -2.4190547e+00  -1.1700534e+00  -4.8448138e-01  -1.6517515e-01   1.1081966e+00   7.5363698e+00   2.4715829e+00  -2.2251155e+00  -1.5124523e+00  -3.0442987e-01   4.4373763e+00   1.1934861e+00  -3.0943087e-01  -3.7984177e-01  -8.2790094e-02  -7.9222148e-02
   1.2036973e+01   1.4611699e+01   4.6685460e+00  -2.5313024e+00  -2.0730603e+00  -4.1981845e-01   1.9654404e+00  -1.8504574e+00  -2.1966835e+00  -9.1670828e-01  -6.0750033e-01  -3.2620325e-01  -4.1626514e-02   2.9034879e+00   1.0292783e+00   4.3614021e-01  -2.9622129e+00  -4.1494641e+00   5.0478694e-01   1.3716740e+00   6.4949049e-01   3.4400513e-01   2.3016917e-02  -1.9059822e-01
   1.0626672e+01   1.4657716e+01   5.5612891e+00  -1.3696105e+00  -3.7790230e+00  -3.8343165e+00   1.5423173e+00  -9.7937815e-01  -2.0460056e+00  -2.4197976e+00  -1.4294344e+00  -3.6184016e-01  -3.0636745e+00  -4.4491642e+00  -2.5551037e+00   2.4885810e+00  -1.5668148e+00  -4.5543403e+00  -2.1278850e+00  -3.8792629e-01   5.0494845e-01  -3.4018444e-01  -3.7317977e-01  -1.4084166e-01
   9.7979091e+00   9.0967228e+00   3.0315917e+00   1.7578948e+00  -1.3349258e+00  -4.4396243e+00  -2.5535293e+00  -1.8637095e+00  -1.1283912e+00  -2.1175538e-01  -4.3098489e-01  -4.8552350e-01  -1.9844731e+00  -3.7490794e+00  -1.8926948e+00   2.0954868e+00   4.5016640e+00   9.4529108e-01  -1.5423075e+00  -1.9064277e+00  -2.2128625e-02   2.3027969e-01   3.3212042e-02   5.7118745e-02
   8.3776478e+00   7.7075759e+00   1.7051429e+00   1.0675217e+00   2.9287030e-01  -2.8346789e+00  -4.2611227e-01  -4.0190943e+00  -2.1957782e+00  -2.0328065e+00  -1.1325088e+00  -2.9677751e-01  -2.2141595e-01  -2.3263514e+00  -1.3772565e+00   9.2856734e-01   4.9308755e+00   3.5155069e+00  -4.6822140e-01  -1.7110485e+00   7.4770661e-01   5.9592887e-01   1.4032948e-01   1.6342261e-01
   1.0184776e+01   1.2463150e+01   3.7575769e+00  -6.0663823e-01   2.6434891e+00   4.9829936e-01   6.3619390e-01  -3.1902409e+00  -2.1549902e+00  -7.6478432e-01  -7.0614507e-01  -2.7305645e-01   9.7595691e-01   3.3876239e+00  -2.6537123e-02  -1.8026129e+00   2.3236492e+00   2.9376003e+00   1.6492273e+00   2.0567274e-01  -1.4664173e-01  -1.5872916e+00  -8.1784535e-01   6.6455914e-02
   1.0101115e+01   9.4849751e+00   3.1324118e+00   1.2055071e+00   1.6280828e+00  -1.0300180e+00  -7.5487639e-01  -2.8826851e+00  -4.1114619e-01  -1.2493898e+00  -1.0813601e+00  -2.2293977e-01   1.4613068e+00   3.2731804e+00   2.3434924e-01  -1.0049737e+00  -2.1500508e+00  -7.9788457e-01  -4.6432126e-01   1.4960423e+00   2.1675491e-02  -6.9641996e-01  -5.6084030e-01   7.0687604e-02
   1.0400111e+01   1.3289459e+01   2.2781515e+00  -1.0150172e+00   1.4829417e+00  -9.3555428e-01   8.4693640e-02  -2.1234049e+00  -2.2406698e+00  -2.9844012e+00  -1.6833273e+00  -4.2275850e-01  -8.3686314e-01  -8.1030815e-01  -1.8835417e+00  -9.7527551e-01  -3.2694090e+00  -2.1640080e+00  -1.3385759e+00   7.8373762e-01  -8.3014760e-01  -1.1182449e+00  -2.8813190e-01   1.0475224e-01
   1.0461940e+01   1.2204192e+01   2.7963794e+00  -2.3574926e-01  -2.3519322e+00  -3.3145789e+00  -8.4684403e-01  -2.3084489e+00  -2.1204251e+00  -1.9676280e+00  -1.4851781e+00  -1.1589509e-01  -9.6526477e-01  -1.5834070e+00  -2.0947791e-01  -5.3744503e-01  -1.1147427e+00  -3.9108666e-01  -6.9870256e-01   8.0887203e-01  -1.1298902e+00   6.5913833e-01   5.4878701e-01  -1.8697284e-02
   8.7490680e+00   9.8880793e+00   1.1002806e+00  -1.3489233e+00  -2.7061693e-01  -1.6054322e+00  -1.3256861e+00  -2.3017526e+00  -2.5455721e+00  -2.0830326e+00  -9.3643390e-01  -1.6945043e-01  -7.4938924e-01  -2.7679348e+00  -3.0520785e-04   1.5922441e+00   1.9818200e+00  -1.0663194e-01  -9.3500447e-02   6.5234443e-01   9.4071368e-03   8.0087043e-01   4.7907075e-01  -1.9813507e-01
   9.4787389e+00   8.8105544e+00   3.4071304e+00   5.6629257e-01   8.3274811e-01  -1.2817090e+00  -1.0977403e+00  -1.5802032e+00  -1.9535303e+00  -7.1136664e-01  -6.3162623e-01  -3.7763973e-01  -3.4251132e-01   1.2496810e+00   1.5014778e+00   4.1118379e-01   1.2193360e+00  -1.7502748e+00   1.3485159e+00   5.1595045e-01   2.3102558e-03   2.3189055e-01  -5.5257818e-01  -5.2601301e-01
   9.7676279e+00   1.0834376e+01   1.9723182e+00   9.7232792e-01   2.8633316e+00  -2.1119372e+00   6.9891125e-02  -1.5090111e+00  -2.3100065e+00  -2.4112262e+00  -1.3914971e+00  -5.8908878e-01   9.2537625e-01   4.3775591e+00   2.7534870e+00   7.4400689e-01  -9.9787951e-01  -4.2317001e+00   9.9942035e-01   8.0471421e-01   3.2036471e-01   4.4927093e-01  -3.8928432e-01  -3.3313298e-01
   9.4388933e+00   1.3605565e+01   4.6125773e+00  -7.7959920e-01  -2.0899025e+00  -5.6867386e+00   4.7814120e-01  -1.9308939e+00  -2.2347426e+00  -1.4556954e+00  -2.0865138e+00  -6.9509543e-01  -5.3077713e-01   2.7111204e+00   9.1729049e-01  -9.7881512e-01  -1.8812841e+00  -3.2246885e+00  -1.3809561e+00   4.4240782e-01   3.3453100e-01  -3.0089361e-01  -3.1922174e-02  -3.9188540e-03
   1.0157055e+01   1.4056913e+01   4.6277877e+00   4.4003290e-01  -3.0611091e-01  -5.7504676e+00  -6.1449638e-01  -9.1933594e-01  -1.9244189e+00  -1.0369618e+00  -7.9291661e-01  -5.1042206e-01  -1.4193284e+00  -2.8070613e+00   4.7913880e-02  -1.4022617e+00  -1.2130887e+00   2.6098992e-01  -2.7209652e+00  -8.7713386e-01  -2.4011456e-02   5.2866099e-03   9.9296673e-01   5.5046335e-01
   8.4878596e+00   1.1265967e+01   3.4553314e+00  -6.3578260e-01  -4.0445684e-01  -4.2994765e+00  -2.8269807e+00  -1.2114291e+00  -1.6445276e+00  -1.8498393e+00  -9.7879973e-01  -4.2285137e-01  -1.5978806e+00  -4.6140224e+00  -2.0922433e+00   4.6272971e-02  -7.0827532e-01   3.9240075e+00  -5.2273108e-01   2.1796442e-01  -2.9702609e-01  -3.7314341e-01   5.2418181e-01   2.8304354e-01
   8.1141521e+00   7.7935832e+00   2.6228120e+00  -1.2029729e+00   2.0097562e-01  -2.4140833e+00  -2.3589956e+00  -3.1844443e+00  -2.6411312e+00  -2.2062243e+00  -4.5590402e-01   1.0048422e-01  -2.0290661e+00  -2.6045525e+00  -2.1981367e+00  -1.7135251e+00  -3.2895701e+00   1.9571286e+00  -8.8120278e-01  -1.2361698e+00  -9.2347759e-01  -4.3663246e-01  -9.3936711e-01  -1.9655866e-03
   8.0635240e+00   9.8161964e+00   2.4767002e+00   1.1131317e-01  -3.4058587e+00  -1.4689195e+00   5.6629422e-01  -4.7139311e-01  -2.3219256e+00  -1.4307792e+00  -1.4687474e+00  -5.7598325e-01  -7.8623609e-01   2.6376584e+00  -6.6182024e-01  -8.9788083e-01  -3.6137554e+00   4.9033526e-01   9.5291656e-01  -1.0641369e-01   1.0441720e+00   1.7546748e+00  -3.0084231e-01   3.8303019e-02
