  -1.7010755e+00   7.5098137e-01   3.3719685e+00  -5.2044728e+00   1.1913825e+01  -2.3944285e+00   7.4062914e-01  -2.7137481e+00   1.0318321e+00  -1.0084542e+00   5.2722100e-01   1.7744747e-01   4.5438070e-01   1.4622477e-01  -1.9584126e-01   6.9454248e-01   3.4639037e-02   1.8690001e+00   4.2259285e+00   1.1427238e+00   9.0270439e-01   1.1209021e+00  -5.2001832e-01   8.5901528e-02
  -1.4348905e-01   3.7350319e-01   1.7524879e+00  -5.2666541e+00   1.2614364e+01  -1.3452784e+00   2.4535280e+00  -1.6281223e+00   1.6514030e+00  -3.8338860e-01   5.3890557e-01   2.6191682e-01   7.6864800e-01   4.5078479e-01  -1.9820403e+00   6.8696478e-01   3.2352862e-01   3.3297988e+00   5.9897355e+00   9.8635568e-01   1.1405156e+00   1.0345947e+00   1.9872159e-01   2.5182590e-01
  -2.7753427e-01   1.2197514e+00   2.7220475e-01  -5.1963507e+00   1.3069488e+01  -6.6673789e-01   5.9748033e+00  -1.5312595e+00   2.0414273e+00  -3.2944112e-01   5.6925917e-01   2.2601829e-01   3.1919446e-01   2.0021077e+00  -7.8601234e-01   1.0014928e+00   1.3380344e+00   2.9588040e+00   6.1675764e+00   2.9888359e+00   1.6044235e+00   1.4297593e+00   6.9762315e-01   1.0256011e-01
  -4.8261604e-01   1.8911926e+00   4.7155286e-01  -4.4242243e+00   1.2905192e+01   9.5794107e-01   6.7298001e+00  -1.0994235e+00   2.5554556e+00   2.3684986e-01   1.1211882e+00   3.6630133e-01   2.3968061e-01   3.5179608e+00   3.0263875e+00   2.3230672e+00  -6.3565641e-01   5.0869821e-01   1.8548837e+00   1.9845950e+00   9.1243445e-01   1.2045562e+00   9.3515979e-01  -6.4490606e-02
  -1.0527203e+00   2.9952983e+00   2.8334175e+00  -4.1234485e+00   1.3775462e+01   8.9216778e-01   7.8538577e+00   1.5051563e+00   2.9864410e+00   8.2606545e-01   1.2825144e+00   2.7909538e-01   2.5804126e+00   4.6192095e+00   4.3184859e+00   3.3986120e+00   7.9861232e-01   3.8420062e-01  -1.4295245e+00   1.5955135e+00  -2.7155934e-01   2.7644129e-01   5.2975179e-01  -1.8944356e-01
   6.0362489e-01   4.7626710e+00   5.0114628e+00  -2.3185044e+00   1.1307893e+01  -1.3616839e+00   4.2963264e+00  -1.6943781e-01   2.5475478e+00   8.4569234e-01   1.5850176e+00   1.3864237e-01   4.4221328e+00   5.6120748e+00   4.5919094e+00   4.2203373e+00   9.2165449e-01  -8.8932640e-01  -3.7309483e+00  -3.1482718e-01  -1.9346824e+00  -3.1084074e-01   1.2934333e-01  -5.3524858e-02
   3.0499642e+00   6.7128265e+00   4.4799786e+00  -1.1512927e+00   1.5066057e+01   1.0693755e+00   5.0472534e+00   3.9701786e-01   1.6380422e+00  -2.1920043e-01   1.1319721e+00   5.5682421e-02   6.4270009e+00   4.3500403e+00   2.6048426e+00   2.9793971e+00  -2.7701290e+00  -1.9127352e+00  -4.8147677e+00  -1.2814859e+00  -1.7004606e+00   5.4822164e-01   4.5162467e-01   1.0910963e-01
   4.0992409e+00   8.4505407e+00   6.5361364e+00   4.2020380e-01   1.3642377e+01  -4.6465240e-01   2.5366798e+00  -1.0175950e+00   3.2763144e-01   2.9322170e-01   1.3904743e+00   3.9772052e-01   5.5651056e+00   1.6396165e+00  -5.4750676e-01   7.5777153e-01  -5.0339318e+00  -1.0091830e+00  -2.5614103e+00   1.2839852e+00   5.2554583e-01   2.5093833e+00   3.9584692e-01   1.3396226e-01
   6.8399729e+00   7.6764239e+00   5.9783446e+00  -1.0237070e+00   8.4530261e+00  -2.4254507e+00   1.5115294e+00   7.0061660e-03   1.5457082e+00   1.9246332e+00   2.0572231e+00   3.1322075e-01   4.1045722e+00  -1.8036321e-01   3.6151994e-01  -1.0114254e+00  -6.8090632e+00  -4.3248825e+00  -3.4415434e+00   1.9924375e-01   2.0891300e+00   2.6683755e+00   1.2583719e+00   1.1881428e-01
   7.0562790e+00   6.7402971e+00   3.4410197e+00  -1.2456400e+00   7.0635102e+00  -1.1280453e+00   2.2220730e+00   1.9515458e+00   3.3820336e+00   3.5378505e+00   1.7161626e+00   2.1081659e-01   3.0609464e+00   1.0667565e+00   1.8099129e+00  -2.5120897e+00  -6.9374354e+00  -5.8341637e+00  -1.3214755e+00   8.2836320e-01   2.9793358e+00   2.2427689e+00   8.7355638e-01  -6.7325020e-02
   7.7283035e+00   7.2974035e+00   6.5698169e+00  -1.8355089e+00   8.1418953e+00  -5.0862518e+00   4.2241787e-02  -7.8868695e-01   3.2445361e+00   2.1610485e+00   2.8566859e+00   3.2735580e-01   1.1253460e+00   1.9389355e+00   2.5527614e+00  -4.1743901e+00  -3.9117467e+00  -5.4993754e+00   4.7258800e-01   1.1915531e+00   2.8118848e+00   1.3681092e+00   1.1889190e+00   2.8331814e-01
   8.2464952e+00   1.0240186e+01   8.9552697e+00  -2.9420298e+00   3.3917889e+00  -7.8854975e+00   1.2891104e+00   6.2279632e-01   3.9472212e+00   3.5391674e+00   2.3010775e+00   2.8966546e-01   1.2497752e+00   3.3884761e+00   4.9679471e+00  -3.6213855e+00  -2.7008992e+00  -5.6515193e+00   1.5009771e-01  -4.3609134e-01   4.1811039e-01   2.4061389e-01   1.0839133e+00   4.4590851e-01
   7.9328838e+00   8.8348829e+00   7.0503617e+00  -6.4370972e+00   4.4212667e+00  -7.2957878e+00   2.6868927e+00   2.4587105e+00   5.4809416e+00   3.9761386e+00   3.5481440e+00   6.9877352e-01   1.1368965e+00   2.8252088e+00   1.3178432e+00  -3.7914060e+00  -3.0102237e+00  -2.7984044e+00   1.9272107e+00   2.6633751e-01   7.8814357e-01   7.1593103e-01   5.6467756e-01   4.0091193e-01
   8.8286515e+00   1.1054272e+01   1.0652668e+01  -4.3769241e+00   4.8724756e+00  -8.5005563e+00   1.1248941e+00  -3.2628990e-01   2.8909964e+00   2.9912263e+00   2.9963034e+00   6.9397049e-01   9.5349890e-01  -7.0736581e-01  -1.5127911e+00   8.0611786e-01  -1.5697592e+00  -1.5070761e-01  -1.0120443e+00  -5.1316930e-01  -6.0249831e-01  -1.5228770e+00  -7.6594874e-01   2.1449535e-01
   9.1425700e+00   1.1128174e+01   7.6978825e+00  -6.8051708e+00   2.8862164e+00  -8.9763291e+00   3.0151660e+00   8.5362429e-02   4.9548638e+00   3.5089156e+00   3.3560893e+00   7.2657118e-01   1.7170940e+00  -1.9529770e-02  -3.1271012e+00   1.0384204e+00  -2.0422456e+00   3.1663626e-01  -1.4349791e+00  -6.6639144e-01  -1.0112392e+00  -1.6652363e+00  -1.8661156e+00  -4.8329118e-02
   9.0719005e+00   8.0324915e+00   6.3623226e+00  -1.5488162e+00   1.8046752e+00  -7.2712882e+00  -3.9309271e-01   1.0397164e+00   3.3065126e+00   1.4884635e+00   1.2481818e+00   5.9750965e-01   4.3516060e-01  -3.0635016e+00  -5.8664059e+00   2.8519641e-01  -1.8047642e+00   3.0755940e+00  -1.4011214e-01   2.2698065e+00  -5.1246268e-02   3.8840969e-01  -1.0488276e+00   2.6627883e-02
   1.0386900e+01   1.0316478e+01   4.5048826e+00  -6.2935205e+00   2.8917985e+00  -7.4354674e+00   1.2934174e+00   7.7612019e-01   3.7563247e+00   2.2296656e+00   1.6230314e+00   6.7451026e-01   2.7421672e-01  -1.8195410e+00  -2.3339977e+00   3.4702917e-01   5.7499772e-01   5.3568959e+00  -5.3832466e-01   2.3482883e-01  -7.1931293e-01   2.8632449e-01  -6.8884169e-01  -1.8180063e-01
   8.8592273e+00   6.8648669e+00   3.4495591e+00  -4.2049547e+00   2.1625383e+00  -4.6575961e+00   1.7756002e+00   2.7330409e+00   3.4133966e+00   4.2134658e+00   2.2895909e+00   7.5994277e-01  -4.9257985e-01   5.6926724e-02  -1.7392187e+00  -5.4861771e-01   8.4163224e-01   2.8291262e+00   1.9671139e+00   1.0290585e-01   8.9770163e-01   3.3118619e+00   9.1911595e-01  -3.2215449e-01
   9.6602317e+00   8.9826745e+00   5.6532677e+00  -4.9565578e+00   3.5697815e+00  -2.2478313e+00   1.1233326e+00  -4.0905658e-01   3.8224525e+00   2.5759012e+00   1.8021222e+00   3.7265368e-01  -1.4375619e+00  -1.7884065e+00  -7.7328142e-01   4.4361126e+00   1.0622423e+00   2.5273233e+00   4.7841168e-01   1.4794952e-01  -2.5918744e-01   1.3348899e+00  -5.5277534e-01  -5.1888789e-01
   8.6963650e+00   8.7847835e+00   3.1793021e+00  -3.0402241e+00   2.7281321e+00  -5.6214170e+00   2.6426206e+00   1.7866636e+00   4.6200012e+00   6.2831385e+00   2.5373103e+00   2.6520621e-01  -2.6200786e-01   2.4880648e+00   1.0576738e+00  -1.0842768e+00   3.3146545e+00  -3.3731693e-01   4.2351416e-02  -1.5707994e+00   1.0488852e+00  -5.9999520e-01  -4.2461913e-01  -9.7451957e-02
   8.3119886e+00   6.6739103e+00   3.4800889e+00  -2.2171695e-01   4.2023650e+00  -3.1625720e+00   1.5775247e+00   1.4712331e+00   2.7642413e+00   3.1971640e+00   6.7000866e-01   1.4354670e-01  -2.5842283e-01   3.0765138e+00   1.1707322e+00  -3.8161097e+00   5.0870888e+00  -1.0455761e+00  -1.0615473e+00  -6.4060431e-01   1.2858580e+00  -5.6594766e-01   2.1768646e-01   5.6211540e-01
   9.1403371e+00   1.1751346e+01   6.1226592e+00  -8.1987903e+00   6.8182283e+00  -4.7062012e+00   1.6120313e+00  -5.6330302e-01   5.5158300e+00   3.0028416e+00   2.2187189e+00   7.2831832e-01   1.1798883e+00   2.5070832e+00   2.9602281e+00  -4.1656756e+00   4.1642092e+00   3.9340170e-02  -8.0137907e-01  -2.7411534e+00  -6.4872305e-01  -2.8237252e+00   2.8607680e-01   6.2236301e-01
   9.0506114e+00   1.2114164e+01   5.9376875e+00  -8.1014393e+00   9.1553666e+00  -4.2738034e+00   4.6306226e-02  -1.9497974e-01   5.3033250e+00   3.3671281e+00   2.2879476e+00   9.8427072e-01   9.6053337e-01   1.6513245e+00   4.9469699e-01  -2.4075653e+00   1.6309122e+00   3.7024557e-01  -1.3023138e-01  -1.2493660e+00  -2.6298879e-01   6.3570943e-02   1.0496206e+00   5.0363827e-01
   1.0096886e+01   9.8252814e+00   6.3908450e+00  -5.3488763e+00   6.4979451e+00  -5.0067911e+00   2.2061612e+00  -1.4919601e+00   2.3773748e+00   1.9625687e+00   2.1574561e+00   7.7838872e-01  -3.9301834e-01  -4.2398980e+00  -2.1986567e+00   5.2376168e+00  -3.1028668e+00   2.7031612e+00   2.3620361e+00   1.4595662e+00  -2.5021003e+00  -4.2594038e-01  -5.2780387e-01  -6.9123175e-02
   9.2745141e+00   1.0113929e+01   4.0880415e+00  -5.2580219e+00   6.8088749e+00  -2.4569087e+00   1.0851127e+00   6.1512695e-02   3.9389857e+00   3.8126569e+00   2.2750710e+00   8.7396891e-01  -1.0161064e+00  -3.0729887e+00  -9.0997342e-01   3.6931728e+00  -3.0139987e+00   3.3693796e+00   2.7610765e+00  -3.4763691e-01  -2.7109033e+00  -8.6566848e-01  -2.3238490e-01  -3.4506471e-01
   8.4388582e+00   6.3916165e+00   3.7494970e+00  -1.7640739e+00   3.3371739e+00  -1.5599068e+00   4.6356823e+00   1.4978000e+00   2.4448491e+00   2.1411666e+00   1.4334514e+00   6.7978447e-01  -1.5333923e+00   3.6956026e-01  -3.5597105e-02  -1.2627910e+00   6.3429436e-02   2.3128643e+00   3.6097889e+00   1.3658770e-01   1.4091027e-01  -5.3386801e-01   4.8565599e-01  -2.9058397e-01
   8.3554658e+00   9.2215134e+00   5.8934013e+00  -4.3540814e+00   6.2147542e+00  -9.4317615e-01   2.9731605e+00  -2.2113152e+00   1.2032329e+00   1.9793264e+00   2.3013725e+00   5.1597578e-01  -8.8238913e-01  -1.6040615e-01   7.0190803e-01   3.1329220e-01   1.1671712e+00   1.1976517e+00   1.5119092e+00  -1.1650131e+00  -5.7693969e-02  -1.2201294e+00  -1.7849085e-01  -4.7664222e-01
   8.2563218e+00   1.0825830e+01   5.4347694e+00  -7.6950330e+00   6.8901496e+00  -2.2943609e+00   6.6768207e+00  -1.5066460e-01   3.9566166e+00   2.0784319e+00   2.8727893e+00   5.2150932e-01  -2.9109526e-01   2.8489130e+00  -9.1543933e-01  -2.3759493e+00   4.0414878e+00   1.6213812e-02  -1.7987421e+00  -1.0186931e+00   2.9829400e+00   1.0811907e+00   9.6179554e-02  -5.0724656e-04
   8.0421987e+00   7.6562135e+00   4.2982674e+00  -1.8226040e+00   6.7831440e+00  -2.9320411e-01   2.3324073e+00  -8.6177457e-01   3.0965611e+00   2.0138302e+00   1.2876658e+00   2.3814316e-01   6.0989927e-02   2.4980351e-01  -2.0200692e+00  -1.1558074e-01   3.1782441e+00  -2.3479711e+00  -1.7981110e+00   8.1636619e-01   3.7009282e+00   8.6036126e-01   3.0640897e-01   2.2461232e-01
   8.1588489e+00   1.1447636e+01   3.1739050e+00  -6.5937364e+00   9.1152109e+00  -1.8605721e+00   2.2579457e+00  -7.0500993e-01   5.9725950e+00   3.7457007e+00   2.0845741e+00   8.1793991e-01   7.4143763e-01  -9.7898137e-01  -1.1750270e+00   8.8217294e-01   2.2278352e+00  -2.8776338e+00  -3.3731442e+00  -1.8392747e-01   3.1100695e-01  -1.2827603e-02   4.1489976e-01   1.6769999e-01
   8.4956871e+00   9.2853155e+00   3.9937297e+00  -5.0781008e+00   9.8695898e+00  -4.6820272e+00   2.4854315e+00  -7.0959323e-01   5.7466360e+00   2.4362339e+00   3.1550935e+00   7.0467896e-01   7.5167453e-02  -2.3266012e-01  -1.3715439e+00  -3.5024105e-01   1.6467468e+00  -3.4680423e+00   8.5317865e-02  -3.4989514e-01  -1.1315112e+00   3.6081879e-01   1.5618587e+00   3.6537848e-01
   9.1417340e+00   8.5428067e+00   3.8244978e+00  -4.7440252e+00   8.6886795e+00  -4.4164001e+00   1.5405924e+00  -5.0264647e-01   3.0980895e+00   1.8479886e+00   2.5614250e+00   5.3979141e-01   5.1128416e-01  -1.9822790e+00  -1.8332637e-01  -1.4017135e+00   2.1218289e-01   4.3587387e-01   1.4715648e+00  -1.4457815e+00  -3.8087100e+00  -1.1805519e+00   5.6871135e-01  -9.2817713e-02
   7.6635073e+00   8.7596380e+00   1.9156552e+00  -3.2728212e+00   9.4665298e+00  -4.2173535e+00   2.8190608e+00  -1.4877990e+00   2.8365470e+00   3.5039144e+00   3.3920284e+00   9.2528513e-01  -1.5151891e-01  -2.2059232e+00  -3.1785166e+00  -2.1918623e+00  -1.8263196e+00   4.2482266e+00   2.7092412e+00   1.7067560e-01  -3.9654492e+00   5.2303427e-02  -3.7979037e-01   2.4030524e-01
   9.3418650e+00   8.7370563e+00   3.9379527e+00  -9.5989465e+00   9.6350152e+00  -1.4390981e+00   4.2984782e+00  -2.4845792e+00   1.7145744e+00   1.4410325e+00   2.8191737e+00   5.6841026e-01  -4.0446496e+00  -1.7740473e+00  -5.4972309e+00  -4.6719767e+00   2.1310529e+00   4.2655638e+00   4.2752040e+00  -2.3560931e+00  -9.6586230e-01   2.0648833e-01  -2.6902601e-01   6.4878761e-01
   8.1683432e+00   5.8793060e+00  -8.3077257e-01  -5.9384337e+00   6.6569425e+00   2.0166165e-01   5.1703504e+00   5.3738655e-01   4.9021974e-01   2.7181671e+00   2.4565336e+00   1.0508274e+00  -4.1232814e+00  -4.1044704e+00  -4.9288562e+00  -4.0996450e+00   2.3192646e+00   1.7777012e+00   4.0571729e+00  -1.2565982e+00  -5.4978665e-01  -1.7200764e+00  -1.1919590e+00   2.9772729e-01
   2.8223416e+00   7.3219018e+00  -3.0481347e+00  -1.0419184e+01   1.3290052e+01  -2.2756205e-01   6.7777536e+00  -5.0493789e+00   2.8224597e+00   2.5505948e+00   2.6256334e+00   1.4502017e+00  -3.8826321e+00  -4.6582953e+00  -4.4364616e+00  -1.8447050e+00   2.1752221e+00   2.4957400e-01   5.2792416e+00   5.1329025e-01  -3.8864029e-01  -1.8423668e+00  -6.8628771e-01   1.5935515e-01
   4.7383468e+00   3.3105095e+00  -1.9845854e+00  -9.0121699e+00   1.1117908e+01  -2.1565698e+00   7.6651824e+00  -2.0902965e+00   1.4579244e+00   3.6901870e-01   1.7008601e+00   9.3098035e-01   7.5946199e-02  -5.0850572e+00  -2.8020342e-01  -4.0256556e+00   2.3372794e+00   3.3776177e+00   5.9718289e+00   2.5776397e+00  -7.6670895e-01  -1.9151381e+00   3.7056994e-01  -3.6296986e-01
   5.2329151e+00   3.0340116e+00  -2.1398332e+00  -1.0829136e+01   1.0667366e+01   1.1437861e-01   1.0969925e+01  -4.0080234e-01   6.4776167e-01  -1.4794353e-01   2.1675789e+00   8.6736650e-01   4.8285876e+00  -7.2842039e+00   1.6942985e+00   5.3419569e-01  -3.2497852e+00   6.9146185e+00   3.0881106e+00   6.1841195e+00  -3.2757035e+00  -1.4466344e+00  -6.3468998e-01  -6.6821322e-01
   7.0769758e+00   3.9566526e-01  -1.7052285e+00  -1.1771941e+01   1.1474205e+01   5.0971179e+00   1.2032008e+01   2.0795578e+00   4.2750535e-01   1.1947291e+00   3.2414158e+00   7.9779019e-01   3.7464036e+00  -5.7468056e+00   1.0270633e+00   1.1052824e+00   5.3164589e-02   8.4173484e+00   1.5962040e+00   5.0596201e+00  -1.1755829e+00  -2.0126415e-01  -1.2618060e-01  -3.1295316e-01
   8.8959086e+00  -2.1469818e+00  -6.4636541e-01  -8.2380049e+00   8.2372261e+00   6.5175219e+00   9.2265066e+00   2.1418732e+00  -1.5758860e+00  -3.2212042e-02   9.0332058e-01   5.1447693e-01   4.6405395e+00  -4.4800161e+00   3.4952594e+00  -4.3679547e-01   8.9725733e-01   1.9749701e+00  -6.6442658e-01   1.4580363e+00  -8.9201189e-01  -1.9406236e+00  -5.3277457e-01  -3.1362583e-01
   8.5264554e+00  -2.7192021e+00  -1.1907244e+00  -8.6498117e+00   1.2412725e+01   7.2678812e+00   1.0931197e+01   4.2277959e+00   8.0637388e-01   9.2567304e-03   2.1437183e+00   6.3799541e-01   1.6148556e+00  -8.3276504e-01   2.1443509e+00   7.4814095e-01  -5.3054100e-01  -4.9049526e-01   1.0263327e+00   7.7015247e-01   2.7437838e-01  -1.4288216e+00  -6.6572110e-01  -4.8488874e-01
   1.1468984e+01  -2.1285789e+00   2.8458039e+00  -1.3045394e+01   1.1543992e+01   1.9914522e+00   1.0523690e+01   7.1213302e-01  -8.7969043e-01  -2.4661427e+00   1.9172658e+00   4.7682515e-01   1.1387198e-01   2.3823818e+00  -4.7244023e-01   8.4916879e-01  -3.8581981e-01  -1.9166753e+00  -8.5683460e-02   8.7880742e-01   1.3870368e+00  -8.7283298e-01   2.3757163e-02  -4.0275439e-01
   8.2127212e+00  -8.6268375e-01  -2.3478675e-01  -8.2460354e+00   9.0250107e+00   6.6244099e+00   1.2922915e+01   3.9496566e+00   4.9097515e-01   2.6846193e-01   1.7358615e+00   8.9282969e-02   3.6501888e-01   1.6893939e+00  -2.4431990e+00   2.3890159e+00  -1.6569373e+00  -1.2876198e+00  -3.9636797e+00   1.1475502e-01   1.1481769e+00  -5.9252751e-01  -1.0416216e+00  -4.6279248e-01
   9.2235836e+00   4.9833174e-01  -1.8329946e+00  -7.1661399e+00   9.3523534e+00   3.9642446e+00   8.1021224e+00   3.5991540e+00   6.6236865e-01  -1.4710641e+00   1.1428847e+00   1.8470157e-01  -7.4532366e-01   1.4223233e+00  -5.2930114e+00   4.2650160e+00  -1.4571639e-01   2.5267727e+00  -5.2048826e+00   5.2462693e-01   7.7245849e-01   2.1536768e-01  -2.9188824e-01  -3.0163563e-01
   1.0196684e+01  -1.4985666e+00  -2.5161237e+00  -8.0059147e+00   1.1023138e+01   4.3500552e+00   6.1964617e+00   2.9564180e+00   1.7576097e+00  -1.3770738e+00   9.6847655e-01   8.9868478e-02   1.3771171e+00   4.3769522e-01  -1.4588300e+00  -1.5285038e+00   2.3742989e+00   2.0583441e-01  -4.7174155e+00  -3.6862599e+00   9.0381092e-02  -1.3934462e+00   3.9426495e-01  -3.0003464e-01
   9.3590175e+00   3.2284753e-01  -3.9530447e+00  -6.7679301e+00   1.0326354e+01   6.9187886e+00   6.0795931e+00   1.9956927e+00  -3.5431998e-01  -1.3203233e+00   1.8631259e+00   2.4078944e-02   4.8638070e-01   3.0897350e-01   8.7383305e-01  -1.8593069e+00   3.0829019e+00  -3.0314206e-01   4.0098174e-01  -2.6319856e+00  -3.3333963e-01  -1.4698207e+00   1.0941802e+00  -3.2319623e-01
   1.0210680e+01  -1.1839882e-01  -1.3630067e+00  -1.0737896e+01   1.2099459e+01   5.4558895e+00   6.8580568e+00  -7.7800258e-01   1.1348911e+00  -1.8970778e+00   1.9671383e+00  -2.8045768e-01  -8.5341858e-01   1.0525718e+00   9.5171483e-01   1.3057754e+00   9.3960777e-01  -1.7675420e-01   6.0947069e-01  -8.7176556e-01  -9.0121789e-01  -3.0953754e-01   3.8329501e-01  -1.0164210e-01
   9.9461568e+00   2.7170809e-01  -1.0988035e+00  -8.5891096e+00   1.3438546e+01   2.9566144e+00   8.3727974e+00   1.5183858e+00   4.7371851e-01  -3.4157932e+00   2.2848242e+00  -1.1492970e-01   5.0757598e-01  -1.4724476e+00   2.7698791e+00  -2.0440989e+00   4.1059937e+00  -2.1166096e+00   1.0155130e+00   1.6287600e-01   1.8637220e-01   3.6755907e-01  -6.8959647e-01   2.5428472e-01
   8.6229866e+00   1.0586085e-01  -2.5156720e+00  -5.1366620e+00   1.0876454e+01   6.0660110e+00   5.9640655e+00   1.8874231e+00  -8.2363597e-03  -7.9364521e-01   1.3325699e+00   6.9096443e-03  -2.2726881e-01  -7.4733476e-01   1.7071842e+00  -8.3146852e-01   2.2244408e+00   1.6702889e+00   1.6084275e-01  -8.7719202e-03  -2.3642014e+00   2.2654125e+00  -1.2874327e+00   4.4378927e-01
   1.0914228e+01  -1.9979537e+00   7.7810655e-01  -1.2634695e+01   1.7096847e+01   3.4388134e+00   8.0498583e+00   9.0729390e-01   4.9680205e-01  -1.3207010e+00   1.1460154e+00   2.6182237e-01   4.9242571e-01  -1.4655923e+00   1.8823249e+00  -3.9886639e+00   2.9339961e+00   1.9407751e+00  -1.2348255e+00  -2.0231166e+00  -7.9743949e-01   2.8596928e+00  -1.2567615e+00   3.7244643e-01
   9.3857410e+00  -1.0457006e-01   2.5931450e-01  -9.9623057e+00   1.3606970e+01   7.7202233e+00   7.2607905e+00  -4.8561450e-01  -2.4229527e+00   4.5349481e-01   6.0539370e-01   1.9685019e-01   1.9524885e-01   8.5683685e-01   1.2290870e+00  -3.1408124e+00   2.2282638e+00   1.1514285e+00  -6.7183101e-01  -1.9388784e+00  -1.2634044e+00   8.3193777e-01  -1.0452115e-01   1.9789836e-02
   1.0303418e+01  -1.8214650e+00   3.3719054e-01  -1.2159284e+01   1.6474282e+01   5.0406708e+00   5.8721968e+00  -3.2977027e-01   4.8491745e-01   2.5017602e-01   7.6327009e-01   3.4876967e-01  -1.9230507e+00   9.2716975e-01  -1.3486892e+00   4.3940232e+00  -2.7557924e+00   2.7031915e+00  -1.1542392e+00   4.5146303e-01  -8.3009426e-02   4.2441968e-01  -1.7411252e-02  -1.5126334e-01
   9.2212649e+00   1.3028718e+00  -4.5158351e-01  -1.0085586e+01   1.4530132e+01   6.9922250e+00   6.0451498e+00  -4.0236239e-01  -1.8974006e+00  -3.3117705e-01   1.3671609e+00  -6.8792500e-03  -1.4884958e+00  -7.7266341e-01  -1.6268375e+00   1.9218336e+00   3.9117749e-01  -2.8432907e-02  -9.0398152e-01   3.4335171e+00   1.7164069e+00  -1.3247592e+00   5.5786837e-01  -1.9616106e-01
   8.1118901e+00  -1.3109200e+00  -8.8947829e-01  -5.9820203e+00   1.2501577e+01   7.8575998e+00   6.9263198e+00   1.5428624e+00   1.0951187e-01  -2.9173555e-01   7.3901497e-01   1.3679208e-01  -2.1719455e+00  -7.4024890e-01  -1.0914369e+00   3.4762362e+00  -1.6879632e+00   2.0705009e+00  -9.1972663e-01   4.2562144e+00  -7.3202194e-01  -1.4608895e+00   4.1893313e-01  -1.7353368e-01
   8.2487614e+00  -1.5188377e+00  -1.5676074e+00  -1.0168187e+01   1.6180088e+01   6.2691094e+00   5.3777567e+00   3.7283449e+00   3.3936046e-01  -1.2626882e+00   1.4543238e+00   8.5973909e-03  -2.0312089e+00  -3.0335487e+00  -1.6877630e-01   5.0447808e-01  -1.8674467e+00   1.3976115e+00  -4.3044252e-01   3.1232238e+00   1.6988614e+00   7.7076774e-01   2.3653972e-01   2.1234659e-01
   7.5317517e+00  -1.5209836e+00  -7.4195291e-01  -6.9036290e+00   1.3117359e+01   8.5079800e+00   4.8263034e+00   3.9891977e+00  -1.7314960e+00  -1.4754026e+00   1.3480883e+00   8.0730828e-02   7.6682143e-02  -1.3593565e+00   1.4996066e+00  -1.0552947e+00  -2.1898993e+00  -4.8544550e-01  -7.6839096e-01  -1.2218299e+00   3.8835655e-01   4.1413981e-01  -3.5798043e-01   2.7150169e-01
   6.4645207e+00  -3.1424195e+00  -7.7851066e-01  -8.8680650e+00   1.1421071e+01   8.7634522e+00   6.4494942e+00   3.0593056e+00   1.5713954e+00   1.4168081e+00   1.4174338e+00   3.3967126e-01   8.7272932e-01  -2.0315864e+00   2.2750085e+00  -1.2555100e+00  -1.2111649e+00   7.1904314e-02   3.8011330e+00  -3.5593205e+00   2.4435850e+00   1.0933193e+00  -6.4795116e-01   4.5786178e-01
   9.1190337e+00  -2.5381639e+00   9.6538318e-01  -8.2150234e+00   1.1596237e+01   5.8822602e+00   5.2378646e+00   4.4637121e-02   7.6029232e-02  -1.0102740e+00   2.2048933e-01   3.7850768e-01   6.0509264e-01  -1.4969053e+00  -5.6704941e-02   1.3883278e-01  -5.6667715e-01  -1.6120641e-01   2.2635701e+00  -2.1492435e+00   2.0186203e+00   6.0564202e-01  -7.1442639e-01   1.3669882e-02
   8.7642144e+00  -4.0576272e+00   9.9123738e-01  -1.1395755e+01   1.5123902e+01   7.6898258e+00   1.0873676e+01   3.6164437e-01   3.1009754e+00   1.4472646e-01   1.0461966e+00   5.4650164e-01   6.8681193e-01  -1.1247004e-01   9.1770704e-01   3.2186153e-01  -3.8491554e-01   4.5943321e-01   1.9284057e+00  -1.1080959e+00  -1.0528423e-01  -7.7114392e-01  -3.7367419e-01  -3.6037951e-01
   7.2895439e+00  -3.3087378e+00  -1.7118843e+00  -5.4315349e+00   1.0415928e+01   8.8029836e+00   6.0095678e+00   2.1141631e+00   5.3164451e-01   6.9101213e-02   4.6206734e-01  -2.1795368e-03  -2.2305099e+00   1.0225806e+00  -9.8189744e-01   1.9635225e+00  -2.2185228e+00   1.5558157e+00   5.2901571e-01   2.3313659e+00   7.0373687e-02   5.5954592e-01   3.0686578e-01  -3.6990607e-01
   8.4094835e+00  -2.9258376e+00   1.9366836e+00  -9.7770169e+00   1.1433852e+01   7.9922403e+00   8.9562511e+00   3.6239879e-01   1.1856614e+00  -2.7959536e-01   7.3613349e-01  -1.0554394e-02   1.7162280e-01   1.8717612e+00   2.3948394e+00  -1.3860515e+00  -2.0328785e+00  -1.6989975e+00  -1.2066696e+00  -5.9658894e-02  -2.0924183e+00  -5.3041939e-01  -1.4506489e-01  -5.1127636e-01
   5.9506343e+00  -1.5701878e+00  -9.8018611e-01  -6.0791087e+00   1.0113478e+01   8.0647765e+00   6.9901004e+00   3.5413088e+00   1.1392467e+00   4.1205810e-02   8.3581954e-01   1.0217660e-01   1.1517434e+00   9.3640150e-01   3.7504847e+00  -5.6734427e+00   2.5333451e+00  -1.0588412e+00   1.6844239e+00   1.1165534e-02  -4.1802697e-01   2.9458024e-01   3.9523915e-01  -9.2572531e-02
   9.6911034e+00  -2.1192604e+00   4.2176473e+00  -1.3151045e+01   1.2225809e+01   5.5104331e+00   8.5734050e+00  -4.4141685e-01  -3.4145320e-01  -6.3695492e-01   6.4172312e-01  -2.7259097e-01   7.6016817e-01   1.4560900e+00   1.1760186e+00  -4.6417792e+00   4.2086650e+00   4.1138951e-01   5.3648262e-01  -8.3684565e-01  -8.7996774e-02  -1.1836087e+00   2.3649741e-01  -3.0873184e-01
   8.3763490e+00  -2.3074241e+00   2.7733609e+00  -1.2254685e+01   1.3819967e+01   8.4556253e+00   8.7276268e+00   2.5328192e+00   6.6816136e-01   6.8965136e-01   1.1021312e+00  -1.0020047e-02   1.1811014e+00   1.8036421e+00   5.4434224e-01  -3.2026520e+00   2.3717662e+00  -3.3565353e-02   1.6908075e+00  -1.7750591e+00   6.3010293e-01  -1.2182240e+00   4.8373709e-02  -3.5253533e-01
   8.3368784e+00  -3.7308443e-01   1.8239381e+00  -1.3651898e+01   1.5893605e+01   8.4139001e+00   8.8922118e+00  -3.8862486e-01   1.2892089e+00  -2.3792312e+00   9.5772374e-01  -4.1755384e-01  -1.4336236e+00   1.8766659e+00  -2.1691858e+00   3.0905732e+00   1.7198667e-01   7.2126553e-01   1.6974918e+00   6.4079803e-01   6.4535267e-01  -1.2696388e+00  -1.1606810e-01  -1.6566635e-01
   8.3993989e+00   2.6218731e-01   1.0331819e+00  -1.0632660e+01   1.1837229e+01   6.5626950e+00   9.3669083e+00   8.5232416e-01   1.2690701e+00  -9.1499209e-01   7.5037979e-01  -3.5414496e-01  -1.4490232e+00   4.0991711e-01  -1.1513554e+00   4.3954318e+00  -2.0864831e+00  -2.3122643e-01  -6.5874894e-01   7.8758746e-01  -4.5690697e-01  -1.3648522e+00  -9.0582134e-01  -2.5533802e-01
   7.5291431e+00  -5.8906725e-01   1.8339581e+00  -9.3261976e+00   1.3475158e+01   7.5387966e+00   1.0800002e+01   1.3600277e+00   3.2612144e-01  -1.7390914e+00   6.4349670e-01  -3.4902804e-01  -7.5681149e-01  -3.4726261e-01  -2.0504351e-01  -2.8632438e-01  -6.8367616e-01   2.5348384e+00  -1.8842602e+00   1.3370571e+00   5.4653451e-01   5.5004568e-01   2.2122397e-01   1.0570588e-01
   6.6066819e+00  -1.5845570e+00   1.0413177e+00  -7.8243872e+00   1.1899466e+01   8.5463374e+00   6.7856083e+00   2.8398741e+00   4.6434465e-01  -1.6776969e+00  -9.9487242e-02  -4.2728998e-01  -7.8506097e-01   8.5971003e-01  -9.6783498e-01  -5.7846650e+00   2.1692979e+00   5.3399396e+00  -3.1798140e+00   4.1330767e-02   1.2243282e+00  -5.4195887e-01  -1.4569702e-02   2.2536328e-01
   8.0980197e+00   2.9393825e-02   1.5123049e+00  -1.5485521e+01   1.4836972e+01   1.1224336e+01   7.3564714e+00   6.2318578e-01   2.5113734e+00  -1.1728103e+00   1.7144932e+00  -2.2242251e-01   3.8285746e-01   7.6363910e-01  -5.7836080e-01  -6.0882783e+00   7.4827664e-01   2.6317589e+00  -2.8328647e+00  -8.2836077e-01   2.2300100e+00   1.2018583e-01   1.8217620e-01   3.6347271e-01
   6.9373691e+00   1.2425218e+00  -2.5774395e-01  -1.6229996e+01   1.4410269e+01   1.2729834e+01   6.3189525e+00   1.2827413e+00   2.0129364e+00  -2.0110709e+00   1.9302698e-01  -7.9402803e-02   4.1719994e-01   1.7864693e+00  -3.2001768e-01  -4.5242505e+00  -1.8983568e-01   1.6126820e+00  -2.3242631e-01  -1.6219139e+00   1.0970033e+00   2.5109935e-01  -1.4437463e-02   2.4226591e-01
   7.9380856e+00  -8.5714802e-01   1.6159478e+00  -1.4255811e+01   1.3342172e+01   9.3946865e+00   6.7840329e+00   8.9605295e-01   2.8968405e+00  -1.3921256e+00   7.7050388e-01   2.2237442e-02  -2.5401467e-02   8.1320840e-01   9.9258990e-02   7.3862314e-02  -2.4741478e+00  -1.3048479e+00  -6.3932995e-01  -1.5001122e+00  -2.2809120e-01   1.1503388e+00  -7.8428198e-02   4.6339980e-02
   7.3124488e+00   1.5384179e+00   5.0946976e-01  -1.5225618e+01   1.2362112e+01   1.1880185e+01   6.7231882e+00   2.7056963e-01   1.9171160e+00  -1.1913902e+00   3.5085123e-01  -1.8622109e-01  -6.8269011e-01  -4.7965782e-01   1.1331790e+00   3.2123139e+00  -2.1712315e+00  -3.6282972e-01   9.8834510e-01   2.1626914e-01  -5.1442229e-01   1.0269408e+00  -4.4512249e-03   5.1577965e-02
   7.8723776e+00   1.1012584e+00   1.2775865e+00  -1.5876916e+01   1.2149829e+01   9.6918892e+00   6.1953587e+00  -1.1208967e+00   2.2171468e+00   1.4285752e-01   1.5179388e+00  -9.9503402e-02  -6.4401597e-01   1.0675412e+00   1.8207568e+00  -6.5900821e-01  -6.6268186e-01  -6.1891935e-01   1.2414099e+00  -8.5006411e-01  -1.6632580e-01  -1.7912058e-01  -1.0819831e-01   1.4522469e-01
   5.9461879e+00  -4.5616812e-01   1.6112052e+00  -1.0600972e+01   1.1749593e+01   1.2036989e+01   8.0958072e+00   2.6156198e+00   1.5811499e+00  -1.2381513e+00  -1.8736731e-01   5.8834566e-02  -7.0653619e-01  -5.0527353e-01   2.5308511e+00   2.0775656e+00   1.6353585e+00  -1.6281327e+00   1.6895639e+00   6.0395799e-01   1.1158048e+00  -6.7324002e-01  -6.5365289e-01   1.9691828e-01
   7.6551921e+00   1.7414568e+00   3.7962153e+00  -1.7556646e+01   1.2654409e+01   8.3879059e+00   7.9598382e+00  -1.5515683e+00   2.8153349e+00  -1.6374259e+00   8.7731568e-01   1.1754665e-01   2.7693792e-01   1.1920078e+00   2.9666003e+00  -1.3140797e-01   1.5585020e+00  -2.2620387e+00   1.4743227e+00   1.1485157e-01   6.5299451e-01  -1.1865607e+00  -7.9173455e-01   1.5297710e-01
   6.3612373e+00   4.6040842e-01   3.0464320e+00  -1.1269405e+01   1.4562860e+01   1.0089978e+01   8.3752942e+00   1.3918424e+00   3.2917292e+00  -1.3111085e+00  -3.0931656e-01   6.3131555e-04  -8.2975287e-02   5.4359970e-01   2.1586752e+00  -9.7506512e-01   4.1692570e+00  -2.1599293e+00   1.8748233e+00  -5.0486141e-01   7.8495130e-01  -1.1141666e+00  -3.9302682e-02  -2.4153744e-01
   8.0802598e+00   2.4309818e+00   5.0098736e+00  -1.5739812e+01   1.3080948e+01   7.2723365e+00   8.2670992e+00  -3.3673065e-01   2.3413489e+00  -1.6005049e+00   3.9131158e-01   1.5906387e-01  -9.7036260e-01   2.3268499e+00   1.8807552e+00  -7.2318085e-01   2.6098468e+00  -2.7691352e-01  -2.4048782e-01  -1.0598902e-02  -1.1369671e-01  -1.2287925e+00   1.6014302e-02  -4.3439408e-02
   5.6091911e+00   1.4468915e-02   4.2423888e+00  -1.2971987e+01   1.7790208e+01   9.3548793e+00   1.0754412e+01   1.2509089e+00   2.9955698e+00  -2.9278617e+00  -3.3192841e-03  -3.2423020e-01  -2.0381106e+00   4.1229837e+00  -2.0956629e-01  -1.3721021e+00   2.4522715e+00   1.7327413e+00  -2.2116788e+00   1.0558531e+00  -1.9269063e-01  -2.1553913e+00   2.3995384e-01   2.3895004e-01
   6.5756713e+00   5.4547013e+00   6.0193697e+00  -1.7790126e+01   1.4955505e+01   8.3400849e+00   6.4095477e+00  -1.4969999e+00   2.7928695e+00  -2.6722381e+00   7.4833850e-01   2.1481829e-01  -1.5713706e+00   1.5351231e+00  -1.0618093e+00   2.7574605e+00   8.5305034e-01   2.6525526e+00  -3.1484971e+00   2.4193344e-01  -6.2683338e-01  -1.5479845e+00  -3.9712811e-01   2.4160990e-01
   4.0563656e+00   5.1330243e+00   2.2273345e+00  -1.2302401e+01   1.7303989e+01   1.2155216e+01   5.9865517e+00   3.5557567e+00   2.7769329e+00  -4.0083288e+00  -1.2789926e-01   3.3117916e-01   8.9611058e-01   3.0447571e-01  -1.0454392e+00   6.7207792e-02  -1.1233783e+00   2.3074103e+00  -2.2442246e+00  -4.7161305e-01   7.3829625e-01  -1.9549861e-01  -2.2626006e-01   5.6844666e-01
   6.4996167e+00   2.1743888e+00   4.4246869e+00  -1.1938414e+01   1.4603633e+01   9.8509971e+00   5.9282836e+00  -1.1262544e+00   1.5104173e+00  -3.3822480e+00  -1.4209060e-01   1.9377405e-01  -2.1773041e-01  -3.7819652e+00  -3.0259091e+00   4.2530859e+00  -1.6357958e+00   2.7617107e+00   1.5823885e+00   1.1627071e+00  -8.9735588e-01   4.3224084e-01  -5.5728672e-01   3.6896046e-02
   6.9913843e+00   2.1113387e+00   3.4715714e+00  -1.5797031e+01   1.6281077e+01   1.2060539e+01   7.6287069e+00   3.5811655e-01   4.7442403e+00  -2.8661046e+00   1.0250518e-01   5.3896191e-01   1.2259842e+00  -2.2864739e+00  -1.2472129e+00  -5.5127064e-01  -1.0548534e+00   1.0673700e+00   2.3558688e+00   3.9330023e-01  -7.9688672e-02   1.1794490e+00   2.9417237e-01  -1.0907145e-01
   4.7815663e+00   1.2925963e+00   8.5838768e-01  -9.6631824e+00   1.3013267e+01   1.2529989e+01   7.9620529e+00   1.8458809e+00   4.6318203e-01  -2.5949889e+00  -2.0279381e-01   1.6627099e-01   1.4949489e-01   1.9391837e-01  -2.3806647e+00   1.2152033e+00  -9.1449455e-01  -7.7159304e-02   5.6298726e-01   2.9612203e+00  -9.5110815e-01   6.7536971e-01   5.4808173e-01  -1.8410253e-01
   6.7543672e+00   2.1442097e+00   2.1396647e+00  -1.4266923e+01   1.6516892e+01   1.2416775e+01   8.5034703e+00   2.6596394e+00   3.1810176e+00  -2.6327849e+00   3.4371090e-01   1.8132352e-01  -2.0540807e+00  -3.3615095e-01  -1.8173736e+00   3.7936121e+00  -5.1787335e-01   1.3494573e-01   9.4466528e-01   3.3678300e+00  -2.0535931e+00   2.0429437e+00   6.0101161e-01  -3.8501170e-01
   6.8423676e+00   2.4488309e+00   1.5196432e+00  -1.0880663e+01   1.3113984e+01   9.5571402e+00   6.3353828e+00   2.1648146e+00   8.6536644e-01  -2.4858533e+00   5.5942914e-01   9.6439447e-02  -1.1282955e+00   8.2637727e-01   1.2196332e+00  -1.1493273e+00   8.2439850e-01  -9.4198522e-01  -1.0223147e+00   6.7952177e-01  -2.4972319e-01   1.7914654e+00   1.7211566e-01  -6.9976744e-02
   2.8798626e+00   1.0289950e+00   4.1488327e-01  -9.4978726e+00   1.5453909e+01   1.3749382e+01   9.8590399e+00   5.2503947e+00   1.4627585e+00   1.4374309e-01   6.2291112e-01  -3.6398727e-03  -1.0515900e+00  -9.3690319e-02   3.7039937e+00  -2.9840634e+00   2.0019495e+00  -1.7728004e+00  -6.7644945e-01  -1.4777130e+00  -1.8945462e-01   1.9089487e-01  -8.3406371e-01  -6.3624973e-03
   5.0263754e+00   3.0897695e+00   3.5502283e+00  -1.3771699e+01   1.4781357e+01   1.0450708e+01   5.7507960e+00   1.5697859e+00   9.4772680e-01  -1.2960549e+00  -8.4220427e-02   1.5378757e-01   3.9434167e-01   2.2821325e+00   3.2037290e+00  -5.0740652e+00   1.4269876e+00  -3.3613633e-01  -1.9833465e+00  -2.4029470e+00   7.6041954e-01  -7.0613323e-02  -1.3591537e+00   5.6646097e-02
   6.0849783e+00   1.6832049e+00   6.6803627e+00  -1.7297501e+01   1.8686130e+01   9.3107900e+00   7.7810895e+00   7.4058436e-01   2.8556554e+00  -2.9413418e+00  -5.8555988e-01   1.4310571e-01   1.8811388e+00   1.9099468e+00   7.6509786e-01  -5.4211319e-01  -7.7629225e-01  -1.7312724e+00  -2.1622052e+00  -1.0048319e+00  -7.0628734e-01  -9.7787810e-01  -7.9684835e-01  -3.1011951e-02
   5.8313223e+00   5.5449248e+00   3.1924970e+00  -1.4591947e+01   1.3638355e+01   1.1272232e+01   4.3993382e+00   8.1529930e-01   1.3095473e+00  -1.0492308e+00  -8.7506590e-01   1.0803580e-01   8.0774347e-01   2.3776344e-01  -9.8221740e-01  -1.7905392e-01   2.9415383e-01   1.8065425e+00   9.5728557e-01  -1.2452402e-01  -2.3913464e-01   2.6225894e-01  -5.8702368e-01  -1.2485120e-01
   5.2990973e+00   2.6663375e+00   1.7413957e+00  -9.9009181e+00   1.4860971e+01   1.0741711e+01   7.2914610e+00   4.1203901e+00   2.2241722e-01  -1.4464861e+00  -1.7693867e-01  -2.7281917e-02   8.3924116e-01   2.7318045e-01  -5.9192325e-01  -1.2436072e+00  -1.1090194e+00   1.7745657e+00  -4.4455920e-01  -3.9451787e-01   9.6128131e-01   1.5007649e+00  -5.5666132e-01   5.5973228e-02
   6.6309310e+00   2.9548484e+00   4.5463857e+00  -1.7738571e+01   1.7135167e+01   1.2445061e+01   7.4315387e+00  -3.0690298e-01   1.9056440e+00  -1.6500943e+00  -1.1690666e+00   5.1704575e-02   6.3351476e-01  -3.2079223e+00   3.2631427e+00  -1.8161763e+00   1.1058957e+00   5.4676325e-01   2.1310993e+00  -4.6765881e-01   2.3138422e+00   4.2351353e-01  -6.2430185e-01   4.7506565e-02
   6.9440356e+00   3.3880138e+00   5.1155335e+00  -1.7589600e+01   1.5274195e+01   1.1386224e+01   5.5981505e+00   7.0990869e-01   3.9995291e+00  -3.8976266e-01  -1.2735515e+00   2.5523116e-01  -4.7809924e-01   1.6695935e-01   1.5412647e+00  -2.1088462e+00  -1.1939628e-01   1.6405964e+00  -1.6957753e+00  -2.1962704e-01   1.7296075e+00   1.0481205e+00  -7.0375214e-02  -4.8744058e-02
   5.9591253e+00   3.7220321e-01   6.4001422e+00  -1.3471871e+01   1.5090586e+01   1.1770120e+01   8.4426424e+00   1.8190518e+00   2.8917547e+00  -9.4232224e-01  -1.2632122e+00   3.8039108e-02  -1.5709135e+00   2.6032113e-01  -6.9664942e-01   2.1542071e+00   5.4301829e-01   1.4844028e+00  -1.3745288e+00   2.8187127e+00  -3.7954267e-01   2.1853131e-01   6.7782451e-01  -2.9408366e-01
   4.9178513e+00   4.2080991e+00   3.1264144e+00  -1.5197537e+01   1.5704167e+01   1.3540076e+01   4.2422462e+00   2.7279721e+00   2.3237731e+00  -2.2819137e-01  -2.3542865e-01  -9.3565270e-02  -7.1920624e-01   1.7768630e+00   6.6447537e-02  -1.4049294e+00   7.6648638e-01   8.1913032e-01  -1.3695600e+00  -4.0366296e-01  -1.9232296e+00   1.8978621e-02   6.8820717e-01  -3.5924188e-01
   5.2876529e+00   2.9352874e+00   4.4959711e+00  -1.5703291e+01   1.7734708e+01   1.3594739e+01   6.0476976e+00   2.9121344e+00   2.1742079e+00  -1.4030830e+00  -6.7139124e-01  -2.1502269e-01   8.0551807e-02   3.0152907e+00   1.2317114e+00  -2.8302890e+00  -8.9499145e-01  -1.5059985e-02  -2.3168219e+00  -1.6425928e+00  -7.4957892e-02  -5.7929068e-01   5.0065703e-01  -2.3025247e-01
   6.2009625e+00   4.7717662e+00   6.1672904e+00  -1.8581283e+01   1.5101863e+01   1.1702610e+01   4.7412829e+00  -4.4212705e-01   1.4734581e+00  -1.3091434e-01  -5.3715128e-01  -1.5710075e-01  -3.0612350e-01  -2.2368821e+00   3.1020679e+00   5.2174998e+00  -4.1080144e+00  -1.1830770e+00  -2.8284448e-02  -7.1309758e-01  -3.3001310e-01  -1.3807006e+00   1.2200878e-01  -2.2662946e-01
   5.4383974e+00   4.6133058e+00   6.7272713e+00  -1.6025431e+01   1.4049251e+01   1.2666264e+01   4.7178912e+00   9.4021207e-01   3.2044754e+00  -1.8598968e+00  -3.6136539e-01  -2.7557186e-01  -9.2178268e-01  -2.5458386e+00   2.6805356e+00   4.4092529e+00  -3.0370149e+00  -1.0198726e+00   8.0640314e-01   8.5856092e-01   9.3452927e-01  -2.4874231e+00   8.1726767e-01  -1.7129824e-01
   4.3832938e+00   1.3766746e-02   6.6638662e+00  -7.2102176e+00   1.1384874e+01   1.2229699e+01   4.8647227e+00   2.6442869e+00   1.3136197e+00  -2.0708354e+00  -2.0742840e-01  -4.0323487e-01  -1.2849649e+00  -4.6151796e-01   8.6904924e-01   1.8368710e+00   8.5236981e-01  -2.5235097e+00   1.3757408e+00   1.2807294e+00   2.2874381e+00  -1.9995023e+00   8.3954453e-01  -3.0940583e-02
   4.8138132e+00   1.4955292e+00   8.2684866e+00  -1.4774945e+01   1.5037680e+01   1.1801386e+01   7.1955824e+00   2.6567688e+00   3.6559210e+00  -4.1642571e+00   3.8964883e-01  -3.4890299e-01  -1.1141045e+00   2.0018652e+00  -2.5282394e-01  -3.5735734e+00   5.0296846e+00  -2.1071638e+00   2.1387367e+00  -4.4266860e-01   2.7584317e+00   2.2992145e-01   8.8483749e-01   8.4800019e-03
   4.5858072e+00   5.6383775e+00   6.7002566e+00  -1.6451220e+01   1.5886203e+01   8.3497842e+00   5.5660486e+00   6.2068869e-01   4.6788924e+00  -1.9779877e+00   3.4665840e-01  -1.6684606e-01  -2.0487412e+00   4.2747658e+00  -1.7507529e+00  -3.4836220e+00   5.8244897e+00  -5.1153378e-01   1.4860372e+00  -3.6722379e-01   2.0411134e+00   2.4015539e+00   1.1875922e-01  -5.3040826e-02
   3.6659839e+00   4.8037981e+00   6.3298402e+00  -1.6765290e+01   1.9343113e+01   1.1445475e+01   7.5753333e+00   1.2880083e+00   5.6594867e+00  -1.5614385e+00   6.8884744e-01  -3.8104626e-01  -1.4533427e+00   2.7112155e+00  -3.3378044e+00   1.6320864e+00   2.0237502e+00   1.5205702e+00  -1.5153360e+00   1.5004548e+00  -3.2046926e-01   3.4374468e+00  -1.2887437e-01  -2.3449755e-01
   1.8840966e+00   4.7717809e+00   5.0070600e+00  -1.1440478e+01   1.7968892e+01   1.1640353e+01   6.9039030e+00   2.7778315e+00   3.3735070e+00   2.3008612e-01  -1.7888888e-01  -4.6672448e-01  -1.4558958e-01  -9.3516796e-01  -1.2900181e+00   4.1853668e+00  -2.8177192e+00   5.7523417e-02  -8.0674951e-01   3.8778738e+00  -2.7187679e+00   1.3549520e+00   1.1469967e-01  -3.3936573e-01
   3.9846545e+00   5.9956507e+00   4.1083783e+00  -1.4832186e+01   1.7031962e+01   1.2436956e+01   4.2536512e+00   3.8288797e+00   3.8279098e+00  -1.1212379e-01   4.5911092e-01  -5.5071010e-01   8.2023646e-01   8.0579032e-01  -2.4458653e-01   2.3320948e+00  -7.6176392e+00  -1.7156715e+00  -2.2773370e+00   2.8616150e+00  -1.7098126e+00  -1.7932506e-01  -1.1921020e-01  -3.5227053e-02
   4.2080875e+00   3.6396993e+00   5.8759605e+00  -1.1139722e+01   1.2815200e+01   7.9403286e+00   6.0167654e+00   5.1670637e+00   1.5165290e+00  -6.7021703e-01   6.3357617e-01  -5.9106273e-01   1.4497909e+00   2.9144725e+00  -2.0779587e-01  -2.3042398e+00  -7.0548116e+00  -1.0735954e+00  -3.3348387e+00   7.2715438e-01   8.3513137e-01  -1.2346495e+00  -5.5743003e-02   2.6268971e-01
   3.7343432e+00   6.5785244e+00   5.5285102e+00  -1.3417526e+01   1.0493500e+01   1.0721980e+01   4.6028966e+00   4.3858147e+00   4.0232568e+00  -1.3802745e+00   1.0379962e-01  -3.7171771e-01  -2.7383804e-01   4.3990026e+00   3.7969183e-01  -4.7940056e+00  -5.6616930e+00   1.0921236e+00  -2.1988839e+00  -2.6120920e+00   1.1554136e+00   5.7978192e-01  -7.1432829e-01   1.6273267e-01
   4.1839386e+00   8.8520528e+00   3.9853002e+00  -1.5604168e+01   1.0655905e+01   1.0887448e+01   1.7270222e+00   3.5900955e+00   4.5285306e+00  -9.8781278e-01  -8.4847737e-02  -1.6218611e-01  -7.2506397e-01   3.8639527e+00   8.7255038e-01  -9.3526617e+00   1.9186277e+00   4.6618216e+00   2.4923913e-01  -2.9081136e+00   2.9865545e+00   2.0613047e+00  -1.0390498e+00  -1.6910955e-01
   3.5859719e+00   9.9879779e+00   5.6232461e+00  -1.9790972e+01   9.6190695e+00   1.2601582e+01   3.1001970e+00   6.9922574e-01   4.0550295e+00   9.1634697e-01  -2.5316956e-01  -5.2104942e-01  -5.6119417e-01  -1.6207139e+00   2.5073085e+00  -3.6971620e+00   3.8674912e+00   1.3302488e+00   4.2008103e+00   3.6381918e-01  -3.0322976e-01   1.8080169e+00  -7.2080391e-01  -4.1289593e-01
   3.1946772e+00   7.7309017e+00   7.1374181e+00  -2.1981992e+01   1.6130357e+01   1.3993260e+01   7.1419739e+00   2.6481878e+00   5.9804744e+00   1.2734294e+00  -7.4651387e-01  -7.7006121e-01  -2.5215152e-01  -3.8678873e+00   4.3617425e+00  -1.0397739e+00   1.2500435e+00  -1.1364355e+00   4.9795486e+00   2.1559971e+00  -1.8834469e-01   1.1172172e+00  -1.0953771e-01  -2.3560055e-01
   3.3871826e+00   4.7080292e+00   7.7134140e+00  -1.5774357e+01   1.3557511e+01   1.1164447e+01   8.1966362e+00   5.4024973e+00   2.8424402e+00   2.0112982e-01  -6.4657318e-01  -6.8712406e-01   1.3430276e+00  -1.3060782e+00   2.2972703e+00   2.2271870e-01  -1.3482414e+00   6.0478468e-01   4.0675941e-01   5.0719059e-01   1.4248595e+00  -3.6701251e-01  -9.0396636e-02   1.3102479e-01
   3.9051060e+00   5.6901962e+00   9.4828300e+00  -1.9172136e+01   1.0561750e+01   9.9013624e+00   6.6481255e+00   4.4724554e+00   4.8523082e+00   1.0456215e+00  -5.2452500e-02  -4.3254962e-01   1.1830464e+00  -2.5558958e-01   5.6797481e-01   4.4654271e+00  -5.1754277e+00  -3.8999200e-01  -2.5155453e+00  -3.4294638e-01   1.7197236e+00  -1.4578678e+00  -4.1750064e-02   4.6834791e-01
   5.2452988e+00   9.0492133e+00   7.8964455e+00  -2.0861821e+01   1.0381011e+01   1.5554708e+01   3.9572603e+00   5.4787784e-01   6.7564018e+00   4.7973210e-01  -7.3579520e-01  -4.9326803e-01  -2.1014959e-01   2.3074548e+00   8.6515436e-01  -4.0436439e-02  -1.5193978e+00   1.3195852e-01  -3.3934850e+00  -3.0640337e-01   2.7576072e+00  -6.8846575e-01  -3.6369518e-01   3.7610876e-01
   4.0401887e+00   5.1769253e+00   7.8978645e+00  -1.2740119e+01   9.9554657e+00   1.1213142e+01   5.4883439e+00   4.5610780e+00   6.6030789e+00  -1.0526735e+00  -7.6452796e-01  -1.6446736e-01  -1.0587773e+00   2.5021142e-01   2.1093429e+00   1.1580860e+00   2.2607839e+00  -2.6305939e+00  -1.5487207e+00   2.3915983e+00  -4.9384481e-03  -2.3576283e-01  -4.8123039e-01   1.5531478e-01
   3.0044168e+00   8.4258469e+00   9.8036283e+00  -1.9051020e+01   1.1581556e+01   1.0706496e+01   3.6862994e+00   4.8985809e+00   6.1034656e+00   2.1757870e-01  -8.3607823e-01  -2.5700206e-01  -2.1783683e+00  -2.6161565e-01   3.7714266e+00   2.7085710e+00   1.9543754e-01  -8.7583789e+00  -2.1333238e+00   4.3400540e+00  -1.3820533e+00   5.2737186e-01  -2.9940905e-01  -5.8052305e-02
   3.4373810e+00   6.3771966e+00   1.1693253e+01  -1.8340407e+01   1.3352653e+01   8.3795778e+00   4.4605248e+00   5.8845012e+00   5.1713686e+00   8.2305400e-01  -7.2415658e-01  -3.1771044e-01  -3.9426979e-01   7.9901748e-01   4.0290384e+00   5.2824452e-01  -3.5150997e+00  -6.5233711e+00  -6.5468530e-01   7.2914518e-01  -1.2090414e+00   6.4350963e-01   3.7765758e-03  -1.8415643e-01
   2.2791503e+00   8.0566542e+00   1.1655891e+01  -1.3998821e+01   8.9755736e+00   3.8339215e+00   1.2711842e+00   6.3962472e+00   5.3991770e+00   3.3292616e-01  -1.2050945e+00  -5.0372495e-01   1.6222417e+00  -8.5248495e-01   6.0906884e-01   4.4895636e+00  -5.6440671e+00  -2.8549578e+00   3.7207185e-02  -2.5381748e-01  -1.3070927e-01  -1.2484011e+00   3.8717115e-01   2.8039262e-02
   3.8114173e+00   6.5600478e+00   1.3015291e+01  -1.4473852e+01   5.9858075e+00   4.8643723e+00   5.7138736e+00   4.9059626e+00   5.1416612e+00  -1.4508274e-01  -5.7435498e-01  -3.1734056e-01   1.1218345e+00   2.3638195e+00  -5.8803155e-01   8.0582047e-01  -4.8231717e+00   1.7795628e+00  -1.5102228e+00  -1.2392733e+00   2.2264789e+00  -1.1356539e+00   2.1325066e-01   1.3831938e-01
   5.2507613e+00   7.0556938e+00   1.0056213e+01  -1.4249953e+01   6.7988786e+00   8.1816615e+00   3.1154358e+00   5.0071240e+00   5.9222554e+00  -1.1709546e+00  -3.3022230e-01  -2.1512810e-01   1.5664044e+00   3.1965828e+00  -2.7869403e-01  -5.3227638e+00   2.8796411e-01   5.3718831e+00   8.5655695e-01  -7.9209750e-01   2.4147534e+00  -1.1658419e-01   5.4493839e-01   7.6132244e-02
   3.6343273e+00   1.0423406e+01   1.1611045e+01  -1.7006111e+01   7.2062431e+00   8.8750519e+00   1.2730647e+00   4.7201529e+00   8.2495478e+00  -1.2848648e-01  -8.4171667e-01  -2.5452979e-01   6.7824324e-01   4.5628356e+00  -5.6535888e-01  -7.6242965e+00   4.1933889e+00   3.9667496e+00  -9.9339945e-01   7.9470766e-01   2.9500939e+00   9.0764901e-01   6.6766632e-02  -7.2330612e-02
   4.7173019e+00   1.0919849e+01   1.1939973e+01  -2.0716837e+01   8.7973019e+00   9.8864063e+00   4.7764241e+00   5.3010058e+00   7.4673638e+00   1.4975175e-01  -2.5400603e-01  -4.2093197e-01  -1.3319551e+00   2.3049666e+00  -4.2149312e-01  -9.5950214e-01   3.2469207e-01  -4.9751388e-01   3.6599934e+00   1.8147090e+00   3.2697226e-01   9.5826822e-01   4.6338542e-01  -1.9403683e-01
   5.0955119e+00   1.1472223e+01   1.1225372e+01  -2.2676855e+01   1.1276679e+01   9.9621243e+00   3.3932803e+00   5.9510832e+00   8.7942478e+00   5.5603759e-01  -5.1231317e-01  -3.2293455e-01   2.1926610e-01   2.4676681e-01  -2.5580496e+00   4.0615036e+00  -1.0752574e+00  -5.5886185e+00   5.2839463e+00  -3.7235268e-01  -5.1133036e-01  -1.7244007e+00   1.1143549e+00  -3.9714349e-01
   2.5222363e+00   9.9887350e+00   9.6168093e+00  -1.2853834e+01   5.2506986e+00   6.8918545e+00   7.5453181e+00   7.1137223e+00   6.1403638e+00  -7.5814326e-02   2.0015407e-01  -4.7198096e-01  -1.8282304e-01   2.2902431e-01  -4.4846410e+00   6.8452001e+00  -1.7315282e+00  -4.9446589e+00   4.1065113e+00  -2.0071865e+00   1.0700435e+00  -2.3935397e+00   9.2355912e-01  -2.4252623e-01
   5.0607593e+00   1.1259113e+01   8.9355523e+00  -1.4845357e+01   7.3666587e+00   1.9894000e+00   7.8145372e+00   3.2552656e+00   8.1460523e+00  -2.6023045e+00   6.0273556e-01  -8.2472053e-01   8.3123251e-01  -1.1930960e+00  -3.2672371e+00   6.4655808e+00  -3.2622369e+00  -3.3397722e+00   3.6813702e+00  -2.7769337e+00   9.3029060e-01  -2.3987243e+00   8.9457797e-01  -2.6311677e-01
   4.4604436e+00   1.1369941e+01   6.3579214e+00  -1.4364786e+01   8.1550199e+00   6.4557801e+00   8.7255626e+00   3.6381348e+00   9.3965268e+00  -1.8613868e+00   5.7380829e-01  -5.3382832e-01   1.7153701e+00   3.3433721e+00  -7.2996147e-01  -4.3619784e+00  -6.6157346e-01   3.8246169e+00  -8.3515282e-01  -1.5648746e+00   2.3238648e+00  -1.3672729e+00  -1.2028967e-01   5.6709132e-03
   5.3732570e+00   8.9919765e+00   7.9539605e+00  -1.2223008e+01   4.9311632e+00   5.1705031e+00   8.3252134e+00   3.5234764e+00   8.5616022e+00  -2.1492625e+00   6.4272668e-01  -6.8668601e-01   2.2773074e-01  -3.4263519e-01   2.9528942e-01   1.5148693e-01  -2.5807576e+00   3.9051744e+00  -1.6106047e+00   2.2737528e+00   1.0535873e-01   1.1817756e-01  -6.8839460e-01   7.7856087e-02
   4.9390425e+00   1.6137362e+01   9.0126631e+00  -2.0707976e+01   5.4760862e+00   1.1038228e+01   6.0372508e+00   4.6323051e+00   9.4183860e+00  -2.3532446e+00  -2.7600020e-04  -5.3249185e-01   2.0764533e-01  -5.8859749e-01   2.8442757e-01   7.2429413e-01  -1.7074857e+00  -1.7080519e+00  -2.0898539e+00   7.9039922e-01  -5.0271431e-01  -1.0246802e+00  -3.7881530e-01  -1.5119883e-02
   5.1630559e+00   8.3614503e+00   8.0511157e+00  -1.1446531e+01   4.8349892e+00   5.5559375e+00   6.7427860e+00   6.1688096e+00   8.2931608e+00  -2.1791092e+00  -1.4281419e-01  -7.0860463e-01  -6.5957281e-01   2.6183824e+00   4.4225485e-01   8.1451236e-01  -1.7550574e+00  -5.1903866e+00  -1.8504295e+00  -1.4110345e-01   3.9195501e-02  -8.1144172e-01  -4.1251119e-02   5.0642143e-02
   4.8770121e+00   1.0802308e+01   6.7359852e+00  -1.3666583e+01   5.6418783e+00   3.7009850e+00   6.3819954e+00   3.5010670e+00   8.7766761e+00  -3.3834838e+00   3.9835578e-01  -5.4554884e-01  -2.8111882e-01   5.5584281e-01   8.3479676e-01   3.3984195e+00  -1.7598054e+00  -8.2423011e+00  -8.0869706e-01  -2.1409798e+00   1.6536850e-01  -6.9253803e-01   7.2014000e-01  -7.8387986e-02
   4.4149130e+00   1.5587077e+01   9.7556817e+00  -1.4521936e+01   2.2156811e+00   1.0535449e+00   5.3771969e+00   3.8774402e+00   8.9412505e+00  -2.8513055e+00   3.8153411e-01  -6.0419430e-01   1.1921902e+00   2.3365443e+00   1.2844008e+00  -2.0801249e+00  -3.4311444e-01  -2.7936460e+00  -4.7363268e-01  -6.4974630e-01   2.3928818e-01  -9.1171321e-01   4.0085665e-01  -3.1193925e-02
   4.8914358e+00   1.3358312e+01   9.4125752e+00  -1.4072645e+01   4.1460322e+00   9.2597292e-01   5.5069998e+00   2.5665201e+00   9.3423939e+00  -3.0559535e+00   8.1775985e-01  -7.0227899e-01   1.5093735e+00   1.7785228e+00   1.7021996e+00  -2.4778136e+00  -1.0870586e+00   2.8559052e+00  -1.3910517e+00   2.0838743e+00   3.9108835e-01   1.3555678e+00  -1.7859448e-01   1.0072524e-03
   6.9441294e+00   1.0588264e+01   8.6394218e+00  -1.4363687e+01   5.0682406e+00   2.7529745e+00   6.4698348e+00   5.6614636e+00   8.3692341e+00  -3.7104442e+00   2.4876875e-01  -6.7703044e-01   6.7577598e-01   5.8597896e-01   9.3063517e-02  -2.1925727e+00  -8.6216748e-01   5.0100248e+00  -2.4069278e-02   2.7945096e+00  -3.4464499e-02   1.7811982e+00  -5.5671791e-01   3.8991156e-01
   5.8764641e+00   1.5969498e+01   9.8474146e+00  -1.7462427e+01   2.5850106e+00   7.1351279e+00   3.7490989e+00   5.7348667e+00   9.6493168e+00  -9.2056278e-01   1.9684673e-01  -5.0761989e-01   9.5770477e-01  -6.0145720e-01   5.6655469e-01  -9.6129096e-01   4.0463594e-01   7.2612862e-04   7.1892345e-02   1.3607045e+00  -1.4945158e+00   2.1051485e+00  -1.0993425e+00   4.8970160e-01
   4.9360628e+00   1.5160453e+01   9.6778572e+00  -1.6115903e+01   1.7029406e+00   5.4640045e+00   6.2200434e+00   6.4850313e+00   8.7360923e+00  -1.2472036e+00  -1.4308620e-01  -1.1665651e-01   1.3264997e-01  -6.1079461e-01   4.8508308e-02  -2.6297833e-01   3.2639088e+00  -3.2810103e+00  -1.2351874e-01  -7.2111037e-01  -4.2381142e-01   1.8348140e+00  -9.2329104e-01   4.8754296e-01
   7.3320263e+00   1.0170033e+01   9.7431895e+00  -1.4638473e+01   6.4356361e+00  -4.2845291e-01   5.7397340e+00   4.1957931e+00   6.9171911e+00  -1.1298511e+00  -6.3532640e-01  -2.4791356e-01   6.0482027e-01  -3.5762536e+00   4.4504681e-01   1.5086100e+00   3.7231194e+00  -5.7734878e+00   2.9201942e+00  -1.9130213e+00  -1.2088228e+00  -1.3391540e-01  -4.4685517e-01   3.8205627e-01
   6.4153233e+00   1.2571805e+01   8.7642968e+00  -1.6170132e+01   8.0387910e+00   1.6132494e+00   5.2892392e+00   5.3493349e+00   9.0995798e+00  -8.5357912e-01  -7.2008125e-01  -7.5569160e-02   3.9530031e-01  -3.9971003e+00  -2.6314813e-01   3.7194593e+00   2.8277204e+00  -3.4057948e+00   1.0294830e+00  -3.0487208e+00  -1.6453942e+00   2.2404650e-01  -5.7667190e-02   2.8048900e-01
   6.0440642e+00   1.1899441e+01   1.0971765e+01  -1.5172398e+01   5.0017644e+00   4.0027378e-01   8.5947924e+00   3.4331830e+00   7.6543389e+00  -1.3182481e+00  -1.8493850e-01   4.4920839e-02  -1.0651147e+00  -3.1517362e-01  -4.5656416e-01   3.7966141e+00  -6.2989912e-01  -5.3816921e-01   1.0598881e-02  -6.7770330e-01  -9.0931906e-01   3.6292834e-01   2.8272918e-01   5.0107622e-01
   6.1729943e+00   8.3000977e+00   8.6688473e+00  -1.0269752e+01   6.6614570e+00  -5.9050993e-02   6.3367387e+00   2.2932551e+00   5.8994272e+00  -8.1693534e-01  -4.5478093e-01   1.5765979e-01   4.0616085e-01  -3.5314459e+00  -8.7288615e-02   5.1553380e+00   1.0724525e+00  -2.3293647e+00   2.6015770e-01  -2.1961826e+00  -2.8921166e+00   8.2989331e-01   5.5652847e-01   3.5738481e-01
   5.8555188e+00   1.1833126e+01   9.1060680e+00  -1.1893742e+01   6.1794544e+00  -3.9955651e-01   5.2318825e+00   4.7072780e+00   7.1532888e+00  -6.0378045e-01  -3.4388279e-01   3.8708629e-01   1.1847625e+00  -4.0639880e-01  -2.4227450e+00   5.7210201e+00   3.3299113e-01  -1.7492787e+00  -3.3488463e+00  -1.3105455e+00  -2.4877920e+00   1.0056966e+00   4.6184568e-01   1.6196012e-01
   7.1188373e+00   7.3077942e+00   9.5662124e+00  -1.0076453e+01   9.0586248e+00  -1.4808825e+00   7.3609307e+00   1.4180134e+00   5.0119300e+00   3.4026992e-02   1.9418360e-01   2.8942534e-01   1.7057647e+00   1.1628643e-01  -1.9897282e+00   5.3971300e+00  -2.0442798e+00  -7.4912367e-01  -2.9120336e+00  -1.0940839e+00  -1.9878801e+00   4.9057688e-01   5.1906672e-01   4.9523716e-02
   7.3482865e+00   1.1785995e+01   6.8889650e+00  -6.6875173e+00   4.3026672e+00  -1.5127285e+00   3.0594270e+00   1.9049855e+00   4.3663995e+00  -2.3518441e-01   1.8334775e-01   2.2197824e-01   1.7773050e+00  -7.8332291e-01   1.0970020e+00   5.1107456e+00  -1.9660800e+00  -2.1813715e+00  -3.8116276e+00  -3.0675452e+00  -2.0803700e+00  -3.2552444e-01   7.1408604e-01  -1.4468178e-02
   7.9852575e+00   8.4980928e+00   6.7928065e+00  -4.7771693e+00   4.5334308e+00  -6.2615048e-01   3.0549160e+00   2.0532755e+00   4.3110517e+00  -2.6536804e-01   6.0203876e-02   3.1449939e-01   5.5092705e-01   1.6030297e+00   1.5729375e+00   3.4888185e+00  -3.1823101e+00  -7.0578432e-01  -5.2047556e+00  -9.4226288e-01  -6.0894008e-01  -2.9727168e-01   4.9704645e-01  -1.6333380e-02
   8.0882661e+00   1.0062992e+01   1.2138274e+01  -6.8772654e+00   5.4929313e+00  -4.0989798e+00   1.6674484e+00  -2.1167074e-01   4.3831729e+00  -9.4236959e-01   7.9423613e-01   3.5284700e-01   2.7862071e-02  -5.5788471e-01   2.4995586e+00   1.5059516e+00  -8.6664940e-01   5.3326105e-01  -2.3578757e+00  -5.8354810e-01  -7.1805238e-01   3.2584922e-01   5.0605846e-01   2.6114852e-02
   7.5752381e+00   1.0573840e+01   9.3009642e+00  -4.7483512e+00   3.6900276e+00  -1.2464334e+00   2.4978653e-01   1.0629473e+00   4.0901332e+00  -5.8287935e-02   6.3430908e-01   1.9949089e-01  -3.0736257e-01   4.2543031e+00   2.2802351e+00  -1.8245936e+00  -2.8052159e-01  -3.2636575e-01  -1.5220636e+00   2.2649217e-01   1.3421970e+00   9.2136085e-01  -2.8409861e-01  -9.5048420e-02
   7.5950893e+00   9.9112943e+00   9.3842240e+00  -4.4429989e+00   3.4243947e+00  -4.0269551e-01   9.2517815e-01   1.5248275e+00   3.3997802e+00   1.5004937e-01   6.5538284e-01   3.1865477e-01  -8.8641794e-01   6.0023052e+00   2.8186550e+00   1.3410004e+00   1.8025338e-01  -4.3849591e+00  -3.6768777e+00   2.5783757e+00   5.6223825e+00   2.6852677e+00  -1.4323882e+00  -3.2326470e-01
   7.7708020e+00   1.4955396e+01   1.1590184e+01  -8.7311930e+00   5.1469167e+00  -2.9638412e+00   1.1429558e+00   1.5247646e+00   6.8160436e+00   5.7046375e-01  -2.9651739e-01   1.8902287e-01   3.4226694e-02   4.0693999e+00   3.7112525e+00   8.5797682e-01   2.0072490e+00  -4.9516418e+00  -2.8118472e+00  -2.3779960e-01   5.0770525e+00   2.3975002e+00  -1.1253586e+00  -2.3256343e-01
   6.6608572e+00   1.6875672e+01   1.5221646e+01  -2.8743440e+00   5.0348668e+00  -9.8177145e+00  -4.2944528e+00   3.4249841e+00   1.1453791e+01   2.7711561e+00  -8.8893296e-01  -1.2681604e-01   5.0743447e-01   5.3831975e-01   2.1307026e+00   6.9723260e-01   2.5913869e+00  -2.2904206e+00  -2.8194537e+00  -2.3872725e+00   2.0293558e+00   7.0961248e-01   2.7153369e-01  -1.6447613e-01
   8.0936942e+00   1.3195751e+01   1.1949132e+01  -4.2457134e+00   5.8956650e+00  -3.9663865e+00  -1.3581688e+00  -2.4383042e-01   7.6787063e+00   2.2274090e+00  -2.8157090e-01   7.3381150e-02   4.6381937e-01  -2.6703724e+00   6.1414333e-01   7.3515170e-01   2.6556883e+00   8.9121617e-01  -2.2001258e+00  -1.0030485e+00   3.4038115e-01  -3.7525559e-01   1.5925059e+00  -1.4554528e-01
   8.1947950e+00   1.1598597e+01   1.2400804e+01  -5.6398897e+00   6.9371009e+00  -3.3370537e+00  -2.0534400e+00  -1.1717837e+00   6.0124825e+00   3.8599546e-01   1.0552101e+00   1.2976144e-01   6.7975883e-01  -2.0451763e+00  -1.3389238e+00  -3.6787486e+00   4.5688143e+00   4.8730314e+00  -1.0655711e+00  -1.4568591e+00  -5.6239790e-01  -1.2454420e+00   2.0054259e+00   8.1189034e-02
   7.6995622e+00   1.3588376e+01   1.3921820e+01  -6.2456925e+00   8.1793320e+00  -4.8673474e+00  -3.2777393e+00   2.3185757e+00   1.0047270e+01   1.2001607e+00   1.1201699e+00  -1.5758379e-01  -2.0854911e-01  -1.9013898e+00  -4.4654723e-01   6.1845827e-01   1.6133500e+00   3.1460309e-01  -1.5982822e+00   2.0977813e+00   5.4941762e-01  -5.3917039e-02   6.5780158e-01  -2.2734301e-02
   7.8775615e+00   1.3611595e+01   1.2226916e+01  -7.3924773e+00   1.0746255e+01  -2.0576870e+00  -4.9330242e+00  -4.1507683e-02   9.4259129e+00   1.4166173e+00   1.4183354e+00   1.1044998e-01   2.3789464e-01  -2.8451266e+00  -4.1683874e+00   4.3108911e+00   1.6595177e+00   2.4003903e+00  -6.9296585e-01   5.1396710e-01  -2.0566778e+00   1.1714370e+00  -1.3242564e-01   1.9422561e-01
   7.9394873e+00   9.3371670e+00   1.1366255e+01  -2.4417322e+00   6.4111130e+00  -4.1341652e+00  -2.3158000e+00   2.3377035e+00   6.7961176e+00   1.6312225e+00   5.2356881e-01   4.8935429e-02   6.0971500e-01  -5.0180716e+00  -4.9137952e+00   5.3472654e+00  -1.1069106e+00   2.6907547e+00   9.3928847e-01  -7.9384206e-01  -4.2580644e+00   1.0873213e+00  -7.0277743e-01   2.0261983e-01
   8.4316744e+00   9.4565109e+00   7.4260060e+00  -1.0755332e+00   1.0310487e+01  -1.0305934e-01  -3.5738584e+00  -4.1039699e-01   4.5530418e+00   1.9276200e+00   1.1548722e+00   3.1784024e-01   9.3589888e-01  -3.5748180e+00  -3.1178282e+00   4.3678572e+00  -3.5375948e+00   1.3891534e+00   1.1056076e+00  -1.9619743e+00  -3.1180560e+00   1.0231430e+00  -4.8604760e-01  -8.9598336e-02
   8.3370782e+00   8.1388103e+00   8.9515828e+00  -1.3832665e+00   6.7368500e+00  -1.8085291e+00  -2.5483895e+00   1.3122573e+00   6.0966087e+00   2.5756412e+00   1.9773539e-01   4.2650822e-02   5.8500079e-01  -9.1895546e-01  -7.3551469e-01   1.0801668e+00  -1.4338424e+00   1.1637877e+00  -3.1808222e-02  -3.0704049e+00  -2.4966806e+00   2.7964694e-01   1.6176338e-01   2.4530251e-01
   9.0826143e+00   8.8485467e+00   8.7575101e+00  -1.3699244e+00   5.2769940e+00  -1.1367750e+00  -3.1583181e+00  -2.4717460e+00   5.0985833e+00   2.4791225e+00   8.5218075e-01  -2.0805220e-02  -5.1335021e-01  -1.0389559e+00  -2.0280958e-02  -7.9245493e-01  -3.4897496e+00   1.4420035e-01   1.9276215e+00   1.1014833e+00  -2.8097374e-01  -4.0091748e-01  -3.5909442e-01   1.0989475e-01
   8.4915185e+00   8.2627160e+00   9.5972306e+00  -6.7428639e-01   6.7770959e+00  -1.8716258e+00  -2.5712825e+00  -1.2372294e+00   2.7783259e+00   1.7749417e+00   9.1755962e-01   5.8621192e-01  -8.6366075e-01  -4.7816413e-01   6.1111338e-01  -1.4701445e+00   1.0843519e+00   2.4828999e-01   7.5454950e-01   1.3270694e+00   2.6871321e+00   5.4428438e-01   2.2904973e-01  -2.6541423e-02
   7.5844289e+00   7.8361242e+00   7.0727606e+00  -2.6187057e+00   5.0557395e+00   1.4478953e-01  -6.7097955e-01   2.5165714e+00   5.7907226e+00   1.7265935e+00   2.5631848e-01   2.1090181e-01  -5.0067206e-01  -6.9457382e-01   5.2738743e-01  -2.5399396e+00   3.7842067e+00   1.5534222e+00   1.0185015e-01   9.4924477e-01   3.9966509e+00   7.6071402e-01   3.8316569e-02  -9.3626577e-02
   7.7906798e+00   7.9277753e+00   1.0710628e+01  -2.9640926e+00   8.4740050e+00  -2.0768764e+00  -2.6602345e+00   8.0870269e-01   9.7812372e+00   3.7683323e+00   8.3924112e-01  -1.1301483e-01   7.7800559e-01   3.0980543e-01   4.1795736e-01  -2.2866207e+00   3.8958099e+00   3.4295364e-01  -1.4427216e+00  -2.0762432e+00   4.2712970e+00   1.6160274e+00   1.1275725e-01  -3.8991747e-01
   8.6820256e+00   7.9741563e+00   8.9918928e+00  -4.0349306e+00   1.0104850e+01   1.2959836e+00  -2.9610669e+00  -2.0708449e+00   7.5921040e+00   2.6234982e+00   9.4881485e-01   1.8836829e-01   1.5778736e+00   6.4032859e-01  -2.1421274e-01  -9.2711922e-01   4.0210113e+00  -1.3311975e+00  -2.0907567e-01  -2.3715086e+00   1.1457094e+00   8.8054715e-01   5.0722719e-01   1.6477792e-01
   9.1097286e+00   8.6584081e+00   9.2646006e+00  -3.3961050e+00   1.0096256e+01  -1.9327924e+00  -3.5903212e+00  -2.0578860e+00   8.2845808e+00   3.7505304e+00   7.4044731e-01   1.2602482e-02   2.0301653e+00   6.9423502e-01  -3.7143744e+00  -2.3366864e+00   1.9996077e+00   1.2866320e+00   1.6601257e+00  -7.5871856e-01  -1.7251111e+00  -8.7756383e-01   2.9337437e-01   4.4544907e-01
   9.2917149e+00   8.4313007e+00   7.4744550e+00  -3.7933783e+00   1.0276131e+01  -1.9240487e+00  -5.1954971e-01   3.9260285e-01   8.2576149e+00   3.0563152e+00   1.0665562e+00   3.9526003e-01   6.3620301e-01  -4.3244921e-01  -3.6785981e+00   2.5348621e-01  -1.5125583e+00   2.6950714e-01   3.1884995e+00   1.6956502e+00  -2.5902075e+00  -9.9518179e-01   1.4758976e-02   2.3317162e-01
   1.0531083e+01   8.7405556e+00   5.8977849e+00  -6.5898984e+00   1.1387776e+01   1.4630877e+00  -1.3908046e+00  -1.5610990e+00   6.8608150e+00   2.2355780e+00   1.2204320e+00   4.5171290e-01  -6.4576679e-02  -1.7822693e+00  -5.2460862e+00   1.6784583e+00  -4.2429210e+00   3.0696753e+00   3.8629973e+00   1.1878532e+00  -5.8524271e+00  -2.0927622e+00  -4.2989124e-01   1.2491320e-01
   8.9256528e+00   7.2844087e+00   5.1574035e+00  -2.0578046e+00   7.1902521e+00   2.3042474e-03   7.2192408e-01   2.2423697e-01   4.4186755e+00   1.8882017e+00   7.3096096e-01   3.1857052e-01  -1.8466351e-01  -6.6879321e-01  -2.0132790e+00   1.3315770e+00  -2.0793882e+00   1.5556738e+00   1.3553392e+00  -1.3367472e+00  -5.8047815e+00  -2.3078588e+00  -8.4097115e-01  -1.1654651e-01
   9.1958946e+00   6.5584502e+00   2.5539970e+00  -1.7462043e+00   5.2748138e+00   1.7085441e+00   1.5834378e+00  -1.9192328e-01   1.4254098e+00   1.1954438e+00   2.6340805e-01   2.3831704e-01  -2.4603960e-01  -4.9755917e-01  -4.9456623e-01   1.7234305e+00  -7.6426091e-01  -3.0729490e-02   2.0001207e+00  -1.1830804e+00  -3.7884776e+00  -1.3497850e+00  -6.9487059e-01  -1.2714378e-01
   9.6823139e+00   8.5191636e+00   6.1264304e+00  -4.2178598e+00   1.0213530e+01   2.8673382e-01   2.6337882e-02  -2.2971058e+00   2.2681452e+00   1.1459412e-01   2.8361143e-01   3.2713820e-01   1.0141563e-01  -1.3364080e+00  -4.9315797e-01   9.7461905e-01   1.2560732e+00   8.3890603e-01   1.0934728e+00   2.1625045e-01  -1.2469628e+00  -8.4209894e-01  -3.8505189e-01   8.0479225e-02
   9.7836931e+00   7.3768394e+00   4.6714221e+00  -2.9247250e+00   8.7297456e+00   1.2747787e+00   1.9571695e+00  -2.0750483e+00   2.2533638e+00   1.0977044e+00   4.0180089e-01   2.5671340e-01  -1.6273558e-01  -2.8350561e-01   2.0309840e-01   4.9114191e-01   2.4250355e+00  -6.2735322e-02   1.7032958e-01   8.7022924e-01   8.3571415e-01  -4.9936579e-01  -1.6298583e-01   1.3529474e-01
   8.7838770e+00   4.8706020e+00   3.3589540e+00  -6.6157210e-03   7.3468960e+00   1.4775460e+00   2.1752675e+00   1.4901751e+00   2.1342544e+00   6.7392304e-01   8.4186702e-02   4.3009118e-01  -1.9358790e-01  -8.1198739e-01  -2.5093476e-01   2.4419971e-01   1.7050489e+00   5.2784979e-01   1.5919408e+00   1.3846901e+00   1.7691536e-01  -1.0088985e-02   1.4949339e-01   6.7163555e-02
   9.4010097e+00   7.9574726e+00   4.2423828e+00  -3.1151135e+00   1.0345684e+01   1.0190350e+00   7.6446741e-01  -7.8021990e-01   2.7459265e+00   1.6673067e-01   1.1864167e-01   3.8978267e-01  -1.0012862e-01   1.5181131e+00   1.7064950e+00  -2.4578441e+00   3.1583242e+00   7.4346205e-01   5.7471781e-02   3.7553402e-01  -3.8515001e-01  -6.5652947e-01   5.1744037e-01   4.2545924e-02
   9.5832738e+00   7.0108659e+00   5.9645479e+00  -3.7563660e+00   1.1963134e+01   1.2063803e+00   3.0106002e+00  -8.6748484e-01   2.2872369e+00   5.6494749e-01   6.4943113e-01   3.6134890e-01  -2.7525899e-02   1.9680710e+00   2.4219351e+00  -2.5230487e+00   3.7954773e+00   1.0794269e+00  -3.4773714e-01  -1.1558720e+00  -4.3843707e-01  -5.4971059e-01   4.2398786e-01  -2.4088074e-01
   9.2338018e+00   8.5838770e+00   5.9283677e+00  -4.7366161e+00   1.1159113e+01   2.5255546e+00   1.6257108e+00  -3.3291724e-01   1.5991475e+00   1.6739795e-01   8.9533923e-01   3.5490342e-01  -8.7688172e-01  -7.4381707e-01   1.4255312e-01   1.0084235e+00  -1.3721901e+00   2.0906442e+00  -5.5012278e-01   4.6910536e-01  -1.7649014e+00   3.1301378e-01   4.4330246e-02  -3.3731875e-01
   8.8261921e+00   7.5095063e+00   6.1488642e+00  -2.9804374e+00   1.2633397e+01   2.3434266e+00   1.2230400e+00  -4.6728423e-01   2.0499883e+00  -1.5097647e-01   3.3181971e-01   8.6209691e-02  -1.1775565e+00  -4.3562997e-01   3.1771072e-01   1.8972504e+00  -9.6234062e-01   8.6591729e-01  -2.3198538e+00   1.1470413e+00  -6.8096077e-01  -7.6660154e-01  -1.3547982e-01  -4.0726550e-01
   8.4642279e+00   6.5924268e+00   4.3640543e+00  -1.9904426e+00   7.9522670e+00   3.5864782e+00   8.3306333e-01  -2.7666216e-01   2.1719868e-01   9.9421333e-01   3.4394275e-01   2.1374149e-02  -1.0022503e+00  -1.0251308e+00   1.0507936e+00   4.1163434e+00  -5.2847888e-01  -6.7804622e-01  -2.5576565e+00   5.4244088e-01   1.8994525e-01  -1.2812692e+00   1.4937982e-01  -1.8763586e-01
   8.2017260e+00   7.3531461e+00   7.2232706e+00  -2.2835772e+00   1.2123046e+01   1.9747944e+00  -7.2856786e-02   8.2494954e-01   1.9567702e+00  -9.9836252e-01   7.2190964e-01  -8.2784711e-02  -7.1027329e-01   3.6541961e-01   5.1810301e-01   1.7473959e+00  -1.1668126e+00  -1.0647835e-01  -2.0530946e+00   1.1046349e+00   1.7829849e+00  -2.7322606e-01   3.8558867e-01   1.2107097e-01
   8.0426593e+00   7.1243609e+00   6.9673550e+00   1.0894688e+00   1.0621570e+01   1.6928014e+00  -1.5628255e+00  -1.6537281e-01   1.9306744e+00  -1.3308128e+00   9.2436400e-01   1.5794684e-01  -6.7562018e-01   1.4406887e-01   2.2919047e+00   2.9506231e+00   6.1763238e-01  -1.1481828e+00  -2.6736191e+00  -7.1905928e-01   2.6967171e+00   1.9102407e-01   6.7824781e-01   1.7236308e-01
   7.9715665e+00   7.7916687e+00   5.6243684e+00  -1.8992992e+00   9.5485268e+00   3.1305476e+00  -6.5865745e-01   1.1340234e+00   3.8677277e+00   6.0169749e-01   6.1999209e-01   1.9952981e-01   4.8255800e-02  -1.0964231e+00   6.8977383e-01  -1.5381654e-01   4.3529210e-01   7.8447017e-01  -1.0961036e+00  -3.1448626e+00   3.0828434e+00   1.9402900e+00   8.1685365e-01   4.3189039e-02
   7.5658774e+00   6.5892688e+00   8.6013624e+00   2.2433532e+00   1.0165975e+01   1.2863274e+00  -2.8844650e+00  -1.5097880e+00   3.3067956e+00   4.8071943e-01   1.4122732e+00   1.3876152e-01  -1.1735168e-01  -1.9600948e+00   2.8901981e-01   9.9337365e-02   1.5488593e+00   3.4062490e-01  -1.7039290e+00  -2.3295219e+00   2.1776212e+00   1.3730903e+00   3.8800109e-01  -2.1975336e-01
   8.5125007e+00   5.9760575e+00   7.4409276e+00  -3.0912441e+00   1.3003782e+01   3.3547367e+00  -1.0561925e+00  -3.2201367e+00   5.8929747e+00   1.0063063e+00   1.7032355e+00  -8.4084916e-03   6.0821902e-01  -9.0848586e-01  -1.0739890e+00  -2.1546222e+00   3.9738868e+00   1.5908625e+00  -3.4415143e+00  -2.7728221e+00   1.0593060e+00   2.8230660e-02  -2.8444970e-01  -3.0295755e-01
   7.5961647e+00   5.0920243e+00   6.4926051e+00   1.8344474e+00   1.1217232e+01   2.0916442e+00  -3.9199514e+00  -1.4825757e+00   4.1844827e+00   5.2651818e-01   9.6474394e-01  -6.7714047e-02   1.0075642e+00  -7.2556608e-01  -2.5531692e+00  -2.8981861e+00   1.9143191e+00   2.6519586e+00  -1.8606838e+00  -2.2866298e+00  -1.6261428e+00  -2.7526800e-01  -1.0157138e+00  -1.5355881e-01
   8.8687513e+00   7.1775621e+00   5.0677635e+00  -4.9267797e+00   1.4983729e+01   5.1141829e+00  -5.3031858e+00  -3.0388160e+00   5.0178432e+00   6.2114411e-01   4.1708218e-01  -1.5166873e-01   4.2871623e-01  -5.1061162e-01  -1.5713802e+00  -5.3266070e-01  -2.1992810e-01  -3.6362089e-02  -4.0452282e-01  -7.9524087e-01  -2.4341474e+00  -4.5504199e-01  -7.3856521e-01  -1.0447891e-01
   8.8990984e+00   4.9001674e+00   5.9581906e+00  -1.1861582e+00   1.2047480e+01   4.3845423e+00  -3.5519941e+00  -5.0303930e+00   1.3051471e+00   2.6039856e-01   5.3177927e-01  -1.9946577e-02   1.4473252e-01  -4.0589195e-01  -1.6716150e+00  -8.5261935e-02  -1.5415651e-01  -7.3617794e-01   3.1156911e+00   1.9238528e-01  -1.2866991e+00  -6.7406674e-02   3.6705465e-01   2.2336644e-01
   8.5041082e+00   5.3060685e+00   5.3510646e+00  -2.3799324e+00   1.2258765e+01   2.1537445e+00  -1.8469553e+00  -2.6390893e+00   3.6814214e+00   4.5680317e-01   8.1187002e-01  -1.8901059e-01  -8.7957141e-01  -3.5800049e-01  -2.4379781e+00   3.3517380e+00  -1.2818329e+00  -1.1372659e+00   3.2829196e+00   2.0083640e+00  -9.9733659e-01   9.6562530e-01   9.1319040e-01   1.6303829e-01
   7.9955851e+00   5.4189332e+00   3.8435321e+00   4.3313084e-01   1.2348479e+01   2.4675965e+00  -9.7452999e-01  -1.3938611e+00   2.9226451e+00   5.0757863e-01   1.3179320e+00   2.8600654e-01  -3.5693888e-01   1.5982596e+00  -3.6064841e+00   1.0692642e+00   9.6043814e-01  -6.3583954e-02   2.0133739e+00   2.5109631e+00   5.4945402e-01   4.6392755e-01   7.6812409e-01   1.2775983e-01
   8.0011509e+00   6.3811785e+00   2.4681257e+00  -7.0881719e-01   1.2910480e+01   4.3667570e+00  -1.6675384e+00  -1.8445360e+00   2.7130894e+00   1.9459920e+00   1.3937914e+00  -6.0087849e-02  -5.7506108e-01   7.2501449e-01  -1.8068061e+00   2.3797091e+00  -2.7679388e+00   1.1935111e+00   2.4677262e+00   8.5620008e-01  -1.1666851e+00   1.7867194e-01  -2.1667593e-01   1.6924631e-01
   8.6151687e+00   6.7600018e+00   1.9899338e+00  -4.1781953e-01   1.3162280e+01   3.1826601e+00  -6.2164179e-01  -1.6612250e+00   2.6134941e+00   2.1169546e-01   1.3930047e+00   1.0723180e-01  -6.5351257e-01  -1.1219979e-01   1.2918344e+00  -6.9024614e-01  -5.1800476e+00  -1.1954883e+00   1.4675889e+00   3.0060940e+00   2.4180965e-01   2.4221362e-01  -4.6887757e-01   1.8781197e-01
   7.3317247e+00   5.7230560e+00   3.5676545e+00   1.6151065e+00   7.6999563e+00   3.5864793e+00   1.6781899e+00  -1.2211072e+00   2.0859693e+00   8.7275267e-01   4.4931978e-01   1.5424625e-01   7.8180680e-02  -8.0219986e-01   4.7081768e+00  -2.3968433e+00  -4.3697990e+00  -4.3365187e-01   2.3266808e+00   1.2618500e+00  -1.6237131e+00  -1.1300764e+00  -4.1399500e-01   3.1133970e-01
   7.3500293e+00   5.5796947e+00   5.2315193e+00  -1.7642002e+00   7.1836692e+00   1.0645028e+00  -4.4601083e-01   2.8035655e+00   3.5989196e+00   1.4075187e+00   1.0868515e+00   4.6055744e-01   8.1584501e-01   1.3248722e+00   3.7628916e+00  -5.8419864e+00  -1.6007966e+00   2.3663328e-01   5.8903052e-01   1.1054706e+00  -1.6013189e+00  -2.0128190e-01   4.0476751e-01   1.9924652e-01
   8.7509916e+00   5.7680322e+00   7.9095981e+00  -3.6308918e+00   9.3450871e+00   4.7753578e+00   1.7346672e+00  -2.1841563e+00  -2.1519300e-01  -3.4703417e-01   9.2587554e-01   2.3025888e-01   2.2759555e+00   1.5664758e+00   9.4288863e-01  -6.1661000e+00   6.2198656e+00  -7.9740501e-01  -6.8207449e-01  -1.4126839e+00  -1.0307101e-01  -6.6786933e-01   2.5107281e-01  -1.6925488e-01
   9.1293028e+00   8.7248220e+00   5.4632994e+00  -6.5578001e+00   9.9385200e+00   2.9431707e+00   2.3366533e-01   4.7850538e-01   1.3620969e+00   5.1966603e-01   1.7618781e+00   3.6809526e-01   1.2383518e+00  -4.1528089e-01  -1.5773128e+00   9.5847135e-02   6.2665883e+00  -1.0752202e+00   2.2235462e-01  -2.0466863e+00   1.5530547e+00   3.3642241e-01  -5.0551966e-01  -2.0687991e-01
   9.8560212e+00   6.5002061e+00   4.8660974e+00  -5.2372435e+00   1.5652329e+01   1.4510378e+00   3.1524012e-01  -2.1776030e+00   3.0497741e+00   3.1487503e-01   4.8841568e-01  -5.3404978e-02  -4.2188532e-01  -9.7460626e-01  -3.6479967e+00   4.5949803e+00   1.8993617e+00  -2.8910865e+00  -1.5301934e+00   1.4428523e+00   2.7608390e+00   1.3337147e+00  -9.6684353e-01  -2.6378940e-01
   8.6550423e+00   4.5906864e+00   4.3873004e+00  -8.1725363e-01   1.3429931e+01   1.1138324e+00   5.9723466e-01  -2.6974067e-01   4.2960182e+00   1.5811978e+00   5.4730190e-01   2.9206951e-01  -1.1691077e+00  -1.9723977e+00  -5.1220072e-02   7.7153014e+00  -2.6564757e+00  -1.2237760e+00  -1.7848584e+00  -1.0774669e-01   5.3421056e-01   2.3443471e-01  -1.2511723e+00  -1.1310289e-01
   8.3552939e+00   6.3731906e+00   2.9756026e+00   3.9130548e-01   1.0448424e+01   1.3533972e+00  -7.4240755e-01   3.5424510e-01   2.4591049e+00   1.1227720e+00   8.2898338e-02  -1.2741234e-01  -1.2008908e+00  -5.3190742e-01   1.3950312e+00   5.8463211e+00  -7.6523363e+00  -9.5314219e-01  -1.8396250e+00   1.5958327e+00  -1.3507209e+00  -3.6401683e-01  -8.0274511e-01   1.0115396e-01
   8.1260048e+00   5.8297332e+00   6.3317167e+00   2.2008775e+00   8.5557589e+00   1.1563269e+00  -1.9147984e+00  -9.4903870e-01   2.4587474e+00   4.6736961e-01   8.7878252e-02   2.3544460e-01   6.4019307e-01   2.0556982e+00   3.5401218e+00   5.4266564e-01   1.8687249e+00  -1.9300616e+00  -4.5352763e+00  -1.6267708e+00  -1.0233572e+00  -1.2171429e+00  -4.3806116e-02   1.2259070e-01
   8.3192036e+00   5.0828216e+00   5.9864360e+00   2.0231725e+00   6.6109106e+00   7.7274179e-05  -1.1881808e+00   5.5579515e-01   1.9423281e+00   3.2576386e-01  -4.8599016e-01   1.2663842e-01   1.1236156e+00   2.2261062e+00   2.0133935e+00  -2.2933492e+00   6.8327012e+00  -1.4347286e+00  -8.0532747e-01  -1.4665071e+00   7.2716742e-01   2.3690866e-01   7.6806568e-01   2.8265996e-01
   9.6333770e+00   8.3194182e+00   8.1920664e+00  -8.1918867e-01   1.8151775e+01  -1.1045999e+00  -5.9827932e+00  -2.8106719e+00   3.0193707e+00   1.5398746e-01   7.6603698e-01   3.4893018e-01   8.3688515e-01   2.9148195e+00   4.1061538e-01  -2.4597929e+00   7.9322347e+00   5.6867113e-01   2.8208565e-01  -3.0355186e+00  -1.2583366e+00   5.8687520e-01   1.0218036e+00   1.4436692e-01
   9.2870311e+00   8.4675073e+00   5.0655180e+00  -1.5386853e+00   1.5899468e+01   3.3176783e-01   8.3598621e-02  -9.1469897e-01   3.2695443e+00   1.6348261e+00   8.9591749e-01   2.3983481e-01   1.4547852e-01   2.1453702e+00   3.4198718e-02  -9.1095468e-01   3.5875888e+00   1.7540691e+00   8.2451160e-01  -2.3581740e+00  -1.4745445e+00   1.1189948e+00   8.8007404e-01   1.5452336e-01
   8.8974188e+00   8.5096197e+00   7.4080988e+00   2.9211702e-01   1.5809832e+01   1.8434884e+00  -2.1275597e+00  -4.7670696e+00  -9.2365630e-02   6.9315131e-01   9.2962983e-01   3.9539678e-01  -8.5527827e-01  -1.7658659e+00  -1.2261239e+00   2.6873660e+00  -9.2586872e+00   1.9249768e+00   3.5990932e+00   1.3636270e+00  -2.4190907e+00   1.4699669e-01  -9.0076255e-01  -2.8420017e-01
   8.9054005e+00   8.2057762e+00   6.4297179e+00   1.0108761e-01   1.3163265e+01   1.1571368e+00  -1.8790302e+00  -2.0032670e+00   1.2863795e+00   1.7346742e+00   7.5232447e-01   3.3519016e-01   3.2409088e-01  -1.0710990e+00   8.1568340e-01  -3.7621078e-01  -4.0071714e+00   8.2073100e-01  -9.4402871e-01   3.4442273e-01   1.2232178e-02  -9.1922839e-01   1.7067779e-01  -2.0227725e-01
   8.5412749e+00   5.8014849e+00   5.6707807e+00   2.3919740e+00   5.6318456e+00   1.3701808e+00   3.9716095e-01  -2.2094731e-01   3.8231704e-01   3.2455843e-01  -5.1331034e-01  -1.2504775e-01   9.8713297e-02  -1.3648068e+00  -3.1422593e-01  -1.3666214e+00  -1.9549726e+00   9.1391585e-01   5.7026942e-01   2.9806858e+00   2.7762997e+00   1.3075542e-01   8.2277144e-01   8.0849995e-02
   9.9512394e+00   8.2149262e+00   7.1577021e+00  -3.1529299e+00   1.4977705e+01   1.7995181e+00  -2.5948048e+00  -2.6711260e+00   3.0505513e+00   4.4027990e-01   1.8734043e+00   1.9664121e-01   1.2062829e-02  -8.7575596e-01   3.3129193e-01   3.9637495e-01   2.5155270e-01   1.4998252e+00  -8.4269470e-02  -1.9380913e-01   7.5136184e-01  -9.7564935e-01   9.3028185e-01   2.3965970e-01
   8.5225693e+00   6.4578344e+00   6.5727678e+00  -1.3080629e-01   1.1970153e+01   2.8931715e+00  -9.1426826e-01   3.7888654e-02   3.1899980e+00   1.5364816e+00   1.6032471e+00   5.8594625e-01  -2.7873282e-01   7.7954029e-01  -3.1823226e-01   1.1389239e+00   3.4427771e+00  -2.9686443e-01  -8.6755252e-01  -2.6026008e+00   7.2479771e-01   1.0506695e+00   8.8673799e-01   3.5918241e-01
   8.9328476e+00   6.5639675e+00   6.4756622e+00   1.9570402e+00   1.0371440e+01   2.6453793e+00  -1.3497198e+00  -2.4233987e+00   1.0095818e+00  -3.3476144e-01   1.0894685e+00   3.3918271e-01  -3.6573151e-01  -7.9290365e-01  -2.7502392e+00   3.4384357e+00  -5.2554989e+00  -1.4954989e+00   1.4652139e+00  -7.0459644e-01  -1.3112568e+00   1.6939694e-01  -1.4315155e+00  -2.0107161e-01
   8.6323716e+00   7.7962747e+00   5.5344522e+00   1.5453748e+00   1.3099143e+01   5.0195360e-01  -1.5267103e+00  -4.2487121e+00   2.4899983e+00   2.2880834e+00   1.2087645e+00   3.4245512e-01   1.0930500e+00   1.0596472e+00  -4.5266944e-01   1.8249746e+00   1.0043908e+00  -3.2054477e+00  -1.8587960e+00  -3.9711681e+00   5.8966621e-01   3.5777828e-01  -1.0159001e+00  -2.0629864e-01
   9.3477410e+00   6.3563506e+00   3.5515010e+00   1.1666331e+00   6.5299612e+00   7.5187868e-01  -9.0762836e-02  -1.5847203e+00   1.4336659e+00   3.1857442e-01  -7.6627731e-02   1.6779351e-02   8.2337232e-01   1.0197940e+00   2.5419476e-01  -2.1920184e-01   5.4993051e+00  -3.1833395e+00  -1.8602245e+00  -2.2628992e+00   3.1858420e+00   1.7180873e+00   5.8805947e-02   1.1366027e-01
   9.9546977e+00   8.1511137e+00   7.3558442e+00   3.0018591e+00   1.5397479e+01  -9.6824978e-01  -4.3319407e+00  -6.3382026e+00   3.8624553e+00   1.7464811e+00   6.6244512e-01   4.3769996e-01   3.1327366e-01   4.4933093e-01  -1.5074800e-01   3.4817756e-01   2.0160280e+00  -1.0642064e+00  -7.8415291e-01  -5.8960697e-01   9.8107295e-01   9.1162697e-01  -3.7274501e-01  -1.8242774e-01
   9.5067430e+00   7.9162390e+00   5.9462584e+00   8.9999525e-01   1.7471230e+01  -1.3945283e+00  -2.7374414e+00  -4.7730023e+00   5.1021164e+00   2.5131707e+00   1.4508371e+00   4.6205070e-01  -1.0299713e+00   5.6336472e-01   7.3324186e-01   2.8844437e+00   3.9068723e+00  -9.0757256e-01  -1.3423509e-01  -9.9710436e-01  -9.4057608e-01   1.8196889e+00   2.0314614e-01   1.5536590e-01
   9.0227811e+00   7.6903269e+00   4.1109515e+00   2.2009600e+00   1.0652551e+01  -2.1152545e-02  -1.3796004e+00  -3.5389816e+00   2.1273825e+00   2.5582257e+00  -1.1408544e-01  -1.5382216e-01  -8.5103171e-01  -1.0838131e+00  -2.2494016e+00   3.2067123e+00  -5.9180181e+00   4.7060839e-01   2.8472268e+00   2.4574969e+00  -2.6715378e+00   4.9861023e-03  -4.0116009e-01  -1.0575598e-01
   8.2687423e+00   7.4317911e+00   6.2738101e+00   5.8937481e+00   1.4762734e+01  -1.0830288e+00  -1.7682856e+00  -4.4799873e+00   8.9033814e-01   2.6422355e+00   6.1635676e-01   5.4558926e-01  -1.2660965e-01  -5.6016969e-01   2.5264691e-01   2.9374193e+00   3.2588871e-01   3.3064040e+00  -4.1484127e-01  -1.0863477e+00  -1.3630255e+00  -2.0585351e+00   3.5153998e-01   1.0504293e-01
   9.2971505e+00   6.7676180e+00   3.8179660e+00   5.3150510e+00   7.8747001e+00  -4.1808697e-01  -5.4567837e-01  -2.7984647e+00   1.9610378e+00   1.6894278e+00   4.7794517e-01   2.3729671e-01   6.5566774e-01  -6.3608012e-01   1.5448486e-01  -5.6368083e-01   4.0511307e-01   4.2558796e+00  -1.3445002e-01   1.3060452e-01   1.3636205e+00  -2.7302845e+00   8.4753616e-01   9.6412327e-02
   9.1796439e+00   7.5373389e+00   6.4717215e+00   3.7490788e+00   1.9348989e+01   3.7635448e+00  -3.7766643e+00  -6.7727822e+00   3.1407506e+00  -1.4023295e-01   1.6821318e+00   4.2405565e-01   2.4590001e-01  -1.0389704e+00   2.2374637e-01  -2.3882683e+00  -4.2743725e+00   3.2596707e+00   6.1193222e-01   2.2381039e+00   1.5492569e+00  -2.5352741e+00  -1.3651570e-02  -2.7601912e-01
   9.5508319e+00   6.6834328e+00   4.2437231e+00   2.4277735e+00   8.9670933e+00   3.9393801e+00  -5.7708609e-01  -2.1966773e+00   3.0476070e+00  -1.4596690e-01   6.2433128e-01   5.1563137e-02  -1.3516973e+00  -2.8847568e-01   1.6226880e+00   2.3770602e-01  -1.3329037e+00   7.1401227e-01   2.2123207e+00   1.9407552e+00   1.1579461e+00  -1.0372511e+00  -4.2969577e-01  -1.2056115e-01
   8.5107516e+00   5.9154281e+00   6.3965511e+00   3.7549845e+00   7.8049784e+00   1.6277437e+00  -8.3468343e-01  -1.4237252e+00   2.6709388e+00  -2.4297828e-01   5.2268636e-01   2.2442737e-01  -1.5797234e+00   7.8767307e-01  -3.6421319e-01   9.5277560e-01   1.3080109e+00  -3.3827183e+00   3.0234755e+00   1.9439538e+00   2.2415558e+00   1.2606817e+00  -7.8707335e-01  -1.2314186e-01
   7.6040507e+00   7.1458599e+00   6.2895832e+00   5.6686572e+00   1.1647350e+01   1.7208320e+00   1.3018123e+00  -2.5618604e+00   3.9328628e+00   1.8492380e-01   4.1312425e-01   1.5626913e-01  -2.2422728e+00   1.1232150e+00   1.6716471e+00   3.0006937e+00   1.2054370e+01  -3.8043453e+00   2.9680986e-01  -1.8119169e+00   2.5241100e+00   2.1759197e+00   3.0171019e-01   5.6334378e-02
   7.7834494e+00   8.4876349e+00   4.9024717e+00   3.5578003e+00   1.9970877e+01  -2.0125857e-01  -1.8090027e-01  -3.6742600e+00   6.0604564e+00   1.5853442e+00   6.0712529e-01   1.8698987e-01  -4.7141430e-01   2.7436689e-01  -1.4700100e+00   1.4000155e+00   2.7126242e+00  -1.5941038e+00   1.0192121e+00   2.8611144e-01  -1.0731144e-01   1.4661429e+00  -4.7789069e-01  -2.3866233e-01
   6.5510738e+00   7.0821519e+00   7.4982335e+00   7.0274061e+00   2.0965699e+01  -8.5263679e-01  -4.5876289e-01  -3.7892852e+00   5.1390132e+00   2.2037514e+00   1.0346771e+00   1.5478345e-01  -5.3607845e-01  -1.1103733e+00   4.7904007e-01   2.0014530e+00   3.6345776e-02  -2.2513400e+00  -1.1250981e+00   8.2659908e-01  -1.3803028e+00   8.1814581e-01   4.8741022e-01  -1.7584455e-01
   8.3301186e+00   6.3588324e+00   3.5872110e+00   5.1756332e+00   7.2147402e+00   5.2332248e-01   1.5744223e+00  -3.8084562e-01   1.9068964e+00   9.4682232e-01  -5.0492610e-01  -1.3282329e-01   3.4613888e-01   6.0626970e-01  -3.6263317e-01  -2.0596360e+00  -2.8902492e+00   2.0228308e+00   6.7977194e-01   4.9498599e-02  -1.7750749e+00  -3.2665744e-01   7.6915520e-01  -3.3066088e-01
   6.5265984e+00   6.5447012e+00   7.6657737e+00   7.8619203e+00   1.8079937e+01  -2.0184685e+00  -1.2634962e+00  -2.9686690e+00   3.9391885e+00   1.7314035e+00   1.7002653e+00   5.2408876e-02   5.6094493e-01   1.1547033e+00  -5.7000342e-01  -2.6340809e+00  -3.6368907e+00   1.4807180e+00   6.5428446e-01   5.1526247e-01  -1.4572483e+00  -1.0607665e+00  -9.4268509e-02  -8.6456491e-02
   8.3148954e+00   9.6657649e+00   4.2747519e+00   5.1089127e-02   1.7078384e+01   3.4159035e+00   1.2411243e+00  -4.0103202e+00   3.9977563e+00   1.3315320e+00   1.4280640e+00  -2.5781416e-01  -5.6387528e-01   1.3438542e+00   8.3929552e-01  -2.4958785e+00   4.0279382e+00   2.7712706e+00   7.6158807e-01   7.1029528e-01   2.4535032e-01  -6.8743508e-01   5.9912440e-01   3.7345205e-01
   7.4001028e+00   7.1607407e+00   6.2994579e+00   5.6385568e+00   1.0578541e+01  -7.7850236e-02   6.8931282e-01  -1.2016542e+00   1.9077108e+00   4.2024672e-01  -7.3220720e-02   8.7594150e-02   7.8709007e-01  -4.4378727e-01  -5.7618283e-01  -4.4790101e+00  -1.9227275e+00   3.8483822e+00   2.3381979e+00   3.3090540e+00  -1.7447785e+00  -8.5404494e-01  -7.8914252e-01   4.3059873e-01
   7.0475535e+00   8.0665939e+00   5.5293121e+00   2.5434972e+00   1.7007345e+01   3.7099193e+00   1.7403999e+00  -1.9891007e-01   3.2906608e+00   5.7124807e-01   1.2805035e+00   4.0976215e-01  -6.0395701e-01  -3.4102569e+00   1.2780891e+00  -8.7410543e-01   1.0336746e+00   1.2605894e+00   9.5093887e-01   2.7089801e+00  -5.6340395e-01   4.4192984e-01   4.5134590e-01   5.8187457e-01
   8.3409045e+00   6.6786057e+00   6.1742193e+00  -1.0279884e-01   1.5231365e+01   3.6070969e+00   1.9941628e+00   8.9206927e-02   1.6755684e+00   8.3047804e-01   5.9033174e-01   3.6451881e-01   7.5609271e-01  -9.9786874e-01  -1.7744380e+00  -3.3086055e+00   8.4534512e-01   1.9566850e+00  -5.2210912e-01   3.5181801e-02  -7.3082054e-01   7.9180198e-01   6.1903141e-01  -1.6457458e-01
   6.9385591e+00   4.7914470e+00   6.2545049e+00   1.6106088e+00   1.6302484e+01   3.4643140e+00   2.0151076e+00  -5.9228066e-01   3.2687215e+00   1.7893111e+00   1.7733066e+00   4.7653535e-01  -1.3602491e-01  -1.8713540e+00  -1.4984636e+00   5.1484048e-01  -3.4752585e+00  -1.6711154e+00  -1.2018366e+00  -1.0852513e+00  -1.6240782e+00   5.3700973e-01  -1.8635441e-01  -4.9356141e-01
   8.5887391e+00   7.3015111e+00   3.2752045e+00   1.1420928e+00   1.2198989e+01   2.9799799e+00  -2.3120471e-01  -9.5219625e-01   8.2244959e-01   9.9891816e-01   6.0892483e-01  -1.9265432e-01  -2.9872328e-01   1.2938723e+00  -3.2271698e+00   1.9173623e+00  -1.9049131e+00  -6.1136780e-01  -1.6330794e+00  -1.5459040e+00  -1.0189980e+00  -3.4709586e-01  -2.9407017e-01  -3.6250354e-01
   6.7195989e+00   4.9481102e+00   4.7311241e+00   2.6933121e+00   1.3310645e+01   1.5168046e+00   1.0503288e+00  -1.3060855e+00   1.2811029e+00   1.2925426e+00   9.9167533e-01  -5.1993394e-02   1.7062759e-01   2.0436006e+00  -1.6729048e+00   8.0087213e-01  -1.1522616e+00  -8.0570825e-01  -1.5058574e-01  -1.2822098e+00   2.0420623e-01  -4.7215483e-01  -1.0844371e+00  -1.6313406e-01
   8.0022997e+00   8.5410825e+00   2.0951550e+00   2.2318929e+00   1.3869914e+01   3.6637998e+00   2.6933211e-02  -1.8727467e+00   1.1408808e+00   5.5821852e-01   5.4004212e-01   8.5027868e-02  -1.6180293e+00   1.4873742e+00   3.1604022e+00  -2.6245981e-01   2.8728153e+00  -1.7410240e+00   2.7704961e+00  -5.9808328e-01   1.2435194e+00  -1.0692709e+00   2.8504411e-01   6.2384226e-01
   7.4877202e+00   7.2370622e+00   4.3351725e+00   2.2670169e+00   1.3738629e+01   1.9138416e+00   1.6601600e+00  -2.0553201e+00   3.4158153e+00   1.3014287e+00   1.8109232e-01   9.2993176e-02  -1.6139702e+00   1.9910141e+00   4.4887941e+00  -1.9688392e+00   1.4022208e+00  -9.2769253e-01   2.6139334e+00  -3.6886261e-01   2.0170914e+00  -1.0939026e+00   5.9139968e-01   7.4914329e-01
   5.7776345e+00   8.3880964e+00   8.2137837e+00   9.6155064e-01   1.6294220e+01   1.6992537e-01   3.6196239e+00  -1.4747039e+00   1.6203726e+00  -6.0943120e-01   1.4417825e+00   6.7061578e-01  -1.9924435e+00  -7.0048352e-01   4.6623674e+00  -8.1645513e-01   1.4350092e-01  -1.5815884e+00   2.1598249e+00   8.8377437e-02   5.3611436e-01  -7.1409950e-02   4.8211672e-01   5.8288413e-01
   5.4109762e+00   8.0111244e+00   8.4050009e+00   3.7522453e-01   1.4201824e+01   1.8722031e+00   3.1748835e+00  -2.0584008e+00   4.0669941e+00   2.3551358e-01   1.4279047e+00   7.7892758e-01  -2.9804131e-01  -1.5995887e+00   8.7825818e-01   2.7990051e-01  -1.7925611e+00   2.0197994e-01   9.7355957e-01   6.8349440e-01  -4.7456413e-01  -4.3731333e-01  -5.6761767e-01   2.6845816e-01
   6.0520065e+00   7.1033261e+00   7.0537919e+00   1.9531065e+00   1.3853568e+01   1.3122366e+00   2.5093088e+00  -1.7386402e+00   1.6194629e+00   9.8406115e-01   6.3981104e-01   6.1638687e-01   8.3486505e-01  -2.2886933e+00  -2.3995858e+00   8.2910899e-01  -2.8460818e+00  -1.2756598e-01  -2.1482972e+00   8.7379523e-01  -3.3343181e-01   4.5642108e-01  -7.1960059e-01  -1.4207306e-01
   6.9034722e+00   5.4800643e+00   6.2325556e+00   2.1910898e+00   1.2270113e+01   1.6456559e+00   3.6756569e+00  -8.9811035e-01   2.7044239e+00  -1.5128747e-01  -2.6934845e-01   5.2279487e-01   1.7056428e+00  -1.8433358e+00  -2.7732160e+00  -1.0697989e+00  -4.2541786e+00   2.6156161e-01   1.0088299e+00   1.5234952e+00  -1.2096948e+00  -6.5569275e-01  -1.6502601e-01  -1.3901820e-02
   6.2836841e+00   6.2205864e+00   5.7006275e+00   1.2972815e+00   1.2990953e+01   9.1849974e-02   1.4679141e-01  -7.4415627e-01   1.8015100e+00   2.6860093e-01   1.2110082e+00   5.8557255e-01   1.5052173e+00  -2.3737801e-01  -2.2458529e+00  -5.6119434e+00  -1.4767547e+00  -1.3383870e+00   1.1415477e+00   1.2787155e+00   3.0375290e-01  -1.7424321e+00   1.4523209e+00   3.3235677e-01
   7.8536016e+00   5.6874906e+00   4.9217591e+00  -9.0156129e-01   8.2518633e+00   2.8747388e+00   5.8693870e+00  -2.7039992e-01   2.1614283e+00  -3.9029543e-01   8.9476707e-01   7.7348201e-01   1.1727862e+00   1.8832970e+00  -2.7435554e+00  -4.7779793e+00  -1.5805762e-01  -1.7036499e+00   1.4653118e+00  -7.4009414e-01  -8.0389654e-01  -1.7418324e-01   1.2201410e+00   4.0934944e-01
   7.8347677e+00   6.6435460e+00   4.3404108e+00  -4.9184830e+00   1.3647561e+01  -1.3098854e+00   3.1247654e+00  -1.3442213e-01   2.3465901e+00  -1.5100830e+00   2.2362346e+00   9.8957845e-01  -2.7407651e-01   1.6808464e+00  -2.1672633e+00   4.2005324e-03   1.4416548e+00  -7.3974241e-01   4.4045440e-01  -2.7013238e+00  -1.7384029e+00   2.8590285e-01   1.8585104e-01   4.9455946e-01
   7.8871098e+00   8.0935301e+00   2.7973309e+00  -1.8679969e+00   1.1704723e+01  -2.0895125e-01   4.3846377e+00  -2.3131186e+00   1.2260391e+00   4.7677961e-01   1.0482498e+00   9.3481608e-01  -1.3708455e+00   1.5261137e+00  -8.8410076e-01   1.4471538e+00   4.6936062e+00  -1.6761548e-01  -2.3580247e-01  -3.5122937e+00  -2.4935992e+00   1.5099571e-01   7.8357793e-02   2.2944005e-01
   5.8558152e+00   7.5388363e+00   3.5119466e+00   1.7868001e+00   1.3427005e+01   5.2408139e-01   1.5498477e+00  -3.7747826e+00  -3.3839975e-01   2.6391769e-01   1.4130434e+00   1.2467447e+00  -1.6067499e+00   1.6010366e-01   3.1713138e-01   3.0932920e+00   1.4620843e+00   2.9244418e+00   2.0716783e+00  -2.9569697e+00  -2.0583725e+00   3.9305108e-01  -2.2067161e-01  -1.2459890e-01
   6.7868095e+00   7.5290161e+00   4.0098400e+00  -2.0834722e+00   1.5402551e+01   1.7063322e+00   6.3031421e+00  -3.7186603e+00  -2.3647558e-01  -1.0508022e+00   1.4238994e+00   9.8905895e-01  -9.1188386e-01  -8.0917017e-01   1.9578760e+00   1.1828022e+00  -1.9406873e+00   1.2061683e+00   1.3714001e+00   1.0676692e+00  -3.7437574e-01   3.0027186e-01   2.9519880e-01  -4.1870540e-01
   5.9747930e+00   7.1659585e+00   4.2098533e+00  -1.7080745e-01   1.3991774e+01   2.1191356e+00   5.2730305e+00  -3.8671059e+00  -9.7112988e-03  -1.5671544e-01   1.7174024e+00   7.7555867e-01   1.9843352e-01  -1.6803469e-01   2.0367114e+00   1.7944748e+00  -6.5793601e+00  -2.2487679e+00   1.5368064e+00   3.3006147e+00   2.0115772e+00   9.3337475e-01  -6.9837794e-01  -8.0463341e-01
   6.4597951e+00   7.0662138e+00   5.3851915e+00   8.8501015e-01   8.5113075e+00   8.0277407e-01   4.5801464e+00  -6.6545322e-01   5.0013122e-01   1.1375040e+00   1.3388685e+00   5.4235100e-01  -4.6602544e-01  -2.5262375e-01   6.0302888e-01   2.6596939e+00  -6.5048017e+00  -3.1694736e+00  -2.1918225e+00   3.5625294e+00   2.9049707e+00   1.3736712e+00  -1.0001217e+00  -5.7065487e-01
   6.3169727e+00   7.5181854e+00   5.8793379e+00   2.9942712e+00   7.0035867e+00  -2.3972914e+00   4.7165551e+00  -3.5046409e-01   2.3106626e+00   5.6982673e-01   4.0799193e-01   2.6314856e-01  -3.7146344e-03  -8.1830610e-01   1.1443215e+00   2.0287587e+00  -1.8769036e+00  -2.7128250e+00  -1.0483804e+00   2.2660672e+00   1.5741270e+00  -4.0979026e-02  -1.4064127e+00  -2.7651244e-01
   5.9166815e+00   6.9739670e+00   4.0796410e+00   3.2352943e-01   9.1394417e+00  -7.8966468e-01   3.2936460e+00  -1.3318714e-01   2.9607936e+00   6.4643349e-01   5.7842211e-01   3.8928170e-01  -9.8607721e-01  -1.3840071e+00  -3.5452789e-01   3.9431752e-01   3.4361714e+00   1.4389258e+00   1.3157365e+00   9.1347712e-01  -3.4573615e-01  -9.9095800e-01  -4.1699599e-01  -7.2152873e-02
   6.2407779e+00   5.9846227e+00   6.5791108e+00   3.1530710e+00   1.0862351e+01  -1.1538825e+00   4.3437102e+00  -7.3413813e-01   1.1211481e+00   2.7351259e-02  -1.1993486e-02   4.3732466e-01  -1.1980257e+00  -7.9844038e-01   5.3727456e-01  -1.4922934e+00   5.8439839e+00   3.3863660e+00   1.9917225e+00   4.4398974e-01  -1.8299374e+00  -1.2693044e+00   7.5865562e-01   1.1994708e-01
   5.0187767e+00   5.7569844e+00   4.5035132e+00   1.3970865e+00   1.1736182e+01   2.3394582e+00   6.7401736e+00   8.9659948e-01   5.7628426e-01  -7.7695297e-02   9.2336719e-01   3.4703364e-01  -1.9561732e+00   9.5435181e-01  -5.1554575e-01  -1.7491416e+00   4.1659922e+00   3.2027460e+00   2.2647809e+00   5.1806325e-01  -1.2571202e+00  -6.5767707e-01   1.5263391e+00   1.2179381e-01
   4.9688866e+00   6.9290161e+00   6.4733137e+00   2.1905256e-01   1.4471192e+01   1.1176961e+00   5.9808751e+00  -1.9937279e-01   7.5801117e-01  -9.7206541e-01   1.3735028e+00   4.6419321e-01  -2.3276137e+00   1.1640083e+00  -2.1873642e+00  -2.8447980e+00   4.6593620e+00   2.3991098e+00   1.0667732e+00  -5.3674893e-01   1.3565306e+00   9.4441437e-01   1.8065854e+00   1.9392315e-01
   3.6183674e+00   7.9332980e+00   3.3592210e+00  -8.3317373e-01   1.3584009e+01   2.8786650e+00   5.8722350e+00   3.7652506e-01   1.2566817e+00   1.5962622e-01   2.1751826e+00   5.5853814e-01  -1.4722153e+00   7.5640740e-01  -2.2556335e+00  -1.7012189e+00   1.9319266e+00   3.6209471e-01   1.3473391e-01  -2.1698696e+00   1.6386259e+00   9.5072200e-01   3.0163437e-01   2.8779811e-01
