  -7.9208573e+00   2.1484620e+00   5.1005459e-01   2.2510712e+00   1.6343239e+00  -3.2955054e+00   6.8197411e-02  -1.6864298e+00  -1.8199759e+00   7.4490867e-01  -1.2191945e-02  -7.9897784e-03   4.6753525e+00   5.7784618e+00   7.6249939e-02   2.8433807e+00   6.0869708e+00   4.8566088e+00   3.4031202e+00  -2.4094153e+00  -3.5326275e+00  -3.8960958e+00   1.3011253e-01  -4.7879577e-02
  -6.5337708e+00   3.0397031e+00   2.1227184e+00   1.1406396e+00   9.5372839e-01  -3.3090005e-01   2.8994214e-01  -1.0892477e+00  -1.7742412e+00   2.3906210e-01   2.5203771e-01   3.7403205e-01   7.8912562e+00   1.0335841e+01  -4.8974319e+00  -2.7503234e+00   4.9708017e+00   5.4334925e+00   2.2526261e+00  -8.6379929e-01  -5.3497144e+00  -5.1137343e+00  -3.7924157e-01  -6.4443776e-01
  -6.9561544e-01   1.0383008e+01  -3.8838497e+00  -1.6112144e+00   3.6285074e+00   2.3924823e+00   4.1610203e+00  -7.6367926e-01  -4.4989835e+00  -2.9395379e+00  -9.4739107e-01  -8.4787835e-01   7.5469174e+00   8.1710363e+00  -9.0502956e+00  -8.0627862e+00   3.9159997e+00   3.4293195e+00   2.4430445e+00  -2.6630755e+00  -3.1612628e+00  -2.4056365e+00  -8.0801538e-01  -1.2453991e+00
   2.7866325e-01   1.2180569e+01  -7.6184932e+00  -4.3715223e+00   3.2270542e+00   2.1216229e+00   1.6547134e+00  -2.5435396e+00  -7.0723241e+00  -4.1974813e+00  -9.6275614e-01  -1.1000132e+00   6.6305771e+00   5.1544892e+00  -7.6620230e+00  -8.6405000e+00   3.6365717e+00  -9.3031959e-02  -1.9466520e-01  -4.0946636e+00   9.5734394e-01  -5.5850874e-01  -4.9048293e-01  -1.3116805e+00
  -6.6982063e-03   9.8345835e+00  -8.1947831e+00  -7.0870272e+00   6.3716605e+00   6.2221236e-01   3.0503786e+00  -4.9538971e+00  -3.9128286e+00  -6.4527440e-01  -6.1681809e-01  -1.1390659e+00   5.3155960e+00   6.0740659e-01  -2.6000516e+00  -6.3591695e+00   9.8538279e-02  -2.8231551e+00  -3.4329471e+00  -2.8548155e+00   3.3992325e+00   5.7402288e-01  -1.3525828e-01  -8.1124673e-01
   3.0676362e+00   1.1045649e+01  -7.2148493e+00  -9.0822039e+00   5.0370094e+00   4.1468698e-01   5.5326518e-01  -5.1361342e+00  -6.3130276e-01  -1.7458327e+00  -6.4897317e-01  -1.4478949e+00   4.5923931e+00   9.7560428e-01   3.4775360e-01  -3.5022600e+00  -3.3873649e+00  -1.8045927e+00  -3.0916956e+00   2.9300721e+00   4.8800497e+00   1.2314494e+00  -8.4233145e-01  -3.2857790e-01
   5.8832920e+00   1.1861578e+01  -7.9857491e+00  -8.7946278e+00   2.8713372e+00  -9.8878238e-01  -4.3767625e-01  -3.7496053e+00  -2.6206453e+00  -3.3043279e+00  -1.3071700e+00  -1.8908076e+00   4.9066882e+00   3.7389191e+00   1.5868717e+00  -3.8912376e+00  -3.7103680e+00   4.3763668e-01  -2.5154701e+00   3.8484946e+00   1.6011340e+00   4.0947807e-01  -1.0031485e+00  -1.2224971e-01
   4.2222577e+00   1.2630478e+01  -7.2013798e+00  -8.7711120e+00  -1.0383146e-01   2.2023121e-01  -1.2388026e+00   1.2494227e+00  -3.9834127e-01  -1.0207806e+00  -1.8810774e+00  -1.2170092e+00   4.2142687e+00   3.0493760e+00   1.3481537e+00  -4.8145565e+00  -3.3323115e+00   5.3216895e-01  -1.2130642e+00   2.0724586e+00   6.1977895e-02   2.7306620e-01  -1.4240740e+00  -4.1872045e-02
   6.7760233e+00   1.4650547e+01  -5.8212102e+00  -1.3079430e+01   3.3765289e+00   1.3758953e+00   1.7320734e-01  -2.3739336e+00  -1.6276083e+00  -3.9358338e-01  -1.5054888e+00  -1.4378833e+00   3.5270652e+00   2.7449363e+00   2.6186248e+00  -4.1146114e+00  -3.8349045e+00  -4.7120788e-01   3.3325031e-01   3.3709555e+00  -6.2900589e-01  -4.7564928e-01  -6.5361176e-01   5.5528520e-02
   8.9426737e+00   1.4225228e+01  -6.2748883e+00  -1.4161638e+01  -2.1405374e-01   3.0601572e-02  -1.5717729e+00  -2.7152821e+00  -1.0348544e+00  -2.7916057e+00  -2.6859247e+00  -1.7371651e+00   1.9820057e+00   2.0074003e+00   2.3418024e+00  -1.0535656e+00  -3.3019289e+00  -2.4154629e+00   2.0179264e+00   3.1654254e+00  -3.8277910e-01  -9.1541943e-01  -1.1992546e-01  -7.5346853e-02
   8.8136818e+00   1.5181607e+01  -4.5210577e+00  -1.2271282e+01  -2.8259084e+00  -1.6007794e+00   2.2868433e-01   3.2891804e+00  -3.2458976e+00  -3.1323892e+00  -1.8851639e+00  -1.5474368e+00  -1.3740603e+00   9.5088849e-01   1.4677715e+00   4.0332710e+00  -2.9638818e+00  -2.0999542e+00   5.9262627e-01   4.4119329e+00  -6.2489586e-01  -6.3733107e-01   6.8076377e-01   2.5840954e-01
   6.1764371e+00   1.5376049e+01  -4.3387525e+00  -1.0755534e+01  -1.9555061e+00  -1.9146258e+00   1.7603484e+00   3.1660039e+00  -1.6336528e-01  -1.0245068e+00  -1.8711280e+00  -1.2752527e+00  -1.4357887e+00   2.1080090e-01   1.8828023e+00   3.0433978e+00  -5.1923015e-01  -7.4476327e-01   1.4480447e+00   8.4179351e-01  -1.5708929e+00  -3.1239494e-01   5.5627951e-01   3.8394558e-01
   6.0980511e+00   1.5501470e+01  -4.5876209e+00  -8.7325749e+00  -1.9856751e-01  -8.0142236e-01  -6.0391389e-01   1.3033228e+00  -3.0006967e+00  -2.2331294e+00  -8.9174147e-01  -1.2812252e+00  -2.0804947e-01  -1.8187324e-01   7.0197625e-01   1.2054611e+00  -1.7070584e+00   8.2567982e-01   1.1175635e+00  -4.2322427e+00  -2.1787289e-01  -6.6942644e-01  -5.0988003e-01   3.3525285e-01
   8.1468060e+00   1.4381498e+01  -3.4174032e+00  -1.1365895e+01  -2.3065694e+00  -1.4862218e+00   1.0165933e+00  -4.5966302e-01  -3.5137942e+00  -3.7098280e+00  -2.3482167e+00  -1.2943526e+00   9.6462004e-01   1.0169039e+00   6.4559434e-01   2.6393806e+00   5.3413828e-01   5.1139063e-01  -1.6767505e-01  -1.1280232e+00   3.9021134e-01  -1.8759154e+00  -6.0036681e-01   3.0071378e-01
   7.5164231e+00   1.5406073e+01  -3.9287680e+00  -1.0157910e+01  -5.2109644e+00  -5.7646164e-01   2.2769071e+00  -1.2463502e+00  -1.8974925e+00  -2.7938683e+00  -2.4114396e+00  -1.0350076e+00   1.7329113e+00   1.7385497e+00  -1.4680821e+00   1.2821384e+00   9.4116204e-01   1.4964142e-02  -8.6492937e-01   1.7405571e+00   2.4903510e+00  -1.8306785e+00  -1.1600334e+00   2.4192168e-01
   6.9141811e+00   1.6949103e+01  -3.6997875e+00  -6.0837957e+00   1.3518998e+00  -1.2600202e+00   6.8425335e-02   2.7488056e+00  -1.2965039e-01  -3.5580105e+00  -2.0118291e+00  -9.4729086e-01   1.4939008e+00   1.7373617e+00  -1.4979696e+00   6.4440114e-01   6.6570703e-01   2.8392529e+00  -1.2590176e+00   2.1231824e+00   8.9465031e-01   3.0147026e-01  -2.4891874e-01  -1.1419634e-01
   9.3137305e+00   1.6825492e+01  -6.6485519e+00  -9.4504168e+00  -6.1605904e-01  -8.9207696e-01  -1.4272240e+00   2.3099241e+00  -9.5724214e-01  -5.0550559e+00  -2.7999853e+00  -1.0918735e+00   1.9056177e+00  -1.0075728e+00  -8.8503716e-01  -2.9355490e-01   3.5990352e-01   2.7095849e+00   6.9563405e-01  -2.2010127e-01  -8.5372371e-01   9.5194667e-01   2.6275122e-01  -4.8697972e-01
   9.4890035e+00   1.6277831e+01  -4.3044656e+00  -1.0753040e+01  -3.6054616e+00   2.9304651e+00   9.8013243e-01   9.4697337e-01  -2.6419439e+00  -2.1270288e+00  -2.5273220e+00  -1.4372141e+00   1.3628539e+00  -2.6061544e+00  -3.6969941e-01  -1.4153502e+00   2.3783833e-01  -9.4528073e-01   3.5728337e+00  -2.4170979e+00  -8.1232485e-01   1.6425631e+00   6.4791605e-01  -5.1943043e-01
   9.0874385e+00   1.4230350e+01  -4.9539846e+00  -8.2636205e+00  -2.1924285e+00   1.3926731e+00   2.8645046e+00  -6.7558602e-01  -1.9219313e+00  -2.0814391e+00  -1.7595664e+00  -1.5205156e+00   2.1750797e-01  -2.4423224e+00   3.5423507e-01   4.5829978e-01   1.3474494e+00  -3.5562661e+00   4.0845173e+00  -1.6244824e+00  -1.5912624e-02   9.9837707e-01   5.4389923e-01  -3.8883828e-01
   9.0716080e+00   1.4337443e+01  -5.1016202e+00  -8.8002191e+00   2.4968420e+00  -3.8203163e+00   3.2818116e+00   6.1591382e-01  -8.6579310e-01  -2.5809742e+00  -1.5601645e+00  -1.5121155e+00  -1.6403783e-01  -5.0516731e-02   1.2205559e+00  -1.6083748e+00  -9.7744686e-01  -2.6673587e+00   6.7340925e-01   1.1184488e-01   2.4140204e+00  -8.9199621e-01   1.7569832e-01  -1.8975200e-01
   9.8486902e+00   1.4132203e+01  -5.7186220e+00  -9.7393774e+00  -1.6460366e+00  -2.8510854e+00   3.5487124e+00   3.8730309e-02  -1.8691865e+00  -3.3305176e+00  -2.4677152e+00  -1.6376803e+00  -7.7589945e-01   1.9897164e+00   4.5414547e+00  -4.2326114e+00  -2.6720296e+00   2.4107648e+00  -1.9099030e+00   1.4889507e+00   2.2737434e+00   1.1778387e-01  -7.1332773e-01   6.8509272e-02
   8.8623209e+00   1.6251130e+01  -2.0913130e+00  -1.2427723e+01  -5.3448278e+00   1.0513063e+00   1.6481424e+00   7.5758252e-01   9.5271427e-01  -2.8404839e+00  -1.9097001e+00  -1.6632598e+00   6.9169435e-03   1.2264832e+00   5.3440770e+00  -3.8561842e+00  -3.2405206e+00   5.4186077e+00  -4.1334230e+00   2.2538816e+00   7.8901814e-02  -5.1800681e-01  -1.2837904e+00   5.0934454e-01
   8.0282328e+00   1.6258081e+01   3.5304384e-01  -1.2798785e+01  -2.2796380e+00   2.5730090e+00   8.1648463e-01   1.4870057e+00   5.7943009e-01  -1.7750085e+00  -2.6547902e+00  -1.3421795e+00   7.7625134e-01   1.2768691e+00   2.4932861e+00  -5.9452760e-01  -7.0695197e-01   2.0657208e+00  -2.4906359e+00   1.8051142e+00  -4.9698838e-01  -1.0143717e+00  -5.0536750e-01   5.5822626e-01
   9.9922121e+00   1.5114228e+01  -1.2133765e-01  -1.3054791e+01  -2.0471383e+00   1.5955480e+00  -1.5522090e+00   3.2725986e+00  -1.9717487e+00  -4.1357390e+00  -3.3923125e+00  -8.9584905e-01   5.3496297e-01  -1.5507652e+00  -7.8660684e-01   2.9208709e+00   1.5899713e-01  -1.8520135e+00   1.4143340e-01   9.5027851e-01  -2.3673422e+00  -1.0179538e+00  -2.7275546e-01   3.8787934e-01
   1.0448122e+01   1.6615957e+01  -2.9636805e+00  -1.0317635e+01  -4.3553093e+00  -2.4624987e-02   1.4129342e+00   1.4888936e+00  -1.1524376e+00  -4.2044477e+00  -2.4844602e+00  -1.1840462e+00   3.8877083e-02  -2.6273598e-01  -1.8499166e+00   3.9739768e-01   2.6466152e+00  -1.9953385e+00   1.7782047e+00  -1.6730477e+00  -3.8205881e-01  -1.8534936e-01   4.6733791e-01   8.8656701e-02
   8.4548210e+00   1.3746044e+01  -1.6128611e+00  -9.2869925e+00  -4.0684964e+00  -4.2789696e-01   1.5620678e+00   2.1820563e+00  -1.7323652e+00  -3.1526950e+00  -2.4039983e+00  -1.1605074e+00   8.2330933e-02   6.0751938e-01  -2.3849357e+00  -1.4073157e+00   3.8126822e+00  -1.7994636e+00   2.4263548e+00  -2.8504610e+00   9.6743874e-01   5.2107362e-01   5.2963500e-02  -3.3109182e-01
   8.8552440e+00   1.6548069e+01  -1.6760694e+00  -1.4086588e+01   2.7009638e+00   5.9172377e-01   1.9266533e+00  -4.7729475e-01  -1.1334986e-01  -2.5445545e+00  -2.4479404e+00  -1.0768653e+00   1.0702350e+00   1.5966184e+00  -3.5876845e+00  -2.4983342e+00   3.0881807e+00  -1.2027436e+00   8.2904942e-01  -1.4405175e+00   7.4138831e-01   5.3690354e-01  -5.3646533e-01  -2.0810745e-01
   1.0912147e+01   1.6059451e+01  -4.3425468e+00  -1.3281288e+01   1.4374851e-01  -1.4118217e+00   1.8304636e+00  -1.9998788e-02  -1.0401344e+00  -4.1840751e+00  -3.3311271e+00  -1.4460772e+00   1.2771834e+00   1.6347404e+00  -2.8476065e+00  -6.6413644e-01  -2.1263522e-01   1.7844286e+00  -2.2236584e-01  -1.2899214e+00   9.1250948e-01   4.0025153e-01   1.8300239e-01   1.2459922e-02
   1.0824811e+01   1.7854181e+01  -6.9803645e+00  -1.2067988e+01  -1.8291607e+00  -1.3367780e+00   2.5223104e+00   4.2914489e-01  -3.8647052e-01  -2.8834023e+00  -2.8255938e+00  -1.3534225e+00   4.7407501e-01  -4.8701437e-02  -3.1635448e-01   6.9196206e-01  -4.3514124e+00   3.9962843e+00  -7.2829782e-01  -2.5244552e-01  -1.0870389e+00  -1.2022999e+00   1.0407068e+00   2.1816920e-01
   9.3858125e+00   1.5545098e+01  -3.2321233e+00  -1.1292497e+01  -2.1223870e+00   3.2129968e+00   9.3069046e-01  -2.0604564e-01  -2.2704068e-01  -2.3828938e+00  -1.9406680e+00  -1.0035389e+00  -6.7992484e-02   1.1614957e+00   2.5156143e+00  -2.1442961e+00  -3.0752917e+00   5.3377651e+00  -6.0140468e-02  -1.0317747e-01  -1.5034109e+00  -2.1104042e+00   6.9600193e-01   5.3284377e-01
   1.0329524e+01   1.6732193e+01  -2.7058128e+00  -1.4043041e+01  -2.6930870e+00   4.2737410e+00   1.2840932e+00  -7.6293961e-01  -2.1504551e+00  -5.2485950e+00  -1.5821099e+00  -9.7088068e-01  -1.0413328e+00   5.9727071e-03   3.6588803e+00  -2.7644609e+00  -3.7943194e+00   2.5643890e+00  -5.3207684e-01   6.7094824e-01  -1.6969142e+00  -1.7223509e+00  -2.5722106e-01   4.5442522e-01
   1.1057802e+01   1.8362689e+01  -2.7064011e+00  -1.5510206e+01  -4.0372258e+00   3.7895664e+00   2.3593615e+00   4.2127726e-01  -2.4132585e+00  -6.1670850e+00  -2.9088662e+00  -8.3808249e-01  -1.3717853e-01   8.9975967e-02   5.2077134e-01   8.3096229e-01  -5.0809485e-01  -2.6129445e+00   4.0364420e-01   1.7147123e+00   5.6925943e-01  -7.4925362e-01  -1.0684544e+00   6.5678066e-01
   8.4268170e+00   1.6454345e+01  -1.7549052e+00  -1.4105825e+01  -6.5632204e+00   2.2215207e+00   1.0098596e+00   1.1219058e+00  -1.8387329e+00  -3.5748330e+00  -2.7273263e+00  -7.5451288e-01   6.0549232e-01  -2.1325087e+00  -1.4315478e+00   4.0733134e+00   2.0961610e+00  -5.1007724e+00   6.0641517e-01   5.7769050e-01   1.4144569e+00   1.0808729e-01  -1.3451225e+00   5.1772742e-01
   1.0131398e+01   1.5818987e+01  -2.9264202e+00  -1.0014662e+01  -9.4946258e-01   3.1969014e-01   1.6732736e+00   1.4236001e+00   4.7098738e-01  -4.3436552e+00  -2.9707414e+00  -1.2655183e-01   1.1943965e+00  -2.7344447e+00  -2.1828717e+00   4.7476427e+00   3.2971294e+00  -3.6930861e+00   9.7816453e-01  -1.6785591e+00  -4.1902393e-01   8.7243812e-01  -9.1657624e-03  -5.5496052e-02
   1.1700964e+01   1.4805281e+01  -4.7431250e+00  -1.0680843e+01  -1.0927272e+00  -1.6424795e+00   2.5367599e+00  -3.9756529e-01  -1.4708926e+00  -5.9981789e+00  -3.5688561e+00  -5.5005487e-01   9.6721202e-01  -8.3292406e-01  -2.1715531e+00   2.9215071e+00   2.3781432e+00  -1.3798267e+00   1.8084877e+00  -2.2640895e+00  -1.1503303e+00   8.7509698e-01   6.5343896e-01  -4.2906025e-01
   1.1212323e+01   1.5085553e+01  -4.4865987e+00  -1.0101233e+01  -1.8267783e+00   1.8193738e-01   3.0631582e+00  -1.3368258e+00  -3.2257146e+00  -3.6467549e+00  -2.5018499e+00  -1.0235556e+00  -1.0204847e+00  -4.5193438e-01   1.2294534e-01   2.0261541e+00  -3.0370628e+00  -1.2744279e+00   2.1369339e+00   3.2864841e-01  -1.4048107e+00   1.2885763e+00   7.8109505e-01  -7.6150008e-01
   9.3371725e+00   1.5571675e+01  -4.2321456e+00  -9.6802787e+00  -2.5573478e+00   2.2065708e-01   3.0276488e+00  -8.9401552e-01  -1.7158774e+00  -2.6106377e+00  -1.9816136e+00  -9.4960138e-01  -1.2320040e+00   3.9800838e-01   1.2236420e+00   1.9190212e+00  -4.0109005e+00  -1.0823204e+00   1.5747820e+00   2.4376973e+00  -4.8937261e-01  -5.6804579e-02   1.9348172e-01  -5.3269563e-01
   9.7825670e+00   1.4757888e+01  -2.9974918e+00  -7.4757125e+00  -4.7727466e+00  -2.5235199e+00   4.6332299e+00   2.1647979e+00  -1.5137363e+00  -4.1045613e+00  -2.5927201e+00  -1.0690287e+00  -1.3440733e+00   4.9646622e-02   1.0076534e+00  -2.3312220e-02  -4.8014236e+00  -2.6954758e+00  -4.5971247e-01   1.7065753e+00   2.0356183e+00  -1.7833254e-01  -1.0245903e+00  -2.1177771e-01
   1.0567836e+01   1.5566127e+01  -3.6522155e+00  -9.1150714e+00  -5.6360938e+00  -1.9132313e+00   4.1138970e+00   1.5081689e+00  -3.0609407e+00  -5.8544826e+00  -3.2331984e+00  -1.3263618e+00  -7.3732876e-01   1.2524861e-01   6.8120749e-01  -1.1957144e+00  -2.8238362e+00  -3.2723681e-02   2.3991163e-01   1.7371759e+00   1.4540262e+00   6.2936498e-01  -4.7952730e-01  -3.5168777e-02
   8.5808812e+00   1.5162798e+01  -3.2650837e+00  -1.0418805e+01  -7.4895407e+00  -2.7943321e+00   1.8304654e+00   2.1944959e-02   5.0024451e-01  -2.2923313e+00  -3.4129429e+00  -1.1528419e+00  -7.1403062e-01   1.7028793e+00   8.4879418e-01  -3.5600752e+00  -1.2389227e+00   9.1237557e-01  -5.4091000e-01   2.8984259e+00   3.5004450e-01  -2.4753997e-01  -1.5666294e-01   2.7150397e-01
   8.8320223e+00   1.5557093e+01  -3.0765384e+00  -1.0002304e+01  -5.4347050e+00   3.0697763e-01   4.7888986e+00   2.7831747e+00  -5.4182855e-01  -2.5727053e+00  -2.2907931e+00  -9.6044791e-01   4.7793610e-01   1.0136543e+00   5.5036885e-01  -1.2800351e+00   2.6036026e-01   5.9342748e-02   3.9054855e-01   2.4487558e+00  -9.6712671e-01  -1.4994154e+00   2.4763667e-01   2.8729842e-01
   9.5794281e+00   1.7316724e+01  -2.0121391e+00  -1.2372209e+01  -6.7318250e+00  -2.2650610e+00   3.4843641e+00   5.8749338e+00  -2.2482256e+00  -6.1167599e+00  -3.2989171e+00  -8.4472966e-01   1.4347849e+00  -1.0577018e+00  -1.7964133e+00   1.0732654e+00   1.1415709e+00   1.7461573e-01  -7.7912867e-01  -1.9800696e-01  -2.3819608e+00  -2.0723275e+00   3.6570122e-01   5.2791915e-02
   1.0785467e+01   1.6009645e+01  -3.4531345e+00  -1.0058422e+01  -5.6244112e+00  -2.0888527e+00   3.8727704e+00   2.2548081e+00  -3.1373957e+00  -6.1913913e+00  -2.9187563e+00  -1.0494703e+00  -9.6802601e-02  -1.1128660e+00  -6.7665596e-01   6.8458458e-01   1.6432167e+00   1.0529955e+00  -1.7191858e+00  -2.8723072e+00  -1.1341655e-01   2.6966932e-01   3.2294712e-01  -8.4793164e-02
   9.7563361e+00   1.3349969e+01  -5.7714056e+00  -8.7808481e+00  -5.6823312e+00  -1.3344933e+00   1.1198364e+00  -1.0882140e-02  -1.7749131e+00  -3.5914794e+00  -2.5504095e+00  -1.0291429e+00  -4.6797259e-01  -1.0842170e-01  -1.3638651e+00  -1.3140513e+00   1.0831989e+00   3.1761182e+00  -9.9989167e-01  -4.4303317e+00   1.8221157e+00   9.2610750e-01   5.9239239e-01  -2.1082288e-01
   8.5983644e+00   1.5871172e+01  -2.2118891e+00  -1.0771108e+01  -3.4946269e+00   1.4211870e+00   3.3923837e+00   1.4176219e+00  -9.4860962e-01  -3.4308415e+00  -2.1806262e+00  -9.9543104e-01  -4.4786252e-01   5.8145726e-01   9.7889836e-01  -3.2887451e+00  -8.2350257e-01   3.1761843e+00  -3.6017195e-02  -1.3753646e+00   8.4407421e-01  -6.2017718e-01   1.0714517e-01  -9.5121363e-02
   9.9710206e+00   1.7223328e+01  -4.6785595e+00  -1.3986943e+01  -6.1719188e+00   7.4409630e-01   2.2247200e+00  -3.5197057e-01  -6.0944511e-01  -6.1078736e+00  -2.7793936e+00  -1.1879836e+00   3.0951658e-01  -5.7912112e-01   1.1324924e+00  -2.8253112e+00   3.9896047e-01   1.9047941e+00  -1.6629395e-01  -3.2957856e-01  -1.5281517e+00  -5.6871848e-01   2.2677893e-01  -9.2093615e-02
   1.0006331e+01   1.4945152e+01  -2.5312100e+00  -1.2388492e+01  -6.6148713e+00   1.6361289e+00   3.2663029e+00   3.6230536e-01  -2.4540184e+00  -5.8634600e+00  -2.6435465e+00  -1.1127320e+00  -3.4826917e-02  -6.2770489e-01   6.5535348e-01  -1.3977291e-01  -1.3517135e+00   1.4476396e+00  -3.0711010e+00  -6.1405577e-01  -1.0808756e+00   1.4896862e+00   2.2265986e-01  -1.1324718e-02
   9.5166276e+00   1.2944298e+01  -3.9130066e+00  -1.2210123e+01  -3.5237683e+00   1.4152270e+00   9.3343596e-01   2.2408286e-02  -3.3144364e+00  -3.2282479e+00  -1.9787810e+00  -1.1086329e+00  -6.3341690e-01   1.3849698e+00   1.1779472e+00  -2.8051598e-01  -2.6445882e+00   2.3005786e+00  -3.4485372e+00   8.9209848e-03  -2.9124947e-01   1.4668270e+00   3.8879124e-02   7.4878051e-03
   8.7733205e+00   1.7069129e+01  -1.6116353e+00  -1.1869177e+01  -6.8462724e+00   3.2570810e+00  -5.6862579e-01   3.0934882e-01  -1.2174274e+00  -2.6361251e+00  -2.2469427e+00  -1.0520935e+00  -3.6287046e-01   1.5728156e+00  -2.0531808e-01   6.7491534e-01  -3.0100288e+00  -1.6886096e+00  -2.3852998e+00   9.9848896e-01   1.6338868e+00   4.1672200e-01  -8.4132622e-01  -6.3252768e-03
   9.6374006e+00   1.8238794e+01  -3.3714260e+00  -1.4667375e+01  -1.0023101e+01   3.3844880e+00  -1.0306215e+00  -3.1211082e-01  -1.6646148e+00  -5.5213006e+00  -2.9193768e+00  -1.2070711e+00   4.2696602e-01  -7.9208424e-01   8.7911105e-01   7.4965258e-01  -1.6116211e+00  -3.4879749e+00  -7.3313562e-01   1.2575185e+00   1.5199473e+00  -2.8002851e-01  -7.0654811e-01  -1.1383961e-01
   9.4016389e+00   1.4657127e+01  -3.1099774e+00  -1.0147493e+01  -7.8802484e+00  -1.8814160e+00   6.7038192e-01   2.0272984e+00  -8.2809889e-01  -4.0918507e+00  -3.4352379e+00  -1.0730008e+00   1.0355382e+00  -2.6768558e+00   1.0332041e+00   1.1520206e+00   1.9193870e+00  -3.1681239e+00   7.3317284e-01   6.7291984e-01  -1.3113087e+00  -4.9905750e-01   4.7185017e-01  -4.9382237e-02
   9.8429174e+00   1.2962172e+01  -1.8451690e+00  -1.1946486e+01  -5.4242119e+00  -1.2474868e+00  -7.8577133e-01   1.0497113e+00  -1.2291797e+00  -2.9204279e+00  -2.4444555e+00  -1.2689386e+00   8.7192638e-01  -1.5737126e+00   1.8758911e+00   1.2520228e+00   2.1268174e+00  -5.9506051e-01   8.7760809e-01  -9.5448752e-02  -2.0869924e+00  -7.2655966e-01   8.6856148e-01  -3.8809395e-04
   1.0223869e+01   1.5692156e+01  -8.2495766e-01  -1.1501591e+01  -6.2666362e+00   8.2088265e-01   4.0870840e-01   6.3781750e-01  -3.4021081e+00  -4.6851476e+00  -1.7766281e+00  -1.0952331e+00   4.3377490e-01   2.3486698e+00   1.2834670e+00  -1.9738443e+00   6.9820262e-01   1.8082711e+00   1.4843126e+00  -1.9415262e+00  -2.4197014e+00  -9.0861604e-01   3.6674185e-01   1.5627175e-01
   1.0534175e+01   1.5360710e+01  -1.7000992e+00  -1.2112292e+01  -7.6396806e+00   1.1407479e+00   4.1662743e-01   2.3945648e-01  -3.5080989e+00  -6.3144916e+00  -2.4458395e+00  -1.1965371e+00  -4.2101439e-01   2.2365213e-01   2.6763260e-02   9.8094668e-01  -9.4938578e-01  -1.4797272e+00   1.1311732e+00  -8.2453964e-01  -2.5767464e-01   3.7514938e-01  -4.6233298e-01   1.8604324e-01
   9.7066725e+00   1.6980863e+01  -1.2573119e+00  -1.3025357e+01  -5.7252101e+00  -3.6312671e-01   2.2956514e+00  -4.7986348e-01  -3.3181914e+00  -3.7577429e+00  -2.8844332e+00  -8.7479390e-01   3.0785128e-01  -1.2147102e-01   1.2689636e+00   5.6772191e-01  -3.9094227e-01  -1.9724573e+00   4.2453832e-01   1.1340700e+00   1.5027266e+00   5.7731785e-01  -9.1032882e-01   1.8849394e-01
   9.4699943e+00   1.2653297e+01  -1.5888470e+00  -9.7131828e+00  -7.1190036e+00  -2.8750728e+00  -3.2483018e-02   3.7174237e-01  -1.6576500e+00  -2.8214062e+00  -2.5840525e+00  -1.1000934e+00   1.1188139e+00   1.7097110e+00   2.1002967e+00   2.0338160e-02  -7.8274962e-01  -7.0438768e-01   1.8539474e-01   3.4139394e+00  -6.8860606e-01  -2.9523350e-01  -2.8948343e-01   1.1565629e-01
   1.1217737e+01   1.6863656e+01   1.0228616e+00  -1.1849562e+01  -7.1133881e+00  -1.2989298e-01   1.2700711e+00   2.2727795e+00  -2.0732426e+00  -5.5657135e+00  -3.0730148e+00  -8.6071403e-01   1.0036379e+00   2.5907276e+00   1.0324165e-01   1.0880931e+00   1.3718912e+00  -2.1624887e-01  -1.7972233e+00   2.3126646e+00  -1.5603037e+00  -1.8895249e+00   4.0090475e-01  -2.7793684e-01
   1.1456864e+01   1.7983880e+01   3.1025911e-01  -1.2669682e+01  -8.1197160e+00  -3.2450454e-02   1.2075097e+00   3.9840440e+00  -5.1634824e+00  -5.8533565e+00  -2.7857738e+00  -1.0300926e+00  -3.2243019e-01   1.9434826e+00  -2.1172502e+00   2.6380239e+00   4.2572692e+00  -1.3304963e+00  -1.2585963e+00  -5.8774617e-01  -1.5749256e+00  -1.2392064e-02   4.4310843e-01  -2.2528625e-01
   1.0218695e+01   1.8201663e+01  -2.0520024e+00  -9.9149677e+00  -3.1670171e+00  -2.1088112e+00  -1.0201799e+00   1.1829826e+00  -3.9057308e+00  -5.0760552e+00  -2.1822154e+00  -1.3266996e+00  -5.2596270e-01  -1.8123886e+00  -1.5012352e+00   1.0426011e+00   3.9631591e+00   2.6026617e-02   7.3843473e-01  -1.6933030e+00   6.7440407e-01   1.8080818e+00   7.2959178e-01  -7.1156733e-03
   9.4858700e+00   1.4899518e+01  -3.2272903e+00  -6.7234443e+00  -2.7062853e+00  -3.8813582e+00  -7.7525205e-01   3.5021566e-02  -3.1037943e+00  -3.0848235e+00  -2.3647895e+00  -1.2050300e+00   9.1512990e-01  -1.5576267e+00   3.3497816e-01  -2.8066073e+00   9.6465635e-01   3.1353329e+00   1.8558575e+00  -1.9111619e+00   1.9959716e+00   8.3549889e-01   1.0755356e+00   2.0559071e-01
   1.1414289e+01   1.5687254e+01   5.3978354e-01  -1.3258779e+01  -3.8753648e+00   1.8336008e+00   3.3691041e+00   1.7073362e+00  -2.0914805e+00  -4.2378573e+00  -2.1891193e+00  -7.8391884e-01   8.6302407e-01   4.8792772e-02   1.4812459e+00  -3.2182824e+00  -2.2204339e+00   4.7830793e+00   1.7477548e+00  -5.2390686e-01  -4.9180541e-01  -1.5241207e+00   6.6261975e-01   2.6817750e-01
   1.2231761e+01   1.6904644e+01  -4.8316663e-01  -1.5207687e+01  -6.3185577e+00   2.6993429e+00   1.7966541e+00   8.5512437e-01  -3.0766501e+00  -5.0192071e+00  -1.1690185e+00  -9.9309688e-01  -6.5690531e-01   2.2505607e+00   4.7118259e-01  -6.6498678e-01  -2.4147152e+00   3.0700575e+00   4.3254727e-01  -1.1008436e+00  -1.5166471e+00  -1.9667322e+00   4.5815950e-01   1.2483203e-01
   1.0140285e+01   1.7272289e+01  -1.2021955e+00  -1.0500270e+01  -4.6915317e+00   1.7754571e+00   3.1549929e-01  -1.2929057e-02  -4.6570110e+00  -6.3950444e+00  -1.7861713e+00  -1.0303999e+00  -2.2689718e+00   8.8120125e-01  -1.3390487e+00   3.5015861e+00  -1.8346364e+00  -1.1366089e+00  -9.3391851e-01   3.3157492e-01   1.2479710e+00  -2.5137569e-02   3.5083920e-01   2.7670607e-01
   9.1375142e+00   1.7482842e+01  -1.6495269e+00  -9.1001791e+00  -5.9202746e+00   7.5279992e-01   1.4003712e+00  -7.5611117e-01  -4.0959996e+00  -4.9563283e+00  -1.8790243e+00  -8.9454143e-01  -1.2537017e+00   1.4540243e+00  -5.2840802e-01   5.6978092e-01  -9.5216832e-01  -2.2938985e+00  -7.7963476e-01   3.2972707e+00   3.2275837e+00   2.1892761e-01   1.6134557e-01   2.6800821e-01
   9.5579553e+00   1.6719958e+01  -8.8560943e-01  -1.1060154e+01  -6.8264609e+00   1.1019590e+00   2.1663677e+00   3.0103164e+00   2.9015079e-01  -4.3070031e+00  -1.3078576e+00  -4.1813747e-01   8.3357284e-01   2.3633502e-01   7.4534571e-01  -7.3309191e-01   5.4419415e-01  -1.6700421e+00  -3.3376910e+00   2.4486785e+00   3.9851082e+00   4.0903780e-01  -3.1150609e-01   1.5655056e-01
   1.0642374e+01   1.9361846e+01  -1.4340717e+00  -1.4073073e+01  -6.6793456e+00  -4.0475574e-01  -2.9823230e-01   4.2894077e+00  -7.0885544e-01  -5.7348364e+00  -1.1661570e+00  -8.9721576e-01  -1.0163791e-01  -2.8416781e+00  -1.0895544e+00   2.9697342e+00   2.9872435e+00  -1.5693373e-01  -4.3459003e+00  -1.7901227e+00   2.0145930e+00   1.2111684e+00  -2.9738286e-02  -2.6368243e-01
   1.0638215e+01   1.6687289e+01  -1.9190454e-01  -9.1134609e+00  -3.4957050e+00  -1.5082815e-01  -3.8417355e+00   1.1373293e+00  -3.7292077e-01  -5.3922336e+00  -2.6098641e+00  -7.9423685e-01  -1.0481146e+00  -4.0384865e+00  -1.5430237e+00   5.1664476e+00   3.0966480e+00  -8.8969065e-01  -3.4517014e-01  -4.1461342e+00  -2.7560536e+00   2.3411109e+00   4.6518195e-01  -1.8819898e-01
   8.4449276e+00   1.3236659e+01  -3.6307110e+00  -5.6189244e+00  -3.1047873e+00   1.1437929e+00  -2.1144276e+00  -2.5048016e+00  -7.4257444e-01  -2.5969604e+00  -1.2726284e+00  -1.1020154e+00  -7.5963320e-01  -3.0156988e+00  -2.0629274e+00   4.6757952e+00  -1.6507452e-01  -2.1986510e+00   4.1594181e+00  -3.1684352e+00  -4.3138556e+00   1.9551635e+00   7.4714141e-02   4.3226454e-01
   9.0845065e+00   1.3724822e+01  -2.1018253e+00  -7.5375571e+00  -3.9687680e+00  -1.0068513e+00   2.5567102e+00   1.8821981e-01  -3.8270701e+00  -2.3642747e+00  -5.5684892e-01  -5.9803613e-01   1.4073033e-02   1.7881197e+00   2.9648081e-01   6.0799242e-01  -1.9354467e+00  -9.0948821e-01   3.6519187e+00  -1.2891178e+00  -3.9968811e+00   8.6420042e-01   4.1590089e-01   3.1972042e-01
   1.0279778e+01   1.6319532e+01  -3.5735025e+00  -7.8473325e+00  -6.6904259e+00  -3.2747206e+00   2.7416720e+00   1.1309613e-02  -5.4525641e+00  -4.3160705e+00  -2.0805934e+00  -3.4691931e-01  -8.3975098e-01   3.6792366e+00   2.6692530e+00   4.3630642e-01   2.0346532e+00   8.0594793e-01  -1.4368931e+00  -3.7882938e-01  -2.3908483e+00  -1.5529758e+00   2.6374075e-01   1.0342148e-01
   9.7418991e+00   1.7828032e+01   2.2421242e-01  -7.0872682e+00  -4.6060557e+00   6.9419626e-01  -7.9190732e-01  -2.0544030e+00  -4.0132475e+00  -3.2363779e+00  -1.5820303e+00  -6.9220426e-01  -3.0007781e+00   9.7343901e-01   1.2392003e+00   1.1028546e+00   5.2561899e+00   2.0202072e+00  -4.5075214e+00  -6.1695093e-01   1.0889832e+00  -1.0689274e+00   5.5767069e-01  -3.8845517e-01
   6.8566048e+00   1.6703908e+01  -7.8985034e-01  -5.1896092e+00   2.6583639e-01   1.5021910e+00  -2.5954585e+00  -1.9517343e+00  -4.2357582e+00  -4.4903724e+00  -3.6442664e-01  -8.9979910e-01  -2.9487090e+00  -3.3286917e-01   4.7045060e-01  -1.6806734e+00   1.3888858e+00   2.3151552e+00  -1.8829724e-01   1.9978604e+00   3.4298437e+00  -1.6428177e+00   1.4013361e+00  -3.8253768e-01
   6.2949259e+00   1.4992792e+01  -1.6348509e+00  -7.2121368e+00   4.3738567e-01  -3.6499627e-01  -1.5360067e+00   2.4431536e-01  -2.8019982e+00  -3.8805149e+00  -5.7842625e-01  -9.0427900e-01  -1.2073109e+00  -4.3830262e-01  -1.7333253e+00  -2.7070636e+00  -3.4288895e+00  -2.4335824e+00   3.0891996e+00   4.3927190e+00   3.3167374e+00  -2.2334237e+00   3.8827417e-01  -1.2959625e-02
   7.5802011e+00   1.7237848e+01  -1.9382949e+00  -1.0305908e+01  -7.1288178e+00   7.2760855e-01   2.8312758e+00   1.8587411e+00  -9.1342324e-01  -6.4582286e+00  -4.8039132e-01  -8.1468847e-01   3.4812781e-01  -1.1363882e+00  -4.3218207e+00  -3.6259290e-01  -2.8571297e+00   2.8025203e-01   1.3815435e+00   1.9989946e-01   2.1743325e+00   1.6497099e+00  -1.1133602e-01   2.3291691e-01
   7.5691347e+00   1.6903608e+01  -1.8015533e+00  -8.5897141e+00  -6.0520628e+00  -2.5688861e+00   1.1285249e+00   2.6294378e+00  -6.9930889e-01  -5.6025854e+00  -9.4163670e-01  -7.5419901e-01  -9.7740228e-01  -2.4704989e+00  -7.8450902e+00   3.2681632e+00   1.3786874e+00   4.3915080e+00  -3.6104364e+00  -5.6111212e+00   1.4213305e+00   3.7487220e+00   7.5075560e-01   2.2503354e-01
   6.7416921e+00   1.4043918e+01  -7.1892303e+00  -5.0447099e+00  -7.7513394e-01   3.0245139e+00  -1.8554091e+00  -2.8444463e+00  -2.0256040e+00  -1.1547722e+00  -3.4982544e-01  -6.2546373e-01  -1.7398500e+00  -3.0627329e+00  -4.9660383e+00   3.7659203e+00   7.5305063e+00   5.7240971e+00  -3.9634210e+00  -4.9113953e+00   5.8374886e-01   3.7067936e+00   7.4352357e-01   7.2264848e-02
   5.2480770e+00   1.2884009e+01  -1.0777019e+01  -4.9404913e+00  -6.7142522e-01   5.0738130e+00  -4.6083189e+00  -5.8207728e+00  -1.1391203e-01  -9.0916011e-01   4.8242421e-01  -6.6134106e-01  -3.2480480e-01  -5.0332971e-01   9.2284856e-02   7.2235785e-01   1.5461373e+00   3.0215073e+00   8.5487942e-01  -1.0416153e+00   4.8273233e-01  -4.6547304e-01   2.8414281e-01  -2.3698994e-02
   6.1309549e+00   1.4653548e+01  -4.8996198e+00  -6.4816392e+00   1.4766229e+00   5.4924047e+00  -2.4543383e-01  -1.2832467e+00  -3.3049839e-01  -3.2447507e+00  -7.7136423e-02  -7.5272017e-01   2.0821226e-01   1.7600816e+00   6.5339888e+00  -6.6174296e-01  -3.5645417e+00  -3.2373468e+00   1.2315792e+00   3.4426312e+00   5.9101521e-02  -2.2453402e+00   1.0280073e-01   2.2174082e-02
   7.3872961e+00   1.5843798e+01  -2.8079312e+00  -6.7877126e+00  -4.8587352e+00   7.2942953e-01   1.6058564e+00   2.8641499e-01  -8.2276323e-01  -5.2558057e+00  -6.5176699e-01  -7.2611928e-01  -2.0424693e+00   2.3741113e+00   6.0553465e+00   4.3427670e-01  -1.2939759e+00  -4.3765090e+00  -2.0314491e+00   4.8445080e+00   2.5943121e-01   2.7784385e-02   1.3430453e-01   7.8159557e-02
   5.9844009e+00   1.5204146e+01  -1.3727907e+00  -5.1137137e+00  -4.0282914e+00   3.4068552e-01  -3.1151279e+00  -7.3409336e-01  -1.5825262e+00  -2.3494598e+00   3.7147126e-01  -5.5981350e-01  -4.4744336e+00  -7.8444774e-01  -4.4822535e-01  -8.5443657e-01  -3.9444110e-01  -5.5934798e+00  -3.8598679e+00   7.9710226e-01   4.0288411e-01   2.5144704e+00   1.0279462e+00   2.5004217e-01
   2.2576500e+00   1.6169877e+01  -3.4574133e+00  -4.9730390e+00   1.4006803e-01   1.0849091e+00  -6.2206455e+00   1.1714126e+00   9.0124867e-01  -1.3151290e+00   4.5957717e-01  -6.4055506e-01  -1.7281843e+00  -9.7290213e-02  -1.7135075e+00  -3.7616799e+00  -7.8448787e-01  -3.2320746e+00   3.4960732e-02  -3.7371232e-01  -4.6198740e-01   7.9872047e-01   8.1876631e-01   9.4139901e-02
   1.9841275e+00   1.3313837e+01  -5.2472168e+00  -8.6706309e+00  -1.6144404e+00  -3.0755549e+00  -2.1219848e+00  -5.3009207e-01  -5.8817817e-01  -1.4433835e+00   9.0911081e-01  -4.2043902e-01   2.7597245e+00   1.7280135e+00   8.2338759e-02  -4.9755760e+00  -5.6748837e+00  -3.7549328e+00   3.2857271e+00  -1.2469724e-01  -8.5634491e-01  -2.7607730e+00  -2.9869224e-01  -1.0011918e-01
   6.7951564e+00   1.6643017e+01  -3.4409795e+00  -1.0651774e+01  -7.2423926e+00  -2.4105621e+00   1.1617259e+00  -3.7615413e-01  -2.0129183e+00  -4.5107631e+00   3.0756270e-01  -6.5459666e-01   6.0499664e+00   2.6319107e+00   3.7798407e+00  -2.2254110e+00  -7.5646984e+00  -8.4357611e-01   3.2738606e+00  -9.5488965e-01  -2.6961261e+00  -1.9158015e+00  -9.9093705e-01   5.0936060e-02
   7.8552345e+00   1.7559596e+01  -1.2574995e+00  -9.7377103e+00  -8.8493867e+00  -3.5439781e+00  -1.8777230e+00  -1.4735587e-01  -1.4099600e+00  -4.8928023e+00  -5.5987103e-04  -7.0297147e-01   3.1039701e+00   3.5997172e+00   4.0495119e+00   1.9646463e+00  -1.0676781e+00   2.3491801e+00  -1.9010693e+00   2.1184685e+00  -1.3581690e+00   5.2735156e-01  -9.4367274e-01   1.8543528e-02
   8.3970462e+00   1.7994864e+01   2.1748904e-01  -7.7776159e+00  -7.5895064e+00   5.3756566e-02  -1.4319856e+00  -4.5229000e-01  -2.7320495e+00  -2.4641219e+00  -5.7199307e-01  -4.2288475e-01  -1.2752096e+00   8.6696482e-01   2.4150294e+00   9.6637038e-01   6.2765407e+00   1.3256331e+00  -9.4938768e-01   2.4701145e+00  -3.9525414e-03   2.5502266e+00  -3.1490388e-01   1.7264939e-01
   5.8391379e+00   1.8037490e+01  -1.0021833e+00  -7.1607404e+00  -3.0424006e+00  -7.8394416e-01  -3.6767329e+00   2.6856786e+00  -2.2658661e+00  -1.6756768e+00  -6.6620409e-02  -5.0847969e-01  -7.7531030e-02  -8.6197384e-02   9.8261936e-01  -2.3391441e+00   6.9146236e+00   3.0825162e+00   2.7382202e+00   1.4685451e-01  -1.2293888e+00   3.3641542e-02  -1.6425314e-01  -1.1263654e-01
   5.8903903e+00   1.7704517e+01   5.3906539e-02  -1.0490703e+01  -7.3107451e-01  -1.8021294e+00   6.3714938e-01   1.9125004e+00  -1.5908941e+00  -2.2939859e+00  -1.3176286e-01  -4.9286846e-01   1.3519100e+00  -2.9348911e-01   1.5856247e+00  -3.9073212e+00   2.3979200e+00   1.9390463e+00   1.3473201e+00  -1.6885863e+00   1.7207050e-01  -1.3996715e+00   1.8944643e-02  -1.7024227e-01
   8.9922658e+00   1.7575473e+01   2.9822081e-01  -1.1889883e+01  -1.9066673e+00   2.0077392e+00   1.1950399e+00  -1.1094693e+00  -3.8246210e+00  -4.9274079e+00  -4.6705468e-01  -8.3693442e-01   2.6262823e+00  -4.0386155e-01   1.5210360e+00  -1.1588323e+00  -1.4741823e+00   7.9613262e-01   1.1774795e+00  -2.9567657e+00   9.1416942e-01   5.3090261e-02   5.2486145e-02  -1.4794685e-02
   8.8483471e+00   1.7785639e+01   1.9457241e+00  -1.1274027e+01  -4.5604931e+00   1.5664844e+00  -1.8468918e+00  -1.0875954e+00  -1.6945663e+00  -2.9377636e+00  -3.4335896e-01  -5.1402079e-01  -2.6158354e-02  -6.1053142e-01  -1.8402620e+00   4.0694423e+00  -1.4518432e+00  -6.4035582e-01  -1.4996888e+00  -1.5777571e+00   1.1810724e+00   2.8973192e+00   6.5071483e-01   6.9992978e-02
   8.2995829e+00   1.7391137e+01   3.3346203e-01  -8.5073272e+00  -3.3389647e+00  -1.2740521e+00  -6.6849304e-01  -2.4942202e-01  -8.4277585e-01  -1.2741526e+00   1.1790686e-01  -5.2009555e-01  -2.9595255e+00  -4.5932715e-01  -1.4558159e+00   4.6500597e+00  -3.6120883e-01  -3.2789267e+00  -1.8738075e+00   5.1451741e-01   3.0659776e+00   3.5093387e+00   8.7458647e-01   5.4150562e-01
   6.1974943e+00   1.6880888e+01  -2.7241071e+00  -6.0778176e+00  -2.1926906e+00  -1.1217675e+00  -6.8061738e-01  -8.8415893e-01  -1.3102081e+00   2.2536518e-01   5.5182862e-01  -5.4629843e-01  -1.4925921e+00  -9.7250690e-01  -6.1615396e-01  -7.3005539e-01  -2.4560490e+00  -2.7114383e+00  -1.7782785e-01   2.7214108e-01   1.8425063e+00  -3.9608575e-01  -4.8437089e-01   5.5165237e-01
   5.8784040e+00   1.7338858e+01   4.4941259e-01  -7.5128975e+00  -3.6323818e+00  -1.5665249e+00  -2.1988085e+00  -4.3941146e-01   5.8216637e-01  -1.2449643e+00   3.9723123e-01  -8.5371730e-03   5.8707694e-01  -1.2057970e+00   1.7498033e+00  -4.1275609e+00  -4.7574089e+00  -2.7532191e+00  -2.3648550e+00  -1.0262889e+00   8.3610913e-01  -2.0241272e+00  -1.1385173e+00   3.4157793e-01
   7.8200484e+00   1.6353018e+01   9.6351786e-01  -1.2866324e+01  -8.0978581e+00  -2.3544367e+00  -1.3484758e+00  -5.8438911e-01   3.5672205e-01  -3.5464864e+00  -1.2095775e+00   5.7678575e-02   7.5176366e-01  -2.3257318e+00   1.9144035e+00  -2.7565945e+00  -3.3755920e+00  -4.8822472e+00  -3.4274121e+00  -1.4242363e+00   9.8575361e-01  -1.2698219e+00  -5.1180063e-01   1.8939565e-01
   8.3689213e+00   1.5846376e+01   1.1143545e+00  -1.1304415e+01  -7.5224944e+00  -4.7875462e+00  -3.8818463e+00  -1.9387402e+00  -4.2207725e-01  -2.4244176e+00  -7.0916600e-01  -3.0971715e-01  -2.5284178e+00  -4.4247034e+00  -1.9766552e+00   1.3060268e+00   1.4058337e+00  -2.4648390e+00  -1.9100767e+00  -2.7697036e+00  -2.6430306e-01   1.4151318e+00   2.1840500e-01  -2.0961265e-02
   6.0798811e+00   1.4138531e+01  -1.8497275e-01  -8.3169505e+00  -5.3110223e+00  -6.8346276e+00  -4.9802166e+00  -2.2708489e+00   6.7054408e-01  -1.0896410e+00   3.3732629e-01  -1.1161496e-01  -4.8856225e+00  -2.8923580e+00  -1.0534800e+00   6.2861430e+00   3.8360451e+00  -1.1765874e+00  -1.2821412e+00  -1.4971018e+00  -2.4852492e-01   1.6287282e+00   8.0320784e-01   9.6317327e-02
   2.9558608e+00   1.1809046e+01  -1.9413249e+00  -7.8285442e+00  -2.9170492e+00  -3.0236880e+00  -3.2480532e+00  -3.7507370e+00   2.8800762e-02  -3.5068925e-01  -4.8613152e-02   4.4667699e-02  -3.6990434e+00  -4.1898829e-01   2.0302313e+00   6.8739898e+00   1.4154124e+00  -1.5168271e+00   3.6209116e-01  -9.6149923e-01  -1.3762094e+00   2.2095651e-01  -1.0674199e-02  -1.4284659e-02
   3.1981448e+00   1.4033146e+01   9.1113762e-01  -5.1750455e+00  -4.6465130e+00  -5.0012469e+00  -3.5885842e+00  -1.9240434e+00  -2.4150434e-01  -2.1402582e+00  -3.3504214e-01   2.4962139e-02  -1.0219046e+00   1.3327751e+00   4.8520080e+00   6.2567767e+00  -9.5558220e-01  -3.9630002e+00  -7.5274251e-01  -1.3129247e-01  -4.5368025e+00  -1.8094263e+00  -5.5923403e-01  -2.0826935e-01
   4.2612244e+00   1.5270586e+01   3.6116463e+00  -2.5643830e+00  -5.7316304e+00  -7.9794772e+00  -4.0345258e+00  -3.5543918e+00  -2.0303671e+00  -1.5676742e+00  -3.8899309e-01  -3.9943269e-01   6.5266905e-01  -1.4527627e-01   2.4399288e+00   4.2152302e+00  -1.4809525e-01  -4.1219484e+00  -5.7239577e-01  -5.2851496e-01  -2.8641742e+00  -1.1194878e+00  -3.8748742e-01  -4.6176869e-02
