   1.4023524e+01  -1.1371746e-01  -5.8179055e+00   1.3047199e+01   3.6301121e+00  -8.3350561e+00  -9.9170645e-01   6.7022926e-01  -3.9633208e+00  -2.7932690e-02   1.5400305e+00   3.7920920e-01   2.2536813e+00  -5.5829869e-01  -4.0312066e+00   8.8703020e-01   7.2384954e+00  -1.7157767e+00  -6.6918551e+00  -1.6594706e+00  -1.6691471e+00  -3.1724106e+00  -7.3926057e-01   3.2893033e-01
   1.5196894e+01  -9.5875580e-01  -7.1816451e+00   1.4098772e+01   3.3462004e+00  -7.5901224e+00   1.4774006e-02   2.9036210e+00  -4.8888458e+00  -3.5597248e+00   3.1551806e-01  -6.8118307e-02   2.2330668e+00   1.7048078e+00   9.9457078e-01  -6.2746846e+00   2.5655111e+00   3.9920930e+00  -1.0764881e+00   2.1728183e-01   7.7877744e-01  -2.6540506e+00  -8.5641335e-01   2.9441190e-01
   1.4178675e+01  -3.5275495e-01  -5.8275804e+00   1.3309781e+01   6.2169967e+00  -8.8065564e+00  -2.2606600e-01   2.1200748e+00  -5.3823901e+00  -5.5367396e+00  -9.5158338e-01  -9.1141539e-02   5.7178138e+00   7.0758807e+00   5.2309853e+00  -8.6420800e+00  -4.0104994e-01   2.5405994e+00   2.2353626e+00  -1.9132374e+00   1.7337565e+00  -3.3472308e+00  -1.6114170e+00   9.5345614e-02
   1.6041679e+01   1.9451719e+00  -2.7875945e+00   3.9413055e+00   2.2649091e+00  -3.0492568e+00   1.8292994e+00   1.8943208e+00  -2.2845587e+00  -2.3834594e+00   4.1568768e-01   4.9383328e-01   9.4001848e+00   1.0654189e+01   4.1181692e+00  -5.9984453e+00   3.3124600e+00  -4.3337601e+00   4.3402098e+00  -5.9648824e+00   2.1570318e+00  -3.7235860e+00  -1.2607165e+00   3.4375217e-01
   2.2177853e+01   9.0481397e+00  -1.6845293e-01   5.1628125e+00   3.5691828e+00  -6.7945899e+00   1.4540748e+00  -1.6949768e+00  -2.6648295e+00  -5.6369116e+00  -9.2717972e-01   2.4125183e-01   1.1431911e+01   9.1725009e+00  -2.4322747e+00  -6.3654671e-01   5.1288152e+00  -1.2103675e+01   5.3631275e+00  -6.7198213e+00   4.2855307e-01  -5.4894293e+00  -1.1389539e+00   2.9221074e-01
   2.5297582e+01   1.0322080e+01  -3.8339552e+00   9.1745885e+00   9.6387974e+00  -1.5096746e+01   5.6850183e+00  -4.1361769e+00  -3.0120783e+00  -9.0950178e+00  -1.5877585e+00   2.8131326e-01   5.2681124e+00   3.7516414e+00  -1.6260614e+00   2.7644237e+00   3.0629000e+00  -9.6305667e+00  -3.0722731e-01  -3.0790454e+00  -1.2111981e+00  -4.9511415e+00  -2.0184611e+00  -1.1591909e-01
   2.6698589e+01   9.2175426e+00  -8.9528121e+00   9.7383197e+00   1.0223275e+01  -2.0938324e+01   5.8907658e+00  -4.9444083e+00  -4.3758007e+00  -1.0415104e+01  -1.6582911e+00   4.5343458e-01  -2.7127422e+00  -1.1344556e+00   1.8587468e+00  -2.8147524e-01  -8.8717969e-01   9.9360867e-01  -5.7235433e+00  -1.1188815e+00  -8.6243909e-01   5.2427246e-01  -9.2643000e-01  -2.7922805e-01
   2.1683479e+01   7.4879327e+00  -8.3450708e-01   5.8001875e+00   3.5322129e+00  -1.0423239e+01  -8.4988704e-01  -1.0995316e+00  -3.2458703e+00  -7.4210754e+00  -2.2464483e+00   2.1386327e-01  -1.8364259e+00  -1.7902648e+00   9.7832805e-01  -1.2256677e+00   1.2003605e+00   7.5757127e+00  -4.4650915e+00  -1.7250079e+00  -7.8478435e-01   2.0960678e+00   3.1132430e-01  -1.7114914e-02
   1.9915791e+01   8.7635298e+00   1.1199432e+00   6.4278002e+00   5.2917055e+00  -7.6409300e+00  -3.8637874e+00  -4.8916216e+00  -3.8415922e+00  -5.6874741e+00  -1.9874798e+00  -1.4386526e-01   5.6190820e-01  -8.1598475e-01  -5.0971778e-01   1.3459983e+00   6.1974384e+00   7.6214597e+00   1.7294211e+00  -3.6177553e+00  -1.9555842e+00   3.0332461e-01   1.0218650e+00   1.9617461e-01
   2.5934343e+01   7.8636888e+00  -7.4028407e+00   8.9913467e+00   1.3905123e+01  -1.0381874e+01   3.8646576e+00  -6.7500820e+00  -4.4563591e+00  -8.3147312e+00  -9.5617769e-01   5.5429081e-01  -7.1192318e-01  -1.4071258e+00  -9.1461423e-02   4.5891595e+00   5.4878944e+00   3.6376428e+00   3.2800971e+00  -2.2634209e+00  -3.7087754e+00  -1.1230371e+00   1.3206215e+00   4.5776358e-01
   2.5416020e+01   7.8056874e+00  -6.4332220e+00   1.0161737e+01   1.4332978e+01  -9.5268177e+00   6.1276251e+00  -7.5457661e+00  -6.7039326e+00  -9.5132895e+00  -7.7062882e-01   5.7748272e-01  -4.3330172e+00  -2.4223767e+00   5.5457413e+00   3.5869846e+00  -2.4143220e+00   4.2036386e+00   2.5110306e+00   5.1243267e+00  -2.1170792e+00  -6.9319611e-01   8.1485755e-01   5.1389712e-01
   1.7865480e+01   5.8561652e+00   2.8048834e+00   1.0816958e+01   7.2434185e+00  -4.0238315e+00  -9.2544759e-01  -3.1675907e+00  -7.3778632e+00  -7.1927233e+00  -8.7394155e-01   5.3983466e-01  -6.5999826e+00   3.0706140e-01   1.1130529e+01   6.2853647e-01  -7.9102728e+00   4.3186768e+00  -2.3285582e+00   5.9661089e+00   1.0282607e+00   1.3689154e+00  -1.3757209e-01  -1.2975353e-01
   1.7450696e+01   6.1337265e+00   4.3346931e+00   1.0895471e+01   5.0010748e+00  -4.5144933e+00   2.2978110e+00   1.0036227e+00  -5.5564589e+00  -7.2882722e+00  -8.0631156e-01   6.3420849e-01   5.1184113e-01   2.0547037e+00   6.2944129e+00   1.0141200e+00  -1.8349198e+00  -5.2211887e+00   1.9831947e+00   1.5326591e-01   4.0793337e+00   3.5757388e-02   5.1818465e-01  -5.4573154e-02
   2.0017030e+01   9.1602613e+00   3.9089951e+00   9.5672845e+00   6.7056654e+00  -6.4100208e+00   2.2867273e+00  -2.0756130e+00  -3.4877048e+00  -7.3738668e+00  -1.1446945e+00   3.3129764e-01   3.9293736e+00   3.2596326e+00   1.7121434e+00   5.0581718e+00   3.4407200e+00  -9.9277369e+00   3.5258060e+00  -4.4407114e+00   1.0138371e+00  -1.9263968e+00   5.1892663e-01  -2.7350110e-02
   2.5108006e+01   9.2356948e+00   2.4563415e+00   1.2307754e+01   1.1849475e+01  -1.6165506e+01   7.4963297e+00  -7.8618560e+00  -2.5300112e+00  -9.3690817e+00   1.4202462e-01   5.9989150e-01  -1.1740075e+00   5.8516941e-01   2.0614229e+00   2.4203552e+00  -8.5138891e-01  -3.7132189e+00  -3.0873247e+00  -2.0361105e+00  -4.1135408e-01   7.6002711e-01   3.2267469e-01  -7.8122525e-02
   1.9930885e+01   9.1946299e+00   6.3122743e+00   1.7698074e+01   8.9802986e+00  -1.3089930e+01   1.7640021e+00  -5.3959184e+00  -7.3703314e+00  -9.0419139e+00  -5.6971969e-01   5.1596798e-01   4.2164873e-01  -1.8603476e+00  -1.2154503e+00  -9.0740541e-01  -1.2892357e+00  -1.9806345e+00  -5.8097774e-01  -5.5390478e-01   1.3194163e+00   9.7850882e-01  -1.1736139e-01  -1.6122785e-01
   1.5732758e+01   6.9942964e+00   6.2251878e+00   1.0460609e+01   2.5866749e+00  -6.7443668e+00  -2.0718134e+00  -3.9039031e-01  -4.2321767e+00  -5.3142080e+00  -6.0978691e-01   4.2468953e-01   1.8444975e+00   1.1096841e-02  -4.6168096e+00  -3.5796816e+00  -8.6372628e-01   6.9259311e-01   4.5376889e-01  -3.3577028e-02   1.7087312e+00   1.0662912e+00  -5.2153327e-01  -2.0406188e-01
   2.5337128e+01   7.4904392e+00   2.0139652e-01   9.1297489e+00   9.4032116e+00  -1.4091542e+01   6.1993323e+00  -6.6422031e+00  -6.5749763e-01  -7.9335404e+00  -9.4483079e-01   1.7705685e-01   1.2666143e+00   1.3687665e+00  -2.4114317e+00  -4.3646457e+00  -8.7279314e-02   1.5758485e+00  -2.7180182e-01  -9.8035328e-01   1.7318736e+00   2.7065692e-01  -9.7615431e-01  -3.1571607e-01
   2.5171631e+01   1.0104435e+01  -1.4134340e+00   1.1222395e+01   1.0342429e+01  -1.4625811e+01   5.9593180e+00  -7.2890792e+00  -3.3233313e+00  -8.3238316e+00  -4.5271975e-01   4.6325425e-01  -2.3663279e+00   1.3287277e+00   1.7827673e+00  -6.1625791e-01  -1.6425092e+00   3.6087632e+00  -1.8313601e+00   1.0282771e+00  -1.8872799e+00  -1.2249033e-02  -4.8835288e-01  -4.7971173e-02
   1.7111370e+01   9.6927102e+00   6.5144377e+00   1.0770213e+01   4.9715027e+00  -6.7854358e+00  -2.6592663e+00  -3.4171039e+00  -5.2269438e+00  -7.1311167e+00  -2.1124847e+00   2.3111511e-02  -2.4240708e+00   1.0233587e+00   8.8684376e-02   3.8705142e+00  -4.7621134e-01   2.4107954e-01  -1.2105038e-01   3.2650952e+00  -2.5148619e+00  -4.0468971e-01   5.8402251e-01   3.7465477e-01
   1.6296145e+01   7.8862525e+00   5.7428182e+00   8.7159903e+00   2.3387655e+00  -4.9842752e+00  -3.8955422e-01  -4.6052430e-01  -4.7783735e+00  -5.7337934e+00  -7.5848924e-01   4.2970544e-01   4.4858288e+00   7.3584701e-01  -5.9521762e+00   6.1983172e+00   6.2530050e+00  -7.2655121e+00   7.0200964e+00  -1.4294734e+00  -5.9248432e-02  -2.2082436e+00   1.1899561e+00   5.3024393e-01
   2.6138765e+01   1.0134569e+01  -3.2437031e+00   1.6188722e+01   1.2690726e+01  -1.8550691e+01   9.1921928e+00  -5.1588377e+00  -3.7022693e+00  -9.8355941e+00   8.4087721e-02   7.5581342e-01   5.1242740e+00   4.6322858e-01  -5.7752202e+00   2.6449110e+00   5.8837954e+00  -3.9448277e+00   5.0851475e+00  -3.4245354e+00  -7.4564864e-01  -1.7904379e+00   8.4908085e-01   3.8635322e-01
   2.7386677e+01   1.0987277e+01  -5.4626279e+00   1.7810616e+01   1.5862324e+01  -1.9641451e+01   1.0563733e+01  -8.5624224e+00  -4.1745412e+00  -1.0283958e+01   2.3392815e-01   8.9226919e-01  -1.6931291e+00  -3.9066327e-01   1.3850447e+00  -2.5647767e+00  -1.7999721e+00   4.5843459e+00  -2.9826228e+00  -6.9218288e-02  -1.5278807e+00   6.5427652e-01  -2.9409036e-01  -6.2718304e-02
   1.9252515e+01   8.8370410e+00   3.4543304e+00   1.0190267e+01   7.0354164e+00  -5.3740893e+00  -5.0818871e-01  -4.5029578e+00  -6.6473329e+00  -7.5416911e+00  -1.3350722e+00   3.7135947e-01  -3.9490197e+00  -6.5077139e-01   3.9442051e+00  -5.0882126e+00  -5.0567330e+00   7.9785203e+00  -3.2124490e+00   2.2311909e+00  -8.3223557e-01   2.1092318e+00  -1.1622208e-01  -2.4614982e-01
   1.7199576e+01   7.9490215e+00   4.4713686e+00   7.8680530e+00   2.4664622e+00  -4.6960570e+00  -1.3297743e-02  -8.9229165e-01  -5.5976627e+00  -5.8993301e+00  -4.9004484e-01   5.2785496e-01   1.1114155e+00   4.6377733e-01   3.4712657e-02  -1.0112938e+00  -1.4169624e-02   3.1530941e-01   2.6577773e+00  -1.2213939e-01   8.9718953e-01   5.8586159e-01   2.9709816e-01  -1.5992863e-01
   2.5308786e+01   1.0677539e+01  -2.2943936e+00   1.3527685e+01   1.1803558e+01  -1.4055607e+01   9.6620347e+00  -5.6471166e+00  -4.2390619e+00  -8.8640604e+00   2.7174109e-01   5.6879580e-01   3.4833496e+00   2.2055563e+00  -1.8717300e+00   1.8532667e+00   3.1491873e+00  -4.0901145e+00   4.6624648e+00  -1.9727409e+00   1.3071034e+00  -1.1368431e+00  -1.6805572e-01  -9.8281715e-02
   2.6025665e+01   1.0762694e+01  -2.5361969e+00   1.4624966e+01   1.3456999e+01  -1.4827728e+01   9.4652874e+00  -8.1735521e+00  -4.0328924e+00  -8.7439812e+00  -1.2383125e-01   5.5365809e-01  -2.5953929e+00   8.0238300e-01   3.8379097e+00  -6.2659856e-01  -2.2033362e+00   1.6247197e+00  -3.7278168e+00   1.4054542e+00   1.6562215e+00   1.2426253e+00  -1.2174848e+00  -4.1010776e-01
   2.0064495e+01   1.0738539e+01   4.1505182e+00   9.5917103e+00   6.2639288e+00  -6.4434255e+00   1.7462159e+00  -3.8214389e+00  -5.4690630e+00  -7.8246302e+00  -1.7702625e+00   2.1103533e-01  -5.5129048e+00  -4.3935570e-01   6.4443437e+00  -1.8157810e+00  -4.9589201e+00   4.5985879e+00  -8.4485201e+00   4.3672855e+00   1.9489857e+00   2.0255784e+00  -1.2927580e+00  -2.5853610e-01
   1.5928632e+01   9.1220959e+00   7.0057773e+00   8.8961425e+00   1.9312724e+00  -6.0650683e+00  -1.6471136e+00   3.0305072e-01  -2.4983299e+00  -4.5551072e+00  -1.2952703e+00   9.1573544e-02  -1.5326931e+00   4.3758988e-01   3.0409800e+00   5.9709858e-01  -1.0526943e+00   2.8409428e-01  -3.5808394e+00   2.9183015e+00   1.9506933e+00   1.7218250e-01  -3.1985275e-01   7.8046038e-02
   2.2087945e+01   1.0838804e+01   2.6011348e+00   1.3668425e+01   1.0128041e+01  -1.1539055e+01   2.5454550e+00  -3.3344897e+00  -2.0828646e+00  -7.9201298e+00  -1.0816764e+00   4.1203392e-01   4.3546890e+00   1.2550209e+00  -2.6584194e+00   2.6555012e+00   3.0881199e+00  -6.4577213e+00   5.2362045e+00  -1.5021933e-01   1.6234425e+00  -2.8890441e+00   1.7040278e-02   4.0724972e-01
   2.2714900e+01   1.1368946e+01   2.7999647e+00   1.3482257e+01   9.9459018e+00  -1.1853772e+01   3.6944087e+00  -4.0395745e+00  -2.7999516e+00  -8.4379576e+00  -9.4790346e-01   5.7022785e-01   1.1940021e+00  -1.3415334e-01  -1.2777831e+00  -5.5090406e-01   1.7143890e-01  -4.8385999e-01   1.9026693e+00   1.0370902e+00   3.2905814e-01  -1.1602423e+00  -4.5313145e-01   1.2045225e-01
   2.3203395e+01   1.1497646e+01   2.2657953e+00   1.1281905e+01   6.8887940e+00  -1.3235656e+01   6.9297616e+00  -1.8754553e+00  -2.8830883e+00  -1.0216771e+01  -1.9183855e+00   5.8258276e-01  -2.0373911e+00  -1.4012394e+00   5.7635122e-01  -2.0215456e+00  -2.2052836e+00   3.3430620e+00  -1.6825996e+00   1.8857375e+00   3.8336242e-01   1.3624433e+00  -2.3810189e-01  -1.7030196e-01
   1.7161911e+01   8.5914452e+00   5.2567725e+00   9.2630465e+00   3.8080543e+00  -5.9425582e+00  -9.8526282e-01   1.1291688e+00  -1.6046308e+00  -5.1471500e+00  -1.5566129e+00   1.8697750e-01  -7.5457500e-01  -7.6593179e-01  -1.0234684e-01   6.6289425e-01   1.8287712e+00   2.3812757e+00  -2.5114440e+00  -9.5166459e-01   4.1943734e-01   1.6880376e+00   2.8218377e-01  -2.4449661e-01
   2.1808353e+01   1.0125696e+01   2.2372577e+00   1.2745712e+01   9.8890393e+00  -9.4800692e+00   2.3613915e+00  -3.0902551e+00  -2.1054814e+00  -7.5218687e+00  -1.1344745e+00   3.4820615e-01   4.1989649e+00   1.3208979e+00  -4.7274530e+00   5.4490626e+00   5.9581787e+00  -7.4958524e+00   3.8048734e+00  -4.7282521e+00   5.5228049e-01  -4.7017499e-01   8.2263178e-01  -7.4412382e-02
   2.2280558e+01   1.0906023e+01   2.6607133e+00   1.3744695e+01   1.1188936e+01  -1.0159652e+01   2.2114278e+00  -4.8596714e+00  -2.5595990e+00  -7.2533524e+00  -9.1658333e-01   3.2067125e-01   2.2933580e+00   1.6176030e+00  -1.3389824e+00   1.7529047e+00   1.0348364e+00  -4.6833614e+00   2.9840620e+00  -2.3121372e+00   5.8105102e-02  -2.6899182e-01   5.3198856e-01   7.0751594e-03
   2.6942518e+01   1.2321704e+01  -3.5273546e+00   1.7214675e+01   1.2135621e+01  -2.2370888e+01   1.1038726e+01  -5.9734133e+00  -1.5771834e+00  -9.8689324e+00  -1.0044526e+00   4.0411732e-01  -1.1768005e+00   2.6985149e-02   1.1237966e+00  -1.0633850e+00  -1.8655263e+00   1.1420098e+00  -5.8524524e-01   8.8619249e-01   4.8277016e-01   1.2554052e+00   4.4576888e-01  -3.6850179e-02
   1.8034865e+01   9.9198456e+00   6.1306051e+00   9.6579220e+00   4.2370178e+00  -6.5221911e+00  -8.4783732e-01  -8.9745793e-01  -1.7816222e+00  -4.3771059e+00  -8.2364095e-01   1.6963465e-01  -2.0983397e+00  -1.0465051e+00   2.5269145e+00  -1.3709792e-01   4.0340520e-01   4.9506985e+00  -3.0812103e+00   6.4207339e-01   1.8063981e-01   9.7403389e-01   1.7413163e-01  -5.3993627e-02
   2.2165999e+01   1.0659262e+01   2.1880068e+00   1.3194021e+01   1.0566709e+01  -9.5857847e+00   3.0131562e+00  -3.7420731e+00  -1.7703146e+00  -7.0768841e+00  -5.1229235e-01   3.6844918e-01  -1.5352635e+00  -1.4643961e+00   3.4126784e+00   1.3684679e+00   1.2446071e+00   3.6764077e+00  -4.1694897e+00  -4.4254741e-01  -3.7161498e-01  -1.6660070e-01  -3.7688108e-01   1.5327414e-02
   2.1521308e+01   1.0167486e+01   3.5934044e+00   1.5549375e+01   1.2578500e+01  -9.1261553e+00   1.6023975e+00  -5.0122314e+00  -2.1920737e+00  -7.1883258e+00  -9.0146602e-01   2.5751488e-01   4.3981290e-01  -1.1579819e+00   4.2884365e-01   2.6851318e+00  -4.2326366e-01  -4.2962050e+00   4.7068525e-02   1.3524772e+00   8.3394576e-01  -9.8271914e-01  -5.3801471e-01   7.6020262e-02
   2.2896401e+01   1.0001289e+01   2.8602634e+00   1.6321650e+01   9.8317908e+00  -1.5554294e+01   3.5593744e+00  -4.5798477e+00  -1.9293801e+00  -8.7132235e+00  -1.5308617e+00   3.8316833e-01  -1.2743956e+00  -1.2788166e+00   1.3710583e+00  -2.8466444e-01  -3.1376660e+00  -1.5294718e+00  -1.8269767e+00   3.3232036e+00   1.6036263e+00   6.4044452e-01  -6.4443891e-01  -6.3520856e-02
   1.8329383e+01   8.5118594e+00   6.4377422e+00   1.2121805e+01   3.9695813e+00  -9.9822440e+00  -1.0503436e+00   1.5501452e+00  -4.5117077e-01  -5.0330149e+00  -1.1213783e+00   2.7630548e-01   1.8442699e-01  -2.4949232e-01  -8.2910022e-01  -6.8719648e-01   2.1806625e-01   5.5496816e-02  -3.0597274e-01   1.8485924e+00   1.3839166e+00   1.6009412e-02  -3.2670285e-01  -3.8531633e-02
   2.1850368e+01   9.5688508e+00   2.8224253e+00   1.4480809e+01   1.0164669e+01  -1.1451948e+01   1.5990617e+00  -2.0384561e+00  -2.3532662e-01  -7.1938727e+00  -1.3689946e+00   2.6377260e-01   9.7579916e-01  -6.2792146e-02  -2.1747673e+00  -7.7957180e-01   2.4577668e+00   1.6611930e+00   1.3696065e-01  -2.6798361e-01  -5.4280318e-02  -1.3311316e+00  -7.9266840e-01  -2.8114128e-02
   2.2320965e+01   1.0009467e+01   2.3686731e+00   1.5439001e+01   1.2739160e+01  -1.1094083e+01   2.1235947e+00  -3.5100387e+00  -9.6322558e-01  -7.9239870e+00  -1.4724539e+00   2.5941529e-01   2.1069929e-01  -8.2940427e-02  -6.5379477e-01  -1.0728604e+00  -7.9685032e-01  -3.6264868e-01   5.5704966e-01   1.1669889e+00   1.5829553e-01  -1.0357807e+00  -8.6743253e-01   2.4616440e-02
   2.2364309e+01   9.1582971e+00   1.6326471e+00   1.3493695e+01   9.1336517e+00  -1.2506585e+01   2.1778462e+00  -2.4517312e+00  -1.7547732e+00  -9.2644348e+00  -2.5443265e+00   3.4944223e-01  -1.9272333e+00  -6.5021734e-02   3.0149908e+00  -1.0547413e+00  -5.5765931e+00  -1.6586542e+00  -3.7303202e-01   4.6686198e+00   9.6587283e-01   4.4104170e-01  -4.9978669e-01  -1.1285367e-01
   1.8388462e+01   8.5927256e+00   6.0519392e+00   1.1006071e+01   3.2898146e+00  -9.9988985e+00  -5.0416139e-01   3.5072661e+00   5.4599582e-01  -5.5514049e+00  -1.8348611e+00   2.7039532e-01  -1.0880029e+00   5.3734556e-01   3.4550183e+00   1.4358395e+00  -3.8468062e+00  -3.2663461e+00  -7.6699266e-03   2.8856041e+00   1.1603955e+00   8.1403747e-01   1.4819132e-01  -2.4319272e-01
   2.0925770e+01   1.0179689e+01   5.5032785e+00   1.5115162e+01   6.5244522e+00  -1.4487522e+01   2.3533917e+00   1.4558213e+00   4.5887193e-01  -7.7186012e+00  -1.9374710e+00   8.9002084e-02   1.7560432e+00   4.9688023e-01   5.9920757e-01   4.5927398e+00   9.9537645e-01  -7.3890242e+00   1.8462043e+00  -1.1025036e+00   1.2530800e+00  -3.8698435e-01  -1.3120843e-02  -4.2998702e-01
   2.1408231e+01   1.0304790e+01   5.6158848e+00   1.6782027e+01   8.2735505e+00  -1.5003134e+01   2.0243170e+00  -1.1354088e+00  -3.2945483e-01  -7.4758476e+00  -1.5535947e+00   2.4846277e-02   1.1478103e-01  -4.8214573e-01  -5.3707647e-01   9.0305861e-01   2.8339671e-01  -1.8567778e+00  -2.9399699e-01  -1.2844810e+00   5.1591501e-01   9.3750194e-01  -2.4475734e-02  -3.3156947e-01
   2.3488489e+01   9.0475854e+00   2.7494856e+00   1.7494827e+01   8.1348484e+00  -2.1088004e+01   3.6829135e+00  -1.7841491e+00   5.6257207e-01  -8.8826900e+00  -2.7046410e+00  -1.7276378e-01  -1.6598850e+00  -8.9423352e-01   1.0371949e+00  -1.3057289e+00  -1.9251984e+00   1.8220128e+00  -1.7471255e+00   7.7915224e-01  -6.7681510e-02   1.5456621e+00   2.5301731e-01   1.6757960e-02
   1.7279274e+01   8.4355588e+00   6.6232209e+00   1.1170827e+01   2.9097116e+00  -9.4838243e+00  -1.6099177e+00   3.2005298e+00   1.2680183e+00  -3.5631076e+00  -1.4879897e+00  -9.6075962e-02  -7.6893347e-01  -1.2693602e-01   1.2500268e+00   9.3241101e-01  -7.5836609e-03   8.0108477e-01  -4.4429176e-01   4.7622744e-01  -1.3641159e+00  -2.3732469e-01   5.1609962e-01   3.5894455e-01
   2.0500421e+01   9.7729540e+00   6.5554028e+00   1.5962168e+01   6.3185740e+00  -1.4514157e+01   1.5498209e+00   4.5658039e-01  -4.4138689e-01  -7.3564781e+00  -1.5907475e+00   1.7460014e-01  -2.5068106e-01  -6.6488897e-02   1.1561939e+00   2.8087098e+00   3.0944092e+00   1.2651511e+00  -2.2238770e+00  -3.3718062e+00  -3.3756291e+00  -1.1479899e+00   5.5047037e-01   4.8932904e-01
   2.1748865e+01   9.7517012e+00   5.5879664e+00   1.8946972e+01   9.1703122e+00  -1.7088430e+01   2.4244257e+00  -1.5414323e+00  -1.8736492e+00  -8.5949406e+00  -1.3363920e+00   3.8958115e-01  -7.8876318e-01  -1.0878604e+00  -3.9494476e-01   7.3895678e-01   1.5550755e+00   1.6185222e+00  -1.0259585e+00  -2.7194667e+00  -2.5049100e+00  -4.6390600e-01   4.5817969e-01   3.4107938e-01
   2.0877672e+01   8.2897809e+00   5.0014038e+00   1.7819819e+01   9.6461619e+00  -1.5387974e+01  -1.6700737e+00  -4.4708773e+00  -2.9300379e+00  -8.0887583e+00  -1.9547343e+00   3.1840123e-01   7.2968216e-01  -7.7143870e-01  -2.5148724e+00   2.5254274e-01   1.7189807e-01  -2.1109596e+00   1.9581744e+00  -5.8907726e-01   4.8268091e-01   1.0277738e+00   8.0040813e-01   3.1715030e-02
   1.5907503e+01   7.5453547e+00   6.8078033e+00   1.1350437e+01   3.5785309e+00  -6.6191326e+00  -1.5389081e+00   1.5850586e+00  -1.2450213e+00  -3.8928265e+00  -6.1872675e-01   3.4364257e-01   1.1482969e+00   5.3286156e-02  -2.2606725e-01   2.1880990e+00  -4.4639695e-01  -4.1754144e+00   2.3716735e+00   3.3940717e-01   1.3331543e+00   4.3127512e-01   2.2247243e-01  -2.2810674e-01
   2.4515625e+01   9.7189693e+00   2.1731757e+00   2.0139250e+01   9.3723118e+00  -2.2915245e+01   6.4687495e+00  -1.9902810e+00  -3.1679493e-02  -8.1658744e+00  -7.4896793e-01   2.4514198e-01  -4.8307274e-01  -3.6878732e-01   1.1542988e+00   1.7731863e+00  -5.2463906e-01  -1.1773076e+00  -8.3561864e-01   8.1573778e-02  -6.8253486e-01  -5.9198519e-01  -4.5392230e-01  -1.8488915e-01
   2.1652334e+01   9.1170362e+00   6.6629796e+00   2.1069405e+01   8.6376418e+00  -1.9587916e+01   1.9125243e+00  -2.2726198e+00  -1.3230970e+00  -7.9094698e+00  -1.6055666e+00   8.4050657e-02  -8.0891446e-01  -2.3445417e+00   4.7105050e-01   6.8573540e-01  -3.2707100e-01   1.4776033e+00  -3.7721552e+00   5.3634644e-01  -7.4009110e-01  -6.2732212e-01  -6.4588879e-01   1.2174104e-01
   1.7280648e+01   6.9507591e+00   6.8052639e+00   1.5620114e+01   6.3296478e+00  -1.0669544e+01  -4.6492179e+00  -2.4196775e+00  -3.9148023e+00  -6.9684144e+00  -2.1421978e+00   1.7086345e-01  -3.6757303e+00  -1.6285769e+00   2.3194169e+00  -4.4620635e+00  -3.7994679e+00   7.0123274e+00  -5.8521150e+00   4.2053622e+00   9.1374017e-01   1.2265383e+00  -8.6191856e-01   1.0780310e-01
   1.8311620e+01   5.4126471e+00   5.1983349e+00   1.4638608e+01   4.6092564e+00  -1.0525578e+01  -1.6381573e+00   2.6042765e+00  -4.1359652e-01  -5.4325397e+00  -8.9094497e-01   5.6339338e-01   2.3607596e+00   1.5213863e+00  -2.0503230e+00  -4.5568709e-01  -2.1164247e-01  -4.3822261e+00   3.3571890e+00   2.5504828e+00   2.2180193e+00  -1.1210938e+00  -4.4035661e-01   4.8532505e-02
   2.0672386e+01   9.1282985e+00   6.3846234e+00   1.6661554e+01   5.6873026e+00  -1.6927923e+01  -5.3408229e-01   1.8793142e+00   8.8418050e-01  -7.5645320e+00  -2.3991566e+00   1.6717526e-01   1.5806711e+00   2.8693594e+00   5.8379250e-02  -2.8867434e-01  -7.8829954e-01  -4.4746585e+00   2.5861070e+00   9.8063834e-01   1.9393523e+00  -8.3348834e-01  -1.1283396e+00  -4.4612967e-01
   2.3497604e+01   1.0310346e+01   3.7978153e+00   1.9865155e+01   8.6413507e+00  -2.3032065e+01   4.8907400e+00  -5.9639134e-01  -3.9555948e-01  -9.2930518e+00  -2.1376221e+00   1.5869351e-01  -2.4303968e+00   6.8262933e-01   5.0676775e-01  -3.4822006e+00  -1.7303579e+00   3.6380216e+00  -1.7006577e+00  -4.7222364e-01  -1.1430032e+00   9.2734617e-01  -6.2063945e-01  -3.6305969e-01
   1.7058663e+01   8.8059489e+00   7.5930926e+00   1.2573829e+01   3.1311513e+00  -1.1128288e+01  -4.0345060e+00   6.5161397e-01  -1.0147924e+00  -6.2883909e+00  -3.2113686e+00  -2.9598112e-01  -2.7546348e+00  -8.9527671e-01   1.0401391e+00  -4.1466350e+00  -3.6666437e+00   6.6966126e+00  -7.3474297e-01   8.0444789e-01  -2.5887325e+00   1.6434981e+00   1.1872238e+00   1.7323991e-01
   1.6472887e+01   6.5977659e+00   5.3542520e+00   1.1459169e+01   3.2917951e+00  -7.9683634e+00  -2.4389319e+00   2.5097912e+00  -1.1786148e+00  -4.6795910e+00  -1.4157981e+00   2.5038204e-01   5.3186445e-01   5.4148782e-02   7.8595023e-01  -1.8563771e-01  -2.5732737e+00   4.1628638e-01   4.3381282e+00   5.7919889e-01  -2.9073964e+00  -5.8542381e-01   1.3972627e+00   3.4709957e-01
   2.0052793e+01   9.6416734e+00   7.1666137e+00   1.4644594e+01   2.8621149e+00  -1.4414855e+01   2.0286392e+00   1.5328948e+00  -2.6073906e+00  -7.4060152e+00  -9.7923293e-01   3.8119087e-01   5.1404985e+00   7.6762879e-01  -1.2001227e+00   5.4845913e+00   1.4089547e+00  -8.8083886e+00   8.3153567e+00  -1.5327275e+00  -1.5267237e+00  -2.8285524e+00   9.0794694e-01   2.7662192e-01
   2.2798336e+01   9.9737069e+00   5.1899801e+00   1.8551316e+01   4.9159584e+00  -2.0764352e+01   8.3663596e+00  -1.6823342e-01  -3.9603549e+00  -9.6123753e+00  -1.1577959e+00   3.4075687e-01   2.0879048e+00  -1.9672317e+00  -8.5573983e-01   4.4854974e+00   2.0331748e+00  -3.9036488e+00   1.7949572e+00  -1.4616636e-01  -1.0821297e+00  -1.8697118e+00  -5.1850289e-02   1.5177693e-01
   2.1606686e+01   8.2694216e+00   5.8750445e+00   1.7254643e+01   4.4325017e+00  -1.7942877e+01   3.0358832e+00  -3.0846502e-01  -1.9140079e+00  -8.0648273e+00  -1.9784493e+00   7.3764343e-02  -5.8130174e-01  -2.9227901e+00  -1.9077536e+00  -1.9059353e-01   1.2517618e+00   2.6230572e+00  -2.9419922e+00   1.6244717e+00   1.2394297e+00   7.6061542e-01  -2.3296009e-01   8.0423347e-02
   1.8827797e+01   4.3330443e+00   4.7164269e+00   1.6882391e+01   5.5563639e+00  -1.2059826e+01  -2.5011816e-01   3.2112215e+00  -3.1485007e+00  -7.1547527e+00  -9.9396537e-01   6.3176071e-01   1.6963848e+00  -9.4328655e-01  -3.8039659e+00   2.6953883e-02   1.6186650e+00  -7.9936280e-01   1.8937425e+00  -1.6986261e-01   1.2071365e+00   1.7422904e-01   1.9863739e-01   3.6833961e-02
   2.1166109e+01   8.0778195e+00   4.5417600e+00   1.5193166e+01   4.4195547e+00  -1.4832533e+01   1.9238899e+00   2.2798749e+00  -1.1541731e+00  -7.4939034e+00  -1.4105883e+00   3.5632397e-01  -2.1216940e-01   1.9976842e+00  -1.3212341e-01  -2.2878115e+00  -8.0308632e-01   1.0711181e+00   1.8717565e+00  -6.9309191e-01  -3.6111078e-01   1.9656441e-02  -3.0592229e-01  -2.6377423e-01
   2.5563201e+01   8.6545781e+00   1.5067356e-01   1.9622485e+01   7.3504294e+00  -2.3518569e+01   1.1762970e+01  -1.7171973e+00  -2.5295675e+00  -9.6364937e+00  -1.1437703e+00   2.5472800e-01  -2.9695323e+00   2.9348085e+00   3.3419533e+00  -4.1086766e+00  -3.0509684e+00   2.9504866e+00  -2.4153051e+00  -1.3447735e+00   6.3654599e-01   1.4100757e+00  -1.1695620e+00  -7.0389671e-01
   1.7920730e+01   9.1051809e+00   7.9597360e+00   1.2452878e+01   2.3308395e+00  -1.0606828e+01  -1.6302618e-01   1.1161065e+00  -2.7651406e+00  -6.7944721e+00  -2.3624303e+00  -1.3338064e-01  -1.5447165e+00   6.8670658e-01   2.3606381e+00  -9.9139696e-01  -1.9056261e+00   3.4556387e-01  -1.7430893e+00   1.0026824e+00   1.9485921e+00   1.5199889e+00  -3.4251247e-01  -2.5466330e-01
   1.5996189e+01   8.2215763e+00   8.0203688e+00   1.2089520e+01   2.0242690e+00  -9.7469482e+00  -2.8296178e+00   1.7759454e+00  -1.3881979e+00  -5.3893548e+00  -2.2723873e+00  -1.7923205e-01   3.4710181e-02   6.6820343e-01   1.4186194e+00  -1.8788433e-01  -2.7046854e-01  -6.7585963e-01  -2.0771019e+00   2.0545551e+00   2.4166270e+00   4.4378492e-01  -1.8880320e-01   2.4138542e-02
   2.3632541e+01   9.3243803e+00   4.1478695e+00   1.7472553e+01   4.2241958e+00  -2.1199997e+01   6.6055499e+00   2.0373271e+00   1.1980302e+00  -7.3374895e+00  -1.3600485e+00   1.9130904e-01   4.9877836e+00   4.1526192e-01  -3.2269346e+00   3.7977653e+00   2.8677038e+00  -7.0571781e+00   6.6686491e+00  -9.6133364e-01   4.2651687e-01  -2.2141708e+00   3.0459070e-01   1.5530399e-01
   2.2759361e+01   9.5472835e+00   4.1845359e+00   1.6830821e+01   5.9980485e+00  -1.9235774e+01   5.2630291e+00   9.0402511e-01  -8.8621245e-01  -8.6993077e+00  -1.9281660e+00   1.2859097e-01   1.1918609e+00  -4.9195370e-01  -2.8022381e-01   1.9834228e+00   1.8282698e+00  -4.9995660e-01   1.4425043e+00  -7.1212714e-01  -1.6920126e+00  -1.8924391e+00  -5.9436327e-01  -1.0211231e-01
   2.2020819e+01   9.0652202e+00   5.0372506e+00   1.5778876e+01   4.6455054e+00  -1.6448183e+01   5.7936240e+00   1.1006623e-01  -2.3763581e+00  -8.4607519e+00  -2.0776549e+00  -5.4336175e-02  -3.0054595e+00  -1.9772150e+00   1.3131882e+00  -2.4904981e+00  -9.5447596e-01   7.4608806e+00  -3.2200507e+00   1.1717653e+00  -2.0650162e+00   1.0757962e+00   4.8823746e-01   3.2121931e-03
   1.8589841e+01   7.6132258e+00   7.1553426e+00   1.5911493e+01   4.5560189e+00  -1.2872790e+01  -2.5989845e-01   1.6713852e+00  -2.1390227e+00  -7.6663822e+00  -2.8051290e+00  -2.0957791e-01  -7.5905085e-01  -4.9946121e-01  -1.2931663e-01  -2.5512795e+00  -1.3836520e+00   4.0190725e+00  -7.3821406e-01   1.3767906e+00   3.4817393e-03   1.2104864e+00   1.0358747e+00   2.4395364e-01
   2.1209112e+01   7.3255866e+00   4.6322484e+00   1.4196470e+01   3.5134966e+00  -1.3190168e+01   4.5369377e+00   3.4112950e+00  -1.2730890e+00  -6.2402580e+00  -1.8921079e-01   3.6521177e-01   1.8531112e+00   7.3256264e-01  -1.5337578e+00  -1.0111922e+00  -5.8674662e-02  -6.4512196e-01   3.2746892e+00  -6.8105197e-01   3.1125666e-01   2.1706572e-01   8.2138087e-01   2.0619361e-01
   2.2026638e+01   9.6679085e+00   4.1930621e+00   1.3795105e+01   4.4885748e+00  -1.4836172e+01   4.7840512e+00   1.3185967e+00  -1.4326244e+00  -7.9938250e+00  -1.3185761e+00   2.8474746e-01   4.8224860e+00   1.3614980e+00  -3.5873470e+00   2.3935509e+00   5.8336993e-01  -7.6927699e+00   8.2370380e+00  -3.8373078e+00   1.0951945e+00  -1.9805501e-01  -1.0412179e-01  -2.8513120e-01
   2.3082087e+01   9.1367228e+00   4.2177541e+00   1.5320281e+01   4.5912155e+00  -1.6434175e+01   8.1836829e+00  -7.3511749e-01  -2.2626723e+00  -7.9714319e+00  -1.5888601e+00   7.7915618e-03   1.7362091e+00  -1.6279034e+00  -1.9173490e+00   3.9144340e+00  -9.3607897e-01  -5.1196363e+00   3.5981828e+00  -1.7725808e-01   1.5403976e+00   4.3350006e-01  -3.0160337e-01  -4.8264667e-01
   2.4887082e+01   8.7499047e+00   1.9815692e+00   1.8939913e+01   4.8922144e+00  -2.2789942e+01   1.0272286e+01  -2.0113703e+00  -1.4392609e-03  -7.0978778e+00  -2.2614871e+00  -4.5856461e-01  -6.8286613e-01  -2.5868517e+00  -8.4334491e-01   4.7246806e-01  -1.2055086e+00   8.5203976e-01  -1.3187187e+00   2.9536298e+00   1.0708481e+00   1.2288376e+00   6.9894099e-01   3.6951810e-02
   2.2383203e+01   5.3427334e+00   2.8619713e+00   1.7495717e+01   1.9075584e+00  -1.6892737e+01   7.1900945e+00   4.8103914e+00   3.2191483e-01  -6.0379815e+00  -1.7016035e-01   1.2897804e-02  -5.8821841e-01  -1.7496098e+00  -1.2529771e+00  -2.1562318e+00   3.5133691e-01   3.4368205e+00  -2.4546492e+00   2.3050631e+00  -4.4863423e-01  -2.4185747e-01   8.1301824e-01   4.8351832e-01
   2.1351781e+01   7.6846257e+00   3.6059361e+00   1.3416089e+01   4.0221405e+00  -1.3328831e+01   3.3027673e+00   2.9762870e+00  -1.1186458e+00  -7.1172937e+00  -9.7951447e-01   3.3762205e-01   1.5064498e+00  -1.0717290e-01  -2.4433008e+00  -4.2344671e+00   2.1966142e+00   2.8038522e+00   1.7911577e+00  -2.0774422e+00  -1.9501551e+00  -1.7016407e+00   3.4345719e-01   4.7177331e-01
   2.3967410e+01   7.0449476e+00   1.5261051e+00   1.4847846e+01   5.5532578e+00  -1.6009499e+01   7.9864684e+00   2.2864848e-01  -2.3770203e+00  -8.3245101e+00  -1.0103190e+00   3.3497572e-01   1.3205413e+00  -6.1162989e-01  -3.6168282e+00  -4.4256046e+00   1.8959023e+00   2.8432108e+00   8.0325825e-01  -2.7449391e+00  -1.5437523e+00  -8.8927696e-01  -8.2536192e-01   1.3175361e-01
   2.6354653e+01   7.7380382e+00  -1.0154489e+00   1.3912148e+01   6.3642860e+00  -1.9025783e+01   1.2560835e+01  -2.8366622e+00  -1.5772044e+00  -8.5070745e+00  -1.3262219e+00   8.8056402e-02   2.7759814e+00  -1.9512880e+00  -4.5101122e+00   4.7917864e-01   7.5847779e-02  -1.8507935e+00   5.4977639e+00  -7.9786430e-01  -8.8381724e-02   6.9134011e-01   3.3677421e-01  -1.4754346e-01
   2.1862579e+01   4.3985823e+00  -2.5257849e-01   1.0609280e+01   3.5803392e+00  -9.7794455e+00   3.7659478e+00   3.5994574e+00  -1.7644343e+00  -6.6770066e+00  -1.2348495e+00   3.3531105e-01   2.7383949e+00  -6.8792717e-01  -3.2927319e+00   3.4951213e+00  -3.2180012e-01  -5.2747944e+00   6.2177011e+00  -1.9061119e+00   1.0570781e+00   1.0078148e+00   5.2537536e-01  -1.9439973e-01
   2.6568169e+01   6.0808764e+00  -2.2698905e+00   1.6254140e+01   5.1223714e+00  -1.9220048e+01   1.3659673e+01   9.4086072e-02  -1.5575114e+00  -6.9040354e+00  -3.6208792e-01   1.1613919e-01   6.5563661e-01   7.3358066e-01   1.5522604e+00   3.5422792e+00  -1.5725593e+00  -3.6937229e+00   3.7591552e+00  -3.9437594e-01  -2.3326355e-01   2.0688929e-01   2.9700217e-01  -2.0473379e-01
   2.7968245e+01   6.8416378e+00  -2.7857720e+00   1.8919532e+01   5.6915149e+00  -2.3824558e+01   1.6763601e+01  -4.0958935e+00  -8.0124966e-01  -7.6143075e+00  -7.0432300e-01   2.9334733e-02  -1.2922615e+00   2.6406464e+00   4.1696105e+00  -9.4741690e-01  -1.9832740e+00   7.7800483e-01   3.4945357e-01  -1.2783458e+00  -6.5496386e-02   3.6370144e-01  -6.1967913e-01  -3.8445607e-01
   2.4285276e+01   7.6168815e+00   2.5795384e+00   1.5070441e+01   2.9498592e+00  -1.7543811e+01   1.1700742e+01   4.1944935e-01  -2.4086921e+00  -7.7280901e+00  -1.1459819e+00  -6.6056126e-02  -8.0950227e+00   1.1217583e+00   6.7009024e+00  -8.8797991e+00  -4.1375525e+00   1.3870192e+01  -1.0417831e+01   4.3676280e+00   5.0605206e-01   2.8542724e+00  -9.6941220e-01  -2.6521572e-01
   2.1065633e+01   7.5915494e+00   3.5771228e+00   9.7800043e+00   1.6916843e+00  -9.4505569e+00   5.2695940e+00   1.5192571e+00  -1.4370886e+00  -5.7194270e+00  -1.7724212e+00  -1.5027540e-01  -6.7212584e+00   1.2015203e+00   5.0030959e+00  -7.7253560e+00  -2.0498678e+00   1.1039740e+01  -1.3698039e+01   5.7799427e+00   2.4831376e+00   2.7864000e+00  -1.1677931e+00  -1.4096827e-01
   1.7876940e+01   7.3885580e+00   4.6000157e+00   7.5042048e+00   9.1595798e-01  -5.6017607e+00   3.7799308e+00   3.8379527e+00  -4.8051382e-01  -3.5700670e+00  -1.2821571e+00  -1.9187932e-01   2.3454157e+00   4.6294845e-01  -3.2375998e+00   3.3571866e+00   2.0332129e+00  -6.6349429e+00   4.9856428e-01  -1.7230484e+00   3.3520812e+00   9.2211345e-01  -2.8924795e-01  -7.2731993e-02
   2.1090525e+01   8.7580800e+00   3.7086331e+00   1.1114616e+01   3.6336638e+00  -1.3235973e+01   1.7694788e-01   2.8647689e+00   1.9593676e+00  -5.5137191e+00  -2.3879251e+00  -1.1920608e-01   2.1673313e+00   1.0165930e+00  -3.8469649e-01   5.0036096e+00   8.9007869e-01  -7.4037367e+00   2.7172424e+00  -1.8133634e+00   3.4298845e-01  -1.0039337e+00   9.6772915e-02  -3.1122856e-02
   2.7790953e+01   7.7280389e+00  -2.3426165e+00   1.9438915e+01   5.0286889e+00  -2.5603517e+01   1.4994911e+01  -2.8378792e+00   9.2120169e-01  -6.4477739e+00  -1.2721019e+00  -1.9068878e-01  -2.1772936e+00  -1.3278887e+00   1.4632732e+00   1.7711161e+00  -4.9661455e-01   1.0654416e+00   7.3179016e-01   3.3134371e-01  -1.7301181e+00  -9.7482523e-02   6.7048054e-01   6.2749674e-02
   1.9359624e+01   8.9466984e+00   6.4713942e+00   1.1318064e+01   9.7043686e-01  -1.0555284e+01   3.7379675e+00   2.1371280e+00  -1.6234637e+00  -5.7864741e+00  -1.6322894e+00  -1.9755496e-01  -2.7676832e+00  -2.3002543e+00   1.1669953e+00  -6.6306709e-01  -4.5489818e-01   5.5639983e+00   8.5015881e-01   2.4520345e+00  -2.1014683e+00   1.0133485e-01   1.4775981e+00   2.8833745e-01
   1.5476450e+01   5.3024157e+00   5.4135450e+00   1.0059155e+01   1.5026496e+00  -5.3439430e+00   3.0971062e+00   4.6987888e+00  -1.2842754e+00  -3.5799133e+00  -6.5425415e-01  -5.8580373e-02   2.3778784e+00  -1.2883070e+00  -4.5880044e+00   4.1162187e+00   4.2244025e+00  -2.5361937e+00   2.9922778e+00  -8.8638101e-01   2.7133661e-01  -3.2639699e-01   7.9780550e-01   3.0608825e-01
   2.3096251e+01   6.5205101e+00   1.5810453e+00   1.4809895e+01   4.7143361e+00  -1.5019763e+01   7.4010886e+00   2.7744867e+00  -9.0096349e-02  -6.7956471e+00  -4.8045180e-01   2.4724590e-01   7.8850630e+00   2.9061281e-01  -6.3659939e+00   8.9268694e+00   6.3303340e+00  -1.1587181e+01   9.4837310e+00  -6.4715214e+00   1.0696332e+00  -1.3939614e+00   4.7616492e-01   1.0008960e-01
   2.9489457e+01   7.0086726e+00  -6.7794487e+00   2.3867327e+01   9.4933430e+00  -2.7175568e+01   1.7651767e+01  -4.4861301e+00   5.6152296e-01  -6.4327829e+00  -6.5131248e-01   4.6043171e-02   4.7811008e+00   1.9719300e+00  -4.5751378e-01   5.6114960e+00   2.5157929e+00  -7.8402301e+00   2.4411704e+00  -4.9842359e+00   6.0901090e-01  -1.0979778e+00  -5.5539844e-01  -2.3495939e-01
   2.4180715e+01   8.5294892e+00   3.0189002e+00   1.7804282e+01   6.4705912e+00  -1.7020243e+01   1.0686233e+01  -2.9776947e+00  -9.4191297e-01  -6.4509814e+00  -9.1951288e-01  -9.9732332e-02  -8.0089287e+00   3.9058395e-01   7.2093087e+00  -4.6175861e+00  -3.2091465e+00   8.6230932e+00  -1.0564750e+01   1.5117499e+00   3.0013217e-01   3.1926632e+00  -4.8960719e-01  -2.8439445e-01
   2.2105870e+01   7.2558212e+00   4.0083469e+00   1.6979206e+01   4.3982114e+00  -1.6104048e+01   5.1162895e+00   9.8525642e-02   5.5149304e-02  -5.3992128e+00  -1.2678213e+00  -2.3753034e-01  -9.8873456e+00  -4.3263480e-01   9.1436664e+00  -9.5122100e+00  -5.5036223e+00   1.4271725e+01  -1.4944161e+01   6.8961409e+00   4.6226012e-01   2.6287059e+00  -2.6040038e-02   1.6371146e-01
   1.4774652e+01   6.9828117e+00   7.0011105e+00   1.1327577e+01   2.4481822e+00  -7.6208830e+00  -2.1782978e+00   2.7497836e+00   6.1328874e-01  -2.5234373e+00  -9.0660819e-01  -3.7559027e-02  -3.2841906e-01  -1.7095192e+00  -5.5872797e-01  -7.8068184e-01  -1.2541820e+00   5.8020519e-01  -1.0553049e+00   3.1901184e+00   1.7754117e+00   2.4275506e-01   5.6909999e-01   3.7950662e-01
   1.9361470e+01   7.1330591e+00   4.9449457e+00   1.2837365e+01   3.2491140e+00  -1.0467661e+01   1.6677919e+00   2.9943421e+00   4.7731228e-01  -4.4534960e+00  -6.9682488e-01   2.6052371e-01   3.2827102e+00   1.3972253e+00   1.3133406e-01   1.4234311e+00  -6.3042397e-01  -2.8888383e+00   7.1775671e+00  -5.6357866e-01  -4.3378620e-01  -2.0689873e+00   7.4059728e-01   2.6691993e-01
   2.5060286e+01   6.0265915e+00   1.7125088e+00   1.8704180e+01   5.1638669e+00  -1.8968129e+01   1.0827525e+01   3.5957474e-01   1.5101231e+00  -6.5597072e+00  -3.5136109e-01   2.2050058e-01   3.4520121e+00   1.5179166e+00   6.8905153e-01   2.9540812e+00  -1.0157605e+00  -3.2760987e+00   7.8730138e+00   1.3196879e-01  -1.4591528e+00  -2.0673943e+00   7.7248388e-01  -4.1117486e-02
   2.1887118e+01   9.8297694e+00   6.8496489e+00   1.5426051e+01   2.0947331e+00  -1.4763683e+01   9.3797288e+00   4.4826209e-01  -1.0439472e+00  -6.4845588e+00  -4.3454889e-01   3.3819757e-02  -3.7161393e+00   6.3577641e-01   3.3458946e+00  -1.1098580e+00  -1.8709282e+00   3.6139030e+00  -1.9602686e+00   2.0020374e+00  -1.1542492e+00   8.8217823e-01   4.6814851e-01   2.5920630e-02
   1.8689846e+01   7.9113315e+00   7.0823362e+00   1.4464355e+01   1.5017319e+00  -1.0387020e+01   5.7752545e+00   4.2207768e+00  -8.1481074e-01  -4.6089974e+00   1.2097964e-01   1.4116719e-02  -2.6304712e+00   2.2323946e-02   9.1407583e-01  -2.2311721e+00   1.4024125e-01   2.1050313e+00  -6.8571871e+00   1.6860403e+00  -4.9862733e-02   5.7438029e-01  -1.9042099e-01   3.1289229e-01
   1.6972481e+01   7.1443537e+00   7.2788739e+00   1.3292490e+01   2.2737892e+00  -9.3373605e+00   1.2535241e+00   4.0667971e+00  -9.1594647e-02  -4.1055836e+00  -2.3077249e-01   4.0259658e-01   2.0790377e+00  -1.5575488e+00  -2.2901868e+00   1.9226984e+00   1.3564958e+00  -4.7167870e+00  -2.5186579e+00  -8.0408973e-01   1.0448927e+00  -4.7899032e-01  -4.7015743e-01   2.7267173e-01
   2.3571898e+01   7.4027852e+00   2.8690101e+00   1.6424202e+01   5.2847007e+00  -1.8523743e+01   4.6048466e+00   1.0793677e+00   9.5915271e-01  -6.8876244e+00  -7.3888077e-01   5.0545061e-01   2.3053312e+00   5.4553282e-01   4.4510934e-01   3.0861288e+00   3.5814927e-01  -5.1207028e+00   3.6934971e-02  -3.8149704e+00  -9.6811453e-01  -1.3406041e+00  -1.1247339e+00  -1.9886614e-01
   2.2564649e+01   7.7477193e+00   5.5210317e+00   1.7330175e+01   2.2379924e+00  -1.7770502e+01   6.1869459e+00   8.1283203e-01  -3.6358988e-01  -6.0637308e+00  -7.0985484e-01   1.9716041e-01  -3.0636509e+00  -2.2692245e+00   1.3163180e+00   1.5618370e+00   3.2079976e-01   3.2140692e+00  -6.0286420e-01  -1.3931891e-01  -1.5999226e+00   3.6747035e-01  -7.6931975e-01  -3.8079745e-01
   1.9351759e+01   8.4279480e+00   8.6289213e+00   1.7074706e+01   2.0568542e+00  -1.3851504e+01   3.3639461e+00   1.2530380e-01  -2.1309849e+00  -5.6408299e+00  -1.3265800e+00  -1.8146441e-01  -2.1839081e+00  -2.1426921e+00   1.0474891e+00   9.6639555e-02  -1.3585006e+00   3.2208555e+00   2.9718919e+00   5.2273048e-01  -1.5736576e+00   2.8158093e-01   3.0963172e-01   1.1338390e-01
   1.4487074e+01   3.2279356e+00   6.3733953e+00   1.5309994e+01   4.3689121e+00  -6.8523763e+00   9.6967809e-01   4.3348507e+00  -9.4640976e-01  -4.1777753e+00  -1.0909025e+00   1.7485792e-01   9.2160644e-01  -4.7597149e-01  -2.1615417e+00  -8.9295948e-01   1.5055007e+00   1.0797369e-01   3.3789527e-01  -1.2746399e-01  -1.3486595e-01  -9.6690840e-01   4.2470868e-01   5.2061755e-01
   2.4334823e+01   6.4486390e+00   4.0140619e+00   1.7579253e+01   2.1814899e+00  -1.9151522e+01   1.1671318e+01   1.0245409e-01  -1.1099237e+00  -7.4082307e+00  -8.3909362e-02   6.8667770e-01   3.3723982e+00   1.3625569e+00  -1.6066796e+00   2.6199284e-01   7.8980328e-01  -3.3612901e+00   1.2234999e+00  -1.7952508e+00  -1.9827511e-01  -1.1117599e+00   8.2949804e-01   4.9366297e-01
   2.1455527e+01   8.0234165e+00   4.5861489e+00   1.5738463e+01   4.4339257e+00  -1.4958532e+01   2.5401027e+00   6.3306090e-01  -1.0764194e+00  -6.6303930e+00  -6.9412714e-01   5.4401568e-01   1.0015888e+00   4.1688191e+00   3.2427560e+00   7.9349004e-01   7.0684009e-01  -1.6618630e-01  -1.4177646e+00  -4.4550598e+00  -3.0258063e+00  -1.0390594e+00   1.0419931e-01  -1.5767377e-01
   2.0926130e+01   8.0740428e+00   7.1125251e+00   1.7253460e+01   3.2090523e+00  -1.4840361e+01   4.4139836e+00  -7.1667754e-01  -2.3633928e+00  -6.0821609e+00  -2.8072064e-01   3.7445116e-01  -6.4446561e+00   7.4181287e-01   4.3654837e+00  -1.2104729e-01   2.3092055e+00   7.8297668e+00  -8.5394758e+00   5.1541573e-01  -9.6195840e-01   1.3560251e+00  -7.1911585e-01  -2.8667433e-01
   1.7693804e+01   8.6684623e+00   9.6882977e+00   1.6663125e+01   4.9153911e+00  -9.2572364e+00   2.4716985e+00  -1.9381731e+00  -4.8583846e+00  -6.3993994e+00  -8.3619790e-01   9.4460539e-02   1.3308678e+00   4.0838719e-01  -2.8122636e+00   2.3671093e+00   2.4023018e+00  -2.6757819e+00   2.5451800e+00  -1.0890565e+00   1.5140976e+00   5.6837639e-01   6.9055365e-02   4.8440532e-02
   1.6548700e+01   7.2388354e+00   8.0112130e+00   1.6935351e+01   5.4045655e+00  -1.0257520e+01  -1.1036933e+00   2.1611947e+00  -6.6187868e-01  -5.4896899e+00  -1.0915477e+00   4.8144377e-01   5.8272673e+00  -6.2352681e-02  -7.5011159e+00   2.1748458e+00   3.3043946e+00  -9.0987715e+00   3.9577164e+00  -2.1912760e+00   3.4278749e+00   1.7442724e-01   4.6911002e-01   2.7382616e-01
   2.5640543e+01   9.0536010e+00  -8.1590530e-02   1.9448182e+01   6.9396218e+00  -2.1263625e+01   9.1167112e+00  -2.4394599e+00   3.4397001e-01  -6.0740639e+00  -1.8513053e-01   5.6318017e-01   5.6367047e+00   4.8787457e-01  -4.4835886e+00   8.6468829e-01  -3.5148864e-01  -9.3192339e+00   2.2311215e+00  -1.9672992e+00   2.4935768e+00   8.4280690e-01   1.2414071e+00   2.2105592e-01
   2.5693661e+01   7.7879444e+00   7.4579539e-01   1.9123201e+01   7.1535289e+00  -2.2485324e+01   7.0280518e+00  -3.7529482e+00   1.7724220e-01  -5.9831878e+00   9.7410711e-02   5.5083058e-01   4.2645342e+00  -3.2062199e-01  -9.0116934e-01   1.5625434e+00  -9.8585043e-01  -6.5471780e+00   4.2734107e+00  -5.1709386e+00  -4.7240850e-01   1.0311665e+00   1.2513167e+00  -4.3745161e-01
   2.1576380e+01   9.1257196e+00   6.5956236e+00   1.6866232e+01   3.5136764e+00  -1.7122185e+01   1.7525083e+00  -1.9320504e+00  -1.5375799e+00  -4.8884401e+00   4.3143351e-01   3.9135101e-01  -1.4924120e+00  -5.0655520e+00   2.3781384e+00   1.7967227e+00  -2.2473852e+00   7.2540393e-01  -9.3744206e-01   6.8873927e-01   1.8961870e+00   2.4090348e+00   8.2811257e-01  -6.7271322e-01
   2.4977583e+01   6.7218430e+00   3.3208519e+00   2.0570140e+01   5.6387625e+00  -2.2149007e+01   8.9885242e+00  -5.8489179e+00  -4.2971650e-01  -4.5357520e+00   4.7714531e-01  -8.8819063e-02  -3.1251392e-01  -2.9361731e+00   5.8381849e-01   1.4332307e+00  -6.4927525e-01   4.4807368e-01   9.4862821e-01   1.2676289e+00   1.9518020e+00   8.5303544e-01  -1.2262054e-01  -3.0160295e-01
   2.3759964e+01   1.9883237e+00   2.1980888e+00   2.1419796e+01   4.3259272e+00  -2.0343678e+01   6.7303118e+00  -3.5836619e-01   3.4917299e+00  -3.1842296e+00   8.6717103e-01  -1.2606483e-01   4.3618953e+00  -5.6062652e-01  -6.6415254e+00   4.3473632e+00   3.5925226e+00  -8.7411784e+00   6.9085635e+00  -2.4917919e+00   6.3907820e-01  -2.1428346e-01  -5.7640566e-01   5.6739573e-03
   2.4133098e+01   6.9523827e+00   3.8202905e+00   1.8996265e+01   5.7734906e+00  -2.0202467e+01   5.9620923e+00  -2.6383470e+00   5.9029033e-01  -5.5557399e+00  -3.0438885e-01   3.5713407e-01  -6.8538501e-01   3.9380405e+00   8.6352831e-01  -2.6041670e+00  -8.9970722e-01   2.1347043e-01  -2.1260784e+00  -4.4794376e-01  -2.6387485e+00  -2.3461342e-01  -2.1597926e-01   4.3782094e-01
   2.8541465e+01   8.1695101e+00  -3.6163838e+00   2.4174215e+01   8.8350962e+00  -3.1207223e+01   1.3628570e+01  -7.2750236e+00  -1.0889660e+00  -4.6998714e+00  -4.2407901e-02   1.7688538e-01  -4.2130305e-01   4.6218483e+00   3.1316670e+00  -3.8655387e+00  -1.8188411e+00   2.1379361e+00  -4.0554482e-01  -4.2996912e+00  -4.4554998e+00  -1.2554899e-01   5.9396512e-01   4.2727307e-01
   2.1558755e+01   9.5383107e+00   7.5233807e+00   1.5286680e+01   2.0346171e+00  -1.6397029e+01   2.3502777e+00  -3.0625048e+00  -2.0974913e+00  -4.1298513e+00   6.0796589e-01   4.1643725e-01  -4.3037745e+00  -2.1413489e-01   3.8129191e+00  -6.4890684e+00  -3.7330988e+00   1.0470112e+01  -5.0699691e+00   5.7963994e-01  -2.8443067e+00   9.2988396e-01   9.0921460e-01   2.5820997e-01
   2.4415181e+01   7.6281322e+00   5.0440443e+00   1.7476280e+01   3.4671023e+00  -1.9039493e+01   7.9279019e+00  -6.5958241e+00  -1.8476290e+00  -4.0854974e+00   1.3019413e+00   4.8519319e-01  -6.5435820e+00   1.5129567e-02   6.9748299e+00  -7.4603622e+00  -3.3513281e+00   1.5260612e+01  -7.9642017e+00   4.1560003e+00  -1.1387410e+00   6.7006603e-02   1.2293833e-01   2.6917703e-01
   1.9740579e+01   6.9018692e+00   5.2094552e+00   1.2611630e+01   2.8578393e+00  -1.0581165e+01   1.2074725e+00  -2.1084869e+00  -3.2968381e+00  -4.4681009e+00   3.8725842e-01   5.9029512e-01  -3.0606773e-01  -5.1314547e-01  -1.3491501e+00   7.8719262e-01   2.7640676e+00   1.0092824e+00  -9.6373888e-01   1.4628540e+00   8.0928485e-01  -9.1782542e-01  -6.4190642e-01   1.3369620e-01
   1.9635180e+01   9.5104252e+00   8.0028238e+00   1.4321197e+01   3.3964930e+00  -1.1224237e+01   2.2536696e+00  -1.5180321e+00  -2.1974041e+00  -4.4302367e+00   2.5235332e-01   4.9372198e-01  -1.4468314e+00   1.4602768e+00   1.0928190e+00  -4.0869212e-01   1.1201068e+00   9.5445427e-01  -4.5910925e+00   2.5788081e+00   8.4996334e-01  -3.3219625e-01  -6.9419808e-01   3.4370205e-02
   2.3489654e+01   7.8274460e+00   4.0202658e+00   1.8045011e+01   6.2160232e+00  -1.8790733e+01   3.7417855e+00  -3.4071198e+00  -7.0867649e-01  -5.3342198e+00   1.6990026e-01   6.1271715e-01   4.5815500e+00   1.3790141e+00  -3.1347070e+00   3.0050361e+00   2.0791697e+00  -8.7832167e+00   3.6857674e+00  -3.0065346e+00   1.2842252e+00   3.1408830e-01   7.1603029e-01   6.4128887e-03
   2.0370397e+01   9.3557590e+00   7.2778675e+00   1.4146551e+01   3.4681705e+00  -1.3503027e+01  -2.2589336e-01  -2.0782955e+00  -1.8667649e+00  -4.1507323e+00   3.6932330e-01   5.2553748e-01   1.0208373e+00   1.7984622e-01  -2.7457713e+00  -2.8100819e+00  -5.8362165e-01  -1.5617997e+00  -2.1052424e+00  -1.9589900e+00  -2.5770070e-01   8.6287166e-01   4.0600293e-01   1.5303583e-01
   2.6245296e+01   9.0477235e+00   8.6987289e-01   1.7206507e+01   5.9407551e+00  -2.2616595e+01   7.9759052e+00  -6.3381571e+00  -1.5358200e+00  -4.1367206e+00   1.4028189e+00   5.8400670e-01   1.1973970e-01   4.0200412e-01  -6.3271986e-01  -3.3349812e+00  -2.2978832e+00   1.1088222e+00   7.1314268e-01  -6.3393529e-01  -5.4582295e-01   4.7548956e-01   3.5126696e-01   1.2672094e-01
   1.9788616e+01   9.1700557e+00   5.4593633e+00   1.0525326e+01   2.6586946e+00  -1.1654006e+01  -3.0212537e+00  -2.9909985e+00  -2.1703834e+00  -3.7346788e+00   2.4489841e-01   7.3763095e-01   4.5678509e+00  -1.2282673e+00  -4.3260917e+00   4.5027359e+00   1.8068972e+00  -8.0848617e+00   8.6999880e+00  -2.3919314e+00   1.8673661e+00  -2.0281351e+00  -4.6042804e-02   2.8225112e-01
   2.3960154e+01   8.5233038e+00   3.9804381e+00   1.4853152e+01   3.1739364e+00  -1.8052010e+01   6.2091797e+00  -3.9016712e+00  -1.3756017e+00  -4.8290122e+00   7.5901315e-01   6.9675183e-01   1.7148807e-01  -2.8590284e-01   1.1304348e+00   2.5932196e+00   3.8122986e-01  -1.2733137e+00   1.1762595e+00   1.5462538e+00   1.2724175e+00  -1.8060448e+00  -4.6758654e-01   2.1211343e-01
   2.8364744e+01   7.7755679e+00  -7.6655267e-01   2.2077333e+01   7.5619256e+00  -2.7912612e+01   1.3707451e+01  -6.8844354e+00   8.5417515e-01  -6.8467891e+00   6.2216195e-01   8.9254160e-01   2.4003453e-01   1.5566143e+00   1.0932009e+00   6.6710807e-01  -1.0117703e-01   1.6354629e-01   1.1992514e+00   5.3176207e-01   1.2941845e-01  -8.6629065e-02   3.5754654e-01  -6.5838657e-02
   2.2214464e+01   9.3161132e+00   5.6784831e+00   1.5320333e+01   4.0609843e+00  -1.6397262e+01   1.3759418e+00  -2.0720578e+00  -1.1394729e+00  -5.2897326e+00   5.1280729e-01   8.2472152e-01  -5.9274123e+00   3.3666118e+00   3.9752268e+00  -8.6465915e+00  -2.9058743e+00   1.2801559e+01  -9.0949378e+00   1.2603215e+00  -1.5094348e+00   2.8493677e+00   1.5123063e-01  -2.6480161e-01
   2.1021513e+01   1.1108573e+01   6.2501421e+00   1.1292398e+01   2.0634051e+00  -1.2236061e+01   1.1942424e+00  -3.1081621e+00  -2.0943201e+00  -3.6342622e+00   9.0432115e-01   5.7488812e-01  -7.6094716e+00   1.6307583e+00   4.5423802e+00  -1.1071769e+01  -4.1432083e+00   1.5695802e+01  -1.1079708e+01   3.3591249e+00  -1.2595351e+00   3.7362104e+00  -1.8364818e-02  -3.1184899e-01
   1.8740651e+01   1.1906719e+01   6.4349309e+00   7.2757317e+00   1.5643852e+00  -6.6879480e+00  -1.1766225e+00  -3.8993256e+00  -2.1655063e+00  -2.1612241e+00   8.4477949e-01   4.5837615e-01   5.2300641e-01   3.8205904e-01  -3.1367698e+00  -3.1842490e+00   2.9615793e+00   2.6932864e+00   2.5830279e-01  -4.0163598e-01   8.3310885e-01  -2.5278984e-01  -2.3550583e-01   7.0414350e-02
   1.8687443e+01   8.9264023e+00   5.6687936e+00   9.4919794e+00   2.5954127e+00  -9.2235660e+00  -1.6358287e+00  -9.3211423e-01  -5.2211083e-01  -2.8067278e+00   4.2862862e-01   6.0794080e-01   3.9783786e+00  -7.3664874e-01  -4.4268767e+00   2.5140451e+00   4.9507154e+00  -5.1413226e+00   3.0860767e+00  -9.3838830e-01   5.4936770e-01  -2.9471961e+00  -4.9325935e-01   3.8862346e-01
   2.4166008e+01   1.0980287e+01   1.2640025e+00   1.1444168e+01   8.2373494e+00  -1.3863580e+01   3.1784315e+00  -3.7625357e+00  -6.7591428e-01  -6.0826845e+00   3.9739481e-01   9.1381670e-01   3.3015709e+00   1.0191027e+00  -4.7454432e-01   2.9235957e+00   5.1320224e-01  -5.5776836e+00   4.3566384e+00  -7.3269627e-01  -1.5390306e+00  -3.1152888e+00  -1.2505243e-01   3.6169534e-01
   2.4276402e+01   1.0466816e+01   2.1952912e+00   1.2979247e+01   6.1529961e+00  -1.6360229e+01   3.6458305e+00  -4.5841395e+00  -2.0150645e+00  -6.0943260e+00   3.8812446e-01   9.3010304e-01   9.5359305e-01   2.7796653e+00   3.1525755e+00   8.3130801e-01  -4.4542833e+00  -2.7489445e+00   2.5816463e+00  -1.6894558e+00  -1.7795826e+00  -1.2296799e-01   3.5974179e-01  -8.4657145e-02
   2.0898528e+01   1.2665167e+01   7.4598657e+00   9.9174915e+00   5.5539685e-01  -1.1486142e+01   2.7175056e+00  -3.1723574e+00  -3.7275754e+00  -5.1903582e+00   6.7745293e-01   8.3983804e-01  -3.3531430e+00  -8.9632077e-01   5.2163997e+00   6.5649236e-01  -8.5321818e+00  -5.6297773e-01  -1.2595484e+00   2.8321012e+00   4.2801751e-01   2.7528301e+00   2.0296346e-01  -5.3421352e-01
   2.1751572e+01   1.2253460e+01   7.2997254e+00   1.1502280e+01  -2.4503592e-01  -1.4535702e+01   2.4671038e+00  -3.7613872e+00  -1.6656541e+00  -3.4373430e+00   8.2821225e-01   5.1794442e-01   1.2686571e+00  -3.1126972e+00  -1.9653424e+00   4.4412059e+00  -2.3561817e+00  -4.7284517e+00   5.1136298e+00   1.7180475e+00   2.6401242e+00   1.5245063e+00   5.6284710e-01  -3.6906090e-01
   2.0398709e+01   8.7424833e+00   6.5363850e+00   1.3167390e+01  -1.3619074e+00  -1.5620310e+01   1.8784722e+00   7.4239927e-02  -2.0859323e-01  -3.2819309e+00   4.8179611e-01   3.1857574e-01   2.8591773e+00  -2.1946453e+00  -5.4598891e+00   1.3635070e+00   3.1933320e+00  -1.9312692e+00   3.1385529e+00   1.3851034e-01   2.2042073e+00  -2.6007589e-02   1.4000057e-01  -2.1539225e-02
   2.6429297e+01   7.7591114e+00  -2.9098212e-01   1.8016106e+01   3.5773756e+00  -2.1385822e+01   1.1735792e+01  -3.6303670e+00   1.8563074e-01  -4.7617803e+00   1.3302235e+00   6.3714284e-01  -2.3943463e-01   1.5402199e+00  -1.5031650e+00  -4.2416928e+00   2.3675600e+00   5.4670255e+00  -1.0266279e+00  -5.4780272e-01  -8.2654838e-01  -7.2817352e-01  -4.1223541e-01   1.5402142e-01
   2.2848431e+01   1.1620373e+01   3.0653857e+00   8.7058388e+00   3.4341891e+00  -1.0957986e+01   2.7909909e+00  -3.0301020e+00  -1.3469069e+00  -4.5671509e+00   6.3644815e-01   7.4792999e-01  -8.1339538e-01   5.2418307e+00   1.8165204e+00  -6.6040297e+00   7.8448470e-01   6.3412341e+00  -3.2196622e+00  -3.0504960e+00  -2.2154261e+00  -4.3239460e-01  -4.7885651e-01   2.0195208e-01
   2.0167559e+01   1.3124845e+01   6.7804775e+00   7.3705165e+00   9.0825586e-01  -8.6663253e+00   4.7090262e-01  -3.0309203e+00  -2.3363199e+00  -3.8869932e+00   1.3253312e-01   5.3429942e-01  -4.8914745e+00   4.3828970e+00   5.9899322e+00  -7.1200927e+00  -3.4416260e+00   6.5912405e+00  -9.4513246e+00  -1.3271911e-01  -1.6567661e+00   7.3223404e-01  -1.0100513e+00  -3.3343379e-02
   2.2309485e+01   1.3922362e+01   5.7254358e+00   8.5841408e+00   1.1493796e+00  -1.2468207e+01   2.6814236e+00  -4.8012275e+00  -2.2707570e+00  -4.3679163e+00   3.6235655e-01   6.7292557e-01  -5.5842483e+00  -1.6639377e+00   2.5442879e+00  -1.5098260e+00  -3.4298473e+00   1.1319956e+00  -6.4574572e+00   8.5175365e-01  -2.4820262e-01   1.1555451e+00  -8.0964103e-01  -1.6866461e-01
   1.9361559e+01   1.3182462e+01   7.3638911e+00   7.3968162e+00  -4.4265861e-01  -1.0743851e+01  -2.3864114e+00  -2.9438829e+00  -1.8375933e+00  -3.7630465e+00  -4.7807572e-02   6.2462998e-01  -3.3693488e+00  -2.8312342e+00  -3.8183663e-02  -8.8729482e-01  -9.4780064e-01   2.3394438e+00  -3.5777954e+00   1.2773434e+00  -7.2717825e-01   4.3348353e-01  -1.6314910e-01   6.1948090e-02
   1.4875059e+01   9.0956581e+00   6.5901108e+00   6.4279499e+00  -1.0351246e+00  -8.2212295e+00  -5.4665379e+00  -1.7959902e+00  -1.9685741e+00  -2.8958066e+00  -4.8784306e-01   4.4976779e-01  -1.3755664e+00  -1.7448689e+00  -1.7877538e-01  -3.8935651e-01   6.4863422e-01   3.7342495e+00  -8.9076343e-01   6.4529588e-01  -1.6051244e+00  -2.2761702e-02   3.4711414e-01   1.2219113e-01
   1.8830749e+01   1.1291346e+01   6.2908645e+00   7.1176697e+00   5.7880701e-01  -7.2806484e+00  -8.2180969e-01  -2.6175239e+00  -3.5781787e+00  -3.9728228e+00   3.1290928e-01   7.3880044e-01   4.3787384e+00   1.1603484e+00  -1.8794765e+00   2.3139898e+00   3.6563627e+00  -8.3962873e-01   6.4066723e+00  -4.1285290e+00  -2.0206365e+00  -8.2400630e-01   1.0560307e+00   1.6302017e-01
   2.0511540e+01   1.2250617e+01   5.9937860e+00   8.1396793e+00   1.6115981e+00  -8.5984339e+00   5.6297759e-01  -3.9964632e+00  -3.8081509e+00  -4.2971707e+00   7.0266934e-01   7.9912704e-01   9.0236883e+00   4.9581314e+00  -3.8029225e+00   4.9767202e+00   4.5437014e+00  -9.1832203e+00   1.2491616e+01  -8.9639704e+00  -1.4350490e+00  -9.2171998e-01   9.1342409e-01  -2.2594767e-03
   2.3111426e+01   1.3345505e+01   4.8428387e+00   1.0011936e+01   3.7185241e+00  -1.1814692e+01   4.2088393e+00  -8.0364399e+00  -3.9487596e+00  -4.2983739e+00   9.4098225e-01   6.9448061e-01   3.3082843e+00   2.8984453e+00  -1.2462938e+00   1.8815718e+00   3.8478217e-01  -8.2912854e+00   2.5046302e+00  -5.6549225e+00   3.3213827e-01   2.3873802e-01  -1.1989050e-01  -1.3189839e-01
   2.6270253e+01   1.5505776e+01   1.6097400e+00   1.2445897e+01   4.2105690e+00  -1.9729038e+01   1.0755561e+01  -1.2532488e+01  -3.9358572e+00  -4.1156110e+00   5.6825659e-01   4.6853849e-01  -2.6800415e+00  -3.1486372e-01   1.4496109e+00  -1.2592597e+00  -2.8968628e+00  -1.9119815e+00  -5.7946663e+00   3.5629501e-01   7.3301652e-01   8.5717545e-01  -7.7191521e-01  -1.8911660e-01
   2.0913819e+01   1.4011435e+01   6.6134468e+00   7.7869186e+00  -1.4350517e-01  -1.4152274e+01  -2.1611562e+00  -6.8318954e+00  -3.0161182e+00  -3.7054956e+00   2.0027991e-01   7.0624712e-01  -4.2589393e+00  -2.3273394e+00   1.8371847e+00  -3.5623065e+00  -2.9320264e+00   4.8967660e+00  -8.6174572e+00   5.3817666e+00   1.5031188e+00   8.9105257e-01  -8.1365115e-01  -1.1416869e-01
   1.7590282e+01   1.1445357e+01   7.2828983e+00   7.3632985e+00  -8.0268153e-01  -1.0297615e+01  -4.9440241e+00  -4.0642929e+00  -3.1749468e+00  -3.3078467e+00  -8.4852304e-02   5.0956888e-01  -3.0331631e+00  -2.7073757e+00   2.1874661e+00  -2.8012287e+00  -9.3195010e-01   7.7467706e+00  -6.0693212e+00   5.3166532e+00   6.7416220e-01   4.6068859e-01  -3.8633844e-02   1.4978126e-02
   2.1063003e+01   1.1884706e+01   4.7620366e+00   7.2097756e+00   1.8271097e+00  -9.1852543e+00  -8.6755392e-01  -4.1978874e+00  -2.0745365e+00  -3.3656772e+00   4.7059969e-02   5.0271238e-01   1.0077851e+00  -2.0582574e-01   1.6409795e-01   1.1456132e+00   2.2906615e+00   3.5774003e+00   4.3449447e+00  -4.5791127e-01  -1.8372554e+00  -6.4799969e-01   2.3534237e-01  -6.0033038e-02
   2.1645916e+01   1.2508077e+01   5.8166443e+00   8.5326255e+00   1.8273364e+00  -1.0592392e+01   1.0047782e+00  -5.8745120e+00  -3.3954047e+00  -3.5944873e+00   5.8691580e-01   5.9277305e-01   8.2787935e-02   1.7276776e+00   2.1901136e+00   7.3724325e-01   1.0817790e+00   2.2162159e+00   2.8199488e+00  -2.2948630e+00  -2.9483090e+00  -1.0782564e+00  -1.2292807e-01  -2.3734486e-02
   2.0397679e+01   1.3171336e+01   7.5927207e+00   8.9206749e+00   1.9774781e+00  -8.6387850e+00   1.3818597e+00  -6.6136527e+00  -5.6617724e+00  -4.5341748e+00   2.1740941e-01   5.7459548e-01  -3.9647192e+00   6.0760542e-02   3.3947557e+00  -7.7356466e-01  -2.5969923e+00   7.8301970e-01  -3.8297973e+00  -9.4255585e-01  -2.4635146e+00  -1.6477855e-01  -5.0589319e-01  -1.1007745e-01
   1.8047125e+01   1.3393558e+01   9.1527267e+00   7.6137137e+00   7.4480284e-01  -7.2465256e+00  -1.8388076e+00  -6.2987048e+00  -5.8037924e+00  -4.3409824e+00  -3.5441912e-01   4.3802560e-01  -5.5495896e+00  -2.1417139e+00   1.0251171e+00  -2.8084431e+00  -2.9128956e+00   2.4508325e+00  -5.6040407e+00   2.1427950e+00   3.8338268e-01   9.6424668e-01  -6.5488514e-01  -1.8390912e-01
   1.6915319e+01   1.1533106e+01   8.1861290e+00   6.5088845e+00  -1.5271120e+00  -9.6836582e+00  -5.1904569e+00  -5.3996248e+00  -4.5656145e+00  -3.2395975e+00  -2.4111235e-01   4.1496993e-01  -1.8128703e+00  -2.6048981e+00  -2.0446656e+00  -1.5111179e+00  -2.6478509e-01   1.0947206e+00  -2.8307062e+00   3.4863558e+00   2.5158240e+00   9.1488326e-01   4.6528905e-02  -1.6001920e-03
   1.5062712e+01   1.0114621e+01   7.0576159e+00   5.5258560e+00  -7.8971201e-01  -6.3937071e+00  -4.1151245e+00  -3.2673335e+00  -3.3684096e+00  -2.7954060e+00  -1.6615103e-01   3.9672215e-01   2.8430202e+00  -1.0133620e+00  -3.0237301e+00   1.9405170e+00   2.7568405e+00  -3.2851431e+00   9.9719109e-01   1.7823419e+00   1.8853252e+00  -6.8007967e-01   7.2369266e-01   3.9178938e-01
   1.9170581e+01   1.0903458e+01   5.5732778e+00   7.6979268e+00   2.3475579e+00  -7.4231133e+00  -1.7260411e+00  -2.8998046e+00  -3.1057277e+00  -3.9346382e+00   1.9306872e-01   5.9284692e-01   5.4309343e+00   9.2686118e-01  -2.3311184e+00   4.5378246e+00   4.2847681e+00  -7.3174960e+00   3.5966833e+00  -3.9604855e-01  -2.5192027e-01  -2.9152975e+00   4.7443015e-01   6.1518032e-01
   2.1184025e+01   1.2188339e+01   5.9235572e+00   9.9299680e+00   2.9427287e+00  -1.3304513e+01  -2.0752289e+00  -4.8751020e+00  -3.7057479e+00  -5.0135816e+00   5.1402933e-01   9.3677118e-01   3.7776175e+00   1.4596031e+00   1.9039290e-01   3.7834054e+00   1.2640229e+00  -8.9978818e+00  -4.3679218e-02  -2.0390519e+00  -1.4245821e+00  -2.6365285e+00  -7.7455211e-03   5.3452702e-01
   2.2001064e+01   1.1886539e+01   5.2564808e+00   1.1113565e+01   3.0338197e+00  -1.7204499e+01  -8.1537967e-01  -5.1898134e+00  -4.7748258e+00  -6.5034560e+00   1.3044269e-01   1.0677159e+00  -5.1100075e-01  -2.6694232e-02   9.2701124e-01   1.0939958e+00  -1.2488731e+00  -6.6161123e+00  -4.4231054e+00  -2.6261936e+00  -1.3359393e+00  -9.0008597e-01  -2.5963575e-01   3.3984814e-01
   1.9313896e+01   1.1812485e+01   7.5016037e+00   9.4931449e+00   7.6319147e-01  -1.4999837e+01  -4.6359740e+00  -5.1809070e+00  -4.6707337e+00  -5.4657898e+00  -1.4645630e-01   9.6107819e-01  -4.0570811e+00  -1.8017628e+00   1.0304854e+00  -2.6409262e+00  -3.1933652e+00   2.0555185e+00  -4.3555298e+00   4.1169093e-01   1.3754512e-01   1.5120416e+00  -3.0442302e-01  -2.3042423e-01
   1.9339144e+01   1.1051343e+01   6.1747714e+00   9.5573322e+00   1.5640169e+00  -1.6499620e+01  -7.0803266e+00  -6.6861925e+00  -4.6271437e+00  -5.0586630e+00   1.3385791e-01   1.0904656e+00  -2.0619870e+00  -2.1905424e+00  -1.0242147e+00  -2.7260067e+00  -1.0928090e+00   5.4665737e+00  -2.4721340e+00   1.3214780e+00   1.4936697e+00   2.4770323e+00   2.6392683e-01  -3.9069938e-01
   1.6429363e+01   9.9032926e+00   7.0101400e+00   6.7466953e+00  -1.1124177e+00  -1.0573675e+01  -5.4760501e+00  -3.5093761e+00  -3.5732713e+00  -3.4679156e+00   5.5687184e-02   5.7975998e-01   3.5598337e+00  -2.3098475e+00  -5.1112800e+00   2.5792126e+00   3.6030822e+00  -1.5146047e+00   4.7068347e+00   2.3970767e-01   8.6954267e-01   1.6398559e-01   5.5426009e-01  -1.1222428e-01
   2.0350350e+01   9.5553214e+00   3.9658905e+00   8.3977801e+00   2.3324109e+00  -1.1217720e+01  -4.1035427e+00  -4.0433618e+00  -3.0830524e+00  -3.7868445e+00   4.2526119e-01   6.7232594e-01   6.1700655e+00  -2.5567690e+00  -5.6200268e+00   7.6802250e+00   4.1496032e+00  -7.5780087e+00   1.0676685e+01  -1.1880914e+00  -8.0183389e-01  -1.5224643e+00  -3.3791448e-02   3.6880773e-02
   2.4148044e+01   9.0957247e+00   9.3912410e-01   1.3941740e+01   5.7836178e+00  -1.9912694e+01   9.3588600e-01  -6.1427608e+00  -4.1384654e+00  -5.8557207e+00   5.3923220e-01   1.0018116e+00   5.3146096e+00  -2.3036730e+00  -3.1887282e+00   7.6780072e+00   1.6959151e+00  -1.1047754e+01   7.0963716e+00  -2.1852114e+00  -7.8758580e-01  -1.4209469e+00   1.6689633e-01   2.4245776e-01
   2.4734902e+01   7.6199737e+00   7.8023912e-01   1.7480147e+01   4.3404039e+00  -2.3197123e+01   5.7287327e+00  -7.1516372e+00  -5.5472975e+00  -6.1484570e+00  -1.5860177e-01   9.3476096e-01   1.9874884e-01  -2.0071333e+00   3.8086999e-01   2.1899485e+00  -2.8159928e+00  -2.5851917e+00   2.1520731e+00  -1.5028812e+00  -1.0370400e+00   1.4258366e+00   4.4137843e-01  -1.1904988e-01
   2.2209002e+01   7.4154569e+00   3.8198734e+00   1.3722522e+01   4.2745832e-01  -2.1155604e+01   2.5236960e-01  -5.2330554e+00  -3.5225274e+00  -4.4185298e+00   5.9796317e-01   8.1222911e-01  -1.0384421e+00  -5.8766874e+00  -2.4989796e+00  -1.0024527e+00  -3.7464130e-01   8.7933980e+00   2.5020345e+00  -1.8451806e+00  -9.9706200e-01   2.9760382e+00   1.1420543e+00  -3.9424345e-01
