  -2.9574577e+00  -1.1300214e+01   4.4751738e+00   1.4596898e+00   7.3911512e-01  -2.9832421e+00   3.6785099e+00   2.1847658e+00   1.8965931e+00   2.3465079e+00  -6.7695418e-01  -5.1270621e-01   8.6420052e-01  -1.2988449e+00   1.7131201e+00  -3.8877450e+00  -1.7833329e+00  -1.5809202e+00   1.1603931e-01   2.1373410e+00  -2.1448895e+00  -3.1067877e+00   2.2777639e-01  -1.0287163e-01
  -3.2911245e+00  -1.1960769e+01   5.5258771e+00   7.8318218e-01   2.3659773e+00  -1.6198402e+00   3.8603400e+00   3.1467073e+00  -9.1286893e-01  -6.3832556e-02  -6.8395692e-01  -5.5164018e-01  -2.1449136e-01  -1.2046212e+00   3.7411778e-02  -2.1714542e+00  -2.4371130e-01  -1.8793649e+00  -1.0846079e+00  -2.0164452e+00  -2.1689314e+00  -2.1152556e+00   1.6043479e+00   2.2357734e-01
  -2.3662251e+00  -1.1540153e+01   5.4698974e+00  -2.0111447e-02   1.3593541e+00  -2.8297978e+00   3.4425306e+00   1.4638290e+00  -1.2388966e+00  -3.3781336e-01   1.4625800e-01  -3.4605431e-01  -8.7453276e-01  -1.4756503e+00  -2.1266515e+00  -1.5305688e+00  -5.2242127e-01  -2.0329990e+00  -2.2888983e+00  -5.3335069e+00  -1.5597430e+00  -4.9784952e-01   1.6187841e+00   1.7162775e-01
  -3.8854860e+00  -1.2105213e+01   3.7066328e+00   5.8800503e-01   2.0546505e+00  -4.9547884e+00   9.4783523e-01  -1.6169489e+00  -4.7948708e-01   7.9276421e-01   1.5751098e+00  -2.0802940e-01  -1.9620123e+00  -1.6842536e+00  -3.6029753e+00  -8.2013617e-01  -1.7650324e+00  -1.7357643e+00  -2.6618411e+00  -6.6696192e+00   5.1945939e-01   1.3748120e+00   3.9839567e-01   8.3263281e-03
  -3.9720761e+00  -1.3441468e+01   2.1948186e+00  -7.3857490e-01   1.1114660e-01  -4.3652664e+00   1.7014147e+00  -3.4336665e+00  -6.5971232e-01   1.1714353e+00   6.2168865e-01  -4.2706998e-01  -2.3017208e+00  -7.8796126e-01  -1.2883905e+00   4.8966165e-01  -6.2632011e-01   1.1642127e+00  -1.0205237e+00  -4.0232049e+00   1.1528842e+00   1.8338290e+00  -6.7684761e-01  -1.0617554e-01
  -5.4312174e+00  -1.3536492e+01   1.7589535e+00  -8.7790343e-02   3.4253237e-01  -3.4557523e+00   7.3813632e-01  -4.4089737e+00  -4.2327198e-01   1.2437611e+00  -3.2407875e-01  -4.9864285e-01  -2.1272981e+00  -4.0370741e-01   2.2654596e+00   1.5155517e+00   2.1219401e-01   2.1313489e+00   1.4083736e+00  -6.1113332e-01  -2.8060941e-01   5.3031264e-02  -1.0624198e+00  -3.4035717e-02
  -5.0459406e+00  -1.2006455e+01   4.5111512e+00   1.0522787e+00   1.2759330e+00  -1.8329968e+00   2.0165945e+00  -3.1749659e+00   4.6232215e-01   2.1874317e+00   8.0580833e-02  -3.6001089e-01  -1.8813912e+00   4.5992274e-01   4.8377470e+00   2.4086618e+00   7.1139134e-01   8.4006595e-01   1.5332195e+00   6.1714193e-01  -8.7953789e-01  -2.3327865e-01   2.5137800e-03   5.3479605e-02
  -6.5395009e+00  -1.3428280e+01   5.9466558e+00   1.9659058e+00   1.7905483e+00  -3.0238999e+00   2.9028058e+00  -2.6629992e+00  -1.4614184e+00   3.6431288e-01   2.5203403e-01  -2.9261252e-01  -8.9824055e-01  -3.7976490e-02   4.8551363e+00   1.0430801e+00   2.2001503e-01   5.8793667e-01   3.8982471e+00   1.8044985e+00  -6.1968496e-01   5.5387050e-01   4.2997915e-01  -6.0899524e-02
  -6.2400211e+00  -1.2805690e+01   7.3575879e+00   1.8475698e+00   4.5422563e-01  -3.3210937e+00   2.9189092e+00  -3.3809409e+00  -1.4599459e+00   1.2612414e+00   3.3740293e-01  -4.4986574e-01  -3.7459036e-01   5.1984971e-02   2.2782486e+00   3.7823567e-01   1.0361785e+00   1.9531448e+00   4.5011916e+00   1.6073948e+00  -4.1107302e-01   1.0221826e+00  -1.0236665e-01  -4.2244191e-01
  -6.1815380e+00  -1.3193839e+01   7.6184396e+00   1.0791843e+00   1.0834086e+00  -1.8297989e+00   6.1343496e+00  -1.5992385e+00  -3.9166538e-01   2.5376620e+00   1.9247892e-01  -5.4506471e-01   1.0404398e+00   1.0342915e+00   5.3111087e-02  -5.0392171e-01   2.1413757e+00   3.9545347e+00   4.2329750e+00   2.8465362e-01  -2.2305257e-01   1.8119690e+00  -1.8705353e-01  -6.0638241e-01
  -5.7868076e+00  -1.2045698e+01   7.0926322e+00   2.0629930e+00   3.1837706e+00   4.9966993e-01   7.1526099e+00  -1.2957541e+00  -6.8916391e-01   2.6340311e+00  -4.3191596e-02  -8.6744767e-01   4.2637796e-01   4.0044464e-01  -1.0669426e+00   1.1486650e+00   3.9513886e+00   4.7630129e+00   1.6152408e+00  -1.0476427e-01  -6.3667431e-01  -3.7972366e-01   2.6862141e-01  -2.1525270e-01
  -5.2054480e+00  -1.2256838e+01   6.1588003e+00   1.1023116e+00   3.6378394e+00   9.9752030e-01   7.1354179e+00  -3.2786122e+00  -2.1813883e+00   2.3958716e+00   1.6175100e-01  -9.9339517e-01  -5.8416965e-01   6.4437181e-01  -1.5945653e+00   3.1851810e-02   1.8609782e+00   1.8167357e+00  -2.4667974e+00  -2.3274969e+00  -6.2505378e-01  -3.3721440e-01   7.5762445e-01   1.1823553e-01
  -6.0884992e+00  -1.2673523e+01   6.4869936e+00   3.5590036e+00   5.1040931e+00   2.4097661e+00   4.8412364e+00  -2.6984005e+00  -1.5200959e+00   7.6255110e-01   7.5569902e-01  -5.4857955e-01  -1.2292339e+00  -4.4601558e-01  -1.0442686e+00  -5.6847541e-01  -1.0156599e+00  -1.4387566e+00  -4.3949402e+00  -2.1152092e+00   3.9934940e-01   2.1998804e-01   5.1541367e-01   4.3203579e-01
  -6.9069466e+00  -1.1913369e+01   5.5294110e+00   3.7895667e-01   2.9147146e+00  -5.9743428e-02   3.5898404e+00  -4.3891606e+00  -9.1378003e-01   2.9675804e+00   9.2947029e-01  -5.2714547e-01  -1.6842540e+00  -6.5158271e-01   7.6316220e-01  -1.2877738e-01  -2.0196041e-01  -7.7553015e-01  -3.0482022e+00  -8.6479376e-02   1.7576123e+00   1.3234142e+00  -1.4743570e-01   5.3140185e-01
  -6.7799090e+00  -1.2886456e+01   5.8409240e+00   1.5719574e+00   2.0218431e+00  -1.1298330e+00   2.3329884e+00  -3.9132937e+00  -7.2394394e-01   2.6781587e+00   3.4606927e-01  -4.5251883e-01  -4.9030542e-01  -5.9996842e-01   1.2682746e+00  -1.3719673e+00  -1.3593516e+00  -1.0454196e+00  -1.8374963e+00  -1.5319926e+00   4.7224407e-02   1.1963064e+00  -8.4786994e-01   2.6209083e-01
  -7.3861241e+00  -1.3127746e+01   7.6265784e+00   1.9026687e+00   4.8760237e+00   1.6040246e+00   3.8172386e+00  -2.8008846e+00   5.6954151e-02   3.4231891e+00   1.4541233e-01  -2.4432275e-01   3.4208526e-01   3.7054648e-01   4.5122923e-01  -9.3502704e-01  -1.9151267e+00   8.4896013e-01   3.6796702e-01  -1.7110077e+00  -1.2176134e+00  -7.8259413e-01  -4.4212707e-01   3.5928499e-01
  -6.5843686e+00  -1.2966287e+01   7.3408218e+00   7.3919673e-01   2.0844111e+00   9.7525934e-03   1.9712928e+00  -5.7905274e+00  -1.9346264e+00   2.3292063e+00  -1.2407691e-01  -2.9685467e-01   1.2898647e-01   1.7302202e+00  -1.3911938e+00  -2.9346200e+00  -1.7931420e+00   4.5761136e-01   1.2524472e+00  -2.3612701e+00  -2.0763022e+00  -6.2955644e-01   5.7282576e-01   1.3999703e-01
  -6.4915890e+00  -1.1317634e+01   5.4563060e+00  -6.0720357e-01   1.0740599e-02   6.4390395e-01   4.3226387e+00  -6.0170553e+00  -2.1348588e+00   1.9681654e+00   5.0135277e-01  -6.6050073e-02  -5.0662670e-02   8.1024867e-01  -3.5707316e+00  -3.4428040e+00  -1.6854649e+00  -2.8987808e+00   2.0465305e-02  -1.7501328e+00  -1.3043578e+00  -9.4000085e-01   1.3270686e+00  -1.2194045e-01
  -7.0336969e+00  -1.1196182e+01   4.8392696e+00  -1.5750365e+00   1.7647718e+00   3.6644347e-02   3.9589592e+00  -5.8471135e+00  -2.7424907e+00   2.4613359e+00   1.0273377e+00  -3.3165962e-01  -4.3926803e-01   2.4273159e-01  -2.9885319e+00  -3.7261517e+00  -3.8699644e-01  -2.1916331e+00   6.5505998e-01   8.3442038e-01   8.2974986e-01  -3.9058392e-01   1.3995904e+00  -3.9476581e-01
  -7.2374539e+00  -1.2797426e+01   3.5212571e+00  -2.1044206e+00   2.5076461e+00  -2.7575924e+00   2.8541033e+00  -5.3977908e+00  -1.4956504e+00   1.9471230e+00   1.5603079e+00  -4.0983095e-01  -4.1502140e-01  -4.5263369e-01   7.2898955e-01  -2.1975445e+00   1.4462708e-01  -2.2050228e+00  -5.7175666e-01   1.8704391e+00   2.2854741e+00  -1.3597164e+00   1.4705230e-01  -6.7683843e-01
  -6.8703381e+00  -1.1862294e+01   3.8255485e+00  -4.1014224e+00   2.5546374e-01  -1.5769488e+00   3.6881505e+00  -4.8485291e+00  -1.0096059e+00   1.7538517e+00   1.4458311e+00  -7.1711295e-01  -9.6820366e-01  -6.5112577e-02   2.9141794e+00  -1.8350038e+00  -2.3921851e+00  -1.5022316e+00  -2.7226125e-01   1.9953375e+00   3.3913357e+00  -1.4725115e+00  -3.2804477e-01  -4.0844468e-01
  -7.1958004e+00  -1.1663528e+01   7.0566508e+00  -2.6403274e+00   9.8233523e-01  -1.8568337e+00   3.6004081e+00  -3.7106890e+00   4.2690991e-01   2.8233286e-01   5.1268451e-01  -8.8858106e-01  -2.1929808e+00  -1.6585555e+00   2.7299820e+00   1.1415974e+00   1.7738330e-01   6.1296988e-02  -1.9874938e+00   1.4628995e-01   1.0969141e+00  -1.9369438e+00  -8.8655386e-01  -1.2438741e-01
  -8.5068291e+00  -1.1860799e+01   7.4428417e+00  -4.0595887e+00  -1.0608504e+00  -2.6670824e+00   3.1774149e+00  -3.6976581e+00   1.3832327e+00   1.0849638e+00   1.0590822e+00  -7.0495159e-01  -2.7567701e+00  -4.2500895e+00  -1.0633103e+00   1.5040413e+00   1.3641058e+00  -2.3342686e+00  -3.2991927e+00  -1.1706425e+00  -1.2734622e+00  -1.9812414e+00  -3.6830384e-01   3.0721938e-01
  -9.7086796e+00  -1.5286006e+01   5.8075835e+00  -4.1294134e-01   3.4318781e+00  -2.1205801e+00   1.2823044e-01  -5.7537913e+00  -1.0466985e+00  -6.2384871e-01   4.2385158e-01  -6.0249275e-01  -1.3865329e+00  -3.4552254e+00  -4.6541736e+00   1.0228505e+00   1.0564896e+00  -2.5298973e+00  -2.5612904e+00  -1.7126438e-01  -3.4992160e+00   1.6720480e-01   5.2963629e-01   6.8097799e-01
  -9.7490538e+00  -1.6426189e+01   2.8551166e+00  -2.9590534e+00   1.0768510e+00  -4.9464785e+00   4.7545021e-01  -5.5829416e+00  -2.1829950e+00  -7.6491966e-01   9.3779182e-01  -3.9932804e-01  -2.7076490e-01  -1.5386234e+00  -3.1722754e+00   6.2940119e-02   8.3338518e-01  -2.4423782e+00  -4.4132116e-01   6.1741345e-01  -2.6078812e+00   5.9613523e-01   6.5992700e-01   5.2784208e-01
  -8.6544875e+00  -1.4563671e+01   2.3692531e+00  -1.6563193e+00   1.4982190e+00  -4.5119816e+00   1.1094549e+00  -3.0249438e+00  -3.0388002e+00   1.4580818e+00   1.3677842e+00  -1.9925846e-02   2.5415657e-01   1.9822989e+00   1.7709291e+00   1.1158620e+00   1.1460282e+00  -3.7236997e-01   2.7082272e+00   1.2920313e+00   1.3959867e-01   1.5902371e+00   1.0455749e+00   2.9247749e-01
  -9.4400725e+00  -1.4529902e+01   4.4035938e+00  -3.3434896e+00   1.1560569e+00  -5.1349490e+00   2.0248210e+00  -4.1359618e+00  -1.5325382e+00   9.3820138e-01   1.5770064e+00  -2.0447193e-01   1.1642866e+00   2.8966992e+00   3.5322319e+00   3.5118822e+00   2.8580173e+00   2.4934357e+00   2.6789995e+00   8.9174904e-01   3.4154969e+00   1.2604575e+00   1.7684394e-01  -1.7265639e-01
  -9.4819354e+00  -1.3260702e+01   7.6897386e+00   1.4530698e+00   5.1113174e+00  -2.5848998e+00   3.4158859e+00  -4.5392343e+00  -1.1625289e+00   9.0994646e-01   1.6726066e+00  -2.6120456e-01  -1.4803561e-01   3.8426767e-02   1.2252492e+00   1.3849958e+00   4.6340372e-01   1.1523226e+00   2.0031590e+00  -1.8085647e-01   5.0163252e+00   7.0073832e-01  -4.0452875e-01  -4.5232794e-01
  -7.5889000e+00  -1.2732626e+01   5.4932217e+00   7.5407535e-01   3.5573278e+00  -2.1698658e+00   3.3407340e+00  -3.4881728e+00   2.0021147e+00   1.3998342e+00   1.0506465e+00  -5.3767327e-01  -2.8257470e-01  -1.4233264e+00  -1.6271155e+00  -5.0667378e-01  -1.5201343e+00   5.5825566e-01   1.3822547e+00  -1.7021956e-02   2.8431322e+00   3.0342612e-01  -8.7295464e-01  -1.7867868e-01
  -9.8021272e+00  -1.5404670e+01   3.6623130e+00  -1.6276081e+00   9.9268914e-01  -4.2660392e+00   3.4562369e+00  -3.6201229e+00   2.7183611e+00   2.2783728e+00   1.0241710e+00  -5.3181709e-01  -1.3535379e+00  -2.2542494e+00  -2.2302624e+00  -2.3115004e+00  -2.3565401e+00  -3.9441335e-01   6.0950691e-01   3.3016332e-01   3.7304005e-01  -4.8645052e-01  -1.0117372e+00  -2.1184980e-01
  -9.7038387e+00  -1.5592908e+01   3.9766333e+00  -2.5631613e+00   9.3516963e-01  -3.4569959e+00   4.0780275e+00  -4.6210504e+00   7.9171504e-01   7.0912737e-01   5.9179231e-01  -3.3718369e-01  -1.6091659e+00  -7.7462338e-01   1.4814939e+00   6.3636295e-01  -2.0793118e-01  -2.4618079e+00  -1.2833450e+00  -5.7309427e-01  -1.9412686e+00  -1.7272668e+00  -2.5001250e-01  -2.5756168e-02
  -1.0454773e+01  -1.5211935e+01   5.1026392e+00  -3.5556251e-01   2.8875863e+00  -2.5329548e+00   3.9614995e+00  -3.4775505e+00   2.2309730e-03   5.2562411e-01   3.8442795e-01  -6.7922405e-01  -3.1274301e-02  -8.9937272e-02   1.0590963e+00   2.7142046e+00   2.7478389e+00  -1.2948003e+00  -3.1069476e+00  -8.2602304e-01  -2.3224714e+00  -2.0751919e+00  -2.0891832e-02  -1.5084254e-01
  -9.6763260e+00  -1.3990928e+01   6.9952995e+00   1.0725970e+00   2.2979825e+00  -6.7291199e+00   1.1630852e+00  -4.4191004e+00   4.4827690e-01  -3.1469154e-01   9.9549926e-01  -5.0260404e-01   6.9615622e-01  -3.4687994e-02  -4.8917859e-01   2.1120042e+00   2.5762159e+00  -2.2887141e+00  -4.4795284e+00  -1.2604316e+00  -5.1499910e-01  -7.3149294e-01   6.1413144e-01  -1.1031078e-01
  -9.8627950e+00  -1.6340565e+01   3.7416243e+00   6.2581971e-01   4.4330411e+00  -4.5721776e+00   2.5328664e-01  -4.9601325e+00  -5.9362699e-01  -3.2250552e-01   7.9097977e-01  -6.7537071e-01   1.4748572e+00   5.2758593e-01  -9.4627074e-01   2.1234817e+00   2.8629958e+00   1.4324495e+00  -1.3174151e+00  -1.5896074e+00  -8.9198788e-02   8.1846262e-01   4.9565281e-01  -1.4411548e-01
  -8.9555933e+00  -1.5080624e+01   3.9233728e+00   1.1415390e-01   4.0267660e+00  -5.8704557e+00  -7.8715869e-01  -5.7704068e+00   3.1714537e-01   3.5952778e-02   1.3097135e+00  -5.0457653e-01  -4.8945183e-02   1.6269460e+00   6.3890561e-01   1.7035799e+00   1.7223616e+00   4.9619008e+00   2.3148571e+00  -1.6639186e+00  -8.2261576e-01   1.3175882e+00  -2.8380731e-01  -2.2049203e-01
  -8.6028535e+00  -1.3875708e+01   5.2191964e+00   3.3088816e+00   6.3176882e+00  -8.1361270e-01   2.9604989e+00  -5.1863084e+00  -6.6001447e-02   1.5779959e+00   9.7080002e-01  -8.9441102e-01  -5.7527323e-01   4.3646893e+00   4.0057307e+00   1.3215138e+00  -1.6739337e+00   4.0915360e+00   3.2399506e+00  -1.3228188e+00  -1.2093531e+00   1.6688898e+00  -1.6003593e-01  -6.7641471e-02
  -1.0379715e+01  -1.2782938e+01   7.2148719e+00   2.2864358e+00   3.9392014e+00  -1.1655512e+00   3.2817647e+00  -6.8018904e+00  -1.0494595e+00   7.1144006e-01   4.7987818e-01  -7.2382194e-01  -2.8561592e+00   1.3704108e+00   2.7396794e+00   6.3329092e-01  -1.4496813e+00   4.1703263e+00   4.3614027e+00  -3.2704303e-01  -9.8426914e-01   1.2085884e+00   5.6884858e-01  -2.7368008e-02
  -1.0013644e+01  -1.0942375e+01   8.1044708e+00   1.5219495e+00   1.9659229e+00  -7.8732584e-01   3.0787508e+00  -6.4286189e+00  -1.7243543e+00   1.8430855e+00   9.6584357e-01  -6.6721022e-01  -1.2652478e+00  -3.2880056e-01   4.4105809e-02  -5.7464533e-01  -1.8592490e+00  -4.8484069e-01   2.5135132e+00   1.5918342e+00   2.7903543e-02   6.4351204e-01   1.3122052e+00   3.9104817e-01
  -1.2534437e+01  -1.4491675e+01   6.5902547e+00   1.9575563e+00   4.0281267e+00   3.7189036e-01   5.6958194e+00  -5.6398161e+00  -3.3008193e-01   1.7162905e+00   2.1654646e+00  -6.5922895e-01  -1.1766605e-01  -1.6069708e+00  -1.3351867e+00   1.0583073e+00   2.2693673e+00  -2.2018330e+00   2.6799709e+00   1.6355599e+00   1.9327409e-01   7.1769494e-01   1.3301853e+00   4.2238492e-02
  -9.4233640e+00  -1.3514540e+01   5.5976638e+00   2.6113534e+00   3.4843520e+00  -2.3095945e+00   5.5237414e+00  -3.3795943e+00  -3.8383493e-01   2.0408387e+00   2.0963146e+00  -3.4013526e-01   7.6757840e-02  -2.5159674e+00  -3.0022544e+00  -9.6876732e-01   2.0205547e+00  -3.7247992e+00   2.5112060e+00   1.2113397e+00   1.9168779e+00   5.6526804e-01   2.5453223e-01  -3.7052819e-02
  -1.0851354e+01  -1.3907311e+01   6.4654955e+00   3.3291948e+00   6.5840377e+00  -3.7071664e+00   6.0792258e+00  -5.8730629e+00  -1.4298081e+00   1.6891059e+00   1.9099206e+00  -8.2400168e-01   8.1646563e-01  -5.0982533e-01  -3.3431096e+00  -3.8446030e+00  -2.3597980e+00  -4.1325114e+00   5.2325396e-01   1.1549361e-01   1.8981051e+00   1.5650943e-01  -7.0969392e-01   1.0838362e-01
  -1.0740049e+01  -1.5008507e+01   3.6634688e+00  -6.1702072e-01   3.7187995e+00  -4.3349963e+00   6.6538566e+00  -4.4949860e+00   1.7008257e+00   2.7045799e+00   1.4754139e+00  -6.4040308e-01  -7.4259404e-01  -2.6055897e-01  -2.0279081e+00  -4.8735596e+00  -5.5287377e+00  -2.9208252e+00  -1.0470256e+00   2.2506468e-01   3.7395705e+00   3.2942857e-02  -7.4847431e-01   1.3502832e-01
  -1.0651396e+01  -1.4509429e+01   2.5426877e+00  -2.1951612e+00   3.7120598e-01  -4.8141759e+00   5.9156428e+00  -4.9088799e+00   1.4747454e+00   1.6191841e+00   1.4113741e+00  -3.4651961e-01   3.1308927e-01   1.5728973e+00   6.1066366e-01  -3.3218594e+00  -7.5278595e+00  -2.3393951e+00  -1.4550195e+00   1.7503982e+00   2.5684239e+00  -5.4613067e-01  -4.8912442e-01   2.4648410e-01
  -1.0637234e+01  -1.3604320e+01   4.5172054e+00  -1.9368081e+00  -1.7023387e+00  -6.1373275e+00   4.0349944e+00  -3.5240888e+00   3.7732441e+00   2.1252139e+00   1.2228764e+00  -3.7633381e-01   3.4866446e-01   2.6439309e+00   3.9832375e+00   1.0085857e+00  -2.7810727e+00  -1.3359635e+00  -1.9815392e+00  -1.7787162e-01  -1.0176508e+00  -7.3550080e-01  -3.1339881e-02  -1.2410613e-01
  -1.0433127e+01  -1.2250059e+01   6.9546226e+00  -9.9370071e-01  -1.9971825e+00  -6.3150934e+00   5.2061276e+00  -3.7329142e+00   1.3866186e+00   1.1595929e+00   1.3025028e+00  -5.8631015e-01   5.8197173e-01   1.1294604e+00   3.7305720e+00   5.8240950e-01  -4.2683637e-01  -1.0313508e+00  -5.3983326e-01   1.2933520e-01  -2.2888035e+00   4.6063383e-01  -9.5509930e-03  -2.7867937e-01
  -1.0326187e+01  -1.2172296e+01   7.4323576e+00   2.9512763e-01   7.3138469e-01  -5.5884828e+00   4.0363054e+00  -5.3497762e+00   2.1841296e-01   1.8311243e+00   1.4828398e+00  -7.0666700e-01   3.6512704e-01  -1.4478472e+00   3.5411377e-02  -2.1980812e+00   1.8304862e+00   9.1109067e-02  -1.0438004e+00  -1.1405215e+00  -3.1209520e+00  -2.9587019e-01  -3.4359379e-01   9.6537431e-03
  -9.9339620e+00  -1.3531250e+01   6.6809696e+00  -2.4375148e+00  -1.4859103e+00  -6.6356244e+00   5.1052374e+00  -3.8020333e+00  -1.8104428e-01   2.4571796e+00   1.2670659e+00  -5.9937207e-01  -9.2967071e-01  -2.3778352e+00  -3.2422299e+00  -3.5592773e+00  -7.2123192e-01  -2.4886069e-01  -3.9068980e+00  -1.4294690e+00  -1.2980510e+00  -6.7983069e-01  -6.5690961e-01   1.2400846e-01
  -1.0339126e+01  -1.5135495e+01   4.7071490e+00  -4.5120229e+00   7.8775453e-01  -5.8403984e+00   2.5197390e+00  -5.2003115e+00  -1.2435246e-01   1.0326153e+00   7.2520412e-01  -3.5532224e-01  -1.4320537e+00  -1.0371389e+00  -2.1622473e+00  -2.3330766e+00   5.7701758e-01   2.9246856e+00  -3.4494478e+00  -1.8328837e+00  -4.5817418e-01  -1.3152872e+00   2.0352273e-01   3.4267846e-01
  -1.1821164e+01  -1.4335213e+01   3.4538821e+00  -3.9290415e+00  -3.1072153e+00  -6.5624266e+00   1.0406379e-01  -5.9518501e+00  -3.8907520e-01   5.3910136e-01   6.9595616e-01  -5.7596984e-01  -2.7445476e+00  -1.7749887e-01  -1.0623827e+00   7.6003548e-01   3.5962585e+00   5.4776152e+00  -4.2306709e+00  -3.4557052e+00  -1.1659292e+00  -1.3060895e+00   6.1400097e-01   1.2540275e-01
  -1.1530666e+01  -1.3326023e+01   5.8025305e+00  -2.4587239e+00   2.4075636e+00  -1.2380534e+00   1.3627205e+00  -7.0241934e+00  -3.6483286e-01   8.1723260e-01   2.0736787e+00  -2.0435042e-01  -1.9534208e+00   8.3975379e-01   1.7455816e+00   2.8133609e+00   4.5813320e+00   7.2326855e+00  -1.9986145e+00  -1.5093658e+00  -1.1099676e+00  -2.3797481e-01   5.4652635e-01   2.4795900e-02
  -1.3455013e+01  -1.4702235e+01   4.5397048e+00  -2.3241111e+00   3.0985730e+00  -7.2037422e-01  -6.6225972e-01  -8.0736502e+00  -1.8096979e+00   6.0573674e-01   1.5138300e+00  -4.8675385e-01   7.2964272e-03  -9.5471976e-02   1.0428980e+00   1.5208824e+00   4.7860402e+00   5.4858396e+00  -2.5330968e-01   5.5193835e-01   3.9912058e-01   2.2068645e-01  -2.1352434e-01   2.0454476e-02
  -1.2452332e+01  -1.3692353e+01   6.7826100e+00  -1.0944467e+00   4.5568583e+00   2.0876036e+00  -9.5021023e-02  -6.4034601e+00  -1.0789925e+00   6.4233536e-01   1.1360567e+00  -3.6273639e-01   1.9543167e-01  -6.3644935e-01  -5.8800428e-02   5.2288533e-01  -3.0247152e-01  -4.6998663e-01  -2.5098235e-01   1.3069922e+00   1.2083915e+00  -9.4228098e-03  -5.2741349e-01   6.0350132e-02
  -1.1349386e+01  -1.4295256e+01   4.5281892e+00  -2.3298565e+00   2.9971976e+00   3.5043522e-03   4.5297005e-01  -5.4343092e+00   5.6668550e-01   9.5757966e-01   8.4448066e-01  -4.6609515e-01   7.3345593e-01  -1.1730838e+00  -6.5363398e-01  -1.2585996e+00  -2.0261028e+00  -2.7449128e+00   4.5790954e-01   5.4512171e-01   2.4000907e+00   5.3738309e-01   2.1408228e-01   2.3919910e-01
  -1.2290332e+01  -1.4484187e+01   5.7200876e+00  -1.6715232e+00   2.0045440e+00  -2.3049726e+00   4.2863214e-01  -6.3833756e+00   2.5956270e-01   6.2717693e-01   1.6172332e+00  -1.2415458e-01   2.0765210e-01  -1.3125826e+00  -1.9997090e+00  -1.8046153e+00  -2.2804056e+00  -3.6791262e+00   1.0069772e+00  -3.9747535e-01   3.5284902e-01  -4.7070567e-02  -1.0745670e-01  -3.9641591e-02
  -1.2435829e+01  -1.6065943e+01   4.0905150e+00  -3.9234723e+00   1.3355760e+00  -2.6414554e+00  -2.3722199e-01  -7.2660099e+00   1.1211606e+00   1.4193906e+00   1.5943652e+00  -2.4724610e-01   1.4792015e+00   3.5038294e-01   4.0876220e-02  -5.7339674e-01  -1.2472719e+00  -2.4298852e+00   1.5645129e+00   8.4818162e-01  -8.8741522e-01  -5.1048749e-01  -2.2508818e-01  -7.2035471e-02
  -1.1597633e+01  -1.4775883e+01   4.0018836e+00  -3.0045617e+00   1.9670607e+00  -2.1086058e+00   1.7605409e+00  -6.0838228e+00  -8.2695654e-01   3.4082405e-01   5.9992937e-01  -5.3162330e-01   1.4591189e+00   1.3780573e+00   9.3570068e-01   1.0563305e+00   2.5780338e-01  -1.7781117e+00   6.9110354e-01   1.4992064e+00  -9.9803894e-01  -4.1702408e-01  -6.1811233e-01  -2.0208805e-01
  -9.4769335e+00  -1.3623833e+01   5.4486056e+00  -2.5234323e+00   1.1450314e+00  -3.7395068e+00   2.1337851e+00  -4.3118132e+00  -2.2117771e-01   3.3502487e-01   1.0155003e+00  -3.7041399e-01   1.4656718e+00   2.7314027e+00   2.1019659e+00   3.0955019e+00   1.1222713e+00  -2.2551666e-01   1.2184216e+00   3.0194631e+00   3.3614011e-02  -4.7483236e-01  -1.5693480e-01   1.9567563e-01
  -1.1581102e+01  -1.3638156e+01   6.4445934e+00  -7.8704740e-01   2.4865213e+00  -4.4231144e+00   2.7978389e-01  -5.6116644e+00  -5.6632655e-01   5.4382367e-01   9.7949715e-01  -3.6570270e-01   9.9108086e-01   3.3242851e+00   2.7779295e+00   2.0828624e+00   6.3221495e-01   6.6010231e-01  -1.2677403e+00   5.0461028e-01   5.0572675e-01   1.0015466e+00   7.7940134e-02   2.6064459e-01
  -1.0245587e+01  -1.2537703e+01   6.0221090e+00  -3.8897663e-01   2.7592526e+00  -1.8224760e+00   2.3307888e+00  -2.9728944e+00   1.0412666e+00   6.0564224e-01   1.1691791e+00  -3.6692950e-02  -2.9828127e-01   1.0019471e+00   8.8126657e-01  -5.8306715e-01  -8.4037972e-01   2.1199616e+00  -1.0596294e+00  -6.8462145e-01  -6.9866315e-01   1.9627058e+00   3.2107344e-01   3.6225655e-01
  -9.7266846e+00  -1.0332521e+01   7.8820260e+00  -9.4749597e-01   2.1082725e+00  -2.0769677e+00  -2.3957142e-01  -5.9963668e+00  -6.9958857e-01   1.7078353e+00   6.4000015e-01  -3.0751694e-01   4.9983161e-02  -8.7427812e-01   4.3666044e-03  -1.1443592e+00   1.7484433e-01   2.6676504e+00   1.0629389e-01  -9.4997618e-02  -1.2677520e+00   1.6195859e+00   3.3058955e-01   1.6784313e-01
  -1.0851564e+01  -1.3773730e+01   6.0517891e+00  -3.3178088e+00   7.3586257e-02  -1.7326378e+00   8.0401872e-01  -5.1463942e+00  -1.2025414e+00   2.6970778e+00   1.6668590e+00   1.4387794e-01  -9.0663075e-01  -2.9831419e+00  -9.9227570e-01  -2.0488721e+00   1.0301146e+00   9.5263569e-01  -1.0053482e+00  -5.9114075e-01  -1.3625236e+00   3.6716563e-01   3.1765313e-01  -6.6502377e-02
  -1.1203139e+01  -1.4331560e+01   6.4363032e+00  -1.0391701e+00   4.0916210e+00  -4.6655788e-01   1.2026098e+00  -4.6674109e+00  -1.3460506e+00   1.9274848e+00   1.2265416e+00  -2.0422345e-01  -6.7337946e-01  -2.5551860e+00  -1.9865632e+00  -1.4941105e+00   1.1251245e+00   3.5343304e-01  -2.5302477e-01   1.2919825e+00   8.3999194e-01  -1.0233325e+00   1.4047377e-01  -9.8013367e-02
  -1.0867306e+01  -1.5012896e+01   5.2565569e+00  -3.4164478e+00   3.3127502e+00  -1.1987274e+00   1.0167587e-01  -4.5240835e+00  -6.7928779e-01   1.0465659e+00   1.3523881e+00  -1.8809326e-01   7.3702672e-02   4.7569193e-02  -6.6467474e-01  -6.8991942e-01  -7.0627995e-01  -1.2416423e-01  -1.5175642e+00   4.3107368e-01   1.4254486e+00  -1.5416536e+00  -7.8247377e-01  -3.3237554e-01
  -1.0728883e+01  -1.3545716e+01   5.2997973e+00  -3.1393423e+00   2.1763773e+00  -1.8137734e+00  -2.6793715e-01  -4.3695484e+00   2.9877252e-01   9.9809239e-01   1.0079462e+00  -2.8855138e-01   2.8123256e-01   1.8871218e+00  -1.0962211e+00  -5.2040948e-01  -2.7896138e+00  -1.4898012e+00  -1.1476107e+00  -8.9416357e-02   1.2997583e+00  -2.2004667e-01  -8.2942356e-01  -1.5192822e-01
  -1.0978138e+01  -1.4095298e+01   5.6230300e+00  -3.3026018e+00  -2.8211830e-02  -1.2452764e+00  -7.3705417e-01  -4.6487149e+00   1.1321992e-01   8.4929356e-01   6.0244596e-01  -3.1252140e-01  -2.8683394e-01   2.1683135e+00  -1.3788089e+00   1.0370927e+00  -2.1168003e-01   1.5773974e-01   2.6270634e+00   8.6246032e-01  -8.5319164e-02   1.5219452e-01  -8.6855459e-01  -2.0609612e-01
  -1.0725874e+01  -1.1959676e+01   4.6087350e+00  -1.8767073e+00   1.5776813e+00  -2.6779851e+00  -9.9441215e-02  -4.7392197e+00   2.0733299e-01   1.6960510e+00   3.5737731e-01  -3.6990170e-01  -4.6570104e-01   1.6477861e+00  -6.2169624e-01   2.3035778e+00   2.0148209e+00  -1.1229184e+00   2.8917035e+00   1.9580189e+00  -4.0277678e-01   1.3038949e-01  -3.9996371e-01  -3.0557623e-01
  -1.1299061e+01  -1.2553446e+01   3.5338747e+00  -2.4921262e+00   3.2945782e+00  -5.3001190e-01   3.9580230e+00  -3.0455573e+00  -7.6154677e-01   9.2587842e-01   3.7484071e-01  -4.5656227e-01   4.8451623e-01   2.1699053e-01  -2.7475597e-01   1.6599427e+00   3.0578879e+00  -1.4190149e+00   5.2822179e+00   3.3533790e+00   5.9309663e-01  -3.3556938e-01   1.3754330e-02  -2.7022684e-01
  -1.1266973e+01  -1.1844963e+01   5.4118306e+00  -8.9213348e-02   3.5372136e+00  -3.8557833e+00   1.7220795e+00  -2.2340988e+00   1.3199070e-01   1.1553842e+00   5.2180328e-01  -6.7489529e-01   1.3711127e+00  -2.0724135e+00   8.9581423e-01   5.9135730e-01  -4.0197535e-02  -1.4184819e+00   4.1513570e+00   2.0453894e+00   1.1757154e+00  -7.9301381e-01   7.8336354e-02  -1.1247904e-01
  -9.9808142e+00  -1.3827169e+01   4.8093482e+00  -1.7064348e+00   3.5788539e+00  -2.7848997e+00   6.2755124e+00  -8.7120680e-01   1.0405360e+00   6.1627287e-01   5.4086447e-01  -5.6536486e-01   2.2679419e+00  -2.2331416e+00   1.8537279e+00  -3.2753692e-01  -8.5518048e-01   5.3751622e-01   2.1992885e+00   9.6358215e-01   1.4337574e+00   3.2913915e-01   4.2670712e-01   1.4904091e-01
  -9.3283283e+00  -1.4431435e+01   5.3147196e+00  -1.3825171e+00   1.3752471e+00  -3.6782641e+00   4.9688496e+00  -2.7583109e+00   1.0698647e+00   6.6133303e-01   3.9186996e-01  -4.8421897e-01   1.7319840e+00  -3.0129932e+00   1.5128743e+00  -6.9039294e-01   6.2619213e-01   3.0889800e+00  -6.2253453e-02  -4.1518311e-01   2.6759792e-01   1.0392829e+00   6.4795000e-01   4.9027401e-01
  -8.8664707e+00  -1.4609923e+01   6.3630221e+00  -2.3367797e+00   3.0927907e+00   1.8750283e-01   5.6335708e+00  -1.3380781e+00   9.2015238e-01   1.6666127e+00   1.0798681e+00  -3.2833907e-01   1.5219687e+00  -1.4040807e+00   2.6629161e+00   2.3562688e+00   2.3381628e+00   2.5472610e+00  -5.0378467e+00  -2.1254109e+00  -1.3461748e+00   1.3198666e-01   2.5883653e-01   3.9150856e-01
  -9.2261685e+00  -1.5973076e+01   6.9043052e+00  -8.0963029e-01   4.7195334e+00  -7.0851453e-01   1.9496701e+00  -2.6234379e+00   5.9357940e-01   2.1891386e+00   1.2242265e+00  -5.7997179e-02   1.0607879e+00  -8.9071531e-01   1.8130082e+00   3.4355860e+00   1.7460916e+00   2.1432274e+00  -2.7372360e+00  -2.3921509e-01  -8.8002636e-01   6.8846207e-02   9.0097321e-02   1.9022554e-01
  -7.7489410e+00  -1.5162469e+01   8.0089296e+00   1.5415250e+00   5.4139550e+00  -4.4888296e-01   2.2833201e-01  -4.1267597e+00  -7.4058354e-01   5.0350054e-02   5.1294100e-01  -1.9121293e-01   4.9387622e-01  -2.1660824e-01   7.7402457e-02   2.8856196e+00  -3.0185645e+00  -6.6448174e-01  -8.5900979e-01   7.3871864e-01  -7.0837741e-01   1.0120107e-01  -6.3434795e-01  -9.9711067e-02
  -8.2959113e+00  -1.5491235e+01   7.2112781e+00   1.8317096e+00   2.8338024e+00  -1.4523006e-01   3.5656149e+00  -1.7227927e+00   5.8019310e-01   1.5727337e+00   8.1047946e-01  -2.6744374e-01   3.2872938e-02   7.9858379e-01  -1.3980947e+00  -3.3361854e-01  -4.8860372e+00  -1.3073676e-01   2.8505281e+00   7.5691879e-01  -9.4103258e-01   4.3447809e-01  -7.2033019e-01  -4.9895392e-01
  -8.5907849e+00  -1.5175755e+01   6.3256393e+00   6.7097983e-01  -4.9219052e-01  -1.0908620e+00   3.5370837e+00  -6.8032270e-01  -1.3572059e-01   2.1266168e+00   3.3521964e-01  -3.7318239e-01  -8.4214972e-01   1.2814709e+00  -2.5498050e+00  -2.7628164e+00  -3.3953766e+00   9.4696580e-01   2.8844497e+00  -8.0571363e-01  -5.1116040e-01   1.6133485e+00   2.7977629e-01  -1.3960343e-01
  -8.7559371e+00  -1.4768557e+01   5.6488083e+00  -8.7478550e-01   3.4355036e-01  -5.8363015e-01   4.5710865e+00  -3.2112782e+00  -1.1204010e+00   1.8027224e+00   2.3259189e-01  -7.1544333e-01  -2.3968601e-02   2.9614876e+00  -2.6950932e+00  -2.1641480e+00   5.7604716e-01   5.4961258e-01  -1.1948783e-01  -3.4919310e+00  -9.4654957e-01   4.9962259e-01   6.8835894e-01  -1.2771269e-02
  -8.7821527e+00  -1.3601602e+01   4.9654570e+00  -1.2494521e+00   1.5660162e+00   1.1907658e+00   4.0522708e+00  -4.5910874e+00  -6.5702712e-01   2.3553785e+00   1.2215492e+00  -1.7661827e-01   5.0491825e-01   3.5673891e+00  -1.6902389e+00  -1.6060142e-01   3.3266282e+00   2.6734860e-04  -1.8769814e+00  -4.1646328e+00   2.7467946e-01   5.7732760e-01   1.1612217e+00   3.1737008e-01
  -8.2361804e+00  -1.1836080e+01   3.8487294e+00  -4.5429650e-01   2.6687698e+00  -4.6162509e-01   3.1287896e+00  -5.0053068e+00  -5.7897800e-01   2.2077867e+00   1.3998531e+00  -3.8488270e-01   9.3244407e-01   2.4461919e+00   2.5120379e-01   1.6066046e+00   2.7049701e+00  -2.2797389e+00  -1.9177951e+00  -1.8856854e-02   1.3334397e+00  -1.7381828e-01   9.4125863e-01   7.2477582e-01
  -8.0932859e+00  -1.1290910e+01   4.6903204e+00   2.1983320e-01   3.3351420e+00  -1.1514635e+00   1.4427601e+00  -6.0302575e+00   5.5871232e-03   2.7900760e+00   1.4934216e+00  -6.2407586e-02   1.8084825e+00   2.3668268e+00   4.4656743e+00   2.9787622e+00   2.7254551e+00  -3.2327745e+00   4.3345845e-01   3.6372298e+00   2.6441848e+00  -9.3187793e-01   2.3153238e-01   5.8932476e-01
  -7.7017044e+00  -1.2254615e+01   6.1631823e+00   8.0047884e-01   3.5164426e+00  -2.8321238e+00   2.9991492e+00  -2.5199784e+00   5.4845147e-01   1.3246462e+00   1.5085436e+00   3.1461506e-01   2.8726829e+00   3.6069403e+00   7.5654814e+00   4.3813167e+00   3.0896914e+00   2.8712559e-01   3.4631405e+00   5.7522422e+00   3.5021369e+00  -1.7847227e+00  -1.7876291e-01   4.8042919e-01
  -6.3366670e+00  -9.8420942e+00   1.0506742e+01   2.5913036e+00   5.2303624e+00  -2.4731465e+00   4.7672787e+00  -3.7790693e-01   2.7455354e+00   1.3991319e+00   1.5145025e+00   3.5761998e-01   3.2485804e+00   4.9032896e+00   6.3019908e+00   5.2065333e+00   3.3113586e+00   4.9997266e+00   4.3122772e+00   5.2550380e+00   4.2509440e+00  -1.8443408e+00  -5.7318102e-01  -1.0208629e-01
  -4.8054655e+00  -7.1500780e+00   1.2288741e+01   4.9319434e+00   6.3556968e+00   6.2990480e-01   6.6612412e+00   7.9688123e-01   3.3042532e+00   2.2617480e-01   1.1211683e+00   1.2574730e-01   4.5469002e+00   7.7087799e+00   4.9396386e+00   4.4524467e+00   1.0915091e+00   4.4796740e+00   9.8056489e-01   6.6031372e-01   3.0617369e+00  -7.8933141e-01  -1.1263978e+00  -4.6599229e-01
  -4.6685348e+00  -6.4882443e+00   1.1080527e+01   5.9639009e+00   6.8825529e+00   4.6171121e+00   6.0801300e+00   1.9386961e-01   5.0041023e+00   5.7280057e-01   8.2733776e-01  -1.2110314e-01   4.1217168e+00   7.4782432e+00   3.4303822e+00   3.2934726e+00  -9.8169911e-01   2.7251803e+00  -4.8522337e-01  -7.4268362e-01   1.1797341e+00  -6.1248902e-01  -1.1920006e+00  -6.1037621e-01
  -1.7154201e+00  -2.3683703e+00   1.3285747e+01   5.7928502e+00   4.3276110e+00   3.4225779e-01   3.8135709e+00  -1.8153961e+00   4.0117734e+00   5.5381475e-01   1.6252934e-01  -1.4501181e-01   3.4935758e+00   5.8537644e+00   3.1371630e+00   1.5686951e+00  -1.1844845e+00   5.1542701e-01   2.9073892e-01  -7.3601356e-01  -1.2122426e+00  -8.3128778e-01  -7.1724895e-01  -2.1310418e-01
  -1.6991144e+00  -1.0155832e+00   1.5153812e+01   7.1010590e+00   4.7718567e+00   1.7584475e+00   5.4632787e+00  -1.8579371e-01   4.1613764e+00   3.1657835e-01   2.0582114e-01  -4.2256478e-01   4.2674402e+00   3.7179246e+00   3.4382722e+00  -3.7607949e-01  -2.6327959e+00  -4.4572882e+00   1.4841017e-01   1.1555305e+00  -1.5634971e+00   1.0414691e-01  -1.5181745e-01  -7.7774050e-02
  -1.0498120e+00  -1.1057619e+00   1.4957843e+01   6.7164070e+00   5.6343182e+00   2.8323776e+00   7.4057752e+00  -1.1730746e-01   1.9072522e+00  -8.9264577e-01   3.5605316e-01  -4.3178154e-02   3.3740888e+00  -3.2513059e-01   8.9105166e-01  -8.5279754e-01  -8.5020469e-01  -1.7348765e+00   1.2456963e+00   4.3161718e+00  -2.1189549e+00   4.9497074e-01   5.7651568e-02  -1.6061621e-01
   1.3998214e+00  -1.5426616e+00   1.5401888e+01   4.9380033e+00   2.2800054e+00  -3.3138801e+00   4.5066431e+00   1.0781211e+00   3.7111172e+00   1.4522512e+00   5.0284968e-01  -2.8868105e-01   3.9394625e+00  -1.2864802e+00  -3.4002657e-02  -1.3845279e+00  -5.6100759e-01  -2.5297790e+00  -6.4487690e-01   3.8638471e+00  -2.3717139e+00   1.1106604e+00  -8.5546466e-03  -1.5927594e-01
   1.7962451e+00  -2.5925269e+00   1.4498287e+01   5.5951818e+00   4.2982296e+00   2.7610681e-01   6.1604332e+00   4.0269043e+00   1.0584706e+00   7.2843443e-01   1.0049242e-01  -4.5287799e-01   3.6350197e+00   6.0025320e-01  -1.4194238e+00  -2.8763432e+00  -1.4575634e+00  -5.1135002e-01  -7.7077955e-01   3.0972357e+00  -2.2986743e+00   8.3700271e-01   3.9932557e-01  -2.3324697e-02
   2.7870508e+00  -2.2019209e+00   1.5332586e+01   5.5848797e+00   4.5983896e+00  -7.5808564e-01   5.1186344e+00   3.5378711e+00   1.0281963e+00   1.1720288e+00   3.2076954e-01  -4.5662877e-01   2.5584914e+00   2.1853541e+00  -2.1739557e+00  -4.0140292e+00   5.0327875e-01   4.0980773e+00   9.2916723e-01  -6.3779395e-02  -2.2551153e+00  -9.8512346e-01   2.5543466e-01   1.8291351e-01
   3.7091027e+00   1.2424754e-01   1.2863358e+01   2.0784540e+00   2.2887810e+00   7.8745537e-01   5.9436102e+00   3.2986711e+00  -1.9929881e-01   5.0296951e-01   1.0460816e+00   5.8086612e-03   2.6960080e+00   3.2045520e+00  -6.3283214e-01  -5.8346968e+00  -1.7179686e+00   3.6206581e+00   9.1107363e-01  -3.5505029e+00   8.0927567e-03  -5.3068798e-01   4.1392861e-01   1.7521383e-01
   4.2811296e+00   3.7698235e-01   1.2958419e+01   6.7532339e-01   4.0396478e+00   2.5775615e+00   6.0088054e+00   1.3465686e+00   9.5732893e-01   8.7298474e-02   4.1320708e-01  -2.4365411e-01   2.4179839e+00   3.6531856e+00  -1.5112016e+00  -6.3747692e+00  -3.4859002e+00   3.1567142e+00   1.5207090e+00  -2.6541641e+00   1.4225431e+00   3.6264964e-01   4.4118472e-01  -2.0432131e-01
   5.0932178e+00   9.2484947e-01   1.4736122e+01  -7.0208522e-01   2.0006475e+00   4.0392704e+00   7.0819581e+00  -2.0319886e-01   1.1060435e+00   4.7476761e-01   6.7516656e-01  -2.9654458e-01   2.2079439e+00   2.2731479e+00  -8.0735941e-01  -3.5673014e+00  -1.3960040e+00   1.0489397e+00   8.4252173e-01  -6.9085766e-01   1.4633597e+00   3.7359550e-01  -1.4586373e-01  -5.1429825e-01
   5.7219691e+00   2.8775566e+00   1.2129401e+01  -2.5870045e+00  -4.8639400e-01   2.3510782e+00   6.8305239e+00   1.3075599e+00   2.5093398e+00   1.7301042e+00   1.1680041e+00  -6.1193411e-01   2.3420489e+00   1.5890904e+00  -1.3958937e+00  -1.8908645e+00  -7.7279505e-01  -8.7582176e-01   9.0460362e-01   1.5051921e+00   8.3524615e-01   1.0259335e-01   1.2425758e-01  -1.9775150e-01
   6.3005988e+00   2.2836823e+00   1.2066828e+01  -1.6413342e+00   2.4577959e+00   2.4741066e+00   6.7965336e+00   2.2818889e+00   1.2197353e+00   2.4195990e-01   4.4988747e-01  -5.8149872e-01   2.2913771e+00  -6.3525496e-02  -2.7684066e+00   4.8798007e-01   9.1939194e-01  -9.8657775e-01  -6.3693618e-02   2.2129337e+00   6.8183811e-01  -8.0855644e-01  -5.9723869e-02   3.2657876e-01
   7.1905124e+00   2.0812015e+00   1.2199226e+01  -1.6913488e+00   2.6518810e+00   2.0464108e+00   7.5084231e+00   2.3618129e+00   2.1533522e+00   3.5759236e-01   7.1223301e-01  -3.9780429e-01   1.6987863e+00  -6.2592351e-01  -3.0492362e-01   1.7435584e+00   1.1460200e+00  -4.5597360e-01  -2.3474459e-01  -9.7767937e-02   7.0495709e-01  -1.1940922e+00  -4.1854905e-01   3.6178599e-01
   7.7960118e+00   1.2277387e+00   1.0548600e+01  -4.1794295e-01   1.8105979e+00   2.7117375e+00   6.6474680e+00   2.5890752e+00   2.3067944e+00  -5.1811130e-02   8.1346631e-01   8.6258656e-02   8.2602047e-01   2.4265743e-01  -2.8901098e-01   1.1541708e+00  -1.5059039e+00  -5.3054999e-01   1.4103368e-01  -5.5356715e-01   2.0609213e+00   4.1624725e-01   2.2428515e-01   2.4010444e-01
   7.5224421e+00   2.4666431e+00   1.2431130e+01  -5.8336253e-01   1.5562351e+00   1.5483024e+00   6.5529398e+00   1.0073149e+00   3.0232459e+00   8.5851380e-02   3.5839113e-01  -4.0313382e-01   8.6163526e-02   1.4278443e+00   1.3155536e-01   1.1720528e+00  -2.1092569e+00   4.6383371e-01   2.0015015e-01  -1.7110280e+00   1.8381220e+00   1.6278287e+00  -3.2234717e-01  -1.2239752e-01
   7.3736647e+00   2.4549477e+00   1.1517359e+01  -4.6407120e-01   7.4676304e-01   1.9273358e+00   7.4858258e+00   2.1287872e+00   3.8761704e+00   1.0022013e+00   9.6323613e-01  -2.1867729e-01   3.2942773e-01   2.0672576e+00   1.7391976e-01   3.7684308e-01  -1.8071874e+00   1.5601815e+00   3.1167868e-01  -1.6442608e+00   8.8658486e-01   1.5414262e+00  -1.0236198e+00  -3.8457493e-01
   7.5309313e+00   3.6093635e+00   1.1912179e+01   8.9794481e-02   1.9913172e-02   3.1343622e+00   7.3894695e+00   2.5414950e-02   4.1258472e+00   2.2723292e+00   1.5382735e-01  -4.2893259e-01   5.6548248e-01   1.2068069e+00  -1.4123068e+00   6.6241532e-01  -1.3441301e+00   2.9460033e+00  -6.0152285e-01  -1.8565988e-01   5.7546277e-01   1.5448799e+00  -1.1936323e+00   3.5259507e-02
   8.2859088e+00   3.7572649e+00   1.1068955e+01  -1.8925684e-01  -1.3202230e-01   4.2589798e+00   6.6967212e+00   6.1363403e-01   3.0853711e+00   1.1670893e+00  -6.1968147e-01  -4.7770436e-01   1.2157717e+00   2.2056233e-01  -4.3369678e-01   8.9363911e-01  -1.6609258e+00   2.8431970e+00   1.9797847e-02  -5.9770798e-01  -1.0718976e+00   4.8433087e-01  -1.1097786e+00   1.6096451e-01
   7.9145438e+00   3.6256949e+00   1.0536871e+01   2.7285327e-01  -2.0567427e-02   4.8014854e+00   6.0452078e+00   1.4864016e+00   4.2818397e+00   2.3207272e+00  -6.4059851e-01  -2.2073102e-01   8.4017857e-01  -5.0551529e-01  -1.5319429e+00   1.7358011e+00  -1.6332009e+00   2.3766087e+00  -1.2679021e+00  -2.1563588e-03  -1.8062411e+00  -6.8259745e-01  -1.4615189e-01   2.6578316e-01
   9.0055160e+00   2.7776255e+00   1.1554468e+01   7.8485807e-01  -1.7243854e+00   5.3585697e+00   8.1876534e+00   5.0173190e-01   2.1903277e+00   1.7044986e+00  -3.0421883e-01  -8.1331305e-02   1.1025158e+00  -6.2357944e-01  -3.5879673e-03   1.6432974e+00  -2.4056875e+00   1.2204529e+00   6.3521073e-01  -1.5736051e+00  -1.2737746e+00  -5.5117091e-01   3.7265077e-01   2.6746384e-01
   8.4313955e+00   3.3409103e+00   9.3715085e+00   2.2064387e+00  -1.6337066e+00   6.1494802e+00   4.7421503e+00   7.8131474e-02   1.8640072e+00   9.7972839e-01  -2.2313180e-01  -2.2844437e-01   1.6495728e+00   6.3923059e-01   9.4410096e-01   4.1554127e-01  -2.7681576e+00   1.8747065e-01   3.5524461e-01  -1.5823627e+00  -2.2077529e+00  -5.1696662e-01   4.8861868e-01   9.0597420e-02
   9.6812566e+00   2.9642880e+00   1.1646255e+01   1.3088966e+00  -2.9339840e+00   5.4156617e+00   8.3010661e+00  -1.0426385e+00   2.3836255e+00   1.0108323e+00  -2.6943866e-01  -7.2651917e-02   1.0664105e+00   1.8018020e+00   1.0179884e-01  -4.2225345e-02  -9.5401518e-01  -2.0430809e+00  -1.6824915e+00  -3.6666227e-01  -3.2292880e-02  -4.4970246e-01   1.4447143e-01   1.5974746e-01
   1.0051033e+01   4.4912095e+00   1.1907129e+01   6.3414592e-01  -3.5680046e+00   5.0541453e+00   6.5213684e+00  -1.1495728e-01   8.7356156e-01   1.8921104e+00   7.4939425e-02  -8.9174588e-02   1.1739012e+00   1.6350676e+00   1.6559299e+00  -1.3514128e+00  -6.4714730e-01  -2.3178682e+00  -1.3955263e+00   9.8334742e-01  -7.1904142e-01   9.6858069e-03   2.6439025e-03   1.5833175e-01
   9.7953131e+00   4.9051788e+00   1.0439356e+01   1.5076664e+00  -2.1882592e+00   2.8416159e+00   4.7743072e+00   4.8282870e-02   2.6371112e+00   5.7375393e-01  -2.3654731e-01   8.8654993e-02   3.1144283e-01   1.7251389e+00   7.3245808e-01  -1.1100151e+00  -4.1242101e-01  -2.1525769e+00  -2.2738413e+00   1.3188127e+00  -1.1475279e+00  -2.8739379e-01   8.4916420e-02   2.3830589e-01
   1.0135219e+01   4.8230664e+00   1.2458853e+01   7.9934571e-02  -2.9772900e+00   3.9597009e+00   4.4122402e+00   1.0076919e+00   6.5870221e-01   1.2127963e+00  -2.3561163e-01  -7.1600197e-02   1.4777419e-01   1.3959000e+00  -1.1292355e-01  -5.9951892e-01  -5.2035568e-01  -1.1689934e+00  -6.3455375e-01   5.1104726e-01  -9.2648705e-01  -8.4811537e-01   3.7940102e-02   1.7682277e-01
   1.0106328e+01   5.3860680e+00   1.2469080e+01  -7.9020323e-02  -3.8479728e+00   2.7340186e+00   5.9448681e+00   3.7425602e-01   7.6976328e-01   9.1939867e-01   1.3211497e-02   2.7601973e-01   8.7563600e-01   1.9714741e+00   5.1118057e-02  -1.6418047e+00  -9.9238840e-01   8.0920378e-01   7.7963515e-01  -6.9866890e-01  -1.1978597e+00  -4.4163661e-01   1.7514107e-01  -1.3191247e-01
   1.0117187e+01   6.3446149e+00   1.0722882e+01   5.2821092e-01  -3.5186813e+00   3.3544539e+00   4.9842573e+00   4.8862703e-01   4.1750494e-01   4.4711495e-01   6.9701765e-03   8.2377203e-02   1.3329984e+00   9.6570328e-01  -1.1997506e+00  -3.6551121e-01  -7.6605983e-02   7.5321266e-01  -8.8686485e-01  -4.1956548e-01   5.2835873e-01  -8.4057658e-01   3.3361176e-01  -1.0598728e-01
   1.1117783e+01   7.1016157e+00   1.1384018e+01  -1.1791788e+00  -3.4061461e+00   4.3580450e+00   5.6577514e+00  -7.4018804e-01   9.6092034e-01   2.9413968e-01  -9.5126607e-02  -1.8620241e-01   1.0452701e+00   4.9801041e-01  -8.6976931e-01  -8.7993736e-01   1.1855205e+00   2.1428200e+00  -1.5305170e+00  -1.0661594e+00  -5.9898696e-01   2.0930225e-01   8.3361469e-02  -1.2646246e-01
   1.1628989e+01   5.4138474e+00   1.1201758e+01   8.1747001e-02  -3.3131123e+00   4.2775066e+00   3.2255013e+00   9.3556573e-01   1.3556618e+00   2.6456092e-01   3.1897507e-01   5.2995924e-04   3.8457514e-01   2.5478659e-01  -9.1779012e-01   2.8011042e-01   1.3816939e+00   6.6065747e-01  -5.9333294e-01  -1.3354412e+00  -9.5917532e-01   8.3926990e-01  -2.7263161e-01   1.0300227e-01
   1.0918332e+01   6.5984673e+00   1.0924988e+01  -1.1756944e+00  -2.1724765e+00   5.4867222e+00   4.5284707e+00  -1.4484524e+00  -5.9779557e-01   1.3246291e+00  -1.7748747e-02   1.2724965e-01  -9.8169305e-01   8.2834203e-01  -1.3163166e+00   1.1583994e+00   1.1496713e+00   6.3493753e-01   1.0709777e-01   7.7974438e-02  -2.5861884e+00  -1.4720991e-01  -1.0999909e-01   2.4083180e-01
   1.0793775e+01   6.9783690e+00   9.5757117e+00   9.4663434e-01  -2.0629752e+00   3.7811016e+00   4.6588982e+00  -1.1604026e+00  -2.4190009e-01   1.1907751e+00  -4.4066617e-01   8.0154574e-02  -5.9763382e-01   2.1800721e+00  -5.0568440e-01  -3.8399339e-01  -8.9949971e-01   4.3101373e-01   2.2228379e+00   9.1235639e-01  -2.6208358e+00  -9.8587220e-01  -3.6368155e-01   1.3126853e-01
   1.0062850e+01   7.5618679e+00   1.0222566e+01   1.2597661e-01  -2.3067077e+00   5.5586539e+00   5.1016996e+00   4.2475778e-01  -2.1195813e+00  -3.8978228e-01   1.1969538e-01   1.3523298e-01   1.8735423e-01   1.3894340e+00  -6.4071591e-01  -1.3482107e-01  -2.1330983e+00  -6.7497859e-01   1.8476567e+00   2.8261640e+00  -7.6243770e-01  -1.8783993e+00  -4.0147337e-01   2.2430049e-02
   1.1160279e+01   8.2022553e+00   1.0794442e+01  -1.1450786e+00  -4.5952463e+00   4.8880614e+00   6.2731437e+00   1.3674952e+00  -1.8146990e+00  -3.5704170e-01  -2.9526932e-01   1.9344109e-01   9.5060359e-01  -2.3863895e-01  -5.2488775e-01  -1.1506251e+00   2.7441667e-01   2.4234696e-01   3.6617996e-01   1.7735978e+00   3.0519716e-01  -1.1327689e+00  -5.2362200e-01   1.1133445e-01
   1.1016111e+01   8.0706752e+00   9.3545490e+00  -3.3206954e-01  -4.1059884e+00   3.9207744e+00   6.4928329e+00   1.5268446e+00  -9.5505265e-01  -7.1906151e-01  -6.9265722e-01   1.0425147e-01   1.1341126e+00  -1.8358956e-01  -1.4637710e-01  -8.9675641e-01   7.5562367e-01   1.0633349e-01   5.1402833e-01  -1.8323732e-01   1.3170977e+00  -1.6844914e-01  -9.4698012e-01   8.8493542e-02
   1.1743050e+01   6.3660069e+00   9.2223888e+00  -5.5028020e-01  -7.5170985e-01   4.9635618e+00   4.5126015e+00   9.4895063e-01  -3.6636867e-01  -3.4373856e-01  -8.1992287e-01   2.6264700e-01   7.8924017e-01   2.0069981e-01   6.6073169e-01  -9.2159764e-01   3.7188837e-01   1.5722603e+00   1.1814082e+00  -2.1302076e+00   3.7761022e-01  -1.4468741e-02  -4.2614456e-01   3.6150271e-02
   1.1472634e+01   8.2046077e+00   1.0789027e+01  -1.5165572e+00  -3.0950404e+00   5.6804039e+00   6.7530132e+00   3.5917408e-01  -8.6809993e-01  -6.4910757e-01  -1.0384480e+00   2.3337034e-01   4.5941339e-01   7.7299554e-01   1.4385332e+00  -1.9321034e+00  -2.0238001e+00   1.2852436e+00   2.0733037e-01  -1.6985022e+00   2.9722768e-01   8.2083839e-01   6.2258775e-01  -3.0680145e-02
   1.2115878e+01   8.4363387e+00   1.1068300e+01  -1.9352312e+00  -4.5428877e+00   6.3666370e+00   7.9151659e+00  -1.2439810e+00  -1.2917601e+00  -4.1372178e-01  -7.6159077e-01   1.8310706e-01   6.0707316e-01   4.2332756e-01  -2.1700677e-01  -7.3435861e-01  -4.7600761e+00   8.8737118e-01   5.9010259e-01  -1.3128687e+00  -1.8922207e-01   9.8431593e-01   8.8772590e-01  -3.1984191e-01
   1.1518818e+01   8.1950026e+00   1.0589393e+01  -2.5377492e+00  -5.2460996e+00   5.1471021e+00   5.1025463e+00   7.5557079e-02  -4.6515423e-02   5.4718770e-01   2.1205835e-01   9.8001222e-02   3.4920105e-01  -2.5595352e+00  -3.1613782e+00   1.2651382e+00  -1.0546056e+00  -1.3154583e-01  -1.6894302e+00   1.0707883e-01   7.4110407e-01   9.8667519e-01   2.2750870e-01  -4.8955494e-01
   1.2630568e+01   7.0058008e+00   8.9966959e+00  -1.1412221e+00  -6.8162944e+00   6.5612694e+00   6.2229888e+00  -8.7854385e-01  -1.0609940e+00   5.3458770e-01  -1.1358720e-01  -1.4943131e-01  -1.0238059e+00  -2.5949482e+00  -2.8619749e+00   1.1300647e+00   2.8852280e-01  -2.5889154e-01  -1.8698175e-01   6.5609518e-01   1.2749515e+00  -5.2539720e-01  -4.8689642e-01  -2.9810532e-01
   1.1739090e+01   5.0805739e+00   7.0827625e+00  -1.5854432e-02  -3.5402454e+00   5.3857690e+00   5.0649565e+00   3.3707377e-01   1.2817315e-01   3.5675047e-01  -1.0211868e+00  -3.3469289e-01  -6.6213584e-01  -2.9279591e+00  -2.3416854e+00   1.8177811e+00  -7.2220332e-01   2.5782363e-02   8.0821773e-01   1.2162596e+00   9.5895833e-01  -1.7539672e-01  -9.7192522e-01  -1.0468240e-01
   1.0470033e+01   6.1011307e+00   8.5286534e+00  -1.5010816e+00  -4.9630306e+00   5.8589663e+00   7.6534882e+00  -3.9059656e-01   5.3332288e-01  -1.1065990e+00  -8.7531284e-01  -4.7703871e-02  -5.4505368e-01  -1.8196514e+00  -1.9049079e-01  -5.8505210e-01  -2.6237350e+00  -1.8447124e-01   2.3252769e+00   2.7856997e+00   1.1538632e+00  -3.4610806e-01  -8.8400721e-01   2.3063146e-01
   1.1605881e+01   4.2553990e+00   7.3108862e+00   3.6885218e-01  -7.2560365e+00   5.5369272e+00   5.5996232e+00   1.6559729e+00   5.9476362e-01   1.1046860e+00  -8.6496667e-01  -1.0988610e-01   7.2984358e-01  -4.7874425e-01   1.0062665e+00  -2.5230157e+00  -4.7545221e+00   1.9134089e+00   4.8105268e+00   3.1702097e+00  -6.2214403e-01  -7.2612879e-02  -6.1695666e-01   2.0368701e-01
   1.1879592e+01   4.6889113e+00   8.5968979e+00  -2.2111536e+00  -8.8940013e+00   6.2089834e+00   9.4435707e+00   2.6405561e+00   4.3650559e-01  -3.5854213e-01  -1.5177081e+00   8.4112496e-02   1.1166016e+00  -6.3449410e-01  -3.4989437e-01  -2.2898666e+00  -2.6851514e+00   2.0690284e+00   5.9617346e+00   2.6550207e+00  -1.6830661e+00   5.0754325e-01  -4.2628675e-01  -3.3275149e-02
   1.2129076e+01   5.0685673e+00   8.5580401e+00  -3.4453419e+00  -8.7065432e+00   8.0808738e+00   1.1385705e+01   3.5768120e+00  -7.5663425e-01  -1.2619726e-01  -1.6254241e+00  -9.5070553e-02   1.0503617e-01  -8.5270126e-02  -1.6089565e+00  -2.0261617e+00   1.1111463e+00   9.1671117e-01   6.0897258e+00  -3.7220683e-01  -1.5109029e+00  -1.2490922e-01  -9.8712682e-02   5.4900498e-02
   1.1883338e+01   4.7428054e+00   7.3802349e+00  -3.0287844e+00  -8.2655043e+00   7.6905356e+00   1.3703049e+01   2.6315149e+00  -1.3155774e+00   2.7015752e-01  -1.1345142e+00  -1.0502437e-01  -2.7138034e-01   2.7650934e-01  -2.6994026e+00  -5.2483718e-01   5.9378224e-01  -2.9815985e-02   4.0242977e+00  -1.1222890e+00  -1.6264751e+00   5.2849509e-01   4.2724726e-01   1.1254291e-01
   1.1761563e+01   4.1005467e+00   5.5057830e+00  -2.2615750e+00  -5.9035656e+00   6.1712179e+00   1.2604473e+01   1.1021832e+00  -7.9554931e-01   6.0297229e-01  -1.2046326e+00   6.7033080e-02  -3.6496728e-01  -1.6955549e+00  -3.7245574e+00   2.6095561e+00   3.5051183e+00  -1.7697843e+00  -6.2479828e-01  -1.0624122e+00  -5.7920387e-01   5.9435824e-01   6.1063303e-01   5.0637696e-02
   1.1656278e+01   5.5876856e+00   6.0739225e+00  -3.5902928e+00  -9.4048168e+00   7.1190874e+00   1.4870634e+01   2.1944370e+00  -1.9837495e+00   6.9615719e-02  -1.0872329e+00   1.7187505e-01  -3.8783058e-01  -9.8682628e-01  -5.6316206e-01   2.9247487e+00   1.8523867e+00  -2.1577321e+00  -2.1107385e+00  -7.7158868e-01  -1.1106415e+00   1.7771535e-02   3.3940389e-01  -5.9006780e-02
   1.1695155e+01   2.1027949e+00   3.6243602e+00   7.4974649e-01  -2.8792095e+00   5.7119214e+00   9.8647156e+00   2.2017326e+00  -1.2913540e+00   8.6561099e-01  -7.3311523e-01  -1.5756372e-01  -2.8533584e-01  -3.3079242e-01   1.9968194e+00   2.7934981e+00  -9.1470333e-01  -3.6592392e+00  -1.9273067e+00  -3.0759271e-01  -9.3443841e-01   1.5003343e-01   2.4967233e-01  -9.9835038e-02
   1.1334796e+01   4.2614419e+00   7.4762032e+00  -1.4732209e-01  -6.9991023e+00   4.6835857e+00   1.1906820e+01   9.2435721e-01  -2.7336373e+00   1.6549547e-01  -8.6116708e-01  -8.1236140e-02  -1.7432713e-01   8.5916457e-01   1.3546938e+00   1.6101495e+00   1.9327383e-01  -5.0226407e+00  -4.1279206e+00  -1.2158164e+00   5.1951123e-01   5.5309437e-01   5.0419793e-01  -2.8913370e-03
   1.1494300e+01   4.2674799e+00   7.7998717e+00   2.0718678e-01  -8.4784778e+00   1.9001099e+00   1.1195419e+01   1.2758341e+00  -1.8222630e+00   7.8008256e-01  -9.4315704e-01   4.3836116e-02   3.4931401e-01   2.9937995e+00  -6.7281776e-01  -1.8198973e+00  -1.5071916e+00  -3.8328283e+00  -3.2100245e+00  -1.0319151e+00   9.2564451e-01   2.2768787e-01   2.5612046e-01   8.4319495e-02
   1.1495215e+01   5.7940899e+00   6.0182075e+00  -9.0378864e-01  -6.3152719e+00   1.4910321e+00   8.0134007e+00   8.3366170e-01  -9.3902814e-01   9.4202150e-01  -2.2591513e-01   6.6838126e-02   7.3333935e-01   2.8262502e+00  -4.3278025e+00  -3.4679515e+00   2.2748989e+00  -1.5428697e+00  -4.8146519e+00   1.6535904e+00   1.8574949e+00  -1.8588646e-01   2.4257679e-01   6.0819875e-02
   1.2138917e+01   5.8271701e+00   3.3441314e+00  -1.6018661e+00  -5.4819121e+00   1.5589558e+00   6.9963885e+00   6.9920768e-01  -8.0019180e-01   8.1887979e-01  -6.6656051e-01  -1.0512161e-01   1.2611670e+00   3.0983226e+00  -3.0933589e+00  -4.3883595e+00   3.3140094e-01   1.5032265e+00  -2.6184157e+00   9.1838554e-01   1.4106940e+00  -1.1286801e+00  -5.4624734e-01   1.5053311e-01
   1.2112497e+01   7.7209720e+00   3.2123696e+00  -4.4447229e+00  -5.0850368e+00   2.5398582e+00   6.7843574e+00   3.6930560e+00  -4.5843054e-01  -1.3273282e-01  -6.3560015e-01   8.4472534e-02   1.8071991e+00   1.4189853e+00  -4.8073217e-01  -3.9423382e+00  -2.5260426e+00   2.0396036e+00  -9.7586672e-01   3.5092400e-01   4.7431812e-01  -1.7167972e+00  -9.9170508e-01   3.4054447e-01
   1.3077409e+01   7.9515227e+00   4.5627523e+00  -4.6048853e+00  -8.5964940e+00   3.6305366e+00   7.8823176e+00   1.2237152e+00   5.3479157e-02  -3.7556046e-01  -1.5576855e+00   2.6081857e-01   1.5039431e+00   8.6106870e-01   1.0402505e+00  -4.6377297e+00  -2.6559546e+00   1.9619875e+00  -9.3286407e-01  -9.9026014e-01   5.3362694e-02  -1.5372000e+00  -6.9039164e-01   4.5276719e-01
   1.3736767e+01   6.8603916e+00   4.6877988e+00  -5.3157864e+00  -8.5470448e+00   3.5146471e+00   6.1066361e+00   1.0977939e+00  -6.5438644e-01  -1.0359542e+00  -1.2679102e+00   3.9468474e-01   1.6503292e+00   1.7061977e-01  -2.1040014e-01  -2.3714745e+00  -1.4915074e-01   8.5773718e-01  -1.3926354e+00  -2.5824902e+00  -9.5406252e-01  -5.0941948e-01  -2.3576487e-01   1.8229666e-02
   1.3582696e+01   7.5490634e+00   4.1667925e+00  -8.1229289e+00  -7.7348401e+00   4.0145426e+00   5.9359531e+00   5.1144851e-01  -6.2216981e-01  -1.0353095e+00  -1.3859929e+00   4.1892307e-01  -1.0873501e+00  -5.6443860e-01  -2.0768948e+00   1.5251409e+00   5.9175964e+00  -1.0256822e+00  -4.0650007e+00  -1.7174244e+00  -1.4980503e+00   2.6164967e-01   4.5132739e-01  -4.1794206e-01
   1.4335347e+01   8.1781313e+00   3.0947493e+00  -6.2429129e+00  -5.7395899e+00   3.6344610e+00   5.6685867e+00   1.7545405e-01  -1.5516998e+00  -5.6698753e-01  -1.0750938e+00   3.2764783e-02  -1.0296448e+00   8.9142275e-01  -6.7367545e-01   4.4042790e+00   6.1712897e+00  -3.0381831e+00  -1.9325053e+00  -9.7591050e-01  -1.8907924e+00   8.0469322e-01   1.8221416e-01  -5.1820978e-01
   1.1147094e+01   6.4459949e+00   2.2439349e+00  -1.8536107e+00  -1.1238268e+00   2.0321063e+00   2.0038413e+00  -8.9125144e-01  -1.7449397e+00  -2.1756930e-01  -9.7710269e-01  -1.8513454e-01  -6.6578830e-01   7.1154330e-01  -1.8511295e-02   6.5708097e+00   5.2946252e+00  -2.8411204e+00  -6.3004827e-01   1.5383030e-01  -1.5787921e+00   5.7987708e-02   3.3987343e-01  -3.3057563e-01
   1.3410101e+01   8.7490600e+00   4.6387144e+00  -1.8440270e+00  -2.5956169e+00  -5.1409450e-02   5.1739340e+00   3.3527816e-01  -2.9291902e+00  -2.3778448e-01  -1.1990341e+00  -8.0601118e-02   1.3248272e-01   1.5193478e+00   1.1998310e+00   2.8112486e+00  -8.2895298e-02  -5.1406042e-01   2.1250458e+00   1.2053860e+00  -1.0874388e+00   1.9281816e-01   1.7881055e-01   8.4977749e-02
   1.3046637e+01   8.3309141e+00   3.3670431e+00  -4.6615738e-01  -1.3648887e+00   1.5957972e+00   5.2382070e+00   6.6228192e-01  -2.3016128e+00  -1.1129294e+00  -8.1421260e-01  -2.0257431e-02   2.4536218e+00   3.4729767e+00   2.1667814e+00  -1.1188929e+00  -3.1881598e+00   1.8246627e+00   2.9879248e+00   1.8437478e+00  -5.2683186e-01  -4.8694256e-01   2.1457844e-02   3.3478177e-02
   1.3584300e+01   9.5146935e+00   4.3329417e+00  -2.7197667e+00  -5.7434018e+00   3.0815249e+00   7.2389726e+00   1.2067664e+00  -2.9045215e+00   1.6991978e-01  -8.8832297e-01   7.7792851e-02  -6.2034922e-01  -4.2195529e-01  -3.6648816e-01   8.3454253e-02   3.6279027e-01   3.4475507e+00  -6.5124084e-01   2.0992652e+00   2.4131341e+00   5.3242609e-02   1.6370346e-01  -7.1637249e-02
   1.4740427e+01   1.1272643e+01   5.6469933e+00  -3.0940801e+00  -4.3321740e+00   3.2026333e+00   5.4532092e+00   1.4386262e+00  -2.5475218e+00  -1.1518353e+00  -1.1002715e+00  -2.1411426e-01   3.1370935e-01   1.7525770e-01   1.5611117e+00  -3.1897267e-01   1.2974232e+00   3.5076749e+00   1.8210638e+00   3.5298728e+00   1.6046056e+00  -1.0726736e+00  -5.9911470e-01  -3.6093782e-01
   1.1632681e+01   6.6452624e+00   2.9490070e+00  -4.0488421e-01  -5.6778880e-01   4.3164986e+00   4.0895716e+00   3.0960038e+00   8.1346549e-01  -1.3846765e-01  -8.1044949e-01  -9.1128577e-02  -1.1373665e+00  -1.7389078e+00  -3.2161244e-01   1.6222691e+00   4.8041654e+00   2.3772738e+00   2.9995182e-01   2.5706597e+00   2.6991504e+00  -8.2082119e-01  -1.2268221e-01  -4.2318348e-01
   1.4493010e+01   1.0028516e+01   6.4006779e+00  -2.1020576e+00  -2.0065604e+00   6.2398228e+00   9.5445031e+00   5.0124725e+00  -1.7536978e+00  -2.5677462e+00  -1.7518214e+00  -4.7720345e-01  -2.1375950e+00  -1.8286789e+00  -6.8116852e-01   3.9972556e+00   4.4834790e+00   1.4938770e+00  -2.1703550e-01   1.1151524e+00   2.3209715e+00  -2.1510167e-01  -7.6788476e-02  -1.9902554e-01
   1.2001959e+01   7.5283953e+00   3.4736807e+00  -7.8237430e-01   3.0003947e-01   5.1288407e+00   5.6432534e+00   3.2758328e+00   7.4729211e-01  -3.5335654e-01  -7.4657133e-01  -4.2543777e-01   5.5540971e-01   2.8989964e+00   3.5751850e+00   8.7274479e-01  -5.9322853e-01  -6.3836123e-01   2.8550357e+00   2.1188082e+00   9.8926459e-01  -7.2421460e-03  -2.3550411e-01  -1.4250825e-01
   1.1349396e+01   8.0880585e+00   4.3629037e+00   3.0905483e+00   1.9591303e+00   5.0372777e+00   4.3508151e+00   3.0214403e+00   9.6702212e-01  -1.3670433e+00  -1.2473933e+00  -3.4549797e-01  -1.3772038e+00  -3.8124563e-02   1.4297204e+00   2.5625103e+00   2.2150182e+00  -1.9813279e+00  -2.1217183e-01  -1.3614736e-02   1.5910263e+00   1.4325932e+00  -5.1330279e-02   3.6021847e-02
   1.4037603e+01   1.1963986e+01   9.3306715e+00  -1.6920700e+00  -3.4404769e+00   3.9602293e+00   1.0968969e+01   7.2697321e+00   9.3700239e-01  -7.4968230e-01  -1.4159197e+00  -3.7074369e-01  -5.2985135e-01  -5.3286806e-02   3.7805868e-02   2.8711126e+00   1.7410980e+00  -2.6690308e+00  -1.6094671e+00  -1.6806248e+00  -7.5044455e-01   5.2987548e-01   1.0524626e-01   2.1970162e-01
   1.1409382e+01   7.7535340e+00   5.6167631e+00   2.1965557e+00   3.1862251e+00   3.8521366e+00   6.5633875e+00   2.9951007e+00   5.3798639e-01  -2.2069352e-01  -1.4941426e+00  -4.5051772e-01   6.4022779e-01  -2.7397253e+00   5.0692300e-01   6.3134379e-01   3.2738150e+00  -6.6414611e-02  -2.7011658e+00  -3.6584702e+00  -1.9308218e+00   1.3525140e+00   1.1482145e+00   5.4230339e-01
   1.1177189e+01   7.6157273e+00   2.9034598e+00   3.9712910e+00   2.2981390e+00   1.7178651e+00   2.1227666e+00   7.6806535e-01  -1.6385685e-01  -1.3171822e-01  -4.6532727e-01  -4.3375467e-02   4.7811131e-01  -3.9835118e+00  -4.2295880e-01   2.2291493e+00   5.1452744e+00   2.4511321e+00  -5.0044379e+00  -4.9417933e+00  -2.9184579e+00   8.5417456e-02   1.3739895e+00   7.5711154e-01
   1.3739945e+01   6.1525997e+00   8.3368940e+00   1.2058835e+00   4.0005448e+00   6.0588378e+00   4.7221677e+00   7.8456836e-01  -1.3787810e+00   3.5274568e-01  -3.6780219e-04   3.0427301e-01   6.2376125e-01  -1.2900541e+00   5.7162690e-01  -7.3276614e-01  -2.5648034e-01   1.1893616e+00  -1.8239289e+00  -2.0985180e+00  -1.2493785e+00   3.0939521e-01   1.2783810e+00   5.1495155e-01
   1.3589489e+01   6.7891852e+00   7.3361679e+00   2.1469901e+00   3.8702748e+00   6.5335768e+00   4.3829223e+00   9.6230832e-01  -2.4823007e+00  -9.0827572e-01  -1.0182287e-01   3.8752825e-01   1.3858831e+00   1.1277399e+00   6.6335254e-01  -7.5770577e-01  -8.7454267e-01   7.1054407e-01   8.2381978e-01  -6.1562267e-01  -1.2863583e+00  -5.9473200e-01   6.9452275e-02   5.4432627e-02
   1.1138874e+01   6.2317239e+00   4.2578494e+00   2.0095570e+00   2.0154367e+00   3.2283232e+00   2.6974163e+00  -2.4979783e-01  -1.7685941e-01   6.3167805e-01   2.4167665e-01   1.0645775e-01  -2.0142545e+00   7.0611180e-01  -3.7100464e+00   9.5800396e-02  -2.8291157e+00  -3.1925955e+00  -1.4516300e+00   6.8785982e-01   1.0548216e+00  -1.5287965e-02  -2.0118274e-01  -2.5334288e-01
   1.4556549e+01   9.2677750e+00   5.9380109e+00   2.4328956e+00   1.9788791e+00   4.1989386e+00   4.3708720e+00   3.6181443e-01  -2.6943551e+00  -1.1632824e+00  -4.8217108e-01   1.3718110e-01   1.3003832e+00   2.6246775e+00  -3.0390895e+00  -2.7447441e+00  -2.3256751e+00   2.3365069e-01   2.5418632e+00   6.6987199e-01  -4.5345034e-01  -1.4119662e+00  -5.1295387e-01   1.8658971e-02
   1.0235033e+01   5.9724725e+00   3.4709028e+00   1.2066313e+00   7.0256912e-01   2.4372638e+00   2.5507479e+00   2.1166050e+00   3.0947863e-01   4.5731708e-01  -1.1196782e-01   4.9432262e-02   2.5167875e+00   2.9255870e+00  -1.4422439e+00  -5.3912041e+00  -9.9109837e-01   3.7890123e+00   2.2463551e+00   5.1425790e-01  -1.3273072e+00  -2.0112482e+00  -5.8348874e-01   4.5506622e-01
   1.5991984e+01   1.0855827e+01   3.1710070e+00  -1.5686633e+00   1.0381960e+00   7.2795826e+00   8.2690512e+00   7.8391486e-01  -3.4056452e+00  -2.9390445e+00  -6.9443145e-01   4.4402944e-01   3.6830580e-01   2.0503972e+00   1.5033271e+00  -4.5821561e+00  -1.8387359e+00   4.1051931e+00  -5.1274145e-01  -2.6162720e+00  -1.8235146e+00  -6.8830055e-01   2.4622647e-01   5.1469458e-01
   1.4196338e+01   9.8260784e+00   3.4779856e+00  -4.0764698e+00   9.9913071e-01   7.3715197e+00   4.1178593e+00   3.1053880e-01  -1.8121752e+00  -1.4973132e+00  -5.2742628e-01   6.3563291e-01   4.9582780e-01   9.4114080e-01   3.0879879e+00  -2.5294057e+00  -1.0807596e+00   1.6696726e+00  -5.1605781e-01  -3.3151850e+00  -1.9777609e+00   9.2237944e-01   1.9162425e-01   3.9697723e-01
   1.3128355e+01   1.0416568e+01   8.1894603e+00  -1.7987880e+00  -9.2750560e-01   7.8896003e+00   2.8182041e+00  -2.6595605e+00  -4.3688001e+00  -1.2184181e+00   9.4897857e-02   6.1612266e-01  -3.9128090e+00  -3.3756360e+00   1.7451250e+00   1.6747754e+00  -7.5144946e-01  -3.1765202e+00  -3.8516335e+00  -1.7163916e+00   7.8828079e-01   2.3447118e+00   5.1595343e-01  -2.4277711e-01
   1.2410589e+01   7.6038134e+00   5.5936581e+00  -2.4724149e+00   6.4280433e-02   4.6367638e+00   4.5020847e+00  -1.1344348e+00  -2.1755853e+00   9.8057299e-01  -2.1919609e-01   5.5885151e-01  -8.5054652e-01  -3.4284154e-01  -1.1940577e-01   2.8148496e-01   1.3026907e-02  -1.7759331e+00   2.2744188e+00  -2.0851976e-01  -2.2165161e+00   6.4301933e-01   2.9069706e-01  -3.7655155e-01
   1.1015645e+01   6.9035057e+00   4.7308582e+00   1.4147230e-01   3.7844692e-01   3.8821802e+00   2.2994882e+00  -1.0681857e+00  -2.0415190e+00  -6.6092000e-01  -7.4616395e-02   1.1825448e-01   2.8944692e-01  -1.3281134e+00  -4.0381164e+00   4.5279432e-01  -9.8401299e-01  -2.1314803e+00   2.1392846e+00   2.3628457e+00   1.1940116e+00  -6.9771329e-01  -1.1493613e-01  -2.8107869e-01
   1.3976873e+01   1.1068347e+01   5.0281780e+00  -4.6243725e+00   3.6569481e-01   6.7113300e+00   7.7888455e+00  -7.9792821e-01  -6.3005899e+00  -8.1153329e-01  -6.6235603e-03   3.1973968e-01   9.3536975e-01  -2.8916609e-01  -2.6584604e+00  -1.7671934e-01  -1.2041291e+00   2.2816204e+00   3.0686333e+00   2.3111146e+00  -2.8850791e-01  -3.0197288e+00  -4.6603669e-01   1.4903719e-02
   1.2779383e+01   6.6921308e+00   2.4150257e+00  -4.3617759e-02  -2.5542323e+00   3.6550967e+00   4.3837505e+00   7.1645470e-01  -5.1528042e-01  -1.3689349e+00  -1.8379261e-01   3.1406053e-01   9.5210952e-01  -3.5534599e-01  -1.7446596e+00  -2.6226077e+00  -5.8991772e-01   4.3390671e+00   4.6927817e+00   3.1189308e+00   7.7761295e-01  -2.4112746e+00  -5.9599891e-01   2.3905945e-01
   1.2931775e+01   7.2757517e+00   2.7638837e+00  -2.6449489e+00  -2.7557363e-01   8.1727362e+00   8.0629035e+00   1.4399169e+00  -3.3714665e+00  -3.1950128e+00  -8.6366302e-01   4.8330406e-01  -1.6123879e+00  -3.6113981e+00  -2.6887017e+00   2.1078464e+00   4.0636491e+00   3.1304214e+00   1.0875850e+00   2.2841502e+00   2.4231860e+00  -1.8478859e+00  -6.4417849e-01  -2.8115944e-01
   1.2966358e+01   8.2667844e+00   3.2460159e+00  -4.7821511e+00  -1.8579543e-01   9.6600776e+00   9.2016317e+00   2.4912879e+00  -2.3396613e+00  -3.0860921e+00  -5.4009502e-01   3.9506146e-01  -1.7906008e+00  -1.2032230e+00  -1.6408473e-01   3.6059986e+00   7.2270945e+00   2.0100170e+00  -1.5199774e+00  -3.1696144e-01  -4.5474993e-01  -1.1566396e-01   1.2811675e-01  -3.4490810e-01
   1.1464804e+01   4.8639232e+00   5.7963033e-01   9.0666377e-01   5.2769500e+00   8.4044716e+00   7.0112824e+00   1.7408805e+00  -1.7536204e+00  -2.7247835e+00  -7.9474009e-01  -1.4249995e-01  -1.5430992e+00   1.9792584e-01   1.1525027e+00   4.4042398e+00   3.2292446e+00   2.4061948e-02  -3.9115925e+00   4.0579342e-01   2.3405554e+00   9.3979823e-01   9.0752120e-02  -3.1277544e-01
   1.0826968e+01   6.0932105e+00   3.2610253e+00   3.5895738e+00   5.5101477e+00   6.5542544e+00   2.6295950e+00   9.0530751e-02  -2.0063284e+00  -1.7775454e+00  -2.6078952e-02   1.0960039e-01  -7.5469379e-01   2.5695013e+00   2.1983590e+00   1.7741570e+00   2.7311995e-01   8.3808831e-01  -2.5778468e+00   9.1100892e-01   1.5993083e+00   4.2092711e-01  -1.6305221e-01  -2.0420652e-03
   1.1686821e+01   8.6594274e+00   4.4851331e+00  -2.2445164e-01   1.7203217e+00   9.7617407e+00   5.4815331e+00   3.2489856e+00  -2.7299754e-02  -2.4395888e+00  -9.8454288e-01   1.5687143e-01   9.3769895e-02   4.1075792e+00   2.9039793e+00  -3.0020687e+00  -3.1582704e+00  -3.5198659e-01  -4.2505767e-01   1.1761589e+00   1.2752584e+00   2.1256175e-01  -1.8379312e-01   1.8099953e-01
   1.1723309e+01   1.0223284e+01   4.5908030e+00  -1.5553579e+00   2.0021987e+00   1.0238576e+01   6.0997363e+00   3.1037487e+00  -8.0385919e-01  -2.5972988e+00  -6.8977194e-01   2.4231267e-01  -9.0345651e-01   4.3388421e-01   5.1054829e-01  -1.0073274e+00  -8.0545277e-01  -1.8062725e-01   1.7978269e+00   5.7096638e-01   6.4865623e-01   8.9006265e-01  -1.9182356e-01   6.0296455e-02
   1.1157288e+01   8.9602551e+00   4.2707105e+00  -1.0239733e+00   2.2935189e+00   6.0343312e+00   4.6386253e+00   1.9985099e+00  -4.4196737e-01  -1.9960642e+00  -7.3858327e-01   6.2643202e-02  -8.1701037e-01  -1.7877672e+00  -2.1013411e+00  -2.7108349e-01   8.2532324e-01  -2.5437392e+00  -2.5514897e-01  -7.5066147e-01  -5.0425208e-01   1.8010976e+00   3.1719989e-01  -3.2289799e-02
   9.7365495e+00   6.5936230e+00   4.1340590e+00   2.4783436e+00   4.0153699e+00   8.1470183e+00   5.7477892e+00   1.5722182e+00  -8.2601020e-01  -6.6421377e-01  -4.3679410e-01   2.4715919e-01  -3.7145116e-01  -2.5774783e+00  -2.9075816e+00  -5.6576545e-01  -1.1728605e+00  -2.2577783e+00  -1.7399323e-01   2.8215560e-01  -1.9727562e-01   1.2977339e+00  -2.0385998e-01  -1.2490007e-01
   1.1454685e+01   7.7926073e+00   1.5614934e+00  -2.6479277e+00   1.9517209e+00   6.9919105e+00   5.2747831e+00   2.8887587e+00  -7.7260236e-01  -7.0448495e-01  -6.3523196e-01   1.0601348e-01   1.1294004e+00   6.2038726e-01  -3.5309919e+00  -3.5517126e+00  -3.9321778e+00  -1.4376217e+00   9.0126199e-01   4.7826976e-02  -2.7390939e-01  -6.0578525e-01  -7.9383797e-02  -2.0329920e-02
   1.1017434e+01   6.9408908e+00   1.5840391e+00  -1.5920290e+00   4.1380690e-01   6.3731185e+00   5.5206675e+00   3.0818577e+00  -9.3445513e-01  -1.2964876e+00  -1.0472376e+00   3.3277433e-02   1.2573647e+00   1.0187442e+00  -2.1831819e+00  -2.1817658e+00  -3.3104693e+00  -3.7037032e+00  -1.6893739e+00  -1.7114947e+00  -1.4504441e+00  -1.7477214e+00   4.8448181e-03   2.4140026e-01
   1.2210946e+01   9.7172021e+00   2.4923265e-01  -4.3163559e+00  -1.8039663e+00   4.7648485e+00   6.1040791e+00   1.3154306e+00  -7.9860899e-01  -2.5886051e+00  -5.5243724e-01   1.3908920e-01   2.5191273e-01   2.0131650e+00   5.8790539e-01  -4.3663111e-01  -4.6002917e+00  -3.2194563e+00  -4.9468290e-01  -3.1198192e+00  -1.3666249e+00  -7.1165027e-01   4.7673764e-01   2.3955616e-01
   1.1244466e+01   7.1594420e+00   1.5154165e+00   3.9909036e-02   9.2750951e-01   3.7049945e+00   2.7990804e+00  -2.0835987e-01  -2.9886731e+00  -2.3437359e+00  -4.7092423e-01   5.9272172e-01  -7.7860948e-02   1.2550025e-01   2.9057315e-01  -1.2766667e+00  -2.6176466e+00  -5.8709137e-01  -8.2352198e-01  -1.7862812e+00  -1.0536228e+00   1.6470925e-01   1.9117917e-01   6.8299960e-02
   1.1719038e+01   1.0703079e+01   2.4776627e+00  -4.1188433e+00  -5.2055679e+00   3.4967880e+00   5.8935523e+00  -1.4586128e-01  -1.7954307e+00  -1.2483362e+00  -2.0828216e-01   1.8562557e-01  -5.4970879e-01  -1.8820009e+00  -6.4107497e-01  -1.0912101e+00  -1.4574430e+00   1.8223544e+00  -6.7721749e-03  -1.2184331e+00  -4.4468695e-01   1.5015034e-02  -1.1265954e+00  -2.2874436e-01
   1.1146596e+01   6.6362025e+00   9.0568378e-01  -3.6057853e+00  -1.8118622e+00   6.1265117e+00   4.3906479e+00   1.1330818e+00  -2.0164785e+00  -1.7195582e+00  -9.3254635e-01   1.1245919e-01  -2.9362705e-01   9.5148652e-01  -2.5437835e+00  -3.8338332e+00  -1.0531026e+00   3.9213835e+00   1.7924906e+00  -1.6793087e+00   5.2652199e-01  -2.7916512e-01  -1.1351321e+00  -7.2785031e-02
   1.1435318e+01   7.1558205e+00  -4.0751344e-01  -4.1303238e+00  -2.6204450e+00   6.2876216e+00   5.2981371e+00  -1.1829399e+00  -1.9517367e+00  -2.8781714e+00  -2.0115192e+00   3.6103930e-02  -6.0152260e-01   1.6105524e+00  -9.4289177e-01  -1.6577154e+00   1.4361598e+00   2.5589855e+00   6.1805877e-01  -1.2837181e+00   3.7332564e-01  -9.0765501e-01  -9.7996922e-01   2.1629718e-01
   1.0945886e+01   1.0360301e+01  -8.5767066e-01  -5.7051005e+00  -1.9447058e+00   8.1916530e+00   5.7855239e+00  -2.2087836e+00  -2.1207371e+00  -1.9475660e+00  -1.2720038e+00   5.5830499e-01  -4.8909171e-01   3.9034610e+00   5.8318134e-01  -1.6302863e+00   3.8969840e-01  -9.1418233e-01   4.4695010e-01   2.1245144e+00   2.2467262e+00  -2.9419500e-01  -3.0499692e-01  -1.6180072e-02
   1.0917110e+01   1.1256859e+01   1.9450023e+00  -5.5557588e+00  -2.9849063e+00   6.3026956e+00   6.1232025e+00  -4.0050569e-01  -1.1833130e+00  -2.4958149e+00  -1.5085073e+00   2.8714844e-01  -1.0166389e-01   2.3934062e+00   1.9656468e+00  -1.8306457e+00   2.0600154e+00  -7.0114981e-01  -6.2053228e-02   3.9483509e+00   1.8300304e+00  -1.7732299e-01  -8.0954858e-02  -4.6529238e-01
   1.0672063e+01   1.0440875e+01   6.0419791e-01  -5.3384973e+00  -1.0450839e+00   4.7477012e+00   4.6485404e+00   3.9286363e+00   9.6939892e-01  -2.3520289e+00  -1.6415477e+00  -3.7333178e-02  -2.1819855e-02  -2.0876487e+00   1.2878806e+00  -2.6099035e-01   3.0208955e+00  -1.9391305e+00  -1.7852118e+00   3.3730917e+00   1.4031979e+00  -7.7184621e-01  -6.4383132e-01  -7.0298280e-01
   1.1419734e+01   1.0705643e+01   1.8100225e+00  -7.0595940e+00   1.9767157e-02   6.9578728e+00   5.7735490e+00   1.6708764e+00  -7.5175915e-01  -2.9419244e+00  -1.9481795e+00  -3.6401555e-01  -9.2086412e-01  -1.0021001e+00   3.3814374e-01   4.7935708e-01   1.2110135e+00  -2.1512858e+00  -2.0976445e+00  -1.0696469e+00  -1.1242204e+00  -9.8046013e-01  -5.2965091e-01  -2.2989580e-01
   1.0661844e+01   7.5044360e+00   1.1416401e+00  -5.3446684e+00   1.0843007e+00   4.9553686e+00   3.2825329e+00   1.8151628e+00  -2.3171718e-01  -2.8822805e+00  -2.0179146e+00  -1.7058722e-01  -3.2578005e-01  -1.2460379e+00  -1.1480216e+00   1.1894146e-01  -2.9983555e-01  -1.6436881e+00  -1.3813796e+00  -3.0529590e+00  -1.3591206e+00   8.4795384e-01   1.0178390e-01   8.4773948e-03
   9.5409231e+00   1.1221928e+01   2.1834968e+00  -4.8336376e+00  -2.2330784e+00   2.9719332e+00   3.6597395e+00  -9.4823933e-01  -2.2690855e+00  -3.7013793e+00  -2.1148002e+00   8.9317669e-03  -2.5135506e-01  -3.0334251e-01  -2.1406034e+00  -1.6554848e+00  -1.1939380e+00   4.8630752e-02   2.4376708e+00  -6.9115667e-01  -9.5066080e-01   1.3949080e+00   2.1029164e-01   5.2885181e-02
   1.1122798e+01   8.3136755e+00  -1.3045716e+00  -6.2730633e+00  -3.6841445e-01   4.2751389e+00   3.6333756e+00   6.5875570e-01  -3.1061876e-01  -7.0037073e-01  -1.4055615e+00  -2.1109075e-01   1.9044015e-01  -4.1332059e-01  -1.8251124e+00  -2.5130905e+00  -1.4579513e+00   1.7891965e+00   5.7994261e+00   1.3863917e+00  -1.1282256e+00   8.3038206e-01   3.7529026e-02  -1.4896229e-01
   1.0812224e+01   9.8460093e+00  -1.7777674e-01  -9.0786238e+00  -1.0447822e+00   7.3709338e+00   9.2546338e+00   1.2123450e+00  -2.1382996e+00  -1.9405173e+00  -1.9389186e+00  -2.6443602e-01  -2.1235988e-01  -2.7702528e+00  -3.7900045e+00  -2.1555839e+00   5.5560357e-02   2.0692206e+00   3.4221578e+00   2.0313003e+00  -1.2929414e+00   1.1370595e+00   9.1941590e-02  -1.2507299e-01
   1.0311854e+01   7.5724145e+00  -4.1539165e-01  -6.9918111e+00  -1.6967744e+00   5.4396631e+00   9.1842249e+00   2.8144583e+00  -1.9894485e+00  -2.5171384e+00  -2.0495619e+00  -2.5734677e-01  -9.3727620e-01   1.0084006e+00   3.6716939e-01   2.6657914e+00  -1.1575900e-01   1.4248060e+00   1.2941038e+00   9.6578761e-02  -2.9394780e+00  -1.0162937e+00  -1.7773658e-01   8.0953656e-02
   9.6278555e+00   7.4371794e+00  -3.9460999e+00  -7.7076396e+00  -1.4855579e+00   5.4935020e+00   6.0175516e+00   1.0208599e+00  -3.3690827e+00  -1.0874062e+00  -1.6548876e+00  -1.5554971e-01   3.9197713e-03   1.6869116e+00   6.7606292e-01   5.6041987e+00   1.6296583e+00   8.1421693e-01  -1.5604343e+00   2.4297636e-01  -9.4576177e-01  -2.5506846e-01   2.8028507e-01   1.7354309e-01
   1.0309068e+01   1.1030691e+01   1.1303441e+00  -2.9598683e+00  -3.2166510e-01   7.3510638e+00   7.1930725e+00   8.9936640e-01  -4.1044442e+00  -2.6513668e+00  -1.8141819e+00  -1.4410341e-01   5.0902751e-01   3.2071292e+00   2.7367244e+00   4.5164159e+00   1.5729864e+00   2.6142184e+00   6.0348487e-02  -8.7036616e-02  -5.5150898e-01  -7.2667842e-01   4.6918052e-01   1.6505487e-01
   1.0819496e+01   1.0647238e+01   6.3449785e-02  -2.6882971e+00   7.1215052e-01   7.6365589e+00   7.9095587e+00   2.5343555e+00  -2.4994444e+00  -2.2560058e+00  -1.6361810e+00  -6.0743059e-02  -3.3343744e-01   7.4883637e-01   3.8394505e+00   4.0986299e+00  -2.1590069e+00   7.9880013e-01   9.4971502e-01   9.8369772e-01   1.6506228e+00  -3.0585602e-01   5.0509344e-01   2.6744718e-01
   1.0479574e+01   1.0778079e+01   1.6849201e+00  -2.7268586e+00  -4.3614900e-01   8.2894624e+00   8.3287441e+00   1.9271555e+00  -3.2515311e+00  -3.0228563e+00  -1.3551444e+00  -5.7167792e-02  -2.4785707e+00  -4.3580487e+00   4.1399163e-01   3.3376414e+00  -2.1341017e+00  -3.8804161e+00  -4.3508062e+00  -1.5134438e+00   1.9783998e+00   1.5481325e+00   4.2349200e-01  -3.4158511e-02
   9.0424462e+00   8.6867402e+00   1.5357879e+00  -1.6761996e+00  -4.6668263e+00   6.2225029e+00   6.8742883e+00   1.9825119e+00  -1.3196049e+00  -1.3604455e+00  -1.1267662e+00   2.0215324e-01  -1.8166832e+00  -1.0384878e+00   1.9001043e+00   2.4060852e+00  -2.9877912e+00  -4.0888757e+00  -4.5562529e+00  -1.5596438e+00   1.7949103e+00   1.1927747e+00   4.3993609e-02  -2.6578833e-01
   7.4797371e+00   5.4738674e+00   1.0151625e+00   1.5405450e+00  -8.3332927e-01   2.2374677e+00   1.1844984e+00  -1.0948775e+00  -1.7267642e+00  -7.7694818e-01  -1.4336513e+00  -3.2678933e-01  -1.6384756e-01   1.0425688e+00   5.4594749e-01  -4.6312569e-02   5.0438800e-01  -2.4273308e+00  -1.5960944e+00  -2.5700479e-01   1.8478626e+00   6.3239346e-01  -1.9160276e-01  -3.7232461e-01
   9.5943903e+00   1.1741612e+01   3.2484851e+00  -1.2128710e+00  -3.5709461e+00   4.5292426e+00   4.6473022e+00   1.7059063e+00  -5.6946246e-01  -1.5897978e+00  -1.5309371e+00  -3.2461479e-01   1.3989043e+00   1.9562762e+00   5.3323774e-01  -2.4371710e+00   3.8145401e+00  -9.8808100e-01   9.6318434e-01   1.1345723e+00   6.4931085e-01  -1.4454655e+00   1.1248190e-01  -5.0675985e-01
   9.9578310e+00   1.0814496e+01   1.6474928e+00  -3.0279917e+00  -2.2750709e-01   5.4950963e+00   7.0480956e+00   1.6799512e+00  -8.5480846e-01  -1.9595900e+00  -1.4404631e+00  -3.5227069e-01   1.2205749e+00   2.3737201e+00  -1.3630479e+00  -4.3751724e+00   9.4410870e-01  -2.1759699e-01   3.7747476e+00   1.8321172e+00   2.2350739e-01  -1.7475410e+00   9.2592259e-01   1.4091341e-01
   9.9017556e+00   8.9508402e+00   2.0194793e+00  -3.0476876e+00   7.5207276e-01   3.1115671e+00   5.3872662e+00   2.2969561e+00  -7.8161653e-01  -2.9373229e+00  -9.5463746e-01  -5.4524586e-01  -1.5440607e+00  -3.3618636e+00  -2.4353472e+00   3.2767644e-01   3.4898901e+00  -2.3624260e+00  -1.2166623e+00  -2.9076600e+00  -1.8262157e+00  -8.3567988e-01   5.5562520e-01   2.0795295e-01
   9.1569167e+00   1.0429834e+01  -4.1490649e-01  -4.1048052e+00  -1.5786757e+00   2.6199100e+00   6.4766379e+00   1.3577734e+00  -1.2854261e+00  -2.7244971e+00  -3.3291723e-01  -5.1036807e-03  -8.9544188e-01  -7.0996144e-02  -4.4961486e-01   1.7734624e+00  -1.1090593e-01  -5.9329453e-01  -2.9330722e+00  -2.8956499e+00  -8.2260608e-01  -1.6017073e-01   5.0239368e-01   1.7457817e-01
