   1.1862157e+01  -7.9832485e+00  -1.3203537e+01  -4.2339553e+00  -1.0694032e+00   3.1641318e+00   6.7259935e+00   3.5185042e+00  -6.7668707e-02   6.5081665e-01   4.6531526e-01  -3.2663115e-01   1.6144606e+00   3.0811493e+00   3.6046877e+00  -2.9721574e+00  -3.2145080e-01   3.2070132e+00  -2.8277487e-01  -5.0909860e-02   2.3463151e+00   2.0911005e+00   2.7751247e-01   1.1320103e-01
   7.6740057e+00  -5.9999586e+00  -1.0641187e+01  -6.0617935e+00  -1.4533898e+00   3.1980593e+00   6.9422927e+00   6.2406256e+00   3.1850670e+00   1.9288277e+00   6.6247580e-01  -1.8809323e-01   2.2124611e+00   8.4368496e+00   1.0878194e+01  -2.2130925e+00   4.7655718e-02  -1.3279920e+00  -2.6323314e+00   7.1029002e-02   4.6132242e+00   1.5215337e+00  -8.5090321e-01   1.8659530e-02
   1.0323527e+01  -3.1474899e+00  -1.0128741e+01  -7.2188477e+00  -8.8433871e-01   5.9180805e+00   8.9481676e+00   6.9458231e+00   3.7502572e+00   2.5662116e+00   1.8725199e-01  -5.0256200e-01   6.0296588e+00   8.0060373e+00   7.1696357e+00   1.2828247e+00   1.4917833e+00   1.4465212e-01   2.2707042e+00   3.3553239e+00   4.3866676e+00   1.7886718e+00  -1.7388989e-01  -2.8615539e-01
   2.0822993e+01  -2.0796988e+00  -3.1138080e+00  -2.3299910e+00  -1.0317848e+00  -3.1065639e+00   6.9142222e+00   5.0476637e+00   4.8288468e+00   2.7619104e+00   7.9135940e-02  -5.7219056e-01   4.6024601e+00   7.7195632e+00   6.3015794e+00   3.3182768e+00   2.0566779e+00   5.9066106e-01   1.0312785e+00   2.7864713e+00   3.2882938e+00   5.5788625e-01  -6.1800345e-01  -2.6279459e-01
   1.4332151e+01   2.0656776e+00  -6.2127736e+00  -4.1756195e+00   9.5746924e-01   6.5334215e+00   1.0146085e+01   9.1479710e+00   5.6904428e+00   2.9172829e+00   4.9615036e-01  -5.6381557e-01  -2.6704339e+00   6.4011421e+00   6.3119839e+00   2.9315074e+00   8.9440771e-02  -3.4890072e-01  -1.5057850e+00   9.9441184e-01   5.4971869e-01  -1.1165832e+00  -5.4071135e-01   1.3677272e-01
   1.2573384e+01   2.9728024e+00  -3.1468018e+00  -2.6059924e+00   7.1072312e-01   3.7763804e+00   7.8902517e+00   9.3192586e+00   7.1474150e+00   2.5901214e+00  -4.1897856e-01  -5.5165832e-01  -5.1891841e+00   7.2068524e+00   3.9896078e+00   3.5031411e-01   1.1020525e-01   2.4689310e+00  -1.6735768e+00  -1.3955577e+00  -2.6557851e+00  -2.0293440e+00  -6.2670471e-02   4.2800638e-01
   1.0442681e+01   3.9279726e+00  -6.4426784e-01  -2.6835859e+00  -1.6214315e+00   1.9532573e+00   6.2014754e+00   6.3016433e+00   3.4155512e+00   9.7723131e-01  -3.7475778e-01  -3.0766903e-01   1.6820862e+00   5.7546627e+00   5.6787823e+00   1.9456216e+00  -6.3544913e-02  -2.4386727e+00  -7.6717743e-01  -3.2024350e+00  -2.6100717e+00  -1.3358178e+00   5.7972130e-01   5.9897620e-01
   1.4983952e+01   7.7994324e+00   8.6350882e-02  -2.5505366e+00   4.2297341e-01   2.8869148e+00   6.3761618e+00   4.3774910e+00   1.9826150e+00   6.8792027e-01   4.2058431e-01  -5.8254261e-02   1.9442338e+00   4.3872241e+00   3.6162189e+00   1.6163677e+00   8.9896922e-01   4.7394113e-01   8.7477684e-01  -1.8055959e+00  -1.5680207e+00  -5.7068840e-02   1.3894240e+00   5.9183252e-01
   1.5649996e+01   8.2843567e+00   6.8882359e-01  -1.2849150e+00   1.0060267e+00   3.3201452e+00   9.7523639e+00   6.8152023e+00   4.3577352e+00   1.8646568e+00   9.4595088e-01   8.7946701e-02   6.7764797e+00   4.2433838e+00  -2.0881357e+00   2.2309685e+00   7.3349529e-01  -1.6627105e+00   4.5511638e+00  -2.6270833e+00   1.4079064e+00   3.4708932e-01   2.3475406e+00   3.4060375e-01
   1.2886077e+01   7.3754465e+00   1.6109807e+00  -8.8077625e-01   7.4544781e-01   3.8038481e+00   7.4269728e+00   6.3540853e+00   4.3242919e+00   2.0608054e+00   1.0048031e+00   1.3828259e-01   1.1602807e+00   7.4564638e-01  -4.1057969e-02   1.0308908e+00  -7.2989927e-01  -1.2123395e+00   9.7477334e-02  -1.3023521e+00   1.1612043e+00   1.1856821e+00   9.0937329e-01   1.1676426e-01
   2.1656338e+01   1.0505041e+01  -4.5387863e+00  -1.7201332e-01  -6.8242581e-01  -9.9927506e-01   1.2502816e+01   1.3727212e+00   4.3565724e+00   8.1142275e-01   2.8544437e+00   1.0496816e-01  -1.9896207e+00  -9.0168755e-01   1.2546427e+00   5.9917734e-01  -3.2668038e-01  -6.1266384e-01  -4.2751226e+00  -1.8886844e+00  -7.8512856e-01   8.0619548e-01   2.2478542e-01   1.3008890e-01
   1.3721202e+01   7.8075596e+00   2.6385689e+00  -1.5606513e+00   1.7235077e-01   3.2281157e+00   5.1471520e+00   5.1452034e+00   3.7250029e+00   2.9930605e+00   8.3039785e-01   1.0838139e-01   5.3431737e-01   1.0981569e+00   4.8681472e-01  -6.3607924e-01   2.3538713e+00   3.6231042e-01  -1.8647138e+00  -1.1678097e+00  -5.4957074e-03   3.5467470e-01   1.7626149e-01   2.2674562e-01
   1.2248002e+01   6.7157688e+00   2.0569935e+00  -4.6211493e-02   8.0255468e-01   2.6890157e+00   4.4795903e+00   4.5866166e+00   3.4796869e+00   2.6078225e+00   1.3703316e+00   2.9803065e-01  -4.6249322e+00  -4.8157707e-01   3.7965524e+00   4.1410779e-01   2.0271355e+00   2.0131852e+00  -4.1177483e+00   1.2389464e+00   7.0198966e-02   3.9066078e-01  -7.9786349e-01   1.8841021e-01
   1.8391721e+01   1.0917318e+01  -9.5668710e-01  -1.8977960e+00   3.5337645e+00   2.5031684e+00   8.6415147e+00   2.9954231e+00   4.7544910e+00   1.6946175e+00   2.0112514e+00   3.8186977e-01   2.8965088e+00   2.3351827e+00  -2.3891634e+00  -2.0804157e-01   8.9716673e-01   5.7932702e-01   1.9723286e+00  -3.7193884e+00  -1.4732240e+00  -1.5825077e+00   8.3479100e-01   1.1644270e-01
   1.2383680e+01   8.2277965e+00   2.9536704e+00   6.1772075e-01   6.7757061e-01   2.3829764e+00   4.5790119e+00   4.3060310e+00   3.9471267e+00   2.0466354e+00   1.0672217e+00   2.5083928e-01   3.8366242e+00   8.6733289e-01  -2.5262420e+00  -1.3601575e+00   1.4566280e+00   9.9690509e-01  -4.9310858e-02  -3.3640834e+00  -1.8035309e+00  -2.5834085e-01   7.3965578e-01   1.7117939e-01
   1.7998126e+01   1.0554320e+01  -1.3935146e+00  -2.2046797e+00   1.5805929e+00   4.2501259e+00   8.0559341e+00  -2.9358649e-01   1.2814470e+00   8.9989257e-01   2.2341393e+00   3.0664112e-01  -1.9940508e-01  -1.9431038e+00  -7.7985416e-01  -6.5460956e-01  -6.4981643e-01   5.7619052e-01  -3.8774937e+00  -2.5190256e+00  -2.3537148e+00   1.2332434e+00   8.7030065e-01   2.5228280e-01
   1.8199736e+01   8.1982672e+00  -1.5139556e+00  -1.9330059e+00   3.9640824e+00   3.3108946e+00   4.6984143e+00   1.1849963e+00   2.5109126e+00   2.6176737e+00   2.3683713e+00   5.9241406e-01   1.7496921e+00  -2.6471559e-02  -2.0416506e+00  -1.2726820e+00   8.7664384e-01   3.3153266e-01  -2.3211399e+00  -1.7045471e+00  -1.6116824e-01   1.3765515e+00   9.6849125e-01   2.4829687e-01
   1.5184585e+01   8.0174269e+00   1.0734465e-01  -1.6043470e+00   9.1578393e-01   2.9034951e+00   2.7655728e+00   7.7740214e-01   1.9420260e+00   3.2589636e+00   2.6661275e+00   5.8950658e-01  -2.0628713e+00  -1.1149899e+00   1.1816438e+00   1.5386358e+00  -7.6384094e-01  -1.5512456e+00  -4.0436724e+00   9.1631713e-01   1.4943593e+00   1.3778700e+00   1.9325881e-01   1.3400403e-01
   1.6414989e+01   9.4565356e+00  -8.5923522e-01  -1.5914686e+00   2.3249409e+00   3.5535908e+00   3.7424827e+00   1.2137161e+00   3.3750849e+00   2.9319271e+00   2.3039645e+00   4.8185186e-01  -1.8092423e+00  -6.5020676e-01   6.6634739e-01   1.3939495e+00  -1.5168902e+00  -1.1556115e+00  -1.4856658e+00  -5.6202930e-01  -4.5191007e-01  -5.0209572e-01   5.7505174e-02   2.0533006e-02
   1.5796193e+01   8.2527007e+00   5.1590883e-02  -6.7494675e-02   1.2544023e+00   1.8019094e+00   2.4683913e+00   1.0665293e+00   3.0908999e+00   2.8095708e+00   2.5562310e+00   5.6292827e-01   1.1900309e+00  -1.6578620e+00  -1.3901389e+00   3.2460328e-01   1.3193941e-01  -1.4101425e+00  -3.1829517e-01  -5.9622468e-01  -1.1542048e+00  -7.6400840e-01   4.1312991e-01   2.7372195e-01
   1.5180069e+01   7.1053202e+00  -4.8655768e-01  -6.1050781e-01   1.5194380e+00   2.1282701e+00   2.6185064e+00   1.9738875e-01   1.2586105e+00   2.0892265e+00   2.5095774e+00   6.3650272e-01   1.8291762e-01  -2.5738401e+00  -1.4426773e+00   6.7125646e-01   7.9650860e-01  -9.0216868e-01  -2.2206488e+00  -2.0203997e+00  -2.0599399e+00  -1.7345012e-01   6.5419002e-01   2.8414006e-01
   1.7587092e+01   6.7062416e+00  -2.1642025e+00  -1.6079225e+00   1.5164445e+00   1.5009417e+00   2.8501182e+00   3.9122881e-01   1.2689560e+00   2.5343013e+00   3.1830159e+00   9.2276407e-01  -3.6097316e-01  -9.3932416e-01  -1.6830429e+00   2.8523489e-01   3.0110676e+00   2.8995477e+00  -1.4939185e+00  -1.4447307e+00  -7.2811177e-01   1.2003697e-01  -2.7408430e-01  -2.3167941e-01
   1.5793916e+01   6.3690050e+00  -1.9153545e+00   1.8563000e-01   3.3886827e+00   2.3508216e+00   2.2064604e-01  -1.4792332e+00   1.1961470e+00   2.8093867e+00   2.9718570e+00   7.2814405e-01   9.4406991e-01  -2.4247088e-01  -1.8125944e+00   1.2458974e+00   3.1928443e+00   2.7987184e+00   4.2644874e-01  -2.5158980e-01   2.8316239e-02  -2.1306062e-01  -4.6125009e-02  -2.1440398e-01
   1.4947809e+01   7.2118721e+00  -1.7585750e+00  -3.7711239e-02   4.8363814e+00   6.0399552e+00   1.4264437e+00  -2.6225580e-01   2.0299640e+00   2.6295461e+00   1.9139647e+00   1.6958849e-01  -1.0669625e+00  -1.4118401e+00  -1.1796511e+00   1.7251396e+00   3.0236132e+00   2.5957080e+00   8.9475343e-02   6.0333730e-01   1.1627504e+00   2.5264559e-01  -6.5180059e-01  -4.2822004e-01
   1.7915815e+01   6.4887986e+00  -3.4082630e+00   4.7323267e-01   4.6487359e+00   4.0568410e+00   3.9700168e+00   1.4674635e-01   9.2058090e-01   1.7220131e+00   3.0749155e+00   6.9148455e-01   1.5431086e-01  -1.8691103e+00  -1.9708934e+00  -3.2212476e-01   9.1560536e-01  -3.9073617e-01  -9.1126111e-01   9.3971441e-01   1.3824630e+00   8.4529565e-01  -1.1721274e-01  -3.7377010e-02
   1.4925699e+01   4.5285847e+00  -3.1872249e+00   8.3598558e-01   5.4218376e+00   4.5414940e+00   1.1096459e+00   4.8324497e-01   3.1508647e+00   3.4569565e+00   2.1537858e+00   2.9876376e-01  -3.2992188e+00  -2.8985478e+00   4.1932527e-01   1.1967138e-01  -1.0139405e+00  -3.6136018e+00  -3.3287938e+00   1.6517648e-01   1.8698655e+00   2.0271213e+00   1.0510908e-01   1.4684457e-01
   1.6036437e+01   4.9069833e+00  -4.1573697e+00  -7.3440555e-01   4.4693626e+00   2.5139479e+00  -9.8784670e-01  -4.4241198e-01   2.7093912e+00   3.6636250e+00   2.6761274e+00   6.0749090e-01  -3.3806110e+00   4.9284936e-02   2.6466885e+00   1.3473663e-01  -1.3767279e+00  -1.6474666e+00  -3.8993392e+00  -2.2083181e+00  -8.3688311e-01   5.6230322e-01  -4.9098416e-01  -1.3087598e-01
   1.0938670e+01   3.6549580e+00  -7.5503376e-01   7.4561494e-01   3.4051574e+00   1.3909990e+00  -1.0878153e+00   2.8008809e-01   3.9403571e+00   4.6994222e+00   2.2710224e+00   4.3185216e-01  -9.1588235e-01   9.8991697e-01   2.6778508e+00   9.7539787e-01  -8.4153670e-01  -2.0845598e-01   1.4580344e-01  -1.5403015e+00  -2.4609718e+00  -9.4764563e-01   1.7427496e-01   1.1598739e-01
   1.4838413e+01   6.9995394e+00  -6.5432587e-01   7.2052293e-01   3.5919841e+00   3.1608886e+00  -7.8026138e-01  -3.0641524e+00  -7.2949001e-01   1.9442351e+00   2.2798210e+00   4.2862639e-01  -1.0084986e+00   1.1012387e+00   2.5928259e+00   8.8885573e-01  -6.6540025e-01   1.7464519e+00   1.9125606e+00  -9.6038028e-01  -2.7550177e+00  -9.4759031e-01   4.4552227e-01   7.3103347e-02
   1.4150887e+01   4.9671821e+00  -9.2197068e-01   1.5716181e+00   4.5982218e+00   3.9053397e+00   1.2245584e+00  -5.1633704e-01   1.1788476e+00   2.8951830e+00   2.6133514e+00   5.6217710e-01   3.8067095e-01  -6.8606015e-01  -2.4515887e-01   1.2115344e+00   1.9902733e+00   2.1059098e+00   1.5787133e+00   7.5129954e-01  -3.6525136e-01  -7.2364147e-02   4.5846058e-01   1.8923124e-01
   1.2917581e+01   5.9027293e+00  -1.8466245e-01   1.8587645e-01   2.8747300e+00   3.8764554e+00   7.2480736e-01  -1.4847698e+00  -4.2380538e-02   3.1443592e+00   3.1732462e+00   6.5198345e-01  -3.6574144e+00  -2.7684397e+00   2.1160731e-01   1.1398328e+00   1.4077557e+00   1.3615457e+00   1.4898490e+00   1.7354855e+00   9.7042183e-01   2.2779146e-01  -4.5895681e-01  -1.9775703e-01
   1.2470092e+01   3.1742727e+00  -1.3576038e+00   2.8302398e+00   6.7491943e+00   4.1920802e+00   5.2772027e-01   6.1734611e-01   3.0489254e+00   3.9908139e+00   2.5120006e+00   6.0402048e-01  -7.5070198e-01  -1.2304540e+00   6.2160477e-01   1.6798017e+00   1.7641564e+00  -3.7844731e-01  -1.0487104e+00  -6.5914728e-02   3.8547568e-01  -4.4265376e-01  -1.2913611e+00  -3.7435511e-01
   1.0192689e+01   3.7433345e+00  -1.1909836e-01   1.8009613e+00   4.6281314e+00   5.0598368e+00   1.8029312e+00  -1.0277657e+00  -2.0889616e-01   1.7381068e+00   1.6420612e+00   1.1106914e-01   6.1129584e-01  -1.8430556e-02   8.2115526e-01   1.7188568e+00   1.9576911e+00   3.6475969e-01   1.4954090e-01  -3.2532152e-01  -7.5616520e-02  -1.0601778e+00  -1.3695292e+00  -3.9273681e-01
   1.4387280e+01   4.2011986e+00  -2.2345572e-02   3.2837783e+00   6.3677557e+00   2.7459780e+00  -8.8756907e-01  -8.4371120e-01   1.8403189e+00   2.9343285e+00   1.4419024e+00   2.7110159e-01   2.3208269e+00   2.1885340e+00   1.1000868e+00   2.6886720e-01   1.5099732e+00   1.8212523e+00   5.3132015e-01  -2.3583835e+00  -2.2226228e+00  -9.1462534e-01  -2.1269221e-01  -2.9689507e-02
   1.2875930e+01   5.3616206e+00   3.7944134e-01   2.5373924e+00   6.0019860e+00   5.1466460e+00   1.6567634e+00  -1.2422235e+00   4.4849792e-01   2.0823351e+00   1.6540015e+00   2.2933769e-01   1.1935434e+00   8.4071997e-01   5.2233070e-01   9.4253600e-01   2.6812244e+00   2.4163688e+00   8.4918304e-01  -6.4191495e-01  -7.3414488e-01  -7.4785243e-02   5.9146372e-02   1.5063873e-01
   1.4609712e+01   5.6479307e+00   4.3256596e-02   2.8653251e+00   8.3272268e+00   6.8805541e+00   1.3977844e+00  -2.8130002e+00  -6.1370591e-01   2.4467618e+00   2.1869921e+00   5.0035195e-01  -7.0657008e-01   7.7346546e-01   5.6066133e-01   4.5547918e-01   1.1898426e+00   1.8992661e+00   8.2202532e-01  -1.5739296e+00  -1.9545109e+00  -6.1079060e-01   4.6640740e-01   1.3392196e-01
   1.1871788e+01   4.2810484e+00   6.3159660e-01   3.4239919e+00   7.6702324e+00   6.6171020e+00   1.9340290e+00  -1.0059936e+00  -8.3101087e-02   1.8697123e+00   1.3582358e+00   2.2240205e-01  -5.9298151e-01   3.8549909e-01   1.0580259e+00   1.2426144e+00   1.0716637e+00  -1.8271627e-01  -1.1003254e+00  -1.4644612e+00  -1.0065600e+00   1.5911535e-01   6.6718407e-01   2.4234836e-01
   1.3829496e+01   5.9016829e+00   6.9256878e-01   3.5236973e+00   7.3183964e+00   4.8596492e+00   2.0683609e-01  -3.3227205e+00  -8.2564801e-01   2.1244540e+00   2.2893963e+00   4.7545234e-01   7.1842951e+00  -2.0238919e+00  -3.2871220e+00   3.7535425e+00   2.0345801e+00  -4.1418820e+00   2.5678363e+00  -5.2884368e+00   2.5043500e+00  -2.5634892e+00   7.3317703e-01  -1.3041587e-02
   1.2376566e+01   5.8129931e+00   1.6418241e+00   4.0721278e+00   8.1138968e+00   5.8830240e+00   6.0174938e-01  -3.1840552e+00  -9.5537106e-01   2.4821620e+00   2.6035755e+00   6.0531003e-01   5.8141681e+00  -4.3835442e-01  -3.1215461e+00   6.0831980e-01   1.4535777e+00  -1.3106528e+00   1.7466802e+00  -3.3249088e+00   8.8718935e-01  -1.4598794e+00   5.3863911e-01   6.4532939e-02
   2.5133766e+01   1.8461205e+00  -5.3925401e+00   8.1715709e+00   1.1157265e+01   1.0347701e+00   5.9156787e+00  -9.6566247e+00   3.5789541e+00  -1.7046968e+00   2.6640878e+00   2.8933559e-01   5.1437771e+00   6.2315834e-01  -4.6701301e+00  -1.7693490e+00   3.1229073e+00   6.2490147e-02   1.8205711e+00  -4.1600743e-01   7.8193671e-01  -1.1833902e+00  -4.1638596e-02   1.7089565e-01
   1.4940906e+01   5.6512979e+00  -1.0081681e+00   2.0125348e+00   7.9311647e+00   6.5635623e+00   1.6996281e+00  -2.8264048e+00  -9.5461813e-01   1.5944686e+00   1.9788487e+00   4.1225984e-01  -3.0482537e+00   1.9672912e-01   9.5488264e-02  -1.8222093e+00  -2.5197724e-01   5.0922257e-01  -9.4362025e-01   3.3779842e+00  -1.5395047e-02   3.7612579e-01  -1.2301768e+00  -2.3910425e-01
   2.0262992e+01   6.9172680e+00  -4.9876304e+00   1.8994704e+00   1.2094123e+01   4.6131153e+00   2.3887534e+00  -4.1255569e+00   3.4688059e-01   7.9321533e-01   2.5393018e+00   8.2832091e-01  -1.8878511e+00   1.0176007e+00   2.3756760e-01  -4.1830725e-01   6.7382266e-01  -2.5438302e+00   4.3812390e-02   3.3736972e+00   1.5973067e+00   1.0304128e+00  -5.0989564e-01   9.9344419e-02
   1.0239572e+01   3.5725131e+00   1.5826016e+00   4.4748641e+00   7.2675016e+00   4.8576853e+00   9.4978167e-01  -8.8261286e-01   6.3757314e-01   1.7973946e+00   8.2070340e-01  -2.2839014e-02   1.2181542e+00  -5.0282208e-01   1.4953507e+00   3.8590397e+00   1.7826615e+00  -2.2238821e+00   1.5782255e-02  -3.2704374e+00  -4.5859618e-01  -9.5021949e-01  -2.1315140e-01  -1.8467137e-01
   2.4652656e+01   4.4119139e+00  -6.3315736e+00   6.3129454e+00   1.2499830e+01  -1.9280367e+00   6.3563205e+00  -5.5679749e+00   5.1788185e+00  -2.6054057e-01   2.4783170e+00   6.5590164e-01  -1.3567350e+00   3.0035046e-02   3.0736644e+00   1.9369458e+00   1.4806594e-01   2.8150388e+00  -2.2430502e+00  -3.7458107e+00  -3.7107155e+00   7.2358876e-02  -3.2043986e-01  -4.0384090e-01
   1.4573305e+01   6.1497418e+00   1.9068296e+00   5.5943568e+00   1.0402303e+01   6.4983152e+00  -2.6048212e-01  -7.0108519e+00  -4.0584814e+00   6.9601735e-01   1.6896140e+00   2.2146242e-01   7.8494324e-01   2.2891803e+00  -1.6908199e-01  -3.1304764e+00   2.5735318e-02   5.1638922e+00  -1.7687513e+00  -3.3518451e+00  -5.5971707e+00   1.7324421e-02   3.9723235e-01  -8.8849866e-02
   1.6061023e+01   5.6737062e+00  -5.3924771e-01   4.2451428e+00   1.0748821e+01   8.0153586e+00  -3.7069004e-01  -6.6801534e+00  -2.8711654e+00   1.4524423e+00   1.6241867e+00   1.0040884e-01  -4.3058477e+00  -8.0430099e-01   1.8969228e+00  -1.6519845e+00  -1.3726643e+00   6.3103144e+00  -3.0926392e+00   6.1588292e-01  -4.5310113e+00   1.0713262e+00  -4.5779608e-01  -4.3557932e-01
   1.5712803e+01   6.3753874e+00  -1.5671843e+00   8.1305087e-01   8.1816091e+00   7.6318259e+00   1.6601600e+00  -5.3542912e+00  -3.7331909e+00   9.6688982e-01   1.8436171e+00   1.2163259e-01   3.0627565e-02  -1.6543159e+00  -1.8233627e+00  -5.4443213e-01  -1.3975982e-01   4.8949074e-01   1.5393555e+00   2.7932784e+00   1.7165370e+00  -1.2582843e-01  -6.8077114e-01  -2.5703800e-01
   1.7624135e+01   3.0926396e+00  -1.7491824e+00   6.2256216e+00   1.1551181e+01   6.9706795e+00   7.5704068e-01  -5.4724308e+00  -1.7803437e+00   1.2110125e+00   1.7146214e+00   5.2447582e-02  -3.2753946e+00  -9.3074886e-01   2.6148764e+00   1.7552652e+00  -1.4919900e+00  -2.1974921e+00  -3.4553913e-01   3.0725768e+00   2.2133411e+00   3.9800547e-01  -6.5808120e-01  -1.5735914e-01
   1.3837690e+01   4.9588013e+00  -2.2324719e-01   3.7874692e+00   9.7914839e+00   7.7548908e+00   1.4846858e+00  -3.4247955e+00  -2.0290867e+00   6.2798960e-01   6.2323996e-01  -1.4011394e-01  -1.8542578e+00   2.5556938e+00   1.7258558e+00  -1.7596054e+00  -9.1491735e-01   1.5274883e+00   7.7062214e-01   2.1893383e+00   2.0529002e+00   7.0501619e-01  -8.0818872e-01  -2.5544580e-01
   1.2085488e+01   4.9858760e+00   2.7110983e+00   5.3908315e+00   7.7058990e+00   4.6575879e+00  -8.0126163e-01  -3.0360360e+00  -4.0320587e-01   2.2189006e+00   1.2472534e+00  -4.7566070e-03   1.0239835e+00   5.5236897e+00   1.1608041e+00  -3.3099913e+00  -1.8637064e-01   1.8590876e+00   2.7488017e+00  -9.8356224e-01  -5.0641012e-02  -1.7168384e-01  -6.3820777e-02  -6.0947150e-02
   1.5700740e+01   9.2623100e+00  -1.2085410e+00  -1.4089622e+00   8.7318741e+00   1.1079604e+01   3.5952444e+00  -3.2884812e+00  -1.3424095e+00   1.5204701e+00   8.6501799e-01  -2.3293402e-01   1.5778880e+00   3.3412823e+00   1.6879041e+00  -3.2533032e-01   1.5720963e-02   3.3523563e-01   1.2773246e+00  -1.5584042e+00  -9.0421731e-01  -6.8186328e-01   3.0325052e-01   1.6825236e-01
   1.8228585e+01   9.2264198e+00   4.8467057e-01   3.8588504e+00   1.1801430e+01   8.0969543e+00   3.8249639e+00  -7.0159314e+00  -2.1996439e+00   5.0724651e-01   1.4980012e+00   7.4368959e-03  -6.0950008e-01   6.0102012e-01   2.6616571e+00   3.3145559e+00   1.5991363e+00   7.8571230e-02  -9.1359645e-02  -5.5823049e-01  -1.5287821e+00  -1.7676782e+00  -6.8027638e-01  -3.2085813e-02
   1.3132974e+01   7.8504529e+00   3.4218228e+00   4.0654643e+00   7.7672998e+00   6.5380611e+00   1.0875600e+00  -3.7724541e+00  -2.4871936e+00   4.6102173e-01   9.5274187e-01   1.0616785e-01  -1.9946192e+00  -9.5922735e-02   4.7949191e+00   6.7141132e+00   7.0448160e-01  -2.9494227e+00  -1.9241104e+00  -8.2071403e-01  -1.0237690e+00  -1.9996600e+00  -7.1403114e-01  -1.5909512e-02
   1.2455121e+01   6.5933347e+00   4.3884021e+00   7.6254520e+00   1.0586891e+01   7.0462163e+00   3.1554110e-01  -3.6313953e+00  -2.1239870e+00   9.7107405e-02   1.8297693e-01  -2.2243626e-01  -1.8995936e+00   1.1617373e+00   3.2214977e+00   2.5380414e+00  -1.9851840e+00  -2.1394513e+00  -1.4838338e+00   1.2874786e+00   2.5633095e-01  -1.5653728e+00  -1.2808264e+00  -2.8209434e-01
   1.5595544e+01   1.0434968e+01   4.0319718e+00   6.7789068e+00   1.0395866e+01   7.1808392e+00   2.4637902e+00  -6.2118203e+00  -2.9158915e+00  -1.2739504e+00   4.5148341e-01  -1.4186171e-01  -6.1169534e-01   1.0293504e+00   2.1597257e+00   1.4412070e+00  -2.3225701e+00  -3.3246516e+00  -1.0884548e+00   1.1702247e+00   1.6060804e+00  -2.4314746e-01  -5.6253650e-01  -2.3615991e-01
   1.4147910e+01   9.6767680e+00   5.0118426e+00   6.3091911e+00   7.5093709e+00   4.5663883e+00   9.1109808e-01  -3.8650304e+00  -1.6007985e+00  -9.7332667e-01  -1.7260916e-01  -2.9168983e-01  -1.2069389e+00  -5.4009858e-01   3.4010469e-01  -1.3584123e+00  -3.2058288e+00  -1.9435925e+00  -8.0282434e-01   2.1305591e+00   1.3923467e+00   1.1572515e+00   3.9179914e-01   1.0962282e-01
   1.1369036e+01   7.8527619e+00   6.3496911e+00   6.8854052e+00   5.8222045e+00   2.7909977e+00  -8.4290067e-01  -1.9002995e+00  -3.3966725e-01   6.3151757e-01   2.8673017e-01  -2.1344523e-01   1.1430113e+00  -4.3406093e-01  -2.6760247e+00  -3.1009780e+00   2.2751881e+00   3.8812391e+00   2.1383715e+00  -6.2777081e-01  -1.6409836e-01   1.4489918e+00   1.1621620e+00   1.9316055e-01
   1.2757966e+01   7.0742901e+00   3.7396995e+00   5.5345845e+00   8.0649782e+00   6.3257482e+00   7.6465003e-01  -2.5913170e+00  -1.3235791e+00   8.8025070e-01   8.5305225e-01  -2.2210279e-02   6.5105466e+00   2.4718554e+00  -7.9648804e+00  -7.8755882e-01   9.9767302e+00   7.7408995e+00   5.8238310e+00  -6.7695383e+00  -1.6404599e+00  -1.2721952e+00   1.4605619e+00   2.1943828e-01
   1.8005033e+01   1.1085116e+01   6.5400641e-01   2.5147431e+00   1.3530845e+01   1.2123018e+01   5.7445715e+00  -7.7903332e+00  -3.3006487e+00  -2.7251314e-02   1.6818957e+00   1.3139333e-02   6.4717125e+00   2.2192520e+00  -6.9389204e+00   7.3486404e-01   1.0111273e+01   7.3211513e+00   4.4211246e+00  -6.5448525e+00  -2.1871534e+00  -2.2979290e+00   4.9983929e-01   4.3412749e-02
   2.0595732e+01   1.1768374e+01  -4.0876356e+00   7.3131840e+00   1.8620146e+01   1.1511728e+01   6.3531085e+00  -1.1074321e+01  -2.5809976e+00  -2.5522350e+00   1.3206509e+00  -7.5824690e-02  -1.5623436e+00  -1.5879479e+00   5.0005764e-01   3.4413568e+00   1.9664546e+00  -2.2393986e-01  -1.0105884e+00   2.9309153e-01  -1.4079307e-01  -1.3071798e+00  -1.0056302e+00  -1.6129210e-01
   1.7157722e+01   8.8345979e+00  -1.4502189e-01   7.0984015e+00   1.5711530e+01   1.1179735e+01   2.9945570e+00  -7.4760762e+00  -2.9916881e+00  -1.0991330e+00   8.0268979e-01  -1.2151890e-01  -4.9227658e+00  -3.4741488e+00   4.5290677e+00   3.0461194e+00  -3.5457682e+00  -3.7301651e+00  -3.4887209e+00   4.9313312e+00   5.4011280e-01  -3.2292713e-01  -1.5896906e+00  -5.1288195e-02
   1.0838106e+01   5.8176273e+00   4.8893001e+00   8.4047904e+00   9.9243176e+00   6.4614798e+00   6.2377463e-01  -2.3088082e+00  -1.6892490e+00  -5.4457815e-01  -2.1579015e-01  -1.9681932e-01   7.1692411e-01   7.5024744e-01   2.1246083e+00   1.8664092e+00  -1.1564061e+00  -4.7874199e+00   7.4883780e-01   5.0236862e-01   1.6994242e+00  -7.0458585e-01  -1.8321553e-01   1.2241699e-01
   1.5499697e+01   8.8492662e+00   2.9591401e+00   6.5381190e+00   1.2560107e+01   9.0528941e+00   3.3761571e+00  -4.7760927e+00  -2.9363538e+00  -1.5154704e+00   6.5580258e-02  -3.2956449e-03   2.8926923e+00   3.1410963e+00   2.2388629e-01   1.1141275e+00   6.8395809e-01  -1.6587853e+00   2.7371189e+00  -1.6026909e+00   3.9561120e-01  -1.0646313e+00   4.4230772e-01   1.1647330e-02
   2.2500131e+01   1.2886411e+01  -2.4528041e+00   1.0392939e+01   1.8461248e+01   5.3940181e+00   7.2855651e+00  -1.1670760e+01  -5.9528426e-02  -3.4009451e+00   1.4143823e+00   4.8689164e-02   3.3171843e+00   2.5568656e+00  -1.8892680e+00  -2.3978277e+00  -4.5745849e-01   1.2508806e+00   2.3932386e+00  -7.4423938e-01  -2.6451176e-01   2.2798903e-01   8.8712137e-01  -2.3590739e-02
   1.5665748e+01   1.0011850e+01   3.8618597e+00   7.7755184e+00   1.2469001e+01   9.2252880e+00   3.7693401e+00  -5.1991368e+00  -3.2131316e+00  -1.2678965e+00   6.5106512e-01  -2.2680214e-01  -3.7400666e+00  -3.6884492e+00   2.7767489e-01  -1.6520049e+00  -3.1852092e+00   6.6557026e-01  -1.7320855e+00   4.1034085e+00   8.5455747e-01   2.4047850e+00   3.6588387e-01  -4.4059031e-02
   1.5730857e+01   9.0716336e+00   1.6040383e+00   4.1893492e+00   9.2836826e+00   8.2516037e+00   4.0170411e+00  -3.2136453e+00  -1.9476278e+00  -3.2638157e-01   8.2214947e-01  -1.2045218e-01  -8.4969816e+00  -6.6929623e+00   2.5915102e+00  -3.3923200e+00  -7.2375647e+00   3.9259917e-01  -4.9855491e+00   6.4696802e+00  -6.4805207e-01   2.7507564e+00  -5.2155556e-01   3.8639483e-02
   1.3274234e+01   5.2239812e+00   1.3472312e+00   7.1619066e+00   1.2371076e+01   8.6224567e+00   2.4122909e+00  -2.8495373e+00  -7.1046791e-01   5.5442522e-01   9.1052251e-01   1.5186480e-02  -3.8495620e+00  -3.7797177e+00  -1.3570843e+00  -2.2103451e+00  -3.9379868e+00  -2.5286826e+00  -2.9729647e+00   1.9347270e+00   9.4397478e-01   8.5560076e-01  -1.5404433e-01   2.0579871e-01
   1.0950415e+01   5.2409023e+00   2.6917755e+00   5.6112649e+00   7.6538642e+00   6.2843325e+00   4.8576610e-01  -3.1410392e+00  -2.2829384e+00  -1.8597141e-01   5.0232031e-01  -1.4345922e-02  -1.1508211e+00  -6.1691220e-01  -7.3119345e-01  -7.5857080e-01   1.0929570e-01   3.6820245e-01  -2.1444436e+00  -9.8932925e-01  -7.4037519e-01  -4.5568939e-02  -2.8681971e-01  -3.7165537e-02
   1.2281626e+01   6.2576395e+00   1.2823647e+00   3.7490428e+00   7.3769304e+00   6.4158997e+00   1.0755305e+00  -2.3333494e+00  -1.6295141e+00  -5.4700471e-02   5.7991321e-01   2.8842788e-02   3.3244724e+00   8.5541063e-01  -1.4942270e+00   3.0918524e+00   7.3443586e+00   3.9392144e+00   1.2685986e+00  -4.5501261e+00  -2.0466629e+00  -1.4247213e+00  -2.5500214e-01  -3.1039803e-01
   1.4500929e+01   7.6294361e+00   5.3968141e-01   4.7579249e+00   1.1944699e+01   9.9071859e+00   1.4687560e+00  -4.9557331e+00  -2.5986675e+00  -9.0172129e-02   5.5722455e-01  -1.8302864e-01   2.1536523e+00  -6.2249167e-01  -5.4432875e-01   4.9715034e+00   8.7850913e+00   4.4460742e+00   6.6957918e-01  -3.7767627e+00  -9.1015684e-01   5.0941428e-02   1.3847747e-01  -3.3665053e-01
   1.6485686e+01   5.3128302e+00   1.8193768e-01   1.2226355e+01   2.1242196e+01   1.2719852e+01   3.8236938e+00  -8.7673795e+00  -3.6225977e+00  -1.6305563e+00   5.0056718e-01  -3.6606920e-01  -7.1367513e-01  -1.5483748e+00   1.0296931e+00   3.0134728e+00   2.8159729e+00   8.2886794e-01  -9.0426726e-01  -1.4918557e+00  -1.6041139e-01   8.2901625e-01   2.2336668e-01  -1.8848045e-01
   1.2078864e+01   4.7795694e+00   2.4254958e+00   8.8298638e+00   1.3898868e+01   9.8014679e+00   1.1605321e-01  -5.5891682e+00  -2.6516318e+00   6.7836867e-01   7.4970953e-01  -3.2186573e-01  -4.0099629e+00  -1.9475121e+00   3.4410279e+00   1.1468066e+00  -4.1232524e+00  -4.3276604e+00  -2.9234701e+00   2.3262364e+00   1.2263472e+00   1.3928279e+00   1.0256084e-01   1.0341490e-01
   1.2422146e+01   5.3600107e+00   1.8839972e+00   6.2332825e+00   1.0623805e+01   7.7120606e+00   3.9548099e-01  -4.2544153e+00  -1.8436490e+00   8.0455350e-01   8.1872074e-01  -1.8445934e-01  -3.8207896e+00   9.7928712e-01   3.7241032e+00  -4.0397972e+00  -1.0203878e+01  -6.5295066e+00  -3.2271164e+00   4.3467100e+00   1.1347873e+00   1.1105992e+00  -3.1052397e-01   1.6457834e-01
   1.0517754e+01   4.6845778e+00   4.8501935e+00   9.4746711e+00   1.1069016e+01   5.9195907e+00  -1.2023427e+00  -3.7228606e+00  -1.6486211e+00   7.8151486e-01   5.5198902e-01  -1.1871122e-01  -2.2957026e-01   2.0174896e+00   2.3749485e+00  -2.0332865e+00  -5.0036033e+00  -3.2534598e+00   5.7530652e-01   2.5308328e+00  -1.3177559e-01  -8.5841525e-01  -5.4881163e-01   1.7578314e-01
   1.1535056e+01   6.8292567e+00   4.5557436e+00   5.8442557e+00   7.3513062e+00   4.8665303e+00  -3.5778283e-01  -3.1804682e+00  -2.4219221e+00  -1.6230568e-02   1.3364148e-01  -2.2077895e-01   3.7668358e+00   2.9016973e+00   1.1052168e+00   2.1383830e+00   3.6647203e+00   3.6801214e-01   4.7953910e+00  -2.1715292e-01  -6.6607637e-01  -2.6602214e+00  -4.4677460e-01   7.3203487e-02
   1.2178053e+01   7.0711808e+00   4.6520453e+00   5.9744474e+00   8.0297125e+00   6.3440435e+00   1.3556449e+00  -2.3298925e+00  -2.5601587e+00  -1.9886217e-01   2.6903172e-01  -4.0031205e-02   9.6023752e+00   4.0302947e+00  -6.0128829e+00   7.0448292e+00   8.9754724e+00  -4.9493956e-01   1.2812325e+01  -2.7358609e+00   4.9512249e-01  -4.6886771e+00   3.3732417e-01  -8.3638059e-02
   1.7242250e+01   8.5192551e+00   3.6408964e+00   1.1190969e+01   1.7640537e+01   8.0518525e+00   6.3095736e+00  -5.2766287e+00  -2.3869948e+00  -2.6955901e+00   2.9003748e-01  -1.1399412e-01   8.8655734e+00   2.7048081e+00  -6.4890791e+00   9.5302502e+00   1.1014269e+01   1.7351238e-01   1.0337260e+01  -3.4047977e+00   2.2947567e+00  -4.3461582e+00   4.3519617e-01  -2.0635620e-01
   2.2067720e+01   9.8850206e+00  -3.7117073e+00   1.7368558e+01   1.9387609e+01   3.5845203e+00   1.4682467e+01  -6.7785717e+00  -9.2340097e-01  -4.9118210e+00   9.7977728e-01  -2.9756073e-01  -4.6913214e-01   5.4317875e-02  -1.3921359e+00   3.0861407e-01  -1.6722353e+00  -2.4649103e+00   3.8530403e-01   1.8813074e-01   1.5288017e+00  -9.8342850e-01  -4.4904131e-01  -1.6142646e-01
   1.9888583e+01   9.4795489e+00  -9.9599873e-01   1.4442576e+01   1.8193762e+01   6.5065604e+00   8.4846957e+00  -6.0633251e+00   2.0183412e-01  -4.1789885e+00   4.3106296e-01  -4.0154849e-01  -8.9342886e+00  -3.6045465e+00   3.0445737e+00  -7.0135566e+00  -1.0585551e+01  -2.0158383e+00  -8.8996260e+00   3.2965888e+00   3.6199789e-01   3.2857075e+00  -5.3268589e-01   1.9913459e-02
   1.0151189e+01   6.6725107e+00   4.8822891e+00   4.8115652e+00   5.2447474e+00   3.4193240e+00   8.4603993e-01  -1.6543482e+00  -1.5613706e+00  -9.3230576e-01  -4.7504298e-01  -1.3839371e-01  -9.9252207e+00  -3.7176702e+00   5.3732342e+00  -1.2175762e+01  -1.0983712e+01   1.8319192e+00  -1.1860193e+01   2.6543018e+00  -2.1943598e+00   4.6208519e+00  -3.8325263e-01   2.2856232e-01
   9.7990827e+00   4.7186902e+00   3.9107587e+00   6.9491305e+00   8.8336411e+00   5.1106932e+00  -1.2165186e-01  -2.8938574e+00  -1.5250131e+00   2.4321343e-01   2.1841877e-01  -1.6370744e-01   4.5524999e-01  -2.0727941e+00  -2.6522394e+00  -3.6615627e+00   4.5229477e+00   5.6204325e+00  -1.2086273e+00  -2.5985635e+00  -1.5029465e+00   1.7804541e+00   8.2962323e-02  -9.2444232e-02
   1.2224639e+01   6.6889446e+00   1.8947653e+00   2.8516381e+00   7.5921006e+00   7.0303327e+00   1.1953514e+00  -4.3818529e+00  -3.3515171e+00  -1.9164418e-01   5.1122044e-01  -7.3637768e-02   8.3338147e+00   8.6054226e-01  -7.5052450e+00   1.3541404e+00   1.2992730e+01   7.7336345e+00   3.5914954e+00  -5.0779695e+00   2.7899573e-01   1.5238863e-01   8.2011515e-01  -1.9036692e-01
   1.9534733e+01   6.3621409e+00  -3.4805959e+00   9.9301951e+00   2.3804507e+01   1.3131705e+01   6.4970990e+00  -8.5974179e+00  -1.1575123e+00  -1.8786381e+00   6.2374735e-02  -5.7259281e-01   2.3303801e+00  -1.1524082e-01  -1.1657312e+00   3.1439457e+00   6.3360381e+00   3.1320449e+00   6.5715075e-01  -1.8244312e+00   5.2754736e-02   2.1559055e-01   3.5245046e-01  -1.0248084e-02
   1.7784086e+01   7.1415988e+00  -2.6799011e+00   5.3522436e+00   1.7248410e+01   1.1009270e+01   2.9239076e+00  -6.4195221e+00  -1.3266274e+00   3.5720294e-01   8.3315176e-01  -2.1950140e-01  -2.7436732e+00  -7.9933694e-01   3.2454839e+00   1.4278837e+00  -2.9382370e+00  -2.3588249e+00  -2.2774182e+00   2.3306055e+00   6.3227745e-01   1.2579045e+00   4.1533073e-01   2.2897508e-01
   1.0514929e+01   4.3195019e+00   4.4494950e+00   1.0414746e+01   1.3509544e+01   7.8192919e+00  -2.0387131e-04  -4.6116696e+00  -2.4583259e+00   2.9217570e-01   5.8612880e-01  -1.0614774e-01  -7.9415130e+00  -1.1251781e+00   6.1744886e+00  -3.5980313e+00  -1.3948811e+01  -6.9652582e+00  -4.5657739e+00   5.1226194e+00  -6.0082023e-01   1.3533595e+00   1.2844471e-01   4.1682584e-01
   1.2619031e+01   6.5112587e+00   2.7979457e+00   4.7511881e+00   8.3322265e+00   6.1483019e+00   1.0278755e+00  -2.8788189e+00  -1.7526941e+00   6.0980568e-01   8.7233950e-01   3.6602317e-02  -5.2143007e+00  -1.6437620e+00   3.0375252e+00  -1.6864016e+00  -8.2977146e+00  -5.0060677e+00  -1.9956315e+00   2.8538670e+00   7.7398845e-02   5.2594616e-02  -2.5011124e-01   9.6883816e-02
   1.0204990e+01   4.9895438e+00   3.0422136e+00   4.8336758e+00   7.3393820e+00   5.1143014e+00   5.9645429e-01  -2.6838405e+00  -1.8457093e+00   2.5099785e-02   2.3544793e-01  -7.5405917e-02   6.8146387e+00   1.6993435e+00  -7.2274482e+00  -9.0492162e-02   5.2463647e+00  -1.5389420e+00   3.9794314e+00  -1.8280105e+00   1.8774365e+00  -9.7242924e-01   7.9085639e-01  -4.0259409e-02
   1.0117605e+01   4.3409349e+00   2.5800274e+00   5.6131764e+00   7.8869186e+00   4.8526635e+00  -3.6786876e-01  -3.1026361e+00  -1.5168374e+00   5.6963282e-01   6.3332533e-01  -8.9546593e-02   4.7776199e+00   1.7532804e-01  -4.9988604e+00   2.6820723e+00   8.8745432e+00   3.6628889e+00   3.3558548e+00  -1.8262021e+00   1.4773817e+00   1.3990738e-01   5.9583985e-01  -1.3453735e-01
   2.1987601e+01   7.9536791e+00  -6.2827181e+00   9.8480139e+00   2.1601745e+01   6.1586980e+00   6.6668154e+00  -7.2417768e+00   2.3990054e-01  -1.1463817e+00   1.8919205e+00  -1.0346240e-01   6.2354681e+00   1.8000247e+00  -4.2550814e+00   1.3134963e+00   9.0117918e+00   5.5564209e+00   3.0909575e+00  -2.8814153e-01   8.0884202e-01  -2.1611846e-01  -1.7917456e-02  -5.3070304e-02
   1.3894156e+01   5.2921831e+00  -3.7879024e-02   6.2671274e+00   1.4512860e+01   1.1120437e+01   3.0264771e+00  -3.3391538e+00  -5.7942653e-01   1.4054075e+00   9.3786299e-01  -1.5117546e-01   2.2836695e+00  -4.7051698e-01   1.9673322e+00   9.7765278e-01   1.6870912e+00   1.6280721e+00   5.6156880e-01   1.0318612e+00  -9.1631942e-01  -8.5714727e-01  -7.5493886e-01   2.1591974e-01
   1.7669917e+01   7.2139567e+00  -2.0314553e+00   6.4769447e+00   1.7544099e+01   1.0315046e+01   3.5357176e+00  -2.9977939e+00  -1.1011517e+00  -7.1696525e-01   5.6302911e-02  -1.2419694e-01  -9.8740385e-01  -1.2788976e-01   2.3992941e+00  -2.9057406e+00  -3.5331049e+00  -2.7463973e-01  -2.7129611e+00   1.3199814e+00  -1.3729866e+00  -4.2754715e-01  -9.8640038e-01   1.5425963e-01
   1.5701951e+01   4.0050206e+00   3.4053943e+00   8.7651902e+00   1.2446378e+01   5.2165976e+00   2.0400334e+00  -3.6768357e+00  -2.2207904e+00  -9.3079633e-01   4.1872583e-01   2.4470028e-01  -3.4420605e-01   7.2658086e-01   1.6760912e-01  -2.1536544e+00  -3.5424726e+00  -2.4650626e+00  -1.6568301e+00  -1.6196307e+00  -1.7442472e+00  -7.2185329e-01   4.2517798e-02   1.1625908e-02
   1.9602597e+01   8.4054256e+00  -4.4054136e+00   4.2403716e+00   1.7335328e+01   8.6986581e+00   3.0905957e+00  -5.0929638e+00  -9.9889739e-01  -6.1960054e-01   6.7188849e-01  -7.0010833e-02   3.7658253e-01  -1.4579544e+00  -1.4879692e+00   5.1512522e-01   3.0232357e+00   2.8066213e+00   2.1020261e+00  -3.5033652e+00  -1.0888068e+00  -8.2683251e-01   2.7971419e-01  -3.3539824e-01
   1.2411506e+01   5.7863199e+00   1.4005138e+00   4.1549324e+00   9.3035364e+00   8.2310370e+00   7.6379296e-01  -4.7210149e+00  -3.2469245e+00   2.7394522e-01   6.9384690e-01  -1.6082966e-01  -3.2045086e+00  -2.3013703e+00  -9.1389850e-01   3.1364840e+00   5.6721000e+00   6.8851638e+00   2.3851028e+00  -9.5828245e-01  -2.8563732e-01  -8.8924420e-02  -2.8669262e-01  -6.5290770e-01
   1.9880013e+01   4.1363754e+00  -3.2609689e+00   9.5547614e+00   2.3650373e+01   1.3017758e+01   7.3268770e+00  -7.7307521e+00  -2.2212948e+00  -2.5595848e+00   3.3831367e-01  -4.2452932e-01  -4.9570283e+00  -3.0913860e+00   3.8556340e+00   4.1859338e+00  -1.0050879e+00   1.2997979e+00  -5.4237335e-01   1.1899106e+00  -8.5011599e-02   3.8198873e-01  -2.8866094e-01  -2.9085842e-01
   1.0756480e+01   2.6874902e+00   1.4623242e+00   1.0812721e+01   1.7797006e+01   1.3384793e+01   3.4995469e+00  -3.7953653e+00  -2.0380477e+00  -9.4190837e-02   1.5547432e-01  -5.5740203e-01  -3.7740135e-01   1.9422801e-01   1.5855415e+00   2.5453185e+00   1.9094542e-02  -6.3761258e-01  -2.3497950e-02   2.4603293e+00   1.2881722e+00   1.4312214e-01  -4.2173487e-01  -8.1372424e-02
   1.2994568e+01   5.3177615e+00   1.3471322e+00   7.1903779e+00   1.1580962e+01   8.0714768e+00   9.0915866e-01  -3.7709227e+00  -1.7308532e+00   1.3745059e-01   5.0808337e-01  -3.0801227e-01  -2.1075401e+00   4.6874619e+00   5.1852995e+00  -2.2239074e+00  -9.1959592e+00  -3.9189031e+00  -2.0985208e+00   2.6010342e+00  -3.8790161e-01   7.3165876e-01   2.6326328e-01   3.6514450e-01
   1.5288127e+01   5.4869689e+00   1.4747756e+00   9.1551019e+00   1.5366884e+01   9.7477588e+00   3.9374052e+00  -3.0104357e+00  -1.5598869e+00  -8.5988926e-01  -2.3640260e-02  -3.4114682e-01   3.0481729e+00   6.1136408e+00   3.6032079e+00  -8.2168555e-01  -4.4795930e+00  -4.2335761e+00   1.8670273e+00   8.7976648e-01   1.1918951e+00  -4.9845959e-01   4.3931188e-01   2.6781614e-01
   1.4452880e+01   9.7678289e+00   4.5107547e+00   7.0477101e+00   1.1071495e+01   8.9579209e+00   3.9601667e+00  -4.2216655e+00  -3.0422276e+00  -1.0792474e+00   8.2276588e-01   1.5059816e-02   1.6504664e+00   5.5399024e+00   4.7458372e+00   5.5743799e+00   2.0720283e+00  -3.1298498e+00   2.3932228e+00  -6.0814318e-01   2.5386940e+00  -1.0801990e+00   2.2319638e-01  -6.2131808e-02
   1.4599584e+01   9.6329176e+00   5.2853248e+00   9.6515268e+00   1.1332349e+01   6.5912071e+00   4.7745838e+00  -2.2503441e+00   4.0548208e-01  -2.3353120e-01   6.5710089e-01  -3.1721386e-01   4.6381629e-02   4.4560313e+00   5.3575445e+00   3.9552629e+00  -8.0049684e-01  -4.7179990e+00   2.8870628e-02   2.2917138e-01   1.6781124e+00  -9.2694034e-01  -1.7347013e-01  -5.3049547e-02
   1.5814539e+01   1.1554641e+01   6.5606133e+00   1.5303735e+01   1.6706272e+01   4.9549780e+00   4.0804035e+00  -5.0631832e+00   1.0945033e+00  -1.7960269e+00   5.0250738e-01  -4.1317646e-01   4.2124811e+00   1.4019335e+00  -1.1788772e+00   3.8920978e+00   4.9376028e+00  -6.4344224e+00   3.5033050e+00   1.2378986e+00   2.9001722e+00  -3.2001912e+00  -1.0877294e+00  -3.6535008e-02
   1.4676869e+01   1.1277610e+01   8.4861630e+00   1.0959984e+01   1.1348751e+01   4.6722317e+00   3.9205927e+00  -2.2459198e+00  -1.1110838e+00  -1.8919100e+00  -1.2371620e-01  -2.0660300e-01  -5.3282939e-01  -1.2065600e+00  -1.3413378e+00  -3.8129796e+00  -3.9725700e+00  -3.3755913e+00   1.2741248e-01   2.2474521e+00  -8.9797526e-01  -1.7401528e+00  -9.7037676e-01   2.5313227e-01
   2.0732958e+01   1.1048383e+01   1.1420198e+00   1.2231628e+01   1.8469699e+01   2.6577500e-01   9.6421198e+00  -2.3670298e+00   2.0663137e+00  -5.0503449e+00  -4.1841974e-01  -9.5048124e-02   1.5738338e+00  -1.7299565e+00  -6.8897309e+00  -7.1403507e+00  -3.0566290e+00   1.9864401e+00   4.0692353e+00   3.3737720e+00  -7.4533274e-01  -1.5276444e+00  -4.4309368e-01   2.3204512e-01
   1.1341130e+01   8.0762065e+00   5.9826149e+00   5.4681109e+00   4.4917807e+00   3.8724217e+00   2.1848444e+00  -2.2724275e-01  -1.4273860e+00  -1.2166014e+00  -3.3800070e-01  -9.6579627e-02   1.4772005e+00  -2.2384629e+00  -6.2507483e+00  -3.5192411e+00   2.1456223e+00   6.0959570e+00   3.2693349e+00   2.6771090e-01  -5.3627350e-01  -5.3755705e-01  -2.5770746e-01  -1.0831658e-01
   1.9843160e+01   1.0560408e+01  -2.5222090e+00   7.3391457e+00   1.5549813e+01   8.3345432e+00   1.1052131e+01  -1.0118637e+00   1.3465529e-01  -4.4251479e+00  -5.4990897e-02  -1.2012046e-01  -7.8936997e-01  -2.2671792e+00  -1.3437840e+00  -1.7837891e+00   8.5804228e-01   8.0126365e+00  -1.3601007e-01  -6.4910450e-01  -2.1827258e+00   1.2704426e+00   1.1564336e-01  -1.6319224e-01
   1.7337569e+01   8.1639031e+00   9.4215488e-01   8.1273633e+00   1.6027127e+01   9.7817830e+00   8.1195897e+00  -2.5219365e+00  -9.4966487e-01  -3.0108441e+00  -6.9199181e-01  -3.5654171e-01   1.8873174e+00  -1.5289018e+00  -2.0542670e+00   1.9840028e+00   7.0124042e+00   5.5799684e+00   2.3170082e+00  -6.6762192e-01   3.9003652e-01   2.8639960e-01  -1.3069188e-01  -1.7904283e-01
   1.6550684e+01   7.6037660e+00   1.6465737e+00   8.2263186e+00   1.3989089e+01   9.3300490e+00   6.4707320e+00  -2.1933397e+00  -1.4466356e+00  -2.2475595e+00  -6.7959151e-02  -2.0985545e-01  -6.4618170e+00  -3.2462753e+00   4.8917815e+00   2.9758307e-01  -5.3689824e+00  -1.7409382e+00  -6.3107823e+00   2.0037436e+00   5.9462655e-01   3.1108153e+00  -1.5781841e-01  -2.9456751e-02
   1.5818344e+01   7.2611747e+00   8.1682310e-01   8.0005286e+00   1.5790749e+01   1.1744621e+01   7.9510561e+00  -6.3793764e-01  -5.1685790e-02  -1.8757962e+00  -5.2755440e-01  -3.2027637e-01  -7.0925241e+00  -1.4824867e+00   4.1591684e+00  -2.3623694e+00  -1.0796737e+01  -6.6925024e+00  -6.4035780e+00   2.9531611e+00   1.1357114e+00   2.4210918e+00   4.8711760e-02   8.6982090e-02
   1.0910047e+01   6.1423590e+00   4.8781292e+00   7.8489377e+00   7.6145284e+00   4.7417167e+00   1.6702240e+00   1.0517523e+00   5.7760557e-01  -3.2644886e-01  -3.7393721e-01  -1.8243826e-01  -5.2922397e+00  -1.5146036e+00   2.4382410e+00  -2.6008118e+00  -7.6359420e+00  -4.7261481e+00  -5.4873801e+00   4.3585505e-01  -3.0571083e-01   2.1922410e+00   4.3910487e-01   1.1599710e-01
   9.5191019e+00   6.6708766e+00   5.5651297e+00   4.7724996e+00   3.0193015e+00   2.0371956e+00   9.1447669e-01   2.8525921e-01  -2.5821830e-01  -3.3976178e-01  -4.6593514e-01  -2.3977717e-01   5.0685855e+00  -1.4336541e+00  -5.1028932e+00   1.9885015e+00   2.6442523e+00  -2.7279493e+00   1.8684537e+00  -5.3079061e+00   8.4420540e-01  -8.1694313e-01   1.5872649e+00   2.5937381e-02
   1.1761946e+01   5.6270096e+00   2.9297819e+00   5.9391154e+00   8.9208999e+00   7.0945397e+00   1.7579516e+00  -2.0011556e+00  -1.8019356e+00   2.7278474e-01   5.5988853e-01  -7.6109394e-02   6.4867400e+00  -9.3880101e-01  -5.7690926e+00   2.5311899e+00   9.9744369e+00   5.7659750e+00   4.1151760e+00  -5.4226678e+00  -7.0051410e-01  -3.3736509e-01   1.2533390e+00  -8.7508624e-02
   2.2995273e+01   5.3683683e+00  -5.8633430e+00   1.1938192e+01   1.9103942e+01   6.4762860e+00   1.0709873e+01  -7.0733429e+00   2.4043929e+00  -3.4008276e+00   1.3864301e+00  -3.3453473e-01   5.5559408e+00  -1.6221934e+00  -5.5350296e+00   3.3447140e+00   1.2091969e+01   7.3142665e+00   3.1866008e+00  -1.4859218e+00   5.7852883e-01  -2.4655356e-01   8.8764808e-02  -1.2108220e-01
   1.3902071e+01   5.3854116e+00   1.9387267e+00   8.0628764e+00   1.4533864e+01   1.1171134e+01   2.9452899e+00  -3.4029483e+00  -1.8044712e+00   6.9803644e-01   5.7988870e-01  -2.6632241e-01   4.7395008e+00  -3.1367747e-01  -3.0968545e+00   3.1320316e+00   1.7182430e+00  -3.3715572e+00   2.4465326e+00   6.7460318e-01   1.2761961e+00  -2.4100866e+00  -2.6531206e-01   2.1195735e-01
   1.6782950e+01   4.3583854e+00  -2.2418870e+00   8.7276900e+00   1.8350774e+01   1.0970298e+01   5.1007088e+00  -1.2427272e+00   6.1084275e-01  -9.2221797e-01  -3.4278801e-01  -3.2629396e-01  -2.3197456e+00   2.4453756e+00   3.3173895e+00  -2.8361991e+00  -7.8110097e+00  -5.2042903e+00  -3.0022913e+00   5.2150156e+00  -8.0661043e-01  -1.1902172e+00  -1.2149006e+00   4.4484483e-01
   2.1977358e+01   5.6614848e+00  -3.5262278e+00   1.2242414e+01   1.1874848e+01  -2.0980220e-01   8.2323326e+00  -3.9045587e+00   1.0091337e+00  -4.5816500e+00   1.0265295e+00   2.3770624e-01   8.5351556e-01   1.4704427e+00   1.1892176e+00   1.0524803e+00  -2.3652316e+00  -4.6398957e+00   1.3027074e+00   3.2566428e+00   1.2670960e+00  -2.4255633e+00  -9.0232901e-01   1.3414770e-01
   1.5478011e+01   8.8983951e+00   1.8452184e+00   5.5941246e+00   8.7169347e+00   4.3603187e+00   3.5629146e+00   9.9998566e-01  -2.1232518e-01  -2.5463103e+00  -6.5924119e-01   8.0718182e-02  -2.7979012e+00   1.6647217e+00   4.8168442e+00  -4.1521575e-01  -2.0693601e+00   1.8450178e-01  -1.5987524e+00   1.3463729e+00  -1.1240451e+00   5.6376126e-01  -2.9069410e-01  -8.5439772e-04
   1.5834814e+01   5.3210708e+00   1.6790004e+00   1.1208380e+01   1.5802936e+01   7.5162802e+00   5.6682481e+00   3.6065944e-01   5.0775684e-01  -2.1282624e+00  -6.1537822e-01  -2.6860694e-01   1.0163951e+00  -6.6274801e-01  -1.9125677e+00   3.4736429e+00   5.3288001e+00   3.0748421e+00   2.1951777e+00  -1.9519984e+00   1.0608187e+00   2.3485160e-01   1.8973861e-01  -2.4839044e-01
   1.5657370e+01   7.0256750e+00   2.3807651e+00   8.6218835e+00   1.3282690e+01   7.3840097e+00   3.9846225e+00  -1.3557768e+00  -8.2453649e-01  -1.3032699e+00   4.2124699e-02  -7.4418969e-02   9.3308217e-01  -1.7344779e+00  -9.1312314e-01   3.9244567e+00   2.7735917e+00   3.8201064e-01   9.1722739e-01  -3.5802569e+00  -1.0464899e-02   2.7693426e-01   7.4482584e-01  -7.8392558e-02
   2.3412271e+01   5.6037228e+00  -6.6628527e+00   1.5938999e+01   1.7585171e+01   2.8906155e+00   1.1314245e+01  -5.6546750e+00   2.9064674e+00  -4.8508928e+00   9.6045447e-01  -5.7310853e-02  -4.3526511e+00   8.4256970e-02   2.7711498e+00  -3.3250577e+00  -6.4036417e+00  -1.9075472e+00  -2.8940139e+00  -6.3496978e-02  -6.6472603e-01   1.6329312e+00   3.1945652e-01   1.4824896e-01
   1.3088906e+01   6.1553522e+00   4.6464603e+00   9.1155001e+00   1.1986205e+01   7.2461670e+00   2.1157571e+00  -1.3627325e+00  -1.4273778e+00  -7.6959371e-01  -3.2991877e-01  -1.4251870e-01  -7.1566339e+00  -6.0607934e-01   3.3754319e+00  -7.7708774e+00  -9.0778581e+00  -1.1355271e+00  -4.7076502e+00   1.1837295e+00  -2.6320179e+00   1.6627190e+00  -3.0735599e-01   1.3249983e-01
   1.0590070e+01   5.8826177e+00   4.7028775e+00   5.9739846e+00   6.8457158e+00   4.7238808e+00   2.2616599e+00   2.6889178e-01  -1.8791155e-01   5.4296326e-02   4.9828288e-02  -1.2183627e-02  -8.4153938e+00  -5.8715042e-01   3.9146076e+00  -1.0885837e+01  -8.6057537e+00   2.0329376e+00  -6.3999952e+00   1.9161495e+00  -3.8760382e+00   3.0214699e+00  -2.3503669e-01   1.4073026e-01
   1.1333520e+01   5.9771086e+00   1.7610479e+00   1.9480744e+00   5.0356303e+00   4.7640864e+00   1.4494399e+00  -2.5419660e+00  -3.2253739e+00  -1.2617859e+00   3.6403811e-02   1.0176716e-01   5.9853560e-01  -1.7169963e+00  -4.2633924e+00  -2.4742293e+00   1.4487358e+00   2.7943062e+00   4.0950630e-01  -2.1723558e+00  -1.9396889e+00  -4.4659927e-01   3.5539446e-01   9.9446476e-02
   1.1666873e+01   4.8121190e+00   6.5176486e-01   3.1939559e+00   8.1518276e+00   7.1810622e+00   2.0474111e+00  -2.1908340e+00  -2.0085918e+00  -7.2591783e-02   4.2473814e-01   3.1641611e-02   1.5243656e+00  -3.4554887e+00  -3.3975427e+00   5.4853326e+00   1.1493497e+01   8.3845857e+00   2.8114860e+00  -1.5769700e+00  -1.6215008e+00  -1.5607200e+00  -7.3632414e-01  -2.8045157e-01
   1.3448308e+01   4.1151071e+00   2.7692798e-01   6.7941706e+00   1.3506252e+01   1.0209036e+01   2.8371410e+00  -3.3914032e+00  -3.4265710e+00  -1.3760486e+00   1.5717995e-02  -1.5261601e-02   4.3582060e+00  -2.2388829e+00  -2.6101279e+00   7.3123153e+00   1.0495491e+01   4.0318653e+00   3.2729096e+00   4.3261310e-01   1.2014616e+00  -1.1855118e+00  -5.4714561e-01  -2.6153614e-01
   1.1819224e+01   1.6303853e+00   3.4862350e-01   1.1778935e+01   1.9850650e+01   1.4578285e+01   5.7850384e+00  -1.6718446e+00  -2.5195642e+00  -2.2296524e+00  -1.0443150e+00  -3.7434660e-01   8.5235076e+00  -1.2484970e-01  -4.8373365e+00   6.2039089e+00   1.0466914e+00  -4.7155046e+00   5.3403099e+00   7.8338990e-01   2.1821357e+00  -2.5950109e+00   1.0970293e+00   2.2877795e-02
   1.7794654e+01   4.2096511e+00  -2.0025732e+00   8.6240576e+00   1.4929457e+01   7.1132731e+00   4.4899907e+00  -2.1525410e+00  -1.1676953e+00  -1.9615234e+00  -4.9788022e-02  -8.7542944e-02   2.4584096e+00   2.2747441e+00   9.8635853e-01  -2.8651707e-01  -6.4726846e+00  -5.8590679e+00   2.4677762e+00   1.5229264e+00   1.3073078e+00  -5.6696737e-01   7.6134639e-01   1.1287566e-01
   2.2278962e+01   4.5775725e+00  -5.4644894e+00   1.1584876e+01   9.0102627e+00   1.6556865e+00   9.2314511e+00  -1.6351802e+00   1.3517391e-01  -3.6723707e+00   2.1030351e+00   1.0209897e-01  -2.1029576e+00   3.4800393e+00   4.2423739e+00  -5.1331934e+00  -9.5563059e+00  -4.7303076e+00  -1.5325855e+00   3.1512965e-01  -6.6213818e-01   1.3269720e+00   8.6306546e-01   2.6415262e-01
   1.1906053e+01   6.0536296e+00   4.6630222e+00   6.4614249e+00   9.2174190e+00   7.8817329e+00   4.8155990e+00  -1.1253459e+00  -2.7929783e+00  -1.5051405e+00  -4.1593746e-01  -8.4170899e-02   6.2111520e-01  -8.6728181e-01  -2.0618939e-01   3.6175203e+00   2.2114401e+00  -1.3204469e-01   9.2996503e+00  -2.5962851e+00  -1.3411612e+00  -1.5922715e+00  -1.6221158e-01  -1.0619572e-01
   1.1609088e+01   5.9284550e+00   3.3793866e+00   5.1604617e+00   8.3722095e+00   7.0985935e+00   3.3233560e+00  -1.7127477e+00  -2.7001299e+00  -4.6738590e-01   4.3335790e-01   2.0196303e-02  -5.4999824e-01  -9.2135084e-01  -9.3477890e-01   1.7612514e+00   6.4564939e+00   3.6952910e+00   5.3644300e+00  -2.2681158e-01  -1.3867319e+00  -9.6464352e-01  -3.8050097e-01   5.5044887e-02
   2.4061263e+01   2.2332871e+00  -6.7337952e+00   1.7262545e+01   1.8565643e+01   4.1937526e+00   2.1393514e+01  -6.0081849e+00  -1.7617851e+00  -5.9524231e+00   5.4173320e-01  -2.0588519e-01   6.4069965e-01  -8.2340004e-01  -2.5689672e+00   4.6086972e-01   1.3581071e-01  -1.3322991e+00   4.7055163e-01   1.2345112e+00   7.4050425e-01  -9.2134857e-01   5.7201046e-02   5.6535146e-02
   1.5376359e+01   5.1057175e+00  -1.1682490e+00   8.8261927e+00   1.4020891e+01   9.0426132e+00   8.9891387e+00   4.6602191e-01  -2.4605206e+00  -2.8956947e+00   1.0534483e+00   2.4552345e-01  -5.9282937e+00   1.3256064e+00   4.1864335e+00  -5.4792161e+00  -8.4712365e+00  -2.8845551e+00  -6.8808822e+00   3.2178941e+00   1.0014904e+00   9.5403885e-01  -9.5243147e-01   2.0028696e-03
   1.0983467e+01   5.2298983e+00   3.0833892e+00   5.3198639e+00   6.5967941e+00   4.9112744e+00   2.6885351e+00  -3.6296387e-01  -1.8020266e+00  -1.6730089e+00  -6.4018109e-01  -1.1203175e-01  -1.0146535e+01   3.0159794e+00   8.8785094e+00  -8.9675677e+00  -1.1598089e+01  -2.2310536e+00  -1.5194852e+01   4.6066333e+00   1.3428405e+00   3.2966789e+00  -1.4582117e+00  -3.4492475e-02
   9.2555454e+00   6.4185591e+00   4.7504447e+00   2.9129781e+00   1.6497794e+00   2.4130000e+00   2.3545220e+00   2.9148295e-01  -1.1777736e+00  -1.1760347e+00  -4.0433216e-01  -2.3726110e-02   1.8835513e+00   3.1099741e-01   3.1069865e-01   1.6359037e+00   6.8467939e-01  -1.6831105e+00   9.4049751e-01   1.0303974e+00   4.4530084e-01  -1.3199147e+00  -9.6165207e-01  -1.7231894e-01
   1.1901868e+01   6.1008355e+00   3.6246220e+00   6.7678008e+00   7.3540658e+00   4.1619788e+00   1.9185444e+00   9.8903451e-01  -3.8889792e-01  -1.8672347e+00  -9.1669415e-01  -1.2299912e-01   1.0684491e+01  -2.1796803e+00  -5.8260323e+00   7.6458592e+00   1.2582917e+01  -8.2841911e-01   1.0718103e+01  -1.4837736e+00   1.2163092e+00  -3.7153737e+00   8.9530237e-01   1.6723663e-01
   1.7742486e+01   5.1367450e+00  -9.7281742e-01   1.0556080e+01   1.4669275e+01   6.8925952e+00   1.0784880e+01   1.3356188e+00  -2.4991337e+00  -4.7784539e+00  -2.5077327e-01  -7.4712813e-03   5.2879199e+00  -2.0419243e+00  -3.4080828e+00   6.4731316e+00   1.1299017e+01   2.5345537e+00   4.1394982e+00  -2.1223154e+00   5.4650316e-01  -1.4269503e+00   6.5510246e-01   2.0750189e-01
   2.2766733e+01   2.6012849e+00  -2.7940282e+00   1.2967102e+01   1.8961421e+01   1.4288482e+00   1.4550510e+01  -3.1106922e+00   6.8311719e-01  -5.4448599e+00   6.2599302e-01   1.3069579e-01  -2.1058124e+00   1.9353531e-01   1.8660861e+00  -2.9997542e-01  -1.7372713e+00  -8.7849015e-02  -1.9582218e+00  -6.4994418e-01   5.3232039e-02   8.3418065e-01   1.3446095e-01   9.1505110e-02
   1.1754992e+01   5.1054478e+00   2.8476456e+00   9.5230250e+00   1.2794627e+01   7.5813958e+00   2.2477865e+00  -8.4212682e-01  -8.9402645e-01  -1.5276476e+00  -1.9302206e-01   1.6067927e-01  -7.3846822e+00   3.1993111e+00   6.5148767e+00  -5.6438829e+00  -1.1940276e+01  -1.9963666e+00  -9.1836132e+00   1.7928968e+00   8.1013987e-01   3.0473430e+00  -9.7955053e-01  -2.0123174e-01
   1.1736896e+01   6.4067870e+00   4.5135197e+00   6.8343651e+00   5.6854829e+00   3.6858050e+00   3.2497586e+00   1.1029910e+00  -1.1116035e+00  -2.2413669e+00  -7.4387833e-01  -6.9816729e-02  -6.7794885e+00   3.7478126e+00   5.3792968e+00  -5.7644546e+00  -1.1484955e+01   7.2674681e-01  -6.7922532e+00   4.4552801e+00  -8.6791859e-01   2.2524122e+00  -8.7260671e-01  -9.3573033e-02
   1.2180381e+01   8.0329606e+00   5.1457237e+00   5.1566239e+00   3.3968296e+00   2.7695668e+00   2.6598362e+00   1.9181223e+00  -3.8656353e-01  -1.8091859e+00  -1.0351634e+00  -2.0906263e-01   5.2964358e+00   1.1485633e+00  -2.1081660e+00   2.4691677e-01   1.6242094e+00  -7.1245207e-01   7.5523500e+00   1.2975312e+00   8.1238395e-01  -2.2704585e+00  -4.0360527e-01  -2.0167211e-01
   1.2384806e+01   6.7592474e+00   4.1258780e+00   6.5036205e+00   6.4328865e+00   4.9248829e+00   4.1561054e+00   2.1921034e+00  -8.7249216e-01  -1.9254725e+00  -2.6184637e-01   1.7520718e-01   3.8227480e+00   7.0479483e-01  -2.4805485e+00   2.2293058e+00   7.1986499e+00   4.2706863e+00   5.5403438e+00  -9.9474859e-01  -2.4486823e-01  -1.5606507e+00   2.3158627e-01   5.3923947e-02
   1.9375691e+01   6.6520626e+00  -1.2078263e-01   1.0058772e+01   1.4857239e+01   5.8931788e+00   1.3123138e+01   5.5961375e-01   2.0499382e-01  -5.0912824e+00  -1.0394459e+00  -2.6434085e-01   9.1666466e-01  -5.7913919e-01  -1.6455064e-01   3.6074354e+00   6.8520176e+00   5.3777343e+00   3.8545673e+00  -1.5928983e+00  -1.4506362e+00  -8.5715805e-01   3.4206981e-01  -1.1817014e-02
   1.3873363e+01   8.1544283e+00   3.4259500e+00   7.7272495e+00   1.0753253e+01   8.5300284e+00   6.3286234e+00   2.9012241e-01  -1.7746845e+00  -2.9412946e+00  -3.9435765e-01   3.8708301e-02  -2.9359885e+00   1.0240598e+00   2.6061729e+00  -2.3331604e+00  -4.7271280e+00  -7.1022032e-01  -2.3384839e+00   1.7825136e-01  -6.7662291e-01   8.2418533e-01  -6.3282637e-02  -7.7854622e-02
   1.2811100e+01   6.4666613e+00   5.2488617e+00   9.9559625e+00   1.1514673e+01   9.0335956e+00   7.3554281e+00   4.7976533e-01  -2.1114216e+00  -2.5870119e+00  -4.5580304e-01  -1.5853871e-01  -7.0974203e+00  -3.3130181e-01   4.0257587e+00  -3.8348032e+00  -9.3107770e+00  -3.8951284e+00  -9.3824651e+00   1.6970219e-01  -1.4981202e-01   3.1484045e+00   1.7665061e-01  -8.6945650e-03
   1.1263119e+01   8.3880376e+00   5.3503152e+00   3.0552849e+00   1.0134776e+00   2.2893440e+00   3.5322346e+00   2.4994046e+00  -7.2921881e-01  -1.9413298e+00  -6.4859178e-01   5.5241808e-03  -2.7494527e+00  -1.2978186e+00  -3.7024443e-02  -3.0132250e+00  -4.4599040e+00  -3.1297839e+00  -4.8167103e+00  -1.3869814e+00   1.0883537e+00   2.9185866e+00   6.0145657e-01  -1.2274119e-01
   1.0034683e+01   6.0383052e+00   4.9556728e+00   6.6425499e+00   5.7609611e+00   3.1708284e+00   4.4763475e-01  -2.9047405e-01  -5.4245706e-01  -8.6865819e-01  -6.4735296e-01  -2.6079064e-01   1.6522560e+00   3.7798069e-01  -3.2333490e+00  -1.8360654e+00   2.5672744e+00   3.4214221e+00   4.4336095e-01  -3.0316234e+00  -1.0504286e+00   9.5863650e-01   1.1315964e+00   6.2463316e-02
   1.1137392e+01   6.4218785e+00   3.5170078e+00   4.8641182e+00   6.9402530e+00   6.7667362e+00   2.5574546e+00  -1.4052301e+00  -9.2663622e-01   5.7740845e-01   6.0360217e-01  -9.4277516e-02   5.2756374e+00   8.0904394e-01  -4.5234902e+00   8.3183228e-01   9.5044082e+00   8.3785188e+00   5.8002071e+00  -3.5828531e+00  -2.3642536e+00  -2.7682041e-01   1.5858563e+00   1.3660629e-01
   1.5352347e+01   8.0167120e+00   1.3154919e+00   6.2974477e+00   1.2402197e+01   1.1927033e+01   8.5078595e+00  -2.1153524e+00  -3.5883558e+00  -2.4084262e+00   6.1549461e-01  -1.4942890e-02   3.5895263e+00   9.4315228e-01  -2.7551876e+00   8.8010799e-01   5.8963121e+00   4.5458001e+00   3.9406943e+00   2.1035935e-01  -1.7791649e-01  -9.8354195e-01   3.2542289e-01   8.7994710e-02
   1.6517743e+01   8.6124002e+00   3.8517027e-01   4.4755844e+00   1.1949472e+01   1.0479020e+01   8.2024329e+00  -1.9624359e+00  -2.7526498e+00  -1.5866764e+00   1.0987689e+00   8.7509740e-02  -1.4220813e+00  -2.6437351e-01   2.2074716e+00   1.9106122e+00  -2.1038693e+00  -5.6900993e+00  -3.2151679e+00   2.6326704e+00   2.3267320e+00  -2.5643235e-01  -8.7316940e-01   4.1246870e-02
   1.2728797e+01   6.3577728e+00   2.3888101e+00   8.1569788e+00   1.2100820e+01   8.1333866e+00   3.5361871e+00   3.0366787e-01   1.0367500e-01  -1.2619287e+00  -4.0680200e-01  -2.1969220e-01  -1.2811938e+00  -1.0693982e+00   2.3984956e+00   1.4062969e+00  -4.2236869e+00  -7.4542410e+00  -2.2536269e+00   4.0789550e+00   2.6650959e+00  -4.0507047e-01  -1.1611386e+00   1.0747022e-02
   1.0316045e+01   6.8547878e+00   6.2915561e+00   6.8002711e+00   3.9351374e+00   1.2841038e-01   2.2053895e-01   1.3342654e+00   7.1744641e-01  -3.8048883e-01  -1.9500362e-01   6.9967446e-02  -2.5585383e-01  -3.1652303e-01   1.7267648e+00   8.2292100e-01  -3.4138623e+00  -2.7575611e+00   9.1397445e-01   3.1901116e+00   6.5429320e-01  -1.3911696e+00  -1.1055320e+00  -1.0915686e-01
   1.6531405e+01   7.2914208e+00   1.9600423e+00   7.2445498e+00   1.0073834e+01   5.9209760e+00   9.1183661e+00   2.3547295e+00  -1.3257600e+00  -3.6191257e+00  -4.7932696e-01   9.9487906e-03   4.9443449e+00   1.3574795e+00  -3.0085342e+00  -8.2138185e-02   3.8312436e+00   1.3337900e+00   5.1292628e+00   6.8435136e-01  -8.1478792e-01  -2.8049622e+00  -3.4996030e-01   1.6051032e-01
   1.4232658e+01   7.6707916e+00   3.1897014e+00   6.1661804e+00   7.8421718e+00   7.4488838e+00   6.7823050e+00   1.7972007e+00  -1.0564925e+00  -2.4948323e+00  -5.2326665e-01  -1.9104604e-01   2.2396091e+00   3.6222390e-01  -2.8351858e+00  -4.3485071e-01   6.1082989e+00   6.9379547e+00   4.1212080e+00  -1.3803311e-02  -2.3049697e-01  -8.3268026e-01  -6.2247676e-01  -2.4047965e-01
   1.8187008e+01   7.9859902e+00  -5.7306374e-01   8.3508169e+00   1.5894168e+01   6.4738349e+00   7.9491983e+00   1.0987273e+00  -2.3153740e-01  -4.4122003e+00  -7.6761094e-01   1.5158003e-01  -1.8762337e+00   1.6912707e+00   2.4040212e+00  -2.4541937e+00  -2.6493462e+00   3.0006712e-01  -2.5660304e+00  -4.8726354e-01   3.9339477e-01   1.4840542e+00  -2.3446763e-01  -5.5617598e-02
   1.2847657e+01   7.0508390e+00   3.3053305e+00   5.5948615e+00   1.0187419e+01   1.0258913e+01   6.9869349e+00   1.9415615e+00  -1.7541032e-01  -1.2329719e+00  -9.8457678e-01  -3.6156764e-01   2.1085105e+00   1.1475924e+00   1.6825931e-01  -7.7553286e-01  -8.9114760e-01  -2.3761496e+00  -5.0842926e-02  -2.2696409e+00   1.8980115e-01   3.7029571e-01   3.4480009e-01  -9.4554427e-02
   1.4409555e+01   1.0138303e+01   5.5082595e+00   3.8489188e+00   4.9271908e+00   4.9660621e+00   5.1670056e+00   1.5516537e+00  -1.1762089e+00  -2.0239746e+00  -6.0037333e-01   1.1783193e-02   8.2328220e-01   3.3524584e-01   7.3494729e-01  -2.5635891e-01  -1.7623943e+00   3.9757215e-02   1.8799861e-01  -3.5126024e+00  -2.8374801e-01   1.6583484e+00   9.8085071e-01  -3.6510823e-01
   1.9284151e+01   8.3160238e+00   4.0142869e-01   7.2538302e+00   1.1988939e+01   4.6385458e+00   8.0971370e+00  -1.8337239e+00  -2.9945506e-01  -3.1335016e+00  -8.9685319e-02  -2.6297927e-01   1.8377688e+00  -3.8977999e-01  -9.5538121e-01   2.1133128e+00   3.9470394e+00   1.6700734e+00   2.9772318e-01  -4.1436203e+00  -1.0558160e+00   8.6192860e-01   9.8763186e-01  -1.9092701e-01
   1.6203685e+01   7.8562665e+00   1.9813081e+00   7.1367942e+00   1.2349816e+01   9.3436543e+00   7.6760951e+00  -2.2825336e+00  -5.9513705e-01  -9.7441283e-01   2.5621939e-01  -4.4537650e-01   3.8526115e-01  -1.6704803e+00  -1.2643036e+00   1.7935470e+00   4.6736528e+00   3.2731273e+00   1.4418300e+00  -1.9578852e+00  -1.4345064e+00   1.3048789e+00   1.2151403e+00  -1.1204792e-01
   1.4707246e+01   7.6071873e+00   3.6357344e+00   7.1208930e+00   1.2396665e+01   1.0575227e+01   6.1789749e+00  -2.3567752e+00  -2.0496702e+00  -4.6485993e-01   6.8574642e-02  -4.1937831e-01   2.7228325e+00  -3.1084646e+00  -2.0422453e+00   6.2082607e+00   5.7278366e+00  -3.0373709e+00   8.3233881e+00  -1.1560707e+00   3.9172216e-01  -2.0160131e+00   1.0264927e+00  -4.5358963e-02
   1.7275899e+01   7.9870010e+00   1.9946513e+00   6.6057079e+00   1.1733807e+01   6.9074125e+00   8.2888317e+00  -1.1236483e+00  -2.4528609e+00  -1.4009770e+00   1.1432072e+00  -7.8089159e-02   9.0786756e+00  -1.1164392e+00  -6.9572791e+00   8.8872160e+00   1.1202636e+00  -1.3484225e+01   9.1426447e+00  -3.7009890e+00   2.0216095e+00  -3.8703860e+00   1.5430538e+00   2.7924147e-01
   2.2832292e+01   3.5879596e+00  -2.6686109e+00   1.6831764e+01   2.0888699e+01   1.3006104e+00   2.0275851e+01  -4.1472725e+00   1.2169901e+00  -5.9442391e+00   1.0065599e+00  -5.1466138e-01   5.4315123e+00  -1.6307181e+00  -4.9331777e+00   7.2678474e+00   3.3412280e+00  -6.6291150e+00   5.5042643e+00  -1.9511903e+00   1.9313660e+00  -2.8806360e+00   5.6367508e-01  -5.4773422e-03
   2.5759175e+01   8.1912216e+00  -5.3024379e+00   1.5612182e+01   9.7841950e+00  -6.2453747e+00   1.4341624e+01  -6.9387684e+00   8.0394712e-01  -4.0403022e+00   2.1018074e+00   2.1127244e-02  -3.1775572e+00   7.5563828e-01   1.8346337e+00  -2.3306569e+00  -2.2896557e+00   2.5965645e+00  -5.0438451e+00  -3.0591099e-01  -2.8677389e-01   1.9721447e+00  -4.8264445e-01  -1.0440925e-01
   1.8612876e+01   5.0589999e+00  -1.1548754e-01   1.3519427e+01   1.8383313e+01   7.2079480e+00   1.1408975e+01  -2.3760006e+00  -7.8102515e-01  -3.4661514e+00   4.3478712e-01  -4.7720253e-01  -7.3693944e+00   2.7565788e+00   5.8012533e+00  -8.9159902e+00  -4.6645249e+00   8.9138571e+00  -1.1729921e+01   1.9468316e+00  -3.0684993e+00   4.9371367e+00  -3.2173539e-01  -1.5400451e-02
   1.4619271e+01   8.3849383e+00   3.4700403e+00   4.7658914e+00   9.5520164e+00   7.8485905e+00   5.1565020e+00  -2.4681508e+00  -1.8840141e+00   3.1819620e-01   7.0512687e-01  -2.5343247e-01  -7.6995258e+00  -3.7955689e-02   5.1874968e+00  -8.1557317e+00  -4.8673109e-02   1.0851289e+01  -6.1867110e+00   3.5299907e+00  -1.3778197e+00   4.0605815e+00  -6.2676422e-01  -2.9909611e-01
   1.7348153e+01   7.6259695e+00   1.6470300e+00   8.8809246e+00   1.4008001e+01   7.6244135e+00   7.2735310e+00  -3.4623339e+00  -2.0417782e+00  -7.1778333e-01   1.2222971e+00  -4.0048220e-01  -2.0548636e+00   1.3299752e+00   2.2250926e+00  -3.2291225e+00  -3.7900926e+00  -8.9977707e-01  -5.4136670e+00  -1.9887708e-01   9.4421959e-01   2.5132114e+00  -1.9676897e-01   3.0920254e-03
   1.4842248e+01   6.8508033e+00   1.5975486e+00   5.6978359e+00   1.1898842e+01   9.8233257e+00   7.1292796e+00  -1.1006157e+00  -6.3240585e-01   6.7638602e-01   7.6790613e-01  -4.6587708e-01  -7.9990943e-01  -1.5152160e+00   1.2991644e+00   4.5981633e+00   3.2036927e+00   5.0869371e-01  -2.1475814e+00  -2.8270390e-01   1.2610014e+00  -3.3829136e-01  -9.8600772e-01  -3.7363988e-01
   1.5419092e+01   7.8210303e+00   4.1583972e+00   8.2097707e+00   1.1524761e+01   4.8709148e+00   2.3020857e+00  -3.3580838e+00   9.5001326e-03   1.2457081e-01   1.0824403e-01  -3.6634218e-01   2.5322629e+00   1.2251430e-01  -2.5566623e+00   3.7554827e+00   3.1861616e+00  -2.9835586e+00  -4.9936843e-01  -1.3587111e+00   1.2054721e+00  -1.5671960e+00   1.9964702e-01  -8.9669020e-02
   1.4383937e+01   6.0145840e+00   4.1631033e+00   1.1998713e+01   1.5599175e+01   9.9883804e+00   4.4208526e+00  -2.9443317e+00  -1.0181512e+00  -6.1041791e-01  -2.1685818e-01  -8.3096230e-01   1.8069434e+00   1.1081166e+00  -1.1480281e+00   1.3719318e+00   4.6396983e-01  -1.8266630e+00   3.9689593e-01  -1.1313427e+00  -9.9641182e-01  -1.3519284e+00   7.1480825e-01   6.8122696e-02
   2.1375702e+01   8.2278506e+00  -3.4707408e+00   1.1363710e+01   1.6937076e+01   3.0665483e+00   7.8786919e+00  -4.5785425e+00  -4.0697430e-02  -2.4251753e+00   2.0141498e+00  -3.5244312e-01   4.1646936e-01  -6.8875383e-01  -2.0589802e+00  -1.6723005e+00  -7.2489130e-02   2.7138128e+00   3.9536573e+00   1.0921393e+00  -7.3204696e-01  -4.8466314e-01   4.8768995e-01   2.1888099e-02
   1.4574358e+01   8.3095680e+00   3.6900755e+00   6.1787640e+00   9.8886390e+00   7.9855144e+00   4.9363204e+00  -2.1874003e+00  -2.1019248e+00  -7.6633455e-02   8.8716564e-01  -3.7064257e-01   2.8757762e+00  -1.9563522e+00  -2.1858107e+00  -1.9166979e-01   6.5805249e-01  -2.3959526e+00   5.9620887e+00   9.3294540e-01   2.1796820e+00  -2.2466486e+00  -2.8269233e-01   8.2027560e-02
   1.5948586e+01   5.6404075e+00   1.3064408e+00   8.6112946e+00   1.4271296e+01   9.9430670e+00   7.9748377e+00  -2.0983405e+00  -5.4668351e-01  -8.6931613e-01   2.8776704e-01  -5.6366990e-01  -4.3799822e+00  -2.8044101e+00   4.4047886e+00   5.6871257e-02  -3.4231991e+00  -7.1860329e-01  -1.3731188e+00   3.0379437e+00   9.9201837e-01  -3.5183235e-01  -2.0116272e+00  -8.9676487e-02
   2.1411160e+01   4.3737772e+00  -1.5042036e+00   1.3087416e+01   1.7919144e+01   2.9561922e+00   1.3315913e+01  -2.7850146e+00   2.5043648e+00  -4.7583204e+00   2.2229468e-01  -6.0230757e-01  -5.4571448e-01  -1.8825769e+00  -1.8804541e-01   6.6298561e-01  -3.9179962e-01  -1.0190621e+00  -9.2160817e-01   1.8388566e+00  -1.0982250e-01  -6.5442770e-01  -7.7235553e-01   1.0676052e-01
   1.1387328e+01   5.9891308e+00   5.7335815e+00   7.9946906e+00   7.7870251e+00   4.5033045e+00   1.6292175e+00   2.7718013e-01  -8.5581466e-01  -6.1208038e-01  -6.7085555e-01  -3.7112535e-01   2.9394563e+00   7.9625931e-02  -3.3592462e+00   6.3529115e-01   1.7130787e+00  -2.9115842e+00   3.6698697e+00   7.9784629e-01  -2.5654790e+00  -2.0263565e+00   7.8651997e-01   2.3090947e-01
   1.6036415e+01   5.3113409e+00   1.1944370e+00   7.4815444e+00   1.2543075e+01   9.1768025e+00   6.7267183e+00  -6.1687568e-01  -2.1120930e+00  -1.1868929e+00   2.0794364e-01  -3.0677407e-01   6.8282933e-01   1.9962859e+00  -1.9107730e+00  -2.8461840e+00  -8.4721256e-01   2.7122192e+00   1.1732944e+00   1.1224112e-01  -3.6014943e+00   5.2774080e-01   1.3769433e+00   3.2985281e-01
   2.3045143e+01   5.2910646e+00  -5.0817487e+00   1.2367167e+01   1.9528948e+01   2.4653855e+00   1.6774239e+01  -1.9856406e+00  -2.0866731e+00  -5.6945647e+00   1.4747225e+00  -3.6507244e-01   2.5608325e+00   2.9596183e-02  -2.1345065e+00   1.4327843e+00   4.0465969e+00   3.1721884e+00   4.5127360e+00  -2.5177724e-01  -2.3413981e-01  -9.7386758e-01   2.9501724e-01  -5.7060670e-02
   1.6606497e+01   7.7172392e+00   1.0373020e+00   6.6319021e+00   1.0777363e+01   8.0434805e+00   7.5033433e+00  -1.4852426e+00  -2.2824474e+00  -1.4254670e+00   1.2149206e+00  -1.1055481e-01  -3.5947912e+00  -5.7970330e-01   3.7723392e+00   2.3156717e-01  -8.3465706e-01   3.5038184e+00  -2.6841569e+00   1.8128894e+00   1.2243080e+00   6.0081828e-01  -2.3204878e+00  -4.4824398e-01
   1.4943536e+01   4.8305760e+00   2.6103892e+00   1.0568688e+01   1.4739776e+01   9.8282481e+00   8.0100090e+00   3.3369773e-01  -1.1218472e+00  -1.9535947e+00  -7.3181818e-01  -5.5482599e-01  -7.5445806e+00  -2.0530230e+00   5.3850294e+00  -3.9151954e-01  -1.2881183e+00   8.8817898e+00  -4.3062073e+00   2.3610520e+00   4.2064963e-01   1.6542467e+00  -2.9513561e+00  -6.6648052e-01
   1.4695032e+01   4.6720303e+00   3.0068768e+00   8.7281346e+00   1.3685675e+01   1.0751099e+01   7.0825981e+00   9.4278933e-01  -7.5804399e-01  -2.1561505e+00  -2.1695176e+00  -8.8426326e-01  -2.9016756e+00  -1.3883633e+00   5.4119194e-01  -7.1502079e-01  -5.1315253e-01   2.1195108e+00  -1.4692114e+00   4.2225603e-01  -2.4676469e-01   7.2959812e-02  -1.0655062e+00  -3.0404384e-01
   1.2684004e+01   3.7341345e+00   2.0110080e+00   1.0731772e+01   1.6142615e+01   1.4434261e+01   1.0525301e+01   3.4192144e-01  -2.2179004e+00  -2.8478529e+00  -1.2600925e+00  -9.7793899e-01   1.5016577e+00   1.9233696e+00  -3.7631498e+00  -3.2742151e+00  -2.3887712e+00  -2.1754991e+00  -2.1367913e+00  -1.5282398e+00  -4.8279144e-01   1.8565513e-01   1.6268737e+00   4.2263055e-01
   1.3383749e+01   6.1829149e+00   2.1487805e+00   5.4778292e+00   9.3062153e+00   8.9197403e+00   4.0418802e+00  -8.5597041e-01  -2.1045678e+00  -8.6889819e-01  -1.1920156e-01  -3.5506407e-01  -3.5824187e-02   1.1330487e+00  -1.7210522e+00  -1.6620687e+00  -3.6601106e+00  -4.8551198e+00  -3.6340654e+00  -7.4237878e-01   1.2311659e+00   1.9804119e+00   2.2419006e+00   5.1716971e-01
   1.7851664e+01   6.9601881e+00  -2.6052873e+00   7.2825185e+00   1.3346349e+01   7.4806787e+00   6.3251810e+00  -1.0592821e+00  -1.1727724e+00  -2.3187381e+00   6.8333436e-01  -1.8547976e-01   3.0127948e+00   1.0405659e+00  -9.7144616e-01   1.2252668e+00  -2.3421684e+00  -5.8445025e+00   1.8483156e+00   7.1782358e-01   6.9076834e-01  -2.6539045e-01   1.6715819e+00   3.6213696e-01
   1.2057465e+01   4.7585766e+00   2.7334462e+00   7.9596581e+00   9.5936422e+00   6.9452103e+00   3.7315600e+00   5.2982293e-01   5.6614083e-01   5.4990993e-01   2.2161989e-01  -5.0473832e-01   5.2696423e+00  -3.7681536e+00  -1.3216656e+00   5.1939582e+00   4.6941067e+00  -1.6350528e+00   1.2057332e+01   8.9009861e-02   9.5666253e-02  -3.9210860e+00   3.9263078e-01  -2.0379814e-01
   1.7866338e+01   6.0071525e+00   2.6150591e-01   1.1328757e+01   1.2485649e+01   6.6547722e+00   1.3452934e+01   7.2576014e-01  -2.5171022e+00  -3.9553427e+00   1.0768697e+00  -3.5989642e-01   1.7230149e+00  -2.3796149e+00  -2.5452848e-01   1.1370247e+00   1.8599684e+00   2.9520350e-01   4.9464150e+00   4.2671037e-01  -1.5273579e+00  -2.6545895e+00  -5.9212322e-01   2.9685787e-02
   2.1280875e+01   1.0072023e+00  -1.2671146e+00   1.1245647e+01   1.6777726e+01   6.8801143e+00   1.8564001e+01  -1.6149767e+00  -1.2889035e+00  -5.9322250e+00   2.7297695e-01  -5.7355295e-01   6.8866659e-01  -3.7048465e-01  -1.5392141e+00  -1.9856833e+00   6.0010962e-01   2.3275925e+00  -3.4703672e-02  -3.3722327e-01  -2.4532929e+00  -1.6421417e+00  -7.8845295e-01   2.2480590e-01
   1.5824481e+01   5.2664528e+00  -9.8679964e-01   7.3450611e+00   1.2544260e+01   7.9560319e+00   6.3285830e+00   6.5318328e-01  -2.5362871e+00  -3.0595549e+00  -2.3052900e-01  -1.0654376e-01  -4.5239569e+00  -1.2957701e+00  -1.5705923e-02  -1.6574126e+00   4.8713100e-01   3.2279708e+00  -7.1626988e+00   2.0546285e+00   6.6227660e-01   2.0820128e+00  -1.4941571e+00  -8.9777040e-02
   1.4111394e+01   4.5731995e+00   1.0487779e+00   6.9729813e+00   1.0464501e+01   9.7859693e+00   7.2416802e+00   6.0276456e-02  -3.1042061e+00  -2.3611965e+00  -3.0736020e-01  -2.9420580e-01  -2.9609894e+00   6.2160757e-01   2.9708530e-01   1.9298928e+00   1.5514335e-01   4.0502359e-02  -5.0360770e+00   3.5274582e+00   1.7793979e-01   1.5761986e+00  -2.3641007e-01   2.0760997e-02
   1.4665144e+01   2.2804987e+00  -9.1999921e-01   1.0978971e+01   1.6372958e+01   1.0043801e+01   8.3700465e+00   2.9700762e+00  -6.1603599e-01  -2.6178376e+00  -8.7419745e-01  -6.3423555e-01   2.8679087e-01  -2.1174891e+00   4.6969028e-01   4.4968528e+00   4.2820759e+00   1.8592686e-01   1.5631733e+00   1.0708079e+00  -3.9155367e-02  -1.5139050e+00  -8.6556726e-01  -9.1428942e-02
   1.7419060e+01   3.4325907e+00  -8.5488685e-01   1.2323531e+01   1.5096092e+01   5.8969834e+00   9.9891537e+00   2.5177640e+00  -1.9821194e+00  -3.7887858e+00   2.4019608e-01  -2.7856556e-01   3.1196011e+00  -3.6859786e-01  -2.7894687e+00   3.0509839e+00   2.7049390e+00  -2.0945855e+00   5.1424470e-01  -7.0011914e-01  -6.3824149e-01  -2.5246158e+00  -8.6011419e-02   3.0597129e-01
   1.4600835e+01   2.6605236e+00   6.6956815e-01   1.1415066e+01   1.6651579e+01   1.0179415e+01   7.2996062e+00   1.0306513e+00  -3.1560635e+00  -4.6166177e+00  -1.8026580e+00  -2.5150729e-01   4.4939008e-01   1.9085339e+00   6.0522921e-01  -2.6213126e+00  -3.6318958e+00  -9.5205299e-02  -1.6675693e+00  -3.1689271e+00  -3.2592513e+00  -1.2442775e+00   3.7814412e-01   6.0240507e-01
   1.8822950e+01   3.8302902e+00  -3.9302089e+00   1.1331410e+01   1.4382599e+01   6.5762839e+00   8.5482675e+00  -2.0189787e-02  -2.7915546e+00  -5.1487302e+00   2.7852960e-02  -2.6612993e-02  -2.8768759e+00   7.0056846e-01   2.0035099e+00  -2.8189936e+00  -3.1765279e+00   8.2495466e-01  -5.0914079e+00  -1.5230507e+00  -1.7093963e-01   1.5903908e+00  -9.2298912e-02   1.8408850e-01
   1.4637284e+01   4.9444497e+00   1.5255056e+00   7.5430629e+00   1.1281861e+01   9.5613427e+00   6.5891358e+00  -5.1433755e-01  -5.1001954e+00  -3.8042816e+00  -2.0080972e-01   1.4339577e-01   2.7983897e+00   7.6563200e-01   5.6571198e-01   9.2135541e-01  -1.1465803e+00  -7.0360319e+00   2.0525034e+00  -7.3621668e-01   2.1414306e+00   8.5866786e-01   1.1855239e+00  -1.9156527e-02
   1.3085522e+01   3.3414804e+00   1.7224092e+00   1.0031042e+01   1.3016159e+01   7.4434515e+00   2.7072770e+00   1.0056825e+00  -1.2664629e+00  -1.8093676e+00  -6.9917644e-01  -1.9988435e-01   4.8655117e-01   1.5641318e+00   3.6863504e+00   1.0545558e+00  -1.4034780e+00  -4.2366072e+00   5.5923645e-01  -2.3256871e-01   1.9570496e+00   6.6758950e-01  -7.7257054e-02  -2.3980920e-01
   2.1667133e+01   4.0533765e+00  -1.3081729e+00   1.3447283e+01   1.5614928e+01  -8.0821651e-01   1.3298857e+01  -5.8660984e-01  -7.0646342e-01  -4.9982972e+00   3.3914257e-01  -1.9360641e-01  -1.6870845e-01   2.3078603e+00   1.2150474e+00  -4.9883643e-01  -1.6203491e+00  -2.4698727e+00  -2.3052324e+00  -1.5361121e+00   2.3479017e+00   1.2527199e+00  -1.3895634e-01  -3.3003872e-01
   1.6037852e+01   6.6220245e+00   3.0161561e+00   9.9611339e+00   1.0110848e+01   5.4061527e+00   6.0322617e+00  -3.3290670e-01  -2.0528463e+00  -3.5503381e+00  -3.5800877e-01  -2.1782571e-01   3.9409451e+00   2.7137442e-01  -1.7923530e-01  -2.1174616e-02   3.3615012e+00  -1.6007744e+00   2.6889712e+00  -5.0440583e+00   1.1135992e+00  -2.3232928e+00  -2.6150740e-02   3.0075703e-02
   1.2908056e+01   6.7659681e+00   2.7012033e+00   6.8297622e+00   1.0303992e+01   6.8751831e+00   1.4687948e+00  -2.1492111e+00  -1.1851511e+00  -1.0547164e+00  -5.7982807e-01  -3.4269162e-01  -1.6445810e+00  -7.6277011e-01   6.8269051e-01  -1.1719332e+00   2.2153783e+00   2.7865005e+00  -5.3834349e+00  -1.6914844e+00   4.2937411e-01   5.3369361e-01  -6.1127693e-01   1.3001109e-01
   2.3376478e+01   2.3922462e+00  -5.5113182e-01   1.3308040e+01   2.0713879e+01   1.2005901e+00   1.2655765e+01  -5.7791044e+00   6.4327976e-01  -7.2660972e+00  -2.7891723e-01  -8.0228186e-02   2.3663813e-01  -1.2388567e+00  -1.5749772e-01   1.4985206e+00   2.6095805e+00   1.1541590e-03  -9.6260415e-01   1.1032602e-01  -1.2743351e-01   1.0204837e-01   4.3543217e-02   1.0109132e-01
   1.5530949e+01   5.0241105e+00   1.4995068e+00   1.0015930e+01   1.3636480e+01   5.4743155e+00   1.9119527e+00  -4.0073756e-01  -1.4104653e+00  -2.3398773e+00  -6.1731859e-01  -6.7388532e-02  -1.7074938e+00   1.5623751e-01   1.1852807e+00   6.4637059e-02  -3.4300225e+00  -8.0443339e-02  -1.1923287e+00   3.7221167e+00  -1.0194490e+00   2.9804885e-01  -4.5399539e-01  -5.6598669e-02
   1.5081363e+01   5.6346683e+00   3.3807577e+00   1.0615831e+01   1.2358975e+01   6.1083177e+00   4.3667766e+00  -1.0416544e+00  -2.1313395e+00  -2.7546852e+00  -2.7394868e-01  -2.0384027e-01  -8.4955429e+00   2.6267186e+00   3.7236996e+00  -6.1805456e+00  -1.2317397e+01   1.1191559e+00  -5.4404019e+00   5.1293282e+00  -1.9758941e+00   2.9068293e+00  -5.3241796e-01  -1.6672239e-02
   1.4494373e+01   5.3791134e+00   2.5131795e+00   8.2728224e+00   9.3364105e+00   4.3006543e+00   3.8247959e+00   1.0652389e+00  -1.3270150e+00  -2.8633492e+00  -1.2633054e+00  -3.6578358e-01   2.7002334e+00  -5.3658141e-01  -5.1691816e-01   2.1257866e+00  -3.4986546e+00  -5.1718605e+00   1.1250830e+01   2.7864019e+00  -8.7016197e-01  -4.6541927e+00  -5.9748540e-01  -1.2985216e-01
   1.1151452e+01   6.1548227e+00   4.5275813e+00   4.9087754e+00   4.3878178e+00   3.4661545e+00   3.5387403e+00   1.1818997e+00  -2.3622865e+00  -2.6441173e+00  -7.5455075e-01   4.3960981e-02   4.6811020e+00   1.0302660e-01  -1.3056943e+00   4.2139737e+00  -1.2664514e+00  -7.3070074e+00   8.0545390e+00   3.3854417e+00  -3.9006030e-01  -3.8826435e+00   1.7437321e-01   1.1946230e-01
   2.1546255e+01   3.9591612e+00   1.5071779e-01   1.6058137e+01   1.2374077e+01  -9.6239372e-01   1.9202215e+01   2.6670883e+00  -2.6002347e+00  -9.3764503e+00  -1.2732457e+00  -3.8606740e-01   3.3942693e+00   1.3160667e+00   1.1850880e+00   4.3048206e+00   2.3323440e-01  -5.3318758e+00   2.8714519e+00   1.7762006e+00  -2.9158649e-01  -1.1473572e+00   1.0759455e+00   1.7912558e-01
   1.8577075e+01   6.4991843e+00   2.6034471e+00   1.3044134e+01   8.9404648e+00  -2.2206694e+00   8.7598753e+00   3.2355835e+00  -2.0798201e+00  -5.3220999e+00  -7.4187559e-03  -1.4504914e-02  -1.2472904e+00   1.8649027e+00   2.3105405e+00  -1.5465330e+00  -5.4959014e-01   1.2916308e+00  -4.2532680e+00  -1.3247837e+00  -3.6776873e-01   2.3037508e+00   4.0596430e-01  -4.9654486e-02
   1.5872965e+01   7.1810326e+00   5.2528786e+00   1.0662374e+01   7.4099386e+00  -8.5374750e-01   5.5214062e+00   2.7026979e+00  -1.9056280e+00  -3.2453937e+00  -2.2953245e-02  -6.7862266e-02  -8.7319423e+00   2.7582683e+00   4.2382495e+00  -1.0572272e+01  -6.5959909e+00   5.2745679e+00  -1.2375156e+01  -2.2539529e+00   5.0985683e-01   5.7977834e+00  -1.5070229e-01   1.6739931e-01
   1.2117161e+01   7.3412410e+00   5.4423116e+00   5.2868576e+00   6.0455017e+00   5.3492777e+00   3.9992429e+00  -8.2308062e-01  -3.2612429e+00  -2.2540194e+00  -7.7075051e-01  -1.8962332e-01   1.6682224e+00  -1.0022579e+00  -8.1134787e-02  -3.5042202e+00   2.6003882e-01   1.4641339e+00   7.0232389e+00  -3.4661913e+00  -2.1652385e-01  -2.1105693e+00  -6.7098882e-01  -1.8559713e-01
   1.1678298e+01   7.6755352e+00   5.0886598e+00   4.0783671e+00   3.9275719e+00   3.1644847e+00   3.0197976e+00   1.3154910e+00  -1.2447380e+00  -2.2138155e+00  -1.1176332e+00  -4.7409245e-02   5.5631625e+00  -1.6255350e+00  -2.3051372e+00   3.1594435e+00   2.9054745e+00  -1.1087677e+00   9.3513427e+00  -1.0890200e+00  -7.8382864e-01  -3.9140088e+00  -4.6392862e-01  -2.9512232e-01
   2.3176742e+01   4.7485461e+00   2.5638543e+00   1.1079807e+01   1.1071706e+01  -2.0335846e+00   2.0545538e+01  -1.2700999e+00  -2.7350508e+00  -9.0037429e+00  -4.6656200e-01  -3.0312712e-01   2.3336648e+00  -2.0903040e-01   4.3731532e-01   4.0703714e+00   1.2586630e+00  -2.0623575e+00   3.3220247e+00   1.0384378e+00  -9.1778864e-01  -2.0076554e+00   3.8471748e-02  -7.8423429e-03
   1.8687918e+01   6.0390775e+00   3.2344015e+00   1.2505064e+01   9.2550480e+00   1.1745321e+00   1.1275273e+01   1.2926776e+00  -3.3444670e+00  -5.7415452e+00  -8.7094042e-01  -4.5379385e-01  -3.4815259e+00   3.4375520e-02   8.5180420e-01  -3.2630516e-01  -4.8940257e-01   3.1665848e+00  -4.3168668e+00  -1.8748166e-01  -1.3619285e+00   1.8495208e+00   2.2775518e-01  -5.6105202e-02
   1.2112848e+01   7.8459242e+00   7.0254138e+00   7.1790661e+00   5.2697581e+00   3.2507178e+00   4.8545424e+00   7.4598271e-01  -3.5880614e+00  -3.5016377e+00  -8.3638928e-01   1.8054706e-03  -9.5307814e+00   1.0852044e+00   9.3541552e-01  -5.6756214e+00  -4.1444297e+00   5.0516649e+00  -1.4192737e+01   6.2085973e-01   7.8852471e-01   5.7042215e+00  -4.2256525e-02   1.2026696e-01
   1.1987957e+01   6.1784094e+00   4.1355864e+00   5.5392799e+00   6.0944422e+00   5.2722108e+00   4.3899952e+00   2.6227168e-02  -2.8611256e+00  -2.1905870e+00  -5.9108680e-01  -2.8403334e-01  -2.6463787e+00  -5.3806431e-01  -1.0588424e+00  -4.3623541e+00  -9.0736700e-01   2.4425840e+00  -4.5056938e+00  -1.0505370e+00  -1.8025251e-01   2.0106726e+00   3.6858549e-01   1.9773672e-01
   1.2230551e+01   6.3066867e+00   3.5163852e+00   6.0492673e+00   6.4353648e+00   3.4950735e+00   2.6990720e+00   2.9441492e-01  -1.7939345e+00  -2.2228897e+00  -6.6987360e-01  -2.0760693e-01   5.5086048e-01  -1.6430400e+00  -2.5825915e+00  -4.6823583e-01   7.5035365e-01   1.0495537e-01  -6.9609193e-01  -8.1623718e-01  -2.1984920e-01   1.8644638e-01   4.5321685e-01   1.5361790e-01
   1.4659499e+01   6.0015998e+00   3.4006522e+00   6.5264327e+00   7.3111942e+00   4.7162303e+00   5.5944672e+00  -5.7344060e-02  -4.5119092e+00  -3.3649102e+00  -4.0132002e-01  -5.2482574e-02  -6.9395237e-01  -5.5267095e-01  -4.4305838e-01  -1.2230464e+00  -1.5208771e+00  -4.8358055e-01  -1.9274194e-01  -5.7162698e-01  -4.8516365e-01   8.3448763e-02   3.1029787e-01   2.6164759e-01
   1.1603367e+01   5.4697691e+00   3.5189936e+00   5.9831360e+00   5.7869126e+00   3.6861411e+00   3.2081685e+00  -4.3658745e-01  -3.0924434e+00  -2.6348065e+00  -2.5144740e-01   1.1645693e-01   2.1682376e+00  -1.3534216e+00  -6.8948615e-01  -1.1622678e-03  -1.9603815e+00  -1.1412947e+00   2.8438562e+00   7.8841625e-01  -1.3469518e+00  -1.3734346e-01   7.9667996e-01   3.2109976e-01
   1.1260620e+01   5.7678618e+00   3.4696946e+00   3.7377760e+00   4.1373527e+00   4.4513061e+00   3.8463340e+00  -4.6571212e-01  -2.9396166e+00  -1.8594554e+00  -3.3485310e-01  -5.3593892e-02   2.8540430e+00  -9.8829612e-01  -1.6421620e+00   2.7508579e+00   9.5958206e-01  -2.0463663e+00   1.8691647e-02  -1.8372783e+00  -1.7419587e+00   1.7040786e-01   1.6295090e+00   1.3256083e-01
   1.7182347e+01   4.3934234e+00   2.4476347e+00   7.4418523e+00   5.0817133e+00   1.9155935e+00   7.8389228e+00   1.6812233e+00  -4.6005085e+00  -3.1816323e+00   4.9191288e-01   2.7459837e-01   2.2236585e+00  -8.8643168e-01  -1.1262564e+00   3.2469130e+00   3.6122652e+00   5.5681319e-01  -1.1174077e+00  -3.0925508e+00  -2.4003334e+00   7.3924652e-02   9.4927502e-01  -1.9755650e-01
   1.6151074e+01   5.0573285e+00   1.4730886e+00   9.9233613e+00   9.1031669e+00   2.5319546e+00   3.3071275e+00  -3.8721670e+00  -6.3708147e+00  -2.8358855e+00   1.6712633e+00   6.7287943e-02   1.9650197e+00  -7.1888761e-01  -2.5204110e+00   2.5775809e+00   3.9076182e+00   1.2813251e-01  -3.6614258e+00  -4.2521627e+00  -1.3674731e+00   6.7291101e-02   4.8424218e-01  -3.6388643e-01
   1.2493628e+01   4.4953882e+00   2.8279120e+00   7.7607128e+00   8.7224033e+00   5.4810366e+00   1.8016601e+00  -3.3721862e+00  -4.9773444e+00  -2.0357045e+00   1.6940693e-01  -2.4031874e-01   1.2004810e+00  -1.0999365e+00  -3.3270381e+00   2.0863075e+00   4.0745000e+00   5.2561733e-01  -1.3551134e+00  -2.8374678e+00   3.1455603e-01   3.6823309e-01  -3.2437401e-01  -4.9633613e-01
   1.6552509e+01   4.6385480e+00  -5.0106056e-01   7.4447171e+00   8.1784350e+00   2.8607834e+00   1.3728267e+00  -4.3172514e+00  -4.8024084e+00  -2.3314827e+00   5.5276315e-01  -3.4196499e-01  -1.6521683e-01  -8.5215489e-01  -1.0355995e+00   1.1794076e+00   1.8298576e+00   1.4489285e+00   2.9926131e+00   2.8136643e+00   2.4576662e+00   5.1085266e-01  -3.5092005e-01  -8.5002457e-02
   1.8782351e+01   2.9529088e+00  -1.5558478e+00   1.1810636e+01   1.1655829e+01   2.5396052e+00   6.7734031e+00  -2.3524361e+00  -4.9128776e+00  -2.8814841e+00   5.6460193e-01  -2.6527936e-01   1.2016357e+00  -1.4961083e+00  -1.4387947e+00   3.8608440e+00   3.0922806e+00   3.7678617e-01   6.2713873e+00   2.9480395e+00   2.6485791e+00  -3.1592602e-01   8.1402413e-01   3.6135047e-01
   1.2758887e+01   4.5503359e+00   2.1115692e+00   9.6675113e+00   1.0381240e+01   6.1760631e+00   5.3101757e+00  -1.6154557e-01  -2.7165487e+00  -1.6467167e+00   9.4728572e-01  -4.7735432e-02  -5.3457131e+00  -3.9370475e-01   2.5215216e+00  -1.9242617e-01  -5.9614609e-01   1.5733849e+00   1.4631397e+00   4.6147060e+00   4.7347760e+00   9.8634815e-01  -3.0914818e-01   4.1377095e-01
   1.6192892e+01   2.2953319e+00  -6.3659488e-01   1.2440582e+01   1.2259421e+01   4.3885760e+00   9.2400666e+00  -1.0279799e+00  -2.0474055e+00  -2.8519765e+00   1.1931818e+00   1.5459219e-01  -4.8369206e+00  -1.2366708e+00   8.7281626e-01  -3.4615905e+00  -5.6377359e+00  -2.2396956e+00  -4.0464605e+00   1.7651521e+00   1.6632708e+00  -6.8168971e-02  -1.0270989e+00   6.9793010e-02
   9.8286681e+00   4.3767793e+00   2.8215954e+00   6.8411048e+00   6.9824197e+00   4.2963753e+00   2.3342044e+00   1.9425796e+00   8.6701966e-01  -8.6671427e-01  -2.2524907e-01   6.8755661e-02  -2.1749727e-02  -9.5666065e-01  -7.7904441e-01  -8.0456920e-01  -4.2699818e+00  -4.3066264e+00  -3.1008723e+00   1.8683088e+00  -9.3490317e-01  -1.7362393e+00  -1.5266272e+00  -1.7468920e-01
   1.2992079e+01   1.1846809e+00  -6.0163653e-01   8.0314530e+00   4.8986357e+00   1.1990569e-01   2.1916979e+00  -7.5677053e-01  -4.2097557e+00  -3.3737388e+00  -3.8977895e-01  -2.1883539e-01  -1.0123533e+00   4.2019773e-01   2.0231787e+00   2.1518985e-01  -4.4870080e+00  -2.5660138e+00  -1.7525249e+00   4.1810731e+00   1.0373975e+00   9.3409222e-02  -6.3677108e-01  -2.4076929e-01
   1.4326669e+01   3.6706704e+00   9.2552344e-01   1.0665222e+01   7.6566605e+00   1.8504586e+00   4.1830516e+00   2.5053129e+00  -3.0377284e+00  -3.9901946e+00  -5.5117469e-01  -1.2305545e-01   1.3479865e-01   4.9679678e-01   2.7643145e+00   1.3778821e+00  -2.7504246e+00  -1.7682651e+00   2.4168481e+00   2.5239123e+00   1.0624160e+00   1.1140817e+00   6.7876129e-01  -4.1370707e-02
   1.2425362e+01   3.2786830e+00   3.3462092e+00   1.0851308e+01   5.1917891e+00   1.7625135e+00   5.6868557e+00   4.9622630e+00   1.4610647e+00  -1.1501225e+00   4.0098803e-01  -1.1065619e-01  -1.5505631e+00   2.0758271e+00   4.6659111e+00   1.4356482e+00  -1.4530896e+00   2.9603777e-01   2.1496982e+00   2.3909475e+00   2.1062236e+00   2.1602640e+00   9.7637157e-01  -1.3790195e-01
   1.0314225e+01   4.0749735e+00   4.9941442e+00   7.4980005e+00   2.7102061e+00   8.2267369e-01   4.2118977e+00   2.8689313e+00  -3.7476662e-01  -3.0739983e-01   3.9750937e-01  -4.7389997e-02  -3.5024410e+00   6.5386499e-02   3.2194041e+00  -2.8921368e+00  -5.2681870e+00  -6.2414153e-01   6.2515039e-02  -1.6758102e+00  -1.0790025e+00   8.4877833e-01  -2.4586661e-01  -3.6555363e-01
   1.2672457e+01   4.0962700e+00   4.3629198e+00   1.1768536e+01   5.1922284e+00   1.0778548e+00   5.4018222e+00   2.6478414e+00  -2.3819012e+00  -1.9747402e+00   6.0043637e-01  -4.6352104e-01   4.0943136e-01  -3.1346624e+00   5.0957954e-02   1.6950216e+00  -1.3678007e+00  -5.9622346e-01   1.8800485e+00  -1.8011256e+00  -4.3087637e+00  -1.6623563e+00  -5.9628407e-01  -6.8178478e-01
