   1.2010985e+01   8.6970554e+00   4.6261861e+00   1.8827550e+01   1.4049743e+01  -1.0936876e+00   1.5139126e+01   2.6136712e+00   4.9109006e+00  -1.8132265e+00   2.5455411e+00   4.9338767e-01   5.9657948e+00   3.0678372e-01  -2.4241778e+00   6.4501940e+00   7.7117617e+00  -3.5806147e+00   1.4226633e+00  -2.7366809e+00   4.4086916e+00  -9.6329588e-01   5.2765837e-01  -1.9426119e-01
   1.1473763e+01   6.8327314e+00   4.0795409e+00   1.9367876e+01   1.6379760e+01   7.9002945e-01   1.0529957e+01   3.6457825e+00   6.9514546e+00  -1.0243551e+00   2.0756579e+00   1.7397109e-01   5.5379058e-01   1.6619891e+00   1.8972638e+00   2.0457474e+00   5.9579774e+00   2.2954338e+00  -3.4507203e+00  -3.3711491e+00   1.4337550e+00   1.1345883e-01  -9.5020444e-01  -4.6209431e-01
   1.2021689e+01   1.0705478e+01   8.6555425e+00   1.8443113e+01   1.7527239e+01   2.5158966e+00   8.7599186e+00  -1.5810891e-01   6.1281260e+00  -1.2589488e+00   6.1670658e-01  -2.5660137e-01   6.7945619e-01   3.0137763e+00   5.7315510e+00  -1.4386151e+00  -1.3599471e-01   2.5072767e+00  -3.8689158e+00  -9.9883801e-01  -2.4197745e+00  -1.0202138e+00  -1.7353794e+00  -1.9990180e-01
   1.2689893e+01   1.1662968e+01   1.0773409e+01   1.8872486e+01   1.6632163e+01   2.6656553e+00   1.0376440e+01   3.2622529e-01   3.6490693e+00  -2.2424083e+00   1.0660955e+00   3.8516043e-02   8.6004187e-01   2.7108357e+00   1.0967809e+00   4.3927099e-01   6.8567474e-01   5.5066545e-01   2.7426910e+00   2.5821505e-01  -1.5834250e+00  -2.0072341e+00  -1.1756172e+00   1.0823224e-01
   1.2422104e+01   1.0802602e+01   9.8765786e+00   1.6917322e+01   1.3719549e+01   1.7294146e+00   9.4125107e+00   2.7751928e+00   2.9324316e+00  -2.7345206e+00   4.4725319e-01   2.6126249e-01  -8.9756300e-01  -2.2540765e+00  -3.6636856e+00  -1.4483950e+00  -1.0933894e+00  -3.0302910e-01   1.6011279e+00   2.9462817e+00   1.2282508e+00   3.1176908e-01   2.6644589e-01   4.9348043e-01
   1.2563619e+01   1.0850423e+01   5.1141943e+00   2.0789678e+01   1.9312117e+01   2.0092687e+00   1.4317697e+01   2.5664543e+00   6.1741643e+00  -3.2974204e+00   3.9695883e-01   7.7387521e-02  -5.9551120e-01  -4.8990651e-01  -3.1471965e+00   7.3745464e-01  -9.6755643e-01  -2.2869446e+00   4.1489899e+00   1.5059815e+00   2.6759026e+00  -4.3576949e-01   2.1810695e-01   3.3842720e-03
   1.0738482e+01   7.7306356e+00   5.9896215e+00   1.5311925e+01   1.4547178e+01   2.3895463e+00   9.1909820e+00   3.1411992e+00   6.7079546e+00  -2.6378914e-01   1.3509437e+00   4.6418354e-01   1.2981261e+00   3.2455433e+00   6.7517898e-01   6.8595678e+00   1.7424824e+00  -4.1238731e+00   6.4720531e+00  -1.0652839e+00   2.1320199e+00  -1.1334551e+00  -1.4497982e-01  -7.9724732e-01
   1.2638437e+01   1.2464091e+01   7.9960927e+00   2.0781366e+01   1.4767014e+01  -1.0948276e+00   1.6710689e+01   2.4021944e+00   5.7751616e+00  -4.1314283e+00   9.4141062e-01  -5.7868069e-02   9.9724696e-01   3.2685315e+00   5.1093046e+00   7.6423671e-01  -2.4639496e+00  -9.7168903e-01  -6.2683442e-01  -1.5372527e+00  -1.7758060e+00  -3.0301752e-02  -7.5124042e-01  -5.9820031e-01
   1.4331884e+01   1.4864083e+01   9.4483979e+00   2.7210829e+01   1.8605824e+01  -2.9043470e+00   1.7924094e+01   1.2593968e+00   6.3299628e+00  -4.0176993e+00  -4.2442434e-02  -8.6698069e-01   5.1520466e-01   1.9369985e+00   3.5334780e+00  -1.2752159e+00  -2.0839005e+00   1.0439870e+00  -2.3474568e+00  -1.3110365e+00  -2.5028058e+00   9.8334121e-02  -7.9257832e-01  -3.1872305e-01
   1.2262788e+01   1.2186497e+01   1.1048763e+01   1.5986581e+01   1.3586869e+01   3.1986817e+00   9.0108893e+00   1.2014764e+00   3.6994513e+00  -1.4659179e+00  -3.3208712e-02  -1.5433083e-01  -1.5782198e+00  -2.6450577e+00   1.3411193e+00  -4.8249310e+00  -3.0325660e+00   1.9416455e+00  -5.1599208e+00   6.6265422e-02  -2.1747064e+00   1.9460411e+00   5.7552709e-01   4.0809905e-01
   1.1699113e+01   1.0774931e+01   9.7635034e+00   1.5796494e+01   1.2011400e+01   1.8087721e+00   9.5196968e+00   1.7750034e+00   3.9916011e+00  -1.4490431e+00   6.4938593e-01   3.4330335e-02  -2.0363634e+00  -3.2000506e+00  -1.0969165e+00  -4.7203884e+00  -2.1604790e+00   1.5491115e+00  -5.7490796e-01   1.1553463e+00  -1.0245086e+00   9.1003159e-01   1.8945735e+00   8.3486457e-01
   1.1587493e+01   1.0541081e+01   9.8502189e+00   1.9251137e+01   1.3515377e+01  -5.3891876e-01   1.3173007e+01   2.2437893e+00   3.6822829e+00  -2.4966947e+00   1.4587871e+00   1.0362499e-01   2.9983420e-01   4.4970339e-01  -8.3223126e-01   2.7452323e+00   2.8263302e+00  -4.7903267e-01   4.6139355e+00  -7.2040594e-01   4.1142089e-01  -1.0381303e+00   1.3608139e+00   1.8258207e-01
   1.1614986e+01   1.0886715e+01   8.4022952e+00   1.8497968e+01   1.5400851e+01   1.2881205e+00   1.4980674e+01   2.4712598e+00   4.8017840e+00  -2.1372635e+00   2.0534199e+00   2.5633825e-01   7.2716399e-01   1.8884013e+00   1.2341944e+00  -8.0810981e-01   1.3609295e+00   3.3150508e+00   6.4055213e-01  -1.2635716e+00  -5.3247462e-01   9.1974405e-02  -1.3668383e-01  -1.5918460e-01
   1.2754603e+01   1.2805160e+01   1.0481020e+01   1.8753692e+01   1.6131639e+01   2.7404585e+00   1.3201304e+01  -2.2726070e-01   3.9114912e+00  -2.6790032e+00   1.3059952e+00   8.5383206e-03   2.5542489e+00   8.3507066e-01  -1.1795621e+00   2.6056812e+00   3.1846840e-01   1.2848637e-02   8.5479673e-01  -1.4130670e+00  -1.3059061e+00  -5.0683999e-01  -6.0811580e-01  -2.8819642e-01
   1.2206304e+01   1.2475493e+01   1.1299394e+01   1.4833052e+01   1.2744663e+01   5.1416596e+00   1.0466376e+01   1.1151710e+00   3.0782851e+00  -1.2199273e+00   5.2075615e-01  -1.5690322e-01   1.7913460e+00  -6.9495079e-01  -2.3693105e+00   7.3816565e+00   6.3837923e-01  -4.3556513e+00   2.2859930e+00   6.5666574e-01  -1.0359937e+00  -2.0778564e+00  -2.7735162e-01  -2.9159762e-01
   1.5123207e+01   1.0999298e+01   6.6323261e+00   2.4992117e+01   1.5321174e+01  -2.4464154e+00   1.6712350e+01   8.0223320e-01   2.5851732e+00  -3.7156228e+00   1.3129452e+00  -1.2204890e-01  -6.3262218e-01  -2.6333733e+00  -2.2589914e+00   1.3865246e+00  -2.1801962e+00  -2.4542839e+00   4.8776735e-01   2.7650312e+00  -3.9142882e-01  -4.3539087e-01   3.8495294e-01   1.5451459e-01
   1.3117703e+01   1.0747220e+01   6.7726766e+00   2.6451241e+01   1.6763652e+01  -2.6519195e+00   1.6654140e+01   2.9415115e+00   3.9109524e+00  -4.7357383e+00   1.6339174e+00  -1.1576457e-01  -1.3426667e+00  -4.0400978e-01   4.8492574e-01  -2.5457633e+00  -1.8414232e+00  -4.3047412e-01  -1.9635529e+00   7.6721126e-01   5.8395835e-01  -1.8655251e-01   6.6210907e-02   2.1094337e-01
   1.1349970e+01   9.7192363e+00   9.3558919e+00   1.5024385e+01   1.0851850e+01   2.9558222e+00   1.0839073e+01   3.0071159e+00   2.9080142e+00  -1.5741840e+00   1.3268439e+00   2.1974088e-01  -1.5845537e+00   2.0037601e+00   5.2327290e+00  -6.1229931e+00  -1.7054875e+00   4.2049227e+00  -4.7320448e+00  -9.1128426e-01   2.9789377e-02   9.7698139e-01  -7.9914497e-01  -7.7493334e-02
   1.2078923e+01   1.2509509e+01   1.0665000e+01   1.5998273e+01   1.2217190e+01   1.7948296e+00   1.0457686e+01   1.1635465e+00   3.7928021e+00  -2.5704754e+00   6.1312316e-01  -1.1383047e-02   4.2835791e-01   1.9077214e+00   3.7468856e+00  -4.0037625e+00  -7.2080734e-01   3.8450504e+00  -3.7382325e+00  -2.2846451e+00  -1.2518770e+00   8.7654453e-01  -1.1224032e+00  -2.1298235e-01
   1.3265767e+01   1.3123793e+01   1.2535258e+01   2.1034111e+01   1.5036174e+01   1.6375941e+00   1.2712510e+01   3.2428928e-01   2.6889325e+00  -3.3327821e+00   6.2462489e-01  -2.9047966e-01   2.0654665e+00   2.2441097e+00  -1.5433746e+00   5.1966585e+00   5.3808778e+00  -9.8262196e-01   7.4891765e-01  -3.6759729e+00   8.1159638e-01  -1.3604837e+00   1.7427831e-01  -2.7310090e-01
   1.2802342e+01   1.1906523e+01   1.0803322e+01   1.7440733e+01   1.3590279e+01   3.7747700e+00   1.0110072e+01   8.5595713e-01   2.1426777e+00  -2.5416224e+00   3.0142211e-01  -1.8012783e-01  -7.3740869e-02  -1.0439534e+00  -3.5302834e+00  -1.1151341e+00   1.4600581e+00   8.7440251e-01  -1.1628096e+00  -1.2586207e+00   9.9642349e-01   9.7291533e-01   6.8535650e-01   1.6080070e-01
   1.4086461e+01   1.3386894e+01   6.9716691e+00   2.2098142e+01   1.8236622e+01   4.9191905e-01   1.2136256e+01  -2.3530488e+00   4.9504710e+00  -3.6293360e+00   1.7441119e+00  -1.0553809e-01   5.2001706e-01  -6.4406920e-01  -6.1315341e+00   3.0203045e-01   1.2824916e+00  -2.4659532e+00   6.9415234e-01  -6.8913709e-01   3.3153100e+00   7.2740533e-01   1.0155808e+00   3.4408444e-01
   1.1557965e+01   1.0812029e+01   8.1513694e+00   1.3793557e+01   1.2807053e+01   3.6792709e+00   9.0015983e+00   6.1428442e-01   4.1566680e+00  -9.6282550e-01   1.0814144e+00   1.3734722e-01   2.4368235e+00   2.9606833e+00  -3.7107902e+00   6.3609437e+00   3.8024887e+00  -5.1815194e+00   6.9347763e+00  -8.8662571e-04   1.7593603e+00  -2.0634352e+00   5.1388792e-01   1.2310771e-01
   1.4667981e+01   1.2704937e+01   4.6639330e+00   2.3310745e+01   1.7351524e+01  -2.0135861e+00   1.4307976e+01  -5.8857999e-01   6.6549023e+00  -3.0310726e+00   1.7579999e+00   6.6909469e-02   4.7112302e-01   1.6440002e+00   2.0562120e+00   2.3118333e-02  -9.8988524e-01   5.0570526e-01   1.5718969e+00   2.0853177e+00  -1.0623226e+00  -4.0698959e-01  -1.1230806e+00  -1.5324958e-01
   1.6166817e+01   1.6688527e+01   6.3910047e+00   2.6375847e+01   1.9736561e+01  -2.7447565e+00   1.9426377e+01  -2.7607187e-02   3.9295025e+00  -5.9359069e+00   1.0653100e+00  -8.1690042e-02  -3.4842272e-01   7.0011266e-01   3.2670909e+00  -1.0992345e+00  -9.2113097e-01   1.3145169e+00  -2.2897254e+00   8.3800117e-01  -6.1202173e-01   2.2411104e-01  -9.9808699e-01  -2.2594981e-01
   1.2488719e+01   1.2914645e+01   1.0936169e+01   1.5841675e+01   1.3287040e+01   4.4624906e+00   9.2817122e+00   1.0958736e+00   3.4705698e+00  -1.7532797e+00   6.7543191e-02  -2.2589382e-01  -2.9706041e+00  -2.3096906e+00   3.6159736e+00  -5.7779846e+00  -2.6115387e+00   4.0274530e+00  -7.4220159e+00   3.2017418e-01  -7.3108266e-01   1.8925766e+00  -9.7643928e-01  -1.4772985e-01
   1.2124962e+01   1.1757344e+01   9.9158875e+00   1.5879240e+01   1.3457599e+01   2.4130079e+00   8.0801421e+00   1.0290594e+00   4.8308017e+00  -1.2655554e+00   4.2951225e-01  -5.5175851e-02  -2.9351984e+00  -4.3676686e+00  -2.3749409e-01  -4.5571927e+00  -1.3312861e+00   2.5744645e+00  -4.8235719e+00   3.3450419e-01   2.6154200e+00   2.8263968e+00   3.3413017e-01   8.8185087e-02
   1.2233002e+01   1.1705993e+01   8.3254519e+00   1.9892072e+01   1.6573697e+01   1.4487112e+00   8.8480697e+00  -6.3665200e-01   5.1076287e+00  -2.5273835e+00   6.1123985e-01  -1.6794240e-01   2.5960475e-01   7.0541488e-01  -6.5487723e-01   2.6352478e+00   2.5761793e+00  -1.1929393e+00   4.1028780e+00  -5.9506004e-01   1.9849939e+00  -9.4463853e-01   2.3824750e-01  -9.9357715e-02
   1.1891877e+01   1.0741350e+01   7.3401223e+00   1.7514860e+01   1.6096304e+01   2.6238300e+00   1.2407841e+01   1.3404119e+00   7.0341030e+00  -1.3092598e+00   1.2946569e+00   2.1611879e-02   4.7599131e-01   1.9113638e+00   1.9541072e+00  -8.2156269e-01  -4.1503653e-01   1.8792543e+00   2.3652772e+00   6.2563648e-01  -4.1582717e-01  -6.4110682e-01  -6.8798119e-01  -1.6841708e-01
   1.2994668e+01   1.4480764e+01   1.1241736e+01   1.8976737e+01   1.5831957e+01   2.5676707e+00   1.3272180e+01   4.7607291e-02   5.3464101e+00  -3.1483852e+00  -7.6578947e-03  -4.1332426e-01   1.5453164e+00   1.4200417e+00   6.9533455e-01   5.2128119e+00   5.4451741e-01  -1.4718953e+00   3.2864953e+00  -5.9549431e-02  -1.6570715e+00  -1.8386685e+00  -9.0689286e-01   1.3699648e-02
   1.2458115e+01   1.3237004e+01   1.1388906e+01   1.5104564e+01   1.3205914e+01   4.6724097e+00   9.4160028e+00   1.6253844e+00   4.0876702e+00  -1.9167148e+00  -2.9301065e-01  -1.8511055e-01   1.9660506e+00   7.4437652e-01  -2.3485977e+00   9.0701900e+00   3.2031868e+00  -4.4309039e+00   4.9797654e+00  -5.2171416e-01  -2.8280993e+00  -4.0335282e+00  -9.9235937e-01  -6.3249029e-02
   1.4267858e+01   1.2588228e+01   7.3440618e+00   2.8916438e+01   1.8835668e+01  -1.7834216e+00   1.5273732e+01  -8.6846240e-01   4.0952378e+00  -4.9816588e+00   4.4734360e-02  -4.4031714e-02  -5.0495435e-02  -2.7506206e+00  -3.7181740e+00   2.2369537e+00   9.7146446e-01  -2.2086470e+00   2.4247695e+00   1.9871757e+00  -1.5996992e-01  -7.3540392e-01   7.2381168e-01   3.7892554e-01
   1.4204359e+01   1.2804182e+01   5.7660630e+00   2.6150294e+01   1.9399228e+01  -1.8469797e+00   1.8876713e+01   1.0158755e+00   3.4175402e+00  -6.4429154e+00  -2.2007824e-01  -2.5790794e-01  -1.2541748e+00  -1.0276285e+00  -3.3994648e-01  -4.8546775e+00  -1.9245559e+00   8.6905553e-01  -4.5714026e-01   8.3659442e-01   5.8137075e-01   1.2983713e+00   9.8734309e-01   2.1304286e-01
   1.2045804e+01   1.0571244e+01   8.4758968e+00   1.6809302e+01   1.4192496e+01   2.5143949e+00   1.2178979e+01   3.3331253e+00   5.4415202e+00  -1.9883908e+00   1.0415934e+00   1.9146275e-01  -1.7256007e+00   7.2492344e-01   5.4095749e+00  -1.1631783e+01  -5.7767877e+00   5.3609736e+00  -4.5294354e+00   1.9158092e-01  -8.0576286e-01   3.6662720e+00   8.2922319e-01  -9.4754632e-02
   1.1687880e+01   1.2704053e+01   1.0313069e+01   1.3876116e+01   1.2640666e+01   3.8270847e+00   1.0277669e+01   7.7948220e-01   4.2865851e+00  -1.4657918e+00   6.8957446e-01   1.6706510e-02  -6.8824581e-01   7.1530896e-01   6.1828021e+00  -5.0823423e+00  -4.7184723e+00   2.9520346e+00  -4.4053592e+00  -1.7234179e+00  -1.7235941e+00   2.9891316e+00   4.3785585e-01  -2.7085515e-01
   1.2937696e+01   1.3725678e+01   1.3184921e+01   1.7605852e+01   1.3549767e+01   3.4210066e+00   1.2779101e+01  -4.6289437e-01   2.4520710e+00  -1.9708126e+00   8.3374279e-01  -3.2347089e-01   2.6250547e+00   1.8396867e+00  -1.4122914e+00   7.9250986e+00   3.0647574e+00  -5.8752665e+00   3.6561194e+00  -2.9133336e+00  -2.1188927e+00  -7.2382676e-01   4.8355540e-01  -6.8534330e-01
   1.2726044e+01   1.2299929e+01   1.2685754e+01   1.8128506e+01   1.2642884e+01   2.1277664e+00   1.1968613e+01   3.2875848e-01   2.3268736e+00  -1.9680070e+00   5.4063085e-01  -4.0672385e-01   1.1706611e+00  -2.9807431e-01  -2.9389983e+00   3.6235401e+00   2.2739483e+00  -2.5928821e+00   1.3578155e+00  -4.0407732e-01   1.2698255e-01  -5.0986049e-02   2.2212665e-01  -2.6805517e-01
   1.5464304e+01   1.3532836e+01   5.1711171e+00   2.6570755e+01   1.8788524e+01  -5.4488457e+00   1.6817686e+01  -8.1151320e-01   3.2430370e+00  -2.8230234e+00   1.8413983e+00  -6.2483703e-01   4.1627502e-01   3.5841655e-01  -4.0616791e+00  -2.3829107e-01   1.2871609e+00  -2.4507721e+00  -1.9152250e-01   8.9160705e-01   4.0071643e+00  -5.3214396e-01  -2.1526687e-01   1.8090837e-01
   1.2180568e+01   1.2353363e+01   9.9114735e+00   1.4828974e+01   1.3432211e+01   4.3726877e+00   1.0295099e+01   3.4767563e-01   4.0815759e+00  -1.1161655e+00   5.1893666e-01  -2.3469317e-01   1.9920425e+00   3.2697903e+00  -2.0669031e+00   6.6479515e-01   2.3988297e+00  -1.0955744e+00   2.5369480e-01  -4.5978245e-01   5.1552789e+00  -1.6703775e+00  -1.0173435e+00   1.1146397e-01
   1.3834846e+01   1.4236586e+01   8.4795428e+00   1.8898181e+01   1.5085845e+01  -1.3776122e+00   1.3328574e+01   8.6505764e-01   7.5854663e+00  -3.1949493e+00   5.2168958e-01  -1.3812367e-01  -2.6301888e-01   9.4962787e-01   3.9637390e+00  -3.5410902e+00  -1.4150254e+00   3.5682769e+00  -3.0771719e+00   3.1570242e-01   1.4770532e+00  -3.9681184e-01  -1.3419248e+00   1.4017677e-01
   1.6528836e+01   1.6852739e+01   7.9311864e+00   2.2961986e+01   1.8092468e+01  -1.5512120e+00   1.4093712e+01  -1.1992006e+00   7.8885773e+00  -4.2876103e+00  -3.2553002e-01  -4.8288456e-01  -2.9487075e-01  -1.4706221e+00   2.2130936e+00   1.8668807e+00  -5.6188527e-02  -3.8112130e-01  -4.3605329e-01  -5.1896870e-01  -2.2362352e+00   1.2242264e-01   2.8255878e-01  -1.4345502e-01
   1.2895641e+01   1.2707589e+01   1.2106869e+01   1.7192614e+01   1.4335857e+01   2.8655195e+00   1.0302622e+01   4.3547856e-01   3.5551161e+00  -1.8325187e+00   2.5074445e-01  -2.9047618e-01  -2.3240051e+00  -3.4451977e+00   2.4683950e+00  -1.8914480e+00  -2.3354600e+00   2.5874597e+00  -6.0417716e-01   5.9941321e-02  -4.3590588e+00   1.2406684e+00   6.6951101e-01  -1.6294622e-01
   1.2207864e+01   1.0911928e+01   1.1417451e+01   1.8482079e+01   1.3722922e+01   1.6794399e+00   1.1153995e+01  -2.1598788e-01   2.7423982e+00  -1.6137469e+00   1.0782474e+00  -3.7369945e-01  -1.4667098e+00  -3.4805995e+00  -1.5033356e+00   1.3554812e+00  -3.2887032e+00  -3.5355009e+00   5.5437536e+00   3.3670827e+00  -1.2692343e+00   1.1628460e+00   1.3464775e+00   3.1674169e-02
   1.2509325e+01   1.2039195e+01   1.0439003e+01   1.8300962e+01   1.3767428e+01   8.8825139e-01   1.3892166e+01   4.6336325e-01   3.6199676e+00  -2.6708785e+00   8.2406737e-01  -4.3713556e-01   5.6063664e-01   9.8962385e-01  -1.7876108e+00   5.1669393e-01  -9.7170763e-01  -2.5651008e+00   3.6041268e+00   7.1803980e-01   9.9138074e-01  -2.6462074e-01   3.0522055e-01   5.7955291e-02
   1.4521930e+01   1.1966037e+01   6.5101161e+00   2.4441033e+01   1.3443627e+01  -5.8658292e+00   2.0614570e+01   3.8374811e+00   5.9523002e+00  -2.1241614e+00   1.4075248e+00  -3.6204362e-01   3.8695945e-01   2.1484786e+00   1.0518002e+00  -3.2840329e+00  -6.7032336e-01   2.1694891e+00  -1.9713205e+00   4.7705034e-01   2.9554099e-01   9.2811085e-02  -8.7167027e-01   1.7082251e-01
   1.2579563e+01   1.3664971e+01   1.1879120e+01   1.4988178e+01   1.3017943e+01   2.7905028e+00   1.0978525e+01  -5.1419621e-01   3.4372363e+00  -1.9742426e+00   5.4393657e-01  -2.0937116e-01   3.3729418e-01   6.7501834e-01   2.9732524e+00  -7.3259724e-01   1.5625930e+00   2.3214036e+00  -4.1041073e+00  -1.6533207e+00  -3.8714308e-01  -1.4216971e-03  -1.0815074e+00  -1.3845980e-01
   1.2753184e+01   1.3321758e+01   1.2275092e+01   1.5212422e+01   1.3092180e+01   3.9825478e+00   9.6538352e+00   9.8836736e-01   3.2770754e+00  -1.8228482e+00  -8.9192600e-02  -2.3134788e-01  -2.7782595e-01  -1.0473253e+00   1.7321410e+00   1.4073701e+00   2.7607573e+00   3.2321111e+00  -2.0479425e+00  -3.6541881e+00  -1.1700066e+00  -7.1659544e-01  -8.2603174e-01  -5.0997921e-01
   1.3899639e+01   1.2373862e+01   1.2016394e+01   2.1816372e+01   1.6287042e+01  -5.5383173e-01   1.3216373e+01  -5.9206090e-01   4.3768654e+00  -2.8236676e+00  -4.9835049e-02  -7.1017312e-01  -8.0190397e-01  -3.2750363e+00  -2.5427479e+00   2.3838621e+00   2.5618375e-01  -7.2905540e-01   1.7214591e+00   1.6303356e+00   1.2268346e+00   9.3730673e-01   3.8479012e-01  -5.4920360e-02
   1.3445153e+01   1.1040603e+01   9.0396910e+00   2.3137991e+01   1.5950214e+01   6.5450474e-01   1.6423732e+01  -1.6048687e+00   3.7274757e+00  -2.7743420e+00   4.6536299e-01  -8.7661145e-01  -1.5561021e+00  -1.6555041e+00  -1.6501783e+00  -1.9477226e+00  -1.7744169e+00   2.8446569e-01  -3.3648168e-01   5.6993777e-01   7.9018213e-01   1.1973322e+00   5.9809951e-01   1.6645687e-01
   1.1030723e+01   9.8929933e+00   9.6826992e+00   1.4601186e+01   1.1973201e+01   3.3609413e+00   1.0175765e+01   3.2279253e+00   5.0522879e+00  -9.2535576e-02   8.4384396e-01   3.0880088e-02  -7.8393730e-01   1.8383419e+00   9.4000467e-01  -3.9466108e+00  -1.1712084e+00   3.0381120e+00  -2.2577639e+00   4.6305576e-01  -4.3529384e-01   2.9039091e-01   7.0967533e-02   3.8745615e-01
   1.1853489e+01   1.2078936e+01   1.0966672e+01   1.5898431e+01   1.2587474e+01   2.4518598e+00   1.0669416e+01  -6.6719077e-02   4.1246373e+00  -1.3924159e+00   3.6111716e-01  -3.5218919e-01   6.2912413e-01   3.5406002e+00   2.4871347e+00  -2.6629624e+00   1.3156125e+00   2.4811020e+00  -3.4359499e+00  -7.0551342e-01  -5.3719065e-01  -7.5231278e-01  -6.3880897e-01   2.5709105e-01
   1.3519565e+01   1.4612209e+01   1.2462910e+01   1.9516236e+01   1.6211599e+01   3.1046588e+00   1.2706885e+01  -6.6655210e-01   3.5253438e+00  -3.0790443e+00   1.0873917e-01  -3.9120003e-01   2.2037227e+00   3.2032829e+00  -5.2025110e-01   3.5407731e+00   4.1435152e+00  -2.7197256e-01   1.0917799e+00  -4.3767784e+00  -9.3961338e-01  -2.1628019e+00  -2.5672117e-03  -1.1529891e-01
   1.3144418e+01   1.3991896e+01   1.1380288e+01   1.6686023e+01   1.5804434e+01   4.5042989e+00   1.0004247e+01  -7.1590017e-01   3.6851618e+00  -2.4095568e+00  -1.2529806e-01  -2.7993482e-01   2.9843850e-01  -2.8350942e-01  -2.6641921e+00  -8.8934560e-01   6.0361129e-01   5.1380548e-01  -7.9657750e-01  -9.6880035e-01   1.6997595e-01   4.2473908e-01   7.3652536e-01   1.9257083e-01
   1.3690842e+01   1.3741438e+01   8.6955149e+00   1.9518550e+01   1.6579994e+01   1.9267629e+00   1.2146019e+01  -3.0126518e+00   3.8626056e+00  -2.8281679e+00   1.0832008e+00  -1.7819547e-01  -9.4164749e-01  -2.1993052e+00  -2.6230526e+00  -1.5867369e+00  -2.4066294e+00  -2.9340978e+00  -3.7547709e-01   1.1513093e+00   1.8776855e+00   1.3260141e+00   1.1134604e+00   2.5603054e-01
   1.2215508e+01   1.2089057e+01   8.8540816e+00   1.4563255e+01   1.3308694e+01   3.8115160e+00   9.7549828e+00  -3.4686977e-01   4.2109703e+00  -8.8074547e-01   9.7867441e-01  -1.6983523e-01   2.4589789e+00   1.1758726e+00  -1.3870056e+00   5.3826724e+00   1.6249678e+00  -7.8613622e+00   3.2061591e+00  -4.0364086e-02   1.8145244e+00  -1.6773443e+00   8.3420216e-01   1.9805014e-02
   1.2571549e+01   1.2264670e+01   9.7914342e+00   1.8197514e+01   1.3849525e+01  -9.5009649e-01   1.2268301e+01   8.7589665e-01   6.0789678e+00  -1.8544288e+00   1.2269435e+00  -6.2204022e-02   1.1135758e+00   2.0090171e+00   2.5804106e+00   1.2119844e+00  -8.0609856e-02  -1.5122038e+00   7.0495829e-01   1.4504515e+00   4.2524650e-02  -1.1430014e+00  -7.2446686e-01  -1.5263854e-01
   1.7392533e+01   1.6494089e+01   8.7518196e+00   2.5420549e+01   1.9607121e+01  -5.8493147e+00   1.4752345e+01  -2.7207205e+00   5.2987673e+00  -5.4124428e+00   1.0541338e+00  -3.0822302e-01   2.6355088e-01   1.3548380e+00   2.5688407e+00   1.3033797e+00   9.1494999e-02   5.1875180e-01  -2.3152375e-01   2.1661382e-01  -1.0453434e+00  -1.3166360e+00  -9.1439624e-01  -1.5158470e-01
   1.2772693e+01   1.4552448e+01   1.2617262e+01   1.5907880e+01   1.3309866e+01   4.4888725e+00   1.0704776e+01   3.4995090e-01   3.3824941e+00  -2.2768213e+00  -4.1229222e-02  -3.3795938e-01  -3.5549352e-01  -1.6840915e+00  -1.6420933e-01   4.6589916e-02  -6.1309973e-01   2.8123771e+00   1.0420545e+00  -1.3166519e+00  -1.9003116e+00  -1.6083130e-01  -3.8657878e-01  -3.0213606e-01
   1.2510262e+01   1.2977426e+01   1.1294429e+01   1.7663142e+01   1.3715765e+01   1.8701592e+00   1.0189460e+01   2.4102383e-01   3.9911921e+00  -2.6445033e+00   2.4116643e-01  -2.5933459e-01  -2.1185531e+00  -4.8860517e+00  -2.1268460e+00  -1.4779777e-02  -1.7776042e+00   2.6781267e+00   2.7035219e+00   1.1603527e+00   3.5022016e-01   2.2674882e+00   1.1323920e+00   1.0372266e-01
   1.4479444e+01   1.1496864e+01   8.2738155e+00   2.2146102e+01   1.5875553e+01  -5.9126788e-01   1.6112826e+01  -2.5799534e+00   3.8822881e+00  -3.4796455e+00   1.0535590e+00  -5.3985233e-01  -8.9651060e-02  -2.1861009e+00  -2.5298463e+00   1.2591199e+00   4.6138736e-01  -1.4217221e+00   3.1080041e-01   3.6970554e-01   1.0820799e+00   7.0578650e-01   7.9961936e-01   1.8546197e-01
   1.3361328e+01   1.0692803e+01   7.7332738e+00   2.2279268e+01   1.5657871e+01   7.0794553e-01   1.6103603e+01   4.8476073e-01   5.5742006e+00  -1.4097985e+00   2.2053277e+00  -5.1692548e-02  -4.2442053e-01   1.2654593e+00   1.2669628e+00  -3.2282167e+00  -4.3433952e-01   2.7507801e+00  -3.7510079e+00   8.3474615e-01   1.5256971e-01   1.0326367e+00  -4.7559404e-01   1.3013252e-01
   1.2212684e+01   1.2415608e+01   1.0603070e+01   1.5488497e+01   1.3030894e+01   2.9373961e+00   8.2139048e+00   7.8264076e-01   4.2141097e+00  -1.8354940e+00   1.7611919e-01  -1.6358744e-01  -1.1182765e+00   3.0979030e+00   3.3451158e+00  -5.8244926e+00  -1.3343107e+00   4.1181963e+00  -6.6819510e+00   9.5519475e-01  -5.5892897e-01   5.3600026e-01  -1.3271914e+00   1.1980811e-01
   1.3007012e+01   1.4416243e+01   1.2030246e+01   1.6149620e+01   1.4486585e+01   4.2319973e+00   8.5124085e+00  -1.8815400e-01   4.0541359e+00  -1.9176241e+00  -3.3504708e-02  -2.5226827e-01   6.1770052e-02   2.2792765e+00   1.8831169e+00  -1.1949924e+00   2.6410139e-01   9.6811660e-03  -2.3436114e+00  -2.5456991e+00  -1.0217647e+00  -1.2516996e+00  -9.3101454e-01  -2.0822085e-01
   1.2979188e+01   1.4281999e+01   1.1143003e+01   1.6474188e+01   1.4459729e+01   3.8240007e+00   9.8854963e+00  -8.1070385e-01   3.8039269e+00  -2.4217324e+00   1.8218809e-01  -2.5985231e-01  -4.1027563e-01  -8.0407471e-01  -6.6581436e-01   6.3286676e-01  -8.1228673e-01  -7.0190568e-01   2.3018466e+00   2.6374425e-01   1.1115784e-01   2.7029903e-01   7.4248985e-01   1.0733857e-01
   1.3070731e+01   1.3178522e+01   1.0287982e+01   1.9993934e+01   1.5339605e+01   2.7916502e-01   1.1752390e+01  -2.5371156e+00   4.2466449e+00  -2.9942287e+00   8.0577142e-01  -3.1589139e-01  -9.0179769e-01  -1.5565343e+00  -1.1046775e+00  -8.4546840e-01  -1.5987263e+00  -9.6392355e-01   1.6586221e+00   1.1207518e+00   5.7745804e-02  -1.0028275e-01   4.3550582e-01   2.2940154e-01
   1.1565411e+01   1.1828356e+01   1.0475480e+01   1.4515640e+01   1.1385954e+01   3.8609538e+00   1.0046684e+01   2.3527379e+00   4.2845919e+00  -8.9174314e-01   8.7021590e-01   2.9231966e-02   4.1690131e-01   1.0851523e+00   9.0506159e-01   3.3595507e-02   1.1193416e+00   4.7433516e-01   1.0546259e+00   3.0138418e-01   1.9444169e-02  -1.0100237e+00  -3.3847887e-01   1.1559505e-01
   1.2361204e+01   1.3308263e+01   1.0706991e+01   1.5860691e+01   1.3625383e+01   2.7676354e+00   1.0919748e+01  -8.8747113e-02   3.9004221e+00  -2.8330428e+00   2.7574011e-01  -5.2708100e-02   8.1058946e-01   2.5993730e+00   2.2580206e+00   3.0185805e-01   1.7260200e+00   1.5615654e+00   2.8319702e-01   6.3519572e-01   1.9290488e-01  -1.2774388e+00  -1.0906440e+00  -9.7406282e-02
   1.3959304e+01   1.5844857e+01   1.2291091e+01   1.8591202e+01   1.6995853e+01   3.2912682e+00   1.1883756e+01  -1.5828118e+00   4.0062046e+00  -4.0173608e+00  -6.0514559e-02  -2.1805138e-01   7.2098940e-01   1.6244130e+00   1.5916718e+00   3.1346550e+00   1.7067300e+00  -1.8679062e+00   7.8542657e-01  -1.5981643e+00  -1.0675260e-01  -1.4675812e+00  -5.8762682e-01  -3.2177043e-01
   1.3089669e+01   1.5069331e+01   1.2767208e+01   1.8408940e+01   1.5123686e+01   2.9063559e+00   1.1258650e+01   3.8345288e-01   4.6751959e+00  -3.3475781e+00  -3.6482930e-01  -3.3835914e-01  -4.1981268e-01  -1.4372288e+00  -7.1849068e-01  -3.8987866e-01  -1.3275494e+00  -3.7431359e-02   4.2202589e-01   8.4036804e-02  -8.0436993e-01   1.2107609e+00   7.2211692e-01  -1.4744465e-01
   1.2282662e+01   1.3384442e+01   1.1832879e+01   1.7943498e+01   1.3196898e+01   9.8973431e-01   1.1055373e+01  -2.8060855e-01   3.7370761e+00  -2.8358473e+00   3.0906038e-01  -3.1059816e-01  -1.0865191e+00  -2.8349426e+00  -2.5571604e+00  -2.5699754e+00  -2.6306227e+00   5.7920580e-02  -2.0127373e-01  -1.6530009e-01  -6.5282611e-01   2.5118990e+00   1.5486448e+00   8.9219951e-02
   1.2569805e+01   1.2382627e+01   9.8583611e+00   1.5599725e+01   1.3533537e+01   3.8622553e+00   1.1966978e+01  -6.1379353e-01   2.8284314e+00  -1.6076582e+00   1.1741280e+00  -2.2760169e-01   2.8130843e+00   8.8154866e-01  -3.6868020e+00   2.7000333e+00   5.1199867e+00  -2.4391348e+00   8.2332625e-01  -4.9010290e+00  -3.8962255e-01  -4.8758920e-01   1.7613945e+00   1.8082091e-01
   1.2589457e+01   1.2935795e+01   9.9097739e+00   1.6140846e+01   1.3844994e+01   2.9001993e+00   1.1227681e+01  -1.3321387e+00   3.9503476e+00  -1.1194722e+00   1.4929740e+00  -1.3960018e-01   2.2477891e+00   2.2770355e+00  -7.3843430e-01   1.7022419e+00   5.1267274e+00   6.7467576e-01  -6.2888674e-01  -2.4053848e+00   5.8641546e-01  -1.0516961e+00  -1.8628066e-01   7.7536606e-02
   1.7155898e+01   1.6615977e+01   8.1985577e+00   2.3360316e+01   2.2479618e+01  -1.7075789e+00   1.2407485e+01  -6.4423255e+00   3.9841263e+00  -4.9371495e+00   1.6853057e+00  -1.5262676e-01   1.2706989e+00   1.0954472e+00   4.4836757e-01   1.8298403e+00   3.1040708e+00  -7.5040790e-01  -1.0045535e+00  -1.4123547e-02   8.8568511e-01  -1.9916912e+00  -1.4267933e+00  -5.8325585e-02
   1.3361299e+01   1.4683320e+01   1.1555130e+01   1.6616566e+01   1.6413948e+01   4.7866651e+00   9.8917897e+00  -9.7441982e-01   4.0388519e+00  -2.7486458e+00  -2.2594942e-01  -2.3178071e-01   1.4978804e+00  -5.3215841e-01  -2.5345864e+00   3.3739110e+00   9.5887957e-01  -3.2522145e+00   2.4243544e+00   2.2472422e+00  -1.1197804e+00  -3.6950439e+00  -5.7070435e-01   7.2075189e-02
   1.4089932e+01   1.3152036e+01   9.7082345e+00   1.8106626e+01   1.6905165e+01   1.7934106e+00   1.1128094e+01  -8.1383831e-01   4.1127070e+00  -3.7806082e+00  -1.0660022e-01  -2.6899980e-01   6.4369245e-03  -2.4691388e+00  -3.1666475e+00   1.8255420e+00  -2.6333584e+00  -3.0542434e+00   4.2648405e+00   4.3214134e+00  -1.0562187e+00  -1.2206288e+00   9.0501849e-01   4.0124685e-01
   1.6369260e+01   1.3869528e+01   5.3530559e+00   2.3828558e+01   1.8070539e+01  -3.7286172e+00   1.5503908e+01  -7.7551900e-01   2.2063867e+00  -7.2403086e+00   1.5328704e+00   2.6699125e-02  -2.4197887e-01  -1.4937367e+00  -1.3237357e+00  -3.8278717e-01  -2.9406698e+00  -1.7383376e+00   1.3141040e+00   1.4174368e+00  -1.4101984e+00   3.4566253e-01   1.1432874e+00   2.9058955e-01
   1.5661573e+01   1.3319165e+01   6.5496234e+00   2.2492633e+01   1.7701285e+01  -2.0313029e+00   1.5998686e+01  -5.9655831e-02   3.3160309e+00  -4.5222612e+00   2.1634235e+00   3.2000359e-01  -1.8817784e+00   7.6003586e-01   4.1024528e+00  -4.3985011e+00  -3.6080294e+00   3.7441795e+00  -2.8546320e+00   7.9171662e-01  -3.6951992e-01   2.5975490e+00  -2.8727019e-01   1.6552387e-02
   1.2212511e+01   1.2359150e+01   1.1148832e+01   1.3849382e+01   1.1604884e+01   4.0915155e+00   9.4276497e+00   7.7464411e-01   2.3218924e+00  -1.8593255e+00   3.5396983e-01  -9.0398082e-02  -2.9836578e+00   3.4121726e-01   6.6044262e+00  -7.1563249e+00  -3.9250031e+00   6.0320520e+00  -5.8039481e+00   8.3135611e-01   7.3970729e-01   3.6275062e+00  -1.8191854e+00  -3.5409032e-01
   1.3345640e+01   1.5047278e+01   1.2964026e+01   1.6498462e+01   1.4725949e+01   3.4996136e+00   9.8842754e+00  -4.0134495e-01   3.5006743e+00  -2.5747764e+00   5.1944774e-02  -1.8562261e-01  -1.0476431e+00   3.8987984e-01   2.3700048e+00  -1.9252737e+00  -7.4306843e-01   1.4909657e+00  -1.8964898e+00  -9.3324082e-01   8.1887127e-02  -2.6752435e-01  -1.2127895e+00  -4.4753608e-01
   1.3051740e+01   1.3517297e+01   1.2052494e+01   1.6091155e+01   1.3670703e+01   2.5540026e+00   9.8551915e+00   6.4235972e-01   3.2236259e+00  -2.7727917e+00  -1.4016832e-01  -2.5162325e-01   1.4034806e-01  -5.0510606e-01  -1.5349777e+00   6.3937785e-01   9.2866109e-01  -7.1366525e-01   1.4872841e+00   3.6355326e-02   6.8198844e-01  -3.6097922e-01   3.1633177e-01   5.1483671e-02
   1.3670494e+01   1.3324911e+01   9.6527994e+00   1.8483835e+01   1.5553773e+01   9.7390213e-01   1.2940181e+01  -1.3933749e+00   2.9879948e+00  -4.4668146e+00   5.9130827e-01  -2.7068795e-01  -6.2032183e-01  -1.3208666e+00  -2.0430709e+00  -2.4917559e+00  -1.7376841e+00   4.6710076e-01   2.0441822e-02  -1.9371562e-01  -3.9874698e-01   6.8820049e-01   5.3727471e-01   1.3485306e-01
   1.2260606e+01   1.2462675e+01   1.0501978e+01   1.3815762e+01   1.2583963e+01   4.2838733e+00   1.0130623e+01   1.3251921e+00   3.6012148e+00  -1.4547752e+00   5.5878574e-01   2.9360093e-02   5.9961506e-01   1.6992868e+00   9.2929974e-01   2.9502430e-02   5.0798268e-01   3.5731478e-01   3.8700289e-01  -1.5346668e+00   2.5753251e-02   1.1894319e-01   2.3747619e-01   3.0889032e-02
   1.2810724e+01   1.3593290e+01   1.0674677e+01   1.3898525e+01   1.2662793e+01   3.3353294e+00   9.7772222e+00  -1.0333346e+00   2.7137594e+00  -2.2014839e+00   5.0837982e-01  -1.2383470e-01   7.0596688e-01   2.1791396e+00   2.7742202e+00   1.1621206e+00   1.4100834e+00   2.1051731e-01  -8.0772460e-01  -4.3076994e-01   5.5228075e-01  -8.3207800e-02  -6.2947421e-01  -9.2207511e-02
   1.4381048e+01   1.5932038e+01   1.2935505e+01   1.8428064e+01   1.5878167e+01   1.9092611e+00   1.2017175e+01  -1.8396606e+00   3.3993735e+00  -3.7270423e+00   2.5751020e-01  -2.7871633e-01   6.7716070e-01   6.2220044e-01   9.0948000e-01   2.2022811e+00   9.4452884e-01  -1.9091154e+00   4.9639507e-01  -5.5225960e-01  -1.7350158e-01  -1.6767070e+00  -7.0052848e-01  -2.0943688e-01
   1.3669223e+01   1.4858939e+01   1.2597367e+01   1.7920865e+01   1.6021796e+01   2.4769842e+00   1.0785318e+01  -4.5710344e-01   3.9173365e+00  -3.4554927e+00  -2.0226527e-01  -2.5496101e-01  -6.0845931e-01  -1.5446862e+00  -6.8239036e-01  -4.2174406e-01  -9.9418756e-01  -1.4380560e-01  -1.3263346e-01   2.4277847e+00   8.3005861e-01   4.0788846e-02  -6.2359843e-01  -6.6450560e-02
   1.2847097e+01   1.2763151e+01   1.0904854e+01   1.5108014e+01   1.2321255e+01   1.8493728e+00   1.0371168e+01   2.0868710e-01   2.7391738e+00  -3.3428312e+00  -1.3668444e-01  -2.1923207e-01  -7.1367714e-01  -2.0360968e+00  -2.5179667e+00  -2.2697629e+00  -2.9577965e+00  -1.3672262e+00   4.5768155e-01   2.6373664e+00   1.3968623e+00   7.9386523e-01   2.4783681e-01   3.4977661e-02
   1.2665010e+01   1.2860704e+01   1.0666417e+01   1.4925934e+01   1.2949967e+01   3.1495651e+00   1.0401275e+01   1.5841686e+00   4.2889471e+00  -2.3324062e+00  -2.2992051e-01  -2.5325267e-01   3.2072213e+00   9.5205174e-01  -3.3033553e+00   5.0491415e+00   1.2871875e+00  -5.2134815e+00   3.7544567e+00  -1.1059252e+00   1.5438307e+00  -1.5181870e+00   7.9408030e-01  -2.3470568e-01
   1.3812638e+01   1.3877010e+01   1.0124029e+01   1.6520885e+01   1.2977387e+01  -4.7786861e-01   1.2895718e+01   1.0957530e+00   5.3088616e+00  -3.0977877e+00   6.4309303e-01  -2.2710401e-01   2.6441548e+00   1.4885456e+00   4.0855027e-01   6.2395453e+00   3.0446484e+00  -3.4511482e+00   2.6092574e+00  -1.7879467e+00   6.1259859e-01  -1.1317547e+00   5.3744877e-01  -1.7175621e-01
   1.7997284e+01   1.5730087e+01   8.0327460e+00   2.4788142e+01   1.7624512e+01  -4.1796174e+00   1.5154728e+01  -2.5595242e+00   4.9482387e+00  -5.8552950e+00   5.9896644e-01  -6.0308356e-01   3.4010118e-02  -1.3146810e+00   7.7657498e-01   1.4356745e+00  -8.0650821e-01  -7.7428237e-01  -1.1283578e+00  -3.4246699e-01  -1.4524399e+00  -1.2973419e-01  -1.0574419e-01  -6.1725159e-02
   1.4147192e+01   1.3561278e+01   1.2834515e+01   1.9536228e+01   1.4550955e+01   3.3724168e-01   1.1908328e+01  -4.0138649e-01   3.3284259e+00  -3.2790188e+00   2.5504524e-01  -3.0195095e-01  -1.6735526e+00  -2.9579111e+00   1.1720250e+00   1.2195615e-01  -1.5373037e+00   1.4032668e-01  -2.3208375e+00   1.0741637e+00  -7.8957154e-01   5.9535536e-01  -7.8765147e-01  -1.4229872e-01
   1.2548748e+01   1.1046549e+01   1.0476037e+01   1.5571775e+01   1.0953421e+01   1.5805864e+00   9.2024339e+00   1.8190379e+00   3.1005051e+00  -2.4363919e+00  -1.9451289e-01  -3.0841693e-01  -3.5716018e+00  -2.7506397e+00   1.5477479e+00  -4.3965487e+00  -3.0286182e+00   2.3084803e+00  -2.2175325e+00   2.5065055e+00  -2.7428222e-01   1.9581238e+00  -5.7180525e-02   2.8288621e-01
   1.4026577e+01   1.1781912e+01   1.0660421e+01   2.1312003e+01   1.4006977e+01  -3.1474805e+00   1.2390609e+01   5.1771752e-01   5.0483711e+00  -3.9142062e+00  -1.4164451e-01  -5.8788541e-01   1.9968342e-01   2.2648799e+00   4.6907908e-02  -1.2469125e+00   4.5241541e-01   7.4811402e-01   5.4081537e-02  -1.8387779e+00  -3.1304921e-01  -2.3912681e-01   3.3968294e-01   1.8328425e-01
   1.2700189e+01   1.2493810e+01   1.1441415e+01   1.7305431e+01   1.3353574e+01   1.0254641e+00   1.1587289e+01   7.4068200e-01   3.6768428e+00  -2.6005156e+00   7.1154053e-01  -3.5787009e-02   7.1088283e-01   4.0861230e+00   2.1829099e+00  -4.4982383e-01   2.3907436e+00   2.6568587e+00   2.7207109e-01  -2.6142201e+00  -6.0772244e-01  -1.5770171e-01   2.9192755e-01   1.8666752e-01
   1.4370997e+01   1.6234967e+01   1.2422188e+01   1.6799031e+01   1.4029502e+01   1.7369739e+00   1.0797023e+01  -2.6203753e+00   2.5706833e+00  -3.5556472e+00   3.1154294e-01  -1.6333954e-01   2.6308781e+00   2.3723161e+00  -2.4539550e+00   3.4479995e+00   2.2774669e+00  -1.8369286e+00   2.9703336e+00  -1.1559147e+00  -1.1857208e+00  -1.2651281e+00   3.0692134e-01  -1.9460796e-02
   1.3442863e+01   1.4949206e+01   1.2869519e+01   1.7153525e+01   1.4528274e+01   3.1236472e+00   1.0407334e+01  -5.3324578e-01   3.4277654e+00  -2.8522240e+00   1.6784701e-02  -2.4068859e-01   1.8541335e+00  -1.8350166e-01  -2.3428905e+00   5.3260805e+00   2.3273657e-01  -6.0229361e+00   2.6759432e+00   9.8151500e-01   5.2943286e-01  -2.3344556e+00  -2.2591269e-01  -1.7194644e-01
   1.7601558e+01   1.4112689e+01   6.2654368e+00   2.6559955e+01   1.6835827e+01  -6.9519650e+00   1.7436087e+01  -5.7919060e-01   3.3943286e+00  -5.6860441e+00   6.6611541e-01  -5.1462581e-01   8.9199418e-01  -1.5921640e+00  -1.3953964e+00   4.5696447e+00  -8.8462096e-01  -5.6110833e+00   4.6798657e+00   1.8987057e+00   5.8169827e-01  -2.5071103e+00   7.8660925e-01   3.7377538e-01
   1.3866109e+01   1.3279697e+01   1.1005454e+01   2.0414090e+01   1.2299516e+01  -3.6644706e+00   1.2281671e+01   1.1923621e+00   4.0591694e+00  -5.0370005e+00   1.9538526e-01  -1.1806353e-01  -1.1914172e+00  -3.9698125e-01   8.7007003e-01  -3.4510093e+00  -2.5010045e+00   1.9163049e+00  -1.0923932e+00  -2.7480823e-01  -8.8279358e-01   3.9625436e-02   3.2858043e-01   3.7923125e-01
   1.5497365e+01   1.4681476e+01   1.1261125e+01   2.2023215e+01   1.3816949e+01  -3.2855922e+00   1.6879653e+01  -6.3512067e-01   3.1275287e+00  -6.2239244e+00   1.4021565e+00   3.3601100e-01  -2.9329075e+00   5.5349839e-01   4.1568359e+00  -7.9832044e+00  -1.1571928e+00   9.3120670e+00  -5.9382087e+00  -7.1955532e-01  -9.8460401e-01   2.1181527e+00  -5.8376711e-01   3.3220333e-01
   1.2707833e+01   1.4069340e+01   1.1676779e+01   1.4245381e+01   1.2286206e+01   4.1649183e+00   9.0469610e+00  -9.1749308e-01   2.2369750e+00  -2.5238457e+00   1.4163479e-01  -9.7160113e-02  -1.1185719e+00  -8.4113638e-01   5.5463948e-01  -4.1798325e+00   2.4708634e-01   6.1990594e+00  -4.7044793e+00  -8.0324955e-03  -1.8503134e+00   1.8658033e+00  -7.2800403e-01  -2.7227061e-02
   1.3781335e+01   1.4548115e+01   1.2165028e+01   1.7669503e+01   1.5106693e+01   3.1014411e+00   1.0146129e+01  -6.0359598e-01   2.8285198e+00  -3.7653925e+00  -1.8266001e-01  -2.6772516e-02  -1.3893433e+00  -3.0823839e+00  -1.3847346e+00  -2.3782909e+00  -9.0230156e-02   2.6112131e+00  -4.5826226e+00   7.5363921e-01  -1.7782226e+00   5.1198899e-01  -7.9121356e-01   3.8894344e-04
   1.3046267e+01   1.2084673e+01   1.1385462e+01   1.6321197e+01   1.2025274e+01   2.4406018e+00   8.5917142e+00   1.1645510e+00   1.4332037e+00  -3.4675616e+00  -1.0421251e-01   2.2487639e-02   1.0623804e+00  -1.7828632e+00  -2.8621062e+00   3.2356263e+00   2.2562258e+00  -1.4069157e+00   3.4261719e+00  -2.4862375e-01  -8.8321198e-01  -2.3563854e+00   8.5533597e-01   5.0145449e-01
   1.3244133e+01   1.1050234e+01   9.3296820e+00   1.7417871e+01   1.3812070e+01   1.4933856e+00   1.0233342e+01  -5.4568392e-01   8.6208046e-01  -4.9840830e+00   3.3825984e-01   2.7677054e-01  -2.7787262e-01  -8.8569465e-01  -2.1345468e+00  -1.8452924e+00  -7.3898352e-01   9.3084555e-01   2.3998112e-01  -7.3645393e-01  -4.1163646e-01   4.0405886e-01   7.1188461e-01   1.9040897e-01
   1.4570004e+01   1.3143986e+01   8.8012932e+00   1.9224636e+01   1.6317856e+01   2.8585724e+00   1.4142612e+01  -1.3193847e+00   1.8953767e+00  -5.4490786e+00   1.1641788e+00   5.0325010e-01   8.2517744e-01   2.0638419e+00   2.6809313e-01   5.1948733e-01   2.5257733e+00   1.7159716e+00   1.3496659e+00  -2.6448405e+00   4.7581105e-01   4.4358870e-01   3.9963683e-01  -1.0378690e-01
   1.2602657e+01   1.2689916e+01   1.0255292e+01   1.3449845e+01   1.1851927e+01   4.2887242e+00   7.7306518e+00  -4.6630899e-01   1.9799786e+00  -2.1685457e+00   2.5097123e-01   1.8459702e-02  -1.8386557e-01   9.4700765e-01   1.6471019e+00  -1.1886489e+00  -4.1484890e-01   1.6807242e+00  -2.1538831e+00   7.7607116e-01   6.4217368e-01   1.5638048e+00  -6.1963123e-01  -3.1421852e-01
   1.4604771e+01   1.4360594e+01   1.1324797e+01   1.9084441e+01   1.6794005e+01   3.6168900e+00   1.1867558e+01  -2.8423972e+00   1.5879712e+00  -4.2099472e+00   5.3888705e-01  -4.0372934e-03   1.1565864e+00  -2.2692400e+00  -1.2586356e+00   4.4994365e+00   2.2467213e+00  -4.8097136e+00  -2.5282299e-01   2.2172190e-01  -1.0317083e+00  -2.0006111e+00  -4.0394934e-01  -4.8179213e-02
   1.2950952e+01   1.1862441e+01   1.0538583e+01   1.5704995e+01   1.2951722e+01   3.6353131e+00   8.1400447e+00   1.3799290e+00   1.9790437e+00  -3.2579415e+00  -2.7854111e-01   5.9086452e-02   6.1000782e-01  -1.7076573e+00  -9.8258105e-01   5.0513574e+00   1.3652980e+00  -4.9003731e+00   2.7544840e+00   1.6710123e+00   3.6180708e-01  -2.1027135e+00   4.3905118e-01   2.6121356e-01
   1.6130736e+01   1.0153864e+01   6.7716944e+00   2.4846216e+01   1.9138040e+01  -4.0292925e+00   1.3558681e+01  -1.9099209e+00   3.4828162e-01  -7.9052974e+00   8.2301098e-01   4.1066790e-01  -1.1749285e+00  -1.2599617e+00  -1.0926371e+00  -3.0579666e+00  -3.0262242e+00  -2.9470347e-01  -6.6874994e-01   1.3820981e+00   1.0049613e-01   7.1034548e-01   3.3665503e-01   2.2243908e-01
   1.2754686e+01   1.2231795e+01   1.1057972e+01   1.8145994e+01   1.2727856e+01   7.6125582e-01   1.1016816e+01   1.5739714e+00   3.1425340e+00  -3.4749408e+00   7.6748603e-01   2.0292744e-01   7.8644610e-01   1.9571480e+00  -6.1632705e-02  -1.9260372e+00   1.9986507e+00   5.5003971e+00   4.0624834e+00  -4.8392077e+00  -2.3505660e+00   3.1993903e-01   1.1100495e+00   2.5100983e-02
   1.2940511e+01   1.2285975e+01   9.4261466e+00   1.3276992e+01   1.2366602e+01   4.6118635e+00   9.4260476e+00  -8.6627116e-01   1.1569702e+00  -3.0359293e+00   5.2085602e-01   2.5770083e-01  -8.4973068e-01   1.6216864e+00   1.2723634e+00  -7.1858973e+00  -1.3340109e+00   1.0717908e+01   7.7460719e-01  -2.6514171e+00  -2.5872401e+00   2.9890299e+00   1.1605735e-01  -3.8803582e-01
   1.5725733e+01   1.3732107e+01   9.1189081e+00   1.8600551e+01   1.9335417e+01   7.5653308e+00   1.6300087e+01  -6.4007074e+00  -1.9511495e+00  -5.2127170e+00   1.5376106e+00   1.7322146e-01   1.3298482e+00  -1.9717158e+00  -2.5629489e+00  -8.5795479e-02   1.7731391e+00   4.4534493e+00   2.3783023e+00  -4.8419088e+00  -4.8620817e+00  -3.2499330e-01   4.5558580e-01  -2.4144435e-01
   1.3370617e+01   1.1836237e+01   9.6497714e+00   1.3840091e+01   1.3833243e+01   8.6455322e+00   1.2078957e+01  -1.8997072e+00  -9.8573677e-01  -2.5528645e+00   6.1203471e-01  -1.5653284e-01  -4.1773000e-01  -1.5407675e+00  -5.6207201e-01   5.7110231e-01  -1.1106122e+00   1.2551484e-02   7.6399769e-01  -6.2320697e-02  -6.6145922e-01   6.3026539e-01   3.4403294e-01  -1.2954347e-01
   1.4534405e+01   9.4990904e+00   7.1017362e+00   1.7735751e+01   1.4654244e+01   5.4245953e+00   1.3257815e+01  -5.1721738e+00  -3.0792351e+00  -4.2039632e+00   1.4052754e+00   4.7877746e-02  -1.8173850e+00  -1.3431418e+00  -4.0590810e-01  -2.7297472e+00  -3.7428803e+00  -2.2938690e+00  -3.4921301e+00   3.1341329e+00   2.1339508e+00   1.3658879e+00  -2.4941254e-01   1.1570952e-01
   1.2909580e+01   1.2091332e+01   9.5916245e+00   1.4566046e+01   1.3041270e+01   5.7010584e+00   1.2093180e+01  -1.5740190e+00   7.2882417e-01  -2.5949081e+00   1.1030731e+00   1.2605749e-01   3.0342566e+00   2.5607954e+00  -3.2427205e+00   2.5074042e+00   6.7168480e+00  -1.3561390e+00   2.8681761e+00  -2.3664004e+00   1.9790881e+00  -2.8251926e+00  -5.6085794e-02   2.5443354e-01
   1.3230174e+01   1.1589847e+01   8.5391194e+00   1.4142953e+01   1.4117083e+01   5.5967642e+00   1.1054780e+01  -1.8623521e+00   3.9249615e-01  -3.1428633e+00   9.1797264e-01   2.0549058e-01   1.6785603e+00   2.8978906e+00  -1.3107104e+00  -1.6279596e+00   5.3161423e+00   3.0410883e+00  -1.4845233e-01  -4.6491662e-01   1.6360388e+00  -1.0851824e+00  -8.9418376e-01   7.6172316e-02
   1.8574117e+01   1.4632052e+01   4.0669991e+00   1.9397596e+01   2.4177096e+01   6.5252392e+00   1.7482739e+01  -7.1042186e+00   2.4702969e-01  -7.3212033e+00   7.7155739e-01   1.4631106e-01   1.2260441e+00  -1.3715542e+00  -2.8820004e+00  -1.5152824e+00   2.6058279e+00   2.2770502e+00  -2.6646327e+00  -1.5832536e+00  -2.0776750e+00  -9.2251063e-01  -5.7330222e-01   9.8877176e-02
   1.4219977e+01   1.2575566e+01   7.8979833e+00   1.2878036e+01   1.7060545e+01   9.5741373e+00   1.0340357e+01  -3.1044489e+00  -3.8427965e-01  -3.4685891e+00   2.2975757e-01   1.5200944e-01  -1.1953485e+00  -1.4007390e+00   4.8524410e-01  -1.8610922e+00  -2.1376497e+00   1.8113038e-01  -3.1095430e+00   1.3431281e+00  -2.0585767e-01   9.2930843e-01  -2.6852694e-01   8.3911625e-02
   1.4253745e+01   9.5411411e+00   5.5891918e+00   1.2925581e+01   1.5478281e+01   7.1279471e+00   8.4534423e+00  -3.3278510e+00  -1.9993004e+00  -3.8158112e+00   5.8722725e-01   3.0111383e-01  -2.9475629e+00  -2.3350996e+00   2.0191774e+00  -2.5442230e+00  -5.4718413e+00  -1.7458436e+00  -4.3292297e+00   2.4261823e+00   4.6617049e-01   2.5780984e+00   4.9260508e-01   1.7379837e-01
   1.3597338e+01   1.2034194e+01   8.5058892e+00   1.4587323e+01   1.5260016e+01   5.5671058e+00   1.0905114e+01  -1.7358437e+00   1.2068747e+00  -3.5015967e+00   6.0734729e-01   2.5395664e-01   2.9418585e+00   4.5304704e-01  -1.9026635e+00   6.7405714e+00   7.0796140e+00  -3.0610558e+00   3.2964112e+00  -4.9019434e+00   1.0267745e-01  -1.8911137e+00   1.2707700e+00   2.3472843e-01
   1.4464093e+01   1.1400089e+01   6.7918122e+00   1.4726619e+01   1.6869598e+01   5.9099896e+00   1.0706516e+01  -4.1492478e+00   1.5070825e-01  -3.4375519e+00   1.3216701e+00   3.5603501e-01   2.1482255e+00   1.0313747e+00  -3.5242392e-01   4.1476007e+00   6.1186320e+00   4.8348374e-01   2.3953707e+00  -2.6707453e+00  -3.3892277e-01  -1.4756201e+00   3.6012869e-01   1.4534044e-01
   1.8527591e+01   1.2325663e+01   4.4426779e+00   2.2088375e+01   2.6984308e+01   5.5915324e+00   1.4158437e+01  -1.0046666e+01  -1.3052678e+00  -6.4943892e+00   1.7686912e+00   4.7664149e-01   2.3852603e-01  -2.6289047e+00  -1.6061790e+00  -1.1675920e+00   2.6222676e-01   1.5198350e+00  -2.7914739e+00   2.0448323e-01  -2.7540420e+00  -5.3321233e-01  -5.5389154e-01   8.3586267e-02
   1.5010956e+01   1.0942469e+01   7.0921615e+00   1.5396456e+01   1.8794083e+01   7.8409594e+00   1.0419837e+01  -3.1785581e+00  -1.2516133e+00  -4.5328450e+00   5.4674835e-01   4.0778206e-01  -2.1884372e+00  -9.8585790e-01   1.3636667e+00  -4.0699010e+00  -5.1403507e+00   9.1108097e-01  -2.1793168e+00   4.8168256e+00   1.8022249e-02   4.9280672e-01  -1.1864258e+00  -2.3587039e-02
   1.3681695e+01   8.3196472e+00   5.9464459e+00   1.2501016e+01   1.4691114e+01   6.8813735e+00   6.8612423e+00  -1.9144637e+00  -2.2230275e+00  -3.7537686e+00   1.6397087e-01   3.5346251e-01  -2.9919992e+00  -8.6993706e-02   1.7722492e+00  -5.3951838e+00  -7.9045271e+00  -9.1017650e-02  -8.7632725e-01   5.1323295e+00   1.4937302e+00   1.5838500e+00  -5.1870937e-01  -1.4848450e-01
   1.3604385e+01   1.1924310e+01   8.0854282e+00   1.3415446e+01   1.5305669e+01   6.6316906e+00   1.1086138e+01  -9.9011028e-01   6.3662146e-01  -4.0686521e+00   3.4439164e-01   3.8224394e-01   3.0783515e+00   3.6684310e+00  -1.5761224e+00   3.7842876e+00   4.4199067e+00  -1.7017029e+00   6.1326376e+00  -5.1510812e+00   4.2362822e-01  -1.4385243e+00   1.4528819e+00  -2.2363615e-01
   1.4742878e+01   1.1704252e+01   6.6044183e+00   1.4986104e+01   1.6871724e+01   6.0596404e+00   1.2510796e+01  -3.4423952e+00  -8.7899330e-03  -4.3507107e+00   1.0918055e+00   2.6668380e-01   2.6876531e+00   3.9530955e+00  -2.9368766e-01   2.3972872e+00   5.3619753e+00   1.5019841e+00   3.7777038e+00  -5.1712190e+00   2.8111235e-01  -8.6072717e-02   9.0663989e-01  -3.8292063e-01
   1.9097892e+01   1.4752813e+01   4.3989917e+00   1.9830343e+01   2.4333638e+01   5.6992716e+00   1.6794016e+01  -1.0141214e+01  -1.7232898e+00  -6.3921604e+00   2.2621539e+00   1.1571719e-01   2.3534725e-01  -1.0380618e+00  -1.1236214e+00  -2.6115662e+00  -1.0347643e-01   2.7384471e+00  -3.6599595e+00  -2.2273017e+00  -1.9023709e+00   1.9302247e+00  -1.2261723e-01  -4.2759493e-01
   1.4966421e+01   1.2835039e+01   7.3491327e+00   1.2889498e+01   1.8220092e+01   9.6005591e+00   9.6738589e+00  -5.0957403e+00  -6.2140334e-01  -2.7211236e+00   5.6504959e-01  -8.7655060e-02  -2.4583096e+00  -9.6834212e-01   1.9457590e+00  -4.6438584e+00  -4.5846470e+00   1.8448176e+00  -4.4711125e+00   2.8980776e+00   6.1131830e-01   2.7918560e+00  -9.7062289e-01  -3.1738843e-01
   1.3845634e+01   9.8018236e+00   6.0276389e+00   1.0546400e+01   1.4476271e+01   8.9689018e+00   7.0146671e+00  -3.5043903e+00  -1.9106282e+00  -1.9881085e+00   4.2384374e-01  -8.1979031e-02  -3.2725652e+00  -1.9602746e+00   1.2851587e+00  -4.7670374e+00  -5.8366849e+00   1.0744279e+00  -3.4821956e+00   4.1071142e+00   1.6553197e+00   2.8045246e+00  -4.8414449e-01  -1.4543392e-01
   1.3681543e+01   1.2727233e+01   8.7087332e+00   1.2662288e+01   1.4923437e+01   7.1920517e+00   1.0693802e+01  -2.4136907e+00   1.0018567e+00  -2.3649526e+00   5.5502621e-01  -1.1055074e-01   3.0415747e+00   1.7565264e+00  -3.3599830e+00   3.2066434e+00   6.5206949e+00   4.4235540e-01   5.4581011e+00  -4.6035020e+00  -2.9555983e-01  -2.3666876e+00   1.2991171e+00   4.8673912e-02
   1.4831483e+01   1.1866304e+01   5.6469295e+00   1.2793393e+01   1.7226938e+01   8.5151671e+00   1.1060752e+01  -5.3215676e+00  -5.1940294e-02  -2.3634589e+00   1.5409488e+00  -9.0985848e-02   2.3931403e+00   1.8729601e+00  -1.8977500e+00   2.0392797e+00   6.1635061e+00   2.5651283e+00   2.6680035e+00  -4.2598766e+00  -6.7363247e-01  -1.0878312e+00   7.6347110e-01   2.1994529e-02
   1.9035859e+01   1.4437588e+01   2.4995128e+00   1.6575967e+01   2.6625801e+01   1.0490960e+01   1.5837968e+01  -1.1092405e+01  -1.9940870e+00  -6.0834797e+00   1.9551727e+00  -1.0140783e-02   9.7626275e-01  -2.1889351e+00  -2.8528388e+00  -1.4472067e+00   1.5321587e+00   3.6387615e+00  -1.5926567e+00  -1.8065090e+00  -3.1559699e+00   2.2677687e-01   1.8159150e-01   6.5996825e-03
   1.4758187e+01   1.1756086e+01   6.2856242e+00   1.1648480e+01   1.7870348e+01   1.1167140e+01   8.4445891e+00  -5.5548482e+00  -1.4231050e+00  -1.7605917e+00   8.6897716e-01  -9.9192214e-02  -1.5967273e+00  -3.5504990e-01   2.5574593e+00  -1.8761600e+00  -4.5729691e+00  -7.1438705e-01  -1.4858300e+00   4.0168438e+00   3.5876497e-01   6.7363258e-01  -9.6283542e-01  -3.5161424e-02
   1.5182585e+01   9.4989394e+00   4.1101277e+00   1.1063934e+01   1.6899970e+01   1.1324207e+01   9.6128977e+00  -5.0068139e+00  -3.0465158e+00  -2.3262209e+00   1.1633993e+00  -9.6548029e-02  -3.2623623e+00  -1.2028353e+00   2.7938224e+00  -2.7665188e+00  -6.7437317e+00  -1.7253792e+00  -3.4204335e+00   4.5930111e+00   2.1542290e+00   2.5336095e+00  -5.6477601e-01  -7.0727488e-02
   1.4363029e+01   1.3803053e+01   8.6778110e+00   1.2735169e+01   1.5230400e+01   7.0269626e+00   1.1944542e+01  -2.3390973e+00   1.0124216e+00  -3.2316395e+00   4.9258238e-01  -1.0052436e-01   2.6276713e+00   1.8253952e+00  -2.5292059e+00   3.1299029e+00   4.8180929e+00  -5.9740673e-01   4.4390050e+00  -4.4182847e+00   8.2577012e-01  -1.5691070e+00   8.6839786e-01  -4.5073274e-02
   1.4339894e+01   1.1609852e+01   5.4941530e+00   1.1882844e+01   1.7830177e+01   9.9729796e+00   8.9573415e+00  -5.8107634e+00   1.9493154e-02  -1.5475416e+00   1.2962061e+00  -1.1556594e-01   7.9492643e-01   3.2744985e-01  -1.0637892e+00   9.7975385e-01   2.4544306e+00   1.2501601e+00  -4.5778580e-01  -2.5369578e+00  -7.0071260e-02   2.5873236e-01   2.0958052e-01  -5.1930584e-02
   1.9121039e+01   1.3438723e+01   1.7998027e+00   1.5933879e+01   2.4632384e+01   1.0946644e+01   1.5430875e+01  -1.1780300e+01  -1.7174543e+00  -4.5035919e+00   2.1051706e+00  -1.5729317e-01   2.4161343e+00  -3.8983635e+00  -3.9861802e+00   3.4434017e+00   3.8778938e+00   9.8718033e-01   7.0851468e-01  -3.3903601e+00  -2.9217330e+00  -9.1499420e-01   7.5571143e-01   2.4190360e-02
   1.3995970e+01   1.0172279e+01   5.9534482e+00   1.0934210e+01   1.5880624e+01   1.1239607e+01   7.1830527e+00  -4.0916491e+00  -1.7866848e+00  -1.3021461e+00   6.7147598e-01  -1.4605950e-01  -2.1022540e-01  -2.8723336e-01   2.9433878e+00   4.0024463e+00  -8.9363506e-01  -3.6902124e+00   9.9656861e-01   1.7559349e+00   1.3704793e-01  -1.3166797e+00  -2.9420280e-01   3.9569288e-02
   1.8159193e+01   8.6742941e+00   2.4688932e+00   1.8374588e+01   2.2022017e+01   7.8744196e+00   1.3894458e+01  -8.2841946e+00  -2.4670891e+00  -4.7268285e+00   1.9385146e+00  -4.8992041e-02  -3.2189773e+00  -4.3983854e-01   4.8324020e+00  -2.7510786e-01  -5.9539720e+00  -3.6252830e+00  -3.0049950e+00   4.4505591e+00   7.9509635e-01   9.6130593e-01  -3.9705390e-01   1.4378432e-01
   1.4505479e+01   1.3561216e+01   9.5746895e+00   1.6666159e+01   1.7794908e+01   5.9737733e+00   1.1220403e+01  -4.9249140e+00   5.9988242e-01  -3.4109428e+00   9.3822986e-01  -1.1036257e-01   1.1465939e+00   2.0837357e+00   8.7037173e-01   2.5654853e+00   2.0687435e+00  -8.4519855e-01   2.9365646e+00  -3.0853047e+00  -6.8206966e-01  -1.4297152e+00   4.5072039e-01   1.2440829e-01
   1.4037819e+01   1.1084497e+01   7.2377851e+00   1.2655243e+01   1.4744284e+01   8.1416362e+00   8.9047072e+00  -4.6878294e+00  -1.7180934e+00  -2.0072347e+00   1.3762128e+00   4.0534850e-02  -2.0404094e+00   5.5891155e-02   1.4311785e+00  -4.5316365e+00  -4.7023162e+00   2.3520145e+00  -3.1013907e+00   2.3727029e+00  -1.0844548e+00   1.6364772e+00  -7.7180686e-01  -4.0572116e-02
   1.7776548e+01   1.2092782e+01   4.8745598e+00   1.7642111e+01   2.2622606e+01   9.8382005e+00   1.4082775e+01  -1.0517789e+01  -3.1842871e+00  -4.8065159e+00   1.6287075e+00  -4.2105122e-03   1.1376176e+00  -3.8120918e+00  -2.8679926e+00  -2.9246106e-01  -6.1378577e-01   2.9183547e+00   3.2208482e+00  -3.5461717e-01  -2.6155212e+00   2.1140346e-01  -2.8668884e-01  -4.1131168e-01
   1.3463044e+01   9.4923481e+00   6.9657258e+00   1.1089158e+01   1.2554694e+01   9.4702277e+00   7.8111860e+00  -1.9287029e+00  -2.2016865e+00  -1.5743262e+00   4.3556548e-01  -1.6292625e-01   3.1148569e+00  -1.5673897e+00  -1.8633210e+00   6.0729401e+00   1.4419856e+00  -3.2784803e+00   9.9271773e+00  -1.6803610e+00   5.0596919e-01  -1.4756201e+00  -1.0309442e-01  -6.4960871e-01
   1.6499293e+01   8.6391527e+00   5.4087303e+00   1.7010510e+01   1.7969025e+01   9.6870096e+00   1.6598435e+01  -6.8364030e+00  -3.0816029e+00  -3.3102918e+00   9.7852025e-01  -6.2559954e-01  -3.9913275e-01  -1.8501938e-01  -1.3150845e-02  -4.3753029e-01  -2.5044936e+00  -1.6042944e+00   2.2383887e+00   1.5690718e+00   1.0932045e+00   1.9843808e-01  -6.2893787e-02  -3.2427506e-02
   1.9348731e+01   1.0460227e+01   4.1757184e+00   2.2080453e+01   1.9234053e+01   3.2995113e+00   2.2537643e+01  -9.0490637e+00  -1.0104817e+00  -4.9687768e+00   1.5466648e+00  -6.2318370e-01   3.5479059e+00   2.5342468e+00  -2.1280787e+00   3.5764591e+00   5.6148182e+00   7.5534098e-02   4.9349799e+00  -6.6409159e+00  -1.2858978e+00  -2.3816271e+00   1.2375118e+00   3.0618775e-01
   1.4235005e+01   1.1331313e+01   6.2498372e+00   1.1490168e+01   1.5526186e+01   1.0517117e+01   1.0077130e+01  -4.6040007e+00  -2.1400827e+00  -2.8116334e+00   9.7881713e-01   1.7727695e-01  -1.4640948e+00   1.2391090e+00  -1.7322363e-01  -5.2883949e+00  -1.3069690e+00   3.1534887e+00  -7.2627751e+00   9.3802559e-01  -1.0508715e+00   7.3013125e-01   3.6221881e-02   5.8420821e-01
   1.9917047e+01   1.1947638e+01   3.3530542e+00   1.9214017e+01   2.2198340e+01   9.1684751e+00   1.8474309e+01  -1.3006278e+01  -4.6012933e+00  -5.3960961e+00   2.2916848e+00  -1.0508287e-01  -2.9243034e+00   9.0215100e-02   1.4517734e+00  -5.4916416e+00  -1.2062045e+00   4.6327192e+00  -8.2485608e+00   2.7971483e+00  -1.3750452e+00   1.0250987e+00  -3.9380855e-01   4.5764795e-01
   1.4018993e+01   9.7541104e+00   5.5602269e+00   1.0511136e+01   1.4526427e+01   1.1482761e+01   7.7359399e+00  -3.4507575e+00  -2.8625043e+00  -2.0014353e+00   6.6034307e-01  -8.3376414e-03  -1.5199461e+00   6.0559101e-01   2.1745565e+00  -5.0449597e-01  -1.6841057e+00  -1.9099403e+00  -2.2350871e+00   3.7149184e+00   1.6776429e+00   2.1041580e-02  -7.0386925e-01  -1.4022498e-03
   1.5070282e+01   1.1384151e+01   6.6981837e+00   1.4332507e+01   1.7924625e+01   9.7657683e+00   1.1335397e+01  -5.4299628e+00  -2.7118387e+00  -3.8362279e+00   1.1151890e+00   1.5609553e-01  -2.8100590e+00   2.4163539e-01   1.1505960e+00  -3.1537110e+00  -7.5966694e-01   9.2139235e-01  -4.4155295e+00   3.9869606e+00   1.8736049e+00   8.2692652e-01  -4.8644009e-01   3.1898211e-01
   1.4378468e+01   1.2521444e+01   7.8391072e+00   1.3174179e+01   1.5136885e+01   7.3535600e+00   1.0293955e+01  -2.8197807e+00  -5.6834565e-01  -3.5600051e+00   5.1126115e-01   4.4584380e-02   5.4928494e+00   2.3768439e+00  -5.6101812e+00   7.3136178e+00   1.0996209e+01  -2.0360213e+00   8.4239807e+00  -8.4267347e+00  -2.7219539e+00  -3.6129519e+00   2.2273144e+00   3.9646971e-01
   1.5522221e+01   1.0926424e+01   3.9395081e+00   1.3151929e+01   2.0753611e+01   1.2615164e+01   1.0572007e+01  -7.3413253e+00  -2.9379653e+00  -3.3764214e+00   1.6365656e+00   3.4692928e-01   6.3491977e+00  -3.4792896e-01  -8.3674852e+00   5.0036474e+00   9.0605629e+00  -1.6851069e+00   6.7430794e+00  -7.3230752e+00  -3.1241631e+00  -3.0777168e+00   2.1340338e+00   3.2972827e-01
   2.2032298e+01   1.3548239e+01  -1.4757070e+00   2.2071851e+01   2.9606247e+01   7.0040309e+00   2.0753606e+01  -1.5135178e+01  -6.8323719e+00  -7.6507664e+00   3.7406263e+00   4.9095004e-01   4.5094150e+00   2.0270390e-01  -4.9052233e+00   4.5229448e+00   7.7535771e+00  -1.0741921e-01   5.9803499e+00  -6.1427497e+00  -1.8953819e+00  -2.5080941e+00   1.4801946e+00   1.1015460e-01
   2.0767164e+01   1.0348859e+01  -1.1956369e+00   1.7389142e+01   2.4280788e+01   7.4128725e+00   1.6220190e+01  -1.0256877e+01  -4.2660702e+00  -6.4074225e+00   2.7015572e+00   4.2750511e-01  -2.2525393e+00  -2.1658263e-01   3.2656875e+00  -1.3688737e+00  -3.8143313e+00  -5.7305236e-01  -2.4957312e+00   3.6958122e+00   2.4903914e+00   9.6144689e-01  -1.3338786e+00  -4.0231210e-01
   1.8520119e+01   1.3114282e+01   3.0488447e+00   1.7839990e+01   2.5003662e+01   9.7935769e+00   1.6440388e+01  -1.0576130e+01  -2.7473661e+00  -5.8066458e+00   2.1990572e+00   1.6952837e-01  -4.0573567e+00  -1.6464315e+00   4.4412936e+00  -2.9184344e+00  -4.7065068e+00   7.7710108e-01  -7.2945087e+00   5.1450744e+00   3.7222338e+00   2.7996133e+00  -1.4775004e+00  -2.6538026e-01
   1.3899501e+01   1.0818529e+01   6.5757635e+00   1.3214549e+01   1.7333407e+01   1.0360812e+01   8.9850190e+00  -4.0771314e+00  -1.2448810e+00  -2.8563113e+00   4.0653218e-01  -9.5828030e-02   1.2923018e+00  -7.1275832e-01  -1.4516804e+00   5.7140312e+00   5.1628463e+00  -3.8961236e+00  -1.9743631e-01  -3.4710979e-01   5.0699923e-01  -8.9007605e-01   4.3025644e-01  -9.5135931e-02
   1.9380094e+01   1.0843757e+01   1.3005331e+00   1.9781496e+01   2.6020178e+01   6.6957126e+00   1.3429429e+01  -1.0507439e+01  -2.7596158e+00  -5.2269021e+00   2.6718881e+00   3.5454623e-01   1.2640509e-01  -2.8583369e+00  -1.9027379e+00  -9.7954138e-01  -1.2671090e+00  -1.5221295e+00  -3.5642880e+00   2.2683728e+00  -7.3847870e-01   1.0873526e+00   4.4038004e-02   6.0118421e-02
   2.2275629e+01   1.0414984e+01  -2.4990018e+00   2.4989436e+01   3.1516800e+01   3.1176193e+00   1.7429516e+01  -1.0811887e+01  -3.4994465e+00  -8.0324084e+00   3.1105264e+00   1.9229229e-01  -8.0484182e-01   8.1507088e-01   1.7965982e+00  -2.8009912e+00  -2.8881300e+00   1.1130205e+00  -9.3740432e-01   1.1819008e+00  -3.6677339e-01   9.2130380e-01  -2.1321908e-01  -2.1115489e-02
   1.4521662e+01   9.0285492e+00   4.7321205e+00   1.0483235e+01   1.6011302e+01   1.1131979e+01   6.8717077e+00  -3.8061927e+00  -2.7278014e+00  -1.5875684e+00   9.1311713e-01   1.1564584e-01  -4.3524608e+00   1.1430180e+00   5.5861089e+00  -6.6253923e+00  -8.0065600e+00   3.9984618e+00  -1.9210015e+00   4.4448899e+00   5.3517130e-01   1.3192908e+00  -1.9156384e+00  -2.6918236e-01
   1.5121454e+01   1.2948740e+01   7.5548671e+00   1.3662193e+01   1.8005650e+01   9.8122098e+00   1.0857773e+01  -5.6549035e+00  -1.8109483e+00  -3.2940225e+00   9.6608906e-01  -8.0510701e-03  -1.8989641e+00   1.5558580e+00   3.5596297e+00  -3.9221857e+00  -3.5728252e+00   4.3605738e+00   4.3711434e-01  -2.4002259e-01  -5.3442444e-01   2.2700216e-01  -7.0637116e-01   5.9302161e-02
   1.6428490e+01   1.1291407e+01   4.6527619e+00   1.5507029e+01   2.0765913e+01   9.3461101e+00   1.3833798e+01  -6.4185960e+00  -2.8011080e+00  -5.6171589e+00   8.7064923e-01   5.0944374e-02   1.5795452e+00   3.9630433e-01  -1.1542753e+00   2.1431297e+00   3.5385809e+00   5.1851536e-01   2.7568089e+00  -2.4759061e+00  -1.0206541e+00  -1.4379478e+00   4.4855581e-01   7.9896364e-02
   1.8473769e+01   1.1617343e+01   2.8801220e+00   1.6594260e+01   2.3780257e+01   1.0551415e+01   1.4604142e+01  -9.8657189e+00  -4.2644299e+00  -5.6771099e+00   2.0722036e+00   3.1359626e-01   6.1976253e-01  -2.4253109e+00  -2.3475680e+00  -1.0434138e+00   1.6149574e+00   2.2552372e+00  -9.1030230e-01  -4.6235540e-01  -1.3063616e+00   6.6143589e-01   2.2826291e-01  -1.1009282e-02
   1.5214823e+01   1.0288704e+01   5.3380802e+00   1.2231896e+01   1.8431870e+01   1.1540150e+01   9.1337365e+00  -5.4146441e+00  -3.0320417e+00  -2.5529464e+00   1.0328936e+00   7.4666722e-02  -2.7339346e-01   9.5572701e-01   1.3063353e+00  -2.1542130e+00  -1.3056682e+00  -2.5676192e-01  -2.0718244e+00   1.3270912e+00   2.0187329e+00   1.4464584e+00  -7.8303037e-01  -3.5416184e-01
   1.6657932e+01   9.8121244e+00   3.6908559e+00   1.3734639e+01   2.1595108e+01   1.2098046e+01   1.1842350e+01  -6.8504125e+00  -3.6550239e+00  -3.8339749e+00   1.2273612e+00  -3.6426167e-02  -5.6197386e-01   1.1154327e-01   9.9783334e-01  -8.7694364e-01  -2.8904003e+00  -3.6569905e+00  -1.8427388e+00   3.3876494e+00   2.7799795e+00  -2.3546638e-02  -1.1450614e+00  -2.2950950e-01
   1.6926319e+01   1.3627606e+01   6.2068980e+00   1.3705520e+01   1.9899985e+01   8.1876516e+00   1.2106957e+01  -5.9356124e+00  -7.7711668e-02  -4.3690388e+00   1.1852483e-01  -3.0528717e-01   4.2225060e+00   2.7385427e-01  -4.1245757e+00   5.5643729e+00   4.6638537e+00  -6.2014655e+00   5.2240030e+00  -8.0027714e-01   1.0479975e+00  -4.4529184e+00   1.9550985e-01   2.6833735e-01
   1.6775060e+01   1.0115207e+01   3.9424631e+00   1.4542033e+01   1.8710599e+01   6.7421779e+00   1.0353424e+01  -4.5237606e+00  -1.5716256e+00  -4.8043837e+00   8.1179582e-01   1.5930896e-01   4.5108083e-01  -1.3350883e+00  -1.6648310e+00   1.5990347e+00   9.3602884e-01  -1.7610748e+00   2.0463196e-01   1.8424774e+00   8.0529368e-01  -8.8257021e-01  -7.3686740e-02   2.8581047e-01
   2.1490018e+01   1.0547945e+01  -9.7458697e-01   2.0174758e+01   2.6869905e+01   4.9158856e+00   1.7714204e+01  -7.7783858e+00  -2.5017447e+00  -8.7471197e+00   1.5339411e+00   3.7930518e-01  -8.3491751e-01  -1.6512638e+00  -1.1882883e+00  -1.0217001e+00   1.0638856e+00   3.5089248e+00  -1.5346592e+00   6.6588412e-01  -4.5214676e-01   9.3235121e-01  -9.8278012e-02   8.1466667e-02
   1.5052704e+01   9.3493228e+00   4.7843519e+00   1.2898572e+01   1.9514191e+01   1.1092317e+01   9.3456746e+00  -3.1653097e+00  -1.2350669e+00  -2.9687898e+00   4.0912301e-01   4.9993357e-02  -3.2517055e+00   9.8961582e-01   3.8791392e+00  -3.7575231e+00  -3.5496374e+00   3.7041210e+00  -3.6119857e+00   1.6927167e+00   8.7034872e-01   2.8723719e+00  -1.1164421e+00  -4.7398448e-01
   1.6535121e+01   1.1533652e+01   4.0035211e+00   1.2994700e+01   2.1094017e+01   1.1275969e+01   1.0308843e+01  -5.6160117e+00  -9.2421116e-01  -3.8883089e+00   1.7244422e-01  -1.2842937e-01  -2.4443820e+00   3.3590631e-01   3.0017642e+00  -3.2299838e+00  -4.3310256e+00   1.1815070e+00  -4.6541642e+00   1.0249350e+00   2.9303944e-01   1.9282207e+00  -6.7393020e-01  -2.1535175e-01
   1.4374950e+01   1.1106776e+01   7.2721179e+00   1.2495777e+01   1.6274086e+01   9.1183175e+00   8.6381256e+00  -3.0658726e+00  -1.0548693e+00  -2.9252312e+00  -1.8211887e-01  -2.9780048e-01   3.2943560e+00   4.6398189e-03  -2.6204889e+00   3.9648903e+00   3.7843092e+00  -3.4526871e+00   3.4462814e+00  -2.5491890e+00  -1.1424742e+00  -3.4514559e+00   5.4794952e-01   2.4485208e-01
   1.8162321e+01   1.0173077e+01   2.2841763e+00   1.5531180e+01   2.1993419e+01   7.6751457e+00   1.1086733e+01  -6.2907019e+00  -2.1522843e+00  -5.8765680e+00   8.1866672e-01   2.3017447e-01   1.2791247e+00  -1.7832277e+00  -2.2974129e+00   1.5637834e+00   1.7218013e+00  -8.5382567e-01   1.4001608e+00  -1.4211837e-01  -1.1454831e+00  -1.0481124e+00   8.7837023e-01   3.8733226e-01
   1.9180638e+01   1.0036570e+01   1.7132909e+00   1.7577667e+01   2.4740954e+01   7.7136978e+00   1.4126152e+01  -6.6517482e+00  -2.3347417e+00  -7.1518441e+00   9.0793604e-01   2.3796956e-01   1.5402691e+00   6.7335870e-01  -1.4782458e+00   1.2780469e+00   3.0327239e+00   7.5949248e-01   1.9396082e+00  -2.0393291e+00  -3.2025829e-01  -9.2387236e-01   5.7848407e-01   1.5661268e-01
   1.6050964e+01   9.3939139e+00   3.3368152e+00   1.2799430e+01   1.9443286e+01   1.0697541e+01   9.6650710e+00  -4.0362514e+00  -2.0024996e+00  -3.3471711e+00   9.4497212e-01   1.8468401e-01  -9.5653559e-01   1.1270830e+00   2.2988136e+00  -1.8170625e-01  -2.6836870e+00  -1.0518961e+00  -3.1194292e-01   8.2191670e-01   4.5968293e-01   2.8269029e-01  -5.6149929e-01  -3.2672641e-01
   1.7741033e+01   1.2506396e+01   4.5284297e+00   1.5778722e+01   2.2098239e+01   8.7463587e+00   1.2258369e+01  -7.2520914e+00  -1.6101491e+00  -5.5757382e+00   6.2245454e-01  -4.0136224e-02   5.2000675e-01   1.1597101e+00   3.4194725e-01  -1.2336758e+00  -1.9832577e+00  -9.6070895e-01  -5.1901223e-01  -7.0320641e-01  -3.7881053e-01  -3.7564574e-01  -4.2630512e-01  -2.1226397e-01
   1.7447320e+01   1.0628789e+01   4.3248273e+00   1.6158093e+01   1.9289246e+01   5.5809711e+00   1.1552710e+01  -4.7576552e+00  -1.8250562e+00  -6.2405855e+00   1.1915854e-01  -1.2086226e-01   2.0070302e-01   4.5440508e-01   6.4787238e-02  -2.1127558e+00  -1.8787413e+00   3.0479883e-01  -5.6615308e-01  -4.4229374e-02  -4.0186716e-01   2.9476204e-01  -4.3852279e-01  -2.2890528e-01
   1.9262470e+01   1.1158698e+01   1.7322058e+00   1.4047822e+01   2.1843087e+01   8.8309192e+00   1.2403814e+01  -7.3458559e+00  -2.9916792e+00  -6.2686055e+00   6.8138514e-01   7.2346742e-02  -6.4511255e-01  -8.6782382e-01  -1.4885685e+00  -5.3910396e+00  -3.0610087e+00   4.5254065e+00   4.0312136e-01   1.6352330e+00  -3.4491917e-01   2.4539886e+00   1.1784929e-01  -2.8483935e-01
   1.5591300e+01   1.0749371e+01   4.8321081e+00   1.0495746e+01   1.6752749e+01   1.1112459e+01   8.7431186e+00  -4.0557132e+00  -1.9145353e+00  -2.5585944e+00   2.5772263e-01  -2.1491540e-01  -8.0056921e-01   1.6272637e+00   2.7582718e-01  -4.5395941e+00  -1.8470026e+00   4.3933250e+00   6.4280401e-01   2.0902111e-01   1.2747789e+00   2.7725925e+00  -1.8124205e-01  -5.7612581e-01
   1.7701374e+01   1.1144369e+01   2.0419367e+00   1.0523336e+01   1.8774974e+01   1.2768725e+01   1.4267846e+01  -5.1502129e+00  -2.0827883e+00  -3.7357509e+00   7.2994642e-01  -4.2036867e-01   6.8296628e-01   1.6243180e+00  -3.8430093e-01  -2.6350659e+00  -2.6384259e+00  -7.0988565e-01   1.0851095e+00  -5.7149916e-02   8.0984703e-01   6.1242632e-01  -5.0355303e-01  -5.4616119e-01
   1.7027014e+01   1.3076848e+01   4.5837026e+00   1.1110945e+01   1.8052799e+01   1.0202056e+01   1.1584900e+01  -5.5419450e+00  -3.6733327e-01  -3.3481240e+00  -1.7698518e-01  -7.3869326e-01   4.5665744e+00   1.3891671e+00  -4.0707293e+00   1.0762570e+00   3.0455934e+00  -3.3198137e+00   3.8844687e+00  -3.3482661e+00  -4.6783193e-01  -3.0073115e+00   1.2106453e-02  -1.1970008e-01
   1.9569062e+01   1.2431436e+01   1.2799571e+00   9.7876241e+00   1.7235424e+01   8.2212921e+00   1.2610588e+01  -6.6884649e+00  -2.5505096e+00  -4.9552012e+00   1.4340951e-01  -4.8500611e-01   1.8463916e+00  -5.9420133e-01  -3.0740822e+00   7.8325812e-02   2.0744176e+00  -5.7274721e-02   1.5872855e+00  -6.5298652e-01  -5.5571193e-02  -1.0456449e+00  -2.2233343e-01  -7.5149743e-02
   2.1507318e+01   1.2189588e+01  -8.9299618e-01   1.2477988e+01   2.2090915e+01   8.4064543e+00   1.5398451e+01  -8.3089864e+00  -2.3824225e+00  -6.4598364e+00   5.6915077e-01  -3.6214680e-01  -5.1666581e-01  -1.2312831e+00  -1.5242911e+00  -5.7776002e-01   1.4208482e+00   3.4488176e+00   1.0778587e+00   1.5269057e+00   7.9507392e-01   5.0290554e-01  -1.4607474e-01  -3.2894759e-02
   1.8230810e+01   1.0696698e+01   1.6916273e-01   9.9573034e+00   1.9867542e+01   1.3580613e+01   1.4741999e+01  -4.7461720e+00  -1.1586005e+00  -3.7483620e+00   2.3378306e-02  -7.2136652e-01  -3.1297536e+00  -5.8046442e-02   2.7172276e+00  -6.4517661e-01  -1.7098127e+00   2.1362406e+00  -1.6933546e+00   3.4499754e+00   2.4605083e+00   1.9354563e+00  -7.5394624e-01  -2.8910496e-01
   1.6921142e+01   1.2097293e+01   2.8526631e+00   1.0159465e+01   1.8868012e+01   1.2695622e+01   1.2135982e+01  -4.2227329e+00   1.2932303e-01  -3.1971853e+00  -3.3608169e-01  -6.6985519e-01  -1.7547299e+00   5.9930457e-01   4.2254478e+00   1.1238261e+00  -5.3804555e+00  -4.6712754e+00  -3.0877612e+00   3.5030770e+00   9.5025092e-01  -1.8342517e-01  -9.1343129e-01  -1.6056191e-02
   1.7167520e+01   1.2390514e+01   3.4829688e+00   9.9791206e+00   1.6282156e+01   9.2810693e+00   1.1701790e+01  -3.5566285e+00  -1.1561995e-01  -3.6833424e+00  -5.3489362e-01  -7.6480934e-01   1.4444768e+00   6.6034283e-01   2.1616445e+00   3.9510905e+00  -2.0063907e+00  -8.5687963e+00  -1.2008889e+00   1.4953019e+00   8.9177633e-02  -3.1019676e+00  -5.6105295e-01   3.3977672e-01
   1.9406868e+01   1.2241637e+01   3.7882725e+00   1.4152818e+01   1.5812924e+01   3.5493132e+00   1.2286913e+01  -3.6491426e+00  -1.4785364e+00  -6.7674840e+00  -5.2186020e-01  -3.6450967e-01  -1.1962776e-01  -1.2150023e+00   1.2331199e+00   1.5841016e+00  -2.3299147e+00  -4.1135628e+00  -1.5451141e+00   2.8324334e+00  -8.6632822e-02  -9.5483684e-01  -3.2921617e-01   2.4586664e-01
   1.9154662e+01   1.1615040e+01   2.9438247e+00   1.3887262e+01   1.8385500e+01   5.3005731e+00   1.2865200e+01  -2.7900143e+00  -2.2090431e-01  -6.6161641e+00  -7.2531186e-01  -3.6437420e-01  -2.4463792e+00  -1.4721153e+00   1.8117369e+00  -3.1620697e-01  -1.5211737e+00   1.6006176e+00  -1.6771441e+00   2.7796311e+00  -4.3411945e-02   1.0482756e+00   5.5138551e-02   2.8769290e-01
   1.5748129e+01   1.0662526e+01   4.9719150e+00   1.0581547e+01   1.4321468e+01   8.5155257e+00   9.2366063e+00  -3.5738984e-01   5.2015983e-02  -3.1630297e+00  -7.3469682e-01  -5.0127281e-01   5.4685144e-01  -1.6740332e+00  -1.9401434e+00   7.2724102e-01  -3.5768185e-01  -1.1283269e+00   2.8768747e+00  -2.8030214e-01  -2.0447535e+00  -7.4303439e-01   1.0863895e+00   4.5356816e-01
   1.5327320e+01   1.0971896e+01   5.6087530e+00   1.1290446e+01   1.4746124e+01   9.1988894e+00   1.0711228e+01  -1.0330582e+00  -9.4601406e-01  -3.9131562e+00  -3.4576748e-01  -2.6488842e-01   4.0842603e+00  -1.2128659e+00  -3.4865283e+00   4.5166328e+00   1.1165941e+00  -5.9627142e+00   5.2906832e+00  -3.3495078e+00  -3.8414934e+00  -3.5175384e+00   1.5700740e+00   5.6318304e-01
   2.2140816e+01   1.0052159e+01  -4.5440672e-01   1.6542088e+01   1.7096090e+01  -9.2335234e-02   1.7679211e+01  -4.9480739e+00  -4.1831117e+00  -9.2335396e+00   9.1795188e-01   2.6609968e-01   3.3811665e+00  -1.4886494e+00  -2.0508827e+00   4.5143871e+00   5.4716503e-01  -5.6226477e+00   4.8474338e+00  -7.7145359e-01  -2.4609564e+00  -3.4284807e+00   8.4422388e-01   2.6982101e-01
   2.2084709e+01   1.0100925e+01   4.2719313e-01   1.7681941e+01   1.8673080e+01   6.6043224e-01   1.6579922e+01  -5.5189341e+00  -3.8655805e+00  -8.8572168e+00   8.0347478e-01   9.6714114e-02   2.2048617e-01  -1.3154569e+00   8.7983467e-01   6.5743106e-01  -2.5362776e+00  -2.2258936e+00   7.9499598e-01   2.9252459e+00   2.4906968e-01  -6.8336161e-02  -1.0186652e-01  -2.2370105e-01
   1.7441185e+01   8.8650378e+00   4.4863709e+00   1.4157380e+01   1.3178737e+01   4.3507827e+00   1.3573410e+01   7.2836771e-01  -2.1796355e+00  -5.8337205e+00  -4.2982139e-02  -2.7734257e-01  -3.7334379e+00  -1.9513014e+00   2.4381858e+00  -2.0421365e+00  -4.7200107e+00   1.8519312e+00  -1.3897225e+00   6.9126076e+00   3.2212216e+00   3.2282835e+00   5.0099361e-02  -2.5349172e-01
   1.8007865e+01   9.5922712e+00   4.4581162e+00   1.3468947e+01   1.2900384e+01   3.6384901e+00   1.3956623e+01   5.1658989e-01  -1.5741477e+00  -5.7155700e+00  -1.8100254e-02  -3.2871887e-01  -1.3270090e+00  -7.2063475e-01   1.9565992e+00   3.0431742e-01  -3.5086607e+00  -2.3328700e+00  -9.0441266e-01   3.2094800e+00   6.3125958e-01   3.0130535e-01   3.3483608e-01   2.0523183e-01
   1.8579081e+01   7.3795336e+00   1.1874105e+00   1.5585380e+01   1.2902422e+01   1.1965326e+00   1.6906277e+01   2.4030755e+00  -4.9699565e-01  -5.9619378e+00   1.4038884e+00   9.8578587e-02   1.9281260e+00   7.4373131e-01   9.4607349e-01   4.5408819e+00   1.4494738e+00  -6.3434068e+00   6.6311088e-01  -1.2148047e+00  -5.3976933e-01  -2.8837587e+00   1.1702273e-01   3.3585415e-01
   1.9525247e+01   9.7627248e+00   5.0115722e+00   1.7424417e+01   1.3548247e+01  -1.2617478e+00   1.3556869e+01  -1.5420679e+00  -3.7600110e+00  -8.3411501e+00   5.8229362e-01   2.1660127e-01  -7.2962247e-01   1.4555186e+00   3.9749363e+00   1.8658500e+00  -1.6050293e+00  -4.2685742e+00  -2.7972141e+00   1.6582919e+00   3.3769997e-01  -1.4271644e+00  -1.3352383e+00   3.3870879e-03
   1.9574682e+01   9.8954080e+00   5.6287532e+00   1.8990968e+01   1.5029016e+01  -2.7142086e+00   1.4767953e+01  -6.4510437e-02  -1.8963578e+00  -8.8465685e+00  -1.6764498e-01  -4.6221423e-02  -1.7254851e+00   2.8682125e+00   5.0568212e+00  -1.0513151e+00  -2.5553259e+00  -1.5856283e+00  -4.9054602e+00   1.2818015e+00   1.4910407e+00   3.3602847e-01  -1.8670156e+00  -3.1506323e-01
   1.6415631e+01   1.0517612e+01   8.1998493e+00   1.4564928e+01   9.4295424e+00  -8.0900060e-01   1.0829964e+01   4.2378207e+00  -3.6791664e-01  -6.4140012e+00  -1.2351910e+00  -2.5123824e-01   2.7445881e+00   4.4030604e-01  -6.1052450e+00   2.8241602e+00  -1.8595163e-01  -5.3891556e+00   3.2585294e+00  -2.4812089e-01   9.4742393e-01   4.9921514e-01   6.8289228e-01   9.4790724e-03
   1.7545662e+01   1.1304409e+01   7.1785038e+00   1.5438152e+01   1.1128785e+01  -1.4082834e+00   1.0911540e+01   1.4358334e+00   4.3518187e-02  -6.4214695e+00  -4.8789272e-01  -1.4009650e-01   5.0150111e+00  -8.8388155e-01  -7.6800225e+00   3.2390384e+00   2.3443825e+00  -4.1058740e+00   6.1567493e+00  -4.1913958e+00  -2.8921210e+00  -1.8895677e+00   2.1623762e+00   5.5170599e-01
   2.4656640e+01   9.7186834e+00  -4.9211706e+00   2.3437065e+01   1.5219435e+01  -9.9984438e+00   2.0372870e+01  -2.6644212e+00  -3.3088131e+00  -8.8048769e+00   1.7667559e+00   2.7775742e-01   2.4894629e+00  -1.4509981e+00  -4.1714523e+00  -4.0302448e-03   2.7572363e+00   1.8225231e+00   4.1293875e+00  -3.4332350e+00  -3.5865736e+00  -1.6536886e+00   1.3837502e+00   4.4573217e-01
   2.2976694e+01   8.9690499e+00   6.6922934e-01   1.9413457e+01   1.5650644e+01  -4.2782980e+00   1.9231624e+01  -2.9004832e+00  -4.7640911e+00  -1.0485482e+01   1.5749459e+00   5.1683973e-01  -2.8379661e-01  -9.8269234e-01  -5.8540554e-01  -5.3635095e+00   2.5878188e-01   6.3259165e+00   3.5581566e-01  -5.7137254e-01  -2.6805335e+00  -3.5275302e-01   5.5818661e-02   1.0373129e-01
   1.7434309e+01   9.5087943e+00   5.1973081e+00   1.2571230e+01   1.1304467e+01   3.3597913e+00   1.2864003e+01   1.2561265e+00  -3.3439723e+00  -6.8625278e+00  -1.9098499e-01   8.8891895e-02  -3.9193133e+00  -2.2684641e-01   4.7899177e+00  -7.5245695e+00  -1.8967691e+00   8.6539789e+00  -5.0991560e+00   1.4082186e+00   3.7519289e-01   1.3497357e+00  -1.0038449e+00  -1.0947299e-01
   2.0731132e+01   9.9353150e+00   1.2411561e+00   1.2825805e+01   1.3474442e+01   1.4014738e+00   1.5199697e+01  -1.3814992e+00  -3.9597024e+00  -7.9217736e+00   5.7470572e-01   1.0993320e-01  -4.1959183e-01   6.3235286e-01  -5.3752773e-01  -5.0032929e+00  -2.2179124e+00   3.2918541e+00  -6.0884723e-01   8.2182365e-02  -5.5118294e-01   5.2044869e-01  -6.0397123e-01  -1.1026346e-01
   1.9900451e+01   8.8952812e+00   1.9777426e+00   1.5444037e+01   1.3462382e+01   1.4263865e-01   1.4740099e+01  -1.3115853e+00  -3.1482181e+00  -8.0621277e+00   7.6110872e-01   3.1700121e-01   4.8051599e+00   7.5762303e-01  -5.1359577e+00  -1.9880970e-01   1.8305796e+00  -3.4612392e+00   7.3535585e+00  -3.0546089e+00  -2.9457464e+00  -3.2032286e+00   6.1755478e-01   1.2423761e-01
   2.1114236e+01   1.0224336e+01   1.4727205e+00   1.0472115e+01   1.1244818e+01   2.2680594e+00   1.7380305e+01  -1.4933538e+00  -5.6887426e+00  -9.1050092e+00   1.9294223e-01   2.3738988e-01   1.7847524e+00  -6.7919491e-01  -1.7118794e+00  -7.3458620e-01  -1.9955718e+00  -1.2420286e+00   6.4865062e+00   1.5577078e+00  -3.4720006e+00  -2.3713690e+00   1.6427440e-01   7.5864211e-03
   2.4450497e+01   1.0500718e+01  -2.6224106e+00   1.3449861e+01   1.5165149e+01  -2.2653603e+00   2.2804037e+01  -3.2698596e+00  -6.8980719e+00  -1.1075753e+01   9.2622893e-01   2.1151998e-01   6.5211715e-02  -4.7645310e-01   1.0797248e+00  -7.8047412e-01  -4.4003731e+00  -5.1100020e-01   5.6509102e+00   3.2041311e+00  -2.5873357e+00  -1.1309754e+00   1.0746523e-01  -2.0910989e-01
   2.1133238e+01   8.1138040e+00   9.7341361e-01   1.2721013e+01   9.6297008e+00   7.4243047e-01   2.0897487e+01   1.9341997e+00  -7.2927764e+00  -9.9720145e+00   7.3855721e-01   1.7405345e-01   4.7818910e-01  -2.1075291e+00  -9.8249934e-01   6.7564080e+00  -3.7180822e+00  -5.9929009e+00   4.1358706e+00   1.7176005e+00   9.6864023e-01   1.5707235e+00   4.9481185e-01  -3.8996331e-01
   1.9988767e+01   9.2358674e+00   3.8469832e+00   1.3148876e+01   7.6693812e+00   1.3895284e-01   2.1457873e+01   1.7808346e+00  -6.2272047e+00  -9.3250881e+00   6.4949908e-01   3.5004592e-02  -1.5211453e+00  -1.3203203e+00   9.2491624e-01   9.9966092e-01  -2.2609327e+00   9.5690124e-01  -2.8664624e+00  -8.0297661e-02   2.0927486e+00   3.5782659e+00   1.3208708e-01  -3.8321120e-01
   2.4062384e+01   7.6954675e+00  -3.2357254e+00   2.0757219e+01   9.4155784e+00  -7.9234485e+00   2.4257193e+01  -1.4423000e+00  -4.5712158e+00  -7.6242563e+00   1.0735249e+00  -2.5929739e-01  -9.2564958e-01  -8.6688526e-01  -8.9605750e-01  -1.9684077e+00   3.0183667e+00   4.2565806e+00  -5.5826270e+00  -3.3021116e+00   8.8990854e-01   3.0879419e+00   9.5300421e-02  -2.5750116e-01
   2.0704206e+01   8.7294062e+00   8.6953329e-01   1.0931250e+01   1.1880811e+01   3.5029310e+00   1.6824491e+01  -1.7020562e+00  -5.1197292e+00  -6.8822332e+00   9.5687569e-01  -1.4662140e-01   1.9250774e-01  -1.4050000e+00  -2.7301722e+00  -3.5567055e+00   5.9476984e+00   6.8510926e+00  -3.5795297e+00  -4.2367682e+00  -1.4731971e+00   1.2802099e+00   4.0982559e-01  -1.4637679e-01
   1.9387044e+01   7.0667067e+00   1.1180523e+00   1.0877215e+01   1.2051536e+01   5.4453123e+00   1.4840238e+01  -1.2775223e+00  -6.5116514e+00  -6.5615291e+00   7.2781953e-01  -1.2138529e-01  -3.4597042e+00   3.7630144e-02   3.3401992e+00  -4.7199429e+00   2.9868146e+00   7.8151384e+00  -6.0114075e+00  -1.0589992e+00  -6.8094606e-01   5.4660644e-01  -1.6652054e-01   2.4605413e-01
   2.2615199e+01   7.4427479e+00  -2.4251640e+00   1.2753820e+01   1.5272950e+01   3.7312114e+00   2.0797056e+01  -4.6567066e+00  -7.4667826e+00  -7.9361368e+00   1.4370902e+00  -2.5351665e-01  -1.3797649e+00   4.8378754e-02   7.8682770e-01   1.1807993e+00   8.7645924e-01  -4.5302264e-01  -3.1152050e+00  -1.9051407e-01   1.6093160e+00   7.7254788e-01   1.8794048e-02   2.2007520e-01
   1.7917331e+01   8.3952419e+00   3.4219220e+00   1.2766020e+01   1.2199731e+01   3.6851188e+00   1.3253799e+01  -1.5534736e+00  -4.4191082e+00  -6.2773948e+00   5.8363688e-01   1.6323142e-01   2.8730329e+00   1.2745450e+00  -3.8301119e+00   2.4489873e+00   2.1422108e+00  -5.3487546e+00   5.2613153e-01  -1.4705689e+00   1.8141768e+00  -5.9064138e-01   5.8673029e-01   2.1739936e-01
   1.9369415e+01   8.1377068e+00   8.9784002e-01   1.1758046e+01   1.3121402e+01   3.7034938e+00   1.2944903e+01  -1.8498517e+00  -3.7520268e+00  -5.8654785e+00   1.0571581e+00   4.1183049e-02  -2.7869352e-01  -1.0957777e+00  -1.2007119e+00  -7.0891738e-01  -8.5138845e-01   2.8637514e-02  -3.2008558e+00  -1.1375383e-01  -1.1996286e+00   6.7049120e-01   2.1458827e-01   2.5541097e-02
   2.5319485e+01   8.6310447e+00  -6.2886175e+00   1.5048583e+01   1.6340626e+01  -2.5639608e+00   1.9555512e+01  -4.8868032e+00  -5.6477642e+00  -8.4828203e+00   1.7978810e+00   5.7363900e-02   1.8675803e+00  -3.2338809e+00  -3.4260597e+00   2.8184119e+00   1.0800992e+00  -9.3420975e-01   4.0313050e+00  -1.4042751e+00  -4.3308521e+00  -1.3665534e+00   1.3243745e+00   7.0546646e-02
   1.8496081e+01   5.6811799e+00   6.2903786e-01   1.0549162e+01   1.1925420e+01   6.8987075e+00   1.2844916e+01  -3.1606726e+00  -8.6518975e+00  -5.8276873e+00   1.1518505e+00  -1.6227124e-01  -2.1898844e+00  -3.2548174e+00   2.3428084e+00   2.7736126e+00  -1.1015862e+00   1.5416355e-01  -6.4062270e-01   1.1566733e+00  -2.4103939e+00  -7.0820754e-01   9.3072150e-02   3.1459961e-01
   2.1155369e+01   4.7726840e+00  -1.5827665e+00   1.7598080e+01   1.4417871e+01   6.8619733e-01   1.9350750e+01  -3.0044758e+00  -8.4654510e+00  -8.3461206e+00   2.5228524e+00   3.7077854e-01  -6.2273067e-01  -1.0291721e+00  -6.3550415e-01   3.8041315e+00   9.2950790e-01  -1.3807977e+00   2.5868498e+00   3.2898991e+00   3.3881270e+00   2.8150935e-01   3.4638982e-01  -3.1025903e-02
   1.8166647e+01   5.1846610e+00   2.0591272e+00   1.4643717e+01   1.2430401e+01   2.3096600e+00   1.2086350e+01  -1.0560054e+00  -5.9587742e+00  -6.9961397e+00   8.3428062e-01   3.5637514e-01   2.0780834e+00   9.2024234e-01  -3.0740047e+00   1.3050208e+00   1.8572868e+00  -2.0583413e+00   3.3936849e+00   1.8172038e+00   3.7559578e+00   4.5231793e-02   4.6042778e-02  -2.4117207e-01
   2.4550107e+01   7.3355460e+00  -7.9569184e+00   1.8707503e+01   1.7482397e+01  -2.3406336e+00   2.3815069e+01  -1.0042881e+00  -1.9121353e+00  -7.4763301e+00   2.4762507e+00  -2.4849815e-01  -2.0519056e+00   2.2368660e-01   6.9168231e-01  -5.0192649e+00  -1.7503706e+00   4.4802716e+00  -4.3082366e+00  -1.6325579e-02   1.5180706e-01   2.2622435e+00  -6.1275156e-01  -4.3768618e-01
   1.9915837e+01   5.7801124e+00  -7.9489330e-01   1.1951982e+01   1.3179087e+01   5.3246110e+00   1.5703283e+01  -1.4349607e+00  -6.2946187e+00  -6.1947348e+00   1.2442155e+00  -2.1439101e-01  -2.2774811e+00  -1.0799731e+00   6.5823181e-01  -5.1036674e+00  -2.7238633e+00   5.0683006e+00  -2.6683058e+00  -1.1465915e+00  -2.1841176e+00   2.1686339e+00   4.8768944e-01   5.3519289e-02
   1.7202915e+01   4.8104882e+00   8.8176720e-01   1.1415050e+01   1.1417972e+01   5.8991292e+00   1.1079928e+01  -2.8394865e+00  -8.0698182e+00  -5.3534578e+00   1.3987576e+00  -3.6765793e-04  -4.7277817e+00  -3.1630500e+00   4.8599628e+00  -2.5352357e+00  -3.9438146e+00   3.6034952e+00  -6.2266889e+00  -1.4901530e-01  -2.2033944e+00   1.5651511e+00   2.5663280e-01   7.6134868e-01
   1.8424021e+01   4.8272303e+00  -1.3728679e+00   1.0634442e+01   1.1376818e+01   5.7922295e+00   1.4451462e+01  -1.8582934e+00  -6.1561092e+00  -4.8046250e+00   2.1045613e+00   3.1258883e-01  -2.5990762e-01   4.2986895e-02  -4.3138474e-02   2.1710062e+00   1.4049600e-01  -2.0100408e+00   1.6217579e+00  -1.8642289e-01   1.3532567e+00  -4.2219282e-01   5.3323981e-01   6.0610060e-01
   1.8204342e+01   3.0674121e+00  -3.7798696e-01   1.5563419e+01   1.2467810e+01   2.8307999e+00   1.5100947e+01  -1.0161447e+00  -5.2864817e+00  -5.8236583e+00   2.4310270e+00   6.3003494e-01  -1.5465209e+00   1.0221371e+00   1.2147357e+00  -9.4514404e-01  -1.4858242e+00  -8.0368518e-01  -7.1969652e-01   1.9009237e+00   2.0061565e+00  -1.3625507e-01  -5.5299738e-01   3.4801199e-01
   1.9025262e+01   6.7161308e+00  -2.2972393e-01   1.3134306e+01   1.2864912e+01   3.8437145e+00   1.6125411e+01  -2.6262660e+00  -5.6564019e+00  -6.5929238e+00   1.5279405e+00   3.7955858e-01  -7.7413724e-01   1.5258625e+00   4.8908909e-01  -7.2230111e-01  -3.1450675e+00  -3.5177276e+00  -3.2578449e+00   5.3423025e-02   1.9046592e+00   2.0951527e-01  -1.1389345e+00  -2.5246836e-01
