   1.1914266e+01  -8.3460028e+00  -1.0673558e+01   2.9591875e+00   7.5463157e-01  -1.9204328e-01   3.0145197e+00  -1.7843513e+00  -4.1587772e+00   1.5633154e+00   2.1566995e+00   2.7016467e-01   7.9861291e+00  -4.6152800e-01   1.5228780e+00   1.2490220e+00   1.9776719e+00   1.6003049e+00  -2.3833905e+00  -2.7603753e+00   1.5629988e+00   2.8137497e+00   4.7913004e-01  -1.4801712e-01
   5.7187653e+00  -6.6996649e+00  -7.0757005e+00  -6.2990551e-01   3.0390729e+00   5.4838905e-01  -2.8881023e+00  -1.9863443e+00   1.5725499e+00   2.7271336e+00   1.3940673e+00   2.0364905e-01   6.9824366e+00   2.0514476e+00   1.2807256e+00   1.2877871e+00   5.1607157e+00   4.3281264e+00  -4.3902922e+00  -7.5745520e+00  -1.6660631e+00   2.0473624e+00   2.2547856e-01  -2.6166692e-01
   1.7650798e+01  -6.1609439e+00  -9.2772289e+00   3.2512257e+00   5.9638777e+00   4.1092565e+00  -2.7784930e+00  -1.0799228e+01  -5.3189952e+00   2.0839176e+00   1.6775924e+00  -1.6656764e-01   8.6391785e+00  -1.7086784e+00   2.9266366e+00   2.5697694e+00   1.7550848e+00   5.0081435e+00  -2.2921570e+00  -8.6518135e+00  -4.3981587e+00   7.2652549e-01   1.3822745e-01  -4.2604065e-01
   1.6141612e+01  -5.1935146e+00  -9.1322617e+00   2.4647813e+00   6.3833786e+00   4.7949676e+00  -2.7194673e+00  -9.9739944e+00  -5.7412774e+00   2.1707449e+00   1.9589907e+00  -1.8660365e-01   1.2814956e+00  -5.6140866e+00   1.5582165e+00   4.3740300e+00  -1.4139251e+00   1.7274944e+00   2.9323027e+00  -3.2750629e+00  -4.0453311e+00   1.3538863e+00   9.3420672e-01  -2.1495019e-01
   1.9661610e+01  -1.1662096e+01  -5.2553220e+00   5.2664983e+00   1.7151059e+00   5.1968826e+00  -5.0803323e-01  -1.0768247e+01  -7.0991016e+00   2.9312979e+00   2.0815790e+00  -1.7376995e-01  -9.2460550e+00  -8.1445282e+00   3.2150385e+00   3.0426561e+00  -4.6713261e+00  -2.3576206e+00   4.5470040e+00   3.0996680e+00   5.7829500e-01   1.8487898e+00   1.1088211e+00   9.2461523e-02
   6.6356023e+00  -1.2370219e+01  -6.7493292e+00   4.9235032e+00   3.0425711e+00   2.5958176e+00   3.7512193e-01  -6.9144293e+00  -3.6053935e+00   4.3342729e+00   2.5933841e+00  -1.1517508e-01  -1.1031880e+01  -7.7664252e+00   2.4840285e+00   1.8843204e+00  -3.1769675e+00  -6.4178881e-01   4.5182761e+00   1.8400103e+00   8.1554311e-01   1.7558869e+00   1.2296386e+00   1.4673428e-01
   8.5347199e+00  -1.4789384e+01  -5.6461373e+00   6.5858489e+00   6.2729233e-01   1.6724007e+00   2.4947183e+00  -7.6795083e+00  -5.5194946e+00   3.7753383e+00   3.0236272e+00  -6.3589635e-02  -1.1531298e+01  -4.6353867e+00  -1.4560399e+00  -9.1049656e-01  -1.4969343e-01  -5.1230235e-01   2.3970745e+00   2.2179521e+00   6.2938231e-01  -8.0626263e-01  -6.6422341e-02   7.9125179e-02
   5.1572371e+00  -1.5279508e+01  -5.2108112e+00   4.6315866e+00   2.1618341e+00   5.5945254e+00   2.5565710e+00  -8.7583480e+00  -5.3077662e+00   4.3825551e+00   3.3324244e+00  -2.1592386e-02   2.3913030e+00  -9.2514212e+00  -2.3153150e+00   5.9179188e+00  -2.2818928e+00  -6.2023950e-01   2.4458121e+00  -1.1673059e+00  -2.1596983e+00  -1.4069902e+00  -1.0435644e+00   1.4044623e-01
   3.1038462e+00  -1.7160531e+01  -8.2086409e+00   4.0467117e+00   1.9309343e+00   2.9290752e+00   1.9968539e+00  -6.5193591e+00  -5.3038418e+00   1.6977629e+00   1.6124253e+00  -1.0187353e-01  -1.4475698e+00  -5.9936371e+00  -4.6850191e+00   2.7303123e+00   3.9665682e-01  -1.6597353e+00   6.3058068e-01   2.3035168e+00  -3.2501272e-01  -2.4521350e+00  -1.6327830e+00   4.1086884e-02
   1.2937994e+01  -2.5061777e+01  -8.9410500e+00   1.5069950e+01  -1.0320891e+00   1.0371211e+00   4.2927723e+00  -9.2454628e+00  -6.9527674e+00   3.2625753e+00   1.7336385e+00   1.1463622e-01   3.3147304e+00  -6.8931917e+00  -1.5024890e+00   3.0623696e+00  -1.5588570e+00  -3.2442053e+00   1.0301793e+00   2.5308733e+00   8.1207803e-01  -1.4357643e+00  -1.6944911e+00  -2.0845206e-01
   2.4729870e+00  -1.8888705e+01  -1.0808547e+01   5.4621356e+00   2.8192392e+00   1.4614998e+00   2.5724887e+00  -3.9806757e+00  -5.1845132e+00   6.5712569e-01   1.3738457e+00  -7.0073610e-02  -2.0054000e+00  -3.3846463e+00  -5.1129939e-02  -1.4755806e-01   1.5276338e+00   9.1031220e-01   9.7722238e-02   4.8000001e-01   4.0260820e-01  -4.5001413e-01  -7.4118345e-01  -2.8416565e-01
   1.0444762e+01  -2.4755209e+01  -6.1645920e+00   8.5174291e+00  -6.2060385e-01   1.4620051e+00   3.8140226e+00  -6.2313798e+00  -4.1493135e+00   2.7492273e+00   9.0997756e-01  -3.5017043e-01  -8.1023390e+00   1.8579813e+00  -1.9272125e-01  -7.1831839e+00   7.7537921e-01   9.0522360e-01  -1.8953862e+00   1.1167621e+00   1.3158123e+00  -9.5575487e-01  -6.1859631e-01  -1.5719330e-01
   1.3423619e+00  -2.2390785e+01  -9.6735648e+00   7.1016351e+00   4.0166423e+00   4.0821014e+00   2.3828121e+00  -7.3064006e+00  -6.1016564e+00   1.2794157e+00   9.1248058e-01  -2.9571868e-01   2.7894507e+00  -3.7870466e+00   2.1317701e-01  -1.2355256e-01  -1.7179562e+00  -2.1349938e-01  -3.7774204e-01  -1.1648813e+00   4.7055326e-01   3.3213014e-01  -2.0405648e-01   1.5852688e-01
   1.3497977e+00  -2.0523765e+01  -9.7976227e+00   3.4754244e+00  -4.6772186e-01   1.0846557e+00   1.5445313e+00  -5.9074572e+00  -4.5204773e+00   1.5177980e+00   1.0364266e+00  -8.3312001e-03   1.4941226e+00  -4.8240623e-01  -1.6212437e+00   8.4827848e-01  -3.6739059e-01  -2.0818854e+00  -5.2070834e-01   1.3308129e+00  -8.2655039e-02  -5.5395207e-01   1.0112652e+00   5.4699764e-01
   1.1204645e+01  -2.6684997e+01  -8.6722657e+00   7.7978091e+00   1.6586389e-01   1.3299255e+00   3.1406213e+00  -5.8899589e+00  -4.2931014e+00   1.7710355e+00   1.0045365e+00  -3.2029115e-03   3.1487030e+00   2.0070298e+00   5.9944098e-01  -4.6635116e-01  -2.5458000e+00  -2.2432574e+00   9.8626597e-01   1.9560819e+00   3.8119800e-01   3.2287886e-01   1.0727028e+00   3.9728530e-01
   7.7548044e+00  -2.3331712e+01  -9.0971071e+00   9.4417598e+00   7.5369945e-01  -2.8473495e-01   2.6540555e+00  -4.9433813e+00  -5.1775735e+00   1.6724893e+00   2.3808474e+00   3.2406815e-01   7.2007821e-01   9.7549089e-01   8.5924242e-01   4.4198450e-01  -4.5426260e-01   2.0788531e+00   3.1735483e+00   2.1125225e-01  -9.0624080e-01   1.0179087e+00   1.0723692e+00   1.0598958e-01
   2.8629129e+00  -1.7976267e+01  -9.1246612e+00   3.4189406e+00  -4.1276834e-01   1.4019106e+00   3.3074490e+00  -4.8543157e+00  -5.2013113e+00   1.6863883e+00   1.8493244e+00   1.3400960e-01  -2.8026354e+00   2.6227371e-01   9.2307687e-01  -1.1790590e+00   7.4008571e-01   4.1643112e+00   3.7577647e+00  -4.2605847e-01  -1.1754863e+00   9.1438083e-01   2.6149357e-01  -2.5459015e-01
   6.6007812e+00  -2.3414894e+01  -8.2825613e+00   6.3278354e+00  -8.5979964e-01   4.1669427e+00   6.2214400e+00  -6.1084004e+00  -5.4257335e+00   3.0869847e+00   2.2225864e+00   8.2046909e-02   2.9113146e+00  -3.0695939e+00  -1.0044710e+00   1.0975659e+00  -7.1476767e-01   3.2929598e+00   5.3448863e+00  -1.6828548e-03   2.5558925e-01   1.3596633e+00  -9.0833331e-01  -4.6838283e-01
   7.5777039e+00  -2.6249995e+01  -7.6949232e+00   7.5861828e+00   2.0827420e+00   5.3505535e+00   6.9935761e+00  -5.9465371e+00  -5.9322508e+00   2.4353591e+00   1.4759074e+00  -2.6407751e-01   2.1015967e+00  -4.0660184e+00  -2.8040511e+00   1.1046270e+00   1.1492290e-01   1.8183753e+00   3.1618757e+00   1.5910249e+00   9.0835914e-01  -1.6067911e-01  -1.0331825e+00  -3.3280644e-01
   9.7643809e+00  -2.3799239e+01  -1.1318683e+01   9.0044875e+00  -1.5662072e+00   2.6803833e+00   8.8283214e+00  -4.3997949e+00  -4.4287199e+00   3.3374988e+00   1.2050560e+00  -1.7946255e-01  -2.0645993e+00   4.1460051e+00  -3.4294265e+00  -1.2084945e+00   1.6979091e+00  -1.4085949e+00  -4.1001851e-01   2.7752827e+00  -6.6016737e-01  -3.1265950e+00  -1.1787061e+00  -5.6499245e-02
   4.4335081e+00  -2.3883122e+01  -1.1812677e+01   3.7375551e+00   1.1281981e-01   4.8727533e+00   6.7468219e+00  -3.3220811e+00  -4.3372794e+00   1.3201126e+00   8.0831583e-01  -2.3444534e-01   1.1019293e+00   4.5126415e+00  -5.2249274e-01  -1.0111168e+00   5.5540063e-01  -1.6911215e+00  -1.4943087e+00   1.4456690e+00  -1.4167407e+00  -2.8002095e+00  -3.1968183e-02   4.2181216e-01
   5.0759801e+00  -1.8379323e+01  -1.1367824e+01   6.4394075e+00   2.6720250e+00   2.2929504e+00   5.7297893e+00  -3.2577043e+00  -7.2134703e+00  -1.0452847e+00   7.8832299e-01  -1.7518045e-02  -2.7186867e+00   2.1963442e+00   1.7361878e-01  -2.8335452e+00   1.7586127e+00  -4.2164055e-01  -2.0477073e+00   8.8323745e-01  -1.6229568e+00  -2.2162420e+00   7.8832460e-01   4.9484023e-01
   1.1574798e+01  -2.2190991e+01  -8.4540916e+00   7.3520477e+00   7.9672681e-01   3.0075877e+00   6.3013791e+00  -4.3490789e+00  -6.6649866e+00   4.2643663e-01   1.6363216e+00   2.8766848e-01  -1.4813669e+00   2.4197540e+00   5.6802125e-01  -9.8616197e-01  -4.0588297e-01  -9.7779839e-01  -8.9679838e-01  -3.1280088e-01  -4.2071156e-01   6.2905859e-01   1.3308762e+00   4.3208222e-01
   2.1157057e+00  -2.1350788e+01  -1.2737547e+01   2.9469234e+00   7.2975835e-01   2.9805053e+00   5.9794818e+00  -2.5614399e+00  -5.6993016e+00   4.5997377e-01   1.9735400e+00   3.0174088e-01   1.3748874e+00   1.1741083e+00  -4.9425979e-01  -1.0215793e+00  -5.6417490e+00  -2.0246080e+00   1.4585646e+00  -8.5345375e-01   1.5247679e+00   3.4795552e+00   4.7098065e-01  -3.6406761e-01
   3.6915950e+00  -1.8767758e+01  -1.0275784e+01   4.0045543e+00   4.7512870e-01   3.0622782e+00   5.2767780e+00  -4.1394146e+00  -5.7254310e+00   1.5110713e+00   2.2120216e+00   2.5404854e-01   1.1066073e+01  -2.7868022e+00  -1.9610542e-01   5.2816660e+00  -1.0786762e+01  -1.8023710e+00   5.1288875e+00  -2.7080951e+00   1.2448426e+00   3.4575053e+00  -1.0870958e+00  -7.6021989e-01
   1.1079913e+01  -1.8329777e+01  -1.1198368e+01   6.5807852e+00  -5.6297993e+00  -7.7130680e-01   8.4299368e+00  -4.6427171e+00  -5.3960962e+00   3.6317309e+00   1.2069440e+00  -5.4680948e-01   1.3003066e+01  -1.1141637e+00   2.5340032e+00   4.3312975e+00  -7.1348947e+00  -8.6739697e-01   3.7399468e+00  -1.3044251e+00   1.1124303e+00   1.9307595e+00  -1.0760302e+00  -6.1297192e-01
   2.3691804e+01  -2.7881700e+01  -9.5178395e+00   1.3457616e+01  -1.2203637e+01   2.1799372e+00   1.2769483e+01  -7.3705830e+00  -4.9493253e+00   4.0268160e+00   3.8897598e-01  -4.2838617e-01   4.9571435e+00  -5.0725356e-01   6.3701275e-01  -5.7394076e-01  -1.6127710e+00  -3.2724321e-01   1.2912901e+00   2.7966286e+00   2.1819215e+00  -5.7891209e-01  -1.0106832e+00  -2.6446386e-01
   1.1620199e+01  -1.8465063e+01  -9.3155145e+00   4.7173390e+00  -3.6332008e+00   2.1205804e+00   7.8430496e+00  -2.9024934e+00  -4.4187090e+00   2.0982406e+00   1.2710175e+00  -2.7649965e-01  -5.8144294e+00   1.3994444e+00  -2.0115900e+00  -5.7427950e+00   5.0383432e+00   5.0174409e-01  -2.4504656e+00   5.4937930e+00   3.0071669e+00  -1.8105960e+00  -2.0257273e-01   1.2934082e-01
   1.0857167e+01  -1.9460996e+01  -1.0261691e+01   4.0753663e+00  -2.9423271e+00   1.1254698e+00   7.5071568e+00  -8.1458357e-01  -2.9412424e+00   1.4094482e+00   6.6396005e-01  -2.7780216e-01  -9.4454087e+00   2.4080062e+00  -4.4448343e+00  -6.2570194e+00   5.3041115e+00  -2.3091575e+00  -3.0731795e+00   6.6234655e+00   3.6702410e+00  -4.2498741e-01   2.6255564e-01   7.2016713e-02
   8.7755873e+00  -2.0440962e+01  -1.3843827e+01   2.6577175e+00  -2.7029396e+00   5.0854300e-01   7.3854014e+00   3.1997271e-01  -1.8893872e+00   2.2245208e+00   7.6559283e-01  -4.2809025e-01   1.8403860e+00  -6.3041758e+00  -2.4952841e+00   1.6157963e+00  -2.1696362e+00  -1.1131215e+00   2.4323168e-01   1.7130980e+00   3.1652886e+00   1.0842524e+00  -2.8470131e-01   1.3149961e-01
   1.0945997e+01  -2.3281741e+01  -1.3920935e+01   5.1018974e+00  -4.7126005e+00  -4.7778037e-01   8.3885377e+00   9.5338225e-01  -7.0862469e-01   3.3261948e+00   1.0355218e+00  -2.4456580e-01  -8.9072955e-01   5.1649744e-01   3.0369155e+00   2.5268556e-01  -5.1260289e-01   4.2433951e-01  -1.6009720e+00  -6.1419037e-01   8.1611767e-01  -4.1386984e-01  -5.5228459e-01   5.2502348e-03
   1.4336363e+01  -2.6010954e+01  -1.1228819e+01   6.6277679e+00  -6.0025185e+00   1.2525232e+00   7.7672066e+00  -1.2168293e+00  -7.8708492e-01   2.7662460e+00   6.5818471e-01  -9.5868406e-02  -5.4499473e+00   5.2684239e+00   5.4669986e+00  -1.9261034e+00   1.1980826e+00   1.6003816e+00  -1.3317394e+00  -7.2528323e-01  -1.4971746e+00  -2.4605727e+00  -9.1200594e-01  -2.5914178e-02
   6.7406845e+00  -1.5901253e+01  -7.0138219e+00   2.4693694e+00  -2.0614420e+00   1.3899890e+00   4.9147961e+00  -9.6746809e-01  -2.2682170e+00   5.1778088e-01  -1.1076278e-01  -4.3603773e-01  -5.4251617e+00   5.8732270e+00   5.0819986e+00  -9.6426520e-01   2.9418863e+00   1.5591738e+00  -2.2465801e-01   1.9294558e-02  -2.5374109e+00  -2.5870181e+00  -7.4184716e-01  -1.2283999e-01
   2.7033226e+00  -1.6228570e+01  -9.0968854e+00   1.0848264e+00  -2.2313950e+00   1.9752308e+00   7.1246630e+00   1.9247304e-01  -3.3553529e+00  -6.2131330e-02  -2.9273789e-02  -3.7122555e-01   2.5251065e-01  -1.8154601e+00  -5.3846768e-02   1.8434505e+00   1.7225931e-01   2.5832187e-02   3.7593943e+00   1.3074971e+00  -1.9631683e+00  -2.6825964e-01  -3.2108698e-01  -9.8268587e-03
   8.6247750e+00  -1.9363093e+01  -7.3639037e+00   6.4269704e+00  -2.1853328e+00   1.4996266e+00   8.3728225e+00   2.7767289e-01  -3.2306071e+00   8.5985637e-01   2.6648032e-01  -2.9114722e-01   7.2903049e+00  -5.9540096e+00  -1.3299453e+00   4.2773755e+00  -2.8389849e+00  -1.9382572e+00   2.6652403e+00  -3.4672980e-01  -1.2832119e+00   8.5500879e-01   5.1639666e-01   4.3309497e-01
   1.3773084e+01  -2.7003225e+01  -1.1134548e+01   7.4141431e+00  -5.6821841e+00   1.2364527e+00   1.1677285e+01   1.2184581e-01  -3.2506423e+00   2.1928188e+00  -1.2067304e-02  -1.8305395e-01   6.5768836e+00  -3.4827117e+00   6.4140597e-01  -1.0681469e+00  -1.6302047e+00  -1.2692230e+00   1.4172973e+00   9.9808254e-01   1.4019003e-01  -4.0482712e-01   1.7354363e-01   1.7252036e-01
   1.2141261e+01  -1.9444940e+01  -7.9899085e+00   5.7207743e+00  -4.5945248e+00  -1.1480077e+00   6.6363455e+00  -1.4522492e+00  -4.2453901e+00   6.7281900e-01   6.5522897e-01   1.1951892e-01   9.0039678e-01   3.9615073e-01  -2.5340917e+00  -5.0581291e+00   3.3157246e-01  -8.1625786e-01  -1.5598125e-02   2.6386081e+00   8.0058583e-01  -8.7734059e-01   6.7569147e-01   2.5009617e-02
   1.0810405e+01  -2.1411714e+01  -7.8217740e+00  -1.6429589e-01  -3.4721060e+00   1.3952134e+00   1.0118847e+01   2.5545579e+00  -2.6376763e+00  -5.7585333e-01   3.6667326e-02  -3.1777808e-01   3.7555129e+00   1.8101829e+00  -1.9958247e+00   1.6030958e+00  -1.5535490e+00  -1.4394961e+00   1.2576009e+00   1.1674681e+00   1.8475676e+00   1.1635657e+00   4.2366915e-01  -7.2519905e-02
   1.1456710e+01  -2.1564622e+01  -1.2821428e+01   2.6289962e+00  -2.7930132e+00   1.9585941e-01   9.1286440e+00   3.0192291e+00  -2.3362113e+00   9.2818155e-01   1.2556502e+00  -1.8627073e-01   3.0796030e+00  -1.7950935e-01  -1.0390737e+00   2.7260871e+00  -8.7811053e-01   6.1398452e-02   1.2175388e+00   4.1463625e-01   1.3409176e+00   2.1646446e+00   9.2404808e-01   1.0192244e-02
   1.9748629e+01  -2.3228110e+01  -1.1712525e+01   1.1364676e+01  -8.9132634e+00  -1.5947250e+00   1.2317537e+01  -3.6269117e-01  -1.4338803e+00   3.8104861e+00   3.2322580e-01  -1.3893898e-01   6.1934060e-01   2.9682198e+00   1.1913639e+00   3.6676420e+00  -5.3151080e-01  -1.0050012e+00  -1.5117989e+00  -1.9147635e+00  -5.4579304e-01   1.7521906e+00   1.0307802e+00   2.1372409e-01
   1.2291554e+01  -1.8806006e+01  -7.6031434e+00   4.0454191e+00  -3.1911119e+00   4.3905913e-01   7.3633090e+00   6.2832973e-01  -2.8359117e+00   1.7266161e+00   1.8980218e+00   4.5387743e-02  -1.9210085e+00   4.2750118e+00   9.7848214e-01  -1.1521010e+00   3.4369020e-01  -1.4865424e+00  -1.9472892e+00  -1.0895715e+00  -1.9238464e+00  -2.9686974e-01   6.6921192e-01   8.4346156e-02
   1.1321994e+01  -1.8338692e+01  -8.6438706e+00   4.6289556e+00  -4.0703229e+00  -2.3388831e-01   8.7338166e+00   8.7786227e-01  -3.2065157e+00   1.6532153e+00   1.2616519e+00  -1.1302118e-01  -8.3350684e+00   4.6118861e+00  -2.0279497e+00  -8.6317507e+00   2.2013116e+00  -3.9630635e-01  -3.6183895e+00   1.3806198e+00  -1.2544474e+00  -2.0965802e+00   5.9133120e-01   4.1362161e-02
   1.2788515e+01  -1.7596813e+01  -1.2888033e+01   4.2687048e+00  -4.6989482e+00  -2.7143725e+00   7.9995704e+00   7.6459512e-01  -4.3356633e+00   1.5615123e+00   1.7902551e+00  -7.2710399e-02  -1.8456380e+00   1.2684576e+00  -5.8352628e+00  -4.1326636e+00  -2.7131175e+00  -3.7064407e+00  -1.1795301e+00   1.9039277e+00   7.6101166e-01  -6.4363778e-01  -1.6893610e-01   2.2897874e-02
   6.9975460e+00  -1.6914877e+01  -1.2112005e+01  -1.6945932e+00  -4.8573779e+00  -6.1246866e-01   6.5718221e+00   1.6401058e+00  -2.5656755e+00   7.4816773e-01   1.2641060e+00  -1.7846670e-02   4.7523160e+00  -2.7572376e+00  -2.0167137e+00  -5.8170960e-01  -7.7261394e+00  -3.6134356e+00   2.3379077e-01   2.5343855e-01   1.4991307e+00   4.9314299e-01  -2.4339033e-01  -3.8765205e-03
   1.1685321e+01  -1.7615227e+01  -1.4621970e+01   1.0081980e+00  -6.8672606e+00  -4.9313118e+00   6.6750111e+00   3.1030995e+00  -2.0148143e+00   1.2136832e+00   1.6433906e+00   3.2147300e-02   2.9697296e+00  -1.6079981e+00   2.0695062e+00  -7.5471267e-02  -7.5772760e+00  -2.8446999e+00   2.5620015e+00   2.2090256e+00   3.0984306e+00   1.6738325e+00  -3.8271481e-01  -9.6780063e-03
   1.9002065e+01  -2.2465341e+01  -1.0801972e+01   5.3866446e+00  -1.4575376e+01  -4.5455720e+00   9.7467825e+00   8.8767897e-02  -2.1182441e+00   2.5668443e+00   9.6999856e-01  -1.7126481e-01   1.2810571e+00   1.0428029e+00   2.7772168e+00  -4.0414376e-01  -4.1233378e+00  -4.2966662e-01   2.9908330e+00   1.7565531e+00   2.6399534e+00   2.5706496e+00   2.5017398e-01  -2.5232751e-02
   1.1240850e+01  -1.7233578e+01  -1.0438790e+01   6.1487906e-01  -1.1205863e+01  -5.0148708e+00   1.0255093e+01   4.8538025e+00   8.8266968e-02   3.1629229e+00   1.3632366e+00  -1.0518340e-02   8.6612469e-01  -9.6323746e-01   7.1619797e+00  -3.0341111e+00  -5.3789002e-01   5.1572901e+00   2.1819158e+00   1.7189128e+00   2.9193925e+00   1.3596854e+00   3.2331922e-01   2.1078207e-02
   9.1413672e+00  -1.5541497e+01  -1.0037770e+01  -2.1041493e+00  -8.8730833e+00  -1.2151891e+00   9.2680308e+00   3.3995840e+00   3.4271395e-01   3.6295223e+00   1.7794440e+00  -3.4362977e-02  -3.9680847e+00   5.7710657e+00   3.3360959e+00  -3.1128147e+00   6.3965563e+00   4.0132028e+00  -1.1927886e+00   1.4104591e+00   4.9454816e-01  -3.2801903e-01   7.1792753e-01   1.0394925e-01
   1.7914857e+01  -2.2522005e+01  -4.2611017e+00   2.0242827e-01  -1.0525242e+01   1.1394319e+00   1.0187261e+01   4.0260607e+00   1.1337954e+00   2.7218723e+00   1.7236467e+00  -4.6863046e-03  -1.6500065e-02   5.4652820e+00   2.7802687e+00   1.7030197e+00   5.6731254e+00   1.6550638e+00  -3.1553439e+00  -1.2205409e+00  -1.1085121e+00  -1.4225397e+00  -7.1815001e-02  -3.1271146e-02
   9.7129344e+00  -1.1164529e+01  -8.8866725e+00   9.2364790e-01  -5.3208521e+00  -1.6029192e+00   7.9915155e+00   2.6183274e+00  -1.8991861e+00   2.2953410e+00   1.8666848e+00  -1.8256946e-02   7.2853831e-01   6.6171106e+00   1.0671180e+00   4.0783140e+00   5.8725663e+00  -5.9373992e-01  -2.5604911e+00  -3.2173050e-02  -1.0053937e+00  -1.6275134e+00  -6.7814724e-01  -8.6204072e-02
   1.0930316e+01  -1.1224139e+01  -6.8439355e+00   1.6555101e+00  -4.4722908e+00  -2.3384100e+00   6.1603343e+00   3.4136193e+00  -4.5355115e-01   1.6962039e+00   1.2118937e+00  -6.5478074e-02  -2.5185027e+00   1.0232646e+01   1.2224870e+00   2.5897086e+00   6.3628127e+00   7.2304054e-01  -8.9409730e-01   1.0336010e+00   3.7484335e-02  -8.2704221e-01  -2.4825098e-01   1.7110075e-01
   1.3726445e+01  -1.1264764e+01  -7.1456765e+00   3.2867807e+00  -3.0907094e+00  -3.6687802e-01   7.4407573e+00   3.6575451e+00  -3.7170332e-01   1.7010864e+00   1.0180997e+00  -1.3327320e-01   6.1164222e+00   2.5332857e+00   1.1683176e+00   7.7016645e+00   4.0039257e+00   1.3404101e+00   4.6256913e+00   3.6203421e+00   1.3751672e+00   6.5075032e-01   4.7113275e-01   3.8256729e-01
   1.2130347e+01  -7.1229195e+00  -3.2978692e+00   2.9054248e+00  -2.0960941e+00   1.6059721e+00   9.1214938e+00   5.0568533e+00   4.2628055e-01   1.7784363e+00   1.7755628e+00   3.0947295e-01   1.5739863e+00   7.0498436e+00   2.1216811e+00   3.8534275e+00   3.7937584e+00   1.3619636e+00   2.7097842e+00   2.8906441e+00   2.9485591e-01  -7.8243449e-01   3.2686781e-01   4.2676427e-01
   1.8287552e+01  -9.4152105e+00  -8.9072292e+00   1.1851187e+01  -5.0306191e-01  -1.5644951e+00   1.3449473e+01   7.2272236e+00  -2.7635121e-01   3.2303503e+00   2.2915493e+00   3.6811848e-01  -5.8978153e-01   9.7258118e+00   3.5001963e+00   3.3315403e-01   3.9212852e+00   5.6641126e-01  -1.1223035e+00   2.7025020e+00   2.0109855e+00  -6.0847911e-01  -2.5363414e-02   2.0383551e-01
   1.1010742e+01  -1.5741509e+00  -2.7806376e+00   3.1534480e+00  -7.5476917e-02   3.0334397e-01   7.2206530e+00   5.9647463e+00  -5.8943337e-02  -2.4207975e-01   1.0654706e+00   3.2397248e-01  -1.4079340e+00   9.3313639e+00   4.7667881e+00  -2.7585417e+00   2.4681901e+00   1.5029062e+00  -3.4347392e+00   1.3732289e+00   3.5374568e+00   2.8440434e-01  -4.6889150e-01  -1.9607219e-01
   1.3401575e+01   5.4956908e-01  -2.1539979e+00   3.6625002e+00   1.7809098e+00   1.1340529e+00   6.7077225e+00   7.2573516e+00   2.8873869e+00   1.7986258e+00   1.3351007e+00   1.6523029e-01   1.4507321e+00   7.3450359e+00   4.3812806e+00  -3.6782585e+00   1.3052971e+00   6.8742631e-01  -4.5607888e+00  -4.3693762e-01   3.5417363e+00   1.3286405e+00  -2.1811746e-01  -4.6415570e-01
   1.2461435e+01   1.8917365e+00   4.7569727e-01   2.8619558e+00   4.6420529e-01   2.5110573e+00   7.3402600e+00   7.1016327e+00   4.1505967e+00   2.9209051e+00   1.5504499e+00   1.1680876e-01   8.5836158e+00  -2.5764542e+00  -2.5208068e+00   4.0020123e+00   4.1629240e-01  -1.2923888e+00   6.7563521e-01   4.4812227e-03   2.4682795e+00   3.4978632e+00   7.9169444e-01  -4.0307389e-01
   1.9738304e+01  -1.3060043e-01  -3.9634757e+00   6.4795456e+00   1.1850426e+00  -1.6372123e+00   6.5484859e+00   6.0033739e+00   2.9314832e+00   3.6418187e+00   1.7218835e+00  -2.2453320e-01   3.0459096e+00  -1.4737212e-01  -1.6752601e+00  -6.9819419e-01  -8.4994817e-01  -1.0947114e+00  -1.6182109e+00  -1.7809319e+00   6.5149723e-01   1.4819847e+00   1.5966742e-01  -2.1083622e-01
   2.0717801e+01  -5.0987474e+00  -5.6571089e+00   7.7479437e+00   8.4689527e-01  -2.4960659e-01   8.3137241e+00   6.5984570e+00   3.6214277e+00   4.0831186e+00   2.0596208e+00  -8.5756605e-02   2.2759028e-01   2.6007345e+00   1.5475117e+00  -1.9875971e+00  -2.1942662e+00  -1.7831181e+00  -2.5894647e+00  -1.0019045e+00   1.3463187e+00   1.5111616e+00   2.8795566e-01  -5.0909072e-02
   1.3842256e+01   3.8237529e+00  -1.6004849e+00   1.7221492e-01   3.1464253e-01   8.7231776e-01   3.7936741e+00   4.8375416e+00   4.1292172e+00   3.4404961e+00   1.3200163e+00  -4.9741363e-02  -2.6276839e+00   5.3832688e+00   5.4886146e+00  -2.3637927e+00  -4.0282170e+00  -2.1097857e+00  -1.5357955e+00   1.0530240e+00   2.0755322e+00   1.9093590e+00   6.3040705e-01   5.3037213e-02
   1.5750844e+01   3.8156616e+00   1.6154695e+00   3.0342255e+00  -2.3919940e+00  -1.4183848e+00   4.8334689e+00   6.1816921e+00   5.5712078e+00   5.2883087e+00   2.1833169e+00  -4.6950771e-02  -5.1207865e+00   5.5063865e+00   6.4304222e+00  -1.1249718e+00  -1.1877866e+00  -4.6852411e-01  -2.6590708e+00  -2.3917569e+00  -1.3007825e+00  -1.7329461e-01  -1.0577899e-01   8.2748787e-03
   1.8280257e+01   3.4870982e+00   6.3315698e-01   5.2907156e+00  -3.2378383e+00  -4.2175018e+00   5.9849202e+00   7.7912924e+00   5.0698915e+00   5.9032620e+00   2.6056460e+00  -1.6438030e-01  -2.1520212e+00  -2.7707741e+00   1.4616846e+00   2.9927000e+00   2.2160048e+00   4.1411059e+00   2.6312779e+00  -2.8683664e+00  -3.6484192e+00  -5.4160533e-01   2.7228084e-01  -1.9168318e-02
   1.0817621e+01   3.3291597e+00   2.8717034e+00   3.5012357e+00   8.4145581e-01   1.5925170e+00   3.2294949e+00   1.5339463e+00   1.1999169e+00   2.5917938e+00   1.2581375e+00  -1.6024818e-02  -3.2455877e+00  -1.0589969e+00  -8.7466342e-01  -1.6173717e+00   2.9828054e+00   5.4580631e+00   3.9911804e-01  -4.8543139e+00  -4.6304473e+00  -2.2432838e+00  -5.5959773e-01  -3.5040165e-02
   1.3080836e+01  -8.9157268e-02  -3.6074948e-02   4.4277598e+00   2.0219248e+00   5.5785258e+00   8.5425779e+00   2.8588649e+00   8.4223388e-01   3.9763456e+00   2.1910273e+00  -9.3956817e-02  -2.7835042e+00   1.0050976e+00  -9.5154563e-01  -4.3839742e+00   2.5310387e+00   5.4661184e+00  -1.5919863e+00  -3.9442843e+00  -7.3748333e-01  -6.6322772e-01  -7.5600245e-01  -1.0468374e-01
   1.3482173e+01   4.0152940e+00   6.3809030e-01   1.0396460e+00  -5.4766751e-01   1.8706961e+00   4.1533172e+00   1.3664351e+00   7.3936563e-01   2.8868412e+00   1.5512297e+00  -1.3472276e-01   5.7435792e+00   1.2962414e+00  -3.8128750e+00  -3.2285300e+00   1.7272723e-01   4.1489205e-01  -1.0775948e+00   4.4179955e-01   2.7578573e+00   2.0601859e+00   5.2263045e-01  -8.8008231e-02
   1.2772725e+01   4.6516775e+00   3.2264509e-01  -5.4450748e-02   1.2532815e+00   3.8425863e+00   3.1350297e+00   1.9586216e+00   4.1939421e+00   4.7608967e+00   1.3250962e+00  -2.6205694e-01   8.9991187e+00   9.2545860e-02  -1.6128273e+00  -2.6201329e+00  -1.1829123e-01  -1.1393029e+00  -2.1517308e+00  -9.3758573e-01   6.9425313e-01   6.0182553e-01   4.7683659e-01   1.7785388e-01
   1.9587046e+01   2.9031044e+00  -3.0269691e+00   8.9954600e-01   1.4848683e+00   3.0828248e+00   4.3168767e+00   2.6467673e+00   3.6608487e+00   5.2897971e+00   2.4750487e+00  -6.3987103e-02   5.9226970e+00  -6.6919390e-01  -2.8336972e+00  -1.1506639e+00   8.4332895e-01   3.1358685e-01   8.4255506e-01   8.9640500e-01  -3.6340056e-01  -2.2032836e-01   6.4438990e-01   2.6248946e-01
   2.3527077e+01   6.0575634e-01  -6.2278620e-01   5.6761037e-01   8.2822005e-01   3.2635071e+00   5.2332020e+00   8.1232021e-01   4.2287204e-01   3.6776060e+00   2.4443727e+00   1.3745618e-01   1.9186758e+00   1.3585194e+00  -1.7157658e+00  -1.3666297e+00  -1.1238592e+00  -2.0827036e+00  -5.0514431e-01   1.2842515e-01  -2.9471161e+00  -3.5809283e+00  -7.6425292e-01   2.4253432e-01
   1.6989042e+01   5.0344638e+00  -3.1397399e+00  -9.9738052e-01   9.2985663e-01   2.6306160e+00   4.3680636e+00   3.2841933e+00   2.0797998e+00   3.0979940e+00   1.9581763e+00   5.9254875e-02  -6.1963861e+00   4.0081865e+00   2.4261863e+00  -4.1582646e-01   7.5620702e-02  -5.8679401e-01  -2.1134011e+00  -6.4980251e-01  -1.5703760e+00  -3.2542748e+00  -1.6635281e+00   4.7322855e-03
   1.6949741e+01   5.6237769e+00  -2.1946182e+00  -1.1559320e+00  -1.5500153e-01   9.4463535e-01   2.3517198e+00   1.8325463e+00   5.6379243e-01   4.8540580e-01   4.3715305e-01   4.0123555e-02  -5.9585362e+00   3.1479318e+00   1.4791983e+00   1.2340254e+00   1.7026149e+00   1.4699617e+00  -6.3411999e-01   4.1285032e-01   9.4174190e-01  -1.1510444e-01  -3.9357555e-01  -4.1117982e-02
   1.3581135e+01   6.4063739e+00   1.3982263e+00   1.1375775e+00   2.0899102e+00   3.3620697e+00   2.5875162e+00   1.1619504e+00   1.2348245e+00   2.0044850e+00   9.8336644e-01  -8.2223619e-03  -2.0161494e+00  -1.0840869e+00   1.3713437e+00   1.9488336e+00   2.8796956e+00   3.3932250e+00   1.7412962e+00   8.3051482e-01   1.7803287e+00   1.6679098e+00   6.2990760e-01   2.0943592e-01
   1.6293226e+01   4.6416990e+00  -6.7297180e-01   1.3511695e+00   2.8021157e+00   5.1027228e+00   5.1722957e+00   2.4927171e+00   2.2579726e+00   4.0517038e+00   2.3414143e+00   1.0951783e-01  -1.1231622e+00  -1.9422098e+00  -1.1767040e-01   1.5633646e+00   2.6142592e+00   3.4086966e+00   2.8397285e+00   1.1719841e+00   1.1803289e+00   1.8598333e+00   8.9672447e-01   1.6652432e-01
   1.4293075e+01   3.8993723e+00  -1.8435475e+00   6.7231915e-01   3.7708414e+00   5.6414098e+00   5.5697199e+00   4.1998801e+00   3.9032028e+00   3.8167098e+00   1.9509071e+00   3.3871162e-01   1.6815390e-01  -1.2325529e+00  -1.5062112e+00  -6.4117763e-01  -4.6461261e-01  -1.2130341e-01   1.0697738e+00   3.4232358e-01  -1.5520161e+00  -1.2303748e+00  -1.4466563e-01   1.0934923e-01
   1.4909027e+01   3.9639630e+00  -7.5023683e-01   1.4217441e+00   2.9259216e+00   4.9180102e+00   5.1202106e+00   2.0715577e+00   1.0000967e+00   2.3690433e+00   1.2984694e+00   1.1644305e-01   4.8989820e+00  -9.2440209e-01  -1.3760345e+00   1.2160531e+00  -1.2552418e+00  -1.7564730e+00   6.2778619e-01  -1.1235130e+00  -3.6820814e+00  -2.1220595e+00  -6.8163263e-01  -3.6019889e-01
   1.4525465e+01   4.8964126e+00  -8.2245795e-01   1.4052373e-01   1.3310883e+00   3.2724709e+00   4.2182195e+00   1.8860155e+00  -4.6426169e-01   1.0002531e+00   1.2878404e+00   1.5233887e-01   3.5306432e+00   1.1047963e+00   1.0084423e+00   1.4355826e+00  -1.8444116e-01  -2.8548095e-01  -1.1568391e-01  -1.8945559e+00  -2.8605134e+00  -1.3444197e+00  -4.6716205e-01  -4.0301824e-01
   2.3525504e+01   2.7565758e+00  -3.2475683e+00   3.4411469e+00   2.1391295e+00   3.6524828e+00   6.7897252e+00   1.9643799e+00  -1.0814172e+00   2.2768430e+00   1.6504986e+00  -3.3759414e-01   1.4115885e+00   1.9559572e+00   8.1553864e-01   9.8025492e-01   2.1733260e+00   1.6105892e+00  -9.6581085e-02  -2.1036348e-01   6.1536051e-01   2.0713500e-01  -2.4788443e-01  -2.3966004e-01
   1.5280801e+01   6.1602604e+00   9.1778164e-01   1.8159917e+00   3.8875757e+00   5.8459520e+00   4.5614368e+00   1.4116351e+00   6.5318959e-01   1.8461804e+00   1.0741494e+00  -3.8797156e-02  -4.7213836e+00   8.5266435e-01   2.9962673e+00   2.3121620e+00   3.8614498e+00   2.5950320e+00  -1.0665395e+00  -1.0539451e+00   7.5855265e-01  -2.1009820e-02  -4.9243694e-01  -5.4192052e-02
   1.6648742e+01   6.2659749e+00  -3.9704867e-01   2.0543925e+00   4.9076669e+00   6.0471534e+00   4.8037304e+00   1.9932027e+00   1.3644118e+00   2.2567821e+00   1.0334883e+00  -1.4747900e-01  -9.9910978e+00   1.1544717e+00   4.2072519e+00   3.1772632e-01   2.0895933e+00   1.2917273e+00  -2.9865091e+00  -1.8604233e+00   3.3216323e-01  -9.4914580e-01  -7.4585490e-01   2.2163887e-01
   1.0881771e+01   4.4207095e+00   2.2466832e+00   4.3021439e+00   5.7389943e+00   5.9676836e+00   3.6114077e+00   2.9068646e-01  -5.4934721e-01   9.7876874e-01   8.5769020e-01  -2.4006771e-02  -4.8087188e+00  -2.3870796e-01   2.4178015e+00   5.7490539e-01  -3.9835368e-01  -3.8472518e-01  -1.3322374e+00  -2.3967575e+00  -2.8253139e+00  -2.2243838e+00  -5.9605050e-01   2.1694548e-01
   1.0738373e+01   5.3580588e+00   2.3988588e+00   2.6746603e+00   4.3478102e+00   5.5292079e+00   2.7849760e+00  -2.6578069e-01   1.8096038e-02   1.2868301e+00   6.3994591e-01  -1.2531030e-02   4.6573864e+00  -8.2026983e-01  -1.8649337e+00   1.3774568e+00  -4.7205961e-01  -1.8815902e+00   6.7114717e-01  -6.8824904e-01  -2.4588688e+00  -6.1475166e-01   3.6110203e-01   1.3969340e-01
   1.1022908e+01   6.2561565e+00   3.1465302e+00   2.3682159e+00   3.5699735e+00   5.5278370e+00   3.5724579e+00  -1.0540095e+00  -2.9116235e+00  -1.0054192e+00   3.7684485e-01   2.1914707e-01   1.1193177e+01  -2.9810618e-01  -5.0001541e+00   4.6572788e-01  -6.1924966e-01  -7.6703362e-01   2.6370919e+00   1.6552371e+00   3.9494783e-02   1.5941493e+00   1.3110208e+00   6.4737902e-02
   2.3564253e+01   4.1178467e+00  -3.6443727e+00   5.0875418e+00   5.2840878e+00   3.4446914e+00   5.8299260e+00   1.6331771e+00  -1.1427532e+00   2.3267486e+00   1.8155640e+00  -5.9515820e-02   2.8247734e+00  -1.3689333e+00  -1.3509842e+00   2.3327243e+00   1.1350071e+00  -8.1480223e-01   6.1735210e-01   2.0103510e+00   1.5313287e+00   1.2590042e+00   7.8240425e-01   7.4491875e-02
   2.1258596e+01   4.5936563e+00  -2.2319321e+00   3.7942950e+00   4.3419810e+00   5.8593915e+00   6.0445705e+00   1.8240632e+00   9.0319606e-02   2.8500334e+00   2.2364123e+00   9.6592478e-02  -1.0370316e-03  -4.3956286e-01   1.3773852e-01   1.5855012e+00   7.1623735e-01  -1.2198391e+00  -1.1872190e+00   3.6372167e-01   1.2543042e+00   1.4062576e+00   6.4757987e-01  -3.9230261e-02
   9.8576884e+00   4.1359089e+00   3.0616136e+00   5.4607072e+00   5.6643170e+00   4.1412273e+00   2.4749478e+00   1.3107094e+00   8.1411761e-01   1.2476101e+00   8.8376854e-01   1.6048408e-01  -8.3006653e+00   1.5015865e+00   5.7561272e+00   2.4579581e-02  -2.4817188e+00  -3.4206566e+00  -4.8713415e+00  -2.1786331e+00   1.0478571e-01  -3.1309402e-01  -2.0310231e-01   1.1609936e-01
   1.7874635e+01   5.5877811e+00   1.4483296e-04   4.5598849e+00   4.4542150e+00   3.3498104e+00   3.4691185e+00  -3.4719314e-01  -2.0086026e+00   1.6435365e+00   1.8141124e+00   5.0301731e-02  -1.4123068e+00   1.8432766e+00   1.0517508e+00  -2.8255367e+00  -2.1465504e+00  -1.3663799e+00  -2.5261916e+00  -2.9958728e+00  -5.3087307e-01   6.2711705e-01  -3.2813493e-01  -2.4133095e-01
   1.2805236e+01   5.8731640e+00   3.8737796e+00   4.7416162e+00   1.5053927e+00  -4.3150299e-01  -1.8936018e-01  -5.4914435e-01   6.3886436e-02   2.4603561e+00   1.7220605e+00   1.3777859e-01   5.7217021e+00   7.1641503e-01  -3.5974443e+00  -3.1055212e+00  -3.5518951e-01   1.9123621e+00   9.7408188e-01  -8.6169881e-01   2.2039576e-01   1.2160663e+00   1.1481849e-01  -2.7786535e-01
   1.7666362e+01   6.4899436e+00  -1.0603889e+00  -8.4464547e-02   3.2016176e+00   6.0961869e+00   3.5874371e+00  -1.7398191e+00  -3.3087442e-01   3.1843360e+00   1.3250640e+00  -2.5405120e-01  -1.0697612e-01  -1.9628901e-01  -1.8102069e+00  -2.3982349e+00   2.1605770e+00   4.6678815e+00   1.6436003e+00   4.3763817e-01   1.2701719e+00   1.0156014e-01  -6.9499651e-01  -2.3580775e-01
   1.8544378e+01   4.7594502e+00  -1.8042859e+00   3.1246001e+00   5.7578314e+00   5.6365823e+00   3.8769113e+00   7.1447418e-01   3.0584715e-01   2.3013098e+00   1.3005205e+00  -1.0413748e-01   2.1451484e+00  -8.0944691e-01  -3.5077079e+00  -2.2412364e+00   2.9176337e+00   4.4438011e+00   1.8605080e+00  -2.1651647e-01  -6.7258255e-01  -1.0097736e+00  -4.2546292e-01  -3.7620957e-02
   1.4844600e+01   5.8502045e+00   1.2386721e-01   1.7710406e+00   5.5688610e+00   7.3175899e+00   3.9013832e+00  -3.2254516e-01  -2.2432518e-01   1.8753998e+00   9.8238765e-01  -1.8245186e-01  -3.0297348e+00  -1.1097514e+00   4.6222857e-01   4.2695351e-01   3.7532109e-01  -1.4680229e+00  -2.4484440e+00  -1.2477422e+00  -1.6464255e+00  -2.0121578e+00  -2.6911550e-01   3.0455365e-01
   1.7433840e+01   4.9788632e+00  -1.9799104e+00   4.5200904e-01   4.6982215e+00   5.6234972e+00   2.4444287e+00  -1.5825560e+00  -9.9826201e-01   1.6001637e+00   1.2552043e+00   4.5547487e-02  -4.8562023e+00  -5.9868564e-01   8.8421124e-01  -1.8137370e+00  -1.7756300e+00  -1.4763597e+00  -3.4331097e+00  -3.4778969e+00  -2.1216651e+00  -1.4142471e+00  -3.7981913e-01   2.5921825e-01
   1.3677029e+01   4.7156101e+00  -2.7923385e-01   1.8922613e+00   4.2944042e+00   3.9006951e+00   6.3101240e-01  -2.4629173e+00  -2.1484580e+00   5.1667242e-01   9.4404881e-01   1.2793679e-01  -2.6045036e-01  -6.4703272e-01  -9.1840590e-02   7.1255632e-01   5.2971584e-02  -9.9866393e-01  -1.2863543e+00  -8.5449426e-01  -9.1892338e-01  -8.4734482e-01  -3.3063237e-01   8.8260279e-02
   1.1843860e+01   4.4287190e+00  -2.7641854e-01   3.4338425e-01   3.7316148e+00   5.1304902e+00   3.6243214e-01  -3.4321851e+00  -1.9145840e+00   8.5930282e-01   7.4996121e-01   1.2949558e-01   1.5685085e+00   6.5750880e-01  -1.7138501e-01   1.1966767e+00   2.0070833e+00   1.6815458e+00   1.3528143e+00   1.2933464e+00   7.2355261e-01   1.6749060e-01  -2.3793452e-01  -1.2168622e-01
   1.7248914e+01   5.1547275e+00  -8.6563960e-01   2.8941875e+00   6.1316217e+00   6.0660975e+00   3.0128501e+00  -6.7947201e-01  -1.1445492e+00   9.7481303e-01   7.3906064e-01  -9.2035485e-02   6.0790364e+00   7.8972425e-01  -1.5332487e+00   1.0616902e+00   3.6075542e+00   3.5021859e+00   2.8785068e+00   1.8279822e+00   7.4735577e-01  -6.7807060e-02  -2.6177450e-01  -2.5099000e-01
   1.8000660e+01   5.7455676e+00  -1.9437850e+00   1.7460610e+00   6.7902377e+00   7.0631146e+00   3.2827313e+00  -5.3425907e-01  -4.1488749e-01   1.6223293e+00   1.0007966e+00  -2.6995713e-02   3.6646607e+00   8.0726279e-01  -1.1192484e+00   6.3940051e-01   2.3479327e+00   1.7720808e+00   1.6680360e+00   9.6196369e-01  -1.8398367e-01  -9.0828937e-01  -5.9749207e-01  -2.3894905e-01
   1.9717183e+01   5.2417721e+00  -1.7454237e+00   2.7834582e+00   8.1764240e+00   8.1876618e+00   3.4886230e+00  -1.1699071e+00  -1.7772727e+00   3.3448601e-02   4.2596938e-01  -1.7030256e-01  -2.8258939e-01  -1.1061745e+00  -9.3367926e-01  -6.4165546e-01  -7.5908742e-01  -5.5834206e-01  -5.2725948e-01  -8.0676634e-01  -1.5256209e+00  -1.4190656e+00  -6.4831928e-01   7.0335927e-03
   1.6106717e+01   5.5960909e+00  -1.5153991e+00   1.3578496e+00   6.2311128e+00   6.7278293e+00   2.6265996e+00  -1.7440220e+00  -1.8741978e+00  -3.2449020e-02   1.0268737e-02  -1.8979446e-01  -2.7752299e+00   8.0685604e-02   1.6174735e+00   3.0200185e-01  -2.0332282e+00  -2.3401684e+00  -6.9704925e-01   7.8540837e-01  -4.5453382e-01  -1.7322400e+00  -9.9913691e-01  -8.3922921e-03
   1.7772002e+01   3.5702042e+00  -2.4803515e+00   2.1258100e+00   5.2725531e+00   5.3962271e+00   2.5500267e+00  -1.2847400e+00  -2.7033255e+00  -3.2639628e-01   2.6184566e-01  -8.5720336e-05  -1.5514270e+00   3.4363522e-01   2.0713393e+00   2.1171364e+00  -5.5938063e-01  -1.1933950e+00   6.5171894e-01   1.6223934e+00   7.6246763e-01   3.1930192e-01  -5.2650201e-02  -6.9943607e-02
   1.4810406e+01   6.7023800e+00   8.4988909e-01   2.5278879e+00   5.1923309e+00   4.9485794e+00   2.7064556e+00   7.0126996e-01  -6.3366183e-01  -7.9610822e-01  -4.1584692e-01  -1.2469257e-01   5.6261864e+00  -3.6531415e-01   8.1503897e-01   4.6652849e+00   7.7767480e-01   7.0670401e-01   3.7465880e+00   1.2366014e+00   5.9903033e-01   1.6625029e+00   1.0923736e+00  -3.1834934e-01
   1.8038198e+01   5.2040804e+00   1.7894121e-01   5.3741437e+00   7.8567440e+00   7.2871943e+00   4.4262735e+00   4.1037011e-02  -1.2538392e+00   8.9423108e-01   5.6005190e-01  -3.0776892e-01   9.6052729e-03   2.5689215e+00   3.2391116e+00   1.2889961e+00  -7.6043346e-01  -1.0173020e-01   2.1912159e-01  -1.0383271e+00   1.0075336e+00   1.9226552e+00   8.3297784e-01  -2.0864120e-01
   2.4412898e+01   4.2311815e+00  -1.6224869e+00   6.7316101e+00   6.1055295e+00   6.8424017e+00   7.3083582e+00  -5.5200845e-01  -1.7003954e+00   1.8509917e+00   1.4997260e+00  -5.1347687e-01  -1.2317831e+00   9.8316777e-01   7.6610647e-01  -1.4056415e+00  -8.4015239e-01   1.3580322e+00   5.7410838e-01  -1.3884021e+00  -1.0108619e+00   6.2986347e-02  -1.4192338e-01  -2.6670838e-01
   1.2985164e+01   8.6591856e+00   3.6145040e+00   1.9574431e+00   3.6753036e+00   4.2967206e+00   5.7775779e-01  -2.2155915e+00  -6.5865820e-01   1.2340365e+00   5.5352596e-01  -1.1865537e-01  -1.2913671e+00   6.3937671e-01  -7.5579466e-01  -2.3093618e+00  -8.9682118e-01  -2.7807622e-02   1.1318148e-01   4.6769865e-01  -4.4115853e-01  -1.7411288e+00  -1.4316243e+00  -4.1401425e-01
   1.5489248e+01   6.4495790e+00   2.8126739e-01   2.1277760e+00   6.0228225e+00   8.4808645e+00   5.4918760e+00  -2.5301897e-01  -2.4475453e+00  -8.7153143e-01  -6.2546902e-01  -6.1931191e-01  -2.5376473e+00   7.1081168e-01  -9.2915604e-01  -1.9066140e+00   1.5344635e+00   8.0474961e-01  -4.6610257e-01   2.4210121e+00   7.4726720e-01  -1.6429118e+00  -1.3249633e+00  -2.0206555e-01
   2.0562973e+01   5.0539467e+00  -1.9066279e+00   4.2120180e+00   6.5528657e+00   6.4262515e+00   5.5042868e+00   5.9309024e-01  -1.5420021e+00  -3.5620058e-01  -5.2478699e-01  -8.7587277e-01   5.3154904e-01  -1.1431345e+00  -1.2367554e+00   1.0621459e+00   2.1877746e+00   1.4400054e+00   1.3839304e+00   1.5741454e+00   4.4508268e-01  -1.0437585e-01   2.1003579e-01   7.7060977e-02
   1.6817523e+01   7.1000185e+00  -2.5565503e-01   2.7444017e+00   6.9684438e+00   6.9847607e+00   4.1459399e+00   1.6751688e+00  -1.3782270e-01   1.8174254e-01   5.1437512e-02  -4.3796650e-01  -4.0737697e+00   7.0152430e-01   2.8755164e+00   9.2381284e-01   6.0487921e-01  -8.6904519e-01  -2.4745288e+00  -7.6055626e-01   1.0485944e+00   1.0638125e+00   1.0082664e+00   5.9676577e-01
   1.3118350e+01   6.6192641e+00   2.0278322e+00   3.2423490e+00   6.4841548e+00   7.2047807e+00   3.3266214e+00  -8.1846726e-01  -1.1458955e+00   5.5083578e-01   5.3012638e-01  -9.3736611e-02   7.8537348e-01  -7.4759802e-01   1.2940803e+00   2.3523966e+00   6.5122631e-01   3.6142730e-01  -1.0483976e+00  -2.7815610e+00  -2.8764200e+00  -2.2610593e-02   9.2121630e-01   4.6741845e-01
   1.3100905e+01   6.7192068e+00   2.6273119e+00   3.9983297e+00   6.9644968e+00   6.7880321e+00   2.8689155e+00  -6.8807460e-01  -1.0727069e+00   2.7066908e-01   3.5947393e-01  -1.1523134e-01   7.8654666e-01  -1.3562560e+00   1.0754563e+00   3.3943869e+00   1.5098654e+00  -4.0056147e-01  -2.1014181e+00  -3.7232692e+00  -3.1835254e+00  -1.2691134e+00  -3.3050311e-01   1.3677874e-01
   2.3599342e+01   4.1229555e+00  -1.4069909e+00   7.1136488e+00   7.5316786e+00   7.0667567e+00   4.5702026e+00  -2.3976296e+00  -5.3891900e+00  -4.3457974e-01   7.0301924e-01  -3.3611268e-01   2.8788925e+00   2.1772194e-01  -6.2008555e-01   1.5717860e+00   1.8025278e+00  -2.9047654e-01  -2.2598835e+00  -2.5246656e+00  -2.4634434e+00  -1.6400709e+00  -5.1265431e-01   7.1918095e-02
   1.2756847e+01   6.3137888e+00   3.0749410e+00   5.9003322e+00   8.7094799e+00   6.4529305e+00   3.7202222e-01  -3.1201539e+00  -2.7914636e+00  -1.2292197e+00  -5.3076358e-01  -1.1161036e-01   2.9903356e+00   1.4731087e+00  -1.9426437e+00  -3.6018566e-01   1.8511678e+00  -8.5511531e-02  -1.3006061e+00  -8.0909658e-02  -3.8477356e-01  -1.2831733e+00  -5.0353475e-01   1.5333476e-01
   1.7608718e+01   7.1485560e+00   8.7388927e-01   4.6490268e+00   8.3154549e+00   6.9366167e+00   1.1852429e+00  -3.3894260e+00  -3.9816822e+00  -1.1593261e+00   2.0626368e-01   1.2330044e-02  -2.6461328e+00   2.3400499e+00   5.1769932e-01  -2.3204780e+00   4.7868824e-01   4.0875796e-01  -2.2556515e-02   2.9820929e+00   3.5082840e+00   1.1801450e-01  -6.1748912e-01   4.1195392e-02
   2.0581720e+01   7.4160696e+00  -1.4270938e+00   4.6903623e+00   9.3493603e+00   6.7248348e+00   2.6104863e+00  -3.1354084e-01  -2.3536212e+00  -1.2917177e+00  -1.4745041e-01  -5.9450557e-02  -5.2913887e-01   2.5231317e-01   2.4013204e-02  -1.4405554e+00  -1.1463575e+00   1.0566968e+00   3.0255449e+00   3.3099659e+00   2.3972221e+00   1.0418512e+00  -6.5737714e-02  -2.4756561e-01
   1.5717706e+01   7.0818900e+00   1.6205755e+00   4.2379167e+00   7.9297708e+00   7.5439415e+00   3.4171358e+00   6.7220321e-01  -3.4568521e-01  -2.2630899e-01  -4.1487103e-01  -3.0039949e-01  -4.3220509e+00  -6.7920279e-01   1.9452957e+00  -9.8990396e-01  -2.5940352e+00  -8.9910819e-01   6.3424133e-01   1.3849410e+00   2.0427085e+00   1.2371215e+00  -3.2492085e-02  -1.8860435e-01
   1.2908645e+01   6.7255916e+00   2.7376177e+00   3.9450541e+00   7.1827857e+00   7.7343133e+00   3.7943932e+00  -1.8601960e-01  -1.0136288e+00  -1.3295144e-01  -3.1880280e-01  -3.2659400e-01  -1.9511947e+00   4.2704602e-01   2.3127540e+00   3.6846284e-01  -1.6345489e+00  -1.2460902e+00  -1.4019969e+00  -1.7753249e+00  -4.8649212e-01   7.1662661e-01   2.7245280e-01  -2.8751555e-01
   1.4962179e+01   6.4749908e+00   1.7094770e+00   3.5368249e+00   5.5076894e+00   5.0832151e+00   1.5446514e+00  -1.3757751e+00  -1.5876156e+00   1.1697301e-01   2.4320175e-01  -1.3700476e-01   1.8349903e+00   8.1195581e-01   5.9647503e-01   2.2485453e+00   1.2257804e+00  -1.2705766e+00  -2.1563130e+00  -2.1949187e+00  -1.6435670e+00  -6.7385785e-01  -3.4077311e-01  -2.9860758e-01
   1.8032691e+01   8.3600882e+00   1.9975864e+00   5.5936024e+00   8.1085776e+00   6.0860627e+00   1.4437332e+00  -1.9525391e+00  -2.4623942e+00  -3.8841882e-01  -6.7807602e-02  -5.7242124e-01   3.3362168e+00   1.0771976e+00   4.9954376e-01   2.4038424e+00   1.7072120e+00   5.6762808e-01   1.5505430e-01  -1.4017893e+00  -2.6623077e+00  -1.2721367e+00  -1.3282060e-01  -2.1484014e-01
   1.5908168e+01   7.4825754e+00   2.8853036e+00   6.7864605e+00   9.3055455e+00   6.4622019e+00   1.3579962e+00  -1.7369151e+00  -2.0866530e+00  -1.1093621e+00  -1.0515283e+00  -6.2539724e-01   1.0084559e+00   7.7734129e-01   3.5957670e-01   7.4156871e-01   1.4298384e+00   1.7584585e+00   1.4467766e+00  -1.5633133e-01  -1.6384647e+00  -1.2198690e+00  -1.0238121e-01  -5.7599901e-03
   1.7439976e+01   7.8375957e+00   2.8990200e+00   5.9259999e+00   7.8446756e+00   7.8962621e+00   4.1203022e+00  -2.1081337e+00  -4.7575716e+00  -1.4279890e+00   1.2933132e-01  -4.0465798e-01  -1.9598795e+00  -2.4761187e-01  -3.3145965e-02  -1.5487942e+00  -6.5449026e-01   4.6114928e-01   5.1746332e-01   2.2660112e-01  -2.8847712e-01  -6.5951140e-01   3.1073288e-02   3.0710870e-01
   1.6771221e+01   7.9022490e+00   1.7981252e+00   4.4829792e+00   7.7843980e+00   6.8158033e+00   2.3765318e+00  -1.5324748e+00  -2.8977239e+00  -1.1930455e+00  -8.9395282e-03  -2.2952638e-01   1.1981818e-02  -7.5030852e-01  -8.3605178e-01  -2.6147838e+00  -2.9554727e+00  -1.3600502e+00  -1.0002571e+00  -8.6057202e-01   2.7151045e-01   5.9033562e-01   5.6306656e-01   1.7384392e-01
   1.4661346e+01   7.7788336e+00   2.4914567e+00   4.4221517e+00   7.8874160e+00   6.6009859e+00   1.7106604e+00  -1.7148575e+00  -2.4895744e+00  -1.3358442e+00  -5.4249205e-01  -3.0969362e-01  -2.2849486e+00  -4.5675922e-01   8.7960786e-01  -1.4190156e+00  -3.2484036e+00  -2.7094808e+00  -1.2656085e+00   7.4717808e-01   1.9276333e+00   8.7492227e-01  -4.4668042e-02   5.2163710e-02
   1.7315456e+01   6.3864937e+00   1.8350076e+00   3.6162088e+00   4.8509663e+00   5.0697646e+00   1.0624315e+00  -3.2244112e+00  -2.8133859e+00  -2.6993101e-01   1.2898323e-01  -4.1211354e-01  -3.6434930e+00  -7.9979865e-01   2.7218999e+00   1.0403996e+00  -2.2446601e+00  -1.5303812e+00   9.0798925e-01   1.3640397e+00   5.0977456e-01   8.7709016e-02  -5.2394320e-02   1.3202013e-01
   1.3740435e+01   7.9103345e+00   4.1999906e+00   4.2308617e+00   4.4387861e+00   4.7050602e+00   2.8789396e+00  -1.4139835e-01  -1.9082906e+00  -5.7716279e-01  -6.6321199e-03  -2.3511883e-01  -2.4480176e+00   1.2188878e-01   2.5696493e+00   4.0663206e-01  -2.2991945e+00  -1.2860499e+00   1.2385817e+00   1.0020836e+00   3.3660100e-02   6.2517809e-01   7.2727991e-01   2.4774402e-01
   1.1766437e+01   6.6368005e+00   5.0267081e+00   6.1392236e+00   6.1417228e+00   5.4681943e+00   3.1543761e+00  -2.7314484e-01  -2.4237040e+00  -1.4408227e+00  -3.5546097e-01  -6.8783573e-02  -2.3984009e+00   4.2208340e-01   1.0936441e+00   8.1404503e-01   2.2035203e-01  -1.2177988e+00   2.4376206e-01   1.6820788e+00   3.0973331e-01  -7.0620629e-01   2.3071417e-02   3.5671737e-01
   1.3763829e+01   7.8365134e+00   4.7500804e+00   3.7705924e+00   3.7932461e+00   4.4726962e+00   2.5225606e+00  -1.6873652e+00  -2.6339253e+00   1.8736876e-01   7.9064992e-01  -1.0974257e-01   6.8859782e-01  -6.1829984e-01  -4.3331864e-01   1.0579765e+00   6.0306946e-01  -9.2342301e-01  -2.2040460e-01   1.5290101e-01  -9.2429955e-01  -1.2012217e+00  -6.5467114e-02   2.0361403e-01
   1.3706158e+01   7.0565294e+00   3.2004289e+00   5.0674111e+00   5.5042644e+00   3.3592485e+00   1.6062641e+00   7.1690398e-02  -1.9859686e+00  -1.7115062e+00  -2.3505066e-01   6.0274381e-02   4.2297588e-01  -7.5884430e-02  -9.7846387e-01  -8.3434005e-01  -2.0104739e+00  -3.2793705e+00  -1.4996948e+00   7.8006210e-01   6.2676437e-03  -1.1572261e+00  -3.1485617e-01   7.4427345e-02
   1.3803472e+01   6.7730204e+00   4.4631523e+00   6.3537328e+00   5.6621195e+00   4.3743986e+00   3.3223887e+00  -8.4464453e-02  -3.5136076e+00  -2.2436536e+00  -1.6503795e-01   5.7732283e-03   9.1562701e-01  -6.6553382e-01   1.4911856e+00   3.0466888e+00  -1.8697568e+00  -2.8654216e+00   2.0338889e+00   2.5541899e+00  -2.0534319e+00  -2.8444080e+00  -3.5386254e-01   1.4412431e-01
   1.2381079e+01   7.0547204e+00   3.7024764e+00   3.5961434e+00   2.1915752e+00   5.9828740e-01   5.0491990e-01   9.5497918e-02  -1.9744614e+00  -1.9611506e+00  -3.4990130e-01  -1.4900457e-02   5.6015081e+00  -2.9715373e+00   3.0155935e+00   6.4606566e+00  -2.3775788e+00  -2.5435990e+00   5.8813448e+00   3.3064597e+00  -3.9360731e+00  -2.5041573e+00   4.0199454e-01   1.3675337e-01
   1.5799808e+01   6.8391171e+00   6.7358350e+00   9.0762594e+00   2.6449554e+00   1.5550444e+00   6.1240661e+00   2.1320159e+00  -5.7198268e+00  -3.9544210e+00   3.1728142e-01   1.4403131e-01  -1.4983448e-01  -1.6711804e+00   1.2347164e+00   6.0763445e-01  -3.4728142e+00  -2.8677732e+00   1.3066037e+00   2.2019566e+00   9.5267753e-01   5.1431393e-01   1.5989773e-01   3.2716700e-02
   2.1110251e+01   2.5661751e+00   6.5874778e+00   1.3397133e+01   3.4464782e+00   9.5352716e-01   9.0274427e+00   3.9231398e+00  -6.7869687e+00  -4.6123585e+00   1.2678146e-01   1.9627539e-01  -6.5339288e-01  -1.3837403e+00  -3.1526067e-01   1.5486952e+00   9.5379639e-01  -3.2056320e-02   1.1507715e+00   1.3153048e+00   8.0652453e-01   1.2488170e+00   1.0025724e+00   2.4290949e-01
   9.2141337e+00   6.5105225e+00   4.8727262e+00   2.3646898e+00  -1.7455332e-01  -1.0488109e-01   1.0210328e+00   1.3046495e+00   3.2166241e-01  -1.4657878e-01  -1.6353274e-01  -5.0739646e-02   1.2069935e+00  -1.5630613e+00  -2.9756861e+00   1.9159060e+00   2.3945419e+00  -6.4954591e-01   2.7691772e-01   2.3055779e-01  -5.0580287e-01   9.9623013e-01   1.2589870e+00   2.6455842e-01
   1.4693827e+01   5.1434073e+00   4.1611398e+00   9.2749709e+00   5.0320242e+00   1.3801657e+00   4.7825937e+00   2.4821382e+00  -3.7854192e+00  -1.9918463e+00   1.3943644e+00   4.4684925e-01  -7.9670082e-01   8.8026937e-01  -1.4242216e+00   1.5590726e+00   2.7907086e+00   3.8439015e-01   9.4126889e-02   2.1592804e-01  -9.2394263e-01  -6.1524302e-01   5.2879731e-01   1.1143065e-01
   2.0818511e+01   3.2059091e+00   3.4854749e+00   1.4011199e+01   5.4439952e+00   3.6740626e-01   8.6618671e+00   3.1983534e+00  -7.9793059e+00  -3.7703319e+00   1.5719705e+00   4.1558201e-01   5.4641746e+00  -1.6031599e+00   4.4892661e-01   8.2983620e+00   3.7402997e+00  -1.1177498e+00   3.9461855e+00   1.9879566e+00  -5.4086397e+00  -3.8517160e+00   2.4181665e-01   2.6968504e-01
   1.4113011e+01   5.5388858e+00   5.1447711e+00   9.9124868e+00   4.8232669e+00   1.2939687e+00   5.3482159e+00   3.3001800e+00  -4.0223985e+00  -3.7233465e+00   5.2225816e-02   1.3026053e-01   4.6971781e+00  -3.7950879e+00  -9.0008818e-02   8.0793825e+00   2.5606265e-02  -1.7920782e+00   3.0956828e+00  -6.1718574e-01  -3.2167284e+00  -2.2772896e+00  -4.9837126e-01  -1.0704389e-01
   1.7700803e+01   3.9080433e+00   5.0543005e+00   1.4493475e+01   5.5402748e+00  -1.7384074e+00   6.6574999e+00   3.8775635e+00  -7.6728074e+00  -5.0584027e+00   8.7026155e-01   5.1208227e-01  -4.5808603e+00  -1.4035401e+00  -6.8095168e-02  -1.6468083e+00  -9.6781290e-01   9.6775042e-01  -1.9897514e+00  -1.9166620e+00   2.6229873e+00   1.2660819e+00  -7.7200806e-01  -2.8925982e-01
   2.3298448e+01  -9.0029169e-01   3.2417137e+00   2.1152907e+01   5.0222938e+00  -2.5504476e-01   1.0428302e+01   1.2167546e+00  -8.7637611e+00  -4.7637453e+00   9.9766203e-01   2.3803328e-01  -1.0355771e-01  -2.0206679e+00   9.9890766e-01   2.3017483e-02  -1.4091928e+00   1.1684451e+00   8.0210479e-01  -8.3422093e-01   7.4038642e-02   1.3931926e+00   8.4754658e-01   1.7807317e-02
   9.3545023e+00   4.3201877e+00   4.3348608e+00   5.9207768e+00   3.8927625e+00   2.5935386e+00   3.1371972e+00   1.3650731e+00  -1.6741437e+00  -1.3510097e+00  -5.8759701e-02  -7.2194089e-02  -1.9171980e+00   6.1102244e-01   1.4022451e+00  -2.2873311e+00  -5.8147107e-01   9.0067668e-01  -4.2101485e-01   9.2548300e-01   1.2352658e+00   9.4985738e-01   6.5278689e-01  -6.9648554e-03
   1.8130825e+01   2.3018118e+00   7.0028524e+00   1.4233362e+01   3.5332338e+00   8.8066343e-01   8.3115244e+00   3.3050938e+00  -6.9106724e+00  -3.4872540e+00   1.7880563e+00   4.4910969e-01  -2.2313895e+00   2.2916898e+00   2.2952696e+00  -1.8047306e-01   2.2477692e+00  -3.6413436e-01  -8.8846309e-01   1.8438783e+00  -1.1977898e+00  -9.8090937e-01   4.5450503e-01   1.3193686e-01
   1.7408818e+01   3.2235252e+00   5.2770987e+00   1.4522251e+01   5.4125982e+00  -9.5524645e-01   7.0843662e+00   4.2216184e+00  -6.7464530e+00  -4.2718623e+00   1.4542447e+00   3.9609678e-01   2.7446020e+00  -1.3502088e+00   2.9726313e+00   7.6279599e+00   2.3877241e+00  -1.1240693e-01   3.3134141e+00  -1.5489754e-01  -5.5276900e+00  -3.5310105e+00  -3.0465811e-02   2.0554707e-01
   1.5924206e+01   3.0855743e+00   6.2134992e+00   1.6581460e+01   7.6340297e+00   9.7314624e-01   7.1220224e+00   2.5542994e+00  -8.0242911e+00  -4.7746830e+00   9.2291735e-01   2.0179313e-01   5.9446287e-01  -3.3243036e+00   3.3729308e-01   3.5618359e+00   1.8486244e+00   2.4468735e+00   3.5383296e+00   3.7340098e-01  -3.4749629e+00  -2.4394843e+00  -5.5420545e-01  -7.6994732e-02
   1.4574715e+01   1.9029933e+00   9.1884844e+00   1.6188668e+01   5.4239507e+00   2.3786868e+00   8.7020694e+00   1.5081240e+00  -9.4088693e+00  -6.0038109e+00   3.2811106e-01   3.5978479e-01  -1.2965271e+00  -3.3288719e+00   8.1045153e-01   7.0279025e-01   7.3731727e-01   5.0747125e+00   4.9646513e+00  -5.9036001e-01  -3.0385276e+00  -1.0019925e+00   3.2853141e-01   1.5477953e-01
   2.0439571e+01  -2.0243776e+00   5.5530992e+00   1.8742907e+01   6.3004942e+00   2.8840071e+00   1.2810167e+01   5.2219424e+00  -1.0791909e+01  -6.2805062e+00   1.5198150e+00   3.5177359e-01  -2.2303063e+00   8.9836991e-01  -5.2254233e-01  -6.6001533e+00  -2.8613377e+00   4.1502822e+00   2.8701086e+00  -8.9820372e-01  -8.5404082e-02   1.0443790e+00   6.7228505e-01   1.8074038e-01
   1.3206344e+01   7.8519337e-01   6.8229760e+00   1.4495712e+01   7.1853418e+00   5.7013919e+00   1.1687271e+01   2.0022568e+00  -9.9204356e+00  -5.0219395e+00   1.6485931e+00   5.5327584e-01  -1.5631529e+00   4.7568146e+00  -2.3656320e+00  -8.6380934e+00  -1.7829058e-01   4.7431439e+00  -1.2126122e+00  -3.7188136e+00   8.5940903e-01   1.9349022e+00   2.6434556e-01  -1.1279693e-01
   1.3262932e+01   4.9920291e+00   6.6124399e+00   7.5277080e+00   2.4613276e+00   5.5372170e+00   9.9345847e+00   9.5992738e-01  -7.8966141e+00  -3.6990503e+00   1.2711039e+00   3.7615817e-01   1.1184438e-01   7.4137290e+00  -3.1220184e+00  -8.7297945e+00  -6.4870043e-01   1.2616676e+00  -4.5288489e+00  -4.8713794e+00   6.2036303e-01   1.5467544e+00   3.7511894e-02  -1.1382000e-01
   1.5818305e+01   5.5300118e+00   5.1103661e+00   8.8391273e+00   7.0760981e+00   8.1667977e+00   8.3209424e+00  -1.9390889e+00  -9.5674030e+00  -4.3921856e+00   8.4898493e-01   1.7839710e-01   3.8014367e+00   2.3592598e+00  -5.9341173e-01  -3.9755368e+00  -3.5517826e+00  -1.8839576e+00  -3.1656702e+00  -3.1148078e+00  -7.8309111e-01   8.3593193e-01   2.7011368e-01  -8.6698004e-02
   1.9301357e+01   6.7238068e+00   1.7263766e+00   8.4765083e+00   5.3820654e+00   3.5438056e+00   7.7000580e+00  -1.1445381e-01  -1.0037880e+01  -4.2752515e+00   1.9758869e+00   3.6848296e-01  -8.1147119e-02  -1.6788097e+00   5.1232003e-01   1.9689041e+00  -2.5733856e+00  -6.1905539e+00  -3.8829069e+00  -4.8057247e-01   8.1144396e-02   5.0796350e-01   4.4209700e-01   5.5521273e-02
   1.5889287e+01   3.4581943e+00   8.3758901e+00   8.0580071e+00   3.9729902e-01   3.8721613e+00   8.0560288e+00  -2.1327642e+00  -1.0024439e+01  -3.4799410e+00   1.7013721e+00   4.2706644e-01   4.6203399e+00  -5.0365755e+00  -2.1504023e+00   9.4121922e+00  -6.3437427e+00  -1.1746612e+01   1.8168693e+00   2.6980880e+00  -1.5872825e+00  -1.9025916e-02   9.6906662e-01   2.5143223e-01
   1.3105720e+01   3.5097232e+00   5.7481579e+00   1.0871624e+01   1.9406487e+00  -1.6012957e+00   4.2426811e+00   3.3590633e-01  -7.5463795e+00  -3.3932273e+00   1.5080558e+00   3.3510541e-01  -2.9227194e+00  -2.8208700e+00   1.9737409e-01   2.3580613e+00  -4.8004469e+00  -5.7686440e+00  -6.1754863e-01   1.0673358e+00   1.8809092e+00   1.0567280e+00  -1.9820988e-01   2.0300572e-02
   2.5846633e+01  -4.1780973e-01  -1.2612803e-01   2.1759858e+01  -7.1880760e-01  -6.8805691e+00   1.2774935e+01   1.8828630e+00  -1.3194077e+01  -4.8617365e+00   2.5365004e+00   5.7223422e-01  -4.7065521e-02   4.8161755e-01  -2.7261476e+00  -2.1085198e-01   1.7956182e+00  -5.4984299e-01  -7.5928564e-01   1.1875237e+00   6.9819967e-01  -5.1002180e-01   1.3149588e-01   1.9451327e-01
   9.9386048e+00   4.4305038e+00   6.2734468e+00   5.1626748e+00  -1.2605516e+00   2.6720473e-01   4.4142820e+00  -5.2126372e-01  -5.6316976e+00  -1.9992617e+00   1.2610079e+00   3.2634993e-01  -1.5218048e+00   2.6534971e+00   6.9143861e-01  -6.2823640e+00   2.4229358e+00   6.5591488e+00   1.8619036e-01  -1.1421198e+00  -1.8402575e-01  -9.2949602e-01  -1.8703519e-01   2.4621665e-01
   1.7402246e+01   3.7202303e+00   4.0240242e+00   1.0596204e+01   4.6913264e+00   2.1131466e+00   6.8312998e+00   7.7106278e-02  -9.9344806e+00  -4.9419565e+00   2.0221399e+00   7.2321409e-01  -4.5311845e+00   2.5772774e+00  -5.3851189e-01  -6.9866777e+00   6.6638778e+00   4.8904202e+00  -6.8713814e+00  -6.6845941e-01   3.3727203e+00  -9.4826793e-01  -1.3411338e+00   8.3190010e-02
   1.5045207e+01   5.4209488e+00   4.7102397e+00   7.0299051e+00   2.8699855e+00   3.7405697e+00   7.4937841e+00  -4.7439505e-01  -9.4522164e+00  -4.7473614e+00   1.4846833e+00   6.2894045e-01   2.6071260e-01  -1.1221757e+00  -1.7756265e+00   2.7886743e+00   4.7564671e+00   1.3579436e-01  -2.8471798e+00  -1.1569225e+00  -2.4462862e-01  -7.6340984e-01  -5.7883378e-01  -7.8416240e-02
   1.6496556e+01   2.9528839e+00  -1.5229234e-01   1.0346226e+01   7.2117406e+00  -1.2816212e+00   9.2811162e-01   8.5673951e-01  -6.2247373e+00  -4.9100886e+00   4.1296193e-01   5.4572397e-01  -1.4812401e+00  -1.3814243e+00   4.1888288e-01   1.9925597e+00  -1.0779827e+00  -2.5648689e+00  -8.5751421e-01   2.4659295e-01  -1.9498892e-01   1.8791095e-01   1.9647505e-03  -1.6407357e-01
   1.0782519e+01   3.1309135e+00   5.6981652e+00   9.4706752e+00   4.6139419e+00   2.1682802e+00   3.0951065e+00  -2.6464641e+00  -7.8535121e+00  -3.1603104e+00   1.1973462e+00   2.9747062e-01  -3.1574326e-03  -2.1323622e+00   2.4542532e+00   3.7003156e+00  -1.9848969e+00  -2.5291631e+00   8.3594549e-01   7.1407512e-01  -3.1277412e-01   7.2918854e-01   6.8106855e-01   3.8086565e-03
   1.7311730e+01   2.7931115e+00   4.1583857e+00   1.2364658e+01   2.2023741e+00  -9.4801207e-01   7.7443674e+00   1.5330302e+00  -1.1026316e+01  -5.4536155e+00   2.1687555e+00   6.4283864e-01  -7.3666820e-01   6.3989006e-01   2.5901312e+00  -1.3108705e+00  -3.9519697e+00   2.8389704e-01   3.1317938e+00   1.1046575e+00   4.4127301e-01   1.0163831e+00   4.3506185e-01  -4.2275784e-02
   1.4632883e+01   2.3022917e+00   6.2362806e+00   1.1571162e+01   2.3973234e+00  -2.1997960e-01   5.3395745e+00   2.5857227e-01  -7.5205882e+00  -3.3818151e+00   1.6283893e+00   5.8609610e-01   5.7163901e+00  -7.6717073e-02  -2.1711425e+00   2.7771650e+00   1.6928837e+00   5.5340877e-02   2.8734354e+00   1.7454725e+00  -1.9689394e+00  -1.3721081e+00   1.5794765e-01  -1.4244472e-02
   1.3466371e+01   4.3270299e+00   3.4638468e+00   7.3296767e+00   2.3920952e+00   3.3835422e-01   4.5035683e+00   1.0612076e+00  -5.7292898e+00  -3.2747616e+00   8.5003317e-01   3.3799756e-01  -1.6919393e-01   1.1366430e+00  -1.8139707e+00  -4.8968633e-01   4.2431105e+00   1.6894055e+00  -2.7541595e+00  -1.4373784e+00   1.6324172e+00   6.9308589e-01  -7.7686372e-01  -3.6946576e-01
   2.1279784e+01   2.2488787e+00   2.7887209e+00   1.6153914e+01   7.0584069e+00   1.6081084e+00   9.0256591e+00   2.0765597e-01  -1.3455434e+01  -6.3078995e+00   2.0936289e+00   4.2852446e-01   2.8301475e+00  -4.1935292e-01  -8.8110558e-01   1.9582861e+00   2.5875542e+00   2.6497592e+00   1.6098051e+00  -1.3784909e+00  -2.4347459e+00  -8.2340493e-01   9.5568544e-02  -3.7405298e-01
   1.3734489e+01   4.5247824e+00   3.1612095e+00   9.3387532e+00   6.2364981e+00   6.7205217e-01   1.7700858e+00  -5.9757929e-01  -5.6102671e+00  -2.9509445e+00   7.7084018e-01   1.6742583e-01  -1.9453947e-01  -1.1187155e+00   2.3696836e+00   2.0919446e+00   1.8616494e+00   3.9310698e+00   1.9280906e+00  -2.6664836e+00  -2.5831524e+00  -1.0807941e-02   4.1400816e-01  -2.3033565e-01
   1.8744046e+01   1.5743860e+00   5.0659408e+00   1.3504053e+01   4.3564532e+00   3.5878102e+00   9.1210233e+00  -9.7977067e-01  -1.1232218e+01  -4.7788310e+00   1.8113386e+00   1.1030249e-01   1.1667452e+00  -4.5678015e+00   3.2441391e+00  -2.1707098e+00  -2.9753222e+00   1.8644930e+00   1.2742366e+00  -5.6485493e-01   1.3931174e+00   2.3482409e+00   5.1010604e-01   1.1464664e-01
   1.4442431e+01   2.9862031e+00   5.8797623e+00   1.1792524e+01   6.5355463e+00   5.2451080e+00   7.3480221e+00  -2.3448044e+00  -1.0715626e+01  -4.0555077e+00   1.6121905e+00   1.5160507e-01   1.0833515e-02  -2.0210865e+00   1.1008032e+00  -1.4823654e+00  -1.3824272e+00   8.5746610e-01   5.8861861e-01  -1.4456665e-01   6.3246997e-01   1.5283802e+00   8.0556537e-01   3.2637546e-01
   2.2675931e+01  -3.8335338e+00   6.2956532e+00   1.1670964e+01   2.4458996e+00   2.1183199e+00   8.1480459e+00   2.3398613e-01  -8.8130786e+00  -2.2332566e+00   2.4381128e+00   6.0840480e-01   9.0742772e-01  -2.0948667e-01  -3.0607498e+00   2.9671233e+00   4.4495506e+00  -8.9904833e-01  -1.8013270e+00  -1.9916304e-01  -1.0970580e+00  -9.0079065e-02   7.7729876e-01   3.2704240e-01
   1.1784797e+01   4.1971126e+00   4.1975582e+00   8.0317499e+00   5.1181341e+00   2.6929965e+00   3.1395025e+00  -1.4213077e+00  -5.8711321e+00  -1.9311615e+00   1.6658011e+00   4.0793786e-01  -2.8127709e-01   2.3719611e+00  -2.4655571e+00   6.8275741e-01   7.1246734e-01  -2.0221132e+00  -3.9654808e-01   1.2032983e+00  -4.0062614e-01  -1.1565546e+00   4.2669536e-02   1.0269737e-01
   2.1434004e+01   6.5470128e-01   1.3159182e+00   1.9835125e+01   1.1739485e+01   3.5152935e+00   8.5232926e+00  -1.7402636e+00  -1.5300053e+01  -5.9761228e+00   2.9504815e+00   4.7269969e-01  -6.2597328e-02   8.7347529e-01  -4.9194993e-01   5.5547411e+00   3.1408391e+00   3.8286433e-01   1.5179090e+00  -1.8500240e-01  -3.0383982e+00  -2.9995878e+00  -1.1350318e+00  -2.1977762e-01
   1.4641478e+01   4.3000271e+00   4.6712941e+00   8.7345791e+00   2.9574544e+00   1.5134514e+00   6.5655766e+00   4.4726791e-01  -8.0730786e+00  -3.9189065e+00   1.4200105e+00   3.7350368e-01   3.3598739e-01  -1.9123656e+00   3.9981904e+00   5.2150239e+00   2.6048204e+00   2.7793893e+00   1.6683289e+00  -2.0903643e+00  -2.4883108e+00  -1.2201034e+00  -9.5490557e-01  -2.3780224e-01
   2.1153694e+01  -2.5747781e+00   5.3208604e+00   1.9651661e+01   8.2374980e+00   3.2823889e+00   8.7118723e+00  -9.7780525e-01  -1.2269703e+01  -5.7387658e+00   8.5846043e-01   2.9595545e-01  -4.5259687e+00   2.5870390e+00   3.1774951e+00  -4.8838048e+00  -2.5975809e+00   1.2089348e+00  -1.9895026e+00  -1.2050529e+00   3.7461478e+00   2.5916916e+00   1.1864791e-01   1.3065365e-01
   1.2428933e+01   2.9433039e+00   8.1923727e+00   1.5946018e+01   1.0776358e+01   6.9785328e+00   5.5477060e+00  -4.9380833e+00  -1.1118773e+01  -3.8799950e+00   1.2794533e+00   1.3960663e-01  -3.4799890e+00   3.0688955e+00   3.2134881e-01  -3.7719154e+00   8.5704318e-01   2.9676742e+00  -2.0191761e+00  -2.0230058e+00   1.9285161e+00   2.1631373e+00   8.8613024e-01   2.8116103e-01
   1.5751324e+01   5.2136214e+00   4.3216216e+00   8.9036985e+00   3.9336619e+00   2.5961551e+00   6.0479740e+00  -8.5516735e-01  -8.1579836e+00  -2.1080411e+00   3.1987319e+00   7.8562870e-01   3.4345220e+00   1.9108857e+00  -4.4507883e+00  -1.8079961e+00  -1.1010082e+00  -3.0675358e-01   3.1437556e+00  -1.2671083e+00  -7.8812131e-01   1.2761981e+00   1.3497180e+00   1.7231038e-01
   1.2122680e+01   5.0091707e+00   5.6529367e+00   8.4506870e+00   6.3949372e+00   6.3080796e+00   4.8687616e+00  -2.6485597e+00  -7.2361639e+00  -2.4895629e+00   1.5790701e+00   5.5040860e-01   5.4811155e+00  -2.4988311e+00  -4.7391883e+00   1.5666501e+00  -4.8677529e-01  -2.3787043e+00   2.1733487e+00   1.8645828e+00  -1.7229308e-01  -5.1297566e-01  -2.4590213e-01  -3.1950593e-02
   2.6458603e+01  -7.4138299e-01  -8.5604139e-02   2.0687332e+01   8.7766962e+00   3.1574851e+00   1.3766978e+01  -4.0232295e+00  -1.5393189e+01  -4.5196847e+00   2.7332291e+00   3.4902004e-01   3.1709223e+00  -6.2631900e+00  -8.3050931e-01   7.2440300e+00   4.4161610e+00   1.1530800e+00   2.6367850e+00   4.5739893e-01  -2.9502658e+00  -2.6749127e+00  -1.6602180e+00  -6.6916309e-01
   1.5296967e+01   2.1725594e+00   3.2872030e+00   1.2404176e+01   7.6246783e+00   3.1298114e+00   4.9482271e+00  -5.5717792e-01  -7.7596100e+00  -3.4436367e+00   1.1433515e+00   3.0998507e-01   3.5120697e+00  -6.0144676e+00   1.3386514e+00   5.8736059e+00   2.5728388e+00   5.7416287e-01   3.7441393e+00   1.2148495e+00  -3.3894905e+00  -2.5842186e+00  -4.8372103e-01  -4.7461242e-01
   1.8920564e+01  -2.7628580e+00   4.2587244e+00   1.7792999e+01   9.9430328e+00   5.9149092e+00   9.9634187e+00  -1.2147598e+00  -1.2321659e+01  -5.6433732e+00   9.2626426e-01  -9.7904174e-02  -8.6143075e+00   1.5678118e+00   4.7205748e+00  -6.6811216e+00  -3.4584051e+00   2.9172904e-01  -4.1986954e+00   9.9898819e-01   4.7361152e+00   1.9449281e+00  -9.2303058e-02  -8.4345128e-02
   2.1159804e+01  -3.0017932e+00   5.4887496e+00   1.8708262e+01   9.6710271e+00   5.7906119e+00   1.2386750e+01  -2.2305203e+00  -1.3856165e+01  -5.8040464e+00   1.7569710e+00   6.1952078e-02   3.4171534e-01   1.3994080e+00   1.6264786e+00  -4.0813555e-01  -1.4115456e+00  -1.3860341e+00  -1.5066075e+00  -1.6582295e+00   4.9049677e-01   2.1349336e+00   1.6541364e+00   3.7265793e-01
   1.0605723e+01   4.1975110e+00   5.8944848e+00   7.5136064e+00   2.5659142e+00   2.2646784e+00   3.7496733e+00  -1.6880761e+00  -5.2407391e+00  -4.2208769e-01   2.2879648e+00   3.4651884e-01   3.3225934e+00   1.5208204e+00   1.7409626e-01   6.6908828e-01  -2.2511755e+00  -2.7149087e+00  -3.7024333e+00  -1.0746680e+00   1.6651699e+00   2.2371281e+00   1.4006127e+00   6.7670432e-01
   1.9966960e+01   7.9148686e-01   4.9090407e+00   1.6931669e+01   9.1959193e+00   2.8758756e+00   5.7951886e+00  -2.8078640e+00  -1.0564325e+01  -2.8518791e+00   2.9437059e+00   6.4676046e-01  -1.2859238e+00   1.7981195e+00   1.4204563e+00   2.1225273e+00   2.5718039e+00   1.5902285e+00  -2.5298512e+00  -7.2139872e-01   7.7529308e-01   3.4747333e-01  -2.2369216e-01   1.5605807e-01
   2.4500876e+01  -2.3782674e+00   4.8097233e+00   1.9684928e+01   6.8038235e+00   3.2999143e+00   7.7055496e+00  -2.5380899e+00  -1.1469824e+01  -3.7637648e+00   2.4338158e+00   6.2474811e-01   2.9729820e+00  -2.3760396e-01  -8.7564933e-01   3.8847935e+00   4.8584892e+00   1.4800848e+00   4.7107821e-01  -1.1468645e-01  -2.6468930e+00  -2.9170436e+00  -1.0540867e+00  -4.6950219e-01
   1.2283342e+01   2.9832752e+00   8.1618148e+00   1.5806393e+01   1.1409778e+01   7.6583368e+00   6.6140352e+00  -2.8876114e+00  -9.5786825e+00  -3.6119979e+00   1.3485072e+00   1.5692455e-01  -4.8957128e+00   3.9094439e+00   1.1631920e+00  -4.8641734e+00  -2.9865725e+00  -1.6154107e+00  -1.8712650e+00   1.4324196e+00   1.6423894e+00  -1.2281743e+00  -1.7940238e+00  -5.5851693e-01
   1.8907005e+01   2.7452109e+00   2.9546237e+00   1.3903435e+01   8.7467185e+00   2.0935750e+00   4.0468673e+00  -1.8202321e+00  -9.7038998e+00  -4.4175937e+00   1.5044340e+00  -1.1281649e-01  -6.2995420e+00   6.1416374e+00   1.1092086e+00  -8.6758795e+00  -5.3776861e+00  -3.9064005e+00  -3.7208337e+00   2.0068230e+00   4.4483655e+00   1.1568405e+00  -9.2674894e-01  -1.9374856e-01
   1.5420326e+01   4.0939136e+00   7.5813785e+00   1.2526156e+01   3.7446131e+00   1.0559292e+00   4.8176322e+00  -1.0181636e+00  -8.9837030e+00  -4.3672261e+00   7.1736108e-01   1.7776737e-01   1.2461813e+00   3.1962284e+00  -5.9653559e-01  -5.2621291e+00  -6.8502311e+00  -4.1384749e+00  -5.8759599e-01   2.3374934e+00   2.3815971e+00   1.5183655e+00   9.3298725e-01   3.8356142e-01
   1.3483071e+01   6.2788694e+00   6.7637544e+00   8.3112272e+00   2.5698770e+00   7.4151737e-01   3.0225007e+00  -4.6257927e-01  -5.0947658e+00  -1.6508899e+00   1.3592655e+00   3.2370386e-01   1.9363749e+00   1.0429030e+00  -1.1517770e+00   1.7540310e+00  -1.0798961e-01  -1.1385414e+00   1.7139381e+00   1.7737792e+00   2.7655593e-01   1.4442523e+00   1.6553630e+00   5.0998874e-01
   1.6864581e+01   6.0107884e+00   5.3624461e+00   1.0709303e+01   4.2228523e+00   2.1266533e+00   6.2448245e+00  -6.0197675e-02  -8.3108539e+00  -2.7178016e+00   2.8205724e+00   5.1400650e-01  -1.8352528e-01   2.1182680e-01  -1.7992768e+00   2.4968506e-02   1.1321182e+00   5.5713779e-01   1.3007969e+00   1.4649786e+00   1.0678058e+00   6.2647851e-01   4.6383645e-01   8.0105649e-02
   2.1089440e+01   3.3511280e+00   2.3364245e+00   1.7442908e+01   8.3456144e+00  -1.4959912e-01   5.9041783e+00   3.6145379e-01  -9.6254905e+00  -3.0759276e+00   2.9358729e+00   4.8404705e-01  -4.8975435e-01  -2.8361727e+00   5.2797102e-01   4.3131298e+00   4.8144376e+00   2.8984872e+00   1.5706795e+00  -1.3456042e+00  -2.8765124e+00  -2.2561993e+00  -9.5895228e-01  -1.6923203e-01
   1.1341854e+01   5.8755245e+00   7.0961282e+00   7.9977681e+00   2.5549217e+00   2.3371941e+00   5.3279888e+00   7.6728776e-01  -5.1166320e+00  -2.7149895e+00   6.2481204e-01   2.1775425e-01   1.8506081e+00  -3.8513198e+00  -2.1897418e+00   8.1475408e+00   5.1702818e+00   1.6943692e+00   2.2713167e+00  -2.1128096e+00  -4.2645346e+00  -1.7015566e+00  -1.6231915e+00  -4.3525150e-01
   1.5509803e+01   2.0922424e+00   6.6888699e+00   1.6136689e+01   1.0625499e+01   4.9839777e+00   5.8369378e+00  -2.8947283e+00  -1.1006645e+01  -5.0365949e+00   1.0187172e+00   2.1798195e-01  -2.9604565e+00  -6.6200636e-02  -1.1419514e+00  -2.9984176e+00  -5.1388859e-01   1.1406194e+00  -1.2853499e+00  -1.0122907e+00   1.7600200e+00   5.2512310e-01  -1.3441494e+00  -1.5636676e-01
   2.2430312e+01   8.6325155e-01  -9.8389274e-02   2.3583723e+01   1.0838333e+01   2.1014187e+00   9.6854199e+00  -1.6013209e+00  -1.4017078e+01  -4.2898028e+00   1.3443630e+00  -5.8381905e-03   6.8289248e-01   1.6796699e+00  -1.1111439e+00  -1.6981668e+00  -9.6863601e-02  -1.6665745e+00  -2.8058425e+00  -1.4910849e-02   2.9762074e+00   2.0708014e+00   6.2615002e-01   1.2114905e-01
   1.1104526e+01   5.7579635e+00   4.2207561e+00   5.1523037e+00   3.4330759e+00   1.6792176e+00   1.7974378e+00   2.7322144e-02  -2.5352373e+00  -1.5008363e+00   5.5987337e-01   3.6129314e-01  -3.8581446e+00   4.9441442e+00   2.9001081e+00  -7.0360712e+00  -4.5109135e+00  -2.8252143e+00  -5.0909006e+00   2.0742570e+00   7.8580935e+00   3.4970345e+00   2.0680974e-01  -7.8776716e-03
   1.4568831e+01   6.5621687e+00   6.6634692e+00   1.0942711e+01   6.0058376e+00   1.4897124e+00   3.1389750e+00  -7.1610375e-01  -4.8880250e+00  -1.3766667e+00   1.7934590e+00   3.2782222e-01  -3.4678242e+00   2.5342385e+00   5.9117812e+00   6.4361019e-01   1.0204372e+00  -2.7183122e+00  -4.0720811e+00   2.4699647e+00   4.6538401e+00   1.3974810e+00   2.3677321e-01  -1.8985291e-01
   1.3653327e+01   6.6590001e+00   7.6581027e+00   1.1903089e+01   6.2753762e+00   1.0520094e+00   1.4738093e+00  -2.2595149e-01  -3.7840318e+00  -1.2476112e+00   1.1043838e+00   3.9335233e-02   7.9622431e+00  -4.8434195e+00  -2.0568704e-01   1.3404833e+01   1.1818406e+00  -4.2705626e+00   5.1606195e+00   1.4965892e+00  -5.9241878e+00  -1.5080811e+00   1.2818768e+00  -2.3534487e-01
   1.5954175e+01   4.2140910e+00   7.0506092e+00   2.1173746e+01   1.0947839e+01  -1.6624455e+00   3.7391125e+00   2.2302629e+00  -6.4119209e+00  -2.3201938e+00   1.4272676e+00  -1.2963861e-01   5.7671749e+00  -6.1746624e+00  -3.2147767e+00   7.2683144e+00  -2.1107143e+00  -2.6861892e+00   7.6024497e+00   9.3931361e-01  -6.1158405e+00  -2.6005693e+00   1.0316591e+00   1.3775489e-01
   2.2355219e+01  -3.3312683e-01   3.7186556e+00   2.0144035e+01   2.7348362e+00  -3.1505473e+00   9.2382983e+00   7.9902263e-01  -1.0659571e+01  -3.2911944e+00   2.6657843e+00   2.3700624e-01   5.7034633e-01  -2.6094040e+00  -8.4307581e-01  -2.1505968e+00  -5.4057848e+00  -1.8248667e-01   5.1996704e+00   2.6432565e-01  -2.6075856e+00  -1.1405896e+00   8.4676926e-01   4.9019389e-01
   1.8868648e+01   7.9623851e-01   3.8110277e+00   1.7724709e+01   4.6100361e+00  -4.3829304e-01   1.0660405e+01   1.8037961e-01  -1.0624016e+01  -4.2557291e+00   2.5602474e+00   4.3561906e-01  -8.3364712e-01   1.4292267e+00   1.1733698e+00  -5.8460036e+00  -2.7642656e+00   1.6754870e+00  -2.9808493e-01  -3.2629190e-01   9.1908283e-01  -1.1626698e-01   6.2814555e-02   4.2788101e-01
   1.3051610e+01   4.4538204e+00   8.0132797e+00   1.0401712e+01   1.3356002e+00   1.6620317e-01   5.8126686e+00   1.1954786e+00  -5.5893626e+00  -1.9907280e+00   1.8080478e+00   4.9199723e-01   1.0289850e-02   3.1905091e+00   2.5077614e+00   1.9410065e+00   3.9131590e+00  -5.9457590e-02  -2.7160313e+00   5.3756579e-01   1.3777469e+00   2.0219352e-01  -8.3769611e-01   1.5783450e-01
   1.9355509e+01   3.9644575e+00   6.6633518e+00   1.7275902e+01   7.5010583e+00  -8.0759026e-01   5.0047999e+00   1.5425971e+00  -7.5684009e+00  -3.1448274e+00   1.9503577e+00   3.8468741e-01  -2.5783510e+00   3.2277038e+00   1.9810357e+00  -2.0504047e+00   1.0337206e+00   4.5767163e-01  -4.0630498e+00   5.4853085e-01   3.9613942e+00   1.4635833e+00  -1.5028135e+00  -3.0705266e-01
   2.2127223e+01   2.8685273e+00   6.0541356e+00   2.3279948e+01   7.1590637e+00  -3.0550850e+00   7.9920539e+00   9.2426260e-01  -1.0120758e+01  -3.5433549e+00   1.7141850e+00   4.9922382e-01  -1.7663452e+00   4.3915465e-01  -5.2517981e-01   1.5926401e-01   2.7375470e+00   1.1959937e+00  -1.1860373e+00  -1.1756870e+00   3.3454283e-01   2.4389434e-02  -6.4917084e-01  -3.4874027e-01
   1.0463315e+01   6.4304408e+00   7.7621534e+00   8.2099843e+00   3.2488853e+00   1.8588585e+00   3.4761378e+00   1.1387839e+00  -2.4162269e+00  -1.2840407e+00   3.5295861e-01  -2.8573221e-02  -3.8702355e+00  -6.3021339e-01  -4.9331026e-02  -1.4983162e+00   2.0094402e-01   2.8315202e+00  -2.9103669e-01  -2.2170230e+00  -4.2295727e-01  -2.7195338e-01   1.9265518e-01  -4.0025607e-01
   1.4848189e+01   3.8795607e+00   6.6761092e+00   1.5173567e+01   7.5680072e+00   6.2696927e-01   4.7979438e+00  -3.6614535e-01  -7.6636354e+00  -2.8845372e+00   1.6329910e+00   1.7551715e-01  -4.2198602e+00   2.7422926e-01   3.3410933e-01  -5.4558770e+00  -1.4557215e+00   2.8189533e+00  -1.2600434e+00  -5.6317685e-01   1.7172203e+00   7.2449686e-01   4.2510300e-01  -2.4132064e-01
   1.7189672e+01   2.5136207e+00   6.2783685e+00   1.9081618e+01   7.5980026e+00   1.5986629e+00   6.1652999e+00  -1.1377334e+00  -9.4313982e+00  -3.8821664e+00   2.2799374e+00  -5.3843354e-02   5.4464178e+00  -1.6793512e+00   3.5884892e-01   3.9528096e+00   2.6979977e-01  -5.5644873e-01   4.1795775e+00   6.3664256e-01  -2.1804663e+00  -2.1212546e-01   1.1096489e+00   5.9249006e-02
   1.2434254e+01   5.2382813e+00   7.2971920e+00   9.6603157e+00   2.8009228e+00   1.3034427e+00   4.7574076e+00   1.2177560e+00  -4.0373421e+00  -1.1575468e+00   1.3883501e+00   1.4987792e-01   3.2873227e+00  -9.2497573e-01   1.9603293e+00   2.2940576e+00  -2.0589789e+00   5.1704990e-01   3.5798329e+00   2.3220205e+00   1.7846749e+00   1.0973033e+00  -4.6978015e-01  -1.2951009e-01
   1.9839909e+01   3.2320537e+00   7.9898854e+00   1.6895824e+01   6.0371272e+00   6.8594870e-01   9.7657721e+00   1.3017971e+00  -7.5000729e+00  -2.4657241e+00   2.1397525e+00   7.3119899e-02  -3.2727514e+00   1.3087498e+00   1.1592240e+00  -6.2992607e+00  -4.7199916e+00  -2.1254563e-01  -5.3022554e-01   9.7495218e-01   4.0423343e+00   2.2090028e+00  -1.2400510e+00  -1.1604502e-01
   1.8454055e+01   2.1328806e+00   8.7608448e+00   1.9707550e+01   5.2599766e+00   1.8589012e+00   8.3674570e+00   1.8971201e+00  -5.9522857e+00  -1.9468034e+00   9.9841330e-01  -8.2229610e-02  -3.9095531e+00   2.7533923e-03  -4.7109874e-01  -2.7606146e+00  -1.8377907e+00  -1.1141071e+00  -3.8193963e+00  -1.9527883e+00   2.5926913e-01   3.8438875e-01  -5.7931049e-01  -2.5218360e-01
   9.2706446e+00   6.0294457e+00   7.2853782e+00   4.6091101e+00  -7.1151181e-01   1.0021152e+00   3.5649370e+00  -1.4987192e-02  -2.4104250e+00  -1.7403386e-01   6.1482937e-01  -1.1185712e-01  -2.6680157e+00  -1.9302257e+00  -3.9393742e+00   1.0100504e+00   1.0961305e+00  -1.4516379e+00  -3.7879837e+00  -2.5957736e+00  -2.7902648e+00  -1.0034176e+00  -4.1177378e-01  -1.3624595e-01
   1.1854556e+01   3.8437154e+00   6.9427975e+00   1.1662751e+01   3.4185563e+00  -5.2580116e-01   2.1287307e+00  -1.0530344e+00  -6.1932624e+00  -1.7268088e+00   1.2818459e+00  -1.3590897e-01   1.9815350e+00  -9.3482636e-01  -5.1700723e+00   3.0004996e+00   2.6386752e+00  -4.8957512e+00  -1.5613178e+00   1.4966505e-03  -3.6595128e+00  -2.2401102e+00   6.3635291e-01   1.5308732e-01
   1.9137635e+01  -5.1870226e-01   2.9898477e+00   2.2433300e+01   8.6020331e+00  -2.9915693e-01   7.2031597e+00  -1.1167861e+00  -1.1564982e+01  -4.0808478e+00   1.3803755e+00  -1.0440935e-01   8.1851270e+00  -2.3982512e+00  -3.4088215e+00   8.9477416e+00   3.0047447e+00  -1.2072969e+00   2.0635713e+00   7.1072367e-01  -3.1651136e+00  -1.8902332e+00   6.4735506e-01   4.7204466e-01
   1.6492862e+01   4.0047150e+00   3.1535016e+00   1.5296205e+01   4.5612170e+00  -4.8340895e+00   4.2063689e+00   2.4502645e+00  -6.8642764e+00  -3.3535618e+00   1.5701696e+00   1.4367749e-01   3.4201200e+00   7.4676950e-01  -3.9527004e-01   2.5285051e+00   1.1608926e+00   1.1115135e+00   2.4268562e+00   1.4875635e+00   9.9693594e-01   5.3197402e-01   5.9960318e-01   3.9262310e-01
   1.9229182e+01   2.3515692e+00   4.0667939e+00   1.6213995e+01   3.2242749e+00   1.3453140e+00   5.6214749e+00  -7.0055113e-01  -6.8225884e+00  -2.1960071e+00   1.4417001e+00   4.5641664e-01  -5.9795279e+00   4.1531297e+00   3.2909170e+00  -9.2720308e+00  -2.0579993e+00   4.1965228e+00  -1.4219412e+00   8.4389119e-01   6.2231060e+00   2.8153454e+00  -3.0456936e-01   1.3073349e-01
   1.6938963e+01   3.5287339e+00   5.8114193e+00   1.8565161e+01   7.8487742e+00   3.1923367e-01   6.5598575e+00   9.7019347e-01  -7.0690552e+00  -1.8712681e+00   2.1505884e+00   1.7261269e-01  -4.8064865e+00   1.1893717e+00   2.0005902e+00  -6.0336527e+00   4.7760736e-01   6.1016318e+00  -5.2208920e-01  -1.1618818e+00   2.0328802e+00   1.9678400e+00   1.3734035e-02  -1.1766753e-01
