  -7.9722343e+00  -1.8199724e+01  -6.6456943e-01  -1.5438209e+00   1.0156145e+01  -4.4565124e+00   2.7282737e+00   2.7120429e+00   7.8166599e-01   4.9243785e+00   2.8967467e+00   7.3176841e-01  -1.0114406e+00  -6.5789791e+00   3.5421668e+00  -2.2133367e-01   5.3617414e+00   4.6457815e+00  -9.3095494e-01   1.7695241e+00  -1.6758158e+00  -1.5829005e+00  -1.4854347e-01  -2.5365198e-01
  -8.1387887e+00  -2.0938062e+01  -9.3056468e-01   1.8926086e+00   1.3984223e+01   2.7560375e+00   2.9290689e+00   1.8287393e+00  -4.7643627e+00   1.3182704e+00   1.7125761e+00   4.9618320e-01  -1.1733650e+00  -7.1368300e+00   9.4914791e-01  -9.6348783e-01   7.0273978e-01   5.9817762e+00   2.5904571e+00   8.3845860e-01  -2.9082886e+00  -2.1243677e+00  -2.1196341e-01  -2.1973156e-01
  -7.8132959e+00  -2.3800002e+01  -5.4315513e+00   7.0813166e-01   1.0733060e+01   3.0736848e+00   6.5563549e+00   5.5565991e+00  -2.2149351e+00   1.5871538e+00   1.8249776e+00   5.7304977e-01  -4.2341275e-02  -3.8038026e+00   4.7882960e-01  -2.3470868e+00  -5.0250684e+00   1.0711589e+00  -2.7397604e-01  -1.5953089e+00  -3.3386294e+00  -2.2237765e+00   6.9627304e-02  -9.4121257e-02
  -7.9555108e+00  -2.5064268e+01  -3.9384515e+00  -4.5847064e+00   5.9948160e+00   1.8229679e+00   6.0750232e+00   3.3962043e+00  -1.5306929e+00   3.0891381e+00   2.5180056e+00   5.5273658e-01   3.0079694e-01  -9.1443930e-01   1.5253913e+00  -3.7584235e+00  -6.4160866e+00  -3.5298011e+00  -2.1860947e+00  -2.9330381e+00  -2.0600038e+00  -1.1710307e+00   9.7039096e-01   2.0689001e-01
  -8.1273852e+00  -2.1842325e+01   1.5576184e+00  -1.8257935e+00   6.6132462e+00  -2.3832392e+00   7.4433246e-01  -4.6465292e-01  -5.8431131e+00   7.0327983e-01   2.5984729e+00   5.6230983e-01   3.8301337e-01   1.1813459e+00   4.3800226e+00  -4.9086804e+00  -3.3279832e+00  -5.2565093e+00  -5.0461030e+00  -1.8515127e+00  -1.4103638e+00  -1.1801378e+00   8.3674278e-01   2.8639524e-01
  -7.5305487e+00  -2.3288560e+01  -2.1370626e+00  -2.4780640e+00   6.4200004e+00   1.8979783e-01   2.5559381e+00   4.3980823e-01  -6.0402795e+00   3.6613771e-03   2.7814149e+00   8.1188818e-01   3.3195067e-01   3.4811815e-01   4.9451712e+00  -4.4074125e+00   1.4968687e+00  -4.3087539e+00  -3.1112495e+00   2.1468522e+00   2.5713040e+00  -1.0805336e+00  -2.5645302e-01   8.4542932e-02
  -7.4512569e+00  -2.2915837e+01   2.3778814e-01  -7.7082102e+00   5.5284932e+00  -3.9944941e+00   7.4674296e-01   4.2575281e+00  -2.0756876e+00   1.3596855e+00   2.9483871e+00   8.7306683e-01  -1.1938329e+00  -4.0375172e+00   3.2381429e+00  -2.9791541e+00   2.3399817e+00  -1.1441336e+00  -2.7127744e-02   4.7645016e+00   6.4547446e+00   9.2678823e-02  -1.0661695e+00  -2.5206995e-01
  -7.7956489e+00  -2.4005334e+01   4.1392205e+00  -8.2546169e+00   8.7824955e+00  -3.8345355e+00   1.4069437e+00   4.2553921e+00   4.4255032e-01   1.1401349e+00   1.9583690e+00   5.2417248e-01  -9.3419619e-01  -4.4034041e+00   1.7299550e+00   2.3011170e-01   2.1372902e+00   6.8123263e-02  -2.3399579e-01   9.3703715e-01   2.8159427e+00  -8.8935618e-02  -1.0149158e+00  -4.2348871e-01
  -9.7855845e+00  -2.7540213e+01   3.2766911e+00  -3.4062482e+00   8.9419711e+00  -2.0872729e+00   1.2781381e+00   4.7743076e+00   5.9758896e-01   2.7406133e-01   1.4107415e+00   3.2806275e-01  -6.7274043e-01  -4.7452733e+00  -1.7820909e+00   4.6422550e+00   2.9972819e+00   3.3699991e+00  -6.5718484e-01  -2.7935769e+00  -2.5463657e+00  -9.5401263e-01  -1.8384677e-01  -4.0113662e-01
  -7.7646792e+00  -2.7581478e+01  -1.0615816e+00  -4.2838775e+00   7.9191967e+00  -6.6162789e-01   1.9392469e+00   1.5869742e+00  -3.1530036e+00   4.1307006e-01   2.0278639e+00   4.4915715e-01   1.8585719e-01  -2.1678893e+00  -2.1480553e+00   3.1301651e+00   4.6114647e-01   2.9318384e+00  -1.0582833e+00  -2.1412152e+00  -3.8933215e+00  -1.1332180e+00   4.2807807e-01  -2.2618676e-01
  -8.4758524e+00  -2.8245676e+01   1.6505280e-01  -2.7301974e+00   1.0456065e+01  -5.2594929e-01  -5.0518591e-01   1.4013716e+00  -4.0974591e+00   2.9219899e-01   2.6378695e+00   3.0886956e-01  -1.8203400e-01  -4.9906256e-01  -8.1982057e-01  -1.9633487e+00   7.4460160e-01   9.3337725e-01   1.8477905e+00  -1.0808149e+00  -2.3008455e+00  -2.2558621e+00   3.4338553e-01   4.9640900e-02
  -8.1717292e+00  -2.6904437e+01   2.4729566e+00  -3.8973947e+00   8.7171681e+00  -2.1743966e-01   7.1118076e-01   2.7300374e+00  -3.0499078e+00  -5.6876099e-01   1.9869221e+00   1.9448893e-01  -5.3533557e-01   6.3325455e-01   4.0557050e+00  -3.1546577e-01   1.3362124e+00   7.3434919e-01   3.5562402e+00   2.1521650e+00  -4.9086518e-01  -3.2531494e+00  -5.6269061e-01  -1.4564585e-01
  -9.8551105e+00  -2.8627327e+01   2.7969116e-01  -6.5445127e+00   9.6598879e+00  -9.0930117e-01   4.6638569e+00   2.5815536e+00  -2.9052272e+00  -2.6188162e+00   1.9462907e+00   5.2985821e-01   9.8519818e-01   3.6865020e+00   5.0074140e+00  -2.1599265e-01   2.5700008e-01   1.4651267e+00   2.2553943e+00   2.1283769e+00   3.2195697e-01  -2.5344707e+00  -6.2193964e-01  -2.0063967e-01
  -7.8780535e+00  -2.6440770e+01   4.9646568e+00  -2.8499184e+00   1.0321604e+01   6.3157183e-01   4.6890858e+00   4.2251307e+00  -4.4854174e+00  -3.0111464e+00   1.5296174e+00   1.2019405e-01   1.6934158e+00   2.9721381e+00   3.0967326e+00   1.8881967e+00   1.2319067e+00   5.5077714e-01  -8.2864222e-01  -5.8927489e-02   3.6445111e-01  -9.1555060e-01   3.3431688e-01  -2.2452055e-01
  -7.1448930e+00  -2.2947756e+01   6.4303237e+00  -3.5779244e+00   1.0039348e+01   1.2472350e+00   8.8895301e-01   3.8463903e+00  -2.8967689e+00  -2.2883143e+00   1.9336124e+00   4.5057489e-02   1.1851344e+00   1.9931645e+00   1.4877404e+00   3.5018179e+00  -1.0973692e+00  -4.5716311e-01  -3.1901503e+00   2.0285678e+00   7.6502417e-01   8.3742170e-01   6.1643889e-02  -3.3270768e-01
  -6.9867142e+00  -2.5286016e+01   4.0427392e+00  -2.5483937e+00   1.0375298e+01  -4.6954203e-01   1.3556694e+00   2.0092278e+00  -2.5074603e+00  -2.1073378e+00   2.4947366e+00   1.0010847e-01  -1.5507216e+00  -2.2729818e+00  -4.1519995e+00  -9.8184386e-01  -3.4697242e+00  -2.8053145e+00  -1.8678686e+00   1.2724659e+00   2.9673585e+00   2.1009184e+00  -1.5944335e-01  -1.6854490e-02
  -8.5230785e+00  -2.6214958e+01   2.9722605e+00  -1.4425483e+00   7.9869868e+00  -1.0444889e+00   1.5453397e+00   6.7323568e+00  -2.7466695e+00  -1.8145880e+00   1.5561970e+00   4.0839478e-02  -2.0284407e+00  -4.2401684e+00  -4.5267527e+00  -2.4358063e+00  -2.5924121e+00  -5.1887161e+00  -1.2344460e-01  -8.1614743e-03   2.3487458e+00   5.1807714e-01  -8.7109840e-01   1.1948431e-01
  -9.5150432e+00  -2.8216642e+01   4.6568914e-01  -5.3903723e+00   6.1431980e+00  -2.4305380e+00   1.5590896e+00   4.6908464e+00  -1.0942932e-01  -9.6631950e-02   1.4791601e+00   9.7021316e-02  -1.5855760e+00  -3.2252075e+00  -3.5401354e+00  -4.1800791e+00   3.5483912e-01  -3.7694767e+00  -6.2972761e-01  -2.8548090e+00   6.3025412e-01  -4.6661525e-01  -5.7330444e-01   3.3097146e-01
  -8.9233895e+00  -2.7842696e+01   1.4287197e+00  -5.8106446e+00   8.2667795e+00  -5.5553412e+00   6.0207599e-01   2.4933388e+00  -5.7266572e-01  -2.5165516e+00   1.1347530e+00   2.2582753e-01   1.3088244e-01  -2.9492130e+00  -5.2547016e+00  -4.8804807e+00   9.6138245e-01   5.4718952e-01  -4.1094751e-01  -5.1241991e+00  -1.5387094e+00  -9.9323348e-01  -2.9557583e-01   3.2660906e-01
  -9.1649227e+00  -2.9309958e+01  -4.9569353e-01  -6.6344643e+00   1.0767661e+01  -3.8683310e+00   8.8270981e-01  -1.5347668e-01  -2.6490810e+00  -2.4562789e+00   1.8455019e+00   5.0407163e-01   8.3153000e-01  -1.1567940e+00  -2.2900941e+00  -3.0283368e+00   1.4689632e-02   3.8646441e+00   8.8154984e-01  -1.6919376e+00  -2.3193628e+00  -7.9232850e-01  -1.1884699e+00   5.7058023e-02
  -8.5018151e+00  -3.0092119e+01  -4.4291006e+00  -8.1412234e+00   7.1168292e+00   4.9519185e-01   1.2671083e+00   1.4682197e+00  -3.7849078e+00  -2.1246147e+00   9.2966232e-01   3.2722791e-01   5.6525971e-01  -1.4421265e+00  -6.3390097e-01  -2.7035191e+00  -1.4596304e-01   6.0198432e+00   3.1532261e+00  -7.0501855e-02  -1.1483701e+00   2.1001010e+00  -4.6132376e-01  -1.8656382e-01
  -8.4785354e+00  -2.8827121e+01  -4.0541793e-02  -8.7675881e+00   6.7402076e+00   3.4116155e-01   2.5488982e+00   2.6654995e+00  -1.9823525e+00  -1.4810931e+00  -2.0099939e-01   1.3190816e-01   2.3392615e-01   7.1066386e-01   2.3277140e+00   1.1678753e+00   1.8360472e+00   3.7917586e+00   8.5986796e-01   1.4441962e+00  -1.3458073e+00   2.5889114e+00   8.7616627e-02  -1.4572843e-01
  -8.4186936e+00  -3.0247304e+01   2.5029240e-01  -8.7993613e+00   1.0061561e+01   1.3696774e+00   4.4988209e+00   9.7809795e-01  -2.6285851e+00   1.4600696e-01   1.4660181e+00   1.3206353e-01   2.4802725e-01   3.0723040e+00   1.5590971e+00   3.4724367e+00   1.3827624e+00   1.0688222e+00   2.0749509e+00   7.9673405e-01  -2.1497814e-01   1.6403043e+00   3.3337903e-01  -1.9563003e-01
  -8.8555942e+00  -2.8166370e+01   6.5618093e-01  -4.5535823e+00   1.2049365e+01   1.3820642e+00   5.5665547e-01   2.2578786e+00  -5.2459533e+00   2.9177743e-01   1.7087490e+00   3.8306118e-01   1.7340475e+00   1.8791559e+00  -2.3793107e+00   2.9901934e+00  -2.0755189e+00  -2.2192120e-01   1.8999982e+00   3.9457014e-01  -7.7341419e-01   3.9148393e-02   1.7526470e-01  -2.4453696e-01
  -7.9412448e+00  -2.5814039e+01  -2.4388163e+00  -5.0395712e+00   6.5363939e+00   1.5779739e+00   5.3756560e+00   2.8671313e+00  -2.4755746e+00  -5.5059350e-01   4.7485669e-01  -9.1793649e-02   2.5610641e+00   5.2545629e-01  -1.6223485e+00   7.4796749e-01  -4.5764297e+00  -3.1620409e+00   3.5730027e-01   1.3285087e+00   1.5843632e+00  -2.5048806e+00  -1.5645717e+00  -1.5899287e-01
  -6.1161886e+00  -2.8225020e+01  -2.2649535e+00  -6.1621929e+00   5.3895130e+00  -9.5868501e-02   4.9604779e+00   2.3128380e+00  -3.2189791e+00  -1.0740703e+00   5.5747834e-01  -1.2296869e-01   2.2656695e+00  -1.7306434e+00  -1.7180934e-01  -1.1903681e+00  -2.4935042e+00  -1.9913631e+00   2.5145054e+00   1.6355896e+00   2.5601044e+00  -1.8318188e+00  -7.7936530e-01   1.9647388e-02
  -5.9468002e+00  -2.9429795e+01  -7.2266309e-01  -6.8731048e+00   6.5268430e+00  -2.6344177e+00   2.8328601e+00   2.9433813e+00  -1.2655275e+00  -2.9283901e+00  -3.0520414e-01   1.4658916e-01   7.1832305e-01  -1.0041710e+00   2.4696186e+00  -2.9070503e+00   8.5518843e-01   1.4254440e+00  -1.3078987e+00   2.5966081e+00   3.3310909e+00  -5.5695468e-01   5.7310165e-01   1.4612913e-01
  -6.4543122e+00  -2.8954457e+01  -4.5960968e-01  -5.4223678e+00   8.3138844e+00   5.0121524e-01   5.5998116e+00   4.6731380e+00  -2.0108202e+00  -1.2670525e+00   9.2973143e-01   2.9334086e-01   2.4886916e-01   3.4811900e+00   1.7125092e+00  -5.8019246e+00   1.1906968e+00   5.7676473e+00  -1.8817724e+00   3.1750382e+00   3.9649366e+00   2.6310352e-01   1.6605735e+00   5.2511690e-02
  -6.6946984e+00  -2.6955577e+01   3.6293972e-01  -9.7700592e+00   6.3569909e+00   3.4175980e+00   3.0941412e+00   5.5818934e+00   1.9169823e+00  -1.2895344e+00   1.1483826e+00  -8.0754736e-02   2.7063066e-01   4.6132912e+00   1.0353520e+00  -5.5493932e+00   3.7315572e-01   3.2397548e+00  -1.3597313e+00   9.2574082e-01  -4.7354432e-01  -7.9964475e-01   1.7615031e+00  -1.0437919e-02
  -5.3689358e+00  -2.4240343e+01  -2.3899111e-01  -1.3416603e+01   7.2604844e+00   5.5295947e+00   2.0071788e+00   5.7561393e+00   1.1371708e+00  -1.4988428e+00   2.3215453e+00   6.9470792e-02   7.8705802e-01   2.0656253e+00  -1.4644672e+00  -4.1013708e-01   1.2518963e+00  -7.2908457e-01  -1.5328622e+00  -3.8655849e-01  -1.1475203e+00  -2.1509268e+00  -2.1952467e-01   1.4114192e-01
  -6.0835425e+00  -2.4866915e+01   7.2005569e-01  -1.1200077e+01   7.6132766e+00  -2.8897513e-01   2.5895795e+00   3.7904919e+00  -3.5498395e+00  -4.0119620e+00   1.6411435e+00   2.4286731e-01   5.6690226e-01  -1.6742968e+00  -3.4414057e+00   4.9762508e+00   2.9576759e+00  -1.5721786e+00   1.8828464e+00  -1.4988841e+00  -3.5794376e+00  -2.2991560e+00  -2.2888359e+00   8.3295042e-02
  -5.5793032e+00  -2.6900350e+01  -2.8348685e+00  -5.3225644e+00   9.5635860e+00   1.2608749e+00   3.5527992e+00   4.9890010e+00  -9.9868973e-01  -3.1322289e+00   3.5406397e-01   3.4324272e-01   3.2430739e-01  -2.9656905e+00  -2.7397376e+00   5.3357143e+00   3.3709814e+00   1.1416807e+00   2.7629823e+00   1.1054978e+00   5.7564373e-01  -1.1470132e-02  -2.7607623e+00  -4.9205468e-01
  -5.7391613e+00  -2.8137018e+01  -3.5012302e+00  -6.3527022e+00   9.6419539e+00   3.1936899e+00   5.1456006e+00   3.7171364e+00  -2.3842437e+00  -3.9215755e+00  -1.3011306e+00  -9.2698135e-02   1.1680910e+00  -2.7432924e-01  -3.9944604e-01   2.9870325e+00   2.6137213e+00   5.2598910e+00   1.1888519e+00   3.0661052e+00   4.8023134e+00   1.6050241e+00  -9.9415406e-01  -3.8047189e-01
  -5.0546653e+00  -2.7053827e+01  -2.2379546e+00  -7.8367187e+00   1.1302618e+01   5.5007832e+00   4.8736417e+00   7.4510637e+00   1.4178385e+00  -1.5612413e+00  -3.4846113e-01  -5.0082850e-01   1.0196473e+00   2.1048646e+00   1.9775511e+00   4.9287460e-01  -4.6616966e-01   5.6750076e+00   1.0159853e+00   1.5686377e+00   2.7211143e+00   1.4494851e+00   9.5036269e-01   1.0739998e-01
  -4.5937249e+00  -2.5201670e+01  -1.7757033e-01  -5.4624512e+00   1.0664343e+01   5.4809072e+00   3.7124360e+00   7.1586183e+00   2.4453664e+00  -2.3899196e+00   5.0117499e-01   9.4195087e-02   1.2352320e+00   3.3252798e+00   1.3341102e+00   8.6797329e-01  -4.4321849e+00   4.3554042e+00   4.7991788e-01   1.3099018e+00   3.6800857e+00   2.0797930e+00   1.6154060e+00   6.5437334e-01
  -4.6225504e+00  -2.5210728e+01  -1.5303717e+00  -5.0283780e+00   8.3531372e+00   8.6297777e+00   5.7933593e+00   5.6212166e+00   6.6817672e-01  -1.7238292e+00   8.7845523e-01   4.1089608e-01   9.1254037e-01   2.5137869e+00  -1.2761476e+00   5.8268077e-01  -5.6515735e+00   2.9396810e+00   6.3044912e-01  -2.3525705e+00   2.2518881e+00   1.5896432e+00   1.0397881e+00   5.4254657e-01
  -4.1023708e+00  -2.4070649e+01  -1.8538563e+00  -6.4549126e+00   4.4684168e+00   8.1622988e+00   5.4056186e+00   6.5969126e+00   3.5107158e+00  -7.2059196e-01   5.0852027e-01   4.3299959e-01   1.6899786e+00   1.8720494e+00  -7.6314143e-02   3.2874377e+00   5.2010085e-01   2.6510864e+00   2.4198261e+00  -3.1181709e-02   2.0573093e+00   2.6642125e+00   1.2488015e+00  -7.8487800e-02
  -3.9315318e+00  -2.3848658e+01  -3.3140330e+00  -6.4664668e+00   5.9232204e+00   8.5696089e+00   4.9727241e+00   4.2030608e+00   4.2629960e+00  -1.1440336e-02   1.2075484e+00   1.4358910e-01   3.9797894e+00   2.1345629e+00   3.7882725e+00   5.4379398e+00   3.4176645e+00   7.4650880e-01   2.6174386e+00   2.8169953e+00   1.8634080e+00   2.1299489e+00   1.7388069e+00   4.0281381e-02
  -2.4042663e+00  -2.3074631e+01   5.9978908e-01   1.8774969e-01   1.2659452e+01   9.4876212e+00   7.7524928e+00   7.8209236e+00   3.7339208e+00   7.5020467e-01   2.2098306e+00   1.1011688e-01   3.5080897e+00   5.8503317e-01   4.1216513e+00   6.1247752e+00   3.9624723e+00   9.9464571e-01   3.9913411e+00   2.9852191e+00  -1.1609589e+00   1.8476116e+00   8.2529107e-01   2.2985387e-01
   4.9808147e-01  -2.2506892e+01   2.9252144e+00  -1.9279950e-01   9.3841162e+00   9.0868797e+00   8.5460801e+00   9.2347040e+00   3.3516863e+00   7.3569579e-01   2.6360105e+00   6.3275950e-01   1.7841996e+00   2.0859207e+00   2.3983513e+00   1.9931458e-01   1.2802274e+00   4.4578876e-01   4.7705686e+00   2.2935699e+00  -7.8012373e-01   3.6438829e-01  -1.2990501e+00   2.3664571e-01
  -1.0550429e+00  -2.3863982e+01   1.2089970e+00  -4.0458339e-01   8.6816774e+00   9.3956320e+00   9.6059522e+00   8.5589197e+00   2.2249322e+00   1.6772574e+00   1.0322258e+00   5.3319519e-01   1.0082279e+00   4.3998466e+00  -2.5424922e-01  -6.2036309e+00  -3.8004776e+00  -1.0092351e+00   2.7914922e+00  -1.9104622e+00  -3.1389968e-01  -1.1310984e+00  -1.8609376e+00   1.2505158e-01
  -1.9298440e+00  -2.0325101e+01  -2.1109927e-02  -5.8713284e+00   9.8324490e+00   9.2842866e+00   1.1201847e+01   7.2744176e+00   3.8473047e+00   7.1615722e-02  -1.5222441e-01   2.8701851e-01   3.1416879e+00   8.0344046e+00   7.2968871e-01  -7.3131524e+00  -5.7117626e+00  -5.5693728e-01   2.0037850e+00  -1.1555235e+00   1.1006186e-01  -4.4153783e-01  -7.5175581e-01  -1.0549152e-03
   3.2203831e-01  -1.7565757e+01   1.6915774e+00  -6.2784322e+00   6.7345695e+00   7.8750650e+00   1.0611847e+01   5.9353735e+00   3.0152621e+00  -6.1440290e-01   8.1254170e-01   4.7056474e-01   6.5470304e+00   8.3742095e+00   2.0089788e+00  -1.5555384e+00  -8.6551282e+00   2.9612019e-01   2.3662449e-01   1.7585096e+00   1.1846459e+00   1.5118022e+00   8.7682608e-01  -1.8465644e-01
   4.5220727e+00  -1.3604398e+01   3.7784572e+00  -8.2256037e+00   1.7900263e+00   9.0117573e+00   1.1048810e+01   8.8131918e+00   3.1216141e+00   1.2192192e+00   1.6182188e+00   6.6249236e-01   6.6879223e+00   4.2776558e+00   1.6232579e+00   3.1159091e+00  -5.6275624e+00   5.5182548e-02  -2.9099078e-01   2.7359099e+00  -5.1687176e-01   3.4079748e+00   1.8114503e+00  -2.3695961e-01
   5.5395443e+00  -1.4663019e+01   2.3226815e+00  -1.5607533e+00  -2.7980352e-01   9.9760769e+00   1.0037408e+01   1.0427297e+01   4.3647464e+00   3.3711589e+00   1.4622434e+00   6.8473609e-02   3.0307019e+00   1.5523821e-01  -4.7758869e-01   1.9500366e+00   1.2133778e+00   2.5090943e+00   2.3695549e-01   3.2662678e+00   2.8754738e-01   3.3702665e+00   8.9906508e-01  -1.9104057e-01
   5.4932865e+00  -1.5359986e+01   2.0982249e+00  -3.5563042e+00   4.8982919e+00   8.3165545e+00   1.1052581e+01   9.1323207e+00   2.3972549e+00   3.1907970e+00   2.2401002e+00   1.3262466e-01   4.1426073e-01  -2.5372163e+00  -1.3658504e+00   1.4134109e-01   3.2299498e+00   4.7207188e-01  -1.0999420e+00  -2.3826248e+00  -1.2634856e+00   3.3746318e-01   8.3878729e-01   4.1651271e-01
   4.3824843e+00  -1.6455105e+01   1.8153106e+00  -5.6880271e+00   7.0005033e+00   1.1986308e+01   1.0965395e+01   1.0675211e+01   3.8087628e+00   3.4552080e+00   1.8501986e+00   4.4893773e-01   3.1568473e+00  -1.0249900e+00  -1.7517571e+00  -4.8591357e+00   4.3299607e-01  -1.1889958e+00  -1.4611317e-01  -2.6853991e+00  -1.7230640e+00  -1.8790974e+00   1.1757030e+00   1.1611786e+00
   5.7219938e+00  -1.6514179e+01   1.9833672e+00  -5.9499552e+00   2.9947975e+00   8.7147496e+00   8.9349032e+00   5.1152977e+00   1.5043775e+00   1.6833894e+00   2.6824221e+00   1.0970294e+00   3.8838821e+00   1.5620419e+00  -2.3782815e+00  -2.4412680e+00  -4.5463296e+00   1.5400157e+00  -1.3442705e-01  -8.6901957e-01  -2.8669195e-01  -4.2537830e-02   1.2514773e+00   8.3019036e-01
   1.0160462e+01  -1.5623408e+01  -2.4752531e-01  -7.6526314e+00   1.3214378e+00   7.9934857e+00   1.0877077e+01   8.4077099e+00   2.2265891e+00   1.3062166e+00   3.0046369e+00   1.3280391e+00   2.7357180e+00   4.8404720e+00  -5.0583203e-02   2.0050173e+00  -4.5021562e+00   1.1730669e+00   7.1141697e-01  -6.3735765e-01   3.3959545e-01   1.0682399e+00   1.9590437e+00   2.2747591e-01
   8.4301209e+00  -1.3432772e+01  -4.3777947e-01  -6.2359040e+00   9.1833032e-01   1.2622989e+01   1.0895100e+01   8.9625418e+00   2.7583038e+00   4.2014860e+00   3.5400970e+00   9.3835953e-01   7.2079964e-02   5.3786162e+00   1.0715077e+00   4.4262814e+00   1.3433673e+00   2.2880425e+00   1.4662204e+00   2.1596571e+00   3.0215001e+00   1.8290706e+00   8.3221930e-01  -7.3556834e-01
   7.1319977e+00  -1.0735101e+01   2.9500091e+00  -2.5375267e+00   1.2855026e+00   1.1791788e+01   1.1052422e+01   7.7955522e+00   3.6911928e+00   3.7985196e+00   4.3599267e+00   8.6948650e-01  -1.6740922e-01   3.6690475e+00   7.2744765e-01   9.9383443e-01   1.8498120e+00  -3.9767851e-01  -1.1902721e+00  -4.7459244e-01   1.2484830e+00  -8.3354169e-01  -4.0205548e-01  -9.0951331e-01
   7.3443457e+00  -1.0890409e+01   1.9918615e+00  -1.8680854e+00   5.0278160e+00   1.0247662e+01   1.1046561e+01   8.6608622e+00   5.3043259e+00   3.1808438e+00   3.2531062e+00   2.2295314e-01   3.8372603e+00   1.0522170e+00  -2.0836806e+00  -6.5716720e+00  -1.5387912e+00  -1.0031729e+00   1.5008958e+00  -7.9903034e-01   3.3360691e-01  -3.3808503e+00  -2.1537827e-01  -1.3850206e-01
   1.0452235e+01  -1.1391018e+01  -3.7117434e-01  -8.3457890e+00   2.0414130e+00   8.5846315e+00   9.0159380e+00   7.8466611e+00   2.8263026e+00   5.6622513e-01   2.5450491e+00   3.2147232e-01   3.9146580e+00   9.2506287e-01  -4.2819325e+00  -8.8592053e+00  -4.6229318e+00   4.5780941e+00   2.2721565e+00  -4.1884909e-01  -2.8135493e-01  -1.1023771e+00   3.4061471e-01   7.4362776e-02
   1.2525893e+01  -1.1526488e+01  -1.9027087e+00  -1.3189281e+01  -1.7678116e+00   1.2721808e+01   1.4164686e+01   7.7384418e+00   3.6911593e+00   7.4635772e-01   4.1244684e+00   1.0046135e+00   1.2900105e+00   4.2953137e+00  -9.9273406e-01  -2.0196558e+00  -6.7711505e+00   6.1927146e+00   2.2825670e+00  -2.1151258e+00  -4.7596826e-01   2.0795103e+00   8.5471655e-01   2.9563796e-01
   1.0413211e+01  -9.0294667e+00  -1.5256046e+00  -1.0165737e+01  -2.2510813e+00   1.7421857e+01   1.2901595e+01   7.6284888e+00   4.0757437e+00   3.3621970e+00   4.4351676e+00   5.9020047e-01  -2.2671151e+00   5.7719651e+00   3.0360521e+00   6.4899847e+00  -1.5750203e+00   2.4680572e+00   1.6209266e+00  -3.9797933e-01   2.1378404e+00   3.8637843e+00   1.3615495e-01  -1.6693545e-01
   9.2988734e+00  -5.6282137e+00   1.0799756e+00  -3.9875952e+00  -2.9826627e+00   1.5118121e+01   1.2527583e+01   5.5972596e+00   3.9656529e+00   4.9021233e+00   3.5901217e+00   5.3204601e-01  -5.0245660e-01   3.5012817e+00   1.1924500e+00   3.4546892e+00   4.5531115e-01  -3.1159035e+00  -1.3313903e+00  -1.3823579e+00  -1.0753785e+00   6.2469674e-01  -8.6484579e-01  -4.9438450e-01
   8.6650723e+00  -5.6822076e+00   2.6915617e+00  -3.2116548e+00   2.8630811e-01   1.1088561e+01   1.2265879e+01   8.3202832e+00   5.8958164e+00   4.2840188e+00   3.0164548e+00   3.0735291e-01   3.3515405e+00  -1.8599603e+00  -1.7507727e+00  -6.1572722e+00   1.1324926e+00  -4.8295651e+00   1.2257856e+00   2.5925697e-01  -2.6364792e+00  -1.9177713e+00   5.1051591e-01   1.3273448e-03
   1.2646277e+01  -7.9481947e+00  -2.2226169e+00  -1.1484288e+01  -2.3535396e+00   1.1214601e+01   1.2485458e+01   5.3190078e+00   1.1680551e+00   1.2224919e+00   3.5365561e+00   4.0446056e-01   3.2537173e+00  -3.7262673e+00  -2.9822740e+00  -8.5327237e+00   2.9046739e-01   8.1098355e-01   2.2204705e+00   2.1819386e+00  -2.4618907e+00  -1.5348334e+00   2.0270492e+00   1.0401097e-01
   1.3766820e+01  -1.0659417e+01  -2.5004675e+00  -1.5653299e+01  -8.6690394e-01   1.2129269e+01   1.4761336e+01   8.1565001e+00   1.5198237e+00   2.3253558e+00   5.2277243e+00   6.5598421e-01   6.2477121e-01  -7.1695356e-01  -1.3899034e+00  -2.8356776e-01  -1.2774045e+00   1.8106875e+00   8.4744221e-01   3.9698991e-01  -1.9219813e+00   1.4150700e+00   1.3637568e+00   1.3993181e-01
   1.1628575e+01  -8.7290102e+00  -7.9742078e-01  -1.0565859e+01  -1.9703555e+00   1.5814242e+01   1.4610561e+01   8.9520590e+00   2.4608132e+00   3.5792048e+00   5.5250607e+00   5.1374681e-01  -3.7034619e+00   2.9080168e+00   2.5459199e+00   7.0711724e+00   2.1434696e+00   1.7124112e-01  -1.8095829e+00   1.8695235e+00   1.4640010e+00   2.5664551e+00  -7.9524840e-01  -2.8631739e-01
   1.0111080e+01  -6.3672302e+00  -1.0589147e-01  -4.0962210e+00  -1.8213906e+00   1.1504771e+01   1.2474491e+01   7.0992425e+00   2.3664655e+00   5.2282674e+00   4.0678377e+00   4.6260751e-01   4.1557673e-01   3.0475468e+00  -2.8358459e-01   3.9728673e+00  -1.4629139e+00  -9.6657742e-01  -2.7172654e+00  -2.5423918e+00  -1.0429082e+00   7.4112243e-01  -2.6508348e+00  -2.4529861e-01
   8.9189544e+00  -5.7322626e+00   3.9897492e-01  -6.6560683e+00   1.3389082e+00   1.1783711e+01   1.0914506e+01   8.6519219e+00   2.9407357e+00   3.6207188e+00   2.9236268e+00   7.1672832e-02   5.1693481e+00  -1.1252904e+00  -3.7804933e+00  -4.4872838e+00  -3.5105008e+00  -1.1683382e-01  -4.2951586e-01  -2.4781096e+00  -9.7909974e-01  -3.4031924e-01  -1.1490307e+00   1.0171041e-01
   1.5744996e+01  -7.5864701e+00  -3.5240422e+00  -1.1648893e+01  -4.7159067e+00   1.2694669e+01   1.2533465e+01   4.4929810e+00  -2.8449982e-01   3.4162824e+00   2.5521891e+00   5.0907328e-01   5.1964525e+00  -2.8822561e+00  -2.6967548e+00  -6.1083961e+00  -3.5926129e+00   3.4014893e+00   2.9013608e+00  -1.2436421e+00   1.1455104e+00   1.0725025e-01   1.0843408e+00   5.8929121e-02
   1.6565640e+01  -9.8073258e+00  -4.7590853e+00  -1.3520449e+01  -5.7888488e+00   1.5044043e+01   1.3936800e+01   6.5380253e+00   2.3176462e+00   3.9747184e+00   4.5593389e+00   6.4307954e-01   1.3821557e+00  -8.0132531e-01   4.5046480e-01   1.2345841e+00  -2.1029887e+00  -6.1955173e-01   7.8555267e-01  -2.3566936e+00   2.6452659e+00   1.8580031e+00   1.6961014e+00   2.1983437e-02
   1.4082416e+01  -8.6530828e+00  -1.5719935e+00  -9.8266251e+00  -3.6464315e+00   1.4976839e+01   1.5315386e+01   6.2907276e+00   4.3962758e+00   5.2121429e+00   4.8764928e+00   2.6529784e-01  -6.2407105e+00   1.3790691e+00   3.8939743e+00   6.1016397e+00   4.5110042e+00  -1.9413866e+00  -3.6916241e+00  -1.2211754e+00   3.2313724e+00   9.9392887e-01   4.2955556e-01  -6.4112411e-01
   1.1823478e+01  -6.4009443e+00   9.8647764e-02  -5.7153261e+00  -2.3503125e+00   9.7132983e+00   1.0701875e+01   4.2180081e+00   4.5682467e+00   5.5097932e+00   4.3056272e+00   2.2653571e-01  -2.7591909e+00   2.5924626e+00   2.8264384e+00   1.6977515e+00   1.6374208e+00  -2.7215642e+00  -2.8349574e+00  -3.5301326e+00  -1.0083957e+00  -1.0264910e+00  -1.4729535e+00  -4.0395384e-01
   8.7550110e+00  -7.2210573e+00  -1.1194733e-01  -6.3989947e+00   3.3133152e-01   1.2447961e+01   8.6134914e+00   3.8212264e+00   3.4372586e+00   4.1396383e+00   3.3233783e+00  -2.4434098e-01   2.0935220e+00  -3.4241853e-01  -3.7338132e-01  -6.7970714e+00  -1.6088443e+00  -8.5031697e-01  -6.8190384e-02  -9.1267950e-01  -1.9136574e+00  -1.3293857e+00  -6.5458695e-01   2.0515546e-01
   1.5090556e+01  -6.6346446e+00  -1.2494508e+00  -1.2687636e+01  -5.3215991e+00   1.2226136e+01   1.3035311e+01   2.4775769e+00   1.2845612e+00   2.9712343e+00   3.1264659e+00   2.9196818e-01   3.3823429e+00  -1.2725580e+00  -5.4893457e-01  -6.7675802e+00  -4.0702587e+00   4.3423586e+00   3.5027964e+00   2.5577730e+00   4.6908003e-01   7.2411768e-01   5.4473179e-01   1.7014713e-01
   1.5589160e+01  -9.0498604e+00  -1.4580162e+00  -1.6536077e+01  -4.5740547e+00   1.2444945e+01   1.4046382e+01   5.7919240e+00   3.1676324e+00   4.4873438e+00   4.4841930e+00   5.4031479e-01   1.3732294e+00   1.0487153e+00   1.2805362e+00   8.1625068e-01  -5.0015061e+00   2.4420403e-01   1.7325915e+00   1.1086496e+00   2.3527960e+00   3.0062246e+00   1.1340179e+00   2.1496774e-01
   1.3479918e+01  -7.3953797e+00  -5.1719651e-02  -1.0798155e+01  -6.0030075e+00   1.6228344e+01   1.3239624e+01   7.0693188e+00   5.4066799e+00   6.4221169e+00   4.5423175e+00   8.9428523e-02  -4.3911382e+00   2.5771525e+00   7.1981259e-01   9.3491174e+00  -6.9608508e-01  -2.0110340e+00  -5.3285035e-01  -7.4346123e-01   1.7997935e+00   3.5786520e+00  -5.5676634e-01  -4.0985250e-01
   1.1620174e+01  -5.2676168e+00   1.2099914e+00  -6.1193593e+00  -6.8302234e+00   1.0813163e+01   1.1110222e+01   3.1883298e+00   4.9053933e+00   6.9235338e+00   4.3164794e+00   1.7938047e-01  -1.4899980e+00   5.7852046e+00  -2.3154838e+00   5.5139417e+00   6.7060278e-03  -3.8522718e+00   8.6787242e-01  -5.9083827e+00  -1.6405537e+00  -4.8932772e-03  -2.0454941e+00  -3.9880106e-01
   1.0488341e+01  -4.6600377e+00  -1.5037357e+00  -3.8723192e+00  -5.2376423e+00   1.0025476e+01   1.3704115e+01   2.6641821e+00   3.1153711e+00   7.1211172e+00   2.3751732e+00  -1.4234341e-01   2.9500738e+00   3.5463499e+00  -4.9003656e+00  -4.9165887e+00   3.4087164e-01  -4.4072998e+00   3.4989215e+00  -5.0005405e+00  -1.9339148e+00  -1.7255533e+00  -6.5797790e-01   6.4833038e-02
   1.4849951e+01  -1.7397245e+00  -4.2052338e+00  -1.1728083e+01  -4.9466782e+00   9.7679714e+00   1.5115945e+01  -8.6808179e-01   1.8524562e+00   4.1305038e+00   2.4995240e+00   5.7999166e-02   4.2637850e+00   1.3827508e+00  -3.3996500e+00  -7.4395086e+00  -8.6559295e-01   1.1310448e+00   3.3431288e+00   8.2303569e-01   9.0748402e-01  -5.2166674e-01   8.0017379e-01   8.3665386e-02
   1.6290140e+01  -3.8398010e+00  -4.6946555e+00  -1.5368677e+01  -6.4334726e+00   1.0139990e+01   1.6485145e+01   1.5967139e+00   4.0322763e+00   5.2303021e+00   4.4638284e+00   2.4736873e-01   1.9753327e+00   1.5665381e+00   6.1536902e-01  -2.8650720e+00  -1.3725272e+00   1.4406953e-01  -1.9802581e+00   1.2079398e+00   2.2954124e+00   1.7084611e+00   9.3578055e-01   5.4287233e-02
   1.5114953e+01  -3.6036089e+00  -2.2940237e+00  -1.1530443e+01  -7.5306977e+00   1.2452473e+01   1.4734400e+01   4.9566174e+00   5.8081667e+00   7.0864413e+00   4.4724125e+00   1.1002247e-01  -3.4747791e+00   2.1203222e-01   4.0876858e+00   8.7703688e+00   3.6233205e+00  -4.0905956e-02  -5.7193634e+00   6.0665121e-01   1.6526513e+00   3.7737920e+00  -5.2724883e-01  -1.4817429e-01
   1.3318840e+01  -1.3782884e+00  -1.5362872e+00  -8.2687467e+00  -6.0044235e+00   8.8993295e+00   1.0924500e+01   1.5637422e+00   4.5806344e+00   8.2058402e+00   2.7923997e+00  -8.6924216e-02  -2.7895217e+00   3.2385263e+00   1.3831336e+00   4.6399466e+00   6.7404422e+00  -3.1031458e+00  -6.1567678e+00  -3.0746517e+00  -2.3009188e+00  -3.9583354e-01  -2.1864366e+00  -5.2073095e-02
   1.1123432e+01  -2.6524324e+00   3.4711075e-01  -2.1224942e+00   2.7377798e-01   1.0326943e+01   9.3172221e+00   5.8380860e-02   4.0572540e+00   8.3034228e+00   2.5443651e+00   2.8842067e-03   1.3147738e+00   2.4872274e+00  -3.8653060e+00  -6.0620930e+00   7.6879836e+00  -7.2665679e+00  -1.7238555e+00  -2.8399780e+00  -2.8812433e+00  -2.5402574e+00  -7.6048160e-01   4.1702600e-01
   1.4101617e+01   5.4240029e-01  -3.9405223e+00  -1.3112731e+01  -2.2504718e-01   6.5480366e+00   9.9585823e+00  -5.6614535e-01   1.4563544e+00   4.0280610e+00   2.1481972e+00   2.2282822e-01   3.5004870e+00   7.7697780e-01  -5.0346992e+00  -9.1199447e+00   2.9778589e+00  -4.5148159e+00   8.5509269e-01   3.5968737e+00  -1.4163459e+00  -1.0575874e+00   1.4363997e+00   5.7456180e-01
   1.6695724e+01  -8.3311208e-01  -6.8898651e+00  -1.8201591e+01   1.1115896e+00   2.7282676e+00   1.2631576e+01   1.7615942e+00   3.0484418e+00   5.3649447e+00   3.6537913e+00   5.8068525e-01   2.7139328e+00   2.2414628e+00  -5.0612425e+00  -3.9103781e+00  -2.0675046e+00  -3.5833605e+00  -1.0665608e+00   5.8804999e+00   4.6269206e-02   1.5911835e-01   2.0254731e+00   1.5953387e-02
   1.5783424e+01  -1.1224819e+00  -5.4698482e+00  -1.3909116e+01  -1.9565409e+00   5.9264433e+00   1.0549962e+01   6.1074462e+00   2.9605217e+00   8.0886980e+00   4.3922861e+00   4.8601796e-01  -1.2855065e+00   1.6804570e+00   1.4115558e+00   7.9140891e+00  -2.2194486e+00   4.8617945e-01  -3.7075865e-01   6.2612925e+00   6.9275593e-01   1.5859879e+00   1.5969346e+00  -3.5532412e-01
   1.4353428e+01   1.5422029e+00  -6.4800900e+00  -7.5898691e+00  -1.9617320e+00   5.2626986e+00   7.4216909e+00   5.5423350e+00   3.3745742e+00   6.5117818e+00   4.4605303e+00  -1.0478058e-01  -3.0817078e+00   4.3800664e+00   5.5320154e+00   7.2356105e+00  -1.8688419e+00   2.3732979e-01  -3.0039432e+00   2.0674175e+00  -3.2061159e+00  -2.9538502e+00  -6.5727773e-01  -4.4993491e-01
   1.3344506e+01   1.8754283e+00  -2.0280762e+00  -6.5474584e+00  -2.0175592e+00   6.0100903e+00   1.2007387e+01   6.9354230e+00   2.3324221e+00   5.8336243e+00   4.1402296e+00   3.2574953e-02  -4.8150316e-01   3.1706525e+00   3.9266439e+00  -3.3562390e+00   2.2050362e-02  -2.9249143e+00  -1.6458836e+00  -1.5050202e+00  -2.7976853e+00  -4.4067009e+00  -8.4533914e-01   3.0200577e-02
   1.3292622e+01   4.2380325e+00  -3.1272798e-01  -1.1029004e+01  -1.6611642e+00   3.0424388e+00   7.3969492e+00   4.4487321e+00  -1.4466823e+00   2.0617062e+00   2.7939030e+00   1.3250439e-01   1.3935188e+00  -2.4917818e-01   3.2705722e+00  -7.9481545e+00  -1.3563044e+00  -2.1234981e+00  -7.5369679e-01  -2.3684696e-01  -6.6147190e-01  -1.0628422e+00   4.2186934e-01   4.4628369e-01
   1.5591573e+01   2.2855821e+00  -2.6635634e+00  -1.7223907e+01  -2.0737493e+00   2.6492017e+00   8.0935077e+00   4.3967173e+00   1.1746219e+00   3.7036845e+00   3.9575910e+00   4.1267634e-01   1.0059600e+00  -5.7230502e-01   8.8700256e-01  -1.9036240e+00  -1.0372456e+00  -2.1743714e-01  -4.2704397e+00  -1.9241190e+00   2.7583317e+00   1.1765179e+00   5.4638158e-01   8.7361428e-02
   1.5320173e+01   9.6335871e-01  -1.2564881e+00  -1.4173877e+01  -3.9680935e+00   3.7578958e+00   8.2480853e+00   6.4564174e+00   2.9612664e+00   5.9824884e+00   5.1846536e+00   3.7459427e-01  -1.7321440e+00  -1.1639652e+00   1.2444072e+00   9.0552704e+00   3.9141273e+00  -2.5941748e-01  -3.1633580e+00  -2.0487922e+00   4.9695499e+00   2.6270435e+00  -1.9264449e-01   4.5954117e-02
   1.3839670e+01   2.6543076e+00  -2.2569223e-01  -7.8304579e+00  -2.4199629e+00   5.3262061e+00   5.1761593e+00   3.0454018e+00   4.2659453e+00   5.6380101e+00   3.7644267e+00   4.2572156e-02  -3.7571778e+00   2.8131605e-01   2.8942271e+00   1.1369761e+01   6.4454525e+00  -1.1256352e+00  -4.5144083e+00  -2.4065852e+00   6.7403745e-01  -9.4075100e-01  -2.1692802e+00  -1.1958984e-01
   1.1570357e+01   2.3077219e+00   3.3494730e-01  -2.1428224e+00   4.3831336e+00   1.3148104e+00   4.1105863e+00   2.0512015e+00   4.4619808e+00   5.0351087e+00   2.6015184e+00   3.8648766e-01  -6.9645360e-02   1.1789916e+00   4.6402867e-01  -2.0798173e+00   4.4590945e+00   1.9594700e+00  -2.2437950e+00  -5.0135825e+00  -1.8373374e+00  -1.7698736e+00  -2.6898515e+00   1.8343974e-01
   1.1830714e+01   2.0353745e+00   8.8205956e-01  -6.1847922e+00   3.4188159e+00   2.1822917e+00   3.3906448e+00   2.9894474e+00   1.4353209e+00   2.7662478e+00   1.9952384e+00   2.2734488e-01   3.2306310e+00  -2.0410531e-01  -1.2354325e+00  -1.0402841e+01  -1.2852863e+00   3.4831113e+00   2.7972121e+00  -3.2801389e+00  -1.5442007e+00   1.6856136e-01  -3.5075061e-01   6.8796535e-01
   1.6220183e+01   3.0413127e+00  -1.1143210e+00  -1.8116435e+01  -1.9884125e-01   8.2690580e+00   5.7751501e+00  -1.0359791e+00   1.6205726e+00   4.7635592e+00   2.0344705e+00   5.5736752e-01   4.1555638e+00   5.4822108e-01  -6.9034603e-01  -6.9971092e+00  -7.7322984e+00   4.5178093e+00   3.1220947e+00  -4.0714171e+00  -1.8863456e-02   2.1532214e+00   1.2980697e+00   4.5532762e-01
   1.6360704e+01   1.9813543e+00  -1.3542068e+00  -1.5447913e+01  -2.0569050e+00   7.0737493e+00   8.5396956e+00  -3.3121626e-01   3.3703483e+00   6.0266269e+00   3.5218247e+00   9.8908024e-01   1.8281320e+00   1.5845783e+00  -6.2386748e-01   2.7593835e+00  -4.8041078e+00   1.4876662e+00  -1.5369553e-01  -3.9136963e+00   2.6371384e+00   3.4178163e+00   1.5414129e+00   6.2688800e-02
   1.5538708e+01   3.1570637e+00   4.1756142e-01  -8.0069259e+00  -4.4774536e+00   5.6457955e+00   6.2192029e+00  -2.3955923e+00   3.4661719e+00   6.6347513e+00   3.7853299e+00   6.8861141e-01  -2.3628221e+00   7.6408512e-01  -5.5364142e-01   1.1378694e+01  -1.6466089e-01  -3.0501807e+00  -5.5947475e+00  -8.0987095e-02   1.3588558e+00  -2.5213698e-02   3.6491151e-01  -5.6013784e-01
   1.4913649e+01   4.3543665e+00  -8.1968289e-01  -7.1004717e+00  -1.6480396e+00   5.7254223e+00   2.9380751e+00  -2.2012905e+00   4.4682289e+00   6.9573762e+00   3.4319280e+00   2.5575613e-01   1.1334259e-02   1.4874300e+00  -8.8875248e-02   1.0198176e+00   1.7329110e+00   1.7816278e+00  -6.6872898e+00  -8.9936945e-01   8.8007927e-01  -3.2135454e+00  -2.2729389e+00  -3.8795062e-01
   1.3399477e+01   3.0009343e+00  -2.2120451e+00  -5.2221153e+00  -6.5026526e-01   4.3679506e+00   1.8383906e-01  -2.2242265e-01   3.1099160e+00   4.2603640e+00   2.6267861e+00   8.3822809e-02   2.8091379e+00   7.1442972e-02  -5.4369849e-02  -9.5994956e+00   1.9000673e+00   5.0476761e+00  -3.0223995e+00  -6.6351708e-01   2.3071960e+00  -3.3646291e+00  -2.5960593e+00   3.6018316e-01
   1.7447321e+01   4.2905640e+00  -1.7271638e-01  -1.5310592e+01  -1.3711326e+00   1.0385114e+01   1.5264429e+00  -2.7668553e+00   4.8685952e+00   2.3935024e+00   6.9168832e-01   7.0954862e-01   3.6635811e+00   1.0014792e+00   2.2573856e+00  -8.2833440e+00  -1.4295952e+00   5.1929080e+00  -4.1368413e-01  -1.2911442e+00   2.6694495e+00  -1.6904027e+00  -8.1015959e-01   5.2344423e-01
   1.8485579e+01   3.2961294e+00   1.2523398e-02  -1.8301109e+01  -1.7658062e+00   1.0887464e+01   2.3914197e+00  -3.1080855e+00   6.7267827e+00   3.8697445e+00   1.2613608e+00   1.0019899e+00  -7.3446717e-02   1.6475810e+00   7.1627589e+00  -5.9705606e-01  -8.5527130e-01   2.8343768e-01  -6.8937932e-01   3.6230428e-01   9.5940925e-01   1.3146280e+00   1.3279588e+00  -5.4068891e-02
   1.7865970e+01   5.7089877e+00   1.4541113e+00  -1.2985991e+01  -3.2346619e+00   1.0255028e+01   1.2137586e+00  -2.6951754e+00   6.6639698e+00   4.6170818e+00   2.8994013e+00   5.8183893e-01  -6.4025850e+00  -4.0719497e-01   9.0287558e+00   1.2363837e+01   2.8004074e+00  -5.6680677e+00  -2.2529216e+00   4.0400018e-01  -3.2721617e+00   1.8039197e+00   2.1827767e+00  -6.7919879e-01
   1.3079982e+01   4.7630939e+00   7.7186794e+00  -7.2799999e+00  -1.0014075e+00   4.8581501e+00  -6.9388775e-01   2.8519384e-01   3.6513426e+00   5.1205163e+00   3.5148678e+00   6.6574316e-02  -5.9232314e+00   1.0408249e+00   5.5363560e+00   7.6600408e+00   3.8094833e+00  -1.7071360e+00  -8.1106183e-01  -4.1190047e-01  -4.4576322e+00  -7.7325552e-01  -4.7239172e-01  -5.5572796e-01
   1.0546242e+01   2.9462893e+00   9.5173393e+00  -2.2753909e+00   2.4472792e+00   4.8976689e+00  -3.1028577e-01  -3.8574947e+00   1.4980727e+00   4.4739960e+00   2.8390999e+00   1.5845823e-01  -1.5161859e+00  -7.3549882e-01  -2.8173279e+00  -7.9870947e+00   4.2548298e+00   1.5207144e+00  -1.6760304e+00  -1.1177794e+00  -3.0451934e+00  -2.9739670e+00  -2.2770130e+00   3.9752669e-01
   1.3260596e+01   6.2387159e+00   4.2854434e+00  -1.2166348e+01   1.1074482e+00   1.1005439e+01   1.9368491e+00  -3.1447766e+00   2.6232829e+00   2.7814041e+00   5.8292391e-01   3.8008831e-01   3.2533998e+00  -1.5572202e-01  -8.4773502e+00  -1.4917796e+01   1.2304931e+00   4.8821113e+00  -2.5433906e+00  -2.4303371e-01  -1.1930262e-01  -3.6039468e+00  -1.3978507e+00   9.0376124e-01
   1.5501384e+01   3.8679284e+00  -1.0552625e+00  -2.2523459e+01   2.0931549e+00   9.4624545e+00  -2.6156555e+00  -2.6568592e+00   2.6102094e+00   1.3256874e+00   9.4985380e-01   1.0213720e+00   3.7145479e+00   1.9962999e+00  -6.5539177e+00  -8.3974961e+00  -1.4276470e+00   2.4957915e+00  -3.6522284e+00   2.7898115e+00   7.4084574e-01  -2.3504316e+00   1.0952151e+00   3.0848183e-01
   1.5482511e+01   4.0686913e+00   2.8895498e-01  -1.9532660e+01   1.0213942e+00   9.8989242e+00  -3.3562888e+00  -6.7967446e-01   2.9163203e+00   1.2887504e+00   2.3627148e+00   9.9075931e-01  -2.0143692e+00   5.7069375e-01   4.4279176e+00   5.8753499e+00   1.5179837e+00  -1.2515377e+00  -4.7746024e+00   1.7140425e+00  -4.3562952e-01  -1.6400490e-01   2.1624319e+00  -6.7335485e-01
   1.5007106e+01   7.0257515e+00   1.6847069e+00  -1.1188479e+01   3.4883561e-01   9.1946138e+00  -3.1420593e+00  -9.0532846e-01   2.4628227e+00   1.6946756e+00   3.5920271e+00   3.1584548e-01  -7.1968856e+00   6.6137759e-01   1.4171716e+01   1.5663226e+01   3.8667502e+00  -2.0176133e+00  -1.9042847e+00   2.0275502e+00  -3.1266952e-01   8.7943418e-02   1.8522242e-01  -1.2778809e+00
   1.0486182e+01   5.5158450e+00   9.5573352e+00  -9.0208129e+00   4.2565835e+00   9.2620531e+00  -4.9618526e+00  -1.4494782e+00   2.0435320e+00   2.3509027e+00   2.5054851e+00  -2.7718073e-01  -3.9342372e+00  -7.4105201e-01   8.7820176e+00   5.5390440e+00   2.0755550e+00  -2.0613172e+00   2.3206663e+00   4.5586543e-01  -1.6803685e+00  -8.9737102e-01  -1.9601199e+00  -9.0137953e-01
   7.2042207e+00   4.1364179e+00   1.5568122e+01  -4.2845432e+00   6.2756856e+00   6.7544700e+00  -4.6693006e+00   7.6936799e-01   2.5775993e+00   9.2652635e-01   1.1563023e+00  -2.6147935e-01   1.1451195e+00  -2.3060662e+00   1.6058862e+00  -6.3347950e+00  -1.8872947e+00   1.3055649e+00   5.5569529e+00  -1.4525577e+00  -1.9482718e+00  -5.3129699e-01  -2.6718191e+00   1.0458402e-01
   1.3482598e+01   4.4017800e+00   6.5202738e+00  -1.4676061e+01   1.1713016e+00   8.0270203e+00   8.8833124e-01  -8.3322454e-01   3.3837919e-01   3.2676842e-01   6.4039743e-01  -7.2647579e-02   5.6150718e+00   3.5269692e-01  -4.9399207e+00  -5.8053765e+00  -7.0456579e+00   4.1032707e+00   7.0539752e+00  -3.2683233e+00  -1.8353762e+00   2.3585230e-01  -1.3750116e+00   3.7747246e-01
   1.5226577e+01   4.1236846e+00   5.6120670e+00  -1.7863047e+01  -9.3946547e-01   1.1770478e+01   2.2682781e+00  -3.3922919e+00   3.9299136e-01   1.9097972e+00   5.1684227e-01   3.7045494e-01   5.0778541e+00   3.3132653e+00  -5.6461316e+00   2.5035419e+00  -5.9254843e+00   2.5675381e+00   3.3232059e+00  -4.4171419e+00  -6.7644075e-01   1.8474472e+00  -1.8418461e-01  -3.9583651e-02
   1.4897611e+01   6.0512571e+00   7.1254816e+00  -1.0939626e+01  -2.7043278e+00   1.2908955e+01   2.1503208e+00  -4.2711332e+00   3.8277173e-01   2.2130457e+00   7.6269767e-01  -2.6939190e-02  -6.8268474e-01   5.2422398e+00   9.6778012e-02   1.6449670e+01   1.2975259e+00  -7.9238539e-01  -1.9183416e+00  -3.9681086e+00   9.3702843e-01   1.7149898e+00   5.1530422e-01  -3.5116008e-01
   1.4113495e+01   8.2815774e+00   6.7963207e+00  -2.3974483e+00  -6.7472607e-01   8.1648097e+00  -3.1548654e-01  -4.1373905e+00   1.5407419e+00   2.7545585e+00   8.1887525e-01  -3.4370902e-01  -3.3077721e+00   6.1168542e+00  -3.1410439e-01   1.7185185e+01   6.6946819e+00  -5.1713176e+00  -9.3978103e-01  -1.0224460e+00   1.0999237e+00   6.3308779e-01   6.6242275e-01  -7.8000927e-01
   1.3015112e+01   1.0186193e+01   6.0733139e+00   2.2656446e+00   2.9852208e+00   8.6412762e+00  -6.9729880e-01  -6.4128382e+00   1.1700466e+00   2.4768725e+00   1.2623373e+00  -2.4230572e-01  -3.2078448e-01   3.8614008e+00  -4.3344790e+00  -6.5094862e-01   7.0019048e+00  -2.8969540e+00   6.6546516e-01   1.9005999e+00  -7.7169317e-01  -8.0891930e-01   1.1633266e-01  -5.0668977e-01
   1.1206169e+01   1.1231498e+01   5.6669942e+00   1.3120956e+00   6.2577830e+00   6.1473408e+00   2.2824163e+00  -3.8551085e+00   1.6492394e+00   2.7275155e+00   1.2606566e+00  -6.9187570e-01   2.9315787e+00   2.7005980e-01  -4.3298678e+00  -1.5051961e+01   3.0034077e+00   3.6424806e+00   2.9308569e+00   1.5032732e+00  -2.1809259e+00  -9.9600250e-01  -4.0081192e-01  -4.7515973e-01
   1.5870097e+01   1.0368398e+01   1.1884263e+00  -1.3770820e+01   4.3322749e+00   9.5722588e+00   1.8495671e+00  -1.5613744e+00  -8.2901681e-01   1.0131883e+00   7.1630599e-01  -6.1289051e-01   3.7461833e+00  -1.3142283e+00  -2.3388512e+00  -1.1849054e+01  -3.0937457e+00   6.0255794e+00   4.0021757e+00  -1.0179509e-01  -1.4417927e+00  -7.2117290e-01  -1.1249897e+00  -3.7312855e-01
   1.7083370e+01   8.5955647e+00   2.7439628e+00  -1.6957158e+01   3.1568585e+00   1.3163039e+01   2.8073658e+00  -4.3082125e+00  -7.3111527e-01   1.9923968e+00   4.9067302e-01  -8.7115622e-01   1.7771852e+00  -1.0332206e+00   4.3711016e-01   2.5604709e+00  -3.9350460e+00   5.2596141e+00   1.6339941e+00  -2.5664566e+00  -5.8092451e-01  -7.9418533e-01  -9.2355676e-01   9.9722886e-02
   1.5695786e+01   9.5328174e+00   4.0265529e+00  -6.3733098e+00  -1.0493552e-01   1.4171796e+01   5.0434899e+00  -6.3389788e+00   1.9753485e-01   1.7626725e+00  -4.0155431e-02  -7.1235827e-01  -3.2803399e+00   9.3185009e-01   3.1159978e+00   1.6408374e+01   2.1577704e+00   1.8757353e+00   8.1550149e-01  -1.3967983e-01   3.6866213e-01  -7.7246872e-01  -5.4431727e-01  -9.0246514e-02
   1.3959102e+01   1.0099457e+01   4.9035962e+00   1.4540467e+00   2.5738192e+00   1.1736993e+01   3.1364461e+00  -5.3159912e+00   2.6457684e-01   1.1614954e+00   2.5355216e-01  -4.9255749e-01  -6.3571140e+00   3.0720990e+00   2.9992241e+00   1.3243654e+01   7.0270140e+00  -3.6627528e+00  -2.0408671e+00   5.7535367e+00  -6.3033499e-01  -2.5728759e+00  -2.9230420e-01   1.0795866e-01
   1.2511722e+01   1.1014227e+01   4.7826064e+00   1.6361378e+00   7.8604501e+00   1.3098885e+01   2.9082792e+00  -1.2670049e+00  -7.7386966e-01   2.6993589e-01   1.8390510e-02  -9.3755965e-01  -1.6885912e+00   1.8703584e+00  -2.6247082e+00  -4.1438080e+00   5.6437615e+00  -6.5655841e+00  -1.7363108e+00   8.1762924e+00  -2.4822763e+00  -1.8414502e+00   3.6118077e-01   2.1061114e-01
   9.1397314e+00   1.2463008e+01   6.8647722e+00  -1.0964008e+00   9.7146868e+00   8.2053658e+00   8.1367056e-01   1.7861055e+00  -1.1909155e+00  -1.1205487e+00   2.2943744e-02  -5.9661754e-01   3.5171028e+00  -5.3822074e-01  -7.1920021e+00  -1.1319772e+01  -1.1044621e+00  -5.7473265e+00   1.4752552e+00   7.4165962e+00  -5.3056077e+00  -1.6897214e+00   1.0057083e+00   2.2817077e-01
   1.5572584e+01   1.1156579e+01  -8.9109753e-01  -1.1313798e+01   4.7902730e+00   6.0892337e+00   3.6004114e+00   2.3744114e+00  -2.7981335e+00   1.4151924e-01   6.1691994e-01  -3.4441154e-01   5.0496699e+00  -1.1405710e+00  -6.6792631e+00  -4.4791574e+00  -5.1275363e+00  -5.8717589e+00   4.1272595e+00   3.0596069e+00  -5.2496232e+00  -1.4073439e+00   9.6164917e-01   5.1051594e-01
   1.7704325e+01   9.2209499e+00  -3.0475551e+00  -9.0506427e+00   2.4522145e+00   6.6208291e+00   5.0032628e+00   3.9881949e+00  -6.6817029e+00  -1.3088783e+00   1.4628499e+00  -4.4687539e-01   2.9693728e+00  -8.9750104e-02  -7.5900810e-01   7.7391073e+00  -4.3206747e+00  -4.3610024e+00   4.5669116e+00  -1.0946776e+00  -3.9442629e+00  -9.8885664e-01   2.9585880e-01   2.8703484e-01
   1.5803930e+01   1.0924400e+01  -2.8012468e-01  -1.1054773e+00   3.8003818e+00   5.0835147e+00   7.0043724e+00   2.2213608e+00  -5.9029107e+00  -1.7469152e+00   7.4091117e-01  -2.4665681e-01  -3.1572812e+00   1.5738163e+00   8.4747591e+00   1.7100008e+01  -9.7791597e-01  -2.5327752e+00   1.7284763e+00  -3.7152046e+00  -2.3015922e+00  -1.4604689e+00  -2.3233204e-01   3.5198100e-02
   1.3478118e+01   1.2444473e+01   5.4207737e+00   5.4080998e+00   3.7286204e+00   2.1667218e+00   5.9620574e+00   2.2061442e-01  -5.5549213e+00  -1.6596165e+00   4.0473633e-01  -2.1494265e-01  -5.9656621e+00   3.3016734e+00   1.1728519e+01   1.1905771e+01  -3.3564263e-02  -2.6943129e+00  -9.3230934e-01  -5.9820473e+00  -1.1579423e-01  -2.5447776e-01  -8.5480298e-01   1.3344625e-01
   1.2949766e+01   1.1905542e+01   7.5868767e+00   7.1068428e+00   2.6851961e+00   4.5171246e+00   5.7137286e+00  -1.3146052e+00  -6.8139126e+00  -1.8738151e+00   7.9747869e-01  -4.0758076e-01  -1.1267341e+00  -2.2070315e+00   1.7499016e+00  -3.9552779e+00  -2.9715326e+00   2.8900739e+00  -7.3010573e-01  -3.8948690e+00   2.0619831e+00   7.5450788e-01  -2.8626354e-01   1.6040230e-01
   1.0182914e+01   1.3682889e+01   1.0611723e+01   4.7018535e+00   2.9594609e+00   2.8625548e+00   4.2501207e+00  -3.2168930e+00  -6.3998933e+00  -1.6271450e+00   1.5236171e-01  -1.6624404e-01   3.5613967e+00  -6.9519945e+00  -7.6995648e+00  -1.3971809e+01  -3.6995971e+00   7.7110196e+00   3.7388632e-01  -1.7613999e+00   3.5205223e+00  -2.3864801e-01   1.8821565e-01   2.2940815e-01
   1.5761431e+01   6.9946447e+00  -2.5074679e-01  -6.6852710e+00  -2.7233742e-01   9.0707090e+00   6.7651822e+00  -1.9021890e+00  -2.3874501e+00  -6.3138913e-01   4.3770317e-01  -3.0402675e-02   3.3709289e+00  -6.6298526e+00  -9.2752465e+00  -1.0817244e+01  -4.5235909e-01   7.2367141e+00  -1.0639261e-01   4.2431561e-01   3.5730783e+00  -7.6639898e-01  -5.2561153e-01   1.2619402e-01
   1.7414381e+01   4.4719302e+00  -2.2097617e+00  -8.6535572e+00  -3.4200844e-01   1.1456459e+01   5.9971601e+00  -2.1276936e+00  -2.4873690e+00  -2.6388015e+00   8.6694756e-01  -5.9419462e-02   7.6434217e-01  -2.7338974e+00  -3.5545086e+00  -2.1683030e+00   4.8592111e+00   5.6701752e+00  -1.2069801e+00  -1.1870351e+00   1.0165584e+00  -2.0454007e-01  -2.0194715e-01  -1.8709732e-01
   1.4390426e+01   6.5662427e+00   8.4749152e-02  -2.4413181e+00   3.6573922e+00   1.1075244e+01   4.6806200e+00  -1.2227315e+00  -3.4105573e+00  -2.5175853e+00  -3.4823153e-01  -2.7170201e-01  -5.1098184e+00   5.0516896e+00   6.9245623e+00   8.6519235e+00   8.5518805e+00   8.3843809e-01  -2.1278558e+00  -1.1723266e+00  -3.7086333e+00  -1.2274864e+00  -5.5914508e-01   7.1388327e-02
   1.2014929e+01   9.7962437e+00   5.1122117e+00  -6.7257749e-01   8.2834128e+00   1.0365550e+01   3.4819317e+00  -5.3371743e+00  -4.3635020e+00  -9.9085705e-01   2.4240834e-01  -3.2624036e-01  -6.3576494e+00   6.1731829e+00   6.2417690e+00   7.6976373e+00   5.3733789e+00  -2.2746008e+00   7.7898848e-01   1.0474583e+00  -2.5571791e+00  -1.9373154e+00  -1.0538659e+00   2.7659262e-01
   1.0796429e+01   1.1910022e+01   6.4751099e+00   2.3021243e+00   8.2427728e+00   1.0873821e+01   4.8310127e+00  -2.0559385e+00  -7.0123335e+00  -3.2965910e+00  -8.8744831e-02   2.1009026e-01  -2.1203713e+00   2.0401626e+00   6.3457462e-01  -2.8107172e-01  -2.1723253e+00  -2.6068730e+00   2.3344417e+00  -1.1457031e-01   1.1175209e+00  -9.3881543e-01   1.1897711e-01   2.6982513e-01
   9.6749054e+00   1.1059815e+01   3.9577115e+00   5.2117754e-01   5.4253695e+00   8.1452694e+00   7.0904464e+00  -1.3990261e-01  -4.5222496e+00  -5.1552718e+00  -8.4359457e-01   1.1457333e-01   3.5125294e+00  -2.6464153e+00  -5.6290463e+00  -9.1764141e+00  -5.3898355e+00   4.0338023e-01   3.2274652e+00  -1.3325266e+00   1.4154440e+00   1.1158206e+00   3.7275723e-01  -4.2538039e-01
   1.2379881e+01   8.9947011e+00   1.6138612e+00  -3.4598032e+00   1.8279259e+00   8.2750747e+00   6.3780251e+00  -3.9932228e+00  -1.6549021e+00  -1.8436011e+00   3.7323559e-01  -8.7371164e-02   5.1820795e+00  -3.8376017e+00  -5.8054026e+00  -1.0001296e+01  -1.8704256e+00   2.9366452e+00   1.5954873e+00  -4.1700139e+00  -1.0978454e-02   3.0807928e+00   5.0140341e-01  -1.1856813e+00
   1.6491997e+01   7.2842814e+00  -9.0073333e-01  -1.1556235e+01   3.4060830e+00   1.2269993e+01   7.5496233e+00  -6.3673221e+00  -4.9190517e+00  -4.3621146e-02   5.7055397e-01  -8.1558022e-01   2.8616721e+00   1.3236936e-01  -1.4850163e+00  -5.1124278e-01   3.2970208e+00   4.1648595e+00  -5.0515109e-01  -5.9936050e+00  -3.0924511e+00   2.6650070e+00   7.0481153e-01  -1.0357420e+00
   1.5161002e+01   8.0413865e+00   1.9622837e-01  -6.6611132e+00   6.4467776e+00   1.3216426e+01   6.9946553e+00  -5.1972496e+00  -6.8304001e+00  -1.2312272e+00  -4.3713993e-02  -1.1033549e+00  -2.3203357e+00   3.6458651e+00   5.7469668e+00   1.0339369e+01   4.7926120e+00   1.2595574e+00  -1.6717722e+00  -2.9968805e+00  -4.7454087e+00   3.4271754e-02   1.0083058e-01  -5.3468257e-01
   1.2576853e+01   1.1735026e+01   2.4390034e+00   1.3549684e+00   8.0614748e+00   1.1921883e+01   6.0244047e+00  -8.5282967e+00  -6.5731773e+00  -1.4639483e+00   4.2209751e-01  -9.3104785e-01  -5.2766864e+00   3.9555528e+00   6.1655741e+00   1.4881477e+01  -4.5017351e-01  -2.1291017e+00  -2.8930399e+00   4.3058482e-01  -2.8973249e-01  -3.4678096e-01  -4.2553828e-01  -1.0129393e-01
   1.0856950e+01   1.2238127e+01   8.5644430e+00   5.5936479e+00   6.6891479e+00   1.0338466e+01   4.6329760e+00  -7.4080562e+00  -7.9459524e+00  -1.0820299e+00   5.9870969e-01  -8.3166121e-01  -3.7143171e+00   2.3104881e+00   2.0439583e+00   6.6493447e+00  -3.6544525e+00  -1.3449525e+00  -4.1864759e+00   2.8194718e+00   3.8247936e+00   7.3966642e-01  -1.1254728e+00   4.3800098e-01
   1.0728994e+01   1.1119241e+01   4.1635205e+00   4.6386007e+00   2.6096376e+00   1.0515321e+01   4.3909030e+00  -4.6160416e+00  -4.7958743e+00  -6.3839123e-01  -3.8896529e-01  -1.1033680e+00   6.3477863e-01  -1.8103516e+00  -5.2882535e+00  -5.7686820e+00  -4.3121873e+00   2.1524559e+00  -2.2068477e+00   5.4006732e+00   4.7149324e+00   2.6726782e-01  -1.0846791e+00   4.4055431e-01
   1.0513456e+01   1.1815011e+01   2.3999073e+00   1.6710876e+00   3.6910175e+00   1.1902278e+01   1.5316923e+00  -2.9241695e+00  -1.9818613e+00  -5.3450607e-01  -1.3263917e+00  -3.6019339e-01   3.5430086e+00  -4.1295570e+00  -8.5503356e+00  -1.0926677e+01  -4.1504227e-01   4.8419459e+00   6.0775638e-01   4.0625035e+00   3.6844117e+00  -9.4281455e-01  -3.8095855e-01   1.3070238e-01
   1.3700768e+01   9.2310562e+00  -2.4111090e+00  -5.3367745e+00   3.0922590e+00   1.4368661e+01   4.2647750e+00  -2.6692303e+00  -2.4828243e+00  -1.3368085e+00  -2.4237038e-01  -5.0595030e-01   2.6960108e+00  -1.4959213e+00  -3.2585410e+00  -4.3177104e+00   5.6952953e+00   4.6493703e+00   5.3997354e-01   1.1044439e+00  -1.2146786e+00  -1.3172465e+00   1.6539354e-01  -2.4485844e-01
   1.4685576e+01   6.9878833e+00  -9.7374554e-01  -5.8086801e+00   5.8252738e+00   1.5674715e+01   5.6076746e+00  -2.2877066e+00  -3.5758599e+00  -2.1470431e+00  -4.6025598e-02  -9.3431649e-01  -4.3528792e-01   1.6994026e+00   3.0020888e+00   4.8173941e+00   7.6716485e+00   4.8780360e-01  -3.1625584e-01  -1.1041779e+00  -3.8333500e+00  -7.2397381e-01   5.7045529e-01  -5.2587679e-01
   1.2686950e+01   1.1288923e+01   9.6253547e-01   1.9019189e+00   1.0085452e+01   1.5603158e+01   3.1628721e+00  -3.2776071e+00  -5.8208929e+00  -1.8079925e+00  -7.8105805e-01  -1.1835941e+00  -5.5013269e+00   5.7952360e+00   1.0488981e+01   1.1814184e+01   7.9277028e+00  -2.4911921e+00  -3.0026301e+00  -1.6957491e+00  -2.2486119e+00  -1.3344482e+00  -1.0031016e+00  -2.6004578e-01
   1.0367433e+01   1.3335182e+01   5.2162182e+00   5.2778321e+00   1.1701894e+01   1.2016735e+01   1.6082599e+00  -4.2762479e+00  -6.0628519e+00  -1.3848748e+00  -2.0136497e-01  -8.1018668e-01  -6.7276602e+00   5.2398620e+00   8.9269258e+00   8.3911413e+00   3.6119600e+00  -2.6701800e+00  -2.3728495e+00  -5.8883421e-01   7.1977479e-01  -6.0546703e-01  -1.4191556e+00   2.5775930e-02
   7.6078489e+00   1.4750261e+01   1.0227381e+01   6.8412450e+00   1.2045503e+01   1.2460863e+01   1.7605372e+00  -4.2185833e+00  -4.6122461e+00  -3.7195650e+00  -1.6693532e+00  -9.5808387e-01  -3.8627835e+00   8.4589695e-01   3.2608308e+00  -2.1260526e+00  -2.4342043e+00  -2.3286964e+00   2.5618125e-01   2.2030880e+00   3.4664577e+00   4.6718103e-01  -2.9341508e-02   3.8469904e-01
   7.1336361e+00   1.3117007e+01   7.7842204e+00   4.3083688e+00   1.0263188e+01   1.3240593e+01   2.7495679e+00  -2.7004699e+00  -3.1005211e+00  -2.0994574e+00  -1.7306114e+00  -1.0084077e+00   2.7726786e+00  -2.4466356e+00  -5.7335355e+00  -8.9662519e+00  -6.0674081e+00   1.9427138e+00   3.8088138e+00   2.7752564e+00   1.7746406e+00   1.7101298e+00   8.5492309e-01   4.0594702e-01
   8.5096734e+00   1.2666856e+01   4.5697806e+00  -8.0242834e-01   7.1534985e+00   1.1498185e+01   2.9764900e+00  -7.6086419e-01  -2.1023718e+00  -7.4992966e-01  -6.0447072e-02  -5.0743503e-01   5.7755057e+00  -3.0942206e+00  -9.7534669e+00  -8.1441509e+00  -3.4891439e+00   2.8775311e+00   5.4227127e+00   1.0935238e+00  -1.2282867e+00   1.7617404e+00   1.9448633e+00   1.6239226e-01
   1.4075538e+01   1.0706931e+01  -5.5528471e-01  -4.3497091e+00   5.0467839e+00   1.5412145e+01   6.7135043e+00  -1.8422229e+00  -4.6558282e+00  -3.0449776e-01   2.7656663e-01  -4.2659058e-01   3.6677620e+00  -5.9403667e-01  -4.0871434e+00   6.6981493e-01   1.1626978e+00   1.3008537e+00   2.4692248e+00  -1.5122082e+00  -3.2530170e+00  -1.0229654e-02   1.4473609e+00  -9.0237783e-02
   1.2800156e+01   1.1313968e+01  -2.3306671e-01  -1.0459424e+00   9.4199898e+00   1.5691383e+01   7.9126381e+00  -3.0074211e+00  -5.6770227e+00  -1.9744342e+00   2.4435276e-01  -1.0054040e+00  -1.1158537e+00   1.2605940e+00   5.2398248e+00   9.1250727e+00   3.9351070e+00  -1.2015649e+00  -1.8674669e+00  -2.9391664e+00  -2.6445120e+00  -4.9523334e-01  -5.6451920e-01  -1.1138928e-01
   1.0490038e+01   1.2902396e+01   4.0549288e+00   5.4348482e+00   1.0873989e+01   1.3095274e+01   3.9853309e+00  -3.8455038e+00  -6.1927211e+00  -1.5025496e+00   2.8803000e-01  -8.9477987e-01  -5.4932510e+00   1.9524013e+00   1.1283207e+01   1.0954904e+01   3.0721618e+00  -8.1242654e+00  -5.4607984e+00  -1.6103423e+00   1.7379904e+00  -2.7200368e-02  -1.0039509e+00   6.6261946e-03
   8.6286432e+00   1.3460014e+01   1.0124411e+01   7.9929020e+00   1.0142556e+01   1.0854273e+01   1.5393764e+00  -4.1679733e+00  -5.3006934e+00  -8.9375374e-01  -9.1295756e-01  -4.4042431e-01  -5.4235195e+00  -3.7445220e-01   8.4285602e+00   5.5791312e+00   1.2104618e+00  -6.0489658e+00  -6.4028392e+00   1.7437958e+00   3.7845451e+00   7.3120942e-01  -6.5333686e-01   1.9441107e-01
   7.9214184e+00   1.2562510e+01   1.1190787e+01   7.5632247e+00   9.2937434e+00   5.6443019e+00   1.7089376e+00  -3.6774602e+00  -2.2370072e+00  -8.8563853e-01  -6.5070450e-01  -6.9914116e-01  -2.3326083e+00  -1.5071476e+00  -3.4430259e-01  -4.3975036e+00  -2.6138041e+00  -1.4542776e+00  -1.4294897e+00   4.3656536e+00   4.0117370e+00   3.4225691e-01  -2.7273250e-01   2.4941201e-01
   5.9491867e+00   1.0922233e+01   8.8418446e+00   6.2585661e+00   1.2025806e+01   1.0343421e+01  -5.5342403e-01  -4.7574921e-01  -1.9780620e+00  -1.1860756e+00  -2.6628528e-01  -8.1160680e-01   2.6728563e+00  -9.2931057e-01  -8.2980476e+00  -1.0580943e+01  -4.4999590e+00   4.7560562e+00   3.9396992e+00   3.7488632e+00   1.4892991e+00  -4.2844944e-01   4.4398661e-01   4.3904451e-03
   8.3308534e+00   1.1910565e+01   4.1797581e+00  -2.9423918e-01   6.0116587e+00   1.1169284e+01   2.8874965e+00   8.5686462e-01  -1.8364313e+00  -8.4300332e-01  -4.4440489e-01  -3.3507060e-01   4.3874438e+00   3.0660147e-02  -7.6011734e+00  -7.5210033e+00  -4.4654189e+00   7.1562628e+00   6.0060250e+00   1.4402770e+00  -2.0830365e+00  -7.1221294e-01  -6.2878669e-01   9.3678591e-02
   1.2433210e+01   1.2392021e+01   1.1828538e+00  -3.9497810e+00   5.0336601e+00   1.5225866e+01   6.8596458e+00  -8.1184098e-01  -3.2670327e+00  -1.5577455e+00  -3.5012745e-01  -6.1587392e-01   2.5837564e+00   2.3573972e+00  -1.0324370e+00   1.3113847e+00  -2.2799930e+00   1.8045526e+00   5.2799253e+00  -3.1892810e+00  -2.9131229e+00  -3.2569792e-01  -1.4759602e+00   3.8059517e-02
   1.1260572e+01   1.1873606e+01   3.6185219e+00   1.3858933e+00   6.0916877e+00   1.3937473e+01   7.0114401e+00  -1.3489988e+00  -4.7170766e+00  -1.7681230e+00  -1.5519635e+00  -6.5648971e-01  -2.6037117e+00   3.1987799e+00   7.3408806e+00   1.0670244e+01   3.0665439e+00  -1.5367161e+00   1.4647682e-01  -4.5529207e+00  -3.4539652e+00  -4.8813715e-01  -1.1431200e+00  -1.3157618e-01
   8.3599619e+00   1.4476808e+01   7.5738073e+00   7.3855769e+00   8.5658016e+00   1.1666155e+01   5.3044921e+00  -4.1567390e+00  -4.9074237e+00  -1.2120626e+00  -1.9264463e+00  -5.9380797e-01  -5.4312141e+00   9.3776156e-01   6.1544358e+00   1.1043544e+01   6.6725886e+00  -9.6014619e-01  -2.9203026e+00  -4.3338812e+00  -3.4731240e+00  -1.4665340e+00  -9.1671808e-01   3.0037138e-01
   6.4619100e+00   1.5666342e+01   1.1995602e+01   1.0043448e+01   8.8454038e+00   1.0644065e+01   3.8847886e+00  -4.3000674e+00  -6.1971836e+00  -1.7480505e+00  -1.3709254e+00  -5.4346785e-01  -3.4882132e+00  -7.3892200e-01  -6.7027386e-01   4.4181182e+00   5.6318043e+00   2.2565122e+00  -2.6260634e+00  -2.9495100e+00  -2.8735929e+00  -2.1139763e+00   6.2243914e-01   3.7853995e-01
