   1.0427831e+01   7.7284679e-01   5.2047956e+00   1.9630249e+01   9.1296135e+00   3.5452506e+00   1.1996234e+01   4.6015013e+00   1.1871516e+00   3.0506409e+00   2.3967903e+00   3.5838224e-01   6.5366375e+00   3.8600206e+00   3.6545561e+00   1.2932402e+00  -3.3874575e+00  -2.6180026e+00  -6.4831344e-01  -2.4325863e+00  -3.7007483e+00  -1.6402364e+00   2.7332118e-01   2.9836043e-01
   1.2528305e+01   3.1699912e+00   7.5585219e+00   1.9410912e+01   8.1493860e+00   9.2108838e-01   1.0036454e+01   3.7293585e+00   1.8897960e+00   3.4929635e+00   2.4864608e+00   5.7615393e-01   5.0364245e+00   7.2196318e+00   4.5737508e+00  -1.7561912e-01  -4.9145549e+00   1.6843918e-01  -1.5451994e+00  -8.1858027e-01  -4.6506404e+00  -2.7666397e+00  -3.8576871e-01   8.8668419e-02
   1.2842614e+01   5.4482354e+00   7.5060429e+00   1.5191547e+01   4.7677066e+00   2.2082316e+00   7.1494607e+00   6.2772633e+00   1.9857894e+00   2.2110797e+00   1.7432502e+00   5.6855944e-01   4.1972768e+00   5.7577167e+00   1.6663623e+00  -5.4834513e-02  -2.9314649e+00  -8.8998439e-01  -1.4711251e+00   3.2801111e+00   4.3587550e-01  -1.0528331e+00  -1.6019335e-01   1.2789855e-01
   1.5318205e+01   7.5459803e+00   8.0810729e+00   2.0686722e+01   4.4589980e+00   2.5388902e+00   1.1277877e+01   7.1484448e+00  -1.3709216e-01   1.2212882e+00   2.0395427e+00   7.1177281e-01   2.2202879e+00   2.3759482e+00  -3.9059357e-01  -4.5775308e+00  -4.0058636e+00  -1.3370543e+00  -1.8298679e+00   1.7741726e+00   1.1752291e+00   4.5023012e-01   1.4472157e-01  -1.9716838e-01
   1.5328796e+01   7.2214273e+00   7.4430635e+00   1.8910092e+01   6.5776101e+00   1.4013732e+00   9.1688350e+00   7.8121248e+00   2.8544089e+00   2.6072289e+00   2.3799593e+00   4.8242063e-01   5.2167794e+00   1.8821889e+00  -7.2049804e-01  -5.9209067e+00  -4.3067335e+00  -3.7605544e+00  -3.0906738e+00  -8.1529406e-01   1.5152499e+00   1.7795658e+00   1.4633265e-01  -3.2464798e-01
   1.4615646e+01   5.8473175e+00   7.0041212e+00   1.0685343e+01   1.2356388e+00  -6.8106380e-01   6.2819651e+00   5.6231866e+00   3.2183300e+00   3.9702341e+00   2.3851887e+00   3.2347077e-01   4.6426368e+00   3.4763830e+00  -2.0897385e-01  -1.1167746e+01  -5.6931094e+00  -5.1553441e+00  -7.1370457e+00  -7.4002355e-01   3.7023561e+00   2.3180704e+00   3.1557732e-01  -2.6592243e-02
   2.1019063e+01   9.1208502e+00   6.9637717e+00   1.1310876e+01  -8.0714041e-02  -1.8226231e+00   5.0114061e+00   5.8169513e+00   2.5809533e+00   3.5059555e+00   1.7899263e+00   2.7573849e-01   2.0805314e+00   4.3269024e+00  -1.5646767e-01  -1.1214669e+01  -6.2633381e+00  -2.9021234e+00  -4.8665344e+00  -9.6018533e-01   1.7431171e+00   8.6418919e-01   2.3084640e-01   2.8703773e-01
   1.9437027e+01   1.1810843e+01   8.0072581e+00   7.7347117e+00  -7.5150394e-01  -3.5821278e+00   2.6510231e+00   7.0359963e+00   5.5531699e+00   4.2490304e+00   2.8079252e+00   7.7522551e-01   1.6758595e+00   1.8744951e+00  -3.5677402e+00  -6.8111559e+00  -1.1304067e+00   2.5020141e+00   2.4218969e+00   2.3801579e+00   7.6866932e-01  -7.7371927e-01  -1.9966941e-01   2.5984327e-01
   1.6038903e+01   1.0730018e+01   6.7067936e+00   3.5634045e+00  -1.8238257e+00  -1.5012800e+00   3.6845044e+00   5.6654420e+00   4.3016647e+00   3.7641145e+00   2.5148606e+00   6.8709986e-01  -2.3185458e-01  -1.0761278e+00  -4.5233502e+00  -6.0098913e+00  -3.9581669e-02   5.5426431e+00   6.8964504e+00   4.0037635e-01  -2.4205086e+00  -2.1064743e+00  -8.6231820e-01   4.6665375e-02
   1.9619515e+01   7.8544764e+00   1.7810000e+00   4.3423455e+00   4.1158458e-01   2.9112859e+00   1.0578261e+01   9.2691782e+00   3.5109783e+00   2.6805757e+00   1.7232174e+00   5.0755499e-01   4.7219653e+00   5.2655128e-01  -3.8467065e+00  -3.5542640e+00  -2.5772491e+00   3.6237004e+00   7.3551266e+00  -5.5334449e-02  -4.6050887e+00  -2.6698551e+00  -1.1675946e+00  -2.3893404e-01
   2.0580037e+01   9.4848419e+00   3.2918754e+00   3.9922225e+00  -7.2163080e-01   3.2446347e+00   1.1392463e+01   5.3009248e+00  -2.8713886e-02   1.1304714e+00   1.0388029e+00   4.7957182e-01   7.3400775e+00   3.4625960e+00  -7.6059560e-01  -1.3496133e+00  -6.9372061e+00  -4.0406576e+00   5.6311696e+00   2.6633777e+00  -2.3650966e+00  -1.1870102e+00  -4.4250756e-02   1.1352532e-02
   2.4249408e+01   1.3223258e+01   3.9446574e+00   2.1889068e+00  -5.1684751e+00  -5.1953461e-01   9.8297338e+00   7.1352532e+00   8.1072612e-01   1.5610693e+00   1.7945621e+00   5.2058847e-01   1.2321463e+00   3.2840845e+00   2.5863639e+00  -3.1315407e+00  -8.0875671e+00  -7.1937810e+00  -1.9202644e+00   2.2567230e-01  -2.8116521e-01   2.2388128e-01   8.7046814e-01   2.8362015e-01
   2.4734073e+01   1.3239521e+01   4.4840715e+00   2.6157039e+00  -9.4396050e+00  -5.8468562e+00   1.2505523e+01   1.0727471e+01   2.1041458e+00   2.5433523e+00   2.4128121e+00   6.9761191e-01  -2.1541345e+00  -6.6603052e-01   2.1587578e+00  -1.1712457e+00  -6.3888292e+00  -8.2748084e+00  -5.7024148e+00   1.9672827e-01   2.4893065e+00   1.6802004e+00   1.1128791e+00   2.4250560e-01
   1.9390716e+01   1.0903264e+01   5.0644478e+00   3.3329374e-01  -7.3607790e+00  -3.3336401e+00   7.1413347e+00   6.8944136e+00   2.0228006e+00   2.3099572e+00   2.3419150e+00   8.2396516e-01  -6.4099618e+00  -2.4505238e+00   2.3845596e+00   2.2854481e-01   4.9628120e-01  -3.8686140e+00  -9.1600872e+00  -3.3647700e+00   3.7951647e+00   3.1205284e+00   1.0432366e+00   2.1405705e-01
   1.9778181e+01   9.6457935e+00   5.9701169e+00   3.1631605e+00  -9.2087227e+00  -7.7605251e+00   4.1830400e+00   5.7164370e+00   3.0992086e+00   3.2763280e+00   2.4344451e+00   6.9164187e-01  -3.1739303e+00   1.1337221e+00   2.8537777e+00   5.1001096e-01   4.0258995e+00   2.1731712e-01  -9.0053362e+00  -3.9605772e+00   3.4527550e+00   2.4591336e+00   1.5542842e-01  -1.1212322e-01
   1.7112411e+01   1.1344336e+01   6.7784740e+00   2.2579957e+00  -4.5394944e+00  -5.3656211e+00   2.5084432e-01   4.5936152e+00   6.0059417e+00   5.8753740e+00   3.3486006e+00   8.4465906e-01   1.3765264e+00   3.3630950e+00   1.5477013e+00   8.6601920e-01   3.9596114e+00   2.1818893e+00  -1.6455312e+00   5.2038038e-01   2.5199122e+00   1.1777478e+00  -1.4203308e-01  -1.0600704e-01
   2.1112330e+01   1.4719568e+01   7.9077250e+00   2.4183694e+00  -4.8113981e+00  -4.5048900e+00   2.4427634e+00   5.9370044e+00   5.2917078e+00   4.4493443e+00   2.1426119e+00   5.1908014e-01  -3.2515821e-01   2.1890279e+00  -5.2139666e-01  -1.4969441e+00   5.2886623e+00   6.8311342e+00   2.0703617e+00   8.7423160e-01  -4.4236246e-01  -1.8342027e+00  -1.0578920e+00  -4.4278505e-02
   2.0788431e+01   1.3411019e+01   6.4171958e+00   2.0047181e+00  -3.6200242e+00  -1.6886237e+00   5.5431762e+00   7.5647004e+00   4.7064194e+00   3.4900707e+00   2.2747819e+00   7.5123546e-01   3.5100569e+00   5.1694690e-01  -4.8474142e+00   4.6913859e-01  -2.1820060e+00  -2.7816241e+00   4.2776832e+00   1.7082461e+00  -3.7390324e+00  -3.7588933e+00  -1.8969326e+00  -3.0382353e-01
   1.7452433e+01   1.1895994e+01   5.3686610e+00   1.0443831e+00  -1.7354644e+00   6.4767743e-01   4.6424166e+00   5.5422418e+00   3.0854261e+00   1.7176756e+00   1.3845164e+00   6.7193591e-01  -4.3437713e-01  -1.3924381e+00  -2.8182600e+00  -6.5046249e-01  -3.9045734e+00  -5.4974257e+00  -6.3058210e-01   2.0372271e-01  -1.2273718e+00  -5.8519628e-01   3.7550211e-01   8.9457789e-02
   2.4207445e+01   1.3531544e+01   7.7688477e-01   3.6486967e+00  -9.3504703e+00  -1.2114341e+01   5.5675425e+00   7.3533657e+00   1.5005340e+00   1.6028683e+00   8.8224942e-01   3.1249587e-01   7.9457806e-01   7.1231710e-01   1.5128009e+00   2.9710030e-01  -4.2873936e+00  -5.4311894e+00  -1.8439419e+00  -2.9126342e-01   2.0649468e-01   9.1116526e-01   8.1688499e-01  -1.2713564e-01
   1.8751257e+01   1.2570648e+01   6.5004905e+00   6.2068635e-01  -7.8030351e+00  -7.5381699e+00   1.4847071e+00   6.3482558e+00   5.0535928e+00   4.5151511e+00   3.4021313e+00   8.7263661e-01   2.6620537e+00   7.9016301e-01   3.5118878e+00   1.3429105e+00  -2.3784987e+00  -1.7403555e+00   2.2358421e+00   2.9605909e+00   1.4910842e+00   1.9593522e+00   1.7507090e+00   1.1680582e-01
   2.1330886e+01   1.4142167e+01   8.1204824e+00   2.6622169e+00  -7.0173293e+00  -5.7424842e+00   4.3561182e+00   6.7247983e+00   4.0320780e+00   3.4580809e+00   2.4913019e+00   4.6018166e-01  -1.6516061e+00  -1.0502127e+00   4.7063948e+00   4.0466785e-01   1.5881427e+00   5.6192931e+00   2.2541471e+00   9.0072596e-01   1.0379322e+00   1.5407812e+00   1.4112303e+00   2.9982263e-01
   2.2883793e+01   1.2775927e+01   6.9646939e+00   3.5519888e+00  -6.4697830e+00  -5.1487842e+00   8.6018919e+00   1.0297412e+01   4.0562804e+00   3.7290976e+00   3.2060536e+00   7.7330176e-01   1.6525593e+00  -2.8452686e+00  -2.3977303e+00   6.8836538e-01  -1.7655890e+00   1.8360533e+00   2.9159198e+00  -1.5676458e+00  -4.2558786e+00  -1.3855399e+00  -8.8723217e-01  -1.2211943e-01
   1.9663768e+01   1.1853586e+01   7.6043753e+00   2.7900473e+00  -7.6348824e+00  -4.8800941e+00   5.3901708e+00   6.7298766e+00   3.5560885e+00   4.3070669e+00   3.0971338e+00   8.1189724e-01   1.6021342e-01  -3.3251546e+00  -5.7438353e+00  -3.5628837e+00  -8.5224806e-01   1.4973933e+00   1.4147071e-01  -1.3232884e+00  -2.1875199e+00  -1.4028504e+00  -7.2752278e-01   1.0721179e-01
   2.2063656e+01   9.4470365e+00   3.1619485e+00   1.5893193e+00  -1.0142642e+01  -5.2152851e+00   5.3415605e+00   3.9942480e+00  -1.0922303e+00   2.0123482e+00   1.7683671e+00   5.1359967e-01   5.0095903e-01  -2.1561455e-01  -5.1638709e+00  -4.5090902e+00   1.7637760e+00   3.0324220e+00  -1.0741787e+00  -1.1330825e+00   1.0656103e-01  -2.0157040e+00  -1.4313356e+00  -2.2125585e-01
   2.1981275e+01   1.0818881e+01   1.4061021e+00  -1.7007739e+00  -6.4592718e+00  -3.4631438e+00   6.1984899e+00   7.8914477e+00   3.3250535e+00   2.2121801e+00   2.1188610e+00   7.5085039e-01   6.0319907e-01   2.0067560e+00  -2.7605810e+00  -3.6337160e+00   4.5776997e+00   5.3858980e+00   1.8395377e+00   2.0040024e+00   2.3283174e+00  -9.2695601e-01  -5.9704339e-01  -5.4235514e-02
   2.2476478e+01   1.2969857e+01   2.3180241e+00  -9.6623596e-01  -4.4119243e+00  -1.3086263e+00   6.5864643e+00   8.0170026e+00   4.3316394e+00   1.7529850e+00   1.5481865e+00   4.7194141e-01  -2.3643381e+00   2.8111059e+00   1.6393781e+00  -5.5867765e-01   5.6806115e+00   4.9787646e+00   9.7953044e-01   3.0143981e+00   4.7068241e+00   9.6788771e-01   3.7038654e-02   1.5144630e-01
   2.0362155e+01   1.3102309e+01   3.8854660e+00  -1.3827492e+00  -3.6336917e+00   1.2454235e+00   7.5270254e+00   7.7245029e+00   4.3366298e+00   3.0463145e+00   2.3116590e+00   7.5137310e-01  -2.9384007e+00  -7.6515031e-01   1.8118280e+00   2.9671579e+00   2.7396198e+00   1.9861716e+00   2.7644083e-01   3.4110678e-01  -1.8501420e-01  -9.5362589e-01  -1.3615791e+00  -1.9410266e-01
   1.9326708e+01   1.2521981e+01   4.3813337e+00   5.9229044e-01  -3.0345149e+00  -1.0142181e-01   6.1465884e+00   8.5993176e+00   5.4622178e+00   3.0471125e+00   1.7275261e+00   7.4050777e-01   8.6437758e-02  -4.0141610e+00  -1.4941807e+00   4.9035313e+00  -5.4164874e-01  -6.8810912e-01   3.8169368e+00   1.6903999e+00  -2.9103594e+00  -2.3341024e+00  -1.0784029e+00  -2.0647580e-01
   1.9148559e+01   9.8950932e+00   3.0921892e+00   1.9706998e+00  -3.0385468e+00  -1.0874886e+00   6.8330891e+00   8.1119504e+00   2.4822431e+00   1.3467750e-01  -1.3177434e-02   3.2541321e-01   4.4309906e+00  -2.9845396e+00  -1.7839032e+00   6.3606835e+00  -2.8243192e+00  -2.5127245e+00   5.0676665e+00   2.5108185e+00  -4.5545953e+00  -3.3918226e+00  -1.0446460e+00  -4.4171521e-01
   2.3212933e+01   8.5522238e+00   4.7339145e-01   4.7123365e+00  -5.5219699e+00  -1.1743339e+00   1.2658838e+01   1.0358879e+01   8.9329366e-01  -2.9235013e-01   1.0930004e+00   3.7520766e-01   5.0296383e+00   3.6418126e-01   1.3051340e+00   3.2025812e+00  -4.5214575e+00  -3.3352853e+00   3.9472692e+00   2.4775397e+00  -2.5201930e+00  -7.9165397e-01   5.4651705e-01  -1.0536982e-01
   2.5065529e+01   1.0610378e+01   3.1635823e+00   6.0982531e+00  -6.6264431e+00  -1.9872073e+00   1.1872401e+01   1.0610950e+01  -2.1080107e-01  -3.7168813e-01   1.0619529e+00   2.7145034e-01   4.0825850e+00   3.5556305e+00   2.5812582e+00   1.2734799e+00  -6.0015104e+00  -3.1550547e+00   1.6622175e+00   1.7059343e+00   1.4741047e+00   3.9023103e+00   1.8621439e+00   3.5946507e-01
   2.3912681e+01   1.2710610e+01   6.3033381e+00   3.3323855e+00  -8.0227530e+00  -4.6544904e+00   9.5478365e+00   1.1066127e+01   3.0284503e+00   2.1128144e+00   2.0097365e+00   6.0943448e-01  -4.0367512e+00   2.1824705e+00   2.8116527e+00  -3.7432394e+00  -4.0978199e-01  -5.6346544e-01  -5.0831045e+00  -2.3195704e+00   3.7007642e+00   3.9866468e+00   9.9545299e-01   3.5048264e-01
   2.4922562e+01   1.3149346e+01   4.0491033e+00   4.5708952e+00  -1.0790421e+01  -4.0799925e+00   1.0881916e+01   1.0317228e+01   3.6258218e+00   4.7855607e+00   2.3216704e+00   7.4749741e-01  -4.7132184e+00  -2.8841622e+00  -2.4622948e+00  -1.8970185e+00   1.8433361e+00  -1.2413408e+00  -5.2443561e+00  -4.1491058e+00   2.4324701e+00   2.8644868e+00   7.9072054e-01   1.7065475e-01
   1.7229289e+01   1.0556446e+01   4.2481100e+00  -1.3884362e-01  -4.0546540e+00  -9.7313945e-01   5.5294231e+00   7.0263843e+00   4.5261285e+00   3.1089956e+00   1.9563212e+00   6.6290808e-01  -3.9941549e+00  -2.4359154e+00  -2.2136513e+00  -1.5551173e+00   4.3348026e+00   1.2187405e+00  -4.9718478e+00  -4.6641286e+00   1.9959130e-01  -1.7963833e-01  -3.8500024e-01  -2.3300211e-01
   2.1337397e+01   7.3612173e+00   4.9775421e-01   4.9883399e+00  -5.8454884e+00  -5.6898939e+00   6.0150731e+00   6.4071628e+00   2.6890650e+00   3.4269515e+00   2.2747414e+00   5.0069567e-01   5.4923014e-01   7.2770473e-01   1.5016464e+00  -8.9968893e-01   2.4455840e+00   7.7230796e-01  -2.8109876e+00  -3.2355668e+00  -7.5818290e-01  -3.8528443e-01   1.7630647e-01  -3.7289041e-01
   1.9714031e+01   1.1950802e+01   4.7585358e+00   7.9098726e-01  -3.9930154e+00  -2.0214289e+00   4.5234862e+00   6.0249668e+00   3.7962156e+00   2.5226615e+00   1.4557006e+00   3.8333219e-01   4.3767816e+00   4.1161519e+00   3.5540278e+00   6.1023974e-01  -2.4819741e+00  -1.1817536e+00   7.0062314e-01   8.8731902e-01   9.3881410e-01   2.1716766e+00   1.0410617e+00  -5.6775653e-02
   2.4504037e+01   1.3543725e+01   6.0463599e+00   2.7564463e+00  -7.1528642e+00  -2.3973858e+00   7.1684030e+00   5.9645862e+00   2.8535039e+00   4.5008011e+00   2.8364403e+00   3.2794974e-01   6.6239703e-02   4.5950362e+00   4.2821481e+00  -2.9930063e+00  -1.6972137e+00   3.7710766e-01   6.1734425e-03   1.4806902e+00   1.4486413e+00   5.4493972e-01   2.4076571e-01   1.7222040e-01
   2.2211142e+01   1.3639420e+01   6.8048487e+00   1.8924628e+00  -7.1239272e+00  -4.3920239e+00   6.0036929e+00   8.5786511e+00   5.8521302e+00   5.8295856e+00   3.2370643e+00   6.6411756e-01  -1.2444200e+00  -9.3404049e-01  -2.6173494e+00  -4.3773119e+00  -3.5674788e+00  -2.8651960e+00  -6.5245116e-01   1.3283200e+00   6.4576858e-01  -3.9281616e-01   1.0752926e-01   4.0859815e-01
   2.0188201e+01   1.3409462e+01   5.8978199e+00  -5.1907295e-02  -6.8258530e+00  -3.9389350e+00   5.2842299e+00   7.3513560e+00   3.8340696e+00   2.5908990e+00   1.7452081e+00   6.1863358e-01  -3.0069329e+00  -2.2030459e+00  -4.4961431e+00  -5.3640356e+00  -2.1799294e+00  -3.0461636e+00  -2.8891807e+00   2.5933813e-01   8.0662600e-01  -1.9165820e+00  -8.4073819e-01   2.3385672e-01
   2.0005319e+01   1.0616872e+01   9.0678162e-01  -4.3708037e+00  -9.5077392e+00  -5.5484484e+00   4.4868960e+00   7.3240620e+00   4.2745856e+00   2.8883884e+00   2.1626106e+00   8.5088749e-01   3.2102355e+00  -9.1768440e-01  -4.1524682e+00   1.5961122e+00  -7.1153998e-01  -3.4827241e+00  -1.3728105e-01   1.9359308e+00  -1.2192541e+00  -3.0095852e+00  -7.5183007e-01  -1.2215948e-01
   2.1096549e+01   1.1750430e+01   2.2511788e+00  -2.1579737e+00  -9.2308523e+00  -6.3884190e+00   3.5930305e+00   6.9808880e+00   4.8522152e+00   3.0965268e+00   2.1125599e+00   5.8534986e-01   3.2695609e+00   1.3090139e+00   4.0609648e-01   3.2065242e+00   6.8975366e-01  -8.0397475e-01   9.4147210e-01   2.2614589e+00   9.6525465e-01   8.8076612e-01   5.5473869e-01  -1.1080064e-01
   2.6572321e+01   1.3092409e+01   2.3994670e+00   5.3396643e+00  -6.9887375e+00  -8.3913680e+00   6.6433711e+00   1.1667781e+01   3.5141762e+00   1.0623939e+00   1.9256433e+00   4.9752020e-01  -1.4819784e+00   1.7844494e+00   4.2051552e+00   3.1130637e+00   3.5387618e+00   2.9485300e+00  -2.2667085e-02  -4.6908687e-01   7.3919209e-01   1.1080833e+00  -1.2210832e-02  -1.8267870e-01
   2.1809041e+01   1.4135215e+01   5.7606220e+00  -9.7355065e-02  -7.0507233e+00  -3.7234373e+00   5.6182005e+00   8.5716846e+00   5.6621563e+00   4.8250454e+00   2.6957998e+00   6.2911626e-01  -3.0728388e+00  -1.1078117e+00   2.2070462e-02  -3.0512166e+00   3.3738138e-01   2.9600669e+00   5.1270755e-01  -7.5406143e-01   1.1805802e-01  -1.1362472e-01  -6.9511892e-01   5.5637712e-02
   1.7426105e+01   1.2101154e+01   5.4597928e+00  -7.3151758e-01  -5.2896609e+00  -2.4581442e+00   3.4403103e+00   5.8250334e+00   4.9784032e+00   3.6862540e+00   1.8526744e+00   5.5498624e-01  -4.9010572e+00  -2.7538909e+00  -2.5825747e+00  -7.9167932e+00  -2.3943511e+00   1.9005520e+00  -1.2577515e+00  -2.2220566e+00   5.6888928e-01  -1.2918704e-01  -9.7872535e-01   2.3476240e-02
   2.1060399e+01   1.0584340e+01   7.5412157e-01  -3.6992077e+00  -9.5743186e+00  -4.9149306e+00   5.9636222e+00   8.7711699e+00   4.2971887e+00   1.6141597e+00   1.1063659e+00   6.4007341e-01  -3.2897920e-01  -1.5606279e+00  -3.5375169e+00  -3.4197328e+00  -2.5337436e-01   8.4327559e-01   4.9092411e-01   3.8224207e-01  -4.2904885e-01  -2.3187751e+00  -1.4121470e+00  -1.9549517e-01
   1.9595057e+01   1.0737010e+01   1.0288552e+00  -4.7345991e+00  -9.3184665e+00  -4.9447933e+00   4.5840330e+00   8.2349538e+00   5.0499939e+00   2.4740562e+00   1.2522722e+00   5.2725599e-01   4.6180552e+00   1.4098944e+00  -2.8782893e+00  -1.5262532e+00   9.7640084e-02   1.2888445e+00   3.1902912e+00   3.8469166e+00   9.4160630e-01  -9.2134912e-01   5.4239404e-02   1.0856656e-01
   2.0231097e+01   1.2476345e+01   2.6698154e+00  -3.2254134e+00  -5.4163821e+00  -1.2151994e+00   5.7827254e+00   7.9400875e+00   4.9827877e+00   1.9529817e+00   8.7778040e-01   3.4973863e-01   9.6112928e-01   1.7421376e+00   5.3734273e-01   5.1507234e-01   3.6539677e+00   4.1840708e+00   1.5574135e+00   6.3434723e-01   7.2199250e-01   8.9927475e-01   9.9746487e-01   2.1423848e-01
   2.4767839e+01   1.3269993e+01   1.8451192e-01  -3.2577946e+00  -7.2221691e+00  -2.3747430e+00   8.3161956e+00   1.2010949e+01   6.0480131e+00   2.1348193e+00   2.0483263e+00   8.6300347e-01   1.9118850e+00  -1.0342687e+00  -1.7729233e+00   1.6340255e+00   2.4750012e+00   2.7900961e+00   3.2450149e+00   1.1601067e+00  -1.0293089e+00  -5.0981780e-02   1.5264985e+00   6.1686024e-01
   1.9915702e+01   1.1931055e+01   1.9823073e+00  -3.6650014e+00  -5.1415157e+00   7.6150445e-02   6.4336611e+00   7.8346929e+00   4.8811678e+00   3.1326903e+00   2.2045362e+00   7.9355738e-01  -1.1152764e+00  -3.4602337e+00  -2.1127012e+00   2.9087026e-01  -7.0341911e-01  -4.5503278e-01   7.7009308e-01  -7.8878689e-01  -1.9753296e+00   4.0663703e-01   1.5819314e+00   5.8038829e-01
   2.2620582e+01   9.4582519e+00  -1.2867758e+00  -2.0637669e+00  -5.7433979e+00  -1.4053240e+00   9.1260874e+00   1.0027811e+01   3.5568404e+00   1.8077292e+00   2.8786421e+00   1.2306370e+00  -7.1618125e-01  -2.4111326e+00  -5.8124149e-01   1.0642489e+00   1.1687672e+00  -1.5852966e-01  -1.7137692e+00  -4.0794032e+00  -2.7765570e+00  -1.1052854e-01   2.6765334e-01  -5.5975428e-02
   1.9631811e+01   9.1918648e+00   2.3640740e-01  -3.3861219e+00  -7.2108963e+00  -2.3824581e+00   6.5329191e+00   7.7484763e+00   3.2653796e+00   2.7264823e+00   2.8355196e+00   1.0365043e+00   5.0048039e+00   2.9995302e-01  -2.2091301e+00  -2.4100250e-01   3.0401989e-01  -2.1270043e-01   7.8843462e-05  -1.1554948e+00  -1.9699122e-02   9.5254129e-01   3.1818848e-01  -2.2765662e-01
   2.3835512e+01   1.1022890e+01   1.8559963e-01  -1.8008610e+00  -4.4343279e+00  -1.3832333e+00   5.6959129e+00   5.9349530e+00   2.6910718e+00   2.1721305e+00   2.1343146e+00   6.5756687e-01   1.2830529e+00   2.5426086e+00   2.6499797e-01  -2.3240114e+00   1.7228178e+00   2.3983702e+00  -2.0415425e+00  -2.4800526e+00   1.7755270e+00   2.3314635e+00  -4.6259232e-02  -4.0147319e-01
   2.6815442e+01   1.1598666e+01  -2.0675755e+00  -4.1579581e+00  -5.3400209e+00  -2.5394554e-01   8.1488667e+00   8.1478797e+00   5.2845035e+00   4.3793016e+00   3.0539827e+00   7.3860750e-01  -8.2426852e-01   5.0736588e-01   2.7273493e-02   3.5334598e-01   4.1567523e+00   2.8915063e+00  -1.7771382e+00  -1.7522705e+00   1.9357479e+00   2.3957272e+00   5.0813014e-01  -7.1323289e-02
   2.0953345e+01   1.2068764e+01   2.6271264e-01  -5.1638659e+00  -4.0946090e+00   1.1279750e+00   5.2557999e+00   6.1080306e+00   5.2105690e+00   4.4785149e+00   2.7000217e+00   7.7737559e-01  -5.0385059e+00  -2.0459565e+00  -1.1394012e-01   3.3382500e-01   2.7753225e+00   1.7434666e+00  -2.3474607e+00  -1.7579144e+00   8.9725861e-01   1.5843554e+00   5.0865287e-01   7.3791057e-02
   1.9836491e+01   9.4299762e+00   2.3876113e-01  -1.1746005e+00  -1.1456274e+00   6.9919722e-01   4.0872682e+00   5.0335318e+00   4.9092528e+00   5.1668809e+00   3.3148613e+00   8.6961501e-01  -1.1220069e+00  -3.1867179e+00  -1.4392230e+00   3.8499988e+00   3.5915658e+00   7.1797859e-01  -2.1045434e+00  -3.0460150e+00  -3.1382568e+00  -1.2473332e+00  -4.1772404e-01  -1.3487510e-01
   1.9767229e+01   9.0382996e+00  -1.1384789e+00  -2.7918023e+00  -2.3685408e+00   7.5539517e-01   4.2055211e+00   4.8552554e+00   4.2245851e+00   4.1548739e+00   2.7668546e+00   7.0274970e-01   4.8821101e+00  -2.0128339e+00  -3.2505898e+00   3.1313793e+00   1.8890759e+00   4.8903245e-01   1.3749293e+00  -7.1477125e-01  -2.6124572e+00  -6.5551086e-01   3.8278346e-01   2.0326048e-02
   2.5725490e+01   8.3338212e+00  -3.5258142e+00   4.3100825e-01  -8.1570629e-01   1.0093123e+00   5.5171909e+00   4.2052448e+00   1.0701103e+00   2.6701223e+00   2.3939801e+00   5.7360779e-01   2.3004392e+00   9.6844117e-01  -4.4246162e-02   4.8304014e-02  -2.0804112e-03   1.4252581e+00   1.4267714e+00  -4.3203169e-01  -1.0044697e+00   3.7502153e-01   4.9912144e-01  -4.5760276e-02
   2.5332011e+01   9.5975911e+00  -2.7308844e+00  -1.2696014e+00  -1.4259556e+00   1.7064662e+00   6.6032325e+00   5.4500172e+00   3.2114545e+00   4.7436279e+00   3.7346374e+00   9.5586828e-01  -1.9455717e+00   1.3777260e-01   2.4121430e+00   1.5186299e+00   2.1706783e+00   3.2708505e+00   1.8886815e+00   9.6205011e-02   3.0842951e-01   1.1770313e+00   8.3085480e-01   1.0632776e-01
   2.0504759e+01   1.0602992e+01   9.6859464e-01  -1.8632449e+00  -1.6200407e+00   2.3615488e+00   5.0285695e+00   4.0881034e+00   3.9091135e+00   5.4350362e+00   3.5796520e+00   6.7441531e-01  -7.3126582e+00  -9.7442262e-01   3.9503909e+00   1.7284617e+00   3.4297877e+00   4.3454447e+00   1.9058619e+00   6.2976787e-01   8.7221277e-01   1.0941916e-01  -5.1612611e-02  -4.8337012e-02
   1.9459237e+01   8.1103730e+00   2.3253125e-01   6.3326905e-01   1.2896437e+00   4.9855526e+00   7.2828540e+00   5.0581336e+00   3.2677277e+00   4.5379639e+00   3.4203009e+00   8.1183757e-01  -1.0324133e+00  -7.3519181e-01  -1.8306115e-01   1.1192164e+00   2.3019911e+00   2.8695204e+00   2.7111555e+00  -1.3169302e+00  -3.1265054e+00  -2.3831336e+00  -7.8331197e-01  -1.9523717e-01
   1.7692890e+01   7.6157963e+00   9.1806440e-01   2.0722656e+00   2.9711756e+00   5.8879361e+00   8.0361730e+00   5.3458384e+00   2.3502928e+00   2.9370831e+00   2.4737295e+00   5.7311763e-01   3.5504661e+00   2.8090590e-01  -2.4361204e+00  -8.2948065e-01   7.2144782e-01   1.4814099e+00   2.5961795e+00  -3.8635147e-01  -2.8000508e+00  -1.5301053e+00   1.9044344e-01   2.2668009e-01
   2.5189326e+01   9.9884013e+00  -2.9802110e+00  -1.5585321e+00  -2.6857709e-01   4.2475531e+00   9.1661640e+00   2.8457544e+00  -6.9889334e-01   2.4179041e+00   3.1126307e+00   7.1366137e-01   2.4957400e+00   1.2737280e+00  -1.9008179e+00  -2.5132763e+00   8.7756015e-02   8.0636428e-01  -1.1935806e-01  -1.2368181e+00  -1.5680373e+00  -2.3532895e-01   6.2258136e-01   3.0398351e-01
   2.2965414e+01   1.0085337e+01  -1.0792149e+00  -2.0115653e+00   2.4124150e-01   4.9526633e+00   7.9811838e+00   4.6147658e+00   1.6923478e+00   4.1999082e+00   4.0191522e+00   1.0635235e+00   9.3391902e-01  -1.2846403e+00  -3.2705483e+00  -1.8572683e+00   2.4097178e+00   4.9276701e+00   1.9988468e+00  -3.5694787e-01  -5.6218140e-01   9.4376034e-01   8.2008028e-01   7.7200792e-02
   2.0566585e+01   8.7861946e+00  -1.6200560e+00  -1.0947299e+00   2.7862448e+00   6.6627354e+00   7.1313115e+00   3.5684428e+00   1.2446442e+00   3.5535579e+00   3.5814615e+00   1.0226099e+00  -4.6401290e+00  -3.9266206e+00  -1.4073823e+00   1.4381063e+00   5.5536227e+00   6.6802316e+00   2.4230090e+00   1.4365638e+00   7.0418305e-01  -1.6011693e-01  -7.6633622e-01  -4.4092166e-01
   2.1405139e+01   6.2899392e+00  -4.6678356e+00  -9.4553801e-01   5.0583413e+00   1.2071850e+01   1.2051869e+01   4.4490724e+00   5.3525194e-01   3.7848967e+00   3.4694345e+00   5.3444456e-01  -4.1134976e-01  -2.4021502e+00  -2.9736546e+00   2.8470772e-02   2.7259777e+00   2.9996455e+00   9.4833601e-01  -7.1442494e-01  -9.9508418e-01  -1.3954842e+00  -1.3976595e+00  -6.0741944e-01
   1.9009270e+01   5.9961692e+00  -3.2969740e+00   6.5613689e-02   5.6533071e+00   1.0708307e+01   1.0765335e+01   5.0834468e+00   9.3592918e-01   2.3852344e+00   2.2379852e+00   3.1681837e-01   3.6387996e-01  -1.0762665e-01  -1.6428381e+00  -2.3116239e+00  -4.6844101e-01  -6.3001257e-01  -1.7593421e+00  -6.9782426e-01   8.9980894e-01   5.2879914e-02  -5.6114635e-01  -2.2999875e-01
   2.3127047e+01   7.8771243e+00  -4.7012378e+00  -2.5490309e+00   2.8966769e+00   7.4293458e+00   7.5866763e+00   2.7856264e+00   3.5407908e-01   2.6908437e+00   2.5944011e+00   5.0529014e-01   1.0661860e+00   1.6047685e+00  -6.2975886e-01  -3.3535396e+00  -1.4623514e+00  -2.1474708e+00  -4.5577089e+00  -2.7198408e+00   7.9449461e-01   4.8549528e-01  -4.6211510e-01  -2.0619315e-01
   2.0251451e+01   7.8311621e+00  -4.0676120e+00  -3.7604192e+00   3.1644155e+00   8.0389687e+00   6.7248949e+00   3.3534295e+00   2.6849441e+00   4.1799043e+00   3.1772587e+00   6.9218896e-01   7.2563222e+00  -1.8551776e+00  -5.3221279e+00   4.1714119e-01  -2.3241426e+00  -3.9234877e-01   2.4981879e+00  -2.0520433e+00  -4.5668523e-01   2.4165577e+00   3.1365133e-01  -4.6379800e-01
   2.2383327e+01   7.7795954e+00  -5.2271549e+00  -4.0628309e+00   4.1092600e+00   1.0185313e+01   7.2355260e+00   1.2343199e+00   8.5248643e-01   3.6158047e+00   2.3066251e+00   3.7469546e-02   5.5021818e+00  -3.0202004e+00  -5.3127614e+00   8.8098068e-01   1.2033514e+00   1.4180269e+00   2.2416670e+00  -1.0357354e+00  -5.8693831e-01   8.9091459e-01  -2.9773216e-01  -6.5928091e-01
   3.0265613e+01   3.2621673e+00  -1.1017207e+01   1.4482255e+00   1.5608017e+00   8.7418003e+00   1.4688192e+01   2.7810351e+00   1.6976747e-03   5.5475904e+00   2.8523502e+00  -1.4496834e-01   8.0411950e+00   2.4113850e-01  -6.0859409e+00  -2.2733045e+00   2.1012157e+00   1.2601840e+00  -1.1298279e+00  -2.2312132e+00  -1.3574863e+00  -3.5965044e-01  -4.4480580e-01  -4.1974462e-01
   2.6373238e+01   5.6313212e+00  -9.1955822e+00  -3.8318823e+00   5.5035109e+00   9.2049704e+00   6.9675285e+00   1.5182205e+00   8.1529481e-01   3.3433725e+00   2.3102571e+00  -6.5052574e-02   3.0401439e+00   2.0216904e+00  -3.5775393e+00  -5.3273674e+00   1.9829598e+00   1.0695378e+00  -3.8872489e+00  -1.2490292e+00   1.1314534e+00   3.3587935e-01   4.0190971e-01   2.8465376e-01
   3.0318288e+01   9.2670070e+00  -1.1212310e+01  -7.2858503e+00   5.6191136e+00   1.0419416e+01   5.1641519e+00  -1.3534067e-01   6.6731045e-01   3.7766447e+00   2.5082341e+00   1.1383309e-01  -6.8152076e+00   2.9884636e+00   2.4616410e+00  -6.6362089e+00   1.8530103e-01  -6.3559758e-01  -7.9171797e+00  -2.6216896e+00   6.2848181e-01  -1.3041264e+00  -4.5085876e-01   2.6424189e-01
   2.6917206e+01   7.8097111e+00  -1.0495913e+01  -7.6868441e+00   5.0545437e+00   1.0950812e+01   6.1666725e+00   8.1896405e-01   2.2168602e+00   5.0050966e+00   3.0815478e+00   3.3504948e-01  -2.7816703e+00  -1.0662754e+00   1.4562481e+00   3.6047861e+00  -2.4924730e+00  -5.8142322e+00  -3.4956779e+00  -8.4369911e-01  -8.2608389e-01   3.0033244e-01  -2.1736872e-01   7.3615594e-02
   1.9770818e+01   6.6556677e+00  -6.6745807e+00  -6.5786070e+00   2.0632368e+00   6.9154832e+00   3.2128500e+00  -8.0187110e-01   2.4363771e-01   2.7605388e+00   1.7904167e+00   5.1343477e-02  -2.5221356e+00  -2.2240523e+00   2.9816971e+00   7.1812137e+00   4.1689756e-02  -5.5342992e+00  -2.2078638e+00  -2.2674428e-01  -1.1501562e+00  -8.1560930e-01  -2.2018282e-01   6.6751994e-02
   2.7474468e+01   5.3375777e+00  -9.2800746e+00   1.2216752e+00   3.5427399e+00   2.2355885e+00   2.6996626e+00   5.8593702e-01  -2.1199466e-01   4.3019241e+00   2.3431127e+00   7.6615624e-02   2.9524544e+00   2.8453171e-01   3.0603595e-01   3.5647742e+00   2.7185518e+00  -6.1757990e-01  -1.8882278e+00  -1.8667219e+00  -6.4329137e-01  -7.0657327e-02  -3.3201882e-01  -1.5023689e-01
   2.6256453e+01   7.1669952e+00  -7.3476830e+00  -9.6828947e-01   6.4375502e+00   6.4755791e+00   3.5858611e+00  -3.5894358e-01   1.5650364e-01   2.9048170e+00   2.5471774e+00   3.4317801e-01   5.5480761e+00   6.1504534e-01  -3.2204258e+00  -1.4546549e+00   4.4937016e+00   5.3207180e+00   7.8661948e-01  -1.2371746e+00   2.2283023e+00   2.4072313e+00   4.4756882e-01  -6.1593235e-02
   2.8103069e+01   7.9808450e+00  -9.7003075e+00  -5.1448415e+00   6.9452147e+00   1.0244394e+01   3.1478253e+00  -2.2025826e+00   1.2954902e+00   4.8269715e+00   2.2051392e+00  -3.6223118e-02  -1.2933603e+00  -3.9713407e-01  -3.7266383e+00  -9.4846322e+00  -1.0888949e+00   5.8592051e+00   1.1659447e+00  -2.0268294e+00   8.2909270e-01   3.0702392e-01  -6.1453002e-01  -3.5217570e-01
   2.7778631e+01   6.2566021e+00  -1.1295103e+01  -5.5773310e+00   7.1025517e+00   1.0892157e+01   4.1686978e+00  -1.2633732e+00   2.8323488e+00   6.1088620e+00   2.5307567e+00   1.5372996e-02   2.6530482e+00  -4.5750242e+00  -8.3707658e+00  -4.0876024e+00  -5.5422518e+00   6.0695190e-01   2.5674359e+00  -5.1863358e-01  -1.1189577e+00   1.4203739e+00  -5.7301672e-01  -6.5259385e-01
   2.4773339e+01   5.1970732e+00  -1.2896322e+01  -1.0700752e+01   1.5768967e+00   8.8161071e+00   4.1571613e+00  -2.0020923e+00  -3.0627818e-01   3.1604375e+00   1.4295280e+00  -2.8774541e-01   3.3267827e+00  -5.7239152e+00  -2.6574403e+00   2.0684521e+00  -4.1515694e+00  -1.8438823e+00   2.2981766e+00   2.9049014e-01  -1.8351120e+00  -4.9768436e-01  -2.6973612e-01  -2.8729665e-01
   3.1900891e+01   1.6963447e+00  -1.8305824e+01  -4.3217377e+00   8.0833147e-01   8.1001504e+00   6.9323469e+00  -1.2371391e+00  -7.2104876e-01   5.8686449e+00   2.0754579e+00  -5.0995161e-01   6.5191611e+00  -2.1838296e+00   4.8541466e-02   6.1881035e+00  -2.4652913e-01  -1.3142560e+00   9.5608854e-01  -1.9323148e+00  -1.5954715e+00   1.1988005e+00  -1.4582184e-03  -4.4305801e-01
   3.1032114e+01   1.6751009e+00  -1.0181107e+01  -2.6699600e+00   3.8649708e+00   8.8745742e+00   5.2132656e+00  -1.7799644e+00   3.1952093e-01   4.2005535e+00   2.0281844e+00  -2.0450578e-01   4.6327974e+00   2.0528176e-01   1.8739071e+00   6.4546800e+00   5.8044236e+00   1.1747989e+00  -1.7170667e+00  -1.6658954e+00   2.5838210e+00   3.5240314e+00   3.2227158e-01  -1.9702130e-01
   3.4427985e+01   4.7418438e+00  -1.2579898e+01  -3.1057188e-01   5.5887210e+00   8.8915399e+00   5.0747785e+00  -4.2729094e+00   1.2624200e-01   7.3870048e+00   2.2292411e+00  -6.9083384e-01  -9.1973421e-01   7.3093208e-01   1.9709788e+00  -5.3291988e-02   7.5597883e-01  -1.5422877e+00  -1.6015229e+00  -1.2977647e+00   4.3545423e-01   2.2711189e-01  -5.6454701e-01  -2.8592694e-01
   3.0458988e+01   3.9822463e+00  -1.2948425e+01  -3.0243153e+00   7.8933374e+00   1.0182611e+01   2.5103454e+00  -2.9830502e+00   3.1458079e+00   7.6873046e+00   1.8360437e+00  -4.9283625e-01   2.0877789e-01  -2.0420440e+00  -3.9922115e+00   8.6662451e-01  -5.4306003e+00  -4.5095144e+00   2.8494509e+00   1.4917649e+00  -1.8284896e+00  -6.7545996e-01  -1.8936513e-01  -6.9120479e-02
   3.0807852e+01   1.6391701e+00  -1.3965698e+01  -4.2244980e+00  -7.1883595e-02   5.1327006e+00   5.8815226e+00  -2.5822433e+00  -1.4810109e+00   4.4659372e+00   1.3247078e+00  -7.9467679e-01  -6.1209325e+00   5.2166893e-01   2.6903523e+00  -1.5065156e+00  -3.5472506e+00  -2.6081331e+00   1.1837852e+00   3.2658874e+00  -1.0878285e+00  -3.5898505e+00  -6.3477157e-02   6.0585754e-01
   3.3155347e+01   1.6337171e-01  -1.5476525e+01   5.8693984e-01  -1.4506273e+00   3.9897221e+00   9.0840699e+00  -3.8765010e-01  -1.6195870e+00   4.6478973e+00   2.1964034e+00  -2.5626503e-01  -2.9084731e+00   3.1086122e+00   4.5669261e+00   5.0913525e-01   6.3634316e-01  -9.6977851e-01  -4.5647614e-01   1.6311554e+00  -7.5033730e-01  -1.9796963e+00   8.1738942e-01   5.3289128e-01
   2.3898407e+01   7.4337845e+00  -7.2803197e+00  -4.3759728e+00   4.9398275e+00   8.0757845e+00   3.5635939e+00  -6.7177834e-01   8.7719675e-01   3.5219326e+00   1.9538456e+00   9.9666860e-02  -2.7156236e+00   2.8202503e+00   4.7342100e+00   1.7026387e+00   5.7352234e+00   2.3249888e+00  -3.0886779e+00  -6.3234476e-01   1.7662246e+00   1.6460133e+00   1.4963270e+00   2.8381001e-01
   2.9551001e+01   5.7478575e+00  -9.4407244e+00  -2.1848751e+00   6.3419966e+00   7.2564010e+00   2.9845955e+00  -1.4915497e+00   8.4119811e-01   5.1897625e+00   2.7475590e+00  -1.4067115e-01   1.7992593e+00  -2.3038234e+00   3.6124933e+00   1.8622359e+00  -3.8915916e+00  -2.2241743e+00  -1.3829964e+00  -2.7554171e+00  -1.3210366e+00   1.3945014e+00   4.8435888e-01  -4.5352285e-01
   2.8536590e+01   3.0773027e+00  -9.8822827e+00  -2.8463254e-01   4.6346395e+00   6.9868444e+00   4.2982429e+00  -2.9788106e+00  -6.2066621e-02   6.6640246e+00   3.2936205e+00  -4.2675872e-01   6.3924948e+00  -7.8019615e+00  -7.7995816e-01   7.1358756e+00  -1.1822052e+01  -7.8053499e+00   3.6994086e+00  -1.1976685e+00  -3.1157971e+00   1.2093881e+00   7.0543100e-01  -3.3916360e-01
   3.3535144e+01  -1.1141225e+00  -8.7568033e+00   1.3346235e+00  -7.1354208e+00   1.1979307e+00   6.6422508e+00  -3.3672596e+00  -3.1315103e+00   5.1686035e+00   2.2530543e+00  -6.7333651e-01  -3.2082388e+00  -1.6338626e+00   4.4495394e+00   3.7714068e+00  -7.4221644e+00  -5.3846785e+00   3.3187315e+00   2.2704680e+00  -1.9497558e+00  -1.3818184e+00   1.7109321e-01   5.5186096e-02
   3.1495078e+01  -8.3816768e-01  -8.7922174e+00   4.5680913e+00  -6.0545417e+00  -6.0300519e-01   7.2838792e+00  -1.5304261e+00  -1.8101447e+00   5.3465943e+00   3.2592444e+00  -1.4274587e-01  -4.6482378e+00   2.2715257e+00   4.7442221e+00   1.9477971e+00   1.4702955e+00  -1.6077661e+00   8.8703720e-01   3.5447979e+00   5.5093307e-01  -1.2798194e+00   5.3845002e-02   1.2462786e-01
   2.3259399e+01   5.2547987e+00  -3.3114479e+00   1.0458732e+00   5.5334055e-01   2.9743081e+00   6.4698745e+00   1.1899600e+00  -1.2093966e+00   3.7757500e+00   3.0213869e+00  -1.9989844e-01  -7.8142361e+00   2.5667520e+00   2.9263762e+00   1.5797810e+00   1.0654089e+01   2.3351678e+00  -3.0747088e+00   1.9294580e+00   2.8147910e+00   5.2951252e-01   3.4199494e-01  -4.3913023e-02
   2.6702106e+01   3.3001307e+00  -5.4886272e+00   2.7814382e+00   2.9957021e+00   3.6870066e+00   5.7149868e+00   5.9776332e-02  -1.9672385e-01   5.4407222e+00   2.9902217e+00  -4.7653596e-01   9.2628138e-01  -4.2311150e+00  -1.5347567e+00   2.5162230e+00   3.7079889e+00   2.4190212e+00  -3.0552843e+00  -3.0018326e+00   2.7739363e-01   1.4654953e+00  -8.8081546e-01  -7.5847352e-01
   2.4210276e+01   6.6685623e-01  -6.0190341e+00   4.5976216e+00   4.3205911e+00   2.5556765e+00   2.8146338e+00  -1.2681739e+00   2.8396574e-01   5.9158083e+00   2.9005580e+00  -5.7231099e-01  -3.1556735e-01  -5.5736797e+00  -3.7697493e+00   1.2790687e+00   1.1528985e+00   7.6063120e-01  -4.0928978e+00  -4.6723407e+00   8.2464696e-02   1.3800119e+00  -5.2661118e-01  -2.2231966e-01
   3.2409061e+01  -4.8908690e+00  -9.7405594e+00   6.5665517e+00  -2.3761836e+00   3.2348425e+00   4.5285732e+00  -4.8041081e+00  -2.1407354e+00   6.4748081e+00   1.9984356e+00  -1.0942499e+00  -2.0697544e+00   6.8741687e-01   2.9527546e-01  -1.1901139e+00   1.0447058e+00   1.7472614e+00  -1.6078335e+00  -2.1227855e+00  -1.6301698e-01  -3.6823814e-01  -6.6725813e-01   6.2062453e-02
   1.9932570e+01   9.8977908e-01  -6.8401057e+00   1.0719196e+00   4.9686311e+00   4.3413370e+00   9.2373457e-01  -3.3866089e+00  -1.1369377e-01   5.3287250e+00   2.7273631e+00  -2.2452097e-01   1.1393767e+00   5.2105689e+00   2.1384364e+00  -1.8224720e+00   1.8364227e+00   2.1678372e+00   5.3107706e-01   1.4640586e-01   1.4819958e+00   4.4241764e-01  -5.3722088e-01  -7.4808870e-02
   2.5736327e+01   4.1697945e+00  -4.6351782e+00   2.7591184e+00   4.2387407e+00   5.4150685e+00   4.2486862e+00  -2.0651844e+00  -2.4241956e-01   5.1819066e+00   2.0759320e+00  -5.5733730e-01  -1.0289057e+00   3.9157882e+00   4.0046870e+00   1.5770546e+00   3.3725025e+00  -3.5560195e-01  -4.8847010e-01   4.7518819e-01   1.7544204e+00   1.0364835e+00  -1.0131260e-01  -1.7348199e-01
   2.9255708e+01   3.9523778e+00  -5.3640702e+00   3.7676303e+00   3.7677630e+00   4.7173192e+00   3.7511929e+00  -2.4180269e+00   1.5578016e+00   7.2258855e+00   2.0559785e+00  -9.5298058e-01   6.7603230e+00  -4.2955425e+00   1.3753305e+00   4.1392089e+00  -5.7897827e+00  -2.1183086e+00   3.1105677e+00  -2.3400923e+00  -2.1006432e+00   1.1498085e+00  -4.7317099e-01  -6.2956150e-01
   2.6204134e+01  -4.9848603e-01  -4.4715467e+00   7.5842782e+00   3.2830043e+00   2.5134484e+00   2.3821389e+00  -4.5756168e+00  -3.4485243e-01   7.0809531e+00   2.1821590e+00  -9.9024304e-01  -4.4624834e+00  -3.5536572e+00   1.8666483e+00   1.2155419e-01  -4.6794605e+00  -2.2477885e+00   6.5337310e-01  -1.7556585e+00  -3.0713576e+00  -1.0276769e+00   3.9847524e-01   2.9192661e-01
   2.9839152e+01  -3.1193944e+00  -4.8589256e+00   4.8681530e+00  -3.2381746e+00   2.6146840e+00   6.5228598e+00  -5.6415312e+00  -3.2134421e+00   6.1039144e+00   1.9644931e+00  -9.5241035e-01  -1.0255315e+00  -7.0703913e-01   2.5226653e+00   2.9257738e-01  -5.1277777e+00   6.6666964e-01   4.0306207e+00  -1.4990849e+00  -4.1820978e+00  -1.4582561e+00   5.2349205e-01   3.5695587e-01
   1.8750880e+01   2.3751948e+00  -2.0877781e+00   2.3911884e+00   7.2251880e-01   3.0947034e+00   3.8429124e+00  -3.0869201e+00  -2.4638341e+00   4.2013768e+00   2.7193876e+00  -1.1973249e-01   9.6384223e-01   4.5230819e+00   1.0426819e+00  -2.3057108e+00   3.7085154e-01   3.1972287e+00   1.6251681e+00  -1.0536313e-01   1.2701227e-01   2.8453249e-01   1.8563876e-01   1.8137340e-01
   3.1444037e+01   1.4549787e+00  -2.7719565e+00   6.8030413e+00  -2.6436608e+00   5.4266962e+00   9.0667372e+00  -5.4110026e+00  -3.6558542e+00   6.4782895e+00   2.5726023e+00  -8.5280205e-01  -2.3637851e+00   3.5348316e+00   1.6012888e-01  -1.7231321e-01   5.8818962e+00   3.0129537e+00  -2.6500379e+00  -1.1443292e+00   1.3359381e+00   8.7426958e-01   1.8679850e-02  -5.2835755e-03
   2.6847454e+01   3.9989503e+00  -3.9510084e+00   3.1582678e+00   3.5420247e+00   5.9032854e+00   3.5479524e+00  -4.8489258e+00   6.6872055e-02   7.3205643e+00   2.1565626e+00  -7.6798709e-01   2.9456480e+00  -4.1863118e+00  -2.1290333e+00   3.0062673e+00   3.8506585e+00   5.2935533e+00   1.9331774e+00  -4.6926830e+00  -2.5072260e+00   4.4548977e-01  -9.0495801e-01  -6.3309105e-01
   2.2245187e+01   1.3709752e+00  -3.6871172e+00   4.2261435e+00   4.1749167e+00   5.7298236e+00   2.6952829e+00  -6.4770221e+00  -2.4748880e+00   5.8557250e+00   2.2739254e+00  -6.3620841e-01  -7.8397042e+00  -4.5426610e+00  -5.9928775e-01   2.4347702e+00   6.9810081e+00   4.5633864e+00   6.4356178e-02  -2.5991831e+00  -3.2624500e+00  -1.8907986e+00  -2.2748854e-01   9.5461130e-02
   2.7768777e+01  -3.8622712e+00  -4.8237478e+00   8.1890382e+00   3.0892178e+00   1.0883470e+01   9.9284056e+00  -9.5929348e+00  -6.8151563e+00   5.1808937e+00   1.5112890e+00  -1.1776659e+00   3.2064352e-01  -2.1246958e+00   1.2486326e+00   2.7911683e+00  -4.5605291e-01   1.2277038e+00   3.1592300e+00  -3.2047897e-01  -3.0526427e+00  -1.5442757e+00   3.7627337e-01   1.4405926e-01
   1.9223820e+01  -1.4284021e+00  -3.2345185e+00   7.9398115e+00   8.0542547e+00   9.7816837e+00   5.9730448e+00  -6.9377727e+00  -5.1085150e+00   4.7119270e+00   2.5540063e+00  -5.0477096e-01   8.0266486e+00   3.8228541e+00  -1.9061606e+00   1.2991727e+00  -9.7439099e-01  -2.6572291e+00  -1.4515666e+00   2.5285328e+00   2.6312225e+00   1.1770587e+00   3.9595579e-01  -9.8246917e-02
   2.8839103e+01   2.2115952e+00  -2.3043589e+00   5.4881862e+00   9.1827628e-01   5.7189111e+00   6.6479164e+00  -5.0992689e+00  -3.1952785e+00   5.5760499e+00   2.5809322e+00  -6.1761692e-01   9.9439762e-01   7.9710171e+00  -1.3310203e+00  -4.1269695e+00   1.5972992e+00  -6.2855452e+00  -9.8756088e+00   4.0428483e+00   6.8606862e+00   3.8990417e-01  -4.8754795e-01   1.4496469e-01
   3.3749997e+01   4.0683231e+00  -7.8060525e+00   7.5253286e+00   3.7988010e+00   4.3262593e+00   2.1581777e+00  -4.9310558e+00  -3.3799318e-01   7.4237350e+00   2.3330375e+00  -1.0636033e+00   7.6818611e+00   1.8224656e+00  -3.4439083e+00  -1.4323277e+00  -5.6860346e+00  -2.8181202e+00  -2.2870905e+00  -3.8609083e-01   9.9728965e-01   3.4254432e-01  -1.8967357e+00  -2.0353594e-01
   2.1997285e+01   5.3458919e+00  -4.5345112e+00   2.2058253e+00   7.6128935e+00   4.1828640e+00  -2.9775740e+00  -4.5320208e+00   1.0906122e+00   4.4098459e+00   8.9045150e-01  -6.8080269e-01  -5.9917811e+00  -3.1600657e-01   3.9652364e-01  -3.4904355e+00  -2.8137421e+00   7.5834018e-01   6.5552989e-01  -5.2038013e-01  -1.9104343e+00  -2.1102962e+00  -1.2295149e+00   4.1806566e-01
   3.4167520e+01  -2.6185203e-01  -7.2853048e+00   7.4325003e+00  -3.8221057e+00   6.3225270e+00   7.3551542e+00  -7.8005330e+00  -5.7555259e+00   5.8088454e+00   5.5414305e-01  -7.7848198e-01  -2.3206655e+00  -4.0342703e+00   4.4940796e+00  -1.4016854e-01  -5.7696069e+00   4.4325849e+00   8.0459008e+00  -3.4162284e+00  -3.6099867e+00  -1.0035705e-01  -9.7591065e-01   6.4599269e-02
   1.9642670e+01   3.9026729e+00  -1.9699473e+00   2.9894709e-01   5.0811646e-01   5.8582875e+00   5.0327229e+00  -4.4451005e+00  -3.3521636e+00   3.2180504e+00   1.6261070e+00  -1.3307908e-01   4.8989212e+00  -5.3358197e+00   2.3203167e+00   4.3030854e+00  -2.5331484e+00   4.7354906e+00   8.5946120e+00  -4.6622488e+00  -1.5165481e+00   2.9972223e+00   7.4236137e-02  -5.8982780e-01
   3.1446306e+01  -1.2614728e+00  -2.3472151e+00   8.2685149e+00  -1.3032208e+00   1.0137425e+01   1.0221880e+01  -1.0098858e+01  -3.5315853e+00   7.8690972e+00   5.0134376e-01  -1.2405662e+00  -1.1406168e+00  -3.8970657e+00   9.0354799e-01   3.4978336e+00   5.1923242e+00   1.9005803e+00   1.0527198e+00  -2.9037469e+00   1.4902017e+00   2.0692102e+00   8.9204617e-02  -7.1033992e-01
   3.0706274e+01  -2.1580273e+00  -3.5230810e+00   8.2424461e+00   2.5537284e+00   9.3786510e+00   8.4809809e+00  -1.0376231e+01  -2.2961802e+00   7.8755535e+00   1.0282054e+00  -1.3345023e+00   3.2141210e+00  -6.5987537e+00  -4.1685973e-01   6.1797399e+00  -2.9800530e-01  -4.7521713e-01   7.3395321e-01  -4.0234237e+00  -1.8325177e+00   1.3460688e+00  -3.3555875e-01  -6.1636254e-01
   2.6924793e+01  -3.0771006e+00  -5.1534160e+00   8.7075011e+00   2.9435746e+00   7.4132158e+00   7.2101050e+00  -9.1905880e+00  -4.0482150e+00   6.5839091e+00   9.8690081e-01  -1.2432803e+00  -9.7457266e+00  -1.6644862e+00   1.1628597e+00  -1.1033203e+00   2.1368635e-01  -3.6982788e+00  -3.9629604e+00   4.2075724e-01  -2.5472935e+00  -2.7214836e+00   5.8183883e-01   3.3829109e-01
   2.6724608e+01  -5.0876438e+00  -1.1921365e+00   9.3490638e+00  -2.0622891e+00   6.5075663e+00   7.6395405e+00  -1.0934371e+01  -5.8426253e+00   5.8797476e+00   8.7999038e-01  -1.0562658e+00  -3.9145822e+00   3.6460277e-02   3.4513713e+00  -8.0458182e-01  -2.1527869e+00  -1.1773113e+00  -1.7478327e+00   1.1525684e-01  -1.7315265e+00  -1.7864418e+00   4.4819534e-01   3.4889978e-01
   1.8818549e+01  -2.2933938e+00  -1.7683978e+00   6.0602257e+00   1.3253175e+00   6.0255490e+00   4.6981600e+00  -9.1886525e+00  -5.5793031e+00   4.7847748e+00   1.4482095e+00  -8.7224777e-01   2.8839050e+00   3.8546675e+00   1.9162435e+00  -7.5914129e-01   6.8579660e-01   2.5020371e-01  -2.0715571e+00  -2.7308701e-01   1.1386567e+00   6.1094957e-02   5.0681648e-01  -2.5868320e-02
   2.8887523e+01  -2.4951902e+00  -3.8533100e-02   8.3592111e+00   1.3367662e-01   8.3065175e+00   7.1152044e+00  -1.0204314e+01  -4.1279260e+00   6.0954579e+00   1.4698440e+00  -9.9666887e-01   5.4662251e-01   6.6264730e+00  -5.6668061e-01  -1.1365265e+00   6.5937468e+00  -7.6780663e-01  -6.2157975e+00   1.2332942e+00   2.8377434e+00  -3.6875129e-01  -4.7342897e-02  -1.8916936e-01
   3.0169193e+01   1.4086738e+00  -2.8558524e+00   8.0637155e+00   2.8742866e+00   6.8890457e+00   4.3649374e+00  -9.9652473e+00  -3.1975796e+00   6.5676964e+00   1.4521987e+00  -1.3118812e+00   5.5193907e+00   2.5423052e+00   3.4633232e-01   4.2580860e+00  -1.4139770e+00  -4.3173345e+00  -9.1199193e-01  -4.6017491e-01   3.3806571e-01   1.1247258e+00  -1.3034081e+00  -2.8358389e-01
   2.1869220e+01   3.0010320e+00  -1.4984301e+00   6.6425291e+00   7.0538465e+00   4.9241080e+00  -1.5175445e+00  -8.6961328e+00  -2.7768719e+00   4.4351598e+00   8.0698142e-01  -1.1202031e+00  -2.1163250e+00   2.5353402e+00   4.1559209e+00   5.6366936e-01  -8.6177121e+00  -6.6750796e+00   2.5777168e+00   1.6384694e+00  -2.7771176e+00  -1.6769154e+00  -1.1606514e+00   2.3362823e-01
   3.0606787e+01  -1.2280471e+00  -5.1895086e-01   1.3305696e+01  -4.2557329e+00   1.2407519e+00   7.6465466e+00  -1.0633005e+01  -5.7477316e+00   7.3020126e+00  -1.7547132e-01  -1.2358565e+00  -3.6722111e+00   1.5442278e+00   5.3063204e+00  -1.5292503e+00  -6.9932910e+00  -2.1486837e+00   3.8092755e+00   2.0609657e+00  -2.0927154e+00  -1.8613436e+00  -3.8909735e-01   4.1260463e-01
   2.5494238e+01   2.6261805e+00   5.0268975e+00   6.5837251e+00  -9.2278817e+00   1.1180449e+00   9.3409751e+00  -7.4127305e+00  -7.0185264e+00   3.2129267e+00   5.4270201e-01  -6.8423890e-01   4.5481979e+00  -3.1121909e-01  -5.4884414e-01   8.6828617e-01  -1.9417505e+00   2.9272106e+00   2.8493677e+00  -3.0571764e-01  -2.1709382e-01   1.5529956e-02   3.9523384e-01   5.6579129e-02
   2.2848367e+01   3.9124413e+00   1.8409644e+00   5.7992421e+00   5.2521423e-01   5.5690517e+00   4.6495908e+00  -7.5154998e+00  -4.2158254e+00   4.3867975e+00   1.0006924e+00  -9.1095640e-01  -3.2548920e+00   1.9596361e+00  -3.4683072e+00  -1.8239792e+00   1.2526647e+01   5.1426724e+00  -8.0414637e+00  -5.7816935e-01   2.0638719e+00  -1.7159928e+00   5.6502068e-01   2.1454179e-02
   3.2570726e+01  -3.6040877e-02  -3.5016539e+00   1.1698185e+01   1.7507472e+00   7.1507741e+00   4.2549849e+00  -1.0713462e+01  -3.8684657e+00   5.9160623e+00   8.1175033e-01  -1.1977845e+00  -9.8447965e-01  -1.5364770e+00  -4.7031552e+00   2.2942211e+00   1.1128228e+01   3.2342604e+00  -6.5283742e+00  -2.9851460e+00   3.4294757e-01   8.9818872e-02  -1.0715863e-01  -2.8439089e-01
   2.2186205e+01   3.0425177e+00  -1.4571360e+00   8.0124969e+00   9.0449230e+00   5.9383959e+00  -1.8726539e+00  -9.8498937e+00  -4.2269540e+00   3.3764555e+00   5.3753554e-01  -9.4690240e-01  -1.0100239e+00  -3.6622988e+00  -2.0493593e+00   8.6746023e-01   2.1145660e+00  -5.6666620e-01  -3.0441376e+00  -3.6334933e+00  -2.2513786e+00  -8.3076959e-01  -7.0340406e-01  -1.2907377e-01
   2.4348600e+01   7.5642684e-01  -3.7878520e-01   8.9184293e+00   3.2046063e+00   5.7847635e+00   2.8095361e+00  -1.0723253e+01  -6.4985407e+00   3.8528260e+00   6.1354249e-01  -1.0928522e+00  -2.9626678e+00  -3.0347887e+00   7.5892043e-01  -8.3406080e-01  -1.1078613e+00  -1.1000962e+00  -6.5062945e-01  -1.9879630e+00  -1.5798804e+00  -3.6986379e-01  -5.7446148e-01  -6.3701013e-02
   2.5444394e+01  -1.9772408e+00  -2.7945090e+00   8.4903104e+00   2.9701336e+00   5.4020577e+00   8.0610889e-01  -1.2960845e+01  -6.2778558e+00   4.1722613e+00   4.4690228e-02  -1.1570332e+00   4.6360582e+00  -5.3489856e-01   6.2630382e-01   2.0533826e-01  -3.3921360e+00  -5.1462203e-02   2.2407262e+00  -1.0418302e-01   1.1451558e+00   1.2479209e+00  -5.6760222e-01  -3.6457165e-01
   2.6497630e+01  -2.0783447e+00  -1.6945868e+00   1.0208187e+01   3.1263500e+00   5.7687988e+00   1.9396594e+00  -1.2139931e+01  -5.2128354e+00   4.9633638e+00   1.9648076e-01  -1.1882706e+00   5.6020642e+00   2.3257295e+00   3.9039285e-01   8.5953622e-01  -1.2379246e+00  -1.9339872e-01   1.8394593e+00   1.2627939e+00   2.1524460e+00   6.7726669e-01  -8.2445193e-01  -3.1705418e-01
   2.8065777e+01   3.6575556e+00   1.4022051e-01   7.6756254e+00   3.9958472e+00   5.8691849e+00   1.9233738e+00  -9.2978290e+00  -3.1520731e+00   4.6930680e+00  -1.0533693e-01  -1.4460507e+00   6.5312555e-01   5.0485148e+00   2.2004537e+00  -8.0416256e-01  -5.2868978e-01  -1.4628892e-02   2.8676501e+00   3.3384356e+00  -5.1268227e-01  -2.1601390e+00  -4.1182869e-01  -3.6027092e-02
   3.1441005e+01   1.4276229e+00  -1.2605607e+00   1.0615076e+01   8.3486264e-01   5.2611018e+00   5.0100926e+00  -1.0660569e+01  -4.8327631e+00   4.6083227e+00  -5.4812183e-01  -1.4239248e+00  -4.3921555e+00   1.9127088e+00  -3.7760922e-01  -3.1816536e+00   7.0978789e-01   9.9990333e-02  -4.7852162e-01   1.3523084e-01  -3.2554702e+00  -3.4313314e+00  -2.2146946e-01   2.7234952e-01
   2.3952395e+01   3.8425476e+00   2.8915849e-01   7.0806221e+00   3.3228426e+00   5.6339629e+00   3.5723674e+00  -8.6928720e+00  -7.2369154e+00   1.1095733e+00  -2.0075151e-01  -1.0932467e+00  -3.8778229e+00  -2.8884636e+00  -3.4183827e+00  -1.6569139e+00   3.0771168e+00   1.1602321e+00  -2.9257581e+00  -3.2429836e+00  -4.1485884e+00  -1.5441585e+00   2.3119183e-01   3.9338371e-01
   2.1966087e+01   6.9822256e-01  -2.3354696e+00   5.7332084e+00   4.5275342e+00   6.0363954e+00   3.9738011e-01  -1.2239563e+01  -8.0536195e+00   1.6081140e+00  -8.8016147e-02  -9.5614830e-01  -2.2744408e+00   1.1528025e+00  -3.2006363e-01  -4.8449791e-01   4.7420294e+00   1.1703818e-01  -4.6113783e+00  -7.3122328e-01  -9.4053146e-01  -5.7240337e-01   7.1336150e-01   3.1684396e-01
   2.6986502e+01  -3.1043958e-01  -4.4498991e+00   7.6311883e+00   6.7651866e+00   7.2218862e+00  -1.5890708e-01  -1.3372807e+01  -7.7645275e+00   3.8769346e+00   1.1397976e-02  -1.0898633e+00   3.6380922e+00   3.4374487e+00   2.9804345e+00   3.1627952e+00  -2.1264542e-01  -2.0945864e+00  -4.7916927e-01   1.8163221e+00   7.3749743e-01   2.9072179e-01   5.1280861e-01   1.2008444e-01
   2.6512290e+01   5.2333203e+00   6.2887269e-01   9.6130462e+00   6.2267348e+00   4.6426974e+00  -4.1337657e-02  -9.4174366e+00  -5.9797543e+00   2.3660370e+00   4.1584567e-01  -9.5035052e-01  -3.7176622e+00   7.6078411e+00   7.5583972e+00   5.6858561e-01  -2.2486464e+00  -3.6378006e+00   6.4170995e-01   6.4541939e+00   1.8547557e+00  -3.1060387e+00  -4.4539424e-01   3.0565935e-01
   2.7136432e+01   6.7311717e+00   3.2776391e+00   9.8848961e+00   2.1542742e+00   3.1889322e+00   3.0729724e+00  -7.3794521e+00  -7.1676019e+00   1.1666944e+00   3.1653050e-01  -9.1601898e-01  -6.7674922e+00   2.1625608e+00   2.4065682e+00  -4.2692363e+00  -4.5369369e+00  -3.3547772e+00   1.3460371e-01   3.5514676e+00   1.1994896e+00  -2.5368174e+00  -4.8738776e-01   2.3973685e-01
   1.6314629e+01   8.5891785e+00   5.1383571e+00   5.4592330e+00   3.4600208e+00   2.5961714e+00  -2.5599472e-01  -5.5549500e+00  -5.5699487e+00  -1.6958240e+00  -9.0867377e-01  -5.8458145e-01  -5.7333061e-01  -6.9998852e+00  -6.1828265e+00  -3.1932526e+00  -2.3507671e+00  -6.1559806e-01  -1.1123733e-01  -2.1217146e+00  -2.8893259e-01  -2.5675582e-01  -9.9180852e-01  -8.5747684e-02
   2.1934094e+01   1.2554725e+00  -3.0947890e+00   3.3042405e+00   1.3431383e+00   3.2129834e+00   1.5032702e-01  -9.9768494e+00  -6.1701959e+00   2.1026390e+00  -5.7423941e-02  -9.1314261e-01   1.1131686e+00  -5.2811955e+00  -5.2061983e+00  -5.3011238e-02   2.4870564e+00   6.4384926e-01  -1.6245448e+00  -1.9521673e+00   7.5659943e-01   7.0181968e-01  -3.8338181e-01  -6.4116373e-03
   2.8253463e+01  -2.5286580e+00  -5.4591530e+00   8.1134951e+00   3.1061520e+00   3.7072747e+00   1.2531290e+00  -1.1301310e+01  -6.9118561e+00   1.5129310e+00  -8.8488988e-01  -1.0804102e+00   7.1193337e+00  -5.9580587e-01   7.6677911e-01   7.5343359e+00   3.3312204e+00  -1.8742724e+00  -8.2521799e-01   5.2383441e-01   9.5361536e-01   1.1969237e+00   3.4265126e-01  -4.3390392e-02
   2.2836768e+01   4.3682966e+00   7.6709669e-01   8.4782482e+00   6.0617931e+00   3.5991545e+00  -1.1840671e-01  -7.4345232e+00  -5.3617490e+00   6.1504647e-01  -2.7043417e-01  -6.7772204e-01   2.1172674e+00   3.0865932e+00   9.7961105e+00   1.2419768e+01   2.6710624e+00  -5.8014921e+00  -2.7317306e+00   3.1139384e+00   1.6138488e+00  -6.5624304e-01  -4.2742399e-01  -6.3684493e-02
   2.6542293e+01   6.1390576e+00   4.3575829e+00   1.4173733e+01   6.0975240e+00  -4.0832276e-01  -1.3594548e+00  -6.0403615e+00  -4.5437491e+00   8.4335787e-01  -2.8819178e-01  -7.6737732e-01  -1.9361396e-01  -8.4773419e-01   5.2661639e+00   6.1361605e+00  -1.2725875e+00  -1.6441311e+00   1.9718089e+00   1.0214853e+00  -5.2457724e-01   3.3249510e-01   3.0300712e-01   5.1048522e-02
   2.5965580e+01   1.5515044e+00   6.6910088e+00   1.8903774e+01   3.8540459e+00  -3.4314561e+00  -2.6409769e+00  -7.9364159e+00  -4.9334762e+00   1.4530610e+00  -9.9690898e-01  -1.1651858e+00   2.3427283e+00  -8.9866604e+00  -6.1945662e+00   3.8851849e-01  -2.1141319e+00   4.8380656e+00   8.1542399e+00  -1.7589009e+00  -2.1642047e+00   1.0482544e+00  -2.8242689e-02  -2.0863274e-01
   2.6398636e+01  -2.3918632e+00  -5.2186319e-01   1.2104973e+01   2.3011445e+00   4.7563833e+00   5.4721275e+00  -9.5181355e+00  -7.9128584e+00   1.5926664e+00  -6.7141790e-02  -7.6010557e-01   1.3872042e+00  -7.9852803e+00  -1.0283427e+01  -4.1564617e+00  -8.1426517e-01   1.0045239e+01   9.8882747e+00  -2.1325412e+00  -1.9677355e+00   1.2767482e+00   5.7166458e-01   7.8827277e-02
   2.6422689e+01  -4.8462336e+00  -6.0850296e+00   1.0095406e+01   4.7887851e+00   8.2738998e+00   8.6971620e+00  -8.3339876e+00  -6.9235015e+00   1.8127738e+00  -4.2332319e-01  -9.9430703e-01   6.1647446e-01   2.4375179e+00  -3.9569020e+00  -3.1239048e+00   5.3086859e+00   7.4828552e+00   2.6800637e+00  -1.3313654e+00  -5.0857929e-01   5.3617114e-01   1.1692695e+00   2.8356483e-01
   2.8394545e+01  -2.6399938e+00  -4.6795378e+00   1.2343224e+01   4.4087567e+00   8.8068573e+00   7.8038878e+00  -9.0403875e+00  -6.5003398e+00   2.5786238e+00   2.8251221e-01  -7.3457579e-01   7.7692462e-02   7.1845476e+00   6.0349523e+00   7.2307711e+00   7.0339584e+00  -3.5821674e+00  -7.2487107e+00  -9.2972986e-01   1.2670785e+00   2.7863713e-01  -9.8955355e-02  -1.5563480e-01
   2.5892338e+01   5.3318466e+00   2.8344931e+00   1.4098791e+01   1.0763269e+01   5.7675896e+00   2.1323852e-01  -1.0172338e+01  -6.4026044e+00   1.7643390e+00   5.8216826e-01  -7.5260345e-01  -7.5151504e-02   5.0577874e+00   5.7652706e+00   7.9950759e+00   1.7665645e+00  -4.7319047e+00  -5.5658468e+00   2.6535765e-01  -3.4013056e-01  -1.1215235e+00  -8.7589739e-01  -1.0579115e-01
   2.6780350e+01   3.2959181e+00   4.0708038e+00   2.0949437e+01   9.8648403e+00   6.3628741e-01  -1.1589769e+00  -9.9935550e+00  -6.2726891e+00   2.0348395e+00  -7.1832055e-01  -1.1144096e+00  -1.2926299e+00  -3.2858255e+00  -1.7037376e+00   7.4283293e-01  -4.2458352e+00   6.9230382e-01   2.3615956e+00   2.9527380e+00  -1.2608112e+00  -1.6276399e+00  -1.3374243e+00  -2.6525086e-01
   2.7117059e+01  -2.2750850e-01  -1.8122945e+00   1.7784913e+01   4.7105900e+00   5.2613277e+00   4.8298241e+00  -7.4593673e+00  -7.5475227e+00   4.0238077e-01  -1.2367529e+00  -9.6307687e-01  -5.3213819e+00  -4.9392094e+00  -5.9007564e+00  -8.5835649e+00  -4.8302240e+00   7.0305749e+00   8.4476740e+00   4.8990925e+00  -5.0753873e-01  -1.4484929e+00  -2.8321440e-01   1.0835736e-01
   2.5843240e+01  -4.7890544e+00  -4.9117504e+00   1.1614413e+01   1.0663432e+00   1.0098444e+01   9.0379884e+00  -5.9677659e+00  -7.8190975e+00   8.1814310e-01  -8.1416371e-01  -1.0272154e+00  -5.1448151e+00   2.3748901e+00  -8.2119574e-02  -1.0911515e+01  -9.4032286e-01   8.0109626e+00   6.2517714e+00   2.9134558e+00  -7.2420156e-01  -1.2770271e+00   1.1642190e+00   4.1432486e-01
   1.8378820e+01   1.9655188e+00  -1.5253644e+00   5.8909559e+00   7.9171811e+00   1.1582374e+01   7.7862669e+00  -4.8365939e+00  -6.3907083e+00   1.9994784e-01   2.0526825e-01  -6.3366450e-01  -1.4116987e+00   7.9674987e+00   6.0023098e+00  -2.7521771e+00   5.4573704e+00   9.6975419e-01  -2.0145682e+00  -5.3480014e-01   9.6226826e-01   6.4611974e-02   9.2497260e-01  -4.3562837e-02
   2.3432247e+01   5.7617397e+00   3.8041594e+00   1.0529143e+01   6.8510605e+00   9.4922083e+00   6.7404588e+00  -6.9347581e+00  -7.9373986e+00   2.2051528e-01   3.0699733e-01  -6.5762845e-01  -1.0868699e+00   9.0081604e+00   6.4752506e+00   2.1906638e+00   7.2944318e+00  -4.3829242e+00  -8.4539490e+00  -1.5782467e+00   2.1800579e+00  -5.0982493e-01  -3.4713860e-01  -2.1124176e-01
   2.6205007e+01   6.4483426e+00   2.8332153e+00   1.4199282e+01   1.0004287e+01   7.0190768e+00   2.9567367e+00  -7.7780714e+00  -6.0449697e+00   7.9811264e-01  -4.0987451e-01  -1.2132146e+00   4.8496625e+00  -4.3822795e-01  -2.9924466e+00   4.9983218e+00  -9.9809661e-01  -3.8592137e+00  -3.8791096e+00  -2.5690353e+00   2.0742841e+00   2.6900464e+00  -1.7590275e+00  -7.8371409e-01
   2.0299841e+01   6.4817743e+00   2.6218356e+00   1.0746245e+01   1.0964438e+01   5.8057062e+00  -1.2281700e+00  -6.8643972e+00  -4.7218799e+00  -2.4567669e-01  -1.0273002e+00  -1.0543030e+00   1.3296756e+00  -6.1694073e+00  -7.8827540e+00   4.5832858e-01  -3.7663895e-01   2.3966663e+00   1.0049211e+00  -3.6866227e-01   3.3909271e+00   3.9790705e+00  -1.2899959e+00  -6.8213667e-01
   2.7219517e+01   9.4815950e-01  -5.4228724e+00   1.3279888e+01   4.3633474e+00   7.6368042e+00   5.9519169e+00  -8.7253273e+00  -4.8870416e+00   4.4681134e+00  -1.7661242e+00  -1.6108984e+00  -1.0815090e+00  -4.6246035e+00  -5.1411528e+00  -3.3082476e+00   2.9570584e-01   6.4538592e+00   4.6684300e+00   4.2920051e-01   1.4896857e+00   2.6349826e+00  -3.6451968e-02  -1.9855583e-01
   2.4919506e+01  -7.4227979e-01  -3.8919277e+00   1.1676333e+01   9.1065719e+00   1.2778344e+01   6.7502503e+00  -7.0141235e+00  -3.4299721e+00   4.3541207e+00  -9.4987161e-01  -1.4819916e+00   1.6391216e+00   4.7222549e-01  -1.7691278e-01  -9.6808050e-01   3.8778493e+00   6.0279899e+00   3.5847913e+00  -1.2377475e-01  -1.0665974e-01   1.9035240e-01   5.3394981e-01   2.8143146e-02
   2.2272912e+01   3.1234644e+00  -1.6216323e+00   8.7718665e+00   1.1376779e+01   1.3213547e+01   5.9701715e+00  -7.0594075e+00  -4.4563950e+00   2.4506878e+00  -5.0326677e-01  -1.2972040e+00  -1.1435648e+00   3.9312920e+00   5.0500990e+00   5.6883268e-01   6.4279920e+00   1.2114720e+00  -1.8495380e+00  -1.6119963e+00  -1.7776677e+00  -3.7834151e+00   5.8868041e-01   3.5095363e-01
   2.5231826e+01   6.1024601e+00   4.5584635e-01   1.1548135e+01   1.3274496e+01   1.2059320e+01   4.1398896e+00  -7.8830193e+00  -5.0971928e+00   1.0485647e+00  -8.5780423e-01  -1.1689354e+00   4.7146088e-01   2.1605177e+00   1.5803349e+00   3.6085579e-01  -1.4583033e+00  -3.5155776e+00  -1.7785061e+00  -2.1181258e+00  -3.7457745e+00  -2.8335212e+00   3.6688124e-01   2.4360624e-01
   2.5348009e+01   3.4227275e+00  -2.1610918e-02   1.4197236e+01   1.1921373e+01   9.8135243e+00   4.4827903e+00  -1.0708874e+01  -6.7199329e+00   4.4576865e-01  -9.2913729e-01  -1.2409960e+00   2.8483891e+00  -2.3660694e+00  -3.5117358e+00  -1.0106893e+00  -4.8923062e+00  -3.8307792e+00  -1.9350493e+00  -2.3653609e+00  -3.7466948e+00  -7.7582956e-01  -2.7737029e-02   5.2269326e-02
   2.4089148e+01   2.3488651e+00  -2.3214360e+00   9.5049323e+00   6.6468197e+00   9.2049888e+00   4.8261818e+00  -8.3665790e+00  -7.9168649e+00   1.1062985e+00  -1.8661450e-01  -1.1446862e+00  -2.6055597e+00  -1.9419366e+00  -3.2806807e+00  -4.8105370e+00  -2.1230255e+00  -9.7972338e-01  -2.3820923e+00  -9.6463506e-01  -2.8766961e+00  -1.4246739e+00   1.5625945e-01   3.5746494e-01
   2.7116834e+01   1.4511578e+00  -5.5005948e+00   8.2774339e+00   7.3521578e+00   8.8945434e+00   2.7244515e+00  -1.0365669e+01  -8.6666012e+00   1.2580766e+00  -8.8046718e-01  -1.2309246e+00  -1.7690717e+00   6.2207053e-01  -8.2550065e-01  -2.1939201e+00   1.1303218e+00   4.4265255e+00   2.5027921e+00   1.1540720e+00  -1.1979098e+00  -8.9273795e-01   4.4313548e-01   4.6094094e-01
   2.0439074e+01   4.1753400e+00  -1.7256829e+00   7.2922304e+00   1.2374566e+01   1.1049225e+01   1.4459206e+00  -9.5015743e+00  -8.4389028e+00  -1.4946001e+00  -6.4775011e-01  -6.3777369e-01  -1.6943443e+00   1.1143178e+00   3.2392167e+00   3.9269052e+00   4.2482419e+00   6.5520837e+00   6.7746782e+00   3.1089482e+00   5.3026018e-01  -6.9181918e-01   5.0839714e-01   5.8336811e-01
   2.4519438e+01   3.4425959e+00  -1.5577385e+00   1.2012707e+01   1.0752983e+01   1.5531194e+01   9.9271090e+00  -8.4102682e+00  -8.2557787e+00   4.0711104e-01  -3.3866266e-02  -8.0304085e-01  -4.8795987e+00   1.1810138e+00   5.2466501e+00   2.9629425e+00   7.7656400e-01   1.5444285e+00   5.4342639e+00   5.1425559e+00   7.2128943e-01  -1.1363303e+00   1.1813744e+00   7.4945604e-01
   2.2846330e+01   3.0246227e+00   5.6596086e-01   1.3527654e+01   1.1318770e+01   1.5714789e+01   1.1386870e+01  -4.6808571e+00  -7.3268859e+00   4.9405250e-01   1.5268076e-01  -4.8357595e-01   5.3095766e-01  -3.2854063e+00  -1.3378856e+00   2.8931403e+00  -5.1109269e+00  -5.3731615e+00   1.5749100e+00   3.5653429e+00   7.6110902e-01   1.5251926e+00   4.8839450e-01   2.2265839e-01
   1.8593808e+01   3.7980371e+00   1.2235586e+00   9.6041360e+00   9.0449016e+00   8.8784044e+00   5.9053724e+00  -5.0621937e+00  -8.1406755e+00  -1.4407451e+00   4.9137903e-01  -1.8383946e-01   1.6187322e-01  -3.7542735e+00  -3.1999790e+00   6.8251921e-01  -2.9890182e+00  -7.3110515e+00  -3.7437134e+00  -9.3873783e-04   1.0249621e+00   1.4608187e+00  -5.4761512e-01  -9.2076460e-02
   2.4198326e+01  -9.3049009e-01  -5.1231598e+00   1.2836226e+01   5.5622160e+00   6.3158780e+00   5.8191540e+00  -5.8275972e+00  -7.3547908e+00   1.7171169e+00  -1.7778102e-01  -6.1338680e-01   1.8736662e+00  -2.8763232e+00  -2.3936539e+00   3.5085869e+00   3.3298050e-01  -3.3599554e+00  -3.3245728e+00  -3.0248256e+00   5.1509859e-01   1.6564552e+00  -2.9453118e-02  -4.2380367e-01
   2.4086250e+01  -2.1125801e-01  -3.5131467e+00   1.3382199e+01   9.1477327e+00   9.2640725e+00   7.0953972e+00  -7.8383063e+00  -6.7043830e+00   1.9868068e+00  -6.9005806e-01  -8.7625011e-01   3.1023956e+00  -9.8277599e-01   4.8340414e-01   7.2047664e+00   6.2251286e+00   3.7422690e+00   2.2146712e+00  -9.2678016e-01   1.3859714e+00   2.2628133e+00   8.4361114e-02  -5.9241555e-01
   2.2910608e+01   7.1478557e-01  -6.5616733e-01   1.6901502e+01   1.1766825e+01   1.0482022e+01   5.8049988e+00  -7.8300393e+00  -7.2723843e+00   1.2649593e+00   6.9921963e-01  -7.7307613e-01  -4.0153718e+00   2.7773816e+00   5.9731725e+00   2.7582858e+00   8.4395087e+00   4.5906328e+00   8.6406753e-01   9.5528718e-01   1.3359337e+00  -3.9473331e-01   8.4179157e-01   3.3847342e-02
   2.3891260e+01   1.5012353e+00  -2.8483146e-01   1.8378648e+01   1.5280290e+01   1.2408736e+01   9.2344567e+00  -5.4511429e+00  -6.1029217e+00   2.1795536e+00   1.7942038e-01  -9.9261811e-01  -5.1489216e+00   1.8350161e+00   2.6732084e+00  -4.3936216e+00   3.8650147e-01  -8.2715690e-01  -1.9208582e+00   1.7151785e+00   8.2996933e-01  -1.1241530e+00   9.0107725e-01   4.0583731e-01
   1.8272763e+01   2.3793356e+00   2.2224413e+00   1.4475431e+01   1.5155200e+01   1.1629495e+01   6.0457255e+00  -5.5882481e+00  -5.6516210e+00   1.0286436e+00   6.5016712e-01  -5.0443179e-01  -1.3528657e+00  -1.3550337e+00  -1.6655659e+00  -6.8479008e+00  -4.7419335e+00  -3.3018761e+00  -2.4086477e+00  -1.7527522e+00  -1.4907781e+00  -1.3158522e+00  -3.1266777e-01   2.6529304e-01
   1.8681791e+01   1.7089911e+00  -9.4263841e-01   8.0048026e+00   8.0332973e+00   7.4496003e+00   4.0937466e+00  -6.3864341e+00  -6.2698107e+00   4.1873520e-01   6.8608408e-01  -4.0181632e-01  -7.2701187e-01  -1.2837587e+00  -3.2699109e+00  -6.6815567e+00  -3.1269170e+00  -1.2838486e+00  -4.2771358e+00  -3.2342213e+00  -2.6368934e+00  -2.8470196e+00  -6.2675919e-01   2.8573649e-01
   2.3486044e+01  -1.4216430e+00  -2.8256126e+00   1.1816574e+01   8.2774213e+00   8.0087755e+00   4.7623824e+00  -9.9915219e+00  -9.4251070e+00   1.7159010e-01  -2.3113872e-02  -6.7053747e-01   3.4582829e+00  -9.1635785e-01  -2.5481496e+00   1.7322392e-01   7.0584475e-01   4.6125445e+00   2.2587879e+00  -2.1456551e+00  -2.7177077e+00  -1.7376810e+00  -1.0111508e+00  -5.9478219e-02
   2.0194102e+01   1.4760865e+00  -2.6656709e+00   9.6857412e+00   1.4028804e+01   1.2293323e+01   3.4604246e+00  -8.1008379e+00  -8.1715188e+00  -1.6624491e+00  -4.2407790e-01  -4.8096054e-01   3.2583486e-01   1.4938188e+00   2.4907522e+00   4.4806429e+00   5.3999251e+00   7.0380777e+00   4.6310056e+00   2.0875202e+00   1.4540270e-01  -6.6190542e-01  -1.2286223e-01   2.1712755e-01
