  -8.7676897e+00   1.3973747e-01  -7.1794517e-01   4.1245517e-01  -1.5238306e-01  -5.8006900e-01  -1.7973531e-01  -3.3421095e-01   3.2804825e-01  -5.5370413e-01  -1.1592566e+00   1.4170259e-01   3.8452596e-01  -8.6767712e-02   6.1005371e-01   2.6962977e+00  -3.1863850e-01   6.9727261e-01  -1.3223868e+00   1.6971534e+00  -1.9891452e+00  -2.9699783e+00  -5.0891118e-01  -2.6595419e-01
  -8.6451736e+00   3.5290677e-01  -1.3305906e+00   8.7714196e-01   7.3511768e-01  -1.6873582e-02   5.9310094e-01   6.8443290e-01  -6.4873827e-01  -9.2288964e-01  -4.2011335e-01   2.7411085e-01   8.1817367e-01   5.8986232e-01   2.3939791e-01   2.0954647e+00   8.0586361e-01   8.2541034e-02  -8.1264482e-01   1.0180147e+00  -1.6517134e+00  -5.5620636e-01   1.2927408e+00  -2.2304671e-02
  -7.7158631e+00   6.8705049e-01  -7.5563371e-01   2.5919942e+00   1.4465300e+00   5.8178740e-01  -4.0633236e-01   8.0773380e-01  -3.6892134e-01  -2.0733302e+00   4.1742853e-02   1.2612981e-01   1.8221682e+00   1.7213294e+00   7.6232904e-01   1.6715903e+00   1.2127776e+00   9.8171801e-01   6.5128228e-01   5.6140247e-01  -5.0075102e-01   4.1111268e-01   7.2302457e-01  -2.2893921e-01
  -7.6050333e+00   1.6215123e+00  -6.1103243e-02   2.5592018e+00   3.1139581e+00   1.0655739e+00   5.3555099e-01   8.4436064e-02  -1.4671799e+00  -1.8317362e-01   4.7085499e-01   8.0489075e-02   1.1237411e+00   1.9936043e+00   1.1059303e+00  -8.0279532e-01  -1.8660579e+00  -1.2949530e+00   1.2336036e+00   5.8547269e-01  -6.6583437e-02   1.0586312e+00  -9.4978080e-02  -4.6476812e-01
  -6.5545076e+00   2.0874288e+00  -2.0919528e-01   2.0788107e+00   4.7736312e-01   3.5128425e-01   8.2596309e-01   8.0789118e-01  -1.3857483e-02  -3.0689313e-01  -5.2020391e-01  -1.0489533e-01   3.3623868e-01   1.1183791e+00  -1.1697362e+00  -3.3611073e+00  -2.8645382e+00  -3.2545884e+00   4.7388468e-01  -3.2350693e-01   5.7507918e-02   8.6892303e-01  -3.7213436e-01  -1.1264166e-01
  -7.5402397e+00   2.6431240e+00   5.5085714e-02  -7.0459276e-02  -1.5793857e+00  -1.8440516e+00   1.8273586e+00   1.5625632e+00  -9.2614535e-01  -2.1816145e-01  -2.8160709e-01  -3.0752876e-01   6.4262367e-02   4.1271842e-01  -2.3752415e+00  -3.2740903e+00  -1.2450475e+00  -2.9471132e+00  -9.8890695e-01  -6.9017922e-01   4.2296764e-01  -7.9014688e-02   2.5830465e-01   5.0684053e-01
  -7.2439019e+00   1.8538133e+00  -2.5683325e+00  -1.1348362e+00  -5.0360537e-01  -2.8452825e+00  -3.4140913e-01  -4.1659018e-01  -5.5317671e-01  -7.5245176e-01  -1.4022765e-01   1.5117624e-01   4.0751872e+00   5.8070898e+00   6.4875830e-02  -1.9299438e+00   4.1553738e+00  -7.5074504e-02  -4.8495460e+00  -3.9769007e+00   1.3882543e+00   7.5350085e-01   1.7634985e+00   2.5749133e-01
  -7.1639426e+00   2.3573977e+00  -2.4443969e+00  -7.4511016e-01   1.7368711e+00  -1.7568125e+00  -3.6412332e-01  -3.3859208e-01  -5.6306878e-01  -7.8916333e-02   6.6832383e-01   7.1271409e-01   8.2475221e+00   9.0572485e+00  -6.4563065e-03  -2.5672819e+00   5.6537161e+00   4.5784011e+00  -4.9422986e+00  -6.1101814e+00  -1.2639160e-01  -1.9112220e+00   2.7666715e-01  -6.5839676e-01
  -6.2987531e-01   1.0940927e+01   1.1378598e+00  -4.7877956e-01   5.0522953e+00   1.9505298e-01  -5.3526149e+00  -4.2068822e+00   1.8869857e+00   7.5373560e-01   1.6500783e+00  -2.2877976e-01   7.6933120e+00   1.0841307e+01  -8.7628792e-01  -3.8378580e+00   1.9234517e+00   4.0776443e+00  -2.4961651e+00  -5.3680170e+00  -1.9999575e+00  -3.5317069e+00  -5.5380950e-01  -1.2136530e+00
   1.5240302e+00   1.1685440e+01  -1.8076949e+00  -4.2494105e+00   4.1232381e+00   3.5033823e+00  -3.0804865e+00  -5.7075628e+00  -2.3358139e+00  -3.8380881e+00  -7.6175935e-01  -1.1051459e+00   4.3934570e+00   8.2171967e+00  -3.3042579e+00  -5.2988307e+00  -1.7433416e+00   1.7663595e+00  -1.4405287e+00  -4.9742907e+00  -3.5685263e+00  -5.3079332e+00  -1.7105780e+00  -1.2775177e+00
  -4.7920252e-02   1.3451753e+01  -4.2011154e+00  -5.1394731e+00   1.1883887e+00   6.4108657e-01  -2.7274752e+00  -5.7841303e+00  -2.6667404e+00  -4.1704262e+00  -2.5590031e-01  -7.6037332e-01  -1.1578492e+00   3.3219006e+00  -4.1976446e+00  -3.1129060e+00  -3.2776488e+00  -2.0170913e+00   2.6469712e+00  -5.8197195e-01  -3.2507631e+00  -3.9687708e+00  -9.2293904e-01  -1.3519800e-01
  -8.6473452e-01   1.3427779e+01  -4.7312961e+00  -6.3630095e+00   1.0538120e+00   6.6970987e-01  -3.8374862e+00  -7.0114041e+00  -3.6389952e+00  -5.5787353e+00  -9.4455381e-01  -9.3776563e-01  -2.3024809e+00   6.4467232e-01  -7.9210591e-01   8.1372189e-01  -1.6103599e+00  -4.2316789e+00   8.8441733e-01  -1.1542733e-01   2.1457843e-01  -7.3216796e-01   1.5522335e-01   3.2839700e-01
  -1.1722667e+00   1.5052608e+01  -3.6968065e+00  -4.0913391e+00   1.6705351e+00  -1.4137478e+00  -1.0036583e+00  -4.4279195e+00  -2.3375684e+00  -4.3290970e+00   3.5706700e-01  -5.1526689e-01   1.0550732e+00  -2.2548579e-01   8.8459798e-01   1.6941159e+00   1.3054777e+00  -9.0360145e-01   3.1306467e+00   3.4044417e+00   2.5920348e+00   1.0850895e+00   6.9700937e-01   4.4417088e-01
  -1.3675179e+00   1.1852021e+01  -3.2480082e+00  -3.5528946e+00   1.4666251e+00  -1.8167188e+00  -2.6157690e+00  -6.5588092e+00  -2.1785323e+00  -4.8570046e+00  -8.3540798e-01  -7.3510360e-01   3.9668073e+00   7.7929211e-01   2.1497035e-01  -7.0329911e-01  -7.9662101e-01   1.6870861e-01   4.1099437e+00   4.4239656e+00   2.3308451e+00   6.4557620e-01  -1.3115440e-01  -7.0841099e-02
   1.7860812e+00   1.3901404e+01  -3.6158624e+00  -4.0033566e+00   2.9401988e+00   5.2889873e-01   1.3576363e+00  -9.0376510e-01   4.9108042e-01  -2.9036573e+00   7.3504083e-01  -1.9544801e-01   5.4358883e+00   1.1182809e+00  -1.1450071e+00  -3.2594987e+00  -2.7611891e+00   3.9155362e-02   1.9387316e+00   3.5428837e+00   1.0534529e+00  -8.9577218e-01  -1.0427273e+00  -4.9093258e-01
   3.6063024e+00   1.5172320e+01  -4.4493127e+00  -7.4619494e+00  -7.7595131e-01  -4.8550482e-02   1.1467821e+00  -2.1375328e+00  -1.5570520e+00  -5.3230909e+00  -1.3302723e+00  -1.2039367e+00   6.2542461e+00   2.6116389e+00  -1.4783583e+00  -3.4828351e+00  -1.2761516e+00  -3.7169835e-01  -1.4142537e-01   1.5922460e+00   2.5577074e+00   8.6941728e-01  -5.6997292e-01  -3.6612068e-01
   4.4946556e+00   1.5069880e+01  -4.8136649e+00  -7.0260597e+00  -1.3499604e+00  -2.2390989e+00   2.3163631e-02  -1.3242322e+00  -1.0681291e+00  -5.4397122e+00  -9.5959171e-01  -1.0172492e+00   4.6676862e+00   3.9874240e-01  -1.1553751e+00  -3.2621604e+00  -9.2185204e-01   1.6025985e-02  -1.1330487e+00  -9.4615392e-01   2.8918022e-01  -1.7644828e+00  -1.1856862e+00  -5.5790964e-01
   6.6595641e+00   1.5185242e+01  -4.8666444e+00  -7.2657957e+00   1.6974774e+00  -9.9026750e-01  -2.1606707e+00  -3.9602066e+00   2.4376336e+00  -2.2848513e+00  -8.4305109e-01  -8.7338403e-01   3.8631106e+00  -8.2501719e-01  -8.9601178e-01  -2.4847906e+00   5.9002176e-01   9.0395135e-01  -4.1640054e-01   6.9109177e-01   6.2043548e-01  -2.1021753e+00   7.2561280e-02   8.4745297e-02
   7.2609797e+00   1.4493056e+01  -5.1402592e+00  -8.9946741e+00   3.2070641e-01   1.0237962e+00   1.3117897e+00  -1.4116591e+00  -1.0724920e+00  -7.0695013e+00  -1.2870991e+00  -1.1975888e+00   2.3306507e+00  -7.5828455e-01  -5.3867935e-01  -4.3632908e+00  -1.2736803e+00   1.0522836e+00   1.2863553e+00   8.9206847e-01  -1.6527229e+00  -3.3414278e+00  -6.7167480e-01  -1.6434424e-01
   8.0178063e+00   1.4223206e+01  -5.6300332e+00  -1.0204828e+01  -7.2625205e-01  -3.2407102e-01  -1.2213178e-01  -1.0571817e+00  -6.2421730e-01  -7.6614592e+00  -1.0576767e+00  -9.8664897e-01   3.8762526e-01  -4.4613480e+00   9.3627948e-01   5.7926915e-01  -3.9892021e+00  -1.2053058e+00   1.0195564e+00   9.3326145e-01  -3.3726116e+00  -1.1916627e+00  -2.8153586e-01   1.0152594e-01
   7.3115106e+00   1.4413471e+01  -5.2399895e+00  -1.2101480e+01  -2.0486161e+00  -9.9377170e-01   9.3342717e-01  -1.4376420e+00  -2.0162880e+00  -7.7635500e+00  -1.8597911e+00  -1.2071331e+00  -4.9837203e-01  -2.4035151e+00   1.3617534e+00   3.5282336e+00  -2.4020302e+00  -2.0192871e+00  -6.0904991e-01   5.4410713e-01  -1.3961880e+00   2.1575339e+00  -1.4210975e-01   3.1432796e-01
   7.2157366e+00   8.5330121e+00  -3.4123600e+00  -4.8434891e+00  -3.1016646e+00  -1.7894423e+00  -4.4215487e-01  -2.5473230e+00  -2.1493858e+00  -3.7253210e+00  -9.7900887e-01  -7.1632299e-01  -9.1994463e-01   1.5241033e+00   2.0766856e+00   4.3082211e+00   1.6605924e+00   2.5298877e+00   7.2366381e-01   1.2660952e+00  -8.9837070e-01   1.5945293e+00  -3.3937499e-01   1.8137115e-01
   6.9144565e+00   1.3732880e+01  -4.2064657e+00  -6.3829932e+00  -2.0946327e+00  -1.2724488e+00   5.5822636e-01   1.4957224e-01  -2.4041898e+00  -5.8012695e+00  -1.5395976e+00  -8.6125986e-01  -3.4291601e-01  -2.3751649e+00   2.6684049e+00   5.2265041e+00   2.1671034e+00   2.1801661e+00  -4.3493506e-01   1.3319036e-01  -1.5363039e-01   1.7737465e+00   7.8956563e-01   4.2715429e-01
   6.8364164e+00   1.6849656e+01  -3.0317668e+00  -6.6017396e+00   1.7876448e+00   3.6100991e+00   1.1509643e+00   4.8354025e-02  -1.7778225e+00  -6.2508056e+00  -1.7268359e+00  -8.8752886e-01   8.5526088e-01   2.3977992e+00   8.8820165e-01  -2.8353653e+00   1.5398441e+00   1.9747835e+00  -9.0411467e-01   4.2852914e-01   6.7009206e-01  -2.7113549e+00   4.8587377e-01   1.1031652e-01
   6.9867967e+00   6.6924018e+00  -1.4276788e+00  -3.3825983e+00  -1.2426156e+00  -4.2329318e-01  -5.1553503e-01  -2.5356949e+00  -2.4325152e+00  -3.8401879e+00  -3.0152909e-01  -4.8079872e-01   1.0224577e+00  -2.3161192e+00   5.8766993e-01  -1.8060572e+00   6.6856184e-02  -6.3196781e-01  -1.7826820e+00  -1.4112038e+00   6.9565535e-01  -1.7032616e+00   3.3243867e-01  -1.1232465e-01
   8.4624578e+00   1.5649950e+01  -3.4694510e+00  -1.0596735e+01  -1.2179069e+00   7.4815519e-01  -1.2614462e+00  -5.6189569e-01  -1.1300850e+00  -8.7728941e+00  -8.6923248e-01  -7.4107877e-01   1.2151082e+00  -1.8712525e+00   1.1314333e+00  -1.6925952e+00  -2.5419837e+00  -5.7970523e+00  -1.0871230e+00   5.6044565e-01   1.1267218e-01   9.2787062e-03   1.8934212e-01  -5.7540273e-03
   7.6351224e+00   1.0858555e+01  -3.1061187e+00  -7.0945816e+00  -4.9157253e-01  -7.8942859e-01  -9.0959142e-01  -1.6621086e+00  -1.6845755e+00  -7.0951177e+00  -1.4697413e+00  -1.1029719e+00   5.4062180e-01  -3.7635856e-01   1.5634463e+00  -2.9412524e-01  -1.4528601e+00  -2.7197364e+00   7.1148473e-01   7.6081949e-01   3.5496599e-01  -5.7991387e-02  -5.8071701e-01  -2.8490898e-01
   8.3349158e+00   1.1959701e+01  -4.9539689e-01  -7.2846407e+00  -2.4008523e+00  -4.9024117e+00  -2.8269199e-01   4.5222935e-01  -1.9827841e+00  -4.6094226e+00  -8.5871664e-01  -5.8507332e-01  -8.8173582e-02  -4.6327200e+00   2.6010073e+00   3.2142460e+00  -3.3325875e-01  -9.4072435e-01   1.0769567e+00  -1.7432856e-01   2.6643829e-01   2.3019254e+00   2.2918241e-01  -1.2965571e-01
   7.8615004e+00   7.9729886e+00  -5.6953640e-01  -5.4798331e+00  -2.8304329e+00  -1.6776144e+00   6.2314971e-02  -1.9015282e+00  -1.4737167e+00  -6.0089107e+00  -1.1778625e+00  -9.8616492e-01   6.8247616e-01   1.9849783e+00   2.5154169e-01  -2.9773626e+00   9.5096704e-01   2.4479925e+00  -4.3795172e-01   1.8595224e-01   4.6154256e-01  -6.4795408e-01   5.6868243e-01  -2.1287414e-01
   8.2170084e+00   1.0143653e+01  -8.3623118e-01  -6.5827397e+00  -5.4836484e-01  -2.1883844e-01  -1.3196439e-01  -7.0367874e-01  -8.3585692e-01  -5.8631095e+00  -6.7139827e-01  -9.9396581e-01  -6.7783939e-01   2.5752298e+00  -6.0077289e-01   1.5405313e-01  -5.9159622e-02   3.3675457e+00  -7.7270412e-01  -1.1248993e-01   1.7739266e+00  -1.5235563e+00   1.2106700e+00  -1.7079235e-01
   8.7177903e+00   1.4744046e+01  -2.5583890e+00  -1.1911576e+01   8.6342875e-03   5.4077351e-01  -1.6418828e+00  -8.0522622e-01  -1.5657253e+00  -7.4402054e+00  -7.1037688e-01  -1.2178368e+00  -1.0020567e+00   6.4685013e+00  -1.0981160e+00  -5.6558090e-01  -8.9989569e-01   2.9541588e+00  -1.5996252e+00   7.9850175e-01   2.3684001e+00  -2.3009264e+00   9.1084506e-01  -9.0327699e-02
   6.8900117e+00   1.2437017e+01  -4.0212990e-01  -3.8376896e+00  -3.9091254e+00  -9.6028717e-01  -5.8964929e-01  -2.6465654e-01   7.2411016e-01  -6.1791097e+00   7.2354548e-01  -7.2542587e-01  -1.7181469e+00   4.0961936e+00  -1.5654097e+00  -2.3664251e-01  -2.4750081e+00   1.3037004e+00  -1.8987986e+00  -6.3268927e-01   1.2405646e+00  -2.8840767e+00   1.9215122e-01  -2.7991092e-01
   7.0219137e+00   1.6529059e+01  -2.4337610e+00  -7.7007295e+00  -2.4998962e+00   3.1243482e+00  -2.1082804e+00  -9.2328669e-01   1.2988999e+00  -9.3023001e+00  -5.0906681e-01  -1.2559264e+00  -1.0789898e+00  -1.2458292e+00   2.3736823e+00   3.2217184e+00   4.9304155e-01   2.3886586e+00  -6.2099060e-01  -2.5153024e+00   2.0546019e+00   5.4829401e-01   4.0893100e-01   1.8232420e-01
   6.4877263e+00   1.5395437e+01  -3.2466597e+00  -9.0431268e+00  -3.0066118e+00   4.4492479e-01  -2.7469635e+00  -1.5936824e+00  -4.0732262e-01  -9.2581771e+00  -4.8382648e-01  -1.3947874e+00   6.7727910e-01  -2.0990116e+00   1.6416088e+00  -2.1027788e+00   2.4448521e+00   1.1365736e+00  -6.3502418e-01  -2.1193750e+00  -7.0208207e-01   1.0262425e-01  -3.4135983e-01  -4.6314432e-02
   7.3004484e+00   1.1396092e+01   2.4243994e+00  -4.4762798e+00   2.9693979e-01   3.4211555e+00  -1.4947116e+00  -3.9136669e+00   2.0818940e+00  -5.0782306e+00   5.0670560e-01  -6.0966979e-01   1.3773620e+00  -1.6854730e+00   1.7046283e+00  -1.9815351e+00   3.2656375e+00   2.3555491e-01  -2.7746185e-01   3.6844360e-01  -5.2821113e-01   1.2158165e+00   6.6757275e-01   3.2379323e-01
   7.7666631e+00   1.1854983e+01  -3.6879687e-01  -8.6040827e+00  -1.6402653e+00   5.9616962e-01  -1.8489700e+00  -1.9485289e+00  -7.2051003e-01  -8.1372081e+00  -2.9638047e-01  -1.1180258e+00   1.5977512e+00  -5.2470823e+00   7.9835263e-01   6.3981393e-01   6.9470961e-02   5.9331331e-01   4.5278158e-01  -1.0181629e+00  -8.5820126e-02   4.8852931e-01  -5.7888618e-01   2.3987158e-01
   8.4484883e+00   1.5771076e+01  -1.3157500e+00  -1.0892554e+01   1.7153868e+00   3.4020581e+00  -2.9734700e+00  -1.9319805e-01   6.6317687e-01  -8.0390599e+00   3.9856931e-01  -9.0861738e-01   1.5938328e+00   5.8028002e-01  -2.4452564e+00  -2.9641676e+00  -8.3498915e-01  -8.1160022e-01   8.2660855e-01   1.4046729e+00  -1.8999393e+00  -1.4545443e-01  -1.1148419e+00  -2.2176158e-01
   8.3103331e+00   5.3373216e+00  -1.7905610e-01  -4.8752686e+00  -3.6116288e+00   1.3444434e+00  -1.3284119e+00  -4.9811611e+00   1.7330578e-01  -7.0449685e+00  -1.2980876e+00  -8.8550624e-01   7.5023500e-01  -1.9655923e+00   2.2776643e-01   2.7165717e+00  -4.9000813e-01  -1.9347400e-01   1.6394992e+00   7.0299687e-01  -5.6422300e-01   2.7414682e+00  -8.6818994e-01   1.3517344e-01
   9.4193626e+00   1.5525343e+01  -1.3383556e+00  -1.0786938e+01   3.0137837e-02   1.8296183e+00  -5.1507781e-01  -2.9034144e-01  -1.2149229e+00  -5.8425321e+00  -6.6470365e-01  -1.0585720e+00   6.1035757e-02  -4.4823800e-01   1.5512114e-01   1.9044794e+00  -2.6739974e-01  -5.0877916e-01   1.8944534e+00   1.7009533e+00  -2.0543986e+00   1.0308719e+00  -1.2857482e+00  -1.4599866e-01
   8.4065784e+00   9.0294613e+00  -1.5844434e-02  -4.5820331e+00  -1.5326530e+00   1.0921786e+00  -6.1891721e-01  -8.4546188e-01  -6.2779465e-01  -5.1232698e+00  -1.0670289e+00  -8.4028839e-01  -5.8081666e-01  -7.5676978e-01  -5.3759271e-01   1.5600806e+00   9.0221432e-02  -9.5292402e-01   1.7866714e+00   1.6203809e+00  -5.9887580e-01   1.0740307e+00   1.7556852e-01   3.6033260e-01
   8.4919193e+00   1.3252650e+01  -1.1646741e+00  -8.1824530e+00   2.7479925e-01   2.7650218e+00  -4.8653728e-01   2.9038225e-01  -2.0178709e+00  -7.4536014e+00  -1.6455823e+00  -1.1502243e+00  -2.8673207e-01  -2.3804684e+00  -1.6226132e+00   2.1479676e+00  -2.2096425e+00  -1.1133520e+00   1.4632989e+00  -9.3020838e-01   1.6150175e-01  -1.5676248e+00   3.3328036e-02   2.3197662e-01
   7.9028298e+00   5.3385135e+00  -1.0722859e+00  -3.8373904e+00  -3.5986274e+00  -5.5264437e-01   1.3373249e+00  -2.8409516e+00  -3.2353392e-01  -4.6283878e+00  -5.4429549e-01  -2.9918117e-01   3.0303699e-01   7.5672638e-01  -3.0888935e+00  -1.6600607e+00  -2.0361654e+00  -2.3938093e+00   2.0704321e-01  -2.3481491e+00   3.1962754e-01  -1.8261575e+00   3.4631568e-02  -1.7131518e-01
   9.2411388e+00   1.3800114e+01  -3.2440546e+00  -7.9373083e+00  -2.2513387e+00   9.8200174e-01   7.0174947e-01  -6.8790918e-01  -1.1248006e+00  -8.4414103e+00  -8.7607830e-01  -9.8116063e-01   9.5549153e-01   8.7174355e-01  -1.4092671e+00   1.2802755e-01   3.1709046e-01  -3.3382685e+00  -6.5336405e-01  -6.1739045e-01   5.6123993e-01   4.3757769e-01   1.0113922e+00   1.2020069e-01
   8.4865242e+00   9.8908187e+00  -3.6094945e+00  -7.1946966e+00  -3.3238321e+00  -1.6070254e+00  -9.0249577e-01  -3.8785399e+00  -5.9488848e-01  -7.3686016e+00  -1.3998335e+00  -1.1817930e+00   3.1631375e-02   2.3913185e+00  -9.1507187e-01  -4.3465299e-01   2.8566671e+00  -1.1760787e+00  -1.1964211e+00   3.6324374e-01  -9.3729543e-01   2.9449840e-01   2.9466968e-01  -3.8393890e-01
   9.6333094e+00   1.2284112e+01  -2.0099704e+00  -6.3117586e+00   6.1303733e-01  -1.7151905e+00  -3.4667300e-01  -1.1690926e-01  -1.0403337e+00  -5.4271280e+00   2.9927503e-01  -5.2861735e-01  -5.4277529e-01   1.2878457e+00   8.4967638e-01   7.9864049e-01   2.4973151e+00   9.8222643e-01   5.8537092e-01   1.3870062e+00  -3.7385369e-01   1.4894578e+00   1.2731378e+00  -2.5652805e-02
   7.7541915e+00   9.6834920e+00  -3.0619358e+00  -5.3021447e+00  -7.4581474e-01  -9.6816630e-01   6.6904445e-02  -2.5815859e+00  -1.7717105e+00  -5.6937813e+00  -6.8996763e-01  -1.1013612e+00  -5.5930486e-01   2.9072752e+00   6.3637586e-01  -4.5152882e-01   4.8833497e-01   3.6102012e+00   6.6353116e-01   2.0445148e+00  -6.3461037e-01  -1.9607843e-01   7.3209106e-01  -3.5872892e-01
   8.7931422e+00   1.5835546e+01  -2.2433194e+00  -7.6856234e+00   2.0562533e-01   2.1359118e+00   1.0951057e+00   7.4412312e-01  -1.0971701e+00  -7.0446338e+00   6.7869540e-01  -1.0598558e+00  -7.5609278e-01  -3.3485661e-01   6.0334759e-01   1.4184243e+00  -5.2736219e-01   1.7634748e+00   9.9648030e-01   8.1947989e-01   1.4052995e+00   8.8052981e-01  -5.0983877e-01  -4.7782722e-01
   8.0676505e+00   1.2476015e+01  -2.5382562e+00  -7.1850574e+00  -2.3876237e+00   1.8827252e+00  -6.2808840e-01  -1.2422839e+00  -1.5183858e+00  -6.8539664e+00  -4.9140714e-01  -1.4542672e+00   2.8538579e-01   9.1922069e-01   6.5884005e-01  -1.2739943e+00  -1.2140556e+00   6.7745118e-02   4.8905110e-01   1.2970029e+00   1.3742866e+00   1.0410348e+00  -2.8978036e-01   6.2547445e-02
   8.3424408e+00   1.0385566e+01  -1.3667888e+00  -3.2426659e+00   6.4289852e-01  -4.9542397e-01   1.4955439e+00   4.4265956e-01   9.4095313e-01  -3.5262408e+00  -5.6476337e-01  -1.0689052e+00  -3.2645184e-01  -6.8787348e-01  -1.4637177e+00  -1.9152565e+00  -8.8162846e-01  -7.5275981e-01   4.2118779e-01  -1.6514663e-01   3.6664147e-01  -8.1785140e-02  -1.1839480e+00   2.8199650e-02
   8.4076209e+00   1.3787313e+01  -2.5119410e+00  -9.4346149e+00  -2.7855348e+00   4.4911928e-01   6.0026203e-01  -4.8534973e-01  -7.2934218e-01  -5.8914257e+00  -5.0290880e-01  -1.0030153e+00   4.1895042e-01   4.6941824e+00   1.6825222e-01  -5.2003910e+00  -2.1118794e+00   2.0032595e-01   8.3490920e-01   8.5857471e-02   1.2308547e+00  -2.0967806e-01   9.0319823e-02   5.5689060e-01
   8.1334792e+00   1.4148086e+01  -4.4520535e+00  -9.4337294e+00  -9.1786182e-01   1.7235751e+00   1.1127122e+00   1.1793610e-01  -9.4172975e-01  -7.6485818e+00  -1.0914758e+00  -1.2431822e+00  -4.2080238e-01   2.0509883e-01  -9.6793914e-01  -1.0934600e+00  -1.3017052e+00   3.4198143e-01  -8.1801823e-02  -1.0154375e+00   1.2028080e-01  -5.3416394e-01  -3.8101754e-01   6.8411379e-02
   8.8005569e+00   1.7636028e+01  -7.4324558e-01  -1.1890112e+01  -4.7750627e+00   1.0737146e+00   8.1569123e-01  -9.5113594e-01   1.2692376e+00  -5.1073129e+00  -9.2571172e-02  -5.3179275e-01  -2.6597224e-01   1.3235789e+00  -6.4370661e-01   1.1384657e+00   1.8798703e+00   3.3995361e-01   7.0355237e-01   1.2813019e+00   1.2775797e+00   1.0966830e+00   2.4410565e-01  -3.5553340e-04
   7.5147692e+00   8.7688568e+00  -3.7030452e+00  -3.6551072e+00  -3.1489531e-01  -2.9474950e-01   1.2651265e+00  -8.4760355e-01   1.2208442e-01  -4.7195430e+00  -1.3414585e+00  -1.2018994e+00  -6.6276311e-01  -1.3769344e+00  -3.4458936e-01   3.2697868e+00   1.9944233e+00  -8.5693832e-01   1.2532743e+00   1.0986743e+00   1.0668107e+00   1.1996213e+00  -3.1657196e-01  -1.7078780e-01
   8.3180176e+00   1.8462296e+01  -3.8520050e+00  -1.0616227e+01  -2.6721258e-01   1.9682120e+00   1.5793834e+00   1.9193729e+00   6.5512030e-01  -5.7109205e+00  -1.1758997e-02  -1.0241900e+00  -1.3393122e+00  -7.6480625e+00  -7.4608858e-01   7.0898783e+00   2.5200920e+00   3.7582027e-01   2.2572394e+00   1.0261647e+00  -7.6904535e-02   3.1579977e-01  -6.4947851e-01  -2.7402963e-01
   7.3806042e+00   1.1669551e+01  -3.4145578e+00  -5.1659916e+00  -1.8015186e-01  -9.0810744e-03   2.6107775e+00   3.3069305e-01   9.6554497e-01  -5.5473461e+00  -1.6067399e+00  -1.2531653e+00   4.0346909e-01  -2.7972163e+00   6.6693555e-01   1.2646976e+00  -6.8317126e-01  -3.4213543e-01   2.3311674e+00  -1.3629283e+00   3.3494808e-01   3.1900115e-02  -3.8613813e-01   8.3103224e-02
   6.8586711e+00   4.7135873e+00  -2.0066222e+00  -4.9985249e-01  -1.0622964e+00   1.4946108e+00   3.5287248e+00  -1.0372597e-03   7.3215057e-01  -4.2197117e+00  -9.3414824e-01  -9.1720424e-01   1.1761636e+00  -3.5886945e+00  -1.2512379e+00   1.8271509e+00  -1.1682101e+00  -2.5677888e+00   1.4153653e+00  -2.8141929e+00  -1.3725056e-01  -5.5030406e-01  -8.9969523e-01  -1.0173926e-02
   8.8496461e+00   1.1447387e+01  -3.6253333e+00  -6.8162482e+00  -9.4211030e-01  -5.7115205e-01   3.7872069e+00  -1.9317909e+00   5.8599141e-01  -5.4172972e+00  -1.4594711e+00  -1.1307374e+00   2.9698885e+00   3.2378829e+00  -2.7550840e+00  -1.5896522e+00  -3.0438982e-01  -2.5531536e+00  -1.4723856e+00  -2.1740754e-01  -1.0813331e+00   3.5505841e-01   1.0217147e+00   3.7460061e-01
   9.3477421e+00   1.3190336e+01  -5.6234742e+00  -7.0503728e+00  -1.6385486e+00  -1.6024358e+00   3.1142166e+00  -1.1706744e+00   6.3902124e-01  -6.6014010e+00  -1.4349363e+00  -1.1006648e+00   2.5217358e+00   6.8190606e+00  -1.2234293e+00  -4.5347885e+00   1.5929561e+00   3.8368698e-01  -3.1538526e+00   1.4242099e+00   7.6923819e-01   7.0927689e-02   7.7363738e-01  -1.2467199e-01
   1.0590901e+01   1.2288001e+01  -5.7387577e+00  -4.2752098e+00  -3.4861051e-01  -2.2902882e+00   6.0945329e-01   5.8940030e-01  -6.0989009e-01  -3.8239138e+00   1.7622612e-01  -5.9953407e-01   8.4554981e-01   4.8436294e+00   1.3402207e+00  -4.1038354e+00   1.7978300e+00   5.3024752e+00  -3.0254041e+00   2.1838941e+00   9.3843295e-01   1.7131518e-01   1.4418459e+00  -2.0821119e-01
   9.7706471e+00   1.4521871e+01  -2.7850539e+00  -8.5725544e+00   1.0303878e+00   2.9297094e+00   3.8682272e-01   8.7468202e-01   2.4839486e+00  -4.9100119e+00  -5.9154077e-01  -1.3698139e+00  -1.7070912e-01   2.9955326e+00   2.9804771e+00  -5.2701948e+00  -5.6260012e-01   4.1980065e+00  -1.8970022e+00   1.0568920e+00   6.6649346e-01  -9.5454247e-01   9.5854321e-01  -2.6415697e-01
   9.9065183e+00   1.8047063e+01  -3.0342124e+00  -1.2210910e+01   4.2016654e-01   5.1164881e+00   6.1279774e-01   3.2137200e-01   1.0711772e+00  -6.0060190e+00   2.8160005e-01  -1.3084797e+00  -3.5144100e-01   3.9862762e+00   2.8717687e+00  -5.5190589e+00  -1.3026442e+00   2.6925349e+00  -1.9541207e-01  -4.4543380e-01   8.4558508e-01  -4.1133688e-01   8.6698016e-01   1.8589297e-01
   9.4338700e+00   1.4804104e+01  -2.5050313e+00  -1.0987815e+01  -2.8668372e+00   9.9118583e-01   2.6704108e-01   5.4867773e-01   7.9822780e-01  -6.9421621e+00  -4.9808399e-02  -1.1424275e+00   1.3918440e-02  -1.4580863e+00   1.1521330e+00   4.4205762e-01  -1.7687906e+00  -2.3572830e+00   2.6881016e-01  -8.0038400e-01  -2.2922572e+00   4.0764186e-01  -2.5192175e-02   3.4318217e-01
   1.0232129e+01   1.8126299e+01  -1.5711160e+00  -1.1346168e+01  -3.5396433e-01   2.7177760e+00   3.7622601e-01   8.4251752e-02   1.5013479e+00  -3.4248440e+00   1.2058302e+00  -4.3438782e-01  -1.1116026e-02  -3.8680311e+00   8.5479535e-01   2.8483097e+00  -9.9965636e-01  -3.6434100e+00   1.0907902e-01  -1.7362356e-01  -2.9246060e+00   5.6761752e-01  -9.7923321e-01   8.0144366e-02
   9.6287196e+00   1.2295124e+01  -1.7884027e+00  -8.3418392e+00  -1.2357327e+00   5.9314095e-01   9.0832383e-01  -2.0733385e-01  -1.1695225e+00  -5.5891366e+00  -1.0914441e+00  -1.2920866e+00   3.1463048e-01  -3.1210946e+00   1.3486653e+00   6.0469132e-01  -2.6135364e+00  -1.9732775e+00   1.1581105e-01  -3.8935746e-01  -3.3577931e+00  -7.6027875e-01  -1.1988861e+00  -1.0212925e-01
   9.7924194e+00   1.3499507e+01  -2.1103337e+00  -9.2614337e+00  -1.8948703e+00  -1.4960443e-01   4.5577490e-01   4.3894245e-01  -2.3318567e+00  -5.8311055e+00  -6.6643191e-01  -1.1134336e+00  -3.0899572e-01  -8.7413157e-02   5.4659067e-01   7.8295556e-01  -6.9240922e-01   8.1233402e-01  -8.3257667e-01   1.4046494e+00  -2.3769146e+00  -1.3148928e+00  -1.2623861e+00  -3.3870584e-01
   1.0125670e+01   1.2435858e+01  -2.1242455e-01  -1.1123145e+01  -6.0166888e+00  -5.3504024e-01   4.0098321e-01  -2.1270381e-01  -2.3218596e+00  -6.8794495e+00  -9.1200656e-01  -9.5609849e-01   5.7178870e-02   4.9246915e+00  -1.0551341e+00  -1.3566932e+00   4.0912457e-01   2.9838276e+00  -2.1530543e+00   1.1685198e+00  -1.7137983e+00   8.2052782e-01   5.7980965e-01   4.5324998e-02
   9.5201596e+00   1.7924812e+01  -1.5392190e+00  -8.7810819e+00   9.9789992e-01   4.5003676e+00  -6.1896869e-01   2.1939108e+00  -1.4878554e+00  -4.7520268e+00  -7.7746767e-01  -1.1104406e+00  -3.0459993e-01   5.6336943e+00  -1.4963668e+00  -1.6162301e+00   5.5602063e-01   3.7447658e+00  -3.4564092e-01   6.1913275e-01  -2.4034840e+00   1.0674417e+00   7.6244655e-01  -7.9458884e-02
   9.8506178e+00   1.7469509e+01  -3.6566611e+00  -1.0617055e+01  -2.0684309e+00   2.7438964e+00  -1.7838858e+00   6.6796164e-01  -4.1622206e+00  -4.8978842e+00  -1.6621174e-01  -1.2255956e+00  -1.9067653e-01   5.2769549e-01  -9.2893974e-01   1.9718813e+00   1.3582117e+00  -1.1338384e-01  -5.5647134e-01  -1.1448904e+00  -2.0027105e+00   2.6034964e+00   9.8241389e-01   3.4380731e-03
   9.4730457e+00   1.9433223e+01  -2.6327655e+00  -1.1938824e+01  -3.0349683e+00   3.8280760e+00   1.0297480e+00   9.2730885e-01  -5.0169021e+00  -5.2207255e+00   1.0434050e-01  -1.0978734e+00  -5.4828174e-01  -2.7162408e+00  -2.2374891e+00   7.8202255e-01  -1.2162514e+00  -6.1842980e+00   1.8088570e+00  -1.3086730e+00  -1.4916378e+00   9.0883763e-01   1.0437232e+00   5.0333851e-02
   9.8632125e+00   1.2473196e+01  -1.0590609e+00  -6.5864519e+00  -1.9629372e+00  -3.6897020e-01  -1.2580821e+00  -1.2967384e+00  -3.5614020e+00  -2.7398556e+00   1.2071019e-01  -9.5722500e-01  -1.0573778e+00  -2.7231367e+00  -1.8358275e+00   1.4153065e+00   6.3129774e-01  -5.4794195e+00   2.0387208e+00  -2.9791617e-01   1.0581761e+00   3.1907635e-01   1.1337009e-01  -1.1293543e-01
   8.6914397e+00   1.6348607e+01  -6.1942528e+00  -9.6233495e+00  -8.7922399e-01  -3.2196461e+00   1.8314151e+00   1.2132513e+00  -4.0257215e+00  -4.4677847e+00   6.4465615e-01  -1.1691251e+00  -1.1984499e+00  -9.4112415e-01  -2.3663952e+00  -8.3905705e-01  -2.4827635e-02  -4.2622529e+00   9.3105145e-01   4.9748433e-01   1.1210059e+00  -1.1091211e+00  -5.8611682e-01  -2.7267157e-01
   8.6553541e+00   1.4927111e+01  -4.6296587e+00  -9.6518322e+00  -2.1993565e+00  -1.9513719e+00   8.7336187e-01   7.8116182e-02  -3.0705468e+00  -4.7957401e+00  -2.6631443e-01  -1.3593728e+00  -7.3937107e-01  -1.3704915e-03   4.8271386e-01  -6.9588842e-02  -1.4456711e-01   1.8322799e-01   3.1642231e-01  -7.4679922e-01   1.2993190e+00  -5.5972738e-01  -5.1412020e-01   1.7761908e-01
   8.2793001e+00   1.6794579e+01  -4.3970594e+00  -1.1664719e+01  -2.9540001e+00  -1.7741025e+00   1.3606032e+00   9.8610807e-01  -3.5808209e+00  -5.8564649e+00  -5.8132242e-01  -1.3058068e+00  -3.9456633e-03  -2.7478017e+00   4.2585073e+00   3.6827709e+00  -9.2349879e-01   4.5230152e-01  -8.3668760e-01  -1.9044558e+00   2.6376178e+00   6.3845370e-01  -1.1923388e+00   3.8525633e-01
   8.9602257e+00   1.2248154e+01  -1.2335868e+00  -5.6701503e+00  -1.1423998e+00  -8.1690000e-01  -5.4804273e-01  -2.3033656e+00  -1.8348738e+00  -2.8851065e+00  -3.7480828e-02  -6.2245554e-01  -1.1610324e-01  -3.5109765e+00   2.8363765e+00   3.9359977e+00   8.2522548e-01  -2.0840838e+00   5.6188013e-01  -1.5275535e+00   2.4386692e+00   7.5924353e-01  -7.8700427e-01   3.5204297e-01
   8.5330854e+00   1.3566383e+01  -1.5045278e+00  -6.0900342e+00  -2.7929505e+00  -3.1084298e+00   1.2870860e+00  -4.5269158e-01  -6.8713122e-01  -4.4654209e+00  -1.2582689e+00  -9.5969928e-01   1.5556954e-01   1.4256701e+00  -2.2904684e-01  -2.6200313e+00   6.8542760e-01  -1.7805236e+00   1.8293758e+00  -2.8114502e+00   1.3241302e-01  -5.6544298e-02  -3.9828642e-01  -2.7657126e-01
   8.3543066e+00   1.1274744e+01  -1.8213599e+00  -6.5351782e+00  -1.0420431e+00  -4.4103339e+00   1.7529407e+00  -1.4938143e+00  -8.5938776e-01  -4.3523968e+00  -1.1083476e+00  -1.0043622e+00  -7.1799929e-01   1.3040846e+00  -5.2226779e-01  -3.8350277e+00  -8.4997877e-01  -4.5303672e+00  -4.0708964e-01  -1.9583616e+00  -1.7761441e+00  -1.1784149e+00   9.5803683e-02  -2.3669671e-01
   8.8156139e+00   1.9419789e+01  -4.4467432e+00  -1.5162252e+01  -1.9760371e+00  -2.6481709e+00   2.9541751e+00  -3.6358429e+00  -3.8699444e+00  -5.2076363e+00  -6.4331867e-01  -1.5297104e+00  -2.3818050e-01   3.9784028e+00   1.8756107e+00   4.8821357e-02   1.3798623e+00  -4.1279292e-01  -2.2656120e+00  -2.4286464e+00   2.7412523e-01   1.5805440e-01   1.1692365e+00   2.8204119e-03
   7.7419625e+00   1.1277579e+01  -5.4588079e-01  -6.8865827e+00  -2.8258247e+00  -7.8425803e+00  -1.9922218e+00  -3.6493324e+00  -2.9076834e+00  -4.2816212e+00  -2.0125042e-01  -6.9249504e-01  -2.2683735e-01   2.9659464e+00   3.6961428e+00   5.8782491e+00  -2.1772967e-02   2.1889036e-01  -2.2523431e+00  -3.1188597e-02   2.6143025e+00   2.2192748e-02   8.9356459e-01   9.2699329e-02
   8.4819867e+00   1.9532570e+01   6.7114876e-01  -5.8410999e+00   1.6873379e-01  -2.0114960e+00  -2.3875087e-01  -3.0179022e+00   7.4820444e-01  -4.2637271e+00   4.2037206e-02  -1.1114022e+00  -3.2082270e-01  -6.6639763e-01   3.9559142e+00   9.0942665e+00  -4.6812895e-01  -1.0443960e+00  -1.1164964e+00   1.5759418e+00   2.9163369e+00  -5.4083118e-01  -2.6581837e-03   9.7654164e-02
   8.1808641e+00   1.5667273e+01   1.1639083e+00  -2.3783807e+00  -2.1470880e+00  -4.4003358e+00  -2.9110977e-02  -1.8495675e+00   7.5299160e-01  -4.7910622e+00  -1.1067866e-01  -1.0744672e+00   4.1530940e-01  -3.5555682e-02   1.0965924e+00   4.8266587e+00  -2.9550107e+00   8.0651230e-02  -1.5769465e+00  -1.2869118e+00   2.3074869e-01  -3.2264725e-01  -9.9463131e-02  -4.3576462e-02
   8.1149291e+00   1.6225345e+01   6.3223359e-01  -3.7749535e+00  -3.0175989e+00  -5.9358871e+00   2.9787505e-01  -2.1718126e+00  -1.3257765e+00  -5.7641625e+00  -6.9259183e-01  -1.1922430e+00   4.8417489e-01  -4.4917002e-01  -2.1868579e+00  -1.1887423e+00  -2.9091193e+00  -5.2437165e-01  -4.4467044e-01  -3.9751813e-01  -1.7576365e+00   2.3902745e-01  -4.5917546e-01   2.1385099e-01
   8.5484554e+00   1.2877858e+01   1.1184654e+00  -6.7966791e-01  -5.6651744e+00  -5.7594079e+00  -4.6259545e+00  -6.0027449e+00  -1.5245699e+00  -4.0153744e+00   1.6869401e-02  -7.1743932e-01   4.9022345e-01   6.5802233e-01  -2.2979562e+00  -3.4395566e+00  -1.5311043e+00   2.0065567e+00   1.0520017e+00   6.2446152e-01   3.9805254e-01   1.1573961e+00  -3.3624830e-01   4.1828449e-01
   9.0244535e+00   2.0253523e+01  -2.5864165e+00  -8.4735697e+00  -2.4359020e+00  -2.1185174e+00   1.3926652e+00  -1.5375907e+00  -7.4946964e-01  -4.2930299e+00  -7.1050002e-01  -9.6913969e-01   5.8105669e-02   2.0070431e+00  -2.1782613e+00  -4.8909101e+00  -1.0226319e+00   2.1188469e+00   1.3594063e+00   3.1515393e+00   1.7485946e+00  -8.3264130e-02  -5.4265635e-01   3.0186265e-01
   8.4614371e+00   1.4640218e+01  -6.7370093e-01  -5.1884075e+00  -4.7345928e+00  -3.2991856e+00   1.0014964e+00  -1.2299862e+00   1.0619170e+00  -3.7905343e+00  -6.0609702e-01  -5.5859220e-01  -8.8871580e-02  -4.9329270e-01   6.1707812e-01  -1.1415401e+00   3.7133403e-01  -3.6984708e-02   2.6035643e-02   3.9377917e+00   1.5994051e+00   2.0035440e-01  -7.7137507e-01   4.8052152e-02
   8.2455967e+00   1.8354730e+01  -1.7390753e+00  -8.8569489e+00  -5.0168375e+00  -3.9877278e+00  -4.7674104e-01   1.6911694e-01   3.8719729e-03  -6.0014787e+00  -1.1950931e+00  -8.1887263e-01   5.6547036e-01  -3.2054998e+00   1.6757034e+00   1.2096683e+00  -9.4214726e-01  -1.2582542e+00  -4.2199339e+00   8.4193763e-01  -1.5262704e-01   7.2084353e-01  -3.3957384e-01   8.9919036e-02
   8.8045764e+00   1.3087315e+01   1.6204119e+00  -2.2002886e+00  -3.8177056e+00  -4.8802797e+00  -3.6521979e+00  -9.4941121e-01   4.9786696e-01  -2.8606184e+00  -8.9789664e-01  -7.2049462e-01   1.1295635e+00  -2.5855503e+00   7.5899885e-01  -2.8374512e-01   1.1356638e+00   1.2365640e+00  -2.8194935e+00   2.1597374e-01  -8.8049628e-01   9.8150579e-01  -1.5371414e-02  -5.7265445e-02
   9.7010893e+00   1.6221724e+01  -1.2199178e+00  -8.1531268e+00  -4.3075665e+00  -3.2153516e+00  -2.6103884e+00  -4.1497178e-01  -6.9638519e-01  -3.6767226e+00  -1.0739610e+00  -7.5330992e-01   5.9433106e-01  -3.0103380e+00  -7.7411207e-02  -3.0875704e+00  -3.0481388e-01   1.8880229e+00  -2.5705597e+00  -1.1327851e+00  -1.4349207e+00  -5.3623211e-02  -6.7309117e-02  -5.6318830e-02
   9.4280361e+00   1.1828395e+01   2.0521861e-01  -5.9659362e+00  -3.3857325e+00  -1.8305277e+00  -2.1609201e+00  -6.1398124e-01   9.1301132e-02  -3.4806537e+00  -6.8972023e-01  -6.7727172e-01   7.1405808e-01   1.7751937e+00   2.0624253e-01  -5.7035488e+00  -1.4275821e+00   3.5826529e+00  -9.5327867e-01   3.5051708e-02  -8.9675684e-01  -5.5859631e-01   2.2941853e-01   4.6847284e-02
   8.8253635e+00   1.4468683e+01  -1.1475954e+00  -1.1605481e+01  -5.6900448e+00  -2.6805695e+00  -5.0782194e+00  -1.6977756e+00  -1.9452261e+00  -5.7718959e+00  -1.4001450e+00  -9.2496233e-01  -7.1658065e-01  -5.0270019e+00   8.5907055e-01   2.8440116e+00  -1.3475969e+00   1.2608254e+00  -9.3811748e-01  -1.3855907e+00  -3.8026813e-01   2.2762058e+00   2.3690749e-01   3.5705866e-01
   1.0313526e+01   1.6626627e+01   1.8936145e+00  -9.0294348e+00  -5.2678396e+00   2.2630849e-01  -3.8482004e+00  -2.5543172e-01  -2.2284782e-01  -2.6509262e+00  -3.9067682e-01  -5.6439749e-01  -5.4591037e-01   3.7241697e-01  -7.3656555e-01  -3.7179306e-01  -2.2383629e+00   7.8865902e-01   5.1919363e-01   9.2185650e-01  -4.1867994e-01   1.6850991e+00   7.2985858e-02   3.6108016e-01
   8.1834732e+00   6.2821058e+00  -7.7550991e-01  -2.3553601e+00  -5.3879083e+00  -2.3525316e+00  -3.1739244e+00  -2.6726326e+00  -1.1097129e+00  -6.7727759e-01  -8.6812144e-01  -2.7415905e-01  -4.1992516e-01   1.3758826e+00  -8.6217385e-02  -7.4804018e-01  -5.3436884e-01   1.1550017e+00   2.3474520e+00   3.1996071e+00   8.7649187e-01   1.5427656e+00  -9.5498632e-02   2.8533549e-01
   8.9301157e+00   1.6480309e+01  -1.0856725e+00  -1.1148686e+01  -6.8943451e+00  -8.1155812e-01  -2.3342771e+00   1.2562320e+00  -9.5447539e-01  -3.5003141e+00  -8.4625323e-01  -4.6105312e-01  -4.5688187e-01   2.4793265e+00  -1.3142100e+00  -5.2856201e+00  -1.2019619e+00   2.4832946e-01   5.8336730e-01   2.9763097e+00   1.0920121e-01  -6.5093595e-01  -9.7907622e-01  -3.7776481e-02
   8.8871811e+00   1.6605666e+01   2.1272200e-01  -1.1667915e+01  -5.6783453e+00  -4.2913363e-01  -2.3140031e+00   2.3458031e+00  -2.6467457e-01  -3.0330534e+00  -1.3156048e+00  -5.4863128e-01   1.5179673e-01   4.3744888e+00   6.1441125e-01  -5.1612625e+00  -7.4736587e-01  -4.8025807e-01  -5.3378635e-01   3.5260483e+00   7.5061381e-01   1.1337776e+00   3.9640887e-01   8.0182508e-02
   9.2763497e+00   1.5183836e+01  -5.7181645e-01  -1.2301587e+01  -6.9255639e+00  -3.6289631e-01  -3.4031101e+00   1.6998149e+00  -4.8156517e-01  -2.4494422e+00  -1.6355495e+00  -4.8382610e-01  -1.3314704e+00  -4.2083048e+00  -6.2625691e-02   3.1367191e+00   3.1405790e+00  -9.6510350e-01   1.7061330e+00   2.3655202e+00   1.5676743e+00   3.6041118e+00   8.6150351e-01  -1.3960972e-01
   8.2380513e+00   1.3492075e+01  -1.1082103e-01  -9.5208033e+00  -6.4933477e+00  -3.2972496e+00  -3.4401875e+00   2.3946483e+00  -2.2024730e-01   4.9795289e-01   1.2114000e-01  -1.4249880e-01  -1.7097852e+00  -2.7126986e+00  -1.3782897e+00   2.6684236e+00   3.8255525e+00  -2.0420084e+00   7.8652010e-01   2.3762788e-01  -6.5203168e-01   2.4136703e+00   1.0016589e+00  -3.7979462e-01
   7.2574751e+00   1.1724647e+01  -1.0178395e+00  -7.5171635e+00  -1.7759755e+00  -8.2515537e-01   7.8801456e-01   4.7800897e+00   1.3748224e+00   1.4035040e-01  -2.7237035e-01  -8.7353393e-01  -1.6902732e+00  -6.9608852e-01   3.9570098e-01   2.5629388e+00   4.0376971e+00  -2.4477463e+00   4.7028328e-01  -5.7782231e-01  -2.7803011e+00  -4.4794786e-01   1.1158378e-01  -6.0169501e-01
   7.3319407e+00   1.4266213e+01  -1.6317011e+00  -1.0057492e+01  -2.5148108e+00  -3.2610167e+00  -3.2297853e+00   1.1621075e+00  -2.1709159e+00  -7.0744424e-01  -4.9470595e-01  -9.2346929e-01  -9.8051624e-04   2.1694522e+00   2.4409951e+00  -2.6427818e-01   1.0282026e+00  -2.0238057e+00  -7.3820483e-01  -1.4435714e+00  -4.2438754e+00  -2.5774003e+00  -1.1651614e+00  -5.4683528e-01
   7.1939952e+00   1.3752635e+01   7.8217503e-01  -8.1888349e+00  -2.8582866e+00  -4.0526322e+00  -2.8028863e+00   1.4493518e+00  -3.6766825e+00  -2.5186654e+00  -1.1602508e+00  -9.9588337e-01   2.7885260e-01   3.5405372e+00   4.8953929e+00   4.8321866e-01  -1.0214049e+00  -3.6860520e+00  -3.1724557e+00  -2.4413941e+00  -2.9610220e+00  -1.5208174e+00  -3.1810809e-01   2.8965094e-01
   8.2683204e+00   1.5732260e+01   2.6506643e+00  -9.5813849e+00  -4.4098883e+00  -4.7192198e+00  -2.7520443e+00   1.8946602e+00  -4.0603080e+00  -2.0386396e+00  -1.1826618e+00  -9.0157701e-01   3.1769992e-01   1.3082891e+00   3.5432560e+00   2.5278554e+00   4.9052669e-02  -1.5093997e+00  -1.0364111e+00  -8.2178584e-01   3.3310178e-01   6.5433197e-02  -1.5331423e-01   1.1825438e-01
   7.2075641e+00   1.6302429e+01   4.1840672e+00  -7.0303890e+00  -2.3605442e+00  -5.6251318e+00  -4.2095395e+00   7.5172220e-01  -2.1220145e+00  -1.4752780e+00  -4.0555454e-01  -4.5000366e-01   5.6910634e-01   1.9845128e-01   1.9765123e-01   2.7566666e+00   1.3894519e+00  -4.6695153e-01  -1.1629736e+00  -7.8604710e-01   8.4481200e-01   1.2677962e+00   3.4769686e-01   4.1234462e-02
   7.8017061e+00   1.4953749e+01   1.9822368e+00  -6.8449316e+00  -2.6901031e+00  -4.7388664e+00  -4.0810753e+00   2.7824357e-01  -2.4485972e+00  -1.1309881e+00  -1.1020254e+00  -1.0190276e+00   1.6779764e-01   8.8213740e-01  -1.3074940e+00   1.9845915e+00   5.6320980e-01   5.1372847e-01  -2.2246056e+00  -3.3770179e-01   7.7281552e-01   1.2048485e+00  -1.3194000e-01  -2.9532608e-01
   8.2809618e+00   1.4439567e+01   1.4128656e+00  -5.4220616e+00  -1.6340014e+00  -4.7432362e+00  -3.8828312e+00   1.0784895e+00  -3.2153199e+00  -1.0707969e+00  -6.7902373e-01  -8.7530639e-01   4.4255742e-01   1.2700758e+00  -9.8965711e-01   1.2621472e+00  -2.2793958e+00   6.4393337e-01  -1.7422070e+00  -2.1278987e-01   4.0455264e-01   1.2310911e+00  -3.5904948e-01  -4.4693102e-01
   7.9833180e+00   1.7986897e+01   2.0750241e+00  -7.4086613e+00  -3.9283449e+00  -4.3895749e+00  -6.2523069e+00   1.2247239e+00  -2.3544320e+00  -4.3360735e-01  -1.2438372e+00  -1.1319148e+00  -1.0405768e+00   1.1149112e+00   5.8690680e-01   2.8337836e+00  -2.6248451e+00  -5.8171221e-01  -3.1141715e+00  -2.8028111e+00   1.1990641e+00   6.7717571e-01   2.5719429e-01  -4.7353245e-02
   7.7805943e+00   1.6690969e+01   2.6531879e+00  -4.8553032e+00  -5.1605169e+00  -4.8338775e+00  -5.7372342e+00  -4.0702772e-02  -1.5622681e+00   2.2668273e-02  -8.7322287e-01  -1.0639566e+00  -7.4901025e-01  -2.1868139e+00  -1.7595522e+00   2.9954379e+00  -1.8317248e+00   1.4532104e+00  -2.2969673e-01  -3.6045379e+00   1.1308412e+00  -1.0663628e+00  -1.5625505e-01  -9.9526662e-04
   6.4910247e+00   1.5500415e+01   2.2424359e+00  -2.8776354e+00  -4.8641129e+00  -5.5661141e+00  -7.8251310e+00  -3.3663770e+00  -1.4765269e+00  -6.6195714e-01  -6.1913444e-01  -9.9573234e-01   4.2928507e-01  -2.4653749e+00  -2.1241502e+00   2.3435739e+00  -3.0335170e-01   4.2907084e+00   3.0283766e+00  -3.4959250e+00   2.0398626e+00  -1.4701880e+00  -7.4186635e-02   1.0009955e-01
   7.9035931e+00   1.2402587e+01  -1.3101685e+00  -3.1944177e+00  -3.9137046e+00  -1.9751509e+00  -3.4409642e+00  -2.0327670e+00  -1.9580106e+00  -2.5561662e+00  -1.2257577e+00  -9.4489051e-01   6.3370919e-01  -1.1844685e-01  -2.2002185e+00  -8.9713943e-01  -1.2957802e+00   2.9786527e+00   2.9502268e+00  -1.0699605e+00   1.0746173e+00  -1.8581441e+00  -6.3375062e-01  -2.9541368e-02
   8.5657462e+00   1.6433025e+01   8.7047702e-01  -4.7237432e+00  -5.0067786e+00   6.1712440e-01  -2.8578769e+00  -3.0231316e+00   9.0323306e-01  -1.3494721e+00  -1.1788498e+00  -1.0412985e+00   1.1017982e+00  -1.1511585e+00  -1.1107199e+00  -2.7104973e-02  -7.5116675e-01   1.8401943e+00   3.1634495e+00   2.5433300e+00   7.5716006e-01  -7.2932353e-01  -4.6438150e-01   3.1794283e-01
   7.6937973e+00   1.6046993e+01   3.8839550e-02  -5.2779585e+00  -7.0328544e+00  -3.4575176e+00  -3.7955210e+00  -1.8172661e+00  -1.1402222e+00  -2.4207904e+00  -1.5439911e+00  -1.0854856e+00  -1.2521314e+00  -7.8415665e-01   2.2314873e+00   3.0840972e+00   7.8788824e-01  -3.9377306e+00  -1.0150075e+00   1.8454818e+00  -6.3388258e-01   1.1337645e+00   6.4117131e-01   4.8777723e-01
   8.2486199e+00   1.1951474e+01  -9.8148028e-02  -1.8765225e+00  -4.4312882e+00  -2.0646393e+00  -2.9026784e+00   3.4086769e-01  -7.4968108e-01  -1.8236303e+00  -1.1565900e+00  -4.4852056e-01  -2.1723615e+00  -2.9060176e+00   1.2823602e-01   3.0044275e+00   2.6399546e+00  -3.0592192e+00  -2.3710319e+00   2.5616912e+00  -2.5130336e+00   2.1772814e-01   7.9416673e-01   5.0699341e-01
   6.1839592e+00   1.3467128e+01   2.5213749e+00   8.1177016e-03  -3.0196175e+00  -6.5408650e+00  -4.9410747e+00  -9.4654397e-01  -2.0823774e+00  -6.1844034e-01  -2.7513063e-01  -5.0961363e-01  -1.6436208e+00  -9.9554322e-01  -2.1328111e-01   7.5820795e-01   2.5211919e+00  -4.5708980e-01  -1.6210422e+00   1.3135101e+00  -1.2990461e+00   4.6611999e-01   8.4381826e-01   4.0097442e-01
   6.0621230e+00   1.3363932e+01  -1.7843665e-01  -2.8601401e+00  -3.0534652e+00  -2.4300308e+00  -5.8416480e+00   3.8404420e-01  -2.3952397e+00  -1.9240550e+00  -6.2202991e-01  -5.6874434e-01  -1.3433470e+00   2.3078627e+00  -1.5277591e+00  -3.8536626e+00  -1.2148568e+00  -9.7507944e-01  -1.7889640e+00   2.3588024e-01  -1.6432086e+00  -8.9285922e-01   2.3300568e-01  -9.0172290e-02
   6.3216145e+00   1.3847450e+01  -2.4093780e-01  -3.6488378e+00  -3.9399781e+00  -3.9604566e+00  -4.7575994e+00   1.3141082e-01  -2.2660120e+00  -1.6713981e+00  -5.4554378e-01  -4.2391206e-01   3.4638755e-01  -7.0253501e-02  -8.5320351e-01  -3.5909167e+00  -1.5472346e+00   5.9864789e-01   1.3961639e+00  -4.8244262e-01   4.1106803e-01  -3.7929691e-01  -1.1067332e-01   8.0775139e-02
   6.1647717e+00   1.5223107e+01  -1.0086302e+00  -5.8285386e+00  -5.7933930e+00  -4.8174627e+00  -5.6778620e+00   1.5571066e-01  -3.1226768e+00  -2.6364402e+00  -6.7187488e-01  -6.2662977e-01  -1.3307300e+00  -9.1019981e-01   2.9438735e+00  -1.1715257e+00   1.9714559e-01  -2.4159157e-01   2.9770655e+00  -3.4182147e+00  -1.6052637e-01   2.0823164e-01   1.3150235e-01  -8.5160575e-02
   6.6522162e+00   1.2432160e+01   1.6566665e+00  -3.8940581e+00  -3.9705055e+00  -4.4491772e+00  -2.9287219e+00  -1.5560411e+00  -1.1020569e+00  -8.3119308e-01  -4.1621812e-01  -3.5950820e-01  -2.1771042e-01  -3.9531170e+00  -9.1909786e-01  -5.1937982e-01   1.8842109e+00   2.0133084e+00   2.5747022e+00  -2.9689108e+00  -8.9368987e-01   3.6540498e-01   5.8530832e-01  -4.7194420e-02
   3.9007272e+00   1.2706277e+01   3.2885715e+00  -4.4948186e+00  -2.7424831e+00  -2.5480578e+00  -2.2904885e+00  -3.8995519e+00  -3.2180068e+00  -2.0318100e+00  -4.8943922e-01  -7.2868713e-01   1.6750188e+00  -4.4133424e+00  -2.9223284e+00  -1.0570013e+00   2.6631043e+00   1.8671526e+00   6.5293125e-01  -4.1246128e-01   2.7260352e-01   5.9518922e-01   1.2655017e-01   1.1659421e-01
   7.1270712e+00   9.1761893e+00  -3.7681854e+00  -5.0947675e+00  -2.6391168e+00  -2.0751964e+00  -2.5892328e+00  -2.2943241e+00  -3.5588817e+00  -1.4256057e+00   2.4120088e-01  -4.4367501e-01   3.2331936e+00  -3.2474136e-01  -5.2686897e+00  -4.1867256e+00   1.1522602e+00   9.0147489e-01  -3.2159326e+00   9.8195302e-01   7.2002274e-01   1.7954530e-02  -3.3703930e-01   4.2263267e-02
   8.4398724e+00   1.0231079e+01  -2.6796969e+00  -6.8136859e+00  -2.4644310e+00  -3.2037241e+00  -4.8682097e+00  -9.3839789e-02  -1.4853591e+00  -1.4464501e+00  -8.1075912e-01  -4.0965505e-01   3.8117364e+00   1.1300503e+00  -3.1872329e+00  -2.4714892e+00   6.9425233e-01  -1.2692032e+00  -4.0400411e+00   3.9970376e-01   1.7706521e+00   1.7312709e+00   5.4415517e-02   2.3892781e-01
   9.2324340e+00   1.3182647e+01  -3.2622339e+00  -9.0147128e+00  -2.3811412e+00  -2.7691317e+00  -6.4637603e+00  -1.9859677e+00  -8.8834663e-01  -1.0969413e+00  -7.6111713e-01  -4.5562934e-01   1.7893698e-01   1.8049453e+00   2.9461403e+00   1.3797469e+00  -1.2238049e+00  -2.3958919e+00  -2.8313047e+00  -1.8156319e+00   8.5778843e-02   8.2971340e-01   7.7373275e-01   2.0840838e-01
   8.5656504e+00   1.2398124e+01  -1.7452536e+00  -6.2420798e+00  -1.8300924e+00  -4.1048950e+00  -6.4132864e+00  -3.4541745e+00  -1.8972962e+00   4.0076406e-01   9.3343055e-02  -3.6431826e-01  -2.0798991e+00  -1.6324848e+00   2.1031105e+00   5.1928206e+00  -1.2190735e+00  -1.7418361e+00   9.4181405e-01  -8.6007522e-01  -5.6082359e-01   1.6388806e+00   1.5606995e+00   2.0786474e-01
   7.3325876e+00   1.0800085e+01   1.8380335e-01  -3.3109502e+00  -4.7919934e+00  -5.2184488e+00  -6.0636515e+00  -3.3376046e+00  -3.2242449e+00  -1.1046427e+00   9.4974892e-01  -1.5373084e-01  -2.8826762e+00  -2.3763772e+00   3.7535196e+00   6.4294597e+00  -1.6793753e-01  -9.3330509e-01   2.6158976e+00   6.5638827e-02  -3.5642802e-01   4.7299341e-01   9.5312233e-01   1.0327612e-01
   6.2699468e+00   8.9736329e+00  -1.2480499e+00  -1.8763363e+00  -3.0876152e+00  -4.5918196e+00  -3.6555430e+00  -7.0813416e-01  -1.1586453e+00   1.0157216e+00   6.7485718e-01  -2.4880720e-01  -2.1646425e+00   1.3291784e+00   4.2102268e+00   3.3897281e+00   8.2507680e-01  -2.1031912e+00   2.2097958e+00   6.1273354e-01   4.4215693e-01   3.6970107e-01  -1.6601868e-01  -2.5071512e-02
   6.0562715e+00   1.1330326e+01   2.1194436e+00  -1.5533950e+00  -2.0042861e+00  -3.9256270e+00  -3.9187855e+00  -3.2605296e+00  -1.7923141e+00  -6.9492992e-01   3.7780931e-01  -3.5847069e-01  -1.4898548e+00   4.1084543e+00   4.8670112e+00   3.6975849e-01   9.1324310e-01  -3.3002997e+00  -3.3204793e-01   4.5410919e-01   8.2439907e-01   1.2319109e+00  -4.6631233e-01  -2.4874312e-02
   5.9568447e+00   1.4126770e+01   3.6022665e+00  -2.0362653e+00  -1.9863309e+00  -7.9060927e+00  -4.1710257e+00  -2.5736117e+00  -1.9500262e+00   7.5045927e-01   1.3028484e-01  -2.9955560e-01  -1.4202812e+00   3.8101165e+00   4.3384640e+00  -1.6342933e-01  -1.5734896e+00  -3.2012592e+00  -2.4124392e+00   5.2474464e-01  -7.6103444e-01   3.0732621e-01   8.8548572e-02   1.8031210e-01
   5.2543565e+00   1.4386197e+01   5.0591619e+00  -2.6763479e+00  -3.9727709e+00  -8.5117619e+00  -6.3039820e+00  -1.7237020e+00  -1.5919558e+00   8.7585484e-01   5.2256658e-01  -1.6566810e-01  -1.9790665e+00   4.0441860e-01   1.7417599e+00   1.4491652e+00  -2.3089770e+00  -1.7302233e-01  -6.6329736e-01   2.5125772e+00   4.3035879e-01   1.1870271e+00   5.6086950e-01   1.5176693e-01
   4.5404826e+00   1.3160872e+01   3.7897870e+00  -1.5600038e+00  -4.4636072e+00  -7.1006410e+00  -6.0816036e+00  -6.8943098e-01  -2.4003761e+00   6.9131854e-01   7.3530140e-01  -7.4740335e-02  -1.6247830e+00  -1.0720556e+00   7.0595356e-01   3.8897243e+00  -6.0084408e-01   2.5715372e+00   4.3513114e-01  -1.1264828e+00  -2.5442948e-01  -2.1682226e+00  -7.6001104e-02   1.5145096e-01
   3.7958527e+00   1.2419904e+01   4.6383233e+00   3.8222196e-01  -4.2291134e+00  -4.5878864e+00  -3.9584426e+00  -4.3375419e-01  -9.2160099e-01   1.1151811e+00   9.1660528e-01  -2.4322792e-01  -5.3300721e-01   3.2415322e-01   2.4043655e-01   4.0362761e+00   1.1664589e+00   1.3593694e+00   1.6793060e+00  -3.2378849e+00  -3.0343930e-01  -3.5128620e+00  -1.3877493e+00  -6.8525993e-02
   4.2489221e+00   1.3501834e+01   4.8716161e+00   2.2690362e+00  -2.7594257e+00  -6.0107247e+00  -4.6910987e+00  -4.9083098e+00  -2.6668478e+00  -2.6215377e+00  -1.8073616e-01  -3.3599251e-02   3.8795329e-01   8.3132797e-01   1.2889395e-01   2.3322218e+00   3.2673610e+00  -2.3973466e-01   2.4654015e-01  -4.0460235e+00  -3.9710126e-01  -3.4791019e+00  -1.4463276e+00  -1.2888895e-01
   4.6006259e+00   1.4701946e+01   4.8789022e+00   1.4635462e+00  -3.0751732e+00  -7.0176659e+00  -4.4802755e+00  -4.4710899e+00  -1.9138789e+00  -2.7370100e+00  -1.1010387e+00  -2.8902763e-01   3.0097715e-01  -9.8230464e-03  -1.2864359e+00  -8.7314806e-01   4.4538242e+00   7.5466937e-01  -9.1253207e-01  -2.2706815e+00  -5.9302065e-01  -8.8286424e-01  -9.5389478e-01  -4.9294274e-02
   4.7200259e+00   1.3266843e+01   3.8628385e+00   1.3976668e+00  -1.3953587e-01  -6.2453533e+00  -5.4508769e+00  -4.7397983e+00  -2.4998890e+00  -2.6012388e+00  -4.2536800e-01  -2.4517390e-01  -2.1574266e+00  -2.3057059e+00  -1.0831955e+00  -6.9864590e-01   6.3217179e+00   4.1657131e+00  -1.7347007e+00  -6.9908404e-01  -1.8273394e-01   2.4743603e+00   1.7834255e-01   9.4944676e-02
   4.0117665e+00   1.2522665e+01   3.2130582e+00  -4.9181543e-01   1.1416779e+00  -3.3385681e+00  -4.9473516e+00  -3.9240322e+00  -1.8946114e+00  -2.1926475e-01  -3.9192097e-01  -2.1138200e-01  -2.7329517e+00  -2.8499601e+00  -1.5422611e+00  -4.3119636e-01   6.1161376e+00   5.2234381e+00  -9.0833613e-01  -4.7479789e-01   8.1090272e-01   2.6175305e+00   2.9492114e-01   2.2050438e-01
   1.3072119e+00   1.1132916e+01   4.0797449e+00   2.1987482e+00   4.6147256e+00  -1.6017040e+00  -7.0596117e+00  -6.2304647e+00  -2.9505825e+00  -1.6886991e-01  -2.6778117e-01   6.9994947e-02  -2.6834777e+00  -2.1989763e+00  -4.9938041e-01   4.0440888e-01   2.4417720e+00   3.5128645e+00   3.0681096e-01   5.0097998e-01   1.6720964e+00   2.0433730e+00   5.2258803e-03   1.8856129e-01
