   1.8739413e+01  -4.6099288e+00  -3.2967332e+00   2.5221967e+01   7.8567940e+00  -7.7310156e+00   1.6670007e+01   6.1799135e-01  -5.3125701e-03   4.2158862e-02   2.9927276e+00  -1.2182181e-01   1.0743303e+01   4.6693316e+00  -1.5166922e+00  -3.0853140e-01  -7.1980585e-01  -9.7739566e+00  -1.7798239e+00  -5.3470416e+00   2.0148127e+00  -1.3002992e+00   1.4272750e+00   7.0775418e-01
   1.7847452e+01  -1.9276864e+00   4.1971651e-01   1.9423698e+01   7.9623741e+00  -6.3083435e+00   1.0873312e+01   8.9347301e-01  -5.3850415e-02  -1.5361995e+00   2.3980358e+00   5.8900513e-01   4.6005541e+00   5.6205750e+00  -2.0273394e+00  -5.5633102e+00  -7.5483673e-01  -3.5756256e+00  -6.2599137e+00  -2.8036730e+00   1.6831974e+00  -9.7897748e-01  -8.2581058e-02   4.5783088e-01
   2.1864435e+01   7.6126107e-01  -1.6708866e+00   2.0312413e+01   1.0425855e+01  -7.4757284e+00   1.4053988e+01  -3.3095210e+00  -1.2283383e+00  -2.4973352e+00   2.8833100e+00   6.0443598e-01   4.6590664e+00   1.6762239e+00  -6.0270629e+00  -3.6600212e+00   2.5181670e+00   4.9017497e-01  -2.2737653e+00  -4.3701533e+00  -1.0320345e+00  -6.0814356e-01  -7.3371402e-01  -1.8370815e-01
   2.3045454e+01  -2.1143200e-01  -6.2378862e+00   2.0785432e+01   9.1239878e+00  -7.2247194e+00   1.4264181e+01  -3.3049925e+00  -4.3249949e-01  -8.6938865e-01   2.4850327e+00  -3.8641638e-02   4.7256369e+00   4.8987581e-01  -7.5760723e+00  -1.3395258e+00   2.0499735e+00   1.6257299e-01   1.1854825e+00  -4.0246447e+00  -1.4887951e+00  -2.6999689e-01  -5.2323984e-01  -8.0846654e-01
   2.3129012e+01  -2.9537201e+00  -9.0085263e+00   1.9051068e+01   1.1053238e+01  -6.5375651e+00   1.1563924e+01  -3.8380058e+00  -1.3640398e+00  -1.2034619e+00   1.8486581e+00  -8.3560660e-02  -2.5794968e-01   6.0173253e-01   4.5714702e-02  -5.5847622e+00  -1.1520154e+00   4.7546895e+00  -9.6959871e-01  -1.7189544e-01  -1.4098721e+00   4.3880313e-01  -9.2702309e-01  -6.7147072e-01
   2.4303619e+01   6.6461789e-01  -7.2755721e+00   1.8045082e+01   1.0723643e+01  -6.5335656e+00   1.3896568e+01  -4.8792516e+00  -2.2191923e+00  -2.5881315e+00   2.1305020e+00  -2.7969636e-01  -3.4672670e+00   2.1980734e+00   4.6890302e+00  -7.8044534e+00  -5.8002645e-01   6.4354997e+00  -2.6016859e+00   1.3877768e+00   1.3111014e-01   6.6989236e-01  -2.5611494e-01  -2.1236818e-02
   2.0848427e+01   1.2258349e+00  -1.0834716e+00   1.3305445e+01   7.8980041e+00  -6.8927101e-01   1.2783397e+01  -2.7802346e+00  -2.4498000e+00  -9.7975908e-01   1.6700407e+00  -2.8224274e-01  -6.9059176e-01   3.2894630e+00  -2.9098861e-01  -2.5884357e+00   1.3413691e+00   1.4767760e+00   2.9666996e-01   2.2092891e+00   1.2054904e+00  -9.3142586e-01   8.6454925e-01   2.4493015e-01
   1.8984845e+01   9.9590052e-01  -3.1668682e+00   1.1951564e+01   9.8315650e+00  -4.9561687e-01   9.7519160e+00  -1.7522128e+00   3.0704579e-01   2.3598486e-02   2.1901690e+00   2.8844177e-02   7.8146183e-01   1.3825600e+00  -4.6572079e+00   2.7930466e-01   5.2000779e+00   6.9372824e-01  -4.5998429e-02   2.4259153e+00   1.8764621e+00  -1.5399033e+00   9.4941288e-01   3.5985960e-01
   2.4752511e+01   1.8148331e+00  -1.1499361e+01   1.8215174e+01   1.3511330e+01  -7.3413755e+00   1.4081255e+01  -2.0875915e+00  -8.1892334e-01  -3.9064657e+00   3.1156485e+00   1.2956429e-01   3.1310835e+00  -6.0884038e-01  -7.9482763e+00   2.3027986e+00   6.9336724e+00   2.7371099e-01   3.9908019e+00   1.2918135e+00   2.1839525e+00  -5.4437137e-01   1.1162829e+00   1.0352623e-01
   2.3523770e+01   2.4439587e+00  -9.0534392e+00   1.6009174e+01   1.5717097e+01  -2.1669210e+00   1.3178641e+01  -1.5867002e+00  -2.1993748e-01  -3.4346331e+00   2.8318174e+00   5.4189514e-02   1.5382419e+00  -1.5264560e+00  -3.1635950e+00  -1.7724798e+00   3.3518819e+00   3.8159323e+00   2.0543529e+00  -5.8413235e-01   6.1983261e-01   5.0087018e-01   2.4465691e-01  -9.2644874e-03
   2.3275590e+01  -4.1145476e-01  -1.0062601e+01   1.4730838e+01   1.5355747e+01   5.5694755e-01   1.7056237e+01  -9.2527064e-01   1.0896204e+00  -6.7200345e-02   3.0236409e+00  -1.3962607e-01  -3.4422547e+00  -1.2837617e+00   3.3197553e+00  -7.0862837e+00  -6.2564348e-01   7.0777830e+00  -5.8681697e+00  -5.5519091e-01   4.0563915e-01   2.3321579e+00  -6.6832990e-01   2.0163000e-01
   2.2030669e+01  -1.8063963e-01  -8.6306410e+00   1.1035012e+01   1.3937180e+01   1.2791201e+00   1.1345954e+01  -3.2095718e+00   2.8252284e-01  -1.1447289e+00   2.6031582e+00   1.4954263e-01  -8.8142498e-01   1.0022570e+00   1.4032889e+00  -3.8566215e+00  -9.5320972e-01   2.2421405e+00  -4.6843791e+00  -2.1962945e+00  -1.0879049e+00   4.7791293e-01  -1.5948658e-01   3.0099396e-01
   2.0335680e+01   1.2014898e+00  -6.7311274e+00   1.0072830e+01   1.3462824e+01   1.5522784e+00   6.1953438e+00  -2.1089421e+00  -4.6169478e-01  -1.5531809e+00   2.2274833e+00   3.8433274e-01  -1.3509132e+00   2.4288251e+00   2.2794743e+00  -7.2181241e-01   1.1548839e+00   1.8842551e+00  -3.5554469e+00  -9.9059193e-01   2.3471904e-01  -7.6595402e-01   5.2135418e-02   3.4725785e-01
   2.3671588e+01   3.1408721e+00  -8.6142425e+00   1.2553246e+01   1.5233744e+01   6.9862428e-01   1.1582519e+01  -4.2893063e+00  -1.0761373e+00  -1.9747734e+00   2.9906664e+00   2.4370105e-01  -2.8702206e+00   2.7256950e+00   3.6318804e+00  -1.4579998e-01   3.1400792e-01   1.3095081e+00  -3.0732563e+00   2.6903236e+00   2.7522161e+00   3.1011215e-01  -1.2681622e+00  -1.3795191e-01
   2.0428761e+01   1.5710270e+00  -6.6515883e+00   1.2889002e+01   1.6439791e+01   3.6735781e+00   1.1604784e+01  -1.8712913e+00   2.1210290e+00  -8.0110912e-01   2.9080899e+00   3.3418149e-01  -1.8606740e-01   1.1739033e+00   1.0281290e+00  -1.0179113e-01  -1.6712976e+00  -2.0956507e+00  -1.0776578e+00   1.3156404e+00   2.7305770e+00   3.7846210e-01  -1.1547194e+00  -5.1521028e-01
   1.7678797e+01   3.7231342e+00  -3.2225900e+00   9.4082259e+00   1.2919708e+01   2.1827324e+00   4.0313495e+00   7.0708829e-01   3.1194851e+00  -1.0555966e+00   3.6061145e-01  -3.2309624e-02   1.5077171e-02  -4.0519246e-01   1.5570193e+00  -4.7288156e-01  -3.4360916e+00  -2.4038431e+00  -1.7625076e+00   4.3781762e-01   3.0105033e-01   4.8571940e-01  -9.0212810e-01  -4.7044868e-01
   2.3052974e+01   2.6712136e+00  -7.8847602e+00   1.1492653e+01   1.2112895e+01  -2.3332517e+00   8.3544419e+00  -2.6336787e+00   1.5363595e+00  -1.4450762e+00   1.8104316e+00  -2.5047735e-01   1.5126409e+00  -9.6509243e-01  -9.9510827e-01  -1.6268838e-01  -9.6049497e-01  -9.6706215e-02   1.8516252e+00  -1.7248297e+00  -1.4063647e+00   3.3960407e-01  -1.3481610e-01  -5.0515505e-01
   2.2382097e+01   1.9829901e+00  -5.6621276e+00   1.2542098e+01   1.2243054e+01   9.6274584e-02   1.0563929e+01  -3.2513861e+00  -3.3222706e-01  -9.2421078e-01   2.1863034e+00  -1.6964254e-01   2.3577503e+00  -3.1646912e+00  -3.4186816e+00   2.9043923e+00   2.7894946e+00  -6.3946127e-01   2.3204576e+00  -2.4829481e+00  -4.4490141e-01   2.0417549e-01   7.0571096e-01  -2.4421967e-01
   2.0346072e+01   9.9346043e-01  -6.9244819e+00   1.1078033e+01   1.5337375e+01   4.5717477e+00   1.1115932e+01  -2.4792986e+00   1.7373381e+00  -3.5739592e-01   1.7930198e+00  -3.5488462e-01   1.2657850e+00  -1.3661941e+00  -2.7363218e+00   2.4972660e+00   4.4811741e+00  -2.1767595e+00  -4.5340095e+00  -2.6587964e+00   4.1605230e-01  -5.8200449e-02   3.6687441e-01   1.9040285e-01
   2.2568873e+01  -1.8502603e-01  -8.8307515e+00   1.3972124e+01   1.5491710e+01  -2.2289592e+00   6.1312906e+00  -3.0945239e+00   2.3516437e+00  -1.2931735e+00   1.4278838e+00  -3.4643550e-01   3.1319959e+00  -9.5783586e-01  -3.6623272e+00   2.0762836e+00   3.8781576e+00  -3.7551668e+00  -3.7178947e+00  -3.7849932e+00   6.4930876e-01  -1.1619462e-01   7.6691760e-01   2.5471028e-01
   2.4858263e+01   1.7059305e+00  -1.0404931e+01   1.4523539e+01   1.7210328e+01  -4.4357740e+00   3.7697467e+00  -6.7003045e+00   8.1850258e-01  -1.3478955e+00   2.7399530e+00   1.2352339e-01  -1.3777079e-01   6.5056044e-01  -8.5797545e-01  -2.4862617e+00   7.3383839e-01   2.1679865e+00  -1.9920852e+00  -8.3986127e-01  -5.0167010e-01   4.3103233e-01   3.6668839e-01   3.2394035e-01
   2.4823995e+01   1.9000122e-01  -9.4153939e+00   1.3933771e+01   1.7123814e+01  -1.0327148e+00   8.6601796e+00  -6.8183730e+00   1.1011538e+00  -6.0325292e-01   2.8632132e+00  -2.6781123e-02  -2.4779031e+00   1.2742121e+00   3.9409807e-01  -7.1233699e+00  -1.7560231e-01   8.2490395e+00  -9.6202067e-01   5.8445947e-01  -7.6814736e-01   6.7243898e-01  -7.2924209e-01   4.8057034e-02
   1.9011855e+01   1.7817875e+00  -7.9191239e+00   7.3678173e+00   1.5622081e+01   7.2256053e+00   6.8633600e+00  -1.8771660e+00   1.6100779e+00  -5.5807702e-02   1.6253877e+00  -2.8801288e-02   4.9193913e-01   1.2602575e+00  -1.6705124e+00  -4.8627166e+00  -3.1334914e-01   2.3542191e+00   1.0673507e-01   8.6338319e-01  -3.3541343e-01  -1.7978219e-01  -1.2154665e+00  -2.9936128e-01
   2.1775223e+01   1.6883637e+00  -9.4825079e+00   6.8649303e+00   1.6022430e+01   4.3139104e+00   3.1414530e+00  -4.6294039e+00   8.0363505e-01  -9.3055891e-01   8.9130334e-01  -1.9818760e-01   3.6609908e+00   4.8636568e-01  -2.7502207e+00  -4.4764885e-01   1.1501491e-02  -3.5355295e+00   1.2394967e+00  -2.3122724e+00   5.7078795e-01   5.8321485e-01   1.2092374e-01  -2.7790651e-01
   2.7120558e+01   2.8471355e+00  -1.2877142e+01   1.0763884e+01   1.7290997e+01  -3.5777580e+00   6.6892126e+00  -6.4997142e+00   4.6414182e-01  -1.4539158e+00   1.9027081e+00  -2.3981528e-01   5.4918982e+00  -3.7264469e-01  -2.7780866e+00   3.9873886e+00  -4.4312828e-01  -6.4802269e+00   6.4112770e+00  -4.3554504e+00   8.5572262e-01   4.5734758e-01   1.4283057e+00  -2.8116150e-01
   2.6261130e+01   3.8687570e-01  -1.1061716e+01   1.1564264e+01   1.6306608e+01  -9.3432734e-01   1.0606498e+01  -7.9755075e+00   2.5303038e+00   9.7062340e-01   2.9059386e+00  -3.3813388e-01  -9.1799849e-01   6.2880110e-01   2.0784683e+00   4.7651711e-01  -2.1696968e+00   5.9456992e-01   1.1217919e+00  -1.7828593e+00  -1.4728547e+00   7.2563035e-01   8.8433770e-01  -5.7719651e-02
   2.5006749e+01   1.8735644e+00  -1.1296650e+01   1.0999233e+01   1.4815299e+01   1.2938371e-01   1.2747753e+01  -6.7372898e+00   2.0303274e+00  -3.2037749e-01   2.7605286e+00  -3.8057039e-01  -3.8582667e+00   1.8400553e+00   4.2263343e+00  -4.1935416e+00  -2.8451820e+00   5.7788827e+00  -5.1780648e+00  -5.5351142e-01  -3.7338952e+00  -6.6428436e-02  -2.3001808e-01   1.9158155e-01
   2.1455130e+01   3.1183509e+00  -7.1550518e+00   7.4620315e+00   1.4005734e+01   3.3521944e+00   1.7948707e+00  -7.1849050e+00  -2.1887398e+00  -4.0888254e-01   1.7888996e+00  -2.1438953e-01   6.2675066e-02   3.3561647e+00  -1.3112251e+00  -2.1924968e+00   4.3272311e-01   2.8214656e-01  -4.0175716e+00  -6.6481920e-01  -4.1293902e+00  -1.4413182e+00   8.4444606e-01   5.2425469e-01
   2.3736158e+01   4.2414809e+00  -8.4909730e+00   6.5246882e+00   1.4173661e+01   2.9473052e+00   3.3279293e+00  -7.7252826e+00  -2.7771792e+00  -8.6380548e-01   2.1162005e+00  -1.4315144e-02   2.3917112e+00   7.2107239e-01  -2.5559900e+00   7.6241966e-01   1.3869324e+00  -2.4819434e+00  -2.5382580e-01  -2.4365333e+00  -1.7557154e+00  -8.2045264e-01   2.1097938e+00   5.8147580e-01
   2.6990438e+01   4.2371645e+00  -1.4431392e+01   1.0512791e+01   1.7276512e+01  -1.9200682e+00   9.2900528e+00  -8.4787399e+00  -1.2600282e+00  -9.1963995e-01   4.4947717e+00   2.6512053e-01   1.7118811e+00  -7.6793828e-01  -1.2302647e+00   3.4131442e-01  -1.9885869e+00  -2.0842583e+00   2.7809871e+00  -1.5469910e+00  -1.6367276e+00  -3.3668765e-01   1.7749457e+00   3.6807959e-01
   2.5826661e+01   2.3957662e+00  -1.1492465e+01   1.0617483e+01   1.5260309e+01  -9.5739999e-01   8.6194232e+00  -9.7451723e+00  -1.0676015e+00  -1.2956778e+00   4.5722832e+00   2.5188828e-01  -2.0382500e+00  -2.4660449e-01   3.5414700e+00  -2.8659928e+00  -4.7583695e+00   2.7766882e+00  -6.6724500e-01  -9.3607367e-01  -4.2131246e+00   3.3421327e-01   6.1184165e-01   2.4060506e-01
   2.2977700e+01   2.8893008e+00  -7.4997029e+00   5.9276058e+00   1.0479529e+01   2.1781595e+00   3.3206043e+00  -8.4954467e+00  -5.4986201e+00  -6.9797788e-01   3.2232769e+00   2.0462815e-01  -3.4679201e+00  -7.4047684e-01   5.5010385e+00  -4.5355670e+00  -4.8003014e+00   6.7423128e+00  -2.6275843e+00  -1.1020704e+00  -5.0997925e+00   1.5784383e+00  -1.4963099e-01   2.1867647e-01
   2.2685152e+01   4.5455060e+00  -6.6446124e+00   4.5182918e+00   1.0434598e+01   5.0632236e+00   5.3117860e+00  -9.1210397e+00  -6.9775701e+00  -4.7331662e-01   3.6697104e+00   3.7683864e-01   2.0011473e-01  -1.2869160e+00  -1.7626412e-01   9.9687366e-01  -4.4427661e-01   3.7086234e-01   7.3288311e-01  -2.0146871e+00  -1.0316757e+00   1.5907557e+00  -4.4883707e-01   2.2338532e-02
   2.3359312e+01   2.0515793e+00  -8.6037603e+00   6.7590364e+00   1.2488915e+01   5.1830892e+00   7.0024949e+00  -1.0443912e+01  -5.9547326e+00   1.0368369e+00   4.7216117e+00   5.3066005e-01   3.8423895e+00  -2.4394184e+00  -3.4359894e+00   6.9295840e+00   3.2102493e+00  -6.1942330e+00   4.4132377e+00  -3.7397635e+00   2.9606020e+00   3.5458201e-01  -8.9458883e-01  -1.9615343e-01
   2.5936027e+01   8.8425290e-01  -1.1204832e+01   1.1697078e+01   1.3589201e+01  -1.9035713e+00   7.8778025e+00  -1.1792970e+01  -2.3870587e+00   2.2304847e-01   3.1498602e+00   1.2238012e-01   1.5469730e+00  -2.2358396e+00  -1.1131119e+00   4.2389073e+00   1.8650552e+00  -2.8419376e+00   1.5317443e+00  -1.7567734e+00   1.3987585e+00  -2.2803026e-01  -1.3375943e+00  -3.8595064e-01
   2.7115847e+01   1.0607997e+00  -1.0373577e+01   1.2732589e+01   1.3717602e+01  -3.6297926e+00   8.6574526e+00  -1.2769127e+01  -3.3529728e+00  -5.1428740e-01   2.1413187e+00   3.7627270e-02  -1.6965361e+00  -2.8991471e+00   1.9432623e+00   2.7718075e-01  -8.0967067e-01   2.9558179e+00  -1.0597652e-01   1.0047122e+00  -1.7080336e+00  -1.9684569e-01  -9.0039702e-01  -2.8333095e-01
   2.3127345e+01   1.6871364e+00  -7.4293718e+00   7.8898767e+00   1.2617837e+01   5.2067581e+00   6.7819235e+00  -1.0593592e+01  -6.1803122e+00  -3.9799845e-02   2.9534654e+00   4.4429078e-02  -1.6280676e+00  -4.3407518e+00  -1.3269470e+00  -1.1695896e+00  -2.0112092e+00   6.1866784e+00   2.6761204e+00   3.7185381e-01  -3.3713778e+00   1.7422787e+00   1.0550751e+00  -3.0098835e-01
   2.2218849e+01  -2.6985832e+00  -7.5765970e+00   9.0784082e+00   1.1760091e+01   6.0616513e+00   7.3914696e+00  -9.5365324e+00  -6.6201562e+00   8.7299254e-01   3.4692135e+00   1.4463915e-01   1.4052864e+00  -1.7715926e+00  -5.9204673e+00   2.3979605e+00  -6.1562609e-01   4.1522502e-01   6.5419611e+00  -1.0713880e+00  -3.3466168e+00   1.8515910e+00   1.8427788e+00  -5.3390216e-01
   2.5942424e+01  -3.7471833e+00  -1.4593743e+01   1.1769784e+01   1.1551143e+01   2.5307243e+00   1.2524975e+01  -1.2851487e+01  -5.8105337e+00   2.1428265e+00   4.0685255e+00  -3.8260834e-01   2.3584292e+00   1.1391414e+00  -3.3706820e+00   1.7325358e+00   9.3735012e-01  -2.2115050e+00   3.9000011e+00  -2.0642154e+00  -7.1848863e-01   4.3947026e-02   9.0685480e-01  -1.1529205e-01
   2.7816236e+01   1.1205707e+00  -1.5672093e+01   1.4389576e+01   1.3327510e+01  -1.6689382e+00   1.5598869e+01  -1.3247261e+01  -8.5577873e+00   1.1717859e+00   4.3479569e+00  -5.4970726e-01  -9.6887834e-01   3.2009694e+00   1.5567169e+00  -3.5107113e+00   4.8117029e-01   1.8128948e+00  -2.5724147e+00   7.4345543e-01  -3.2105350e-01  -9.4739019e-01  -2.4088870e-01   3.2226867e-01
   2.3866295e+01   1.4862716e+00  -8.4376471e+00   7.8330965e+00   1.3240153e+01   5.7547954e+00   8.5282256e+00  -1.1834551e+01  -6.2892296e+00  -1.2327601e-01   3.8743760e+00   2.1866421e-01  -2.3426441e+00   1.0211341e+00   4.9351471e+00  -4.4985593e+00  -6.2344195e-02   7.5745442e-01  -4.9513315e+00   3.1969157e+00   1.5184067e+00  -1.5088263e+00  -8.3439903e-01   6.6140463e-01
   2.1803597e+01  -5.1385655e-01  -8.3195695e+00   5.7806849e+00   1.1637341e+01   7.1689579e+00   5.5312222e+00  -8.9298172e+00  -6.8623885e+00   5.8495852e-01   3.2049552e+00   3.2740588e-01  -1.3316012e+00  -3.4564393e-01   3.6004502e+00  -2.5622392e+00   1.2425008e+00   4.5959860e-01  -4.3941629e+00   1.6908835e+00   4.3195590e+00  -1.8681551e+00  -1.0191710e+00   4.2762258e-01
   2.5434778e+01  -1.3982686e+00  -1.0867284e+01   9.3263904e+00   1.2302711e+01  -7.5204206e-01   1.0131801e+01  -1.0214835e+01  -4.3806231e+00   1.7300079e-01   3.3884278e+00   1.7094204e-01   1.8849194e+00   2.7371604e+00  -1.1895004e+00   1.5797336e+00   4.4099825e+00  -8.5023075e-01   1.5235284e+00  -2.4589272e+00   2.1198192e+00  -1.4369637e+00   3.6659360e-02   6.9006197e-02
   2.5034593e+01   2.0443749e+00  -9.0565990e+00   9.7995702e+00   1.5659982e+01   2.2738784e+00   8.2058368e+00  -1.1520794e+01  -3.0327520e+00  -1.7785851e+00   3.0621745e+00   1.1558770e-01  -1.1311422e+00   3.3411188e+00   5.0059675e-01  -1.2530666e+00   4.6830154e+00   5.8916455e+00  -6.5481989e-01  -2.5701175e+00  -5.3631654e-01  -2.3730775e-01   6.1672846e-01   2.4522652e-01
   2.5078176e+01   4.3128966e+00  -9.8533829e+00   8.1932543e+00   1.7843806e+01   6.9269890e+00   9.4762109e+00  -1.4227453e+01  -5.0243190e+00  -1.0969497e+00   4.0007554e+00   4.2808260e-01  -7.0076278e+00   2.2865116e+00   3.3376616e+00  -6.5311871e+00   8.5212435e-01   1.2079232e+01  -5.9238502e+00   8.2729516e-01  -2.9973168e+00   1.3889932e+00   9.3716879e-02   3.7639164e-01
   2.0285184e+01   1.6422390e+00  -8.0756247e+00   4.4676532e+00   1.5891317e+01   1.2166911e+01   4.8767873e+00  -1.0778684e+01  -7.3450154e+00   8.6397215e-01   3.8238841e+00   5.6667538e-01  -4.1100842e+00   7.5342214e-01   2.7427671e+00  -4.8348710e+00  -2.8034620e+00   4.4977764e+00  -3.2730873e+00   1.7688856e+00  -9.4124379e-01   1.7497861e+00  -1.3180829e-01   5.1580007e-02
   1.7298041e+01   2.2325667e+00  -6.3512782e+00   2.1955683e+00   1.3465230e+01   1.2420290e+01   2.9105503e+00  -9.3449474e+00  -6.7204667e+00   9.3521189e-01   3.1481483e+00   5.0998566e-01   2.2875750e+00   1.3390919e+00   3.4044430e-01   4.1817445e-02  -1.2669716e+00  -4.7471487e+00   3.0286177e+00  -1.4500609e+00   2.4523948e+00  -1.0646010e-01   5.0631417e-02  -2.3963133e-01
   2.2759534e+01   4.2146730e+00  -6.6935006e+00   5.5461067e+00   1.3644077e+01   6.2738924e+00   6.5790361e+00  -1.1308719e+01  -3.5965439e+00  -1.6998677e-01   3.2907656e+00   1.5200618e-01   4.8864404e+00   2.6308240e+00  -9.6144531e-01   3.1924565e+00   1.1626792e+00  -5.8699516e+00   4.5139720e+00  -3.0923250e+00   1.8394723e+00  -1.1855775e+00   8.2519064e-01   1.1219077e-02
   2.7272364e+01   5.0353175e+00  -1.0033778e+01   7.7167537e+00   1.7066968e+01   2.7527750e+00   1.3168013e+01  -1.6137528e+01  -3.2199626e+00  -7.3966039e-01   4.3432618e+00   2.7597020e-01  -5.6213946e-01   7.3015872e-01   1.1259583e+00   1.3567878e+00   3.0832008e-01  -1.0958125e+00  -1.8044480e+00  -5.4029636e-01  -7.5254000e-01  -2.1612477e-01   5.2203647e-01   4.2504513e-01
   2.2627684e+01   4.1870996e+00  -7.6765426e+00   6.4957453e+00   1.5834466e+01   8.1957409e+00   6.5190139e+00  -1.2020882e+01  -6.3360589e+00  -7.6957948e-02   4.4641133e+00   7.0051172e-01  -3.4695249e+00  -8.4623548e-01   1.1216363e+00  -1.9062832e+00  -1.1304731e-01   2.8381952e+00  -5.0888369e+00   1.6492351e+00  -1.6413442e+00   5.2834255e-02  -5.0395332e-02   4.5983515e-01
   1.6520757e+01   3.3415915e+00  -4.1708198e+00   3.7559307e+00   1.2832516e+01   9.8156473e+00   2.3388941e-01  -9.7993103e+00  -6.4795191e+00   5.6451033e-01   3.3445291e+00   8.7330058e-01   1.1162310e-01   6.4230604e-01  -2.2701543e+00  -1.8885895e+00   1.0166333e+00   9.8314579e-01  -2.0874279e+00   1.5518036e+00   9.9220001e-01  -8.5230834e-01  -3.8194372e-01   7.3740654e-02
   2.2931050e+01   3.7921828e+00  -7.9425254e+00   4.6670934e+00   1.5591733e+01   6.9997490e+00   5.4128426e+00  -1.2003975e+01  -4.4287819e+00  -7.4282074e-01   3.7145389e+00   5.4309371e-01   6.0676925e+00   1.9658974e+00  -6.8487431e+00   7.9707631e-01   4.4406166e+00  -3.3275390e+00   5.1326050e+00  -2.0809972e+00   3.0124145e+00  -1.2711334e+00   3.3215178e-02  -2.3267201e-01
   2.7288115e+01   6.1962350e+00  -1.3306018e+01   5.7981953e+00   1.8713285e+01   4.8254896e+00   1.0589957e+01  -1.3818276e+01  -2.6853011e+00  -1.6851915e+00   4.1451334e+00   4.6529018e-01   2.7845198e+00   8.6104286e-01  -3.7222453e+00  -4.9800158e-01   1.2784757e+00  -1.4510346e-01   2.0576326e+00  -2.4415033e-01   7.3044897e-01   5.3628941e-02   3.5857254e-03  -1.9702872e-01
   2.6345543e+01   5.7086240e+00  -1.3382058e+01   6.6702274e+00   1.9555007e+01   5.6995112e+00   9.0398877e+00  -1.3132895e+01  -3.7145462e+00  -8.5880716e-01   4.1136339e+00   5.5550890e-01  -4.7796911e+00   1.5030751e+00   4.7949382e+00  -1.5520532e+00  -4.9891632e+00   6.2872182e-01  -4.8574776e+00   3.9924281e+00   5.8784166e-02   1.3583721e+00  -1.0360180e+00  -7.7778460e-02
   1.8990290e+01   3.6749352e+00  -7.0344216e+00   2.0073613e+00   1.2768592e+01   1.0248111e+01   1.5068157e+00  -9.6010756e+00  -5.7409636e+00   7.0294695e-01   3.1503602e+00   5.7154990e-01  -5.8305945e+00   1.0830016e+00   7.3140383e+00  -2.6772337e+00  -4.8633838e+00   2.9370506e+00  -6.6050282e+00   3.4117982e+00   5.0410651e-01   1.9678164e+00  -1.0147300e+00  -1.4038526e-01
   1.9910426e+01   7.3074453e+00  -3.8859165e+00   4.2344306e+00   1.1080334e+01   5.2315210e+00   2.6681968e+00  -8.1239325e+00  -2.8127744e+00   1.0066816e-01   2.6578985e+00   3.7329616e-01   2.2368243e+00   1.4821070e+00  -1.5602008e+00   1.5169746e+00   2.1859127e+00  -2.3864291e+00   3.3137567e+00  -1.3271179e+00   3.8378875e-01   7.5414459e-01   4.9430377e-01  -3.6915998e-01
   2.1759782e+01   7.0213267e+00  -7.0830317e+00   3.0002433e+00   1.5655546e+01   9.4650607e+00   3.8682599e+00  -1.1205060e+01  -2.3800272e+00   7.8679539e-01   3.3509062e+00   3.4581867e-01   6.7711271e+00  -1.9954042e+00  -7.5739929e+00   4.1377008e+00   7.5867498e+00  -1.9268222e+00   6.4014618e+00  -4.7453532e+00   2.5609604e-01  -5.2282432e-01   1.1964285e+00  -4.5170373e-02
   2.8316034e+01   6.2585887e+00  -1.5698054e+01   8.4492483e+00   2.1390399e+01   2.5113928e+00   1.2829801e+01  -1.4321580e+01  -4.8193312e+00   2.3048551e-01   4.7548166e+00   1.1463454e-01   1.8206533e+00  -4.7868674e+00  -4.4733293e+00   2.2564799e+00   4.1350310e+00   8.9474851e-01   1.1254907e-01  -2.6444416e+00  -1.1402347e+00  -3.4958764e-01   6.6670074e-01   2.9776953e-01
   2.4944177e+01   1.2062572e+00  -1.2489342e+01   6.1065036e+00   1.8993685e+01   8.7179419e+00   6.0282064e+00  -1.3620282e+01  -4.3535411e+00  -1.4619820e-01   3.8965439e+00   6.3312515e-01  -1.7041922e+00  -1.2029930e+00   2.1363408e+00   1.9476524e+00   7.7657783e-01  -1.1411644e-01  -4.4823498e+00  -5.2056723e-01   9.1742890e-01  -5.6196467e-01  -1.3112080e-01   4.3889119e-01
   2.1049208e+01   3.0346790e+00  -7.8927551e+00   6.0660203e+00   1.5613811e+01   6.9472032e+00   1.7570472e+00  -1.0882984e+01  -3.5363695e+00   4.2783497e-02   3.3851307e+00   6.7629722e-01  -2.8784593e+00   2.4322201e+00   5.2377096e+00   9.2470555e-02   2.1818874e+00   2.8833873e+00  -6.6250292e+00  -2.1645039e+00   1.9533743e+00  -6.9143009e-01  -9.4431004e-02   6.2514968e-01
   2.2836906e+01   6.8287921e+00  -7.7811699e+00   7.1133358e+00   1.9708706e+01   7.0759808e+00   2.6811120e+00  -1.3705209e+01  -1.6453647e+00   3.7699384e-02   3.8390679e+00   7.2332411e-01  -4.3153513e-01   4.2772588e+00   6.1015456e-01   4.1479736e-01   4.6319727e+00   2.3364673e+00  -1.5034971e+00  -2.4512229e+00   1.1548611e-01  -2.8085692e-01   6.7914819e-01   5.1119833e-01
   2.5051980e+01   7.0956514e+00  -1.0195576e+01   8.0845381e+00   2.4305719e+01   7.6574543e+00   4.5658041e+00  -1.7525872e+01  -3.2433579e+00  -8.9860842e-01   4.6419081e+00   1.0072596e+00   2.1367515e+00   5.0957985e-01  -3.5286018e+00  -8.7687070e-01   2.8924846e+00   3.7049013e-01   1.6191763e+00  -1.1542358e+00  -3.3018760e-01  -6.3389370e-01   6.1523772e-01   4.8369028e-01
   2.2295488e+01   5.5916592e+00  -1.0422700e+01   5.7194408e+00   2.1595689e+01   1.1867517e+01   2.3685823e+00  -1.3975672e+01  -4.3268177e+00  -9.6787624e-02   4.2868775e+00   1.2344415e+00   2.6236416e+00   8.5738222e-01  -3.4932067e+00   5.1898367e-01  -9.9249744e-01  -6.0629963e+00   3.0840604e+00   6.8476526e-01   1.3163733e+00  -4.7719693e-01   1.9820386e-01  -4.3783653e-03
   2.4525045e+01   4.4176152e+00  -1.1864893e+01   5.4476618e+00   1.9009047e+01   5.1071702e+00   4.3420764e+00  -1.2479106e+01  -2.6909244e+00  -8.4081355e-01   4.0840825e+00   1.1462740e+00   8.1085710e-01   1.8257567e+00   1.8385756e+00   1.7924879e+00  -2.9926697e+00  -6.5750161e+00   2.6407440e-01   3.0228228e-01   1.5657671e+00   3.7685742e-01   2.8880944e-02  -2.8644057e-01
   2.7035837e+01   9.4538835e+00  -1.2186321e+01   9.2102495e+00   2.0868296e+01  -7.4337162e-01   7.4190664e+00  -1.5201444e+01   5.2978446e-02  -7.0699346e-01   4.4152865e+00   6.4724937e-01  -1.0798006e+00   1.8844431e+00   5.2421544e+00   3.2122893e+00  -1.0793501e+00  -2.8408983e+00  -1.7004044e+00  -1.8095155e+00  -4.6444927e-01   9.1747803e-01   5.2206162e-01  -1.8465483e-01
   2.3898092e+01   7.9031743e+00  -6.5559016e+00   9.0278655e+00   2.0180411e+01   4.1003746e+00   2.4366737e+00  -1.6459563e+01  -3.0846054e+00  -2.8219380e-02   4.6210250e+00   8.7119477e-01  -6.1965066e+00  -6.5067714e-01   7.4584334e+00  -3.4696440e-01  -3.1793248e+00   6.1974770e+00  -6.3723840e+00   4.0226889e-01  -3.7358837e+00   2.1217246e+00   5.9772622e-02   9.4221020e-03
   2.0989264e+01   6.6755444e+00  -5.2139640e+00   8.7477730e+00   1.9390982e+01   8.1095675e+00   7.7067705e-01  -1.4699717e+01  -4.8266511e+00   8.7313234e-01   4.8014987e+00   1.0949988e+00  -5.3175130e+00  -3.8916655e+00   4.5616332e+00  -2.1738887e+00  -2.1817545e+00   7.4809973e+00  -3.8527438e+00   2.4414632e+00  -2.0958127e+00   1.3860656e+00  -4.1275410e-01  -7.5191502e-03
   1.8253571e+01   4.8307691e+00  -4.1634214e+00   5.1584535e+00   1.4978717e+01   9.9769162e+00  -1.8923049e+00  -1.2126566e+01  -5.8549351e+00   1.5517105e+00   3.9806353e+00   9.3653240e-01  -1.1552088e+00  -6.5714832e-01   3.2525012e-01  -1.4522252e+00  -6.8540946e-01   2.7818011e+00   2.4302275e+00   1.6860650e+00   4.0662390e-01  -1.8685289e-01  -5.8908737e-01  -3.6331666e-01
   2.1881827e+01   5.1525878e+00  -6.5401118e+00   7.8841225e+00   2.0196512e+01   7.5398536e+00   3.8044400e+00  -1.3705748e+01  -1.7055758e+00   5.8213994e-01   4.1163502e+00   6.0330183e-01   3.9130732e+00   4.7138625e-01  -3.1580343e+00   2.0403555e+00   2.7189923e+00  -1.4302255e+00   7.1637507e+00  -2.3997023e+00   9.8352496e-01  -1.5268341e+00   3.2832769e-01  -3.9305649e-01
   2.1718997e+01   7.6789301e+00  -5.4049525e+00   7.2813529e+00   1.8749532e+01   8.5579332e+00   4.5651334e+00  -1.4427450e+01  -4.0352072e+00  -1.6300252e-01   4.0799682e+00   5.7206827e-01   3.4467784e+00  -8.6929281e-02  -3.6613626e+00   2.7626557e+00   5.3003486e+00   1.8532776e-01   5.2648829e+00  -2.2178586e+00   6.0160727e-02  -1.1294243e+00   6.9873748e-01   7.7743716e-02
   2.5126161e+01   5.9585432e+00  -9.3302499e+00   1.0746856e+01   2.1584063e+01   6.6737207e+00   8.2875839e+00  -1.7148828e+01  -4.2612276e+00  -5.5976230e-01   5.2443238e+00   6.8764614e-01   1.1818615e+00  -5.5759666e-01  -1.8277399e+00   1.2805312e+00   8.2078920e-01  -1.5264291e+00   1.7090334e+00   2.6272967e-01  -1.8605629e-01   1.5575475e-01   5.6626041e-01   2.9634627e-01
   2.1801572e+01   4.2973975e+00  -8.2603963e+00   7.8710700e+00   2.2235464e+01   1.0687974e+01   3.7634474e+00  -1.3731814e+01  -4.4868681e+00   4.2852512e-01   4.4647548e+00   1.0109758e+00  -1.4402701e+00  -6.5003131e-01   1.9817651e+00   1.8983923e-01  -3.0493296e+00  -2.7602648e+00  -2.5966988e-01   3.6498255e+00   2.6855524e+00   1.3394567e+00  -3.5507536e-01  -1.6867018e-01
   2.3613332e+01   6.0069591e+00  -7.8539997e+00   9.5100608e+00   1.9684730e+01   4.1851895e+00   6.7688331e+00  -1.3659471e+01  -1.7588298e+00   5.2000825e-01   4.7733475e+00   8.2836746e-01  -1.7014179e+00   6.7988877e-01   2.9981068e+00  -1.1168373e+00  -3.9752626e+00  -2.1843186e+00  -2.3321394e+00   2.3522374e+00   1.2998836e+00   8.8789061e-01  -6.8521787e-01  -3.0147039e-01
   2.0315006e+01   6.6796752e+00  -3.1704299e+00   8.1845096e+00   1.5125204e+01   5.6618017e+00   4.9350040e+00  -1.0697390e+01  -1.2580776e+00   1.3062972e+00   3.7828433e+00   2.4870234e-01  -2.1719626e+00   4.8248382e-01   3.4181551e+00   5.0786062e-01  -1.9761364e+00   8.8572639e-01  -2.1897507e+00  -1.6338565e-01  -1.4866200e+00   6.1215342e-01  -2.1060123e-02  -1.0619012e-01
   2.3317317e+01   5.7872375e+00  -7.3780728e+00   8.9148807e+00   1.9176299e+01   5.9103291e+00   4.2035965e+00  -1.5137684e+01  -3.9257975e+00   3.3318756e-01   4.5574527e+00   6.1657729e-01  -1.1419736e+00  -4.9937573e-01   1.6085770e+00  -3.9621764e-01  -1.8367449e-01   2.7367780e+00  -2.9174329e+00  -5.6753713e-01  -1.7001707e+00   4.9329848e-01   2.2597078e-01   2.2064510e-01
   1.8691636e+01   5.1309840e+00  -3.3711271e+00   8.9304510e+00   1.9525475e+01   1.1153994e+01   1.7614397e+00  -1.3237786e+01  -5.6333143e+00   1.4401656e+00   4.5411120e+00   9.5758572e-01   4.0484383e+00   1.2823944e+00  -4.2995677e+00   4.9880536e+00   1.0045612e+00  -7.7033568e+00   3.7725470e+00  -1.7340265e+00   2.3000774e+00   2.2567809e-01   7.2585696e-01   7.6143623e-02
   2.2712057e+01   6.0322411e+00  -5.3407855e+00   8.5427636e+00   1.7209083e+01   5.5442603e+00   3.9794659e+00  -1.3240579e+01  -2.1214675e+00   1.1930218e+00   4.7331694e+00   8.0489343e-01   5.3309250e+00   8.2957420e-01  -6.1273853e+00   5.5551576e+00  -1.9907257e+00  -1.0602755e+01   8.8212358e+00  -2.2096251e+00   3.3562674e+00   5.3123987e-01  -1.4499245e-01  -4.7144714e-01
   2.6690294e+01   8.4807650e+00  -1.0638425e+01   1.5852648e+01   1.7615654e+01  -5.7101991e+00   1.0705890e+01  -1.4246982e+01   1.2898736e+00   1.2148973e+00   4.7837704e+00   2.6875971e-01   6.5430303e+00   1.0463599e-01  -8.0992522e+00   6.6868485e-01   1.7931566e-01  -5.4904466e+00   6.4581518e+00  -4.5218833e+00   3.5278021e-01  -1.3862705e-01   2.2708234e-01  -6.1118028e-01
   2.7314376e+01   5.3567083e+00  -1.2935502e+01   1.3786518e+01   1.7145121e+01  -1.5617065e+00   1.2963225e+01  -1.7947523e+01  -2.3529903e+00   1.2426815e+00   4.2186348e+00   2.5381958e-01   2.7585629e-01  -2.1816536e+00  -2.4542846e+00  -3.1817182e+00   1.3008517e+00   6.1703640e+00   1.2573078e+00  -1.7665140e+00  -4.1098421e+00   3.2847978e-02   6.5534055e-01  -4.5421180e-02
   2.6205022e+01   5.6257044e+00  -1.1722647e+01   7.3116010e+00   1.9826429e+01   6.4713075e+00   6.9567877e+00  -1.7667139e+01  -4.9883826e+00   1.2073951e+00   5.1390027e+00   3.1635222e-01  -4.6000335e+00  -2.0396876e+00   5.3009919e+00  -6.3269364e+00   2.3684835e-01   1.1577280e+01  -3.5196451e+00   2.3604729e+00  -4.2679426e+00  -9.0346321e-01   5.1534324e-01   4.2175459e-01
   2.3368477e+01   4.1872911e+00  -8.4801012e+00   8.0407102e+00   1.8054972e+01   8.7090530e+00   7.7399786e+00  -1.4180272e+01  -5.1471027e+00   1.2460448e+00   5.5385640e+00   7.1296540e-01  -8.7802097e+00  -1.5025835e-01   1.0054151e+01  -3.2405443e+00  -2.1496841e+00   7.4549046e+00  -4.9683018e+00   8.1741012e+00  -9.7796768e-02  -3.3423512e-01  -5.3738369e-01   2.0565792e-01
   2.1763193e+01   6.0059423e+00  -4.9146374e+00   9.2351480e+00   1.7516001e+01   6.5203412e+00   8.0380455e+00  -1.2589899e+01  -3.7149841e+00  -1.4197920e-01   4.8968207e+00   6.7181868e-01  -1.4758440e+00  -6.1827873e-01   2.4288594e-01   1.6500397e+00  -2.8766119e+00  -3.3561390e+00   3.2227513e+00   3.4590968e+00   6.6781802e-01   6.3059799e-01  -1.3075950e+00  -3.9336598e-01
   1.6364976e+01   4.9412019e+00  -1.2582796e+00   7.9639283e+00   1.5075809e+01   9.5961335e+00   4.9701437e+00  -8.2249915e+00  -3.1363847e+00   1.4160160e+00   3.5336503e+00   3.8457323e-01   1.2545200e+00  -4.4575170e-01  -3.8853905e+00  -2.0994736e+00   3.1989293e-01   5.4898025e-02  -1.4336463e+00  -6.5337021e-02  -3.0846723e-02   8.8416376e-01  -1.5242801e+00  -5.5206221e-01
   2.7493006e+01   4.3213309e+00  -1.4969229e+01   9.8250514e+00   1.7001093e+01   9.9355880e-01   1.3175832e+01  -1.5456134e+01  -4.9920145e+00   2.0683065e+00   4.1800671e+00  -1.0950067e-01   5.5158866e-01  -1.9767190e+00  -2.8639748e+00  -2.7372436e+00   2.0575624e+00   5.1096919e+00  -4.0037717e+00  -1.9277288e+00  -2.2013860e+00   1.3446185e+00  -1.1236196e-01   7.8745630e-02
   2.2385350e+01   4.3609692e+00  -9.2808911e+00   4.5965480e+00   1.8792266e+01   1.1554791e+01   3.0206158e+00  -1.2845160e+01  -4.5548576e+00   1.4671476e+00   3.6105207e+00   2.7553176e-01   2.8565137e+00  -4.1753331e-03  -1.9465286e+00   8.6466920e-01   3.6149691e+00   1.1154098e+00   1.1481909e+00  -4.7975637e+00  -5.8107880e-01  -6.9210575e-01   1.3506062e+00   4.4134947e-01
   1.9580388e+01   3.3309801e+00  -5.1992939e+00   6.8129727e+00   1.8744116e+01   1.3205550e+01   3.0071519e+00  -1.3171408e+01  -6.3078267e+00   1.8493828e+00   4.6898426e+00   8.4445785e-01  -5.5581599e+00   6.6425511e-01   7.4319357e+00   4.8219040e-03   2.5343698e-01   3.7509816e+00  -3.6865057e+00   2.0679068e+00   1.4860198e+00  -1.2569074e+00  -1.9894424e-02   5.0286538e-01
   2.4606055e+01   5.4301143e+00  -9.0630402e+00   1.0766971e+01   1.9626751e+01   5.1632524e+00   1.1776770e+01  -1.6563700e+01  -3.3500968e+00   4.8731926e-01   5.3046718e+00   5.6961818e-01   1.6566853e-01  -1.0973332e-01  -9.3167849e-02   9.4641198e-01  -8.8578966e-01  -3.3385086e+00   8.3357910e-01   5.5971045e-01   1.2912008e+00  -1.2863380e+00  -4.3778758e-01  -8.1423239e-02
   1.8045414e+01   4.7831410e+00  -3.9302511e+00   6.7470725e+00   1.6964006e+01   9.8158007e+00   3.2679964e+00  -1.0495004e+01  -3.3653652e+00   6.7285951e-01   3.3031499e+00   4.9775419e-01   2.6165575e+00  -8.8561470e-01  -5.1657272e+00  -1.5475584e+00   7.4281551e-01  -1.8977290e+00  -1.5792182e+00   2.0661910e+00   1.3700268e+00  -8.0200379e-01  -8.0675700e-01  -2.9757634e-01
   2.3401340e+01   3.4702888e+00  -1.0055164e+01   6.0491161e+00   1.8353636e+01   8.2419031e+00   4.1405622e+00  -1.3343796e+01  -4.0892871e+00   1.2590218e-01   3.6471857e+00   3.2674874e-01   2.8780631e-01  -2.8436180e+00  -2.1518360e+00  -1.9536941e+00  -2.1889181e-01   2.3507735e+00  -4.1049185e+00   3.3047656e+00  -1.1161381e+00   5.3247599e-01  -3.1611781e-01  -1.1241893e-01
   2.4107582e+01   2.9824708e+00  -1.2451823e+01   6.8505628e+00   2.0494897e+01   8.8196314e+00   4.4564286e+00  -1.1682073e+01  -3.8831914e+00   8.2708564e-01   4.3084501e+00   5.1952807e-01   2.5317214e-01  -5.8821095e-01  -3.1387948e-01   2.9130537e+00   1.7467666e+00  -1.2734858e+00   7.7334261e-01   5.0188049e-01   1.2880483e+00   6.0203701e-01   5.6509529e-01   2.2655113e-02
   2.2006681e+01   2.0650224e+00  -8.0300084e+00   7.7846852e+00   1.7532968e+01   9.1874973e+00   5.0251764e+00  -1.1013017e+01  -4.7653908e+00   1.2089202e+00   4.3278450e+00   3.9010285e-01  -5.3133201e+00   8.9110929e-01   6.5809934e+00   2.9421056e+00  -1.4707817e+00  -7.8965125e-01   4.5733306e-02   4.2596447e+00   2.5678556e+00  -3.8322307e-01  -9.3745109e-01   7.2546806e-02
   1.9122502e+01   4.6034578e+00  -5.4136482e+00   1.0248868e+01   1.9994490e+01   7.4327749e+00   3.9857032e+00  -1.0907572e+01  -1.0952408e+00   1.0344060e+00   3.8104632e+00   5.0005981e-01  -1.9038828e+00   1.4828918e+00   3.4116299e+00   6.2544400e-02  -2.5555982e+00  -1.5987069e+00   8.8285589e-01   1.7376932e+00   1.4526555e+00  -1.7872343e+00  -1.3573786e+00  -7.8331812e-02
   1.7923900e+01   3.9964592e+00  -3.7027615e+00   8.7631216e+00   1.6397667e+01   7.7508545e+00   4.4445249e+00  -7.3415795e+00  -1.6314790e+00  -5.5259262e-01   2.4900026e+00   4.4530308e-01   1.9401699e+00   9.3698114e-01  -2.8598744e+00  -2.8528105e+00  -8.2046000e-01   9.8037786e-02   7.1154551e-01   1.6946430e-01  -7.8401283e-01  -1.1725194e+00  -4.7793579e-01   1.4234100e-02
   2.3293148e+01   4.2410901e+00  -9.4980013e+00   6.4551612e+00   1.7229150e+01   7.1398924e+00   6.0710382e+00  -1.0911252e+01  -3.2711641e+00  -9.7300934e-01   3.1913034e+00   3.7443024e-01   7.9800519e-01  -4.6314267e-01  -1.2381960e+00  -3.8837518e+00  -2.4246409e+00   3.2175166e+00  -5.1651480e-01   2.4326968e-01  -3.6989553e+00   1.3470084e-01   2.5132940e-01   1.3740598e-01
   2.2831612e+01   3.6516780e+00  -1.0277643e+01   5.4023231e+00   1.7684948e+01   9.4809952e+00   5.0498271e+00  -1.0756981e+01  -4.8534484e+00   4.5384876e-01   3.9205212e+00   4.7426878e-01  -3.4826322e+00   1.2416241e+00   4.2070232e+00  -1.0907459e+00  -3.0567185e+00   7.6694522e-01  -1.5188917e+00   2.0232576e+00  -1.9636040e-01   1.3657711e+00   1.1926597e-01   1.5804822e-01
   1.7865654e+01   4.0811344e+00  -3.9835013e+00   6.1036399e+00   1.5713888e+01   1.1393979e+01   2.9082799e+00  -8.8349674e+00  -5.0326891e+00   7.3323660e-01   3.4721979e+00   6.9168593e-01  -3.4424902e+00   2.2110694e-01   5.2050500e+00   4.2584897e+00  -1.7664580e+00  -3.8191536e+00   1.4236661e+00   3.0802855e+00   2.4201321e+00  -9.2402063e-01  -4.4386190e-01   1.3050375e-01
   1.5413699e+01   5.9388733e+00  -1.4947670e-01   7.3027634e+00   1.2570220e+01   6.7742288e+00   3.7475664e+00  -5.3448355e+00  -1.0452571e+00   6.4294104e-01   2.5284543e+00   5.2374757e-01   4.2452797e+00   6.6066585e-01  -2.1791245e+00   7.3054701e+00   7.4229017e-01  -9.6732399e+00   6.7059398e+00  -2.7640037e+00   2.3612241e+00  -1.5348177e+00   1.2574645e-01  -1.5372024e-01
   2.1838370e+01   3.4291528e+00  -6.7545096e+00   1.1892676e+01   1.7136827e+01   2.7645452e+00   8.8576677e+00  -8.9968963e+00  -1.5450616e+00  -2.4535864e+00   3.2215440e+00   5.4544648e-01   7.9743905e+00  -2.8582184e-01  -8.3601797e+00   4.6451432e+00   3.7549348e+00  -7.0868829e+00   4.8697209e+00  -3.7404417e+00   8.7242463e-01  -7.9900393e-01   8.5134326e-01  -2.7439973e-01
   2.7213174e+01   4.9686675e+00  -1.2160826e+01   1.3466010e+01   1.8086914e+01  -7.1414752e-01   1.2134043e+01  -1.4822022e+01  -3.0554260e+00  -2.5496630e-01   4.2344678e+00   3.1680815e-01   3.6241599e+00  -1.9012211e+00  -4.5611863e+00   4.7466503e-01   2.7613418e+00   8.2330990e-01  -2.1270475e+00  -2.0022097e+00  -2.1795880e+00   8.8366072e-01   8.8854020e-01  -1.2319890e-01
   2.3927502e+01   4.1375045e+00  -1.0518096e+01   9.9897312e+00   1.8587943e+01   4.5078433e+00   6.0196229e+00  -9.7070369e+00  -2.7189676e+00  -1.6315628e-02   3.8962060e+00   3.8355604e-01  -5.0248714e+00  -1.4640541e-01   4.7328953e+00  -4.2405455e+00  -3.8072177e+00   3.9750451e+00  -6.2709768e+00   4.4003507e+00  -7.3943856e-01   2.3161275e+00   1.6644417e-01   4.1799897e-02
   1.9805373e+01   2.7328657e+00  -5.1094628e+00   8.9662331e+00   1.5986675e+01   7.1375446e+00   1.9760176e+00  -7.9930797e+00  -3.7276861e+00   7.4979672e-01   3.5239336e+00   4.1989444e-01  -7.2191707e+00  -2.1935288e-01   7.4788561e+00  -3.5822005e+00  -5.2076634e+00   3.0977778e+00  -4.9411932e+00   7.0762785e+00   1.3094504e+00   8.7517014e-01  -4.2344841e-02   1.6640638e-01
   1.8004963e+01   4.3274456e+00  -3.1808482e+00   7.7817460e+00   1.2476120e+01   4.8012668e+00   4.5302151e+00  -5.8108412e+00  -2.3180894e+00   5.1822334e-01   3.8264774e+00   5.5660318e-01   2.4512862e+00   2.7131509e+00  -1.5616952e-01   2.7364785e+00  -3.6532096e+00  -7.9063913e+00   5.2673209e+00  -7.2330873e-01   3.6127335e+00  -3.0223531e-01   2.9558249e-01  -5.0731222e-02
   1.9345687e+01   4.5446677e+00  -4.6111658e+00   9.1967024e+00   1.3331330e+01   3.7858074e+00   5.4669570e+00  -6.1557016e+00  -1.2916895e+00   7.9051943e-01   4.2058149e+00   4.7989415e-01   7.5559600e+00   3.7752238e+00  -6.1296685e+00   3.0123645e+00  -5.8686050e-02  -9.3292348e+00   7.5717911e+00  -2.0811624e+00   4.5229846e+00  -1.4481220e+00   1.4535300e-02  -2.9318049e-01
   2.7834274e+01   7.3013298e+00  -1.1001499e+01   1.3979214e+01   1.4435801e+01  -5.6758750e+00   1.2175135e+01  -1.1710689e+01   1.4821343e+00  -4.9002995e-01   3.9986391e+00   2.7745935e-01   5.6605212e+00   2.1000168e+00  -3.7451132e+00   2.0818791e-02   1.6618995e-01  -4.7968945e+00   1.7494853e+00   8.6418983e-02   3.3753890e+00  -7.6216808e-01  -1.1686915e+00  -4.8255858e-01
   2.6224657e+01   6.9087593e+00  -1.0393640e+01   1.0386046e+01   1.4918805e+01  -1.6177367e+00   9.5112446e+00  -8.1648994e+00   1.1566789e+00  -9.1825970e-01   3.4596556e+00   1.1969561e-01   3.0187144e-01   2.3435736e+00   1.7998850e+00  -4.0998035e+00  -3.2970381e+00  -2.0151131e+00  -2.5795759e+00   2.4706074e+00   1.4485332e+00  -8.2273605e-01  -1.2117966e+00  -7.3596946e-02
   2.3056260e+01   6.2954249e+00  -5.9072808e+00   7.2183026e+00   1.1931667e+01   3.0769704e-01   5.1322993e+00  -4.6766138e+00   1.5208099e+00   2.2936078e-01   2.4465198e+00   1.2864571e-02  -8.4709738e+00   7.8833821e-01   8.8793901e+00  -7.5730770e+00  -6.7595665e+00   4.4971780e+00  -7.8221301e+00   6.5618000e+00  -7.6198645e-01   6.1857452e-01  -1.0445541e+00   3.9538379e-01
   2.2187501e+01   8.5629805e+00  -4.4584474e+00   6.4274530e+00   9.6378402e+00  -2.2286483e+00   5.1190108e+00  -5.9668281e+00   8.6177252e-01  -8.0328001e-01   3.1641797e+00   5.0179612e-01  -5.5502716e-01   4.1509468e+00   4.4229665e-03  -1.9022781e+00  -2.1453346e+00  -5.9022860e+00   1.4036900e+00   1.6888401e+00   1.3776825e-02  -2.8712335e-01   2.5615649e-01   2.5232581e-01
   1.7146391e+01   7.6567266e+00  -6.5001030e-01   4.5988952e+00   6.9369338e+00   1.3753479e+00   2.6380564e+00  -2.9670246e+00   4.8660784e-01   3.8034198e-01   2.5795459e+00   6.7948478e-01   5.5396023e+00   3.4599311e+00  -6.9885110e+00   1.8370871e+00   2.3282823e+00  -8.0012144e+00   8.7181331e+00  -2.8594350e+00  -1.2628096e+00  -7.8999403e-02   1.2419178e+00  -2.9700376e-01
   2.8347051e+01   1.2454529e+01  -1.3015641e+01   8.8423322e+00   1.4198170e+01  -1.1004991e+01   1.2863901e+01  -6.4864338e+00   1.6944452e+00  -1.4244353e+00   3.7773773e+00   1.6487423e-01   4.3900931e+00  -8.0282021e-01  -3.9784306e+00   1.2152314e+00   3.8554799e-01  -1.9592694e+00   5.6865856e+00  -1.5949139e+00  -1.2891872e+00   1.6461411e+00   5.4062234e-01  -7.9920303e-01
   2.8285888e+01   9.5395475e+00  -1.2111451e+01   8.7664936e+00   1.3143926e+01  -7.3059532e+00   1.4337054e+01  -8.7059636e+00  -7.8974087e-01   4.2143934e-01   4.0027976e+00  -2.6418013e-01   1.5970007e+00  -2.0070381e+00   1.8117790e+00   1.4884965e+00  -6.7689099e-01   2.1528383e+00   4.7952276e-01  -3.4734663e+00  -1.7446486e+00   1.4447379e+00   2.9745224e-01  -6.7019618e-01
   2.3202892e+01   6.4173398e+00  -4.6953731e+00   6.1665009e+00   7.1126661e+00  -8.2690176e-01   7.7993905e+00  -5.4897296e+00  -4.3383399e-01   1.6453830e+00   3.2634873e+00  -2.2517597e-01  -7.1851705e+00  -3.3856494e+00   1.0611164e+01  -1.9475444e+00  -3.8955799e+00   9.9777481e+00  -9.5329186e+00  -1.1898536e+00  -9.6484071e-01   2.3089500e+00  -8.6198969e-01  -6.3789939e-02
   2.2113972e+01   7.6647639e+00  -2.0924757e+00   8.1695556e+00   9.4643491e+00  -4.8443940e-01   5.8895958e+00  -8.6755762e+00  -1.0662254e+00   1.0125397e+00   3.2826693e+00  -1.3078440e-01  -5.3274272e+00  -8.7607794e-02   6.0422438e+00  -2.4090928e+00  -1.0037593e+00   6.1623548e+00  -7.2101860e+00  -2.8050177e-01   1.9789490e+00   1.2242181e+00  -6.3454167e-01   5.5062725e-02
   2.0655254e+01   8.3134464e+00  -2.1083826e+00   6.2194847e+00   1.0194588e+01   5.5087411e-01   2.7882522e+00  -8.2864079e+00   3.8542639e-01   1.7434395e+00   2.8444569e+00   2.4914522e-03   3.1539428e+00   1.0689908e+00  -5.2901129e+00  -7.5741415e-01   3.6688008e+00  -1.4385048e+00   3.8696693e+00  -2.9100874e+00   9.0112506e-01   4.4431149e-01   5.0838735e-01  -1.8639543e-01
   2.1568567e+01   8.4600824e+00  -4.3415802e+00   5.1263625e+00   1.0097326e+01   1.2486910e+00   6.0273439e+00  -7.7283770e+00   1.7690524e+00   2.2087383e+00   3.2605003e+00  -2.9541975e-01   3.2930221e+00  -6.2125231e-01  -5.9388920e+00  -3.6141222e+00  -1.0461851e-02   8.4292713e-01   5.9624117e+00   1.3013630e+00   4.4737141e-01   6.1521820e-01   2.8907990e-01  -2.9069689e-01
   2.8206509e+01   7.6231667e+00  -1.1505990e+01   6.5519762e+00   1.2299379e+01  -3.8512242e+00   1.3535020e+01  -1.0328460e+01  -4.9978532e-01   1.7137509e+00   4.0371528e+00  -4.2245144e-01   1.3054142e+00  -4.9321226e-01  -1.2154079e+00  -1.7517005e+00  -1.1665460e+00   1.0273531e+00   1.0458500e+00   1.7761310e+00  -4.4210844e-01  -3.6523816e-01  -8.6716474e-01  -3.2429454e-01
   2.3277877e+01   7.0780253e+00  -6.3020099e+00   2.5821265e+00   8.3962611e+00   2.9810005e+00   9.4598293e+00  -5.7025055e+00   4.7437546e-02   1.9502113e+00   3.1199412e+00  -3.5435828e-01   2.3872035e-01   1.6498664e-01  -1.0417494e-01   2.6004745e+00   4.4609952e-01  -2.2159279e+00  -3.9360111e+00   3.9651558e-01   6.0318729e-01  -1.2952789e+00  -1.4453999e+00  -1.0505575e-01
   2.1758720e+01   8.2646566e+00  -2.9512795e+00   4.8640520e+00   9.2953017e+00   1.2257491e+00   2.6407845e+00  -6.6351471e+00   5.8307117e-01   1.3248458e+00   1.6139894e+00  -4.5448109e-01  -3.6777201e+00   5.1880359e-01   3.8469153e+00   2.8979692e+00   1.4330100e+00  -3.5644717e-01  -6.4067584e+00   3.2007479e+00   5.2102942e+00  -4.6674485e-01  -1.7639642e+00  -2.4759788e-01
   2.5150542e+01   8.3868175e+00  -8.7751979e+00   9.8710363e+00   1.2268514e+01  -4.6136875e+00   5.5704452e+00  -8.9802602e+00   2.1324051e+00   4.6027258e-01   2.3039822e+00  -4.3698855e-01  -8.4595505e-02  -6.4942648e-01  -2.4174281e+00   6.8382340e-01   3.7839871e+00  -9.8211164e-01  -2.8904215e+00   7.9380571e-01   4.0887472e+00  -1.4849141e-01  -7.3308922e-01  -1.8566935e-01
   2.1753596e+01   7.7469760e+00  -4.4990232e+00   7.2544750e+00   1.2512768e+01  -5.8855102e-01   5.8695749e+00  -3.8884609e+00   6.2731722e+00   1.7586030e+00   1.7991860e+00  -7.5253312e-01  -8.4633440e-01  -2.2146533e+00  -3.0689090e+00  -4.7549910e+00   1.2976126e+00   4.6188038e+00  -4.0317338e-01   3.3618228e+00   2.0688077e+00   9.6296697e-01  -3.1193859e-01  -1.0083082e-01
   2.3153546e+01   6.3627258e+00  -9.1542802e+00   2.4126501e+00   1.2463509e+01   2.4149831e+00   3.5098017e+00  -5.8851400e+00   3.3355079e+00   1.5105955e+00   1.9277090e+00  -4.8383629e-01  -9.7428499e-01  -2.1250905e+00  -1.1974440e+00  -6.3331071e+00  -2.5035369e+00   3.9757019e+00  -1.3116370e+00   3.9064643e+00   7.6019180e-02   6.8102494e-01  -4.4890633e-01  -6.5755277e-03
   2.1487716e+01   5.9547224e+00  -7.3651018e+00   1.4607586e+00   1.1144223e+01   4.6396195e+00   3.0663462e+00  -3.1399730e+00   3.0847314e+00   2.2441347e+00   1.3342181e+00  -5.8230345e-01  -9.2910227e-01  -8.3076400e-01  -9.5506361e-01  -1.6285477e+00  -2.1952573e+00   3.5824405e-02  -5.5391937e-01  -6.9050354e-01  -1.5455442e+00   6.2771212e-01   5.6609629e-01   1.2445529e-01
   2.3822054e+01   6.0953086e+00  -9.1383245e+00   3.2682338e+00   9.1974806e+00  -1.2642199e+00   5.0046040e+00  -3.4948077e+00   3.8406543e+00   1.2390441e+00   1.8631067e+00  -5.3196668e-01  -2.2405518e+00  -4.4822787e-01   2.5572303e+00   5.5741242e+00   6.9449461e-01  -2.3068223e+00   3.9889825e+00   7.4414628e-01   2.3940699e+00   5.3773730e-01   6.1252335e-01  -1.4094405e-01
   2.0025688e+01   6.6345386e+00  -5.9395965e+00   4.3838617e+00   1.0852896e+01   1.3047871e+00   4.2912947e+00  -6.1193824e+00   3.7022827e+00   2.8359469e+00   2.6806317e+00  -5.4178499e-01  -7.4941042e-01   2.8312408e-01   1.4252075e+00   5.1668669e+00   2.3085139e+00  -2.8230432e+00   1.7250946e+00  -2.1149499e+00   1.5697268e+00  -2.3985132e-01   5.1087394e-01   6.1896743e-02
   2.0523732e+01   5.3504759e+00  -6.0311875e+00   9.3122848e+00   1.3650914e+01   6.2216593e-01   8.8808012e+00  -3.2792159e+00   6.6178371e+00   2.0212954e+00   2.1732873e+00  -7.1551160e-01  -7.4443089e-01  -3.8005287e-01   1.2180907e+00   1.6196231e+00   2.3243784e+00   1.1657310e+00  -3.4105497e+00  -8.7346365e-01  -6.2912868e-01   1.1168970e-01  -5.1296688e-01   8.1830575e-02
   2.2012762e+01   6.7518248e+00  -6.7808591e+00   6.1890335e+00   1.2380277e+01  -5.3813818e-01   3.7158895e+00  -6.4201938e+00   4.0507301e+00   1.4932321e+00   1.9454387e+00  -3.9768588e-01   3.1052148e+00  -7.0281673e-01  -3.3667870e+00   1.5046848e+00  -6.9536962e-01  -4.0842774e+00  -2.7737516e+00   2.1173858e+00  -8.6014071e-03  -1.2480897e+00  -3.3831523e-01   1.0632081e-01
   2.1711871e+01   5.4665862e+00  -6.8905571e+00   4.7950826e+00   1.1920358e+01   1.4058392e+00   1.7648208e-01  -4.6545975e+00   2.7227375e+00   2.0779361e+00   1.4612528e+00  -4.8127037e-01   2.6778324e+00   2.1003663e+00  -2.7377097e+00   1.6577555e+00   2.9055038e-01  -5.3434483e+00  -6.4305437e-01  -4.0461958e-01   6.0672452e-01  -1.6758737e+00   3.7931937e-01   5.1497367e-02
   2.4089441e+01   5.5222584e+00  -1.0560092e+01   8.8994900e+00   1.0675120e+01  -5.2134657e+00   4.4828268e+00  -2.2556128e+00   5.6369303e+00   9.3549197e-01   2.5291760e+00  -4.9942438e-01   8.3744811e-01   1.9958398e+00  -1.3752265e+00   4.4363391e+00   3.1910053e+00  -2.9653813e+00   4.8136227e+00   3.6424811e-01   2.5390633e+00  -1.3087370e+00   8.2942257e-01  -4.4948508e-02
   2.3502141e+01   9.1158086e+00  -8.2481356e+00   1.0443690e+01   1.4939319e+01  -5.0553428e+00   7.5327510e+00  -5.9684357e+00   6.7348238e+00  -2.1364513e-01   2.4503976e+00  -5.8739630e-01  -2.3816300e+00   2.3939731e+00   3.1809897e+00   1.7661665e+00   4.6432274e-01  -6.9084341e-01   5.5759399e+00   1.1485778e+00   1.7022818e+00  -1.4806456e+00   3.7667072e-01   3.1263506e-01
   2.2373799e+01   7.9209734e+00  -8.1649097e+00   1.0019239e+01   1.5657304e+01  -1.7556191e+00   7.2581891e+00  -5.2169025e+00   5.8532820e+00   6.7591717e-01   2.6950001e+00  -4.1204568e-01  -4.9301374e+00  -8.5767358e-02   7.1182712e+00  -1.5924263e+00  -2.8048056e+00   3.8466561e+00  -4.4613298e-01   1.5192721e+00  -3.6558575e+00  -8.6714386e-01  -6.3326497e-01   5.4015001e-01
   1.8997247e+01   7.8581883e+00  -3.3166638e+00   6.8844580e+00   1.0125749e+01  -1.3593491e+00   7.1527108e+00  -1.4510860e+00   5.1679844e+00  -1.3244882e-02   1.9433469e+00  -5.6007139e-02  -5.6107255e+00  -2.6068165e+00   8.6185440e+00  -1.6160663e+00  -6.9227622e+00   4.7110038e+00  -2.7810669e+00   4.0387000e+00  -6.8856838e+00  -4.5078730e-02  -5.5407899e-01   6.1095776e-01
   1.8946682e+01   6.0224175e+00  -2.3484212e+00   8.2904665e+00   8.8746961e+00  -1.2914783e+00   4.0036474e+00  -2.2353795e+00   9.3656383e-01  -4.6542394e-01   1.8328040e+00   4.5106053e-02  -1.7591275e+00  -1.5388110e+00   3.0309278e+00   4.4560670e+00  -4.0718727e+00  -2.1774773e+00   1.3737892e+00   1.5536169e+00  -4.2530522e+00  -1.2709413e+00   3.1810418e-01   3.4058547e-01
   1.6799611e+01   6.1548618e+00   1.7714363e+00   8.8839764e+00   7.9464796e+00   1.7790925e+00   4.9884216e+00  -1.4011472e+00  -1.1353430e+00   2.8940733e-01   2.0503772e+00   1.0046448e-01  -1.8272014e-01  -1.5995940e+00   6.4119251e-01   6.1362769e+00   6.6172683e-01  -3.2875922e+00   1.2013436e+00  -1.3207750e+00  -1.2002287e+00   3.4399880e-02   1.0126822e+00   5.9240246e-02
   2.0833926e+01   6.4644202e+00  -6.1625680e+00   1.5703580e+01   1.0639130e+01  -6.5910559e+00   1.0401017e+01  -2.9114465e+00   2.6253673e+00  -1.3818208e+00   3.1186412e+00   2.0596723e-02  -1.7106478e+00  -4.6600343e-01   1.7677653e+00   2.6832693e+00  -1.1182322e+00  -3.8582405e+00   2.2472057e+00   4.5225081e-01   2.4378690e+00   1.1105327e+00   9.9726641e-01   9.6311325e-03
   1.7779545e+01   5.2377960e+00  -4.4780159e-01   1.2382317e+01   1.0236122e+01  -3.6409487e+00   5.7560412e+00  -3.0942150e+00   2.5232396e+00   4.9655338e-01   2.8194516e+00   4.5107894e-02  -1.5916047e+00  -1.0663621e+00   1.7489362e+00   1.7328556e+00  -1.5046331e+00  -4.3857553e+00   1.2562478e+00   1.4062061e+00   2.8645680e+00   9.8362241e-01   6.3233081e-02  -3.7417654e-01
   1.5890744e+01   5.7819453e+00   1.4128457e+00   1.0566200e+01   6.0525263e+00  -4.3688185e+00   6.9906461e+00  -7.1046937e-01   2.7640761e+00   1.0968021e+00   2.9441664e+00   8.7231045e-02  -4.4947595e+00  -2.2760040e+00   5.0844184e+00  -2.7837086e+00  -2.7848318e+00   3.2066173e+00  -4.4056661e+00   4.6230786e+00  -1.2183710e+00   3.4092056e-01  -2.1245213e+00  -4.2600889e-01
   1.6883796e+01   4.8965561e+00   6.0713373e-01   1.4051950e+01   7.9828319e+00  -5.9106592e+00   8.5779790e+00  -3.9232651e-01   3.0921547e+00   5.2552950e-01   2.2324642e+00  -4.9411749e-01  -3.1589878e-01  -5.6073647e-01  -1.0005797e+00   3.5096723e+00   2.2805638e-01  -1.7628221e+00  -1.9047900e-01   4.7254976e+00  -5.4599914e-02  -2.3795472e+00  -1.7892854e+00  -2.6502958e-01
   1.4539661e+01   3.2210341e+00   9.3659192e-01   1.0693200e+01   7.5885277e+00  -6.4627465e-01   2.3815495e+00   2.6722272e+00   5.1335328e-01  -8.8492803e-01   2.2535298e-01  -3.4880392e-01   1.0591037e+00   5.7136521e-01  -7.4537370e-01   4.4790985e+00   1.6523742e+00  -3.6490899e+00  -3.7354885e-01   2.0343655e+00   1.0122366e+00  -2.2114885e+00  -8.8895260e-01  -2.1960401e-02
