  -1.2706591e+00   2.4868962e+00   1.0751061e+00  -1.0277313e+00   1.0822520e+00  -1.0795015e+00  -1.6580523e+00   7.5552266e-01   1.6368917e+00   8.1345321e-01  -5.8493921e-01   1.4428333e-01   6.4896989e-01  -1.0768107e+00   1.2061590e+00   7.6264748e-01  -2.3398417e+00   2.9417490e-01   2.8832175e+00  -1.8469818e+00  -3.0176701e+00  -9.7365089e-01   5.7310464e-01  -1.3055974e-02
  -5.8769747e-01   2.5936722e+00   3.4609825e+00   7.8085498e-02   8.6171855e-01  -4.1064485e-01  -3.4935750e-01   1.0232507e+00   3.1402528e-01  -7.1668813e-02  -5.5598729e-01   8.2417367e-02   2.0810625e+00  -5.0522355e+00   1.5905688e-01   3.0011125e+00  -3.7834526e+00   9.2298156e-01   7.1850431e+00  -4.9118826e+00  -5.2040922e+00  -1.0617332e+00   6.9481879e-01  -1.5635374e-01
  -3.9373092e-01   3.0811810e-02   2.3456990e+00   1.8719116e+00  -5.4658085e-01   1.4395388e+00   3.5303759e+00  -1.0862425e+00  -8.6630990e-01   1.3957711e+00   3.7792195e-02  -9.9646472e-02   2.3866707e+00  -7.4073359e+00   5.4730769e-01   3.8480850e+00  -3.5954465e+00   8.9061409e-01   9.8441334e+00  -3.9010379e+00  -3.7774541e+00  -4.2290144e-01   7.3751798e-01   1.2761904e-02
   1.3742467e+00  -4.7985961e+00   1.8288015e+00   3.3428708e+00  -2.6780376e+00   3.7301332e-01   7.4902075e+00  -4.0583425e+00  -2.7301776e+00   5.3734595e-01   2.8303562e-01   1.1852292e-01   1.9194387e+00  -6.9932738e+00  -9.3547111e-01   2.6430386e+00  -2.7681194e+00   8.7331660e-02   6.8200691e+00  -4.0270822e+00  -1.9806690e+00  -4.9380541e-01   5.5616065e-01  -1.8865141e-02
   1.3283748e+00  -4.9279735e+00   2.7121582e+00   3.1120036e+00  -2.5410396e+00  -1.3540948e-01   9.1883653e+00  -2.5552377e+00  -2.5071879e+00  -1.2540634e-01   1.0182631e-01   1.4537340e-01   5.5849601e-01  -3.5431391e+00   1.3059351e-01  -5.2109282e-03  -2.9058007e-01  -2.8483598e+00   6.4420316e-01  -2.4674466e+00  -4.2761685e-01  -1.2785091e+00   7.7530525e-02  -6.2891318e-03
   1.4304076e+00  -5.4168458e+00   1.8745462e+00   3.4225974e+00  -2.2932312e+00   5.0782678e-01   7.0517515e+00  -4.2828750e+00  -1.8365393e+00  -5.1788207e-02   2.4623663e-01  -6.8390282e-02  -2.0286586e+00  -8.9200296e-01  -4.9756462e-02  -5.8682287e-01   2.3251113e+00  -1.9200140e+00  -2.0744453e+00  -1.5900398e+00   1.0299416e+00   1.8346688e-01   6.6163520e-01   6.3456777e-02
   4.1593264e-01  -4.9747721e+00   2.5187169e+00   1.8242319e+00  -1.1748542e+00  -2.9004077e+00   4.7159086e+00  -4.6751461e+00  -1.9545544e+00  -2.2742539e-01   1.7248748e-01  -1.5623566e-02  -3.9227724e+00  -1.2827024e+00   6.1208868e-01  -5.9443091e-01   2.5907001e+00  -1.7069453e+00  -7.6858074e-01  -1.9781733e+00  -4.4392855e-01   7.6794797e-01   1.0114620e+00   3.8433228e-01
  -1.2125201e+00  -6.1132013e+00   1.8508874e+00   3.1065224e+00   1.2653659e-01  -1.1245086e+00   6.6147679e+00  -5.3834479e+00  -1.4615820e+00   8.6355580e-01   1.2401578e+00   2.9420657e-01  -6.2646414e+00  -3.3829771e+00   1.1609074e+00   1.9331757e-02   3.3220217e+00   1.3782448e+00   4.0634457e+00   2.1219664e+00   5.3299033e-02   1.8587501e+00   1.1192377e+00   5.8944340e-01
  -3.2343199e+00  -6.5038494e+00   3.6421206e+00   2.3783947e+00   1.3512670e-01  -1.8796597e+00   8.2539860e+00  -4.9722112e+00  -3.3605593e+00   5.6884361e-01   1.1220588e+00   5.4057340e-01  -6.3253382e+00  -4.2963054e+00   9.9859583e-01   2.7418777e+00   3.5058867e+00   3.5124042e+00   7.4558018e+00   3.7146637e+00   1.6000320e-01   2.0222512e+00  -3.9864554e-02   1.9955210e-01
  -6.1414282e+00  -9.7267727e+00   3.0542054e+00   3.1745136e+00   2.0348109e+00   2.0648200e+00   1.1377881e+01  -9.5139285e-01  -1.0535882e+00   2.3382024e+00   1.4503076e+00   5.3767634e-01  -3.1406273e+00  -2.2862841e+00   2.8047000e+00   4.2472534e+00   1.7129851e+00   1.4381794e+00   5.2893894e+00   3.7793624e+00   6.5608093e-01   1.6926232e+00  -9.7635532e-01  -2.0754047e-01
  -6.6076206e+00  -9.6124444e+00   3.4149516e+00   5.9030528e+00   3.1298387e+00   7.7353429e-01   1.3518055e+01  -1.3191781e+00  -1.9185464e+00   2.0686282e+00   7.6157841e-03   1.6196971e-01  -5.7663305e-01  -1.9006542e+00   1.9667705e+00   7.7939383e+00   4.6210376e+00   1.5310709e+00   2.5051134e+00   6.8555620e-01   5.5531348e-01   1.2021335e+00  -1.1729233e+00  -5.4137666e-01
  -4.2368106e+00  -7.9883299e+00   6.1715219e+00   7.7150735e+00   1.1986582e+00  -2.9383654e-01   1.1916818e+01  -1.5409209e+00  -1.1984671e+00   2.6525983e+00   3.3284634e-01   1.7219771e-01   2.1341341e+00  -3.1112407e-01   2.5597180e+00   6.3684521e+00   4.8533934e+00   7.9041334e-01  -2.7968093e+00  -3.7225550e+00  -1.3174116e+00  -1.3149978e+00  -7.8093064e-01  -5.9013695e-01
  -5.0515782e+00  -1.0224052e+01   5.0336182e+00   1.1799022e+01   7.4847594e+00   1.5962750e+00   1.1742188e+01  -3.6491129e+00  -2.4551497e+00   2.2148458e+00  -7.8595647e-02  -8.8752285e-02   2.6613846e+00  -2.0776612e+00   5.3811125e-01   2.0845054e+00   5.6960294e+00   2.7842515e+00  -4.3309889e+00  -3.2022528e+00  -2.1600698e+00  -1.6406735e+00   3.2640508e-01  -3.1360148e-01
  -3.7182483e+00  -9.8876550e+00   6.0844491e+00   9.7792071e+00   7.1374407e+00   2.8390697e+00   8.0706008e+00  -5.3702579e+00  -2.7614040e+00   2.9259685e-01   3.2201731e-01  -2.2216809e-01   1.9265878e+00  -3.1851988e+00  -1.0721970e+00  -1.5677121e+00   4.9219551e+00   1.8252741e+00  -3.4779498e+00  -2.5555931e+00  -1.9207837e+00  -1.2795126e+00   7.4188370e-01  -2.3126850e-02
  -2.8748249e+00  -1.1779274e+01   4.2656549e+00   7.9977441e+00   8.7044915e+00   3.3834585e+00   8.9446796e+00  -4.2078888e+00  -4.3771827e+00   7.8761869e-01   5.0263792e-01  -1.1124962e-01   1.7970331e+00  -2.2989675e+00  -7.1278077e-01  -3.7477406e+00   2.0530069e+00  -1.1111217e-01  -1.4681920e+00  -6.9270227e-02  -5.6819138e-01  -2.2696498e-01   1.1579842e+00   1.7395520e-01
  -2.4353055e+00  -1.1988517e+01   4.9472081e+00   7.2641444e+00   7.9717248e+00   1.5504828e+00   8.0986473e+00  -5.0949225e+00  -3.1186261e+00   1.4469430e+00   1.1550551e+00   1.4875610e-01   7.7333092e-01  -2.8334667e+00   5.5948281e-01  -2.4589627e+00  -5.5097534e-01  -1.6389984e+00   2.8527121e+00   8.5716221e-01   1.7762494e-01   6.4242019e-01   9.0343065e-01   2.5729487e-01
  -2.9974999e+00  -1.2622072e+01   4.5330676e+00   7.4349428e+00   1.0147128e+01   2.0739002e+00   9.5258767e+00  -3.8906859e+00  -3.1288257e+00   1.2972253e+00   1.2418617e+00  -1.3281577e-02   6.1543493e-01  -1.5711299e+00   2.0775796e+00  -1.0425064e+00  -2.4423739e+00  -2.5201622e+00   2.3539832e+00  -1.2703039e+00   1.0428910e-02  -6.3949062e-01   1.6521824e-01   6.0719665e-02
  -2.4969144e+00  -1.3716456e+01   6.7899670e+00   6.3721637e+00   5.5896596e+00   1.0353513e+00   1.2059070e+01  -4.2431160e+00  -3.1191451e+00   1.0014238e+00   1.3075514e+00   1.1479020e-01   1.1046921e+00  -2.7360701e+00  -3.2751440e-01  -5.6446170e-01  -2.7666064e+00  -3.9301940e+00   2.0922057e+00  -6.4343812e-01   2.2483846e-01  -1.3068847e+00  -9.3875645e-01  -1.3631698e-01
  -1.9208681e+00  -1.3271999e+01   6.4606447e+00   6.8799748e+00   6.2319632e+00  -1.3921912e-01   1.0495443e+01  -6.5392478e+00  -4.3612798e+00   5.1142338e-02   6.7421716e-01  -3.1871660e-03   1.0027093e+00  -2.0405775e+00  -2.7263845e+00  -1.4440533e+00  -3.5559976e+00  -5.3265512e+00  -5.1533673e-01   9.9671158e-01   1.3487800e+00  -1.2997740e+00  -1.3224076e+00   1.0381714e-01
  -1.3165833e+00  -1.5767659e+01   3.4921479e+00   6.6949358e+00   5.7793973e+00  -3.2382485e+00   1.0752173e+01  -4.7357988e+00  -2.1651414e+00   1.0965747e-01   3.0742733e-02  -6.0766578e-02  -1.2532760e+00  -1.2974069e+00  -6.6913213e+00  -1.4278311e+00  -1.0517275e-01  -5.4431251e+00  -3.4871804e+00   3.2819357e+00   2.3438050e+00  -2.1456315e+00  -1.3256027e+00   3.8425296e-02
  -2.0836016e+00  -1.4657337e+01   2.0924004e+00   5.1074769e+00   4.7182625e+00  -3.7791267e+00   9.4063204e+00  -2.1492772e+00  -1.5826576e+00  -2.0655256e-01  -1.0334534e-01   2.3022252e-01  -2.3394000e+00  -7.6838608e-01  -4.1384455e+00  -1.9336521e+00  -7.2339439e-01  -1.6320506e+00  -2.3854202e+00   6.3734920e+00   2.5200584e+00  -1.4808815e+00  -7.5169168e-01   2.6796309e-01
  -4.2954617e+00  -1.4969897e+01  -1.0628928e+00   5.1166660e+00   6.1887509e+00  -5.3093825e+00   7.3728609e+00  -1.5151979e+00  -9.9274866e-01  -2.0881759e+00  -2.9207146e-01   5.5723296e-02  -1.8609238e+00   5.6150587e-01  -9.3012936e-01  -2.0994110e+00  -1.8854893e+00   9.2527235e-01  -3.3379441e+00   4.2773212e+00   2.4942713e-01  -6.5320495e-01  -9.9558969e-02   3.6373684e-01
  -3.9405289e+00  -1.4823459e+01   2.5304969e+00   4.7686317e+00   4.9421949e+00  -1.5517279e+00   8.6069684e+00   1.4106897e+00  -1.1673887e+00  -1.0712632e+00  -2.9191325e-01   3.4051253e-01  -1.5220891e-01  -9.4271040e-01  -7.1866096e-01  -1.5194883e+00  -8.1706646e-01   4.5708476e+00  -6.6754864e-01   1.5468863e+00  -1.3572999e+00  -1.0829652e-01   4.4425076e-02   2.1464589e-01
  -3.1795053e+00  -1.4842339e+01   1.8779056e+00   3.7152419e+00   2.8391971e+00  -2.9640394e+00   6.1449327e+00  -9.9800431e-02  -1.9986352e+00  -4.3779463e-01  -2.4311762e-02   4.2969368e-01   7.4058210e-01  -5.7103671e-01  -1.7245218e+00  -1.4545777e+00  -1.5944692e+00   6.2966778e+00   6.9364287e-01   1.8173127e-01  -1.3411616e+00   7.9412723e-01   6.1988783e-01   2.9122028e-01
  -2.8698931e+00  -1.6135182e+01  -4.5599027e-01   3.5289564e+00   5.1674396e+00   1.9044731e+00   9.0189616e+00  -5.3664650e-01  -3.1156642e+00  -1.1941880e+00  -1.7058757e-01   3.6520616e-01   5.8571644e-01  -3.5430792e-01  -3.5356374e+00  -2.5108228e+00  -3.4177070e-02   4.2369512e+00   1.9104655e-01  -2.6644551e+00  -1.0094480e+00   1.1521990e+00   1.6533142e+00   9.8020940e-02
  -3.7199064e+00  -1.5170591e+01  -2.1564319e+00   3.5546371e+00   3.6844247e+00   2.4075336e+00   8.2073286e+00  -2.6893289e-01  -2.0303533e+00  -8.3552269e-01   5.7709745e-01   4.8020690e-01  -4.0939981e-01  -2.7897975e-01  -1.8080211e+00  -1.1698858e+00   2.2629495e+00   3.6133003e+00   1.6499938e+00  -2.3742829e+00  -6.5215361e-01   1.0700556e+00   1.3910958e+00  -2.7111822e-01
  -2.7917537e+00  -1.5190795e+01  -7.5579050e-01   1.0826999e+00   4.4683155e+00   2.1179124e+00   7.8623403e+00  -2.5014267e+00  -2.6657017e+00   8.5589927e-01   1.8873535e+00   4.6228733e-01  -2.2946432e-01  -6.2462917e-01   7.7946164e-02  -8.5162232e-01   1.1542816e+00  -1.4630511e+00   1.9950915e+00  -8.0946539e-01   7.0499925e-01   1.6005494e+00   1.1377418e+00  -2.9645935e-01
  -3.8326747e+00  -1.5733002e+01  -6.8422595e-01   3.1835415e+00   6.5831835e+00   2.3491914e+00   9.1982340e+00  -2.6788346e+00  -3.2018468e+00   1.4224509e-01   1.0333614e+00  -2.5524241e-02   6.7072193e-01  -8.8088427e-01   6.8429642e-01  -4.2653539e-01   6.8391500e-01  -3.0240566e+00   1.7693410e+00  -1.0038846e-01  -4.8126434e-01   3.8136927e-03  -7.6223568e-02  -2.7880539e-01
  -3.1577054e+00  -1.6790920e+01  -1.0751740e+00   2.4370707e+00   5.4494826e+00  -2.6093249e-01   1.1516146e+01  -5.4589372e-01  -1.4724185e+00   7.1775222e-01   1.3078931e+00   1.7338270e-01  -2.2995608e-01  -5.3024610e-01  -4.7839277e-01   2.1919737e+00  -2.9976774e-01  -3.4639993e+00   9.9187191e-01   2.7991667e+00   1.4401909e-01  -1.3156886e+00  -8.8872322e-01  -2.2410057e-01
  -2.5308476e+00  -1.5691855e+01  -9.7029555e-01   2.2376486e+00   4.2197136e+00  -9.3912891e-01   9.0344372e+00  -1.3972821e+00  -3.3488914e+00  -7.6072862e-01   7.5249227e-01   2.0645113e-01  -3.0241180e-01  -7.4333777e-01   2.0948033e-01   1.5798182e+00   5.3216389e-01  -1.8270588e+00  -1.3409488e+00   2.3038541e+00   3.6934479e-01  -7.9717940e-01  -3.5398442e-01   2.2300212e-01
  -3.7876014e+00  -1.6006738e+01  -1.3303449e+00   4.8436069e+00   5.2003988e+00  -1.4339264e+00   9.4320466e+00   1.0565471e+00  -2.3761507e+00  -6.6614680e-01   6.9470320e-01   1.0148795e-02  -1.0118264e+00   3.4444696e-01   1.4083679e+00   1.1678062e+00   2.1010451e+00  -1.9359342e+00  -2.1847442e+00   5.0396964e-01  -1.2376697e-01  -1.5206556e+00  -1.5842844e+00  -1.7634959e-01
  -3.9713445e+00  -1.7240100e+01  -2.4242004e-01   4.3500008e+00   7.5059713e+00   1.9510010e-01   8.2288607e+00  -2.4273895e-02  -2.1959635e+00  -3.6157449e-01   8.0897973e-01   3.9059589e-01  -1.2477057e+00   4.1039081e-01   3.2760403e-01  -9.1149982e-01   1.7542743e+00  -2.0171110e+00  -3.5816328e-01   9.8136606e-01   1.4976794e+00   6.8328328e-01  -1.6436301e+00  -4.0042768e-01
  -3.9551966e+00  -1.5500127e+01   6.7344011e-01   3.1326039e+00   6.9579215e+00  -3.7319482e+00   8.6418181e+00  -4.7644335e-01  -2.2345329e+00  -1.7628082e+00  -1.0967772e+00  -1.8321407e-01   4.8543139e-01   1.0279064e+00   1.2325080e-01  -2.5164887e+00  -2.2314309e-01  -2.8561707e+00  -2.5152199e+00  -2.0476890e+00   1.0897332e+00   1.6972613e+00  -1.3000158e+00  -3.7382889e-01
  -4.3186085e+00  -1.5329574e+01  -1.4807820e+00   1.7259004e+00   5.9723637e+00  -2.8157846e+00   8.8923065e+00   8.4126224e-01  -1.1731811e+00   8.1252699e-01  -8.1721260e-01  -2.9750897e-01   9.2474759e-02  -8.7124443e-01  -1.9291485e+00  -7.9844999e-02   3.9249664e-01   2.2909987e-01   7.4060339e-02  -1.1918067e+00   1.0529652e-01   1.4683350e+00  -6.0241235e-01  -3.7214858e-01
  -2.8858223e+00  -1.5420141e+01  -5.2628767e-01   2.3809240e+00   5.6324880e+00  -4.2127401e+00   5.3274939e+00  -2.4477544e+00  -1.2529421e+00   1.2926944e+00  -4.4222437e-01  -2.0654211e-01   7.0649630e-01  -2.6405929e+00  -1.9926771e+00   1.7411420e+00   1.7579028e+00   4.1277511e+00   3.4632684e-01  -1.1957214e+00   6.6479658e-01   1.3172462e+00   1.1050131e+00   1.4939323e-01
  -4.3673195e+00  -1.8586960e+01  -2.5362789e+00   4.6060732e+00   8.7574330e+00   7.7914586e-01   9.9971133e+00  -8.2632834e-01  -2.5288142e+00   3.1317667e-01  -4.2191521e-01  -1.5596296e-01   1.3127189e-01  -2.8433116e+00  -9.6228935e-01   2.6903978e+00   1.3501323e+00   3.6797106e+00   1.9771089e+00   1.0337448e-01   1.6278532e+00  -5.2992035e-01   1.0324156e+00   1.1063335e-01
  -2.8710966e+00  -1.7832324e+01  -1.7878270e+00   4.3042304e+00   8.2022411e+00   6.6221323e-01   8.6089050e+00  -1.4362301e+00  -5.5952155e-01   4.6273632e-01   3.6309381e-01  -2.9897223e-02  -1.8568481e+00  -1.8148708e+00  -1.9808449e+00   1.0761362e+00  -7.4901340e-01   3.0218235e+00   2.5880631e+00   2.4455848e+00   3.5076557e+00  -4.2876496e-01   5.7161522e-01  -3.3268232e-02
  -4.1290635e+00  -1.8388450e+01  -2.2934463e+00   4.7998438e+00   6.7126856e+00   2.6630461e-01   1.0217264e+01   4.9056180e-01   9.2188845e-01   4.3262551e-01   3.2875168e-01  -2.1988138e-01  -4.7444604e-01   2.2997697e+00   4.0019088e-02   2.5994877e-01  -4.9248500e+00  -4.4233128e+00  -3.6309217e+00  -1.0164212e+00   2.1530091e+00   5.3574391e-01   1.1086421e+00   1.2369210e-01
  -5.7902225e+00  -1.8241702e+01  -3.6189713e+00   3.8982431e+00   5.5313416e+00   5.7641575e-01   9.0995131e+00   5.6217763e-01   2.2831902e+00   5.8982254e-01   3.9865018e-02  -2.2448525e-01   2.1915739e-01   3.1226981e+00   4.7684261e-01  -1.2700194e+00  -4.2552435e+00  -4.3348693e+00  -2.9940759e+00  -1.3079742e+00  -1.6444218e+00  -4.1019498e-02   1.0978663e+00   2.7107239e-01
  -3.6194256e+00  -1.4932616e+01  -1.5606781e+00   5.1989901e+00   2.7056078e+00  -5.8129246e+00   4.3054267e+00  -3.3501641e+00  -7.2065634e-01   1.0532494e+00   1.4026624e+00   1.2686920e-01   3.8559004e-01   1.9247756e+00   1.7299821e+00  -3.6935926e-01  -6.2679072e-01  -1.8225691e+00  -1.3125136e+00  -2.4835829e+00  -3.7542703e+00  -8.9097496e-01   5.5795342e-01   1.5987670e-02
  -2.7971795e+00  -1.4876194e+01  -1.4389472e+00   2.1996283e+00   3.8229148e+00  -2.8004762e+00   7.0737100e+00  -1.4778285e+00  -2.2048818e+00   9.0895116e-02   1.4729379e+00   2.0333607e-01   1.0696570e+00   8.2823424e-01   3.4819016e+00  -3.6929417e-01   1.0423085e+00   1.8459509e-01   7.4517290e-01  -3.0803658e+00  -3.0588109e+00  -1.8375606e-01   3.6531613e-01  -4.3476027e-02
  -5.0471999e+00  -1.7184041e+01  -7.8848521e-01   5.0951123e+00   6.6267129e+00  -7.7910312e-01   9.2613955e+00  -2.2148094e+00  -2.4654810e+00  -6.5437322e-01   4.4914538e-01  -4.0981054e-01  -1.1021334e+00  -1.9322160e+00   3.0445618e+00  -7.6248550e-01   3.1714824e+00   3.5074379e+00   3.4668382e+00  -2.3405699e+00  -1.4028798e-01   8.8553147e-01  -5.1070967e-01  -1.2362842e-01
  -3.4718498e+00  -1.5873638e+01   1.2177846e+00   3.3962407e+00   5.1342518e+00  -1.6636023e+00   7.7392880e+00  -4.6260484e+00  -1.4326139e+00   1.1679998e+00   1.0645977e+00  -2.1359418e-02  -4.0125190e-01  -4.2469412e-01   3.2750525e+00   6.8123171e-02   2.1263726e+00   3.0099152e-01   1.1927384e+00  -3.5583187e+00   9.7290047e-01   2.0275160e+00  -5.0309364e-01   1.6385448e-01
  -4.9352905e+00  -1.7332218e+01   1.6777987e+00   3.4569556e+00   6.8071629e+00  -1.1202046e+00   9.1728949e+00  -5.2869090e+00  -1.3172223e+00   1.8429943e+00   8.4076797e-01   5.3774318e-02  -3.9702544e-01   9.2213349e-01   2.1990303e+00  -8.1361870e-02   2.1551018e+00   1.2068624e+00   1.1457018e+00  -1.9456772e+00   2.6341438e-01   1.7061439e+00  -1.1186225e-01   5.5973689e-01
  -3.4550120e+00  -1.5439146e+01   2.2404896e+00   3.1208914e+00   6.9222486e+00  -2.1784381e+00   8.9070678e+00  -5.2792568e+00  -1.3196605e+00   1.8834853e+00   5.2248614e-01   2.1732537e-01  -3.6323076e-01   1.3289704e+00   1.9607544e-01   2.1454083e+00   1.6971398e+00   9.9698014e-01   2.4500316e-01   1.0081343e+00   5.5194674e-01   5.0241276e-01  -2.7816188e-01   4.6490709e-01
  -5.6511570e+00  -1.6018086e+01   1.9987077e+00   5.1107442e+00   8.9653673e+00   1.2886083e+00   1.0396058e+01  -4.8067211e+00  -2.1268362e+00   1.5470999e+00   5.5240779e-01   3.1045241e-01  -2.1716373e-01   7.9537652e-01  -1.5971474e+00   3.0304281e+00   1.5035681e+00   2.9446951e+00  -1.7116307e+00   3.3952371e+00   9.4652253e-01  -7.3185428e-01   1.3923704e-01   2.7721300e-01
  -3.6587627e+00  -1.4537248e+01   1.3514433e+00   5.7874589e+00   6.6008593e+00  -1.3725386e+00   7.4952111e+00  -3.3539408e+00  -1.9988683e-01   2.0695661e+00   7.9153498e-01   5.4766216e-01  -5.6165437e-02  -8.4288736e-01  -2.8186985e+00   9.7904226e-01   6.0559950e-02   2.8872650e+00  -3.5434704e+00   3.6711862e+00   3.5064731e-01  -1.2838650e+00   3.1813281e-01   1.3584823e-01
  -5.1591608e+00  -1.6590102e+01  -2.7339926e-01   6.6693139e+00   9.2232096e+00   2.8938883e+00   7.3113772e+00  -1.1567114e+00  -4.5732530e-01   6.5217250e-01   9.1509911e-01   3.0442542e-01   2.1061277e-01  -1.4177937e+00  -4.5291550e+00  -1.7608794e+00  -7.6570042e-01  -3.3738733e-01  -3.5274814e+00   3.1218287e+00  -2.6372158e-01  -1.3956296e+00   2.4119198e-01   1.8535017e-02
  -3.7852583e+00  -1.6417470e+01  -8.5150460e-01   3.8101699e+00   6.8841674e+00   1.3498194e+00   5.1342027e+00  -1.5974824e+00  -1.6284449e+00   4.0515151e-01   8.1833970e-01   4.2411121e-01  -1.3594070e+00  -2.3185592e+00  -4.4436580e+00  -2.5654851e+00   2.8790510e-01  -6.3520122e-01  -2.8988051e-01   1.7088470e+00  -1.9452359e+00  -1.7641026e+00   8.1302990e-02  -5.5148436e-02
  -5.2719900e+00  -1.7204666e+01  -3.6935508e+00   3.4580696e+00   7.6751626e+00  -5.7865168e-01   6.2853403e+00  -1.0022073e+00  -1.8081395e+00   2.8586275e-01   9.0079341e-01   4.0003041e-01  -5.8954506e-02   6.9491539e-02  -2.8277757e+00  -2.4441405e+00   3.9890501e-01  -4.4825323e+00   6.0164579e-01   1.6387232e+00  -6.2014807e-01  -1.4909821e+00  -1.2959656e-01  -1.2587695e-02
  -5.6414586e+00  -1.7707805e+01  -3.6039679e+00   3.5448534e+00   7.8067405e+00  -5.8907045e-01   7.5734088e+00  -8.6792232e-01  -2.4423337e+00  -3.9343296e-01   9.2064231e-01   4.1713701e-01  -9.5270681e-01   9.0911018e-01  -6.9122990e-01  -2.5611621e-03   2.8690734e+00  -3.2317812e+00   1.1440675e+00   2.0418161e+00   6.6884181e-01  -1.4773435e+00  -3.1727391e-01   4.5935296e-03
  -4.3194924e+00  -1.5840697e+01  -3.1388312e+00   3.1357614e+00   9.3602806e+00  -2.8604653e+00   6.9942429e+00   9.3659349e-01  -9.8060304e-01  -1.1850084e+00   6.6955296e-01   2.8903098e-01   1.5830524e-03   2.5899493e+00   1.2449480e+00   8.8297868e-01   2.8700005e+00  -2.0617189e+00  -5.1493602e-01   6.3824875e-01  -3.5540060e-02  -1.9047495e+00  -8.7558655e-01   1.7659642e-01
  -5.6905673e+00  -1.5735789e+01  -2.1657092e+00   3.9674822e+00   1.0345218e+01  -2.3569457e+00   6.4958527e+00   4.9584141e-01  -1.0389504e+00  -1.0754282e+00   4.5804905e-01   4.8650122e-01   4.0420637e-01   2.7191247e+00   2.2336427e+00   1.8506987e+00   2.2521542e+00  -3.7012103e+00  -1.7844287e+00  -1.3178649e+00   3.3440061e-01  -9.3016256e-01  -1.4408775e+00  -2.8498887e-02
  -5.2450611e+00  -1.4305750e+01  -2.5452582e+00   4.5712232e+00   1.0710924e+01  -2.7872923e+00   6.0517143e+00  -7.2671605e-01  -2.5631412e+00  -2.2302638e+00  -1.8128979e-01   6.3024294e-01   1.3845111e-01   7.8462619e-01   9.2092172e-01   1.9668875e+00   1.6559404e+00  -1.8151421e+00  -2.1419295e+00  -3.7665631e+00  -4.3598056e-02  -4.9093324e-01  -1.7195105e+00  -1.3032476e-01
  -4.5723647e+00  -1.4396591e+01  -5.5029040e-01   5.6031706e+00   1.0509650e+01  -6.1774725e+00   5.3680300e+00  -2.0130649e+00  -1.1494637e+00  -1.2660491e+00  -8.1525263e-01   2.0378270e-01   8.6969228e-01  -3.7592022e-01  -1.5531990e+00  -1.6972843e+00  -3.4896876e-01  -2.8879103e-01  -2.8796994e+00  -3.7202599e+00   7.1854634e-01  -8.3928742e-01  -1.8527783e+00  -5.1219421e-01
  -4.6709170e+00  -1.5333357e+01  -2.5651581e+00   5.2682486e+00   1.1761975e+01  -3.6729150e+00   4.3452600e+00  -3.4587980e+00  -9.9074350e-01  -1.8260978e+00  -1.2730619e+00   2.3490309e-01   5.6497639e-01  -8.4371865e-01  -2.5259715e+00  -7.0495573e+00  -2.7993953e+00   2.2994548e+00  -2.5983695e+00  -2.3800670e+00   1.5752022e+00   6.6155378e-01  -8.2588241e-01  -6.2910623e-01
  -4.6731009e+00  -1.5785866e+01  -4.4855579e+00   1.0730431e+00   9.2962398e+00  -2.3473209e+00   3.0295308e+00  -3.7185075e+00  -7.4732976e-01  -2.5364423e+00  -1.7752323e+00  -8.4120158e-02   6.8013800e-01   1.2390934e+00  -1.9143854e+00  -6.8621062e+00  -3.6075415e+00   6.5445041e+00   9.7357137e-02   5.6545199e-01   7.0589191e-01   7.9272555e-01   2.0396033e-01  -2.5276186e-01
  -4.3472284e+00  -1.4876691e+01  -4.3665817e+00  -3.7380490e+00   7.1185365e+00  -1.2531859e+00   3.3234097e+00  -3.4440953e+00  -4.0140482e-01  -6.0273655e-01  -9.4012357e-01  -1.6946497e-01   1.2972322e+00   1.8477530e+00   1.6016128e+00  -2.1649354e+00  -2.6955440e+00   4.0732879e+00   3.2267358e+00   4.7657953e+00   1.3802039e+00   1.3648037e+00   6.7612915e-01  -3.0328209e-01
  -3.7140020e+00  -1.2766284e+01  -2.5211567e+00  -1.8683995e-01   7.4200571e+00   2.4294191e+00   6.0249908e+00  -1.1722383e+00  -3.8529516e-01  -6.8864140e-01  -6.7578132e-01   2.6823943e-02   1.8852153e+00   1.5882503e+00   3.0310355e+00   5.5120224e+00  -3.8910875e-01   7.3874222e-01   4.4681148e+00   4.4060709e+00   1.6755563e+00   8.6405343e-01   9.2404250e-01   3.5845139e-01
  -3.2046183e+00  -1.4071518e+01  -1.1449395e+00   2.6507870e+00   8.6567509e+00   4.8646782e-02   7.6876337e+00   2.4167604e+00   8.9854510e-01  -7.0279278e-01  -8.0859372e-01  -2.7549209e-01   2.3753805e+00  -4.3323504e-01   2.1757470e+00   9.1467314e+00   1.1919873e+00  -2.8549571e+00   3.8887220e+00   2.7791129e+00   1.3547310e+00   1.0523794e-01   2.1167472e-01   5.1745935e-01
  -2.4165831e+00  -1.3806077e+01  -1.5498257e+00   6.1466587e+00   7.9434695e+00  -1.8901239e+00   7.5495910e+00  -3.9828987e-02   1.1160298e+00  -1.1903341e+00  -4.5493347e-01   5.0657048e-01   1.8094239e+00  -6.2090519e-01   3.2738050e-01   5.7496149e+00  -1.6208665e+00  -4.4534272e+00   6.4524355e-01  -1.1820911e-01   4.1135305e-01   4.6768255e-01   8.3493041e-02   4.5063906e-01
  -1.4328671e+00  -1.5006647e+01  -1.5886266e+00   6.8152987e+00   8.6448112e+00  -3.3758501e+00   8.3941926e+00   1.5836944e-01   8.8002926e-01  -1.9403331e-01  -7.3303542e-01   3.6685079e-01   2.0223378e+00   3.1827108e-01   9.8664798e-02  -4.8825358e-01  -3.1466147e+00  -2.6538202e+00   8.6211911e-01  -1.8446140e+00  -1.2914821e+00   1.1839258e-01   3.9138983e-01   3.6480829e-01
  -1.8857417e+00  -1.3230078e+01  -1.8082424e+00   6.3553266e+00   4.9947272e+00  -2.5384732e+00   6.6395768e+00  -2.2035653e-01   2.4099233e-01  -2.4149732e-01  -5.8832091e-01   3.8161110e-01   6.4718215e-01   7.9441177e-01   8.6409375e-01  -3.1480803e+00  -1.8743892e+00   1.0696986e+00   1.3781487e+00  -4.2259205e-01  -1.8974441e+00  -1.8539150e-01   1.8931127e-01  -2.8307041e-01
  -4.3653226e-01  -1.3882111e+01  -8.6773396e-01   1.8140727e+00   5.4112000e+00  -3.6079089e+00   9.4358195e+00  -2.5989680e-01  -6.0115938e-01  -9.9962229e-01  -1.5481526e-01   3.3420004e-01  -1.1870092e+00   9.0660646e-01   3.8258651e-01  -2.9053165e+00  -1.7787383e-01   3.9026131e+00   2.0195096e+00   4.0288649e-01  -1.6142687e+00  -6.7229509e-01   5.5600560e-01  -1.6181822e-01
  -1.9439773e+00  -1.3176727e+01  -6.1413141e-01   3.9251512e+00   6.7486913e+00  -1.6954667e-01   9.0960006e+00  -4.6458395e-01  -9.8954201e-01  -1.0656268e+00  -4.6007665e-01   9.8290244e-02  -6.3983528e-01   2.2121118e-01  -1.0791642e+00  -2.7926865e+00   1.0580380e+00   1.3290724e+00   1.7915134e+00   1.4638574e+00  -7.7145575e-01   1.8522718e-03   5.1608247e-01  -1.0028845e-01
  -3.1842630e+00  -1.3673413e+01  -1.6118024e+00   3.6724117e+00   7.5010184e+00   1.2936062e+00   1.0195245e+01   8.8481288e-01  -9.2610657e-01  -7.9041120e-01   3.6850852e-02   2.6578389e-01  -8.0875930e-01  -3.0290728e-01  -2.6921340e+00   8.9479250e-01   1.8023582e+00   6.0046326e-01   1.0635062e+00   3.5192496e+00   1.6050374e-01   6.3113165e-01   2.8872611e-01  -6.3487581e-03
  -1.4716292e+00  -1.3002610e+01  -3.0549546e+00   1.2371273e+00   5.5368750e+00  -2.9956223e+00   8.9471340e+00   1.4030748e+00  -7.5371769e-01  -3.4332445e-01   8.9969752e-02   2.6538649e-01   8.9534721e-01  -3.4081988e-01  -2.8043914e+00   9.9735355e-01   1.1065479e+00  -1.4675643e+00   1.1767338e+00   4.2380901e+00   5.9611208e-01   9.7355900e-01   2.4118446e-01   2.3510262e-02
  -1.8858452e+00  -1.4423531e+01  -3.6855233e+00   4.5002734e+00   8.7206454e+00  -1.2941762e+00   1.1105512e+01   4.0851483e+00  -4.7831594e-01  -4.1407599e-01   3.2507057e-03   2.4112878e-01   2.0731567e+00   2.0478195e-01  -1.4772299e+00   3.1354767e+00   1.5838222e+00   1.1489785e+00  -3.9599380e-01   2.5121098e+00   5.7809215e-01   6.2884094e-01   2.5024025e-01  -3.9067824e-02
  -1.2501654e+00  -1.3312898e+01  -3.7838580e+00   5.0072507e+00   7.7986996e+00  -1.0770018e+00   1.0405968e+01   4.2923835e+00  -3.1926921e-01   2.0654406e-01  -8.1499880e-02   1.4588319e-01   2.1206008e+00   2.9659810e+00   2.1624906e+00   6.9191853e+00   4.9676137e+00   7.1976626e+00  -1.4429461e+00  -6.3014208e-01  -9.8882696e-01  -6.4268997e-01   2.8281895e-01   5.8699482e-02
  -1.8525985e-01  -1.3211096e+01  -3.4631954e+00   6.4905649e+00   8.7458393e+00   2.0577637e+00   8.8718374e+00   3.2083232e+00  -2.7619259e-01  -1.2208405e-01   4.9794605e-01   2.6693380e-01   2.8106548e+00   4.7722404e+00   4.0407632e+00   4.9212332e+00   3.6362942e+00   6.7563256e+00  -5.7373587e-01  -1.7602686e+00  -9.5836050e-01  -1.7375830e-03   7.5134758e-01   2.1494717e-01
   8.5897934e-01  -9.1598561e+00   7.7617360e-02   1.0620760e+01   1.2975699e+01   6.1249016e+00   7.8995522e+00   8.9627419e-01  -2.3380198e+00  -1.4533554e+00   2.6685050e-01   3.4053320e-01   4.9214621e+00   7.2023732e+00   6.4843757e+00   2.8417916e+00  -9.4128103e-01   5.2685896e-01   4.0665466e-01  -2.3714905e-01   1.9581882e-01  -3.7458407e-03  -6.6067814e-02  -1.9733051e-02
   1.2755646e+00  -9.3416907e+00   4.4488387e-01   9.0753687e+00   1.1586587e+01   5.2393605e+00   1.1498116e+01   3.1428000e+00  -9.0648140e-01   4.1326736e-01   9.5609688e-01   4.6622453e-01   5.4053791e+00   7.4871284e+00   6.8450467e+00   1.1765593e+00  -4.5522766e+00  -2.7206012e+00   1.2433997e+00   1.5083983e+00   1.1898763e+00   1.4210712e+00  -7.4730824e-01  -2.2753463e-01
   5.4016155e+00  -4.4440405e+00   3.9886659e+00   7.9775363e+00   4.9664041e+00  -1.8775118e+00   9.7028104e+00   3.9694215e+00   2.8960342e-01  -6.6750400e-02  -4.0967702e-01   1.6638254e-02   4.8020458e+00   4.8803723e+00   4.3315182e+00  -1.2260095e+00  -7.8750641e+00  -3.8227924e+00   2.4404287e+00   4.8896721e+00   3.5124092e+00   2.3145499e+00  -5.6125165e-01  -4.1006687e-01
   5.6514908e+00  -4.3383110e+00   4.8488503e+00   9.5770156e+00   5.9220718e+00   1.9780687e+00   9.8353079e+00   3.9343471e+00   1.9481030e-01   1.3162202e+00  -2.8475256e-01   8.7579330e-02   5.6817220e+00   4.6183224e+00   8.5653227e-01  -3.2884677e+00  -6.1915064e+00   1.7137967e+00   3.5564547e-01   1.2410032e+00   1.5084568e+00   9.0438563e-01  -2.5673117e-01  -3.4991709e-01
   5.8740850e+00  -4.3409875e+00   4.3729115e+00   8.5309218e+00   3.9953603e+00   2.0213588e+00   1.2391599e+01   7.8350088e+00   2.3799482e+00   1.5669930e+00   4.5397740e-02  -8.5244506e-02   3.2175780e+00   1.1179578e+00  -3.4170369e+00  -5.3639721e+00  -2.5577560e-01   1.0284208e+01   4.8575366e+00   1.2327207e+00   6.7405864e-01   7.2091582e-01   5.9979209e-01  -5.4354083e-03
   9.5619129e+00  -2.4657337e+00   1.5375595e+00   3.8659744e+00   2.7848496e+00   5.8606202e+00   1.0687190e+01   3.0715112e+00   3.1103139e-01   9.5297410e-01   3.4346275e-01  -7.7097307e-03   3.2118012e+00   9.0180929e-01  -4.5014939e+00  -6.8238535e+00   1.2393472e+00   8.3913677e+00   4.0575052e+00  -2.5192049e-01   3.0215579e-01   4.6106169e-01   5.1475588e-01   1.6833069e-01
   8.2727715e+00  -3.7033925e+00   5.1875604e-01   2.7870987e+00   6.1513518e+00   1.1607525e+01   1.6563174e+01   6.2499206e+00   1.2425808e+00   1.1962464e+00   1.7590347e-01   5.6129672e-02   2.4848394e+00   4.3764061e-01  -3.7657467e+00  -4.9579516e+00   1.6434845e+00   5.9440379e+00   4.2569799e+00  -1.2628697e+00  -2.4190413e-01   1.5627737e+00  -1.0556347e-01   3.1276020e-01
   9.2698494e+00  -3.3043946e+00   2.3687139e-02   2.2131469e+00   6.7030968e+00   9.7720373e+00   1.3835778e+01   4.3490104e+00   1.2167277e+00   2.1931860e+00   4.2212840e-01   2.6938828e-01   6.4075964e-01  -1.0427062e+00  -1.6384399e+00  -1.8723099e+00   8.5186409e-02   1.8081025e+00   3.8149234e+00   1.7136165e+00   9.1920607e-01   2.2106561e+00  -5.1715749e-02   2.6007995e-01
   9.7473758e+00  -3.2651962e+00  -5.1877245e-01   1.9204081e+00   4.5014635e+00   8.9817072e+00   1.7202775e+01   5.3019546e+00   1.5642439e+00   3.2910475e+00  -1.5228029e-01   2.4534679e-01   1.3728727e+00  -5.4752725e-02  -1.1882092e+00  -1.4688542e+00  -3.2892527e+00  -4.1166743e-01   8.4941568e-01   1.2049629e+00  -5.2373794e-02   1.6081197e+00   8.3467619e-02   1.3396172e-01
   9.7857502e+00  -4.2488912e+00  -4.0133607e-01   1.4908549e+00   3.7375733e+00   9.8856828e+00   1.6089775e+01   6.1159189e+00   1.5290090e+00   3.2215577e+00   4.2998100e-01   2.8780163e-01   6.8467181e-01   7.8545066e-01  -3.5142456e-02  -2.4145188e+00  -2.4870211e+00   2.0204768e+00   9.5745478e-02   1.3813176e+00  -5.3322516e-01  -2.4715669e-01  -1.7932614e-02   7.0649436e-02
   1.0074130e+01  -3.3132732e+00  -1.0510461e+00   9.4496334e-01   2.7002345e+00   1.0933201e+01   1.6710300e+01   7.1739108e+00   1.0078795e+00   3.0942401e+00   2.9717859e-01   2.4786557e-01   7.6437952e-01   1.3026780e+00   4.7691336e-01  -2.9495203e+00  -1.8863860e+00   3.2974110e+00  -8.7006178e-01  -3.6309599e-02  -3.1056299e-01  -5.0941575e-01   3.1080546e-01  -1.7650309e-01
   1.0133480e+01  -2.1021801e+00   2.3711030e-01  -9.2090900e-01   3.8731797e+00   1.1827006e+01   1.4225634e+01   5.4850088e+00   6.9507211e-01   1.9208547e+00   1.7050004e-01   3.7410304e-01   5.2901331e-01   2.2572165e+00   5.0392738e-01  -2.4204970e+00  -2.4162662e+00   2.2094494e+00   1.4965763e+00  -6.7728636e-01  -7.1658476e-01   6.5320629e-02   6.6208389e-02  -2.3628659e-01
   1.0720080e+01  -2.3845348e+00  -1.2262560e-01  -1.2979903e+00   1.6040814e+00   1.2957162e+01   1.6829753e+01   5.5629453e+00   1.5153678e+00   3.1772754e+00   4.4366838e-01  -6.2558550e-02   7.3576649e-02   1.7507406e+00   1.0575521e+00  -1.3855025e+00  -3.1746298e+00   7.2886160e-01   3.5326846e+00  -7.1939880e-01  -1.2659289e-01   4.2815239e-02   1.0581823e-01  -1.0319606e-01
   1.0256295e+01  -1.3274356e+00  -1.0965527e-01  -1.0184138e+00   6.6125057e-01   1.2187876e+01   1.8274913e+01   5.9054721e+00   2.0038767e-01   3.2780210e+00   4.5604869e-01   8.8583809e-02  -4.2553167e-01   1.2183183e+00   1.0537271e-01  -9.1164836e-01  -2.3100053e+00   7.4129305e-01   4.6307835e+00   9.6152499e-01   7.1895457e-01  -2.0124297e-02   1.3788052e-02  -9.9120095e-02
   1.0123088e+01  -1.0745345e+00   7.0866477e-01  -1.0845380e+00  -4.5574565e-01   1.1846058e+01   1.9984687e+01   5.8845810e+00   1.0653324e+00   2.4798798e+00   3.1313161e-01   2.3583111e-01  -4.4733989e-01   1.5935364e+00   5.1979634e-01  -1.2214031e+00  -1.6473061e+00   1.5747761e+00   2.3520282e+00  -7.6483380e-01   2.3074443e-01  -9.1061347e-01  -2.8375842e-01   9.5956793e-02
   9.7936788e+00  -9.2970283e-01  -2.0475820e-02  -2.3951077e+00   1.4380853e+00   1.3494497e+01   1.9594342e+01   6.7664784e+00   1.9985217e+00   2.2393661e+00   2.5645050e-01   7.6228072e-02   1.8732278e-01   8.1781407e-02  -6.5655894e-01  -6.4713753e-01  -8.8729692e-01   2.4742724e+00   8.0761399e-01  -1.1978501e+00   1.5202130e+00   1.6682320e-02  -2.4414688e-01  -1.1882465e-01
   1.0280379e+01  -1.9309663e-01   6.1247919e-01  -2.4417480e+00  -1.2552951e+00   1.4666016e+01   1.9698080e+01   3.9851914e+00   9.6241745e-01   2.3306827e+00   1.1782984e-01   8.7554509e-02   8.5495534e-01  -3.0829830e-01  -4.8419461e-01  -4.3210723e-01  -1.8504595e+00   2.0507459e+00  -3.9195374e-01  -1.5211559e+00   4.1728106e-01   7.2044494e-01  -3.4732648e-02  -2.0353004e-01
   1.0458634e+01  -1.6454825e+00  -1.0464009e+00  -1.3105151e+00  -2.6992008e-01   1.4489306e+01   1.9629637e+01   5.0583918e+00   2.5321647e+00   3.3776431e+00   1.8747925e-01  -1.5514864e-02   1.0455859e+00  -9.2908190e-01   4.1865100e-01   4.4587237e-01  -2.9726679e+00   7.4878755e-01   9.2474995e-01  -7.7613078e-01  -3.2853206e-01   5.6345222e-01   2.7452719e-01  -1.0728683e-01
   1.1073043e+01  -1.1790921e+00   4.9533539e-01  -2.2749952e+00  -2.3774322e+00   1.4424773e+01   1.9379109e+01   4.4568904e+00   1.4244325e+00   2.9914087e+00   2.9551826e-01  -2.3592484e-02   1.0806677e+00  -9.7701939e-01   1.3977409e+00  -2.7765814e-01  -1.0833733e+00  -1.7978960e-01   1.2839323e+00   6.9676497e-01  -1.4716654e+00   1.4560180e-01   3.5134775e-01  -1.0375407e-01
   1.0965725e+01  -1.8303279e+00   6.6607258e-01  -1.8096756e+00  -2.4598480e+00   1.4738300e+01   2.1140952e+01   5.3664328e+00   1.2747161e+00   2.7541814e+00   5.7939706e-01  -2.9128670e-02   6.2972117e-01   3.2346129e-01   2.6321783e+00  -7.1314577e-01  -1.3194735e+00  -1.0347288e-01   1.6926152e+00   5.6656576e-01  -3.6797312e+00   1.9031551e-01   3.1551820e-01  -1.8997814e-02
   1.1647834e+01  -1.5662030e+00   1.8528537e+00  -2.6086550e+00  -1.7853912e+00   1.4271834e+01   2.0868321e+01   4.8763184e+00  -6.1635629e-01   2.8608162e+00   4.4889256e-01  -6.1269686e-02   1.2716951e-01  -2.6347609e-01   8.7865011e-01   1.2679697e-01   1.2981064e+00  -1.0050871e+00   1.1785953e-01   1.4800592e+00  -2.5561029e+00   1.2953387e+00   1.0074817e-01  -8.5928957e-03
   1.1115820e+01  -9.6673510e-01   2.2231074e+00  -2.2134038e+00  -2.5451508e+00   1.4410566e+01   2.1423954e+01   5.6985264e+00  -1.9670377e+00   3.7284126e+00   5.8406940e-01  -2.5172984e-02   7.0325410e-02  -1.6941376e-01  -2.0022394e-01  -3.0633436e-01   1.5843691e+00  -1.3822134e+00  -8.2144470e-01   1.3765077e+00  -1.6372096e+00   1.9016086e+00   4.6028173e-02   1.7208238e-02
   1.1188750e+01  -2.0061027e+00   1.0347931e+00  -1.8829356e+00  -3.8762120e-01   1.3081009e+01   1.9414398e+01   6.5109324e+00  -7.8884493e-01   4.4473012e+00   4.4430435e-01  -3.8459671e-02   8.6771274e-01  -1.2038628e+00  -1.9547028e+00   4.8538485e-01   1.6510377e+00  -3.7374309e+00  -4.6704396e+00  -2.4362581e-01   2.2724766e+00   8.8557044e-01  -3.4213125e-01   4.7318448e-02
   1.1300756e+01  -1.8644987e+00   7.7476697e-01  -2.6320368e+00  -7.8217934e-01   1.3260393e+01   2.0635747e+01   6.6138873e+00  -1.0948541e+00   4.8133517e+00   6.5073343e-01  -1.4721322e-02   1.4089798e+00  -1.2188293e+00  -1.4086491e+00   2.3432167e-01   2.8729287e-01  -2.8365286e+00  -2.7936796e+00  -6.9674601e-01   3.4709541e+00  -8.6088343e-01  -3.4256039e-01  -1.0364610e-01
   1.2856936e+01  -2.9231154e+00  -3.5503024e-01  -1.6712612e+00  -1.9032038e-01   9.2407743e+00   1.4256765e+01   4.0531992e+00   2.3562668e+00   3.6467023e+00  -9.7636325e-02   4.4821555e-03   1.2070708e+00  -5.1786462e-01   3.7507947e-01  -2.2365896e-01  -2.4465797e+00  -9.2292457e-01   4.5120351e-01  -5.8919027e-01   2.1389886e+00  -1.8480253e+00   1.1216827e-01  -2.3716291e-02
   1.2395197e+01  -2.3364727e+00   8.0504551e-01  -1.9677585e+00  -2.2128619e+00   1.2075890e+01   1.9812251e+01   5.8822740e+00   1.6668376e+00   2.8373869e+00   3.4119915e-01  -2.0211305e-01  -7.7789047e-01   7.7364060e-01   1.1649409e+00  -2.2347800e-01  -2.5785646e+00   1.0153203e+00  -3.0871741e-01  -2.5323239e-01   2.1642340e+00  -2.5634838e+00   6.4722350e-01   1.2442844e-01
   1.2452136e+01  -2.5469126e+00   1.5822731e+00  -2.5505632e+00  -3.3421494e+00   1.2288874e+01   2.0502951e+01   5.9929536e+00   1.0387922e+00   2.6632456e+00   7.6732390e-01   1.9661756e-02  -1.6480775e+00   7.5912593e-01   2.0740470e+00   2.5190832e-02  -2.0494458e+00   2.1787676e+00   1.2574560e+00   1.2298889e+00  -4.5549803e-01  -1.2289998e+00   1.4832172e+00   2.4502813e-01
   1.0336320e+01  -8.9213919e-01   1.5535267e+00  -2.5276028e+00  -3.0741117e+00   1.3259324e+01   1.7049578e+01   5.2641615e+00   2.8102343e+00   1.4598544e+00   1.1890886e+00   1.6433154e-01  -1.3020512e+00   1.5304206e+00   2.1683531e+00  -4.4034960e-01  -1.4875509e+00   5.5546735e-01  -1.1588385e-01   4.5311168e-01  -1.6271483e+00  -9.3011948e-01   1.5733441e+00   4.6783490e-01
   1.1414258e+01  -2.5065933e+00   2.3817996e+00  -1.3535528e+00  -2.8338642e+00   1.1917209e+01   1.7524285e+01   6.2070888e+00   1.1013214e+00   2.4919688e+00   1.7032448e+00   1.8880206e-01  -5.4346712e-01   1.3883069e+00   1.8029455e+00  -3.4732101e-01  -8.5296973e-01  -2.2597545e-01   9.1396369e-01   1.5743758e+00  -1.7378311e+00  -7.5306703e-01   1.1945885e+00   2.7826407e-01
   1.0961059e+01  -6.1001458e-02   3.6578118e+00  -3.2267881e+00  -4.6983308e+00   1.3094924e+01   2.1127758e+01   6.4548739e+00  -8.0514951e-01   1.5278460e+00   2.2332549e+00   4.1506915e-01   9.2940331e-01   1.1272685e+00   3.1401995e-01  -3.4851151e-01  -4.4900532e-01  -1.4878741e+00   2.6212971e+00   1.9091612e+00  -2.1971359e+00  -2.5610853e-01   5.7265072e-01   1.1656905e-01
   1.1324565e+01  -8.8002114e-01   3.2345488e+00  -2.7219521e+00  -3.8094945e+00   1.2032110e+01   1.9834807e+01   7.7591611e+00   2.3973740e-01   1.4996492e+00   2.0371235e+00   3.1168905e-01   5.6067499e-01   2.1776462e+00  -1.0176786e+00  -1.0927068e+00   6.7899862e-01  -1.0895381e+00   1.4656590e+00   2.6719399e+00  -1.2177715e+00  -7.7147501e-01   2.5175955e-01  -1.3935739e-01
   1.1775271e+01  -1.4522548e-02   1.5981821e+00  -2.3661704e+00  -3.2598046e+00   1.0970062e+01   1.9826263e+01   7.3518671e+00  -5.4677507e-02   1.5718514e+00   1.8811253e+00   2.7774162e-01   4.8777128e-01   1.2684846e+00  -1.1536079e+00  -1.2553542e+00   2.6764928e+00  -1.3668479e+00   1.8671205e-01   1.9328390e+00  -6.6742418e-01  -2.3629230e-01   1.2588283e-01  -2.9977241e-01
   1.1848164e+01   7.3663661e-01   1.8850966e+00  -3.4229218e+00  -2.5346294e+00   1.1345333e+01   2.0373521e+01   9.7665020e+00  -1.1005719e+00   1.3127536e+00   2.2569489e+00   4.8429740e-02  -3.6905362e-01   1.6042477e+00  -4.3586906e-01  -1.3200634e+00   4.3900444e+00  -2.5644110e-01   4.5866262e-01   7.2474578e-01  -6.2239455e-01   9.4341518e-02   1.1438094e-01  -2.3553658e-01
   1.1430916e+01   1.0333966e+00   2.6021260e+00  -4.7593345e+00  -1.3210241e+00   1.1388040e+01   2.1138469e+01   8.3504620e+00  -1.1361312e+00   1.2668554e+00   2.3121664e+00   9.7040186e-02  -8.6313194e-01   5.9144402e-01   1.4536685e+00  -1.1868702e+00   3.9935937e+00   7.9419359e-01   1.5885306e-01  -4.3612880e-01   7.7935578e-01   5.5774775e-01  -5.5062979e-01  -8.8348024e-02
   1.0943162e+01   1.0023908e+00   2.0787732e+00  -3.5054651e+00   1.8061820e+00   1.1438459e+01   1.9866698e+01   8.3469824e+00  -1.5312760e-01   1.7936595e+00   1.9931743e+00   4.8734891e-02  -4.7561828e-01  -2.0795240e-01   1.2332835e+00  -2.7169593e-01   2.4658192e+00   1.1249821e+00  -4.3819867e-01  -1.6630106e+00   1.9643271e+00   6.2281923e-01  -8.9916663e-01   8.7425642e-02
   1.0933074e+01   7.3976638e-01   3.6818465e+00  -4.1052040e+00   5.6018029e-01   1.2114789e+01   2.0317954e+01   7.4074337e+00   6.4063404e-01   2.1680201e+00   1.1870680e+00   1.4506701e-01  -1.8096828e-01  -7.2884012e-01   3.6422254e-02   8.6433656e-01  -5.1921963e-01   2.9012557e+00   4.3014368e-01   1.8210232e-01   2.0500543e+00   4.4951744e-01  -8.1755290e-01  -2.6809101e-02
   1.1383658e+01   5.7152312e-01   3.1951616e+00  -4.1575309e+00   2.2349718e-01   1.2669432e+01   2.0126480e+01   7.7435003e+00   9.5753612e-01   1.7964001e+00   1.4707482e+00   1.5555479e-01  -4.0989079e-02  -1.4056570e+00  -1.5872335e+00   2.0295624e+00  -1.7968298e+00   2.0069003e+00   1.4307990e+00   5.1079336e-01   2.3403738e+00  -7.2388069e-02  -5.2406508e-01  -2.2416079e-01
   1.0939216e+01   1.5557027e-01   2.0985652e+00  -3.1367968e+00  -1.3085112e+00   1.5124438e+01   2.1653793e+01   8.9253565e+00   1.3836185e+00   1.9397612e+00   1.3470501e+00   3.4165833e-03  -1.9066319e-01  -1.8046732e-01  -2.3534902e+00   2.2663742e+00  -1.4590185e+00   1.9870013e-01   1.9703021e+00  -3.2449232e-02   1.3298657e+00  -4.4662282e-01  -3.4298636e-02  -2.9483795e-01
   1.0878608e+01  -8.1399666e-01   4.8956354e-01  -9.4532513e-01   4.5283075e-02   1.2943985e+01   2.1344977e+01   8.3542110e+00   2.9859409e+00   1.7992068e+00   1.1270856e+00  -2.1668109e-01  -3.1133276e-01   3.7231204e-01  -1.3196003e+00   1.8654116e+00  -9.2550537e-01  -1.8423572e+00   1.7415674e+00  -1.6807278e+00   9.8037296e-01  -4.6422355e-01  -1.0097972e-01  -1.2731661e-01
   1.0899605e+01   1.1618253e+00   1.5044102e+00  -2.3117456e+00  -1.5392404e+00   1.2275562e+01   2.2664159e+01   7.0534045e+00   1.6212302e+00   1.4966825e+00   1.3074513e+00  -1.1107198e-01  -2.7804387e-01   9.1681495e-01   1.5741247e-01  -3.1558272e-02   4.5884085e-01  -2.0338998e+00   4.0969874e-01  -2.2650105e+00  -4.8945868e-02  -6.2041365e-01   1.6565906e-01   1.0594588e-01
   1.0936465e+01   6.2686368e-01   1.5128386e+00  -1.7719390e+00  -1.0493963e+00   1.1330334e+01   2.2233648e+01   6.1583846e+00   2.3092897e+00   1.3216042e+00   1.3390780e+00   2.1824166e-02  -4.5883080e-01   7.9392330e-01   1.1058421e+00  -1.4241866e+00   2.4968917e-02   6.1624194e-01   1.9573253e-02  -8.7311691e-01  -6.7949188e-01  -3.1149520e-01   5.9722974e-01   2.4588864e-01
   1.0493222e+01   8.1036253e-01   1.8230464e+00  -2.7708272e+00  -7.2910216e-02   1.2880414e+01   2.1824005e+01   6.6257539e+00   1.6485253e+00   1.2479421e+00   1.4895425e+00   4.3082780e-02  -2.1512437e-01   1.6532745e-01   1.1105005e+00  -7.3527002e-01   7.0134356e-02   1.3928569e+00  -2.4595442e+00  -4.5780620e-01  -6.1895052e-01   1.0205500e-01   2.3195885e-01   9.7190496e-02
   1.0393553e+01   5.5261967e-01   1.9890085e+00  -2.8520642e+00  -6.5042864e-01   1.3565923e+01   2.1794414e+01   7.2583609e+00   1.9530555e+00   1.4563342e+00   1.9318846e+00   7.5074485e-02   2.3496900e-01   7.1247169e-01   9.6954326e-01  -9.9438050e-01  -7.3073105e-01   1.9780170e+00  -3.3373526e+00   3.8611789e-01  -1.4620266e+00   2.8095063e-01   5.4898069e-02  -1.1803391e-03
   1.0848374e+01   1.4469385e+00   2.9320760e+00  -2.8745880e+00  -1.6335227e+00   1.3247053e+01   1.9194460e+01   5.8167070e+00   8.7092149e-01   1.5824000e+00   1.3589863e+00   8.0886019e-03   7.4967386e-01   5.0152914e-01   9.5722186e-02   1.6644649e-01  -1.1952119e+00   1.6869302e+00  -8.3898404e-01   6.8874177e-02  -2.0912844e+00   3.7799102e-01  -8.8917638e-02  -1.6300414e-02
   1.1111342e+01   1.3772833e+00   2.4126387e+00  -3.2116294e+00  -1.3651866e+00   1.4114040e+01   1.8542392e+01   7.1420849e+00   5.0505173e-01   1.5758012e+00   1.4867033e+00   3.7550746e-02   4.5613424e-01   7.1498477e-02  -5.6825194e-01  -3.8909300e-01  -8.3142907e-01   1.8580143e+00   4.2170152e-01   8.0453344e-01  -1.7572551e+00   7.7874728e-01   1.7209370e-01   1.2781871e-01
   1.1258838e+01   1.1503245e+00   1.7548146e+00  -2.3413749e+00  -1.5083492e+00   1.5136751e+01   2.2191540e+01   6.7872032e+00  -7.6439950e-01   1.7551952e+00   1.5787567e+00   3.7394029e-02   3.2105663e-01  -5.6939511e-01  -1.3904842e+00   2.9903664e-01   3.6605088e-01  -4.5639259e-01   2.1597759e+00   8.1610756e-01  -9.6871231e-01   1.2455586e+00   3.6830674e-01  -2.2819452e-02
   1.0872522e+01   8.0817440e-01   1.7252613e+00  -3.7023103e+00  -1.9601590e+00   1.5408095e+01   2.0928426e+01   7.9799130e+00   1.3483332e-01   2.5380576e+00   2.0801399e+00   2.5214983e-01   1.9543276e-01  -2.1895979e-01  -2.7578039e-01  -3.1721186e-03   7.2507130e-01  -1.9493839e+00   2.6203787e+00   4.0571020e-01  -1.0682589e+00   1.3470124e+00   2.2176733e-01  -7.6278313e-02
   1.1449369e+01   8.7740023e-01   1.1900385e+00  -2.1806926e+00  -7.8696015e-01   1.1915437e+01   2.1241107e+01   6.6219543e+00  -3.9703777e-01   2.9696096e+00   1.6147280e+00  -1.3344012e-01   5.2947583e-01   7.9975919e-02   2.6311950e-01  -1.2125250e-02   1.3521864e+00  -2.9333926e+00   5.8781319e-01   1.0764751e+00  -6.7586595e-01   6.0098380e-01   3.2609060e-02  -1.3284511e-01
   1.1309226e+01   1.1853057e+00   2.2813562e+00  -3.2967287e+00  -6.3827416e-01   1.2800621e+01   2.2948177e+01   7.8332746e+00  -1.2810175e+00   2.9891126e+00   1.8013686e+00   8.5503498e-03   1.1546177e+00   1.3142199e+00   6.3130161e-01  -1.6778761e-01   7.5886620e-01  -2.8631275e+00   5.2273701e-02   1.2693367e-01  -1.3204647e+00  -9.9181582e-01  -6.3790076e-03  -9.8814075e-02
   1.1834700e+01   1.0817227e+00   1.8714465e+00  -2.5623536e+00  -1.4101202e-01   1.2040399e+01   2.2063385e+01   8.4752350e+00  -1.0702730e+00   2.4311434e+00   1.7670560e+00  -4.0073899e-02   5.6664309e-01   1.1672014e+00   1.3149835e+00  -3.1626182e-01  -7.1346046e-01  -1.1447823e+00   1.3970765e-01   1.7062259e+00   2.1745877e-01  -8.0794523e-01  -4.0900474e-01  -9.2971114e-02
   1.2411783e+01   2.6773430e+00   2.3315098e+00  -3.7631612e+00  -1.1448338e+00   1.1050923e+01   2.0595698e+01   7.2436731e+00  -1.5092462e+00   1.3195670e+00   1.9944075e+00   5.7245609e-02   6.3281507e-01   1.2792011e-01   3.6615138e-01   1.0994181e+00  -3.0402590e-01  -2.2130668e+00  -1.8981154e+00   2.5443588e-01   1.0766353e+00   9.1548932e-02  -9.2988817e-01  -3.5297154e-01
   1.1748055e+01   1.8821836e+00   3.1374369e+00  -2.4218691e+00  -1.6038710e+00   1.1073112e+01   2.2626908e+01   9.4760939e+00   4.3264748e-02   2.5924646e+00   9.0470149e-01  -2.9724442e-01   6.6963306e-01   3.1048962e-01   8.8009813e-01  -5.5349186e-01  -2.6626538e+00  -5.9411199e-01  -1.6348413e+00   5.0101742e-01   6.9642735e-01   8.6333797e-01  -9.1456606e-01  -2.4514096e-01
   1.2301771e+01   9.7695539e-01   2.1975880e+00  -1.7178438e+00  -3.6288350e-01   9.9646641e+00   1.9819242e+01   7.7144990e+00  -2.2283346e-01   3.0457754e+00   8.3771360e-01  -3.9232170e-01   9.8042663e-02  -5.5708200e-01  -1.4328803e-01  -5.4868948e-01  -1.3649327e+00   1.5206166e+00  -2.7546083e+00   1.7842700e+00   2.4369191e+00   1.0003136e+00  -1.2839899e+00  -1.2233029e-01
   1.2894156e+01   2.3976509e+00   3.2585545e+00  -4.4152500e+00  -4.5259678e+00   1.1692360e+01   1.9999351e+01   8.9913482e+00  -6.6883836e-01   2.8630461e+00   9.7355381e-01  -1.8300168e-01   2.9498187e-01   4.1316095e-01  -7.4374685e-01  -1.4071789e+00  -9.1043405e-01   2.2538185e+00  -2.5758843e+00   7.4749852e-01   2.6839885e+00  -4.3044813e-02  -7.7243670e-01   3.0043332e-01
   1.1985797e+01   1.5839863e+00   2.0560189e+00  -3.5895050e+00  -1.7311845e+00   1.3022223e+01   1.7777564e+01   1.0162451e+01   2.5021840e+00   2.6847466e+00   3.3996521e-02  -1.8337119e-01  -4.1776684e-02   2.9361251e-01  -1.4308261e+00   8.4809833e-01   9.2907361e-01   1.6129210e+00  -1.9011221e+00  -3.6142027e-01   2.8449925e+00  -4.6438557e-01  -1.0122813e+00   1.3396257e-01
   1.2348515e+01   2.1984096e+00   2.0926012e+00  -3.5968068e+00  -2.2853716e+00   1.2925060e+01   1.9783920e+01   9.3733657e+00   2.7067387e+00   2.7084118e+00   1.4790498e-01   4.8930308e-02   4.5021689e-01  -1.0368646e+00  -1.7061334e+00   2.2462102e+00   2.5322831e+00   2.2785534e-02  -2.1087158e+00  -3.3192992e-01   2.5410118e+00  -6.1393251e-02  -9.1345226e-01  -8.7873541e-02
   1.2511926e+01   1.5169948e+00   6.3432557e-01  -8.5491792e-01  -8.9571177e-02   1.1767696e+01   1.7075274e+01   6.9813598e+00   2.3568668e+00   2.4265142e+00  -2.6788389e-01  -3.0734384e-01   1.2442559e+00  -1.2884388e-01   3.6105013e-01   8.5644288e-03  -1.2141031e+00   1.5231155e+00   2.0004275e-01   1.2598255e+00  -6.1290255e-01  -3.9612904e-01   4.5420692e-01  -7.4519460e-02
   1.3306416e+01   8.7584978e-01   1.4102011e+00  -2.4132283e+00  -1.5483498e+00   1.2353803e+01   1.7187422e+01   1.0083999e+01   3.2153380e+00   2.9000725e+00  -2.4568438e-01  -2.5282567e-01  -1.1553248e+00  -5.8995068e-01  -8.7953483e-01   7.4574051e-01   7.3771432e-01  -8.6737751e-02  -2.4703678e+00   1.7666037e+00   2.7066144e-01  -2.1107734e-01   1.3136134e+00  -2.3992453e-02
   1.3373230e+01   2.0520004e+00   2.9387941e+00  -4.1684476e+00  -3.9208501e+00   1.5592525e+01   1.9375877e+01   1.1696873e+01   1.3285306e+00   1.9947227e+00   9.1210158e-01  -1.4427239e-01  -6.3225014e-01   8.5680263e-01   1.4914199e+00  -1.5541743e+00  -2.7412271e+00  -5.1065455e-02  -1.3771173e+00   1.7475115e+00  -7.5197990e-01  -1.0059376e+00   1.6281375e+00   3.2061823e-02
   1.0184876e+01   1.0459808e+00  -3.7893535e-01  -8.2143123e-01   7.3683933e-01   1.0882539e+01   1.4928067e+01   9.6655149e+00   3.6268990e+00   2.6076915e+00   1.5283323e+00  -6.8594096e-02  -3.2395400e-01   1.5791891e+00   1.8599021e+00  -2.7291977e+00  -2.2501865e+00  -1.8371877e-01   6.9944572e-01  -5.6861251e-01  -8.4455870e-01  -8.2233729e-01   1.3956744e+00   2.4193836e-02
   1.3124321e+01   2.7171333e+00   3.7660237e+00  -3.9820778e+00  -5.3440064e+00   1.2426730e+01   1.6139275e+01   9.8118691e+00   1.0231164e+00   1.0637982e+00   1.2873141e+00  -3.5136689e-01   2.0146903e+00   1.1405415e-01   1.6883712e+00  -2.6378134e+00  -1.5677622e+00  -2.5210375e+00  -2.6866322e+00  -3.7365544e+00  -1.1419760e+00   3.2910513e-01   5.0416993e-01  -1.2297679e-02
   1.2944939e+01   2.9120669e+00   3.7864394e+00  -6.6002097e+00  -4.2120514e+00   1.3661122e+01   1.9854891e+01   1.0173582e+01   2.1012070e+00   2.1320288e+00   1.6602211e+00  -1.1298767e-01   3.1458034e+00   6.9567486e-01   1.3796845e+00  -3.2169647e+00  -2.3701694e+00  -9.5270108e-01  -2.1335939e-01  -3.4242995e+00  -1.9805301e+00   1.0148385e-02  -1.6537064e-01   1.4796234e-01
   1.5015234e+01   1.2900385e+00   3.3886635e+00  -5.2357785e+00  -3.7980480e+00   1.0421677e+01   1.2882517e+01   5.8380074e+00   3.7841250e-01   2.7262117e+00   1.6024121e+00  -1.4052213e-01   1.8321452e-01  -7.8298151e-01  -1.6183537e+00  -8.8943930e-01   1.2616269e+00   8.8046292e-01   2.3642386e+00  -1.5901267e+00   2.5032063e-01   1.1405847e+00   4.2879319e-02   2.1674419e-01
   1.3958125e+01   2.8030404e+00   1.8792715e+00  -5.0200280e+00  -3.5913939e+00   1.0456013e+01   1.6236407e+01   6.5159965e+00   9.7845579e-01   1.7917073e+00   1.1227273e+00   4.7927028e-02  -1.8642948e+00  -1.5396152e+00  -3.1431479e+00   3.1509760e+00   2.7364839e+00  -1.6087779e+00  -2.2388777e+00  -6.9398562e-01   1.2642824e+00   8.9199709e-01  -2.8029665e-01   3.5191777e-02
   1.2892550e+01   1.5971743e+00   2.2920771e+00  -6.1063277e+00  -3.7618947e+00   1.5349979e+01   2.1494875e+01   9.2554718e+00   1.9599729e+00   2.9448359e+00   1.6203799e+00  -1.0670795e-01  -1.9227420e+00  -8.1384907e-01  -2.4177857e+00   3.2450902e+00   2.3246984e+00  -1.7127736e+00  -3.5436994e+00  -4.1619283e-01   2.9391913e+00   3.0443888e-01  -1.6810404e-01   1.1412923e-01
   1.1209839e+01   4.4907627e-01  -3.7998920e-01  -1.4384712e+00  -1.2540225e-01   8.7838049e+00   1.2190396e+01   7.4238713e+00   3.2068504e+00   3.3607123e+00   1.2307922e+00  -7.7107088e-02   1.2734365e-01  -3.9434503e-01  -1.5541265e-01   1.5029088e+00   4.3522545e-01  -1.7639418e+00  -4.8091050e+00  -1.5004213e+00   2.9245417e-01  -4.0960960e-01   3.1111108e-01   3.8020682e-02
   1.3505264e+01   1.2462470e+00   8.9161531e-01  -2.1589216e+00  -2.0439962e+00   8.6886210e+00   9.5899737e+00   4.7597808e+00   3.6730022e+00   2.3983676e+00   1.2962236e+00   9.3188774e-02  -3.7847520e-01  -1.6498232e-02  -8.8656575e-01   8.3588291e-01   1.6574129e+00  -2.2761442e+00  -4.5666249e+00  -8.2568504e-01   5.9273602e-01  -5.0217882e-01   2.2855903e-01   1.4330285e-01
   1.3842784e+01   2.3869865e+00   2.3463834e+00  -4.7393678e+00  -3.7975050e+00   1.1140779e+01   1.4975201e+01   6.5132099e+00   5.6062241e-01   1.4505271e+00   1.7514721e+00   5.0096875e-03  -9.7526224e-01   1.8862255e-01  -9.6546896e-01  -2.5405378e-01   1.1465114e+00  -7.5097016e-01  -3.1774056e-01  -1.8194744e-01  -6.1876383e-01   1.7295242e-01   4.1665028e-01   2.6264319e-02
   1.1008365e+01   6.0347183e-01  -4.0095787e-01  -3.2020550e+00   5.6027607e-01   1.0757275e+01   1.3252535e+01   8.4722749e+00   4.1721910e+00   3.1466603e+00   1.7028785e+00   6.7187942e-02  -8.8555297e-01  -2.3257429e-01  -1.3712317e+00   6.2950644e-01  -6.9163183e-01  -2.6324487e-01   1.5254670e+00   1.1760160e+00  -1.2163520e+00   2.2989187e-01   1.5449653e-01  -2.0114120e-01
   1.0995395e+01   1.0533977e+00  -1.1819060e+00  -1.2979851e+00   2.9222864e-01   6.6230225e+00   9.8825040e+00   5.2947031e+00   2.0291103e+00   3.2459946e+00   1.6524401e+00  -2.4710192e-02   4.9353096e-01  -4.4335833e-01  -7.5266444e-01   1.4172553e+00  -3.5867054e+00   6.1805160e-01   2.4031164e+00   4.5627731e-01   2.5232269e-01  -1.4834843e-02  -3.8112052e-01  -1.4151450e-01
   1.3600629e+01   1.5641800e+00   5.9891251e-01  -2.9353532e+00  -5.1263108e+00   1.0552632e+01   1.4424523e+01   7.1330582e+00   1.1142303e+00   1.8454716e+00   1.5774844e+00  -1.9366308e-01   1.0959065e+00   1.5124894e-01   1.1582221e-01  -7.3133580e-01  -3.3491640e+00   7.6277223e-01   2.1787238e+00  -3.7956316e-01  -5.5649992e-02  -3.0682643e-01  -5.3424000e-01  -1.9732620e-01
   1.3286948e+01   1.2415949e+00   7.1745156e-01  -2.7468357e+00  -6.3342697e+00   1.2170178e+01   1.7993882e+01   7.8672342e+00   2.4680868e+00   2.0788692e+00   1.2424884e+00  -7.6836555e-02   1.3478787e+00  -8.0870430e-01  -1.0511681e-01  -2.5996073e+00  -2.0754480e+00   1.3788605e+00   2.0483775e+00   6.3733248e-01   1.3954410e+00   3.9071806e-01  -9.0142097e-02  -1.0431022e-01
   1.1506448e+01   7.3624662e-01  -1.1769034e+00  -3.5746334e+00  -1.1502207e+00   9.1278558e+00   1.2464932e+01   6.6166646e+00   3.8692277e+00   3.2699834e+00   1.1064944e+00  -2.0273818e-01  -1.7377039e-01  -7.7802228e-01  -5.2971628e-01  -2.3063386e+00   6.4966556e-01  -8.1747960e-01   7.5231324e-02   3.2466947e-01   4.4117318e-01   1.0467850e+00  -2.3985921e-02  -8.0032140e-02
   1.4064303e+01   2.5430794e-01  -4.5167334e-01  -4.8777559e+00  -4.8089884e+00   9.4037015e+00   1.3934865e+01   6.5088986e+00   2.7447731e+00   3.1198158e+00   1.7527220e+00  -1.7663798e-01   2.0036402e-01   6.7678623e-01  -1.9287435e-01  -3.2344656e+00  -4.9775978e-01  -2.6807476e-01  -8.5646183e-01   8.8498475e-02  -1.2554678e+00   1.3956436e+00   2.6140542e-01  -7.7003976e-02
   1.2951296e+01   8.9079006e-01   3.8890054e-01  -5.3294011e+00  -4.9144531e+00   1.0709651e+01   1.6566878e+01   8.2992302e+00   1.6376469e+00   2.8951758e+00   1.2863887e+00  -2.6381058e-01   1.5631555e-01   1.4049350e+00  -3.9410348e-01  -2.7942027e+00  -2.4122455e+00   1.5432954e+00   1.1917706e+00   4.5653822e-01  -1.5424883e+00   1.3395310e+00   5.3142113e-01  -7.1984307e-02
   1.2865070e+01   2.1795026e+00  -3.5476190e-01  -6.7211502e+00  -5.1987932e+00   1.0977168e+01   1.4658216e+01   7.1586991e+00   1.7006755e+00   4.3597383e+00   1.5446493e+00  -1.6180632e-01  -9.9239377e-01   1.3248794e+00  -1.2170078e+00  -2.2957532e+00  -7.7997976e-01   1.5633844e+00   2.4063064e-01   2.1244529e-01   5.4363699e-01   7.0799890e-01   1.6936999e-01   1.0710968e-02
   1.2340538e+01   1.8810519e+00  -1.8165143e+00  -6.8442404e+00  -4.5736866e+00   1.0656065e+01   1.3890913e+01   6.9765717e+00   2.0775441e+00   4.6593187e+00   2.0076624e+00  -3.1813047e-01   4.4261873e-01  -4.0482359e-01   4.6096458e-01  -1.9319207e+00  -3.9725574e+00   1.5753696e+00  -3.0155629e-01  -1.4865435e+00   1.6841085e+00  -8.9246098e-01   6.2287735e-01   2.0436284e-01
   1.2881091e+01   1.7464962e+00  -1.1744776e+00  -7.5639660e+00  -6.1493413e+00   1.1775571e+01   1.5633794e+01   7.4888959e+00   3.3402800e+00   3.2997427e+00   1.6461401e+00  -1.3341158e-01   4.1627146e-01  -2.5446283e+00   1.4676986e+00   5.8974057e-01  -3.4865321e+00   1.7870060e+00   1.1162042e+00  -1.3090949e+00   2.2673555e+00  -2.5409577e+00   1.8526490e-01   2.6132512e-01
   1.3607213e+01   5.0005786e-01   1.4902053e+00  -7.8058742e+00  -1.0398015e+01   1.2673504e+01   1.5626754e+01   5.9043165e+00   3.3440073e+00   2.0864822e+00   2.1699593e+00   2.8536311e-02  -1.5123794e-01  -1.3891802e+00   2.5237456e+00  -4.5881856e-01  -2.9786687e+00   1.8451472e+00   3.8289647e+00  -2.2331346e+00   6.2896543e-01  -2.5343611e+00   5.1285361e-01   5.0312011e-01
   1.2856140e+01  -9.4694285e-01   1.9342617e-01  -5.3557224e+00  -7.5164272e+00   1.2648958e+01   1.5464602e+01   5.7311843e+00   4.4684771e+00   1.8347201e+00   1.7413982e+00   5.6847975e-02  -1.5249187e+00   1.1363446e-01  -8.5611251e-01   1.5965180e+00   2.6647770e+00  -3.2593107e+00   3.2940521e-02  -2.1030609e+00  -5.8737318e-01  -3.9909155e-01  -3.0053946e-02   3.1729273e-01
   1.2126157e+01   1.1440011e+00   1.2851522e+00  -8.6365900e+00  -8.3581468e+00   1.2987093e+01   1.9718956e+01   4.5057255e+00   2.4568937e+00   1.5902883e+00   2.7293137e+00   3.4141993e-01  -1.2751812e+00   1.7772636e+00  -2.3818160e+00   1.4676078e+00   4.1082340e+00  -5.3733850e+00  -3.1148102e+00  -1.5862531e+00  -2.5492401e-02   2.2167115e-01  -6.4673440e-01  -1.3365524e-01
   1.1334242e+01   1.5949763e+00  -2.3561199e+00  -4.7538311e+00  -3.1721100e+00   6.7298105e+00   1.3637104e+01   5.0336001e+00   2.9027771e+00   2.9492023e+00   1.3213820e+00   1.8608571e-01  -5.5607445e-01   1.6430541e+00  -1.4792853e+00  -1.0812845e-01   2.0785993e+00  -3.1688444e+00  -2.0529060e+00   1.7564460e-01  -3.9851272e-02   7.2240413e-01  -6.5034258e-01  -3.6814686e-01
   1.2455391e+01   1.8949937e+00  -8.0774568e-01  -5.9054082e+00  -6.4078228e+00   7.5730004e+00   1.1868288e+01   3.8737290e+00   4.0886188e+00   1.8617478e+00   1.4098659e+00  -2.3656541e-01   5.6025046e-01   4.7498591e-01  -9.1060987e-02  -1.7078187e+00   1.2173641e+00  -1.0075068e+00  -3.3017902e+00  -2.4921072e-01   3.7597145e-01   8.9420450e-01  -8.5452970e-01  -3.0956184e-01
   1.1857411e+01   1.1421420e+00  -9.7905286e-01  -6.8835060e+00  -5.3736901e+00   1.0602738e+01   1.6310577e+01   6.3106495e+00   3.5928377e+00   2.7825966e+00   1.4256083e+00  -2.0637964e-01   6.8155709e-01  -7.5349238e-01   2.6052121e+00  -3.0376345e+00  -1.0030083e+00   1.9647125e+00   1.4107440e-01  -6.8576561e-01   4.7508921e-02   2.4045876e-01   2.0585395e-01  -1.2655090e-02
   1.2704948e+01   2.0828970e+00   4.6002724e-01  -1.0133481e+01  -5.4313106e+00   9.5393688e+00   1.3429534e+01   3.4933847e+00   2.6758206e+00   3.0148979e+00   1.3954060e+00   7.3309847e-02  -2.7142782e-01  -4.3041938e-01   2.0599928e+00  -2.1852969e+00   2.4640581e-01   1.3743275e+00   1.4737932e-01  -1.3922669e+00  -1.3933278e+00   6.9824018e-01   4.5287980e-01   2.4911153e-01
   1.2231799e+01   3.7078603e-01   9.1781177e-01  -7.1962466e+00  -5.1648786e+00   8.6936950e+00   1.3068092e+01   4.1951238e+00   3.6804396e+00   2.7333154e+00   1.6373928e+00   1.2165441e-02  -5.0656098e-01   9.2008507e-01   1.7123512e+00  -1.4601105e+00  -1.2181400e+00   9.7230892e-01  -1.4164794e+00  -2.5828476e+00  -1.6811372e+00   8.4811852e-02   1.0685245e+00   1.7641210e-01
   1.1861055e+01   1.6350426e+00   1.3338112e+00  -9.0269833e+00  -6.1426199e+00   1.0589013e+01   1.3710599e+01   2.8430914e+00   1.9548262e+00   2.9337486e+00   1.9832933e+00   2.7829341e-02  -8.9822291e-01   9.1534876e-01  -6.7150919e-01  -1.4892676e-01  -1.5451824e-01   1.6753295e+00  -1.9345594e-01   9.3509689e-01  -1.6436055e-01  -1.0083035e+00   8.0225846e-01   1.8688832e-01
   1.1519516e+01   2.7461968e+00   1.1525819e+00  -9.6269204e+00  -6.8452455e+00   1.1536379e+01   1.4045325e+01   2.7615248e+00   1.4316292e+00   2.9503890e+00   2.7344514e+00   8.0978756e-02  -9.2249151e-02   1.3094121e+00  -1.6884433e+00  -1.7572099e+00   3.4422083e-01   1.4762908e+00   6.4528850e-02   1.4733296e+00  -3.6691731e-01  -1.4032790e+00   5.2998152e-01   2.0775924e-01
   1.1713755e+01   2.2682148e+00  -6.6462161e-01  -9.1415339e+00  -4.8229045e+00   1.0631021e+01   1.2650734e+01   5.6128296e+00   3.5536849e+00   1.3939058e+00   2.0502644e+00   3.1923567e-01   6.1353979e-01   1.7849253e-02  -1.7198651e+00  -9.4892545e-01   1.7808254e+00  -4.4734702e-01  -1.0141090e+00   1.7100924e+00   4.8437024e-01  -1.6930281e+00   1.5080773e-02   6.5778901e-02
   1.2167075e+01   2.0183181e+00  -6.1563683e-01  -9.7747862e+00  -5.3084050e+00   1.0887127e+01   1.3694818e+01   5.0202491e+00   2.3306342e+00   1.3983183e+00   2.3988795e+00   1.7810114e-01   9.7228081e-02  -7.5660408e-01  -1.0123719e+00  -2.0225099e-01   2.8102623e+00  -1.3111796e+00  -2.6206044e+00   3.1263822e-01   5.6745923e-01  -1.0431304e+00  -8.4107785e-01   3.4286646e-02
   1.2457585e+01   2.0257559e+00  -3.6187714e-01  -1.0376439e+01  -4.2398020e+00   1.0242618e+01   1.2364689e+01   4.2788679e+00   2.2318790e+00   1.1702418e+00   2.1737004e+00   7.7936499e-02  -9.5628375e-01  -6.5617343e-02  -1.4816896e-01   2.6058228e+00   3.7333485e+00  -3.6091926e+00  -4.2887052e+00  -1.5579160e+00   2.4333564e-01   1.0493700e-01  -7.7425924e-01  -1.4751191e-01
   1.1293443e+01   1.7325202e+00  -5.1734821e-01  -9.3128445e+00  -2.9214033e+00   9.7638110e+00   1.0257441e+01   3.8974630e+00   2.9437210e+00   1.4975255e+00   1.4111167e+00   2.5305831e-01  -1.3880475e+00   8.3252853e-01   9.2799403e-01   2.7524492e+00   3.2060393e+00  -2.8727050e+00  -4.2794302e+00  -1.7667749e+00   1.2466812e+00   5.0144485e-01  -8.5357408e-01  -2.9639497e-03
   1.0716145e+01   2.3126877e+00  -9.3601936e-01  -5.4637705e+00  -4.1638266e-01   5.7788902e+00   7.9363646e+00   3.8373486e+00   3.6121450e+00   1.5017078e+00   1.3827570e+00   6.0489223e-02  -5.1036615e-01   1.3891499e+00   1.1154052e+00   2.0475519e+00  -1.0293491e+00   5.7201215e-01  -5.1079643e-01  -1.6564957e+00   9.2734942e-01  -8.7435556e-02  -2.7898728e-01   2.2363435e-01
   1.0955724e+01   3.1236450e+00   1.0634253e+00  -8.1024464e+00  -2.4110557e+00   8.8099336e+00   9.4898351e+00   2.5908464e+00   3.5105230e+00   1.9847526e+00   1.5139901e+00   1.8237885e-01   6.2425285e-01   1.3840299e+00   8.8521691e-01   6.5289180e-01  -4.1753072e+00   2.7799394e+00   2.3692313e+00  -1.7681032e+00   9.6407099e-02  -4.1224800e-03   2.5079738e-01   1.8444692e-01
   1.1860895e+01   3.4139184e+00   5.2084390e-01  -7.9103098e+00  -6.0389995e+00   1.1577575e+01   1.1982297e+01   2.4474326e+00   3.3395021e+00   7.9547492e-01   1.7037828e+00   4.4872775e-01   1.2773597e+00   8.7351689e-01   1.9347779e-01  -5.7780187e-01  -5.5624192e+00   3.4616398e+00   3.2175755e+00  -4.3102943e-01  -1.0881815e+00   2.2461267e-01   4.1520988e-01   2.8634570e-01
   1.1657447e+01   3.2579497e+00   8.2045527e-02  -7.1102372e+00  -6.3730558e+00   1.1034378e+01   1.1788321e+01   1.9402662e+00   3.2246531e+00   1.8444582e+00   1.6267998e+00   3.3560943e-01   5.1951199e-01   3.4961518e-01   1.1904402e+00   1.4910045e+00  -3.3185627e+00  -3.5519586e-01   6.9256099e-01   4.7321184e-01  -1.7853594e+00   6.4152776e-01  -5.9670687e-01  -1.4949608e-01
   1.2281323e+01   3.5558107e+00  -1.5511277e-01  -6.8265779e+00  -6.7790115e+00   9.8591279e+00   1.1613485e+01   3.5160946e+00   2.1228077e+00   1.9087740e+00   1.9491670e+00   4.1339248e-01  -1.1757925e+00  -1.5112717e+00   1.9265371e+00   2.7937471e+00   1.7270472e+00  -4.2462964e+00  -2.9667219e+00   8.3982067e-01  -3.2758942e-01   1.7229243e+00  -1.2280828e+00  -3.6625925e-01
   1.1524778e+01   3.5771216e+00   3.1870640e+00  -6.4078057e+00  -7.0188937e+00   9.1363634e+00   1.0713083e+01   2.7663332e+00   1.4408311e+00   2.3903947e+00   4.9623772e-01  -2.4197630e-02  -2.0962928e-01  -7.4088652e-01   3.2137697e+00   3.9461595e-01  -9.6483407e-01  -2.3466883e+00  -1.7377665e+00   7.8381401e-01   4.0174896e-01   4.0442186e-01  -1.3916490e+00  -2.1061929e-01
   1.0163541e+01   9.8742490e-01   1.8581403e+00  -4.0709048e+00  -3.1255097e+00   6.1571375e+00   8.0698337e+00   3.2941301e+00   3.7400290e+00   3.1068930e+00   4.2693963e-01   7.9242396e-02  -3.3720768e-01  -1.4390912e+00  -1.0638725e-01   2.4485323e+00   5.4705581e-01  -2.4064572e+00  -2.8343209e+00   1.0652878e+00   2.4841999e+00  -2.1293479e-01  -6.8726866e-01  -1.0660386e-01
   1.2401894e+01   3.4308128e+00   3.8960735e+00  -7.8961498e+00  -9.6470578e+00   9.3653405e+00   1.0953497e+01   3.2269695e+00   3.0186659e+00   1.8520314e+00   3.0044005e-01   1.8675554e-01   7.0654239e-01   1.2320097e+00  -3.5697227e+00   9.0524048e-01   3.2730661e+00  -2.8261759e+00  -3.3970348e+00   3.5045178e-01   1.5017598e+00  -2.0574345e+00  -4.0174231e-01   1.5606550e-01
   1.1336953e+01   1.4703284e+00  -6.6919840e-01  -2.4096075e+00  -4.6443457e+00   6.1349536e+00   7.2417961e+00   4.8837081e+00   5.0601902e+00   1.8585535e+00   1.0161628e+00   1.4801011e-01   2.0580938e+00   2.9739754e+00  -2.4536783e+00  -2.0382112e+00   9.4058272e-01  -9.5716834e-01  -8.2745185e-02  -6.7304749e-01  -1.4265299e+00  -2.8979887e+00  -3.9998113e-01   1.6715278e-01
   1.1997885e+01   5.1836844e+00  -9.0385068e-01  -5.8805936e+00  -1.3498766e+00   4.9081916e+00   6.0315496e+00   2.4972218e+00   3.0333901e+00  -7.1587281e-02  -4.0098733e-01   1.7551676e-01   2.5862707e-01   1.3312846e+00  -2.5844964e+00  -2.0211923e+00   4.4421596e+00  -7.1981080e-01  -5.3144743e-01  -4.0809631e-01  -1.7685846e+00  -1.3206811e+00  -3.8784289e-01   1.4763098e-02
   1.3452686e+01   4.5719521e+00   5.7758491e-01  -8.1359997e+00  -5.8632262e+00   6.9499595e+00   1.0406690e+01   2.6494327e+00   1.5928719e+00  -2.7828068e-01   1.7768162e-01   3.3559096e-01   1.0078845e+00   2.1686920e+00   7.8543235e-01  -4.6999258e+00  -2.5543882e+00   4.4502119e+00   5.8497108e+00  -1.0883554e+00  -2.9730133e+00  -9.4181605e-02   6.8957430e-02  -1.1778602e-01
   1.1731968e+01   3.8769279e+00  -6.0406279e-01  -8.0647421e+00  -2.3743782e+00   7.8781213e+00   8.5738793e+00   3.7319627e+00   2.0994481e+00   9.3942681e-01   1.3791631e-01   1.1510976e-01  -4.9063162e-01  -7.9125717e-01   6.1191149e-01   1.0950205e+00  -2.5058394e+00   3.0904794e+00   3.5708637e+00   9.9310069e-01  -4.3216884e-01   2.6248592e+00   1.1366285e+00  -5.1793356e-01
   1.2981739e+01   5.3767447e+00   3.5905619e-01  -8.3674220e+00  -7.9636772e+00   1.1325307e+01   1.4745197e+01   2.6338046e+00   1.0676413e+00   1.2117740e+00   8.5014712e-01   1.5345855e-03  -9.2739774e-01   9.8822196e-01   3.7914887e-02   3.4067119e+00  -1.3934799e+00   4.5007773e-01   1.5390090e+00  -1.9770288e-01   3.0049863e-01   2.3116961e+00   1.2854508e+00  -6.2550250e-01
   1.1497412e+01   3.5944024e+00   1.2328092e-01  -4.1223517e+00  -4.0584101e+00   7.3562371e+00   9.2185914e+00   3.9946869e+00   2.6477522e+00   3.1206742e+00   9.6772269e-01  -4.3435539e-01   2.5575976e-01   1.8781746e+00  -1.3359531e-01   3.3625186e+00  -1.3220531e-01  -1.0664711e+00   1.3027990e+00  -1.9820839e+00  -2.5753726e-01   1.2092446e+00   1.0690832e+00  -3.6872141e-01
   1.2178868e+01   6.1955478e+00   2.7078539e-01  -4.9971270e+00  -7.1114301e+00   7.8860182e+00   1.2392847e+01   2.2215163e+00   1.7694678e+00   2.0986397e+00   1.6909546e+00  -3.2793021e-01  -3.4237464e-01   4.3224262e-01  -1.6265636e+00   2.3048084e+00   4.7421958e+00  -7.7726665e-01  -1.2372945e+00  -1.3448376e+00  -2.0738547e-01  -4.8112978e-01  -2.8642961e-01  -1.1493417e-01
   1.2517043e+01   6.2847882e+00  -7.6032035e-01  -4.7061118e+00  -2.9988097e+00   7.9980589e+00   1.1704253e+01   9.6498104e-01   1.3622289e+00   2.3098608e+00   1.3211373e+00  -2.7323995e-01   6.6273226e-01   3.1156761e-01  -1.6727098e+00  -1.2256897e+00   2.2196505e+00   1.8439746e+00   1.2789599e+00  -1.8139343e+00  -1.2649088e+00  -1.6969775e+00  -3.4857769e-01   2.2903822e-01
   1.1958361e+01   4.6799157e+00  -1.6389886e+00  -4.6183293e+00  -1.3801838e+00   9.8384957e+00   1.1646425e+01   2.1314011e+00   1.3993247e+00   8.9548606e-01   2.4379540e-01  -2.5142439e-01  -6.1698590e-01  -2.5409021e+00  -2.4299717e+00   3.0258599e-01   4.1863409e+00  -8.8902480e-02  -2.7342135e+00   1.4701091e+00   3.3816394e-01  -1.0653780e+00  -6.9518829e-01   1.3713100e-01
   1.2601764e+01   4.8195699e+00  -1.4308968e+00  -6.1502851e+00  -3.5945575e+00   9.1459603e+00   1.1510242e+01   1.3188430e+00   9.3546054e-01   1.1767848e+00   1.1684358e+00  -1.2905098e-01  -4.3687325e-01  -6.9036499e-01  -8.7223222e-02  -1.5034023e+00  -1.6211824e+00  -1.6824001e-01  -2.6105344e+00   1.9879308e+00   3.3299656e-01  -1.2349046e+00  -2.0160708e-01   1.7349082e-01
   1.1211029e+01   3.1168039e+00  -3.0388839e+00  -3.8211614e+00  -5.3404486e-01   7.1787138e+00   8.3885324e+00   4.2497489e+00   2.4900980e+00   1.0671107e+00   7.2452296e-01  -1.9432820e-01  -5.4572154e-01   1.7941632e+00   1.1224503e+00  -3.5633368e+00  -2.6572094e+00   8.8915252e-01  -1.3007131e+00   1.3632711e+00  -1.6997207e-01  -1.9008469e-01   6.0759896e-01   1.6814091e-01
   1.2235399e+01   6.0307966e+00  -1.9120755e-01  -7.3597993e+00  -5.8536527e+00   9.0755899e+00   9.4173977e+00   2.8877034e+00   1.3163372e+00   3.7169159e-01   7.7836290e-01  -4.1551827e-02  -9.4800196e-01   2.8831093e+00   1.2535719e+00  -3.6858034e+00  -2.7504136e+00   1.9069305e+00   1.9683888e-01   5.1396648e-01  -8.9096611e-01  -5.2405959e-01  -2.6485951e-02   1.6821719e-01
   1.1322961e+01   6.7655472e+00  -5.7515773e-01  -9.3585774e+00  -4.2364503e+00   1.1207410e+01   1.0741778e+01   3.3918776e+00   9.5392830e-01   1.0129056e+00   1.3502303e+00  -4.2962610e-02  -1.7051378e+00   1.3034597e-01  -5.2139990e-01   1.2143255e+00   9.4256768e-01  -1.0394903e+00  -3.4581011e-01  -9.1749412e-01  -9.8170873e-01   4.0692561e-01  -8.5294546e-02   1.3091479e-01
   1.1123795e+01   7.3198621e+00  -7.8240206e-01  -8.9102822e+00  -5.8689751e+00   9.9920081e+00   1.0628878e+01   2.5187284e+00   3.6709620e-01   4.1779798e-01   8.1585318e-01   4.7592010e-02  -2.3598098e+00  -1.7717012e+00  -1.3466304e+00   3.9443718e+00   3.2021000e+00  -3.4063153e+00  -4.1451926e-01   1.0936064e+00   1.0626510e+00   4.6967081e-01  -8.5103799e-01   2.4883074e-03
   9.2091245e+00   2.6677901e+00  -3.5253865e+00  -1.2244316e+00   8.8746786e-01   5.1612692e+00   7.2640771e+00   3.0579952e+00   1.4921553e+00   1.6544460e+00   5.7783600e-01  -4.2527938e-02  -1.5964204e+00  -1.9188771e-01  -8.0659411e-02   2.2393639e+00   1.3859764e+00  -4.3889350e+00   9.2313369e-01   1.2659195e+00   1.1774277e+00   1.7156341e-02  -1.1293236e+00  -1.4089296e-01
   9.7526028e+00   5.4221234e+00  -7.3603877e-01  -5.5103145e+00  -3.6124618e+00   6.9891873e+00   1.0534469e+01   4.6950541e+00   2.6412001e+00   7.5542764e-01  -1.1199694e-01  -3.8036703e-02  -1.3904184e+00   1.3657304e+00   5.1359117e-01  -1.1878239e+00   8.1444712e-01  -1.8061666e+00   1.6241043e+00   3.0412593e+00   1.7042874e+00   9.3747876e-02  -4.4057964e-01  -1.4805012e-01
   9.6139262e+00   7.4265850e+00  -7.1932850e-01  -7.6995154e+00  -3.2857424e+00   6.1254176e+00   1.2173683e+01   4.2025940e+00   1.5830179e+00   8.6982531e-01   1.2016987e-01  -2.1148769e-01  -5.1050951e-01   3.2189429e+00   1.3483081e+00  -2.6078662e+00  -1.4253446e+00  -4.4876648e-01  -1.1849321e+00   2.1113427e+00   8.3084465e-01   1.3599172e-02   1.5091334e-01  -1.5168947e-02
   8.8357666e+00   6.9890603e+00  -1.4150443e+00  -7.4544762e+00  -2.5606993e+00   6.8006840e+00   1.0610232e+01   6.5083179e+00   2.8780960e+00   9.5073012e-01   3.8381680e-01  -9.0003297e-02  -1.2183734e+00   1.2220893e+00   2.3793680e-01   1.2911460e+00   1.8276428e+00  -2.0898241e+00  -4.3510968e+00   7.4011779e-01   2.9581630e-01   1.0624501e+00   8.1800033e-01   7.0012422e-02
   8.9017784e+00   6.7127359e+00  -1.1634216e+00  -4.1641500e+00  -1.7764303e+00   4.5823710e+00   5.4487977e+00   5.3183774e+00   2.6199744e+00   1.5771935e+00   5.5629915e-01  -3.9298060e-02  -1.2640659e+00   2.5836133e-01   1.4275170e+00   2.1249305e+00   2.9881145e-01  -1.5956895e+00  -2.8115661e+00   4.0106489e-01   5.1960228e-01   1.8160983e+00   8.3928104e-01   9.7720684e-02
   8.2811167e+00   7.6121819e+00  -1.5708704e-01  -5.3412783e+00  -1.6256536e+00   4.6259744e+00   7.3702664e+00   5.2473391e+00   2.5664464e+00   1.9954187e+00   8.9693891e-01  -1.9112883e-02  -2.3813734e+00  -1.6158544e+00   3.9161481e+00   3.2241085e+00  -1.4370267e+00  -4.4627110e+00   3.5970470e+00  -1.1845505e-01  -2.0889502e+00   3.4618947e-01   1.3726752e+00   2.7991627e-01
   7.9951522e+00   7.5025662e+00   7.9296836e-01  -5.5687186e+00  -3.3050480e+00   4.8192381e+00   9.5763160e+00   5.4346807e+00   2.5182462e+00   3.0716284e+00   1.1225304e+00  -1.0035187e-01  -3.4967920e+00  -2.9580507e+00   5.4380835e+00   3.6960999e+00  -2.4150389e+00  -4.9729846e+00   6.9113816e+00   1.0965082e+00  -2.1880938e+00  -1.1301988e+00   1.0916318e+00   4.5766110e-01
   5.7170195e+00   4.1703636e+00   3.4809829e+00  -1.9160292e+00  -3.9519306e+00  -1.1816008e-02   1.3942043e+01   6.2724837e+00  -2.0446511e-01   7.2279687e-01   2.1597140e+00   3.6039801e-01  -3.8162299e+00  -4.2850323e+00   4.6649124e+00   5.9894322e+00  -1.0776174e+00  -5.2747060e+00   3.3315241e+00   7.3369576e-01  -1.2107061e+00  -1.5580551e+00   4.4653006e-01   4.2836140e-01
