   7.2471131e+00   2.3407520e+00   3.9603482e+00  -2.9875582e+00   2.7688341e-01   5.3329845e+00   1.0919672e+01   6.9570626e+00   1.9615931e+00   1.3975894e+00   1.7079231e+00  -1.1154206e-01   4.2981396e+00   4.2552343e+00  -4.0095256e-01   9.0866515e-02   3.1489660e+00  -6.3110594e+00  -6.4741550e-01   3.3184307e+00   3.2196103e+00   9.9240631e-01   4.4472632e-01   7.2384718e-01
   8.6277557e+00   4.1114392e+00   3.8296486e+00  -1.4156696e+00   1.2933171e+00  -2.0891351e-01   1.0621803e+01   7.5820928e+00   2.7038835e+00  -2.7844092e-01   1.2931808e+00   4.3622889e-01   2.8429975e+00   2.8923581e+00   1.4894859e+00   2.1253481e+00   5.1585688e+00  -1.8093034e+00  -2.4667228e+00  -9.9083780e-01   5.8243616e-01  -6.9924831e-01  -1.0847015e+00   5.2666532e-01
   9.2056090e+00   5.0581987e+00   2.1605070e+00  -1.4356387e+00   5.0998916e+00   3.8511374e+00   5.9207798e+00   4.8982016e+00   3.5512234e+00   3.1917685e+00   5.9517217e-01   3.7578666e-01   1.3709951e+00  -2.0710644e+00   8.3066019e-01  -1.2007756e+00   1.0900940e+00   3.1989685e+00  -6.0680703e-01  -4.6394667e+00  -2.9358563e+00   3.6111827e-01  -4.9398601e-01   2.4933664e-01
   8.7690961e+00   2.5070675e+00   4.4875838e+00  -3.6080095e+00   2.8834474e+00   5.8901680e+00   7.1332950e+00   3.4208739e+00   1.5236609e+00   7.5035532e-01   5.0435693e-04   2.4411602e-01   1.8253302e+00  -4.0719684e+00   1.4338481e+00  -1.9463339e+00  -1.4639251e+00   8.4975687e+00   9.5801480e-01  -5.9543912e+00  -3.5197529e+00   5.3383687e-01   6.1401209e-01   2.0322119e-01
   9.2329355e+00   3.6341250e-02   4.8773708e+00  -3.6925516e+00   1.1169592e+00   7.0818965e+00   1.1753716e+01   2.0784720e+00  -1.8520800e+00   1.4248687e+00   1.6132823e+00   3.5851933e-01   1.5165462e+00  -1.0716558e+00   2.8642214e+00   3.1658592e-01  -4.7130710e+00   2.8239355e+00   1.7254952e+00  -3.9698244e+00  -2.3864235e+00  -6.1499409e-01   1.4430698e+00   3.9162892e-01
   1.1352088e+01   5.1441533e-01   4.6219887e+00  -3.2067140e+00   1.0888956e+00   1.0922060e+01   9.1423577e+00   6.0370804e-02   1.2590586e-01   1.4057643e+00   1.7051439e+00   7.4969433e-01   1.0391128e+00   1.0793081e+00  -5.2610296e-01  -4.8868947e-01  -4.7993070e+00  -2.3616491e+00   1.3494378e-01  -1.0868351e+00  -8.5057864e-01   1.6685684e+00   9.3001879e-01  -2.6265164e-02
   1.0188932e+01   4.4470410e+00   6.3896367e+00  -1.1614076e+00  -1.0724389e+00   5.5710947e+00   7.5044912e+00   6.2371663e-01   6.7046564e-01   1.9415729e+00   1.9074571e+00   7.1044088e-01   1.4535734e+00   1.2164072e+00  -2.4348611e+00  -2.1189659e+00  -5.2915247e+00  -4.3136968e+00  -2.9425641e-01   2.2943110e+00  -2.9022429e-01   1.6975654e+00   2.6365083e-01  -2.8172946e-01
   9.8497668e+00   1.9206797e+00   2.9422965e+00  -5.6066157e+00  -3.2208141e+00   3.1030953e+00   9.4603229e+00   2.5179990e+00  -1.0134799e+00   2.9948559e+00   1.2484451e+00   2.8757496e-02   1.3883828e+00   2.4023505e+00  -2.9390335e+00  -3.5149426e+00  -1.9972062e+00  -3.7266141e+00  -1.4678526e-01   4.6813046e+00  -9.2339619e-01   8.1060851e-01   5.0331185e-01  -2.1233262e-02
   1.2164456e+01   1.1578199e+00   2.0649253e+00  -5.6710497e+00  -4.6654730e+00   4.5208336e+00   1.1153348e+01   4.2911244e+00  -1.7177236e+00   3.1766710e+00   2.2371079e+00   2.9639355e-01   1.2213732e+00  -8.1688232e-01  -1.3992139e+00  -2.2288818e+00  -7.7090439e-01  -1.4860599e-01   6.2069324e-01   4.2919612e+00  -8.0731863e-01   4.2407445e-01   4.0570706e-01  -4.5657663e-01
   1.2446900e+01   5.7625516e+00   2.3757942e+00  -6.2243068e+00  -1.1039663e-01   5.8572694e+00   7.0977512e+00   5.2486238e+00  -6.5093826e-02   2.0041280e+00   2.2952863e+00   9.2486810e-01   2.2084972e-02  -1.2660986e+00   2.3051101e+00  -1.3658636e+00  -1.1351952e+00   1.3151052e+00   5.4200668e-01   2.1504966e+00  -3.4137582e-01   7.6465304e-01   4.9434691e-01  -2.9792131e-01
   1.0722426e+01   1.3007816e+00   4.5740671e+00  -4.1958847e+00  -3.7840042e+00   3.9710987e+00   9.6168169e+00   5.6963460e+00  -1.0147054e+00   3.0730485e+00   1.9925971e+00  -4.2247937e-01  -7.1952070e-01   3.6848472e-01   3.1843702e+00  -1.5246153e+00  -2.7299354e+00   1.7016623e+00   1.2230914e+00  -1.2818597e+00   1.2714775e+00   9.4755698e-01  -6.6415875e-02  -2.9028664e-01
   1.0603909e+01  -4.9948997e-02   5.1453908e+00  -8.3929936e+00  -5.3643413e+00   5.3506206e+00   1.1041599e+01   5.0411331e+00  -1.8770528e+00   4.1936467e+00   2.1122209e+00  -5.8688007e-02  -8.4714094e-01  -1.0850204e+00   9.8659543e-01  -6.8783478e-01  -3.0360396e+00   8.5379142e-01   2.3297657e+00  -2.5201897e+00   2.3433775e+00   5.9272064e-01  -2.1182838e-01  -4.0430831e-01
   1.2006670e+01   4.6167973e+00   5.4566824e+00  -6.8736292e+00  -6.1334037e+00   7.3266516e+00   1.1016062e+01   2.4720801e+00   1.0954722e+00   3.5032471e+00   2.2290168e+00   3.5274164e-01   2.6673237e-01  -1.0116014e-01  -1.3906410e+00  -1.4774178e+00   8.4323808e-01   1.0219679e+00   1.2605320e-01  -2.7759982e+00   7.3862840e-01   7.6802450e-01   5.6492817e-01  -4.2703484e-03
   1.0534066e+01   2.4770131e+00   3.4143797e+00  -5.9171867e+00  -3.4897563e+00   5.4601801e+00   9.8927773e+00   3.0804721e+00   2.3948836e+00   2.6781096e+00   1.8593339e+00  -6.9204862e-02   1.0327107e+00   2.3535302e-01  -1.8984495e+00   2.2124371e+00   1.9555997e+00   1.9526104e-01  -7.9993123e-01  -2.4999449e+00  -1.0067826e+00   1.0493261e+00   1.2063658e+00  -7.9013092e-02
   1.1157446e+01  -1.1443971e-01   3.3536111e+00  -7.6499149e+00  -3.4564395e+00   5.4492707e+00   1.0380307e+01   2.5126791e+00  -2.0427310e+00   4.9828538e+00   2.9664329e+00  -4.2362647e-01   1.1586203e-01   1.2815954e-01  -1.0382295e+00   5.6612509e-01   1.0602524e+00   1.6270508e-01  -9.0594468e-01  -1.2569474e+00  -2.6959188e+00   1.2451914e+00   1.3428435e+00  -1.2549834e-01
   1.2577588e+01   2.6686990e+00   3.3492522e+00  -4.6861951e+00  -3.7694239e+00   6.5822025e+00   1.0159579e+01   1.2709162e+00  -1.8181251e+00   5.0278325e+00   3.5530615e+00   2.1097641e-01  -8.0409443e-02   1.0907132e-01  -1.3194770e-01  -2.9538291e-01   1.7524987e-01  -3.4356813e-01   8.4222814e-01  -3.2782601e-02  -1.9691415e+00   5.5087360e-01   7.2036086e-01   5.9024984e-02
   1.1158703e+01   4.7131936e+00   3.9319018e+00  -6.6399375e+00  -4.4031914e+00   7.0096979e+00   9.5237439e+00   1.4914369e+00  -8.4190166e-01   4.1961728e+00   3.3964183e+00   2.4403498e-02   9.3104369e-02   7.7304373e-01  -9.7546295e-01   1.0548430e+00   2.7608749e+00  -1.4567502e+00   8.3401264e-01   7.9039107e-01   1.4919372e+00  -1.0565733e+00  -3.6798841e-01   2.3860969e-01
   1.0412824e+01   2.2680345e-01   2.9273128e+00  -6.8652498e+00  -2.7535056e+00   4.1646143e+00   1.1584401e+01   3.5419193e+00  -1.1592433e+00   3.8977605e+00   2.7248824e+00  -2.0468237e-01   3.0161174e-01  -4.2697072e-01  -2.7636996e-01   7.5441174e-01   4.0799114e+00  -1.3521254e+00   2.3005665e-01   8.0556351e-01   8.2470693e-01  -9.4902402e-01  -8.4454071e-01   1.0727696e-01
   1.2379484e+01   2.2660737e+00   2.1013864e+00  -4.9781230e+00   1.7691364e-01   4.4729396e+00   1.0918915e+01   2.5627642e+00  -1.3426609e-01   3.9630298e+00   2.8285397e+00   1.4211745e-01   1.9802975e-01  -2.2404490e+00   2.2928075e-01   1.6575361e-01   6.5964415e-01  -5.0776381e-01   7.3112591e-02   2.1513333e-01  -1.7854236e+00  -2.4001859e-02  -4.7277470e-01   7.2935002e-02
   1.2419615e+01   3.2518029e+00   3.8499549e+00  -4.3854847e+00   6.0390793e-02   5.8223936e+00   9.8070783e+00   1.9435979e+00  -9.3488248e-01   3.7208679e+00   2.5701897e+00   3.1303488e-01   9.1136258e-01  -1.4097648e-01   1.1141472e+00  -1.2570823e+00  -2.5303425e+00   2.1398409e+00  -1.1600697e-01  -6.1955876e-01  -1.7984406e+00   9.4190980e-01   1.8871651e-01   9.1635677e-02
   1.0452352e+01  -1.5997955e-01   3.8145019e+00  -7.6311896e+00  -4.8206734e+00   5.4191626e+00   1.0522074e+01   2.6132976e+00  -3.6322175e+00   4.2486163e+00   2.7646026e+00  -1.2505262e-01   2.8426900e-01   9.3345149e-01   2.6637807e+00  -4.3213257e+00  -1.2340666e+00   4.1824812e+00  -1.1815329e+00  -1.3451189e+00  -8.1464320e-01   1.2756169e+00   8.0541028e-02  -6.0296907e-02
   1.2743434e+01   1.2283653e+00   3.7419758e+00  -7.4243399e+00  -4.0502259e+00   6.9012642e+00   1.1608811e+01   2.5873144e+00  -2.1079286e+00   5.1678320e+00   3.0399258e+00   6.6356184e-02  -4.7654676e-02  -1.6233312e-01   3.0160839e+00  -3.0131964e+00  -1.6622453e-01   8.7646539e-01   2.3468865e+00  -4.1517017e-01  -7.1343361e-01  -3.6156471e-02  -1.8702838e-01  -2.1395547e-02
   1.2643978e+01   4.6779697e+00   6.1510470e+00  -9.9406839e+00   3.8112210e-01   1.0207226e+01   8.2457495e+00   2.2322750e-01  -7.6970785e-01   5.1529732e+00   2.7144832e+00   1.7501144e-01   8.2144626e-01   1.9406582e+00   2.4846050e+00  -1.8860011e+00  -7.1532941e-02   6.2602604e-01   4.3404021e+00   8.9475406e-01   1.8742946e-02  -3.5242388e-01  -2.7753398e-01   3.8094171e-01
   1.1252319e+01   5.8932862e-01   7.2058081e+00  -7.7505321e+00  -2.7898437e+00   4.7430599e+00   1.4465570e+01   2.5158777e+00  -3.4362877e+00   3.2144548e+00   2.3147068e+00   1.3090953e-01   2.2817897e-01   2.2747526e+00   6.9458315e-01   3.0384813e-01   4.0497118e-01  -5.6683829e-01   1.2342492e+00   1.2239423e+00   1.8292571e-01  -1.6957947e+00  -3.7439716e-01   5.8438878e-01
   1.2430078e+01   3.0705262e+00   5.8094932e+00  -1.0297095e+01  -5.5581638e+00   7.4373037e+00   1.5604298e+01   3.9911471e+00  -2.9399235e+00   4.6966690e+00   2.7109111e+00   4.1408327e-01   2.1512263e-02  -5.1919606e-01   6.5976676e-01   6.4548603e-01  -2.5188897e+00  -8.9739853e-01   2.0082971e+00   2.3763955e+00  -9.0055797e-01  -2.2396543e+00   9.8880608e-02   1.6673410e-01
   1.3192652e+01   5.4442160e+00   4.9546274e+00  -6.7903621e+00  -4.7312615e-01   7.4359679e+00   9.7809109e+00   2.5392681e+00  -7.4843219e-01   2.8522920e+00   2.4801161e+00   8.2340344e-01   9.3703825e-01   8.8027402e-01   1.3778979e+00  -2.3425857e+00  -4.2366461e+00   2.6901115e+00  -6.1673912e-01   2.5953944e+00   4.4837675e-01  -8.7729559e-02   6.8561165e-01  -1.5273679e-01
   1.1706080e+01   1.4717319e+00   8.2662875e+00  -9.4525399e+00  -4.5555713e+00   7.5146743e+00   1.3600525e+01   3.7761255e+00  -3.4644726e+00   1.9745730e+00   2.7800995e+00   7.8865639e-02   8.3729651e-01   7.5022870e-01   2.3567982e+00  -1.0565563e+00  -2.5320634e+00   4.9182759e-01  -1.4769532e+00   7.5065839e-01   1.3945319e+00   9.0999762e-01   8.4280135e-03  -6.1901694e-01
   1.3019876e+01   2.7091368e+00   8.0442578e+00  -1.1686688e+01  -9.6461091e+00   8.7395419e+00   1.4542348e+01   6.5164801e+00  -2.5014480e+00   4.4439084e+00   3.3085301e+00   6.9413150e-02   1.2406274e-01  -3.9814743e-01   9.0147130e-01  -5.7450967e-01  -2.7560006e+00  -7.3993996e-01  -1.1806101e+00   1.8057505e+00   7.0217708e-01   1.7087696e+00  -6.5873355e-01  -5.8130292e-01
   1.3772411e+01   5.5634088e+00   7.7998754e+00  -9.4337666e+00  -4.7697675e+00   7.5232581e+00   1.1008149e+01   3.1285287e+00   2.8382358e-02   5.2658573e+00   2.3093462e+00  -1.3744699e-01   8.8112384e-01   9.9800824e-01  -3.3759385e+00   6.5448168e-01   1.0927304e+00  -5.2693067e-01  -2.4547370e+00   9.8088244e-01   1.4896621e+00   1.9568665e+00  -9.8947687e-01   5.1600961e-02
   1.2345581e+01   2.8011564e+00   6.5400404e+00  -7.6615133e+00  -4.5000289e+00   6.3217660e+00   9.3061835e+00   5.5716923e+00  -1.4415940e+00   3.7698044e+00   1.7273924e+00   5.9605370e-02   2.6488456e-01   3.0026015e+00  -2.7187098e+00   4.5986138e-01   2.5546477e+00  -4.1471628e-01  -1.0141735e+00  -6.4181628e-01   4.6753397e-01  -1.1860415e+00   3.1823767e-02   1.4939845e-01
   1.3364914e+01   2.9227345e+00   3.9544884e+00  -1.0483405e+01  -5.4895157e+00   7.9331662e+00   1.2536502e+01   5.7198431e+00  -1.7599064e+00   5.2469249e+00   2.0864530e+00   1.6117097e-01  -7.3839312e-01   4.2314993e-01  -8.2244647e-01   1.6472885e+00  -1.8399749e+00  -2.0150870e+00  -2.5726316e-02   1.1150343e+00  -7.9976224e-01  -1.3549952e+00   1.5226695e+00  -8.9725349e-02
   1.3620952e+01   8.5333762e+00   5.8888866e+00  -1.0472077e+01  -5.4542635e+00   7.9125134e+00   1.2256912e+01   4.2580985e+00  -9.0600270e-01   2.6743124e+00   3.4677123e+00   1.4420184e-01  -1.5433094e-02  -4.6084197e-01  -5.1979735e-02   3.8671033e-01  -1.9312541e+00  -1.5809917e+00   1.0118058e+00   2.0544379e-01  -1.1224144e+00   6.8661628e-02   1.9714626e+00  -3.8229403e-01
   1.2027136e+01   3.3320238e+00   6.8917826e+00  -5.5575520e+00  -7.0526125e+00   3.7052540e+00   9.4941958e+00   5.4578770e+00  -1.4390567e+00   3.7811104e+00   3.7231905e+00  -3.1433326e-01   7.3707546e-01  -8.3040762e-01   4.3569111e-01   1.6482859e+00   2.6813743e-01  -1.8337541e-01  -1.6453582e+00  -9.7613780e-01   3.9229361e-01  -9.2667738e-01   4.0884455e-01  -2.4781359e-01
   1.2991320e+01   1.9052488e+00   4.9934237e+00  -9.5443742e+00  -6.6153617e+00   6.0642346e+00   1.2345045e+01   6.0108411e+00  -3.2856406e+00   4.6057040e+00   3.8662175e+00  -2.7608356e-01   3.4041667e-01  -4.3561917e+00  -7.0541434e-01   3.4714762e+00  -5.9738389e-01   2.3786405e+00  -3.0495981e+00   6.8163619e-02   4.7366286e-01  -2.0340566e-01  -8.9069516e-01  -9.8290126e-02
   1.4785343e+01   4.9911868e+00   5.0557565e+00  -8.4748275e+00  -4.5067604e+00   8.5822425e+00   1.0024398e+01   3.3792651e+00   1.8352919e-02   2.8912130e+00   2.5004673e+00  -4.0671125e-04   8.2438617e-01  -3.3559923e+00   2.6628271e-02   9.5803716e-01  -8.0702117e-01   5.4422236e+00   2.1395278e-01   2.1094948e-02   9.6960869e-01  -5.9544708e-01  -6.7279189e-01  -1.0797330e-01
   1.2752473e+01   1.1695071e+00   5.7487781e+00  -3.8062250e+00  -7.6232653e+00   9.0419800e+00   7.4174137e+00   5.3996499e+00  -9.2421320e-01   2.8141526e+00   2.7430312e+00  -1.6019662e-01   6.6549080e-01  -4.8384516e-01  -1.8086354e-01   2.6710196e+00  -1.2032755e+00   4.4555779e+00   1.4994438e+00  -1.5134779e+00   8.8441778e-01  -9.0880051e-01  -4.6067315e-01  -1.2982571e-01
   1.3383139e+01  -1.3340938e+00   6.5540478e+00  -6.9895708e+00  -7.7591925e+00   1.0379717e+01   1.2278941e+01   5.7951150e+00  -1.1653573e+00   3.7837155e+00   3.2755959e+00  -5.3423667e-01  -8.0458865e-01  -9.7317298e-01  -1.1628454e+00   2.1101647e+00  -3.0683953e-01  -7.7533363e-01   3.9581730e+00   3.3540125e-01  -1.4898241e+00  -7.3893329e-01  -5.3689769e-02  -2.4508410e-02
   1.4690658e+01   4.3421213e+00   3.9729828e+00  -6.2804731e+00  -6.7940589e+00   1.1848864e+01   1.3466939e+01   2.5326992e+00  -1.3671588e+00   2.7962520e+00   2.7876435e+00  -2.0390715e-01   1.0335081e-01  -8.7338336e-02  -2.1031310e+00   1.1986601e+00   2.5786933e+00  -6.8469627e-01   5.1993607e+00   1.1705222e+00  -2.1542139e+00  -5.1998687e-01  -4.6096525e-01   2.6329959e-02
   1.2609367e+01   1.9451202e+00   4.1993861e+00  -4.0724564e+00  -5.3816230e+00   6.0157998e+00   1.2936894e+01   5.3158423e+00  -1.9949105e+00   1.7917634e+00   2.3976265e+00  -1.5314062e-02   1.4332881e+00   1.3601746e+00  -2.5154397e+00   1.3217845e+00   3.3217807e+00   1.4139135e+00  -2.6957991e-01   2.2143508e-01  -1.2212923e+00  -6.1200955e-01  -8.8342642e-01   3.1215429e-02
   1.3294385e+01  -6.0110737e-01   3.7714125e+00  -3.4667920e+00  -4.9440101e+00   1.0196894e+01   1.4887478e+01   7.3950695e+00  -3.7407575e+00   3.0301484e+00   2.4905680e+00  -3.8016298e-01   6.8916843e-01  -2.6168491e+00   5.2298449e-01   1.6031565e+00  -6.4309799e-01   1.2183916e-01  -1.0083869e+00   2.1798801e+00  -4.7546415e-01  -2.5046672e-01  -1.0575398e+00  -6.3844914e-02
   1.6231207e+01   3.1777825e+00   2.8816734e+00  -6.4137346e+00  -3.7015458e+00   1.3326572e+01   1.1164302e+01   3.6960825e+00  -1.8104965e+00   2.7487530e+00   2.0989940e+00  -3.9928561e-01   4.3041122e-01  -1.8671808e+00   1.0625571e+00   1.2221905e+00  -3.3588374e+00   1.9323214e+00   2.9664420e+00   2.0026532e-01   1.4259838e-01   2.4350474e-01  -1.0731868e+00  -2.9647392e-02
   1.3913491e+01  -1.9948342e-01   5.4163159e+00  -2.7050992e+00  -8.5987445e+00   8.3762370e+00   1.2840655e+01   6.6123992e+00  -2.1725620e+00   1.9420571e+00   1.3506500e+00  -1.0768874e-01  -5.4446517e-02   9.7512536e-01  -1.4854998e-01   4.8400595e-01  -2.1943990e+00  -1.1698050e-01   7.9861037e-01  -3.0488664e+00   2.2368253e+00  -3.5047022e-01  -1.2513817e+00   1.2190568e-01
   1.2945431e+01  -1.0564629e+00   4.9707701e+00  -2.6200171e+00  -8.5925119e+00   9.8246104e+00   1.8409969e+01   6.0075754e+00  -2.5651107e+00   2.7010661e+00   1.3578052e+00  -1.9602227e-01  -1.3908400e+00  -4.9525600e-01  -1.7204390e+00   1.5105323e+00   2.0821798e+00  -4.3019162e+00  -1.3862549e+00  -4.6086291e-01   1.5861262e+00  -8.5521416e-01  -8.0194974e-01   2.1700104e-01
   1.4855603e+01   2.9787034e+00   2.5040392e+00  -4.6376419e+00  -5.7901256e+00   1.1772404e+01   1.2462560e+01   1.6660234e+00  -8.2125305e-03   2.5282865e+00   9.8408978e-01  -2.9893613e-01   4.5991175e-01   1.0273593e+00  -1.5277726e+00  -1.6772373e+00   2.1990052e+00  -1.8392778e+00  -6.5872540e-01  -1.1634576e+00   1.1801559e+00  -1.2602792e+00   1.4233145e-01   3.5781304e-01
   1.3673891e+01   8.4580509e-01   1.7571532e+00  -3.1816649e+00  -1.9825855e+00   5.1756142e+00   9.2739671e+00   5.4779760e+00  -5.1348189e-01   1.1728171e+00   1.0793495e+00   2.1839652e-02   1.9844762e+00   2.1468064e+00  -9.7042016e-01  -1.6735332e+00   3.9041562e-01  -7.4456248e-01  -1.6839990e+00  -1.8548809e+00   1.6038106e-01  -5.7695952e-01   1.7408658e-01   1.8097540e-01
   1.4239129e+01   3.9042156e-01   4.7314654e+00  -4.9401313e+00  -8.6051998e+00   7.9418183e+00   1.6420568e+01   5.1320126e+00  -1.4281425e+00   8.1576288e-01   1.7033750e+00   3.2009986e-01   9.1605849e-01  -1.7833376e+00   5.3496522e-01   2.8360273e+00  -3.7814962e+00  -9.0960898e-01   6.3433691e-01  -5.5817142e-02  -2.3160546e+00   1.8060829e-01   3.8626984e-01  -1.3856809e-01
   1.6230383e+01   3.4578876e+00   2.4014267e+00  -4.9790722e+00  -6.5993514e+00   1.0623060e+01   1.3904966e+01   1.4922595e+00  -1.6145741e+00   2.6918887e+00   1.2592924e+00  -2.3407717e-01   1.1449649e+00  -2.1406653e+00   9.1337709e-01   2.5857458e+00  -4.2385359e+00  -3.5805027e-01   2.4534525e+00  -1.8531812e+00  -6.6483222e-01   3.3488075e-01   6.9292342e-01  -4.8696371e-01
   1.4951445e+01  -1.0023442e+00   2.9843502e+00   5.1510260e-01  -9.1539869e+00   7.6842679e+00   1.1098566e+01   3.5751559e+00  -2.9317484e+00   2.0396631e+00   1.4735231e+00  -3.7882986e-01   4.2184778e-01   2.3710070e-01  -6.7204474e-01   2.1616003e+00   8.4772845e-01  -2.8834807e+00  -9.4563791e-01  -1.5303060e+00   1.4470972e+00  -8.4481421e-01   9.4845080e-02  -3.8902692e-01
   1.5035180e+01  -1.6688100e+00   4.0007764e+00  -2.0306631e+00  -8.0659958e+00   4.7673140e+00   1.5615147e+01   3.4766325e+00  -7.5892730e-01   1.0631881e+00   2.2336606e+00  -3.5914105e-01  -1.1965946e+00   6.6882129e-01   2.2815203e-01   2.1587576e+00   4.4550146e-01  -5.1755861e+00  -1.2483437e+00  -1.5066211e+00   2.7973319e+00  -2.1684632e+00  -8.1605640e-01   2.3880175e-01
   1.5469502e+01   3.3094214e+00   2.9237234e+00  -3.1719353e+00  -6.6002849e+00   6.5444701e+00   1.4147021e+01   1.8443670e+00   3.1467989e-01   3.6289187e-01   1.3584586e+00  -2.0090858e-01  -1.0089130e+00   2.3214563e+00  -5.9963240e-02   6.2183899e-02  -5.3859598e-01  -2.4714396e+00   3.6477420e-01  -2.8943252e+00   2.4741150e+00  -4.9165565e-01  -1.2963837e+00   3.9274311e-01
   1.4176463e+01   2.3052367e+00   2.7739682e+00   1.0258323e-01  -7.2079502e+00   3.4295794e+00   1.0508223e+01   9.7722288e-02   9.5820961e-01   2.7757955e-01   9.2740071e-02   3.5164822e-02  -3.6226750e-01   2.6616103e+00   3.8150898e-01   9.7616609e-01  -1.8974935e+00  -2.1467712e-01  -8.0816677e-01  -2.4592190e+00   9.3737004e-01   2.9946071e-01  -1.7205705e+00   2.5482755e-01
   1.3867434e+01   4.9281686e-01   3.5078095e+00  -4.5824470e-01  -1.0390904e+01   4.6459759e+00   1.4199189e+01   9.2312319e-01  -7.9144283e-02   1.6949839e+00   5.9940779e-01   1.3131866e-02  -9.8338781e-01  -2.7853676e-01   1.2745355e+00   2.3529179e+00  -1.8359651e+00  -2.0271560e+00  -2.3726214e+00  -1.2958156e-01  -7.6375878e-01   8.7131362e-02  -1.1544997e+00  -3.6217922e-02
   1.5292813e+01   3.7319078e+00   4.2809968e+00  -1.9232593e+00  -9.0169267e+00   5.3945454e+00   1.4376813e+01   2.4842597e-01   8.4403985e-01   8.4633312e-01   3.2330211e-02  -8.3919946e-02  -5.5640236e-01  -5.2032052e-01   1.4532390e+00  -9.7347351e-01   3.7211828e-01   7.3688044e-03   2.6416070e-01   2.8595395e+00  -2.2094767e+00  -1.9423122e-01  -3.1531195e-01  -1.7020066e-01
   1.3436245e+01   2.1782807e+00   4.0820123e+00   1.3703627e+00  -8.4497443e+00   2.5212530e+00   8.6537938e+00   1.5746428e+00  -7.7387340e-01   2.0921213e-01  -3.4308610e-01  -1.9569308e-01   6.1558469e-01   1.9957099e+00   6.1983136e-01  -2.5829433e+00   2.0507937e+00   8.8436286e-01  -1.3190257e+00   3.6478919e-01  -2.0953101e+00  -2.8901427e-01  -4.7451625e-01  -1.9794542e-01
   1.3557454e+01   6.8202402e-01   4.6667253e+00  -2.2719307e+00  -7.6203524e+00   4.5029941e+00   1.3677162e+01   4.0612717e+00  -2.0086409e+00   7.2911860e-01   9.1019093e-02  -1.1572370e-01  -1.7095444e-01   6.3323520e-01   1.5009307e+00  -1.2853594e+00   3.4982493e+00  -2.0403592e+00  -5.1172571e+00  -2.4087809e+00  -2.0208703e+00   2.3626471e-01   1.6118822e-01  -1.8509782e-01
   1.5658491e+01   5.0113235e+00   4.2446923e+00  -4.1583238e+00  -8.0130003e+00   6.4182958e+00   1.2570476e+01  -4.3611589e-01  -1.7957690e+00   1.3200697e+00  -1.4171102e-01  -2.6788439e-01   1.7544254e-01  -1.6658349e+00   2.9573751e+00  -2.3585081e+00   4.9165209e+00   4.8580106e-01  -1.0736968e+00  -6.3718274e-01  -7.7894848e-01   8.3665905e-01   3.8673755e-01  -4.0541337e-01
   1.3925258e+01   3.2652392e+00   6.4510529e+00  -1.0869551e+00  -3.9879247e+00   3.8548525e-01   4.7425859e+00  -2.3593659e+00  -1.6763178e+00   6.4530138e-01   1.7342500e-01  -3.2547103e-01   8.1455029e-01  -2.0865205e+00   1.8655876e+00  -8.5999759e-01   3.4610430e+00   2.0089907e+00  -1.9253148e+00  -1.0466158e+00  -2.7564485e-01   1.3222756e+00   5.5774362e-02  -3.1138912e-01
   1.3515507e+01  -1.6120793e+00   7.6259112e+00  -2.7598872e+00  -2.8911769e+00   5.3087090e+00   1.1510537e+01   3.8291876e+00  -2.1084577e+00   1.5061093e+00   1.9581727e-01  -6.9893947e-01  -1.8548769e-01  -2.9021103e+00   9.7135904e-01   2.2813038e+00   2.1932204e+00   1.7034647e+00  -1.5402819e+00  -2.3417232e+00   2.2691645e-01  -7.8526960e-01  -3.3684822e-01   1.5812086e-01
   1.5850771e+01   8.6394460e-01   5.7744972e+00  -4.2611454e+00  -4.9896997e+00   8.0712735e+00   1.1319159e+01   3.5869633e-01  -2.2657639e+00   2.6195122e+00   5.9164911e-03  -3.6727984e-01   3.9375231e-01   5.5074058e-01  -7.3823777e-01   1.7513411e+00  -1.6981102e+00   3.1346174e+00   1.6841849e+00  -8.7130117e-01   1.2356990e+00  -3.1723404e+00  -7.5884601e-01   4.7415465e-01
   1.4417503e+01   1.8588054e+00   6.0400087e+00   8.5072711e-01  -4.2222822e+00   5.1305988e+00   6.9717666e+00  -5.3077319e+00  -1.1606713e+00  -8.4494008e-01  -5.6322910e-01  -9.7986890e-03   8.9736471e-01   5.3764295e+00  -4.1335083e+00   1.5820097e+00  -1.7272767e+00  -1.0487019e+00  -2.7257091e+00   1.1727171e-02   1.0888486e+00  -3.7220215e+00  -6.0268451e-01   6.2530039e-01
   1.4064889e+01   2.3559077e+00   6.1366475e+00  -2.6525061e-01  -5.8695373e+00   5.1764665e+00   9.5382483e+00   9.0214203e-01  -2.9666250e-01  -2.9376845e+00  -5.8532084e-01   4.1190557e-02  -6.1626664e-02   3.8031803e+00  -3.5412435e+00   1.6330271e+00   9.3442284e-01  -2.8902105e+00  -4.0279489e+00   2.9236981e+00  -2.6224587e-01  -2.0524482e+00  -8.0359254e-01   5.8917651e-02
   1.5754495e+01   5.7065835e+00   1.2445736e+00  -2.3848201e+00  -5.0421731e+00   5.1830597e+00   8.3124284e+00   3.5750555e+00  -1.4597354e+00  -1.2983246e+00  -4.1259084e-01   3.4775908e-02   7.3048291e-01   8.1040791e-01  -1.3667843e+00   1.6940838e-01   2.4399228e+00   3.8403387e-01  -3.0540234e-01   3.0602571e+00  -3.1101229e+00   1.4365284e-01  -3.2743595e-01  -2.7396606e-01
   1.5089835e+01   4.6448260e+00   2.8603495e+00  -1.9383123e-01  -3.1781200e+00   3.7097273e+00   4.6069052e+00   3.0284976e-01  -2.5096006e+00  -2.3246783e-01  -1.2747915e+00  -3.0119066e-01   1.0509587e+00  -7.0944708e-01  -1.1946657e+00   1.3305193e-01   2.3674499e+00   2.4122978e+00   1.3246836e+00  -2.8659358e+00  -2.0802827e+00   1.0354482e+00  -4.0555861e-02  -1.9413213e-01
   1.5000754e+01   1.9299581e+00   5.6279812e+00   1.0691300e+00  -1.9081066e+00   6.4400192e+00   8.9793347e+00  -4.1770019e-01  -4.7193867e+00  -1.9820691e+00  -7.0964773e-01  -2.4955717e-01  -7.2701296e-01  -1.5664227e+00   1.1504271e-01  -8.4352095e-02   1.9689945e+00   4.3947878e+00   7.6259477e-01  -3.9893724e+00   1.9402232e+00  -5.5015653e-01  -7.5375431e-01  -5.8510230e-02
   1.6018197e+01   3.1800498e+00   2.1529451e+00  -1.7926477e+00  -3.8853956e+00   8.1664335e+00   1.1191821e+01  -1.4003838e+00  -1.7872610e+00  -1.0426399e+00  -4.9762618e-01  -1.0784109e-01  -1.0954400e-02  -4.7571122e-01   4.9732099e-01  -2.2383525e-01   6.9631672e-01   3.1299565e+00  -1.2057515e+00  -9.6820941e-01   3.7887002e+00  -2.8193763e+00  -3.0912429e-01   3.1598744e-01
   1.4199794e+01   4.0893376e+00   1.7708399e+00  -1.7119400e+00  -1.7350436e+00   9.5468884e+00   6.1638628e+00  -1.5573864e+00   1.0894295e+00  -1.7184733e+00  -1.9318049e+00  -1.4966422e-01  -3.6019734e-02   1.8132419e-01  -1.0382864e-01  -9.6016966e-01   8.9126301e-01   2.1383914e+00  -2.5884304e+00  -5.9562558e-01   3.1237034e+00  -2.3772208e+00  -8.4376177e-01   5.9557533e-01
   1.5473883e+01   2.8515695e+00   5.5349017e+00   8.6095087e-01  -2.2201765e+00   6.8512274e+00   4.2060138e+00  -5.7962126e-01   2.6904152e-01  -4.5933302e+00  -1.1273993e+00   1.2284403e-01  -2.0405543e+00  -5.1401356e-01   7.1479140e-01   7.6893157e-01   1.8632487e+00   3.0750379e+00  -1.8070979e+00   9.1110708e-01   6.5815634e-01  -3.8894347e+00  -8.0197631e-01   5.3639426e-01
   1.5218881e+01   2.3661846e+00   3.7812600e+00  -1.6979238e+00  -1.4038217e+00   1.0305209e+01   8.5895925e+00  -1.7215198e+00  -1.0619829e+00  -3.7725552e+00  -1.6604038e+00   5.2846326e-01  -1.6020427e+00  -1.2362255e+00   2.7481262e+00   3.9792691e+00   1.8813862e+00   1.7576510e+00   1.6305932e+00   6.4208191e-01  -3.1599833e+00  -1.3946878e+00  -1.0910439e+00   5.1334003e-02
   1.2447822e+01   3.2706059e+00   2.2199222e+00  -6.4625847e-01  -1.2561335e+00   1.2399830e+01   7.2683089e+00   4.8343560e-02   2.7567974e-01  -5.8497511e+00  -1.8362912e+00   3.5768655e-01  -1.8172932e+00  -1.3785625e+00   1.0383767e+00   1.5834642e+00  -2.7516135e-02   1.2793838e+00   2.6177987e+00  -9.7210314e-01  -3.9763556e+00   2.3649038e+00  -1.4905541e+00  -3.5080248e-01
   1.3309761e+01   2.0254812e+00   7.5505189e+00   5.0105684e+00   6.0501428e-01   9.4090637e+00   7.0786051e+00  -9.0824591e-01  -3.6538646e+00  -3.1822946e+00  -3.2139249e+00  -1.9008448e-01  -2.0808175e+00  -2.0785190e+00  -3.7377916e-01   5.7711840e-01  -1.9174938e+00  -2.9332643e+00  -7.4922840e-01   5.4569028e-01  -2.7430150e+00   3.3973573e+00   1.2566671e-01  -3.1914506e-01
   1.3702504e+01   9.5407744e-01   5.2078372e+00  -1.1809896e-01  -3.2658686e+00   9.2183760e+00   8.8882056e+00  -2.4444129e+00  -4.3995510e+00  -1.3411047e+00  -2.5864699e+00  -4.4085819e-02  -3.2340599e-01  -6.2921494e-01   1.8456445e+00  -4.4536965e-01  -7.1618283e-01  -4.0147959e+00  -2.9938040e+00   1.3178881e+00  -6.6559340e-01   2.8177847e+00   5.6098705e-01  -2.2723777e-01
   1.1470314e+01   4.0667035e-01   1.7266337e+00  -1.0963260e+00  -3.2751948e+00   7.4960399e+00   6.6558016e+00   3.4339382e-01  -2.8388900e+00  -9.3084234e-01  -1.0968144e+00   2.5063185e-01  -2.6345910e-01  -5.5772294e-02   9.1578627e-01  -2.2675625e+00  -2.9859169e-01  -2.1597860e+00  -3.2354799e+00   2.1996345e+00   2.0174415e+00  -5.2234811e-01   6.3405694e-01  -1.5905867e-02
   1.2882436e+01   3.1361889e+00   7.9003316e+00   1.7391343e+00  -3.9030324e-01   7.3341480e+00   2.9890047e+00   1.3993558e+00  -1.1301976e+00  -2.7488001e+00  -2.0533658e+00  -2.0352827e-01  -6.6550510e-01   9.7730688e-01   1.4820790e+00   2.3006630e-01   2.9649249e+00   9.6881369e-01  -7.5381525e-01   7.2496277e-01   8.2693252e-01  -2.8122152e+00  -1.3509657e-01   5.0889461e-02
   1.3324606e+01   8.5076696e-01   7.5779511e+00   6.8060809e-01  -1.2806560e+00   7.1114987e+00   5.1749856e+00   4.6932146e-01  -2.2623790e+00  -3.2619691e+00  -2.5293915e+00  -1.3422205e-01  -3.3304469e-01   1.1502702e+00   1.7856806e+00   4.1097251e-01   2.7057718e+00   2.3781700e+00   1.6539662e+00  -3.2384583e-01   1.2659272e+00  -2.6668423e+00  -8.3094400e-01   1.3820586e-02
   1.1777100e+01   2.1979895e+00   4.5052970e+00  -6.6146655e-01   1.8424928e-01   1.0863867e+01   8.4978907e+00  -1.4199326e+00  -3.4474077e+00  -4.3938641e+00  -2.0728262e+00   2.2467532e-01  -9.1285666e-01  -1.3126196e+00   1.6948818e-01   1.3881272e-01   7.3989009e-01   1.7416324e+00   4.4235248e+00   4.8796814e-01   7.3939189e-01  -1.5420531e+00  -4.4125989e-01   1.5876449e-01
   1.1523415e+01   2.6011754e+00   6.1026719e+00   7.2043320e-01   4.9618660e-01   9.2984353e+00   6.3823079e+00   1.2672693e+00   2.1860575e-01  -4.1085738e+00  -2.3335003e+00   5.7260932e-02  -7.9324508e-01  -8.0241569e-01   1.7999074e+00  -3.6144178e-02   4.9002393e-01   3.2972124e+00   3.3737704e+00   1.4415734e+00  -5.5149927e-01  -1.5962422e+00  -2.2694554e-01   4.2219204e-02
   1.2413747e+01   2.9205534e-01   8.8922035e+00   1.9274408e+00  -1.6888938e-01   8.8531282e+00   9.0206308e+00   1.7323341e+00  -1.2616022e+00  -4.6385774e+00  -2.8132013e+00  -6.1123031e-02  -1.3835279e+00  -3.1906341e-02   2.0443843e+00  -1.0454334e-01   2.2372313e+00  -3.7995445e-01  -1.1514572e+00   1.1525276e+00  -1.2486156e+00  -1.6487337e+00  -8.2815613e-01   1.8493876e-01
   1.1816415e+01   6.0011048e-01   8.0843589e+00  -6.6806185e-01  -3.6905073e-01   1.3062687e+01   9.9742711e+00   1.0555483e+00  -4.1825307e+00  -5.5339757e+00  -2.4996223e+00   7.2005931e-02  -9.9517396e-01   1.2209277e+00   3.3322099e+00   1.6434992e+00   4.1768647e-02  -1.9312717e+00   3.5499625e-01  -2.6998846e-01  -4.8788941e-01  -1.1434364e+00  -5.5063357e-01  -6.1120771e-02
   9.5553087e+00   3.1506624e+00   6.5810299e+00  -1.2403404e-01   3.9727149e+00   8.4118097e+00   4.9747233e+00   4.1471938e-01  -3.1197629e+00  -6.1542637e+00  -3.2319994e+00   4.9471096e-01   1.1635769e-01   1.8958416e+00  -1.3235849e-01   3.8110253e+00  -2.4874283e+00  -2.9888251e+00  -2.1492303e-01  -1.2896896e+00   1.8627813e+00   3.4272095e-01  -1.3687223e-01  -4.1002181e-01
   1.1459873e+01   3.0032635e+00   1.2256574e+01   4.2114194e+00  -1.5119626e+00   6.6221870e+00   8.9377561e+00   1.5210939e+00   4.1585199e-01  -5.0658853e+00  -2.9500516e+00  -3.1233722e-01   1.0794317e+00   1.8956388e+00  -3.0008681e+00   6.3992091e+00  -1.5884621e+00  -5.3754799e+00  -2.0300577e+00  -1.6329772e+00   1.3284476e+00   1.0447720e+00  -5.7219245e-02  -4.6732033e-01
   1.2766554e+01   1.9342412e+00   6.6075585e+00   5.2042382e+00  -3.3285759e+00   7.5901404e+00   9.2165038e+00  -4.3497312e-01  -7.6662154e-01  -4.3585412e+00  -2.7932950e+00  -4.8398417e-01   7.1348825e-01   1.1168749e+00  -9.4324343e-01   4.0503661e+00  -3.0756996e-01  -1.9591081e+00   1.5989486e+00   2.1991099e+00  -6.0350563e-01   1.0101040e+00   8.9048125e-01  -4.2550981e-01
   1.1829940e+01   4.0517793e+00   3.5697925e+00   6.2666157e+00   8.9890152e-01   5.4103016e+00   4.8082944e+00  -9.6907132e-01  -3.3664300e+00  -4.8646790e+00  -2.8048033e+00  -1.3962700e-01  -3.1852257e-01   1.1710035e-01  -1.2883984e+00  -4.8009650e-01   4.0071222e+00   5.0879046e-01   1.6999072e+00   3.0231134e+00  -1.7345357e+00  -1.0873279e+00   5.8009628e-01   3.6756273e-01
   1.0440508e+01   4.3017169e+00   9.5095553e+00   4.9239170e+00   2.3059279e+00   6.0790903e+00   9.4378771e+00   4.9584669e+00  -2.1338804e+00  -4.7397109e+00  -1.9689016e+00  -2.2990886e-01  -3.3797937e-01   5.5839915e-01   1.4043276e+00  -3.2371490e+00   3.4729325e+00   3.4699671e+00   2.8799269e+00   2.3300923e+00  -2.1642161e+00  -2.1251001e+00   1.9638780e-01   5.1104508e-01
   1.2145113e+01   1.9951762e+00   8.8729775e+00   3.6314352e+00   1.6814688e+00   8.1408978e+00   1.1376930e+01   3.3590440e+00  -1.5023222e+00  -6.5062923e+00  -2.4921038e+00   1.1196921e-01   1.3796357e-01  -2.3579383e-01   1.0266100e+00  -1.7505731e+00   1.6842497e+00   5.4484958e+00   2.0733319e+00  -7.2638073e-01  -1.7228315e+00  -2.7529319e+00  -5.8339267e-01   4.2188315e-01
   1.2101999e+01   3.8001415e+00   6.0624574e+00   1.6661050e+00   1.4895393e+00   1.1429793e+01   1.0252076e+01   8.9610759e-01  -4.9449995e+00  -6.7253848e+00  -2.6550630e+00   1.5678534e-01  -1.4135991e-02   1.4569742e+00   2.4949910e+00   1.9362261e+00  -4.5303164e-01   2.0990679e+00  -1.5692448e+00  -2.0198974e+00   1.0989623e+00   3.2340808e-01  -1.3242652e+00  -8.0618375e-02
   1.1206140e+01   3.9488762e+00   6.8332564e+00   5.2696620e+00   3.8334704e+00   1.0907694e+01   7.5111926e+00  -2.7462752e-02  -4.5451177e+00  -8.0012399e+00  -3.3368116e+00   2.9985063e-01  -2.6325018e-01   9.6271465e-01   3.5038546e+00   2.7657490e+00  -1.2016660e+00   2.0950483e+00  -9.6683499e-01  -5.1307218e-01   2.7566458e+00   1.8887376e+00  -8.3991639e-01  -4.9164069e-01
   1.0888790e+01   5.5103281e+00   1.4271902e+01   7.0091428e+00   5.5037964e-01   7.8442941e+00   9.0168787e+00   3.6218742e+00   1.0359609e+00  -3.5071250e+00  -3.5329456e+00  -4.4477713e-01  -2.2810773e-01   1.2637630e+00   2.0749458e+00   1.5933048e+00  -1.2952826e+00   1.9091262e+00  -8.1220825e-01  -3.0274196e-01   2.1166524e+00   8.8942408e-01   4.8415085e-02  -1.5774232e-01
   1.2356842e+01   2.5841548e+00   1.0024037e+01   5.1085397e+00   3.4854962e-01   1.3076220e+01   1.0544277e+01   1.2265524e+00  -3.5783371e-01  -5.2823159e+00  -3.3130371e+00  -3.2471059e-01  -7.0867562e-01   2.4499272e+00   1.8038560e-01  -8.2287672e-01  -1.1190009e+00   1.4416698e+00   3.7175642e-01  -3.5557533e-02   2.0672121e+00   1.7906651e+00   7.0275256e-01   6.9090143e-02
   1.1184486e+01   6.3781467e+00   7.5794858e+00   4.1366233e+00   1.2890759e+00   1.3209219e+01   7.5172219e+00  -1.8501294e-01  -3.8636629e+00  -6.7507107e+00  -2.5943277e+00   2.3245247e-01  -3.1698384e-01   2.7645968e-01  -9.5544421e-01   1.1051135e+00  -5.8834496e-01   3.5724270e-01   2.3975893e-01   1.6109974e-01  -1.9678427e-02  -2.6886715e-01   6.0192490e-01   3.7373340e-01
   9.9952784e+00   7.1898578e+00   1.0450043e+01   5.4716067e+00   1.7856209e+00   1.0387736e+01   8.8186557e+00   1.8226445e+00   1.0055123e+00  -3.6934495e+00  -2.7519917e+00   6.4871045e-02  -6.7118838e-01  -2.8597753e-01   1.5727991e+00   1.2884539e+00  -2.5800048e-01  -2.9387961e+00   3.2287095e-02   2.8686375e+00  -3.4259031e-02   1.5275409e+00   1.5167390e-01   1.5596328e-01
   1.1594096e+01   3.6221662e+00   1.2625733e+01   8.4852795e+00  -1.0506734e+00   9.7244000e+00   1.0239328e+01   3.5654778e+00   3.2477025e-01  -4.7048589e+00  -2.9105809e+00  -7.8967854e-02  -1.1736590e+00  -4.4358263e+00   3.7778408e+00   1.7231808e+00  -5.3719524e-01  -8.4974789e-01  -9.4426095e-01   3.4239243e+00  -1.4984182e+00   8.1192438e-02  -1.2529128e-01   8.8681830e-02
   1.1145254e+01   3.5331788e+00   9.8601121e+00   4.8668925e+00   1.1314236e+00   1.0410435e+01   9.2316544e+00   3.6542633e+00  -2.5034389e+00  -4.0139304e+00  -2.9273997e+00   6.4944494e-02  -1.0205266e+00  -4.1893809e+00   2.8729903e+00   4.6526700e-01   1.3355964e+00   2.1709622e+00  -2.3024704e+00   2.2967415e+00  -2.7889249e+00  -2.1523979e+00  -4.9989546e-02   1.2712780e-01
   8.8490099e+00   1.5527468e+00   1.3541213e+01   7.0237516e+00   8.1038169e-01   1.1923248e+01   5.8943311e+00   4.0350642e+00  -4.3568146e+00  -6.4686816e+00  -2.6945606e+00   3.6543849e-01  -9.1411122e-01  -7.3470913e-01   3.0276401e+00  -2.5214791e+00   2.3351202e+00   2.7608114e+00  -1.3428130e+00   1.7458636e+00  -2.2740702e+00  -2.6884348e+00   2.3724244e-02   3.7260066e-02
   9.8370316e+00   1.9404961e+00   1.4301789e+01   6.9002712e+00   2.8584880e+00   1.2544755e+01   7.5374482e+00   5.0329635e+00  -8.3708265e-01  -6.0401350e+00  -2.9349862e+00   3.3359579e-02   5.7511553e-01   1.0122279e+00   1.0281121e+00  -3.0076953e+00   3.2515487e+00   3.6415940e+00   7.6742724e-01  -8.3682405e-01  -1.9391122e+00  -2.1770580e+00   9.2019872e-02   6.3809664e-02
   1.0877040e+01   3.3164438e+00   1.4946355e+01   3.6863716e+00   1.5884747e+00   1.2798457e+01   9.0722111e+00   5.4949231e+00  -3.9195132e+00  -7.7244089e+00  -2.8712013e+00  -7.2852981e-03   2.4306017e-01   3.9413513e+00  -1.4593543e+00  -4.7393155e+00   1.8011677e+00   3.6258173e+00   1.1522727e+00  -4.5476894e+00   3.1790330e-03  -1.7791772e-01   9.8024286e-01  -1.0626105e-01
   1.0993912e+01   4.1696721e+00   1.0699709e+01   2.0240395e+00   5.6197001e+00   1.5435222e+01   8.7938552e+00   1.6690978e+00  -5.6307579e+00  -6.6516538e+00  -2.7010495e+00   3.4702088e-01  -5.7708642e-01   3.5005430e+00  -8.8228709e-01  -3.4532980e+00   8.3812305e-01  -5.5974760e-01  -3.0553933e+00  -3.4912891e+00   1.6101196e+00   7.0888303e-01   9.2364549e-01  -2.2807940e-01
   8.6351599e+00   6.3501857e+00   1.3153221e+01   2.3528941e+00   2.1315272e+00   1.5916741e+01   6.9945367e+00  -1.1045371e+00  -1.9552084e+00  -6.4297988e+00  -1.3411646e+00   4.9216259e-02   8.7144394e-01   8.4363051e-01  -1.2129531e+00  -7.3400651e-01   1.9982557e+00  -2.9542931e+00  -4.7895730e+00   2.4942043e-01   3.1063874e+00   1.6969254e+00   3.6013563e-01  -5.7455803e-01
   1.0092342e+01   5.6744397e+00   1.3874925e+01   2.3870630e+00   3.8441463e+00   1.0145992e+01   3.9931956e+00   3.0957600e+00   5.9594434e-01  -5.6241155e+00  -2.3145363e+00  -3.3701030e-01   1.9651939e+00  -1.5557458e-02  -1.5799110e+00   1.9715294e+00   2.3453556e+00  -3.2410041e+00  -3.0215397e+00   1.8412318e+00  -5.7811062e-02   8.1304824e-01  -3.7261352e-01  -5.2367381e-01
   1.2634991e+01   3.8295058e+00   1.1539317e+01   2.4038501e+00   5.4736351e+00   1.1011632e+01   4.2881814e+00   5.1557226e+00  -2.3732832e+00  -5.6927899e+00  -2.5242544e+00  -5.2710676e-01   1.3526668e+00  -1.7786288e+00  -1.1251152e+00   4.0614059e+00   4.9495313e+00  -6.4722908e-01  -2.5259062e+00  -7.1798036e-01  -4.2131285e+00  -2.2141978e-01  -1.2674091e+00  -2.6120111e-01
   1.1941787e+01   5.4066759e+00   9.1367944e+00   4.9558556e+00   7.4666796e+00   1.3026270e+01   5.6147233e+00   1.3008156e+00  -5.5084371e+00  -5.8005859e+00  -2.6684249e+00  -1.5032833e-01  -4.8084824e-01  -1.4248756e+00  -5.8466601e-01   4.3920103e+00   1.6491387e+00   9.1886960e-01  -1.5294621e+00  -6.0429245e+00  -2.1909889e+00  -1.4061873e+00  -8.0346383e-01   5.7641337e-02
   9.7394375e+00   3.8161244e+00   1.3834614e+01   7.1606067e+00   7.7445576e+00   1.3505758e+01   2.3949135e+00  -1.2840354e+00  -5.2227104e+00  -6.6736933e+00  -3.0653339e+00  -4.3592639e-01  -1.3240830e+00   8.4140379e-01   8.6595978e-01   2.6655657e+00  -3.8471816e-01   9.7182699e-02  -8.1485437e-01  -5.1451958e+00  -8.6047203e-02  -2.1445511e+00  -2.5663716e-01   2.4711874e-01
   1.0818847e+01   3.5438170e+00   1.1850278e+01   6.5967002e+00   5.1823931e+00   1.0277234e+01   2.6456364e+00  -2.7487478e+00  -1.2658253e+00  -7.2429448e+00  -3.2491923e+00  -2.9613847e-01  -1.9410190e-01   3.4134998e+00  -6.7766873e-01   1.7250668e+00   6.6663738e-01  -2.0687163e+00  -9.7029633e-01   2.8207243e-01  -2.4953060e-01  -2.0345526e+00   2.5365281e-01   9.8880130e-02
   1.1210337e+01   6.0230409e+00   1.1481515e+01   5.5817763e+00   6.0387011e+00   1.2531924e+01   4.5504433e+00  -5.3728942e-01  -4.6236599e+00  -8.1884370e+00  -2.6188265e+00  -8.3523574e-02   1.6144806e-01   4.9069699e+00  -3.8347525e+00   2.6648177e+00   2.9728985e+00  -1.3011355e+00  -6.9758694e-01   1.4991336e+00  -9.6196028e-01  -4.5287040e-01   1.3734135e-01   3.2948918e-01
   1.0915185e+01   9.4234673e+00   9.2968405e+00   8.3328710e+00   9.3195639e+00   1.0410112e+01   3.0815139e+00   1.3505512e+00  -6.1822583e+00  -8.0950429e+00  -2.5111994e+00  -1.7820954e-01  -6.2154698e-01   3.7151765e+00  -2.1541911e+00   4.2526216e-01   4.3082212e+00   2.9830075e+00   3.8673694e-01   1.4842346e+00  -6.8886207e-01   1.4766747e+00  -1.2090271e-01  -2.3860843e-01
   9.9334406e+00   8.2367541e+00   9.3592035e+00   1.0289748e+01   1.0135320e+01   1.1487616e+01   1.1305943e+00  -1.0849845e+00  -4.2074343e+00  -6.9269498e+00  -3.2283184e+00  -6.5708759e-04   2.3775491e-01   1.7229361e+00   2.5597323e-01  -5.0156685e+00   1.3726794e-01   3.9770594e+00   2.4625817e+00  -1.9289465e-01   2.1507531e+00   1.9435078e+00  -4.5752127e-01  -4.8533283e-01
   1.0524974e+01   8.0097252e+00   9.6801470e+00   4.8806077e+00   9.5964154e+00   1.5273899e+01   4.9356663e+00  -2.4854827e-01  -2.5072312e+00  -5.6586763e+00  -3.1258004e+00  -6.9548436e-01   7.7093315e-02   1.6643458e+00   1.0553894e+00  -8.8556656e+00  -2.8667748e+00   5.8322689e+00   6.0481653e+00  -1.3958136e+00   1.2109026e+00   2.2608509e-01   2.8006861e-01  -8.5005557e-02
   1.1762075e+01   9.3143162e+00   1.1673822e+01  -2.1559470e-01   6.1061773e+00   1.6065620e+01   7.3172397e+00  -2.7081642e-02  -3.2350438e+00  -6.4913586e+00  -2.9978079e+00  -5.5288540e-01  -1.1553648e-01   1.2683080e+00  -4.8697304e-01  -5.9239917e+00  -1.7232398e+00   2.3269995e+00   4.2655345e+00   1.0928979e+00   3.5296314e-01  -8.8667846e-01   6.7651699e-01  -8.1560310e-02
   1.0116508e+01   1.1381205e+01   9.7226155e+00   3.0204380e-01   7.0339731e+00   1.6869513e+01   9.0604391e+00  -1.2721207e+00  -4.8520996e+00  -7.9737109e+00  -2.2063517e+00  -2.9603721e-02  -6.6355573e-01   1.3598808e-01  -2.2882616e+00   6.8540913e-01   7.3219004e-01  -9.8314714e-01  -1.3449545e+00   1.5526386e+00   1.5444127e+00   1.9904004e+00   1.2404073e+00   1.7245151e-01
   9.9643692e+00   8.4534763e+00   8.6075096e+00   3.6930423e+00   8.8316814e+00   1.4180308e+01   5.4665096e+00   1.0661485e+00  -2.5055554e+00  -7.0994502e+00  -2.6732672e+00  -4.5593787e-01  -5.5426488e-01  -1.3431026e+00  -2.6926944e+00   1.4673203e+00   9.8650550e-01  -2.2584862e+00  -2.6747101e+00   1.0900306e+00   1.7123341e+00   3.0675600e+00   1.1467924e+00  -1.3766122e-01
   1.0428493e+01   8.6441273e+00   7.7809106e+00   3.9544029e+00   9.3319483e+00   1.4741835e+01   3.8435996e+00   1.5337946e+00  -5.5535631e-01  -2.3690299e+00  -1.4274598e+00  -4.8528086e-01  -5.5506824e-01  -1.4027257e+00  -2.4993324e+00  -1.8174805e+00  -1.5458101e+00  -1.2757290e+00  -3.1471752e-01   2.6725329e-01   4.3001178e-01   2.1951834e+00   2.9522593e-01  -1.7097359e-01
   1.0774684e+01   8.6682010e+00   8.6056326e+00   1.5920615e-01   6.4369479e+00   1.3741730e+01   5.9135944e+00   2.0500668e-01  -2.8149143e+00  -4.6923590e+00  -1.6670653e+00  -5.3153866e-01  -2.2700517e+00   1.5748191e+00  -3.2561220e+00  -3.4449762e+00  -2.5509214e+00  -2.2667430e+00   2.3594646e+00  -9.3683441e-01  -2.2946451e+00   3.5985347e-02   4.2311877e-01   1.0560996e-01
   8.8787478e+00   9.1697540e+00   5.9745555e+00  -6.5725892e-01   5.9126247e+00   1.5175209e+01   8.3648205e+00  -4.4066979e-01  -4.0524025e+00  -5.8844815e+00  -2.2666138e+00  -2.4826370e-01  -3.8101274e+00   2.6169229e+00  -7.8514051e-01   1.0487799e-01   3.6831372e-01  -3.9769719e+00  -3.4416138e-03  -1.3158839e+00  -4.6166741e-01  -8.6378769e-01  -8.1878348e-01  -5.6043970e-02
   7.3341644e+00   1.0552892e+01   4.6265042e+00   8.3140888e-01   6.7149612e+00   1.0563506e+01   6.7450961e+00   6.4812912e-01  -4.1990000e+00  -5.2877464e+00  -1.6190121e+00  -4.1603151e-01  -3.1806642e+00   8.3177781e-01   1.8912989e+00   3.7252551e+00   1.8219490e+00  -4.7440431e+00  -6.8846771e-01   2.3474563e+00   3.1811366e+00   4.4499294e-01  -7.8746743e-01   4.4242772e-02
   6.4335622e+00   1.1627166e+01   8.5927640e+00   3.7756185e+00   9.7454123e+00   1.0365489e+01   3.4226863e+00  -6.6159253e-01  -5.5581460e-01  -3.3670177e+00  -2.6796616e+00  -6.2710040e-01  -4.5798859e-01  -7.9549363e-01   2.4461554e+00   2.7013873e+00   3.9717368e-01  -2.1260178e+00  -7.8978407e-01   2.5105475e+00   2.6627350e+00   1.0387591e+00  -1.7138256e-01  -1.2509165e-03
   7.2262809e+00   8.6871616e+00   1.0133477e+01   3.5306501e+00   7.2534776e+00   9.0305255e+00   7.3519599e+00   3.8366525e+00   2.0849669e-01  -5.2836015e+00  -2.6417425e+00  -2.7575616e-01   7.8624913e-01  -3.2063081e-01   1.3392291e+00   1.9359254e+00  -2.6371784e+00  -1.4452996e+00   1.9722855e+00   2.4788001e+00  -1.3163092e+00   9.5586977e-01   1.2072752e-01   3.0814663e-02
   8.2457067e+00   8.9093786e+00   6.8903023e+00   2.0452015e+00   6.2391270e+00   1.2752672e+01   6.8767125e+00   1.7308898e+00  -2.2620484e+00  -4.3284153e+00  -2.0123224e+00  -3.2027775e-01  -1.5219163e-02  -2.2090509e+00  -2.9463343e+00   4.8315602e-01  -4.1565822e+00  -3.6088672e+00   1.0231655e+00   1.8656817e+00  -3.0099250e+00   1.1307073e+00   9.8024285e-01  -1.6845089e-01
   7.6074659e+00   1.1430839e+01   7.4865787e+00   4.6005055e+00   4.5123362e+00   7.2019650e+00   7.9765112e+00   3.1700881e+00  -5.3203468e+00  -3.3732430e+00  -1.7715904e+00  -5.2322083e-01  -1.7540789e-01  -1.2009002e+00  -2.2287967e+00   1.5862148e+00  -1.1340256e+00   3.7582081e-02  -1.2968588e+00  -1.8296585e+00  -2.0203576e-01   2.0570195e+00   1.5326175e+00  -2.7712028e-01
   6.2201410e+00   6.9417511e+00   5.4967115e+00   3.9654248e+00   4.8811096e+00   5.8664684e+00   4.6451589e+00   2.4702122e+00  -2.3062804e+00  -2.6261361e+00  -1.6443734e+00  -7.5604439e-01   7.0407112e-01   1.0320306e-01   7.2078679e-01   1.7994396e+00  -6.4255772e-01   8.6462661e-01  -6.6265135e-01  -1.7023364e+00   2.2257286e+00   1.1634790e+00   4.0298852e-01  -3.2548934e-01
   7.9759519e+00   7.8696249e+00   7.4870770e+00   4.9498606e+00   6.2314479e+00   1.2530001e+01   6.5224485e+00   7.2250351e-01  -7.2440979e-02  -3.0492118e+00  -5.2679082e-01  -4.7355326e-01   1.0349626e+00   2.2081710e+00  -8.6586935e-01  -4.1691769e-03   2.9016907e+00   9.0694329e-01  -8.1685011e-01  -2.9531275e+00   1.3873169e+00  -3.0519989e-01   2.5979032e-02  -5.7291605e-02
   9.1175704e+00   1.0844790e+01   7.9712333e+00   4.5696834e+00   4.4157346e+00   1.1385595e+01   6.6097668e+00   4.0117748e-01  -1.5474085e+00  -2.7452123e+00  -2.0302394e+00  -8.3334555e-01  -5.6711380e-01   3.3852196e+00   6.2389128e-01   3.5941896e+00   3.1521694e+00  -3.4836470e+00  -7.2087743e-01  -3.4285729e+00  -3.2526051e+00  -2.7080170e+00  -1.7826239e-01   3.7545943e-01
