  -5.0709247e+00   2.7362004e+00   3.1804526e-01   4.8621363e+00   4.3887468e+00  -4.1963560e+00   2.2540963e+00   3.6881622e+00   1.3907929e+00   7.1154338e-01  -1.3490203e-01   2.9964355e-01   4.9960772e-02   1.7643777e-01   1.7777517e+00  -7.2664737e-01  -7.0409013e-01  -8.0943987e-01   4.0306357e-02  -7.7681254e-01   2.0692345e+00   1.5554930e+00   8.7293307e-01   1.8176864e-01
  -5.1338793e+00   2.7811958e+00   2.2369364e-01   4.2887462e+00   2.2322519e+00  -2.6256082e+00   3.0853354e+00   1.6041747e+00   1.0304948e+00   1.2035410e+00   3.7003830e-02   2.4217986e-01   3.0193177e-01  -8.8160219e-01   1.2649457e+00   1.1291624e+00   6.3353550e-01   2.9174910e+00  -3.5965789e+00  -6.8430223e-01   4.4561174e+00   1.7155917e+00   5.6664578e-01  -1.3551608e-01
  -5.2498585e+00   2.5078180e+00   2.3356778e+00   5.7799889e+00   3.6868380e+00  -4.3004047e-01   1.2491361e+00   2.0436978e+00   2.1532207e+00   1.2216242e+00   8.4207967e-01   1.9230653e-01   8.3540283e-01  -2.0180296e+00  -3.9937279e-02   1.2260503e+00   2.4437115e+00   5.2703069e+00  -4.1751517e+00   1.7004298e+00   5.2312400e+00   7.7169128e-01   1.8620626e-01  -1.0151231e-01
  -4.6676893e+00   1.0414505e+00   7.6936926e-01   6.8705651e+00   6.3035785e+00   1.0047398e+00  -1.8995537e+00   2.2884804e+00   6.3279698e+00   2.5732266e+00   3.6991243e-01   3.5515232e-02   1.1800612e+00  -2.3498656e+00  -7.7548339e-01   1.4962086e+00   3.6296596e+00   3.2780781e+00  -5.0333494e+00   3.7989582e+00   4.4375819e+00  -5.1875718e-01  -5.7837785e-01  -5.4473118e-02
  -4.0509155e+00   5.7902868e-01  -1.4698476e-02   5.4103024e+00   6.0186508e+00   1.8939304e+00  -1.5161866e+00   5.8966540e+00   6.5889154e+00   1.1842375e+00  -2.2046949e-02   2.5070740e-01   4.1459196e-01  -7.1732749e-01  -2.6393665e+00  -8.5276837e-01   9.0783897e-01   5.3204877e-01   2.1379829e-01   2.5791835e+00   1.2868171e+00  -2.2963335e+00  -8.0826042e-01  -1.6181466e-01
  -3.9632591e+00   2.2079200e-01   2.3565669e-01   6.7179024e+00   6.5108348e+00   1.1295236e+00  -3.0820273e+00   5.3761339e+00   5.4690203e+00   4.4409857e-01  -3.9849963e-01   1.3126975e-01  -1.6884331e+00  -2.5522490e+00  -7.5875851e-01   1.2993985e+00  -1.7608858e+00  -8.0294322e+00   4.4628441e+00   1.9606755e+00  -3.3067142e+00  -3.5999238e+00   5.7997296e-01  -1.9045040e-01
  -4.9801857e+00   1.8421560e+00  -1.3565157e+00   4.5771677e+00   4.9449682e+00   3.0564078e-01   2.1610704e+00   4.3686463e+00   4.5129212e+00  -1.1583120e+00   1.3895067e-02  -9.8292721e-02  -1.7630800e+00  -3.0189382e+00  -3.4053428e-01   2.0391083e+00  -2.5414266e+00  -1.1564446e+01   6.3202653e+00   6.6908843e-01  -3.3502942e+00  -2.5842792e+00   1.6144401e+00  -1.0050629e-01
  -6.7357039e+00  -3.4184867e+00   3.0214012e-01   9.2362302e+00   4.1990910e+00  -1.0245264e+01   2.9560839e+00   5.9934975e+00   2.4058955e+00  -1.6553843e+00   1.2219009e+00  -7.5660306e-02  -1.0076126e+00  -2.6984509e+00  -5.9770008e-01   1.1306910e+00  -2.2472261e+00  -1.0151661e+01   6.9142010e+00   2.2226858e+00  -1.4749281e+00  -1.1806933e+00   1.9324562e+00   1.7371914e-01
  -5.3093131e+00  -2.1297392e+00  -5.5874161e-01   7.2098010e+00   3.3623828e+00  -9.7653455e+00   4.9451556e+00   6.5916049e+00   3.0950364e+00  -1.6424399e+00   1.5894130e+00   2.0341299e-01   1.4335409e+00  -2.1531897e-01  -1.4646226e+00  -1.3023656e+00  -1.3505591e+00  -2.7579736e+00   3.3384439e+00   1.3906431e-01  -2.3956701e-01   8.4622894e-01   6.5029384e-01   3.0885266e-01
  -5.3101142e+00  -1.8409367e+00  -1.0597805e+00   7.0976222e+00   3.9312884e+00  -9.0624753e+00   5.8972316e+00   7.5986832e+00   3.9655705e+00  -1.0848774e+00   1.7124257e+00   2.4099560e-01   1.8139505e+00   4.2559637e+00  -2.1052192e+00  -5.0947744e+00  -6.6126626e-01   8.4864764e+00   2.8974395e+00  -1.2970359e+00   1.7803360e+00   2.1474362e+00  -9.9095134e-02   6.6963003e-01
  -3.5426692e+00   7.3040254e-01  -2.8724894e+00   3.6929232e+00   3.0530309e+00  -4.4227139e+00   5.6981624e+00   3.7746499e+00   3.3737332e+00  -1.7422202e-01   7.4407340e-01   2.0665831e-01   1.3787981e+00   3.7933435e+00   7.5402669e-01  -3.7402935e+00  -1.0993091e+00   1.1091733e+01   1.7404820e+00  -5.0589472e-01   9.0235844e-01   2.0516992e+00  -1.0037484e+00   6.6075734e-01
  -4.8981000e+00   1.5353880e+00  -1.6988148e+00   3.3525075e+00   3.3618676e+00  -1.8686494e-01   6.9257397e+00   5.4564210e+00   4.9370512e+00   8.3166106e-01   1.4959279e+00   9.2716209e-01   1.8645769e+00   3.6023690e+00   3.4928635e+00  -2.6706001e+00  -1.7417612e+00   1.0735768e+01   2.4028216e+00  -1.9779397e-01  -1.3065872e-01   1.1736934e+00  -1.5195245e+00   6.0607397e-01
  -3.4471231e+00   1.8721136e+00   8.9181559e-01   3.4719181e+00   1.9981295e+00   2.4344487e+00   7.0416246e+00   6.9038939e+00   3.9628337e+00   4.7683968e-01   1.9203929e-01   8.5146576e-01   1.3775493e+00   2.3142193e-01   4.4835547e+00  -5.8742132e-01   7.8339985e-01   7.0870595e+00   7.1261761e-01  -1.9617447e+00   7.3935776e-01   2.0489999e+00  -1.1952654e+00  -2.7010453e-01
  -2.5610219e+00   2.9917612e+00   2.2973623e+00   3.2022246e+00   1.8460973e+00   3.6125957e+00   8.8297329e+00   5.7373703e+00   3.4750322e+00   3.5013189e-01  -2.9084400e-01   8.2770282e-01   2.4686090e+00  -8.9895937e-01   1.0819780e+00  -4.1693551e+00   9.6100732e-01   3.1162245e+00  -1.4514810e+00  -4.6924350e+00   1.2932849e+00   2.4524126e+00  -2.5882819e-01  -8.7842601e-01
  -2.6448843e+00   3.4934885e-01   1.8547541e+00   2.8869327e+00   4.9860158e+00   4.3081450e+00   5.8150923e+00   6.9155821e-01   5.2137793e+00   3.1400424e+00  -1.5543868e-01  -1.4876885e-01   2.1739721e+00  -1.0453575e+00  -2.0340300e+00  -6.1378656e+00   1.7726594e+00   2.1611856e+00  -1.2015186e+00  -4.8824621e+00   2.5769233e+00   2.9915098e+00   1.2985409e+00  -8.2520531e-01
  -1.5963059e+00   9.4833136e-01  -5.5731713e-01  -2.6090325e+00   3.3094354e+00   3.5506236e+00   5.3617844e+00   1.5239363e+00   6.2515057e+00   3.1786786e+00   1.2814246e+00   1.0964038e-01   2.8746330e+00   1.8918277e+00  -4.0491279e+00  -8.6731626e+00   1.2988668e+00   3.9116204e+00  -8.8411773e-01  -5.7679891e-01   1.8045215e+00   1.7352697e+00   2.3907923e+00  -3.7996779e-01
  -6.6852299e-01   1.3257922e+00  -7.3188974e-01  -2.8292518e+00   3.9254496e+00   5.7072131e+00   6.9733209e+00   1.6869177e+00   6.4399819e+00   3.5498311e+00   1.3537163e+00  -2.7310973e-02   3.1689804e+00   5.2525726e+00  -2.2541690e+00  -6.3793648e+00  -5.0775260e-01   5.8974156e+00   2.4606617e+00   4.7447856e+00  -1.7941017e-02  -1.7659880e+00   1.6568156e+00   3.2445344e-01
   7.6274695e-01   5.3412811e+00  -2.4830077e+00  -6.9494271e+00   4.3246806e+00   8.7804923e+00   6.9244419e+00   4.3744922e+00   5.5687130e+00   2.7481421e+00   2.5407669e+00   1.9702220e-01   2.5911945e+00   5.4546435e+00  -2.8455929e-01  -2.6607608e+00   7.6295455e-01   5.4510654e+00   1.4466667e+00   5.5786040e+00  -1.4561202e-02  -2.5870297e+00   5.3704696e-01   1.4470443e-01
   9.2905987e-01   6.0317330e+00  -5.6365416e-01  -4.5119172e+00   3.7167643e+00   1.0539334e+01   8.7247560e+00   6.3834587e+00   5.5282641e+00   7.0632855e-01   1.7001135e+00   2.9422040e-01   2.1594540e+00   4.4398547e+00   6.8781263e-01  -6.1006878e-01  -1.8968920e-01   2.1538419e+00  -7.8406538e-01   4.4759912e+00   1.2312017e+00  -2.7244333e+00  -2.4166456e-01  -1.7785740e-01
   1.4916944e+00   6.7773263e+00  -1.0682739e+00  -5.7588409e+00   4.5582098e+00   9.3111612e+00   6.6560669e+00   7.5435718e+00   6.6855228e+00   7.1988527e-01   1.9137965e+00   1.6593133e-01   1.5885406e+00   6.3333329e-01   1.4344538e+00   2.8199451e+00  -5.1110140e-01  -9.2089578e-01  -3.7538851e-01   2.3549759e+00   2.0003719e+00  -9.9305575e-01  -9.2740389e-01  -4.7622252e-01
   2.2061842e+00   7.2675516e+00  -4.0753774e-01  -4.3396481e+00   3.5241511e+00   8.6726415e+00   5.9314104e+00   6.8163647e+00   7.7283796e+00   4.7730951e-01   1.3047047e+00  -2.7855164e-01   1.6510784e+00   1.4897384e-01   2.7325663e-01  -1.2586242e+00  -1.4319643e-01  -1.0767782e+00  -1.0470532e+00  -1.8816511e-01   3.2985697e-01   4.1042545e-01  -1.1397607e-01  -5.4083145e-01
   2.5069957e+00   5.6733717e+00  -4.0938517e-01  -2.8056440e+00   3.6543351e+00   8.3324948e+00   7.7580320e+00   7.6905030e+00   7.4692132e+00   1.3730680e+00   1.3473655e+00  -2.3092555e-01   8.4453088e-01   8.5688601e-01   3.2158833e-01  -4.2463598e+00  -6.1844210e-01   2.9912256e+00   2.3216502e+00  -1.2987393e+00  -1.3337496e+00   8.9978280e-02   3.8173424e-01  -3.7890354e-01
   2.8980268e+00   6.8071711e+00  -4.8321355e-01  -7.8764519e+00   3.9539071e+00   9.4134999e+00   6.6031937e+00   6.0277454e+00   5.6312044e+00   9.9537535e-01   1.8123649e+00  -3.1859833e-01  -3.2296160e-01   1.2202042e+00  -5.6636668e-01  -7.0823767e+00  -3.7082321e-01   5.1485083e+00   4.0916495e+00  -3.2704748e-01  -1.3500252e+00   3.6581889e-01   1.5990643e+00   1.3450102e-01
   2.4125694e+00   8.2928456e+00  -5.4805347e-01  -1.0359979e+01   3.4156687e+00   1.3427570e+01   9.8026506e+00   5.9897725e+00   5.7334860e+00   5.9581977e-01   2.2325677e+00  -3.8240063e-01  -2.3469198e-01   9.9367709e-01  -7.8505081e-01  -4.8331775e+00   2.0159301e+00   9.9526924e-01  -2.4248292e-01   8.7450891e-01   1.0013040e-01  -1.0304856e-01   9.2512909e-01   1.9114300e-01
   1.7689550e+00   7.7881209e+00  -1.1877536e+00  -1.1186046e+01   3.0872495e+00   1.3847866e+01   1.1046575e+01   7.1761587e+00   6.5712054e+00   1.4146620e+00   3.2607000e+00  -1.0625748e-03   7.6133821e-01  -3.1247559e-01  -7.1551457e-01  -1.9625836e+00   2.4971062e+00  -2.2714360e+00  -1.7573969e+00   2.1731932e+00   3.9095467e-01   7.6542022e-01  -7.2301405e-02   2.9226811e-01
   2.7194937e+00   6.6734124e+00  -1.2346913e+00  -8.4006132e+00   7.1115591e+00   7.6082156e+00   5.1726168e+00   8.4280597e+00   7.1494083e+00   1.0088519e+00   2.0108916e+00  -1.0297893e-01   1.9623658e+00   1.4088588e-01  -4.4450716e-01  -2.3518717e+00   2.6261391e+00  -3.0140605e+00  -3.2023248e+00   7.1865475e-01  -9.9591697e-01   1.3993687e+00  -7.2343375e-01   1.2163168e-02
   3.8865720e+00   7.1481743e+00  -1.2131665e+00  -1.1800010e+01   5.8516212e+00   8.9160234e+00   6.2821152e+00   8.0683915e+00   5.5096753e+00   1.9369896e+00   1.8147509e+00  -1.9907011e-02   2.8267536e+00   1.1205365e+00   1.4682669e-02  -2.9435211e+00   1.7206600e+00  -4.0708355e-01  -2.1376669e+00  -2.6457446e+00  -2.2025458e+00   1.8165396e+00  -1.2047486e+00  -3.7731985e-01
   4.2973096e+00   8.8241478e+00  -1.2021078e+00  -1.3580804e+01   5.9726915e+00   1.1372401e+01   7.3813934e+00   6.6216382e+00   4.7703756e+00   2.4337090e+00   1.8703917e+00  -3.5473366e-01   1.4932928e+00   2.8402165e-01   8.3835926e-01  -1.8055171e+00  -1.6363718e+00   2.9466917e+00   1.4705999e+00  -3.7716650e+00  -9.6046597e-01   9.2876311e-01  -8.5573752e-01  -3.5128933e-01
   5.2201774e+00   8.3935580e+00  -1.1820214e+00  -1.3011232e+01   6.2376733e+00   1.1355148e+01   6.7356867e+00   4.1107526e+00   4.4569030e+00   3.4270428e+00   1.5238270e+00  -4.4116498e-01  -1.7140108e-01  -8.8509364e-01   6.6507027e-01   3.1835925e-01  -1.3081049e+00   3.0552105e+00   1.4643625e+00  -2.2476895e+00   1.6675424e+00   2.3400177e-01  -6.4485320e-01  -2.4493808e-01
   4.2926301e+00   6.4767530e+00   7.2750014e-03  -1.0503278e+01   4.4639753e+00   1.0808691e+01   7.1517309e+00   4.7493816e+00   6.2350955e+00   1.6569699e+00   8.7274722e-01  -4.1928395e-01  -1.0588072e+00  -1.5887436e+00  -1.3561519e-01   8.5747839e-02  -1.5214779e+00   4.0048907e+00   2.4891544e+00   5.6353351e-02   2.8072507e+00  -1.5856168e-01  -1.0949136e-01   1.5441441e-01
   3.6318101e+00   6.9942312e+00  -8.2025245e-01  -1.2861234e+01   4.6438219e+00   1.3780694e+01   8.5934902e+00   5.6329856e+00   7.2786290e+00   2.6763618e+00   1.3462933e+00  -3.5503899e-01  -5.4781340e-01   7.3940365e-01  -2.7048876e+00   1.3205742e+00  -1.4100922e+00   5.4138744e-01   1.7955915e+00  -9.2287974e-01   6.6529472e-01  -9.7766695e-01   8.2829864e-01   4.7978044e-01
   3.5032824e+00   7.1406957e+00  -1.5864150e+00  -1.3527181e+01   4.4874003e+00   1.6166964e+01   1.0186223e+01   5.9450517e+00   7.5703887e+00   2.5712070e+00   1.7949215e+00  -1.6617505e-01   9.5666109e-01   3.7840399e+00  -4.1923478e+00   2.6717525e-01  -7.4934283e-01  -1.5800014e+00   7.3464840e-01  -3.4219488e+00  -1.4958120e+00  -1.5787984e-01   1.0151263e+00   3.4573159e-01
   4.7931311e+00   9.1706921e+00  -4.4425078e+00  -9.5184190e+00   4.1108224e+00   9.4880926e+00   7.9118278e+00   2.1285980e+00   4.7871985e+00   1.5034239e+00   2.3051878e+00   1.5195123e-01   1.0875308e+00   2.1934284e+00  -4.2749511e+00   2.9477715e+00   2.0081986e-01  -4.5936010e+00  -2.0889583e-01  -1.9162157e+00   1.7787902e-01  -5.6730199e-01  -2.1159327e-01   7.9746741e-02
   5.1469613e+00   1.1064582e+01  -4.4701191e+00  -1.1773923e+01   3.6064608e+00   1.0584990e+01   8.5945347e+00   1.3686522e+00   5.2370928e+00   2.0066191e+00   1.9159894e+00  -1.5418168e-01   6.2117465e-01  -7.0419958e-01  -2.1454889e+00   4.0022892e+00   6.9000285e-04  -4.4705691e+00  -2.0418483e+00  -1.1045524e+00   4.0077200e-01   2.1089668e-01  -7.0509035e-01  -1.2728171e-01
   4.4412669e+00   8.3224305e+00  -5.7908271e+00  -9.3162063e+00   5.3855215e+00   9.6812802e+00   9.0759907e+00   5.0468617e+00   8.7120955e+00   2.1077027e+00   9.6836943e-01  -2.4141556e-01  -7.4270068e-01  -2.5280890e+00  -3.3344533e-01  -2.3863871e-01   2.5087140e+00  -1.5887216e+00  -1.0701941e+00   2.5530006e+00   1.2931832e+00   2.7052106e-01  -8.4326571e-02  -1.2924336e-01
   4.6109765e+00   6.5085272e+00  -4.1304887e+00  -7.6248538e+00   3.8510858e+00   9.3645166e+00   6.5413693e+00   2.8290913e+00   6.2090982e+00   2.5854126e+00   1.4056952e+00  -1.6041422e-01  -1.2889602e+00  -2.7822653e+00  -7.5864011e-01  -1.5324421e+00   4.6571407e+00  -1.2566823e+00   1.6823533e-01   3.3573245e+00   6.3015252e-01   1.4772125e-01   8.8745297e-01  -6.3534208e-02
   3.9470724e+00   7.6565862e+00  -5.1124910e+00  -1.1950911e+01   7.7515810e+00   7.7152466e+00   7.3331193e+00   5.2278793e+00   6.2409706e+00   1.6198088e+00   2.4338451e+00  -3.8797532e-02  -9.0645177e-01   2.1981475e-01  -1.3157370e-01  -5.3669836e+00   3.7001345e+00   1.1968809e+00   1.3647144e+00   6.9565636e-01  -3.2547964e-01   2.7493696e-01   1.4191707e+00  -7.6430247e-02
   3.4606182e+00   7.2241067e+00  -5.9472473e+00  -1.2755233e+01   9.4091421e+00   9.6829828e+00   9.7183234e+00   6.3141302e+00   7.4178840e+00   2.4721480e+00   2.5144310e+00  -3.5079200e-01   4.3435448e-01   9.8873812e-01  -2.5737766e-01  -2.6833288e+00  -1.1288835e+00   1.2749792e+00   1.5472230e+00  -6.8667081e-01   2.3940475e-01  -3.4382111e-01   5.2527546e-01  -7.8348973e-02
   3.6567684e+00   8.2943629e+00  -5.0798084e+00  -1.4801492e+01   8.1566951e+00   1.1317368e+01   9.5345853e+00   4.3478268e+00   7.6194831e+00   2.5767405e+00   2.5427576e+00  -2.6087204e-01   1.6373128e+00  -9.8050903e-02   7.4707455e-01   1.3653735e+00  -5.9218466e+00   1.4442282e+00   2.3977076e-01  -2.1898388e+00  -6.3627605e-01  -5.1256662e-01  -3.1231645e-02   4.7971469e-02
   5.4076603e+00   7.6727460e+00  -4.5328965e+00  -1.0224557e+01   1.9552034e+00   9.4759245e+00   7.7614709e+00   2.2391114e+00   5.8789491e+00   1.5912150e+00   2.1391521e+00  -1.6690043e-01   1.2509270e+00  -1.1068532e+00   2.6823465e-02   2.5775770e+00  -6.1835596e+00   1.1094409e+00  -9.9752509e-02   2.4145445e-01   4.1050011e-01  -5.0414590e-01   1.0192888e-01   2.2553029e-01
   5.4295206e+00   7.2851902e+00  -4.6990546e+00  -1.1168189e+01   2.5957803e+00   9.9851180e+00   8.6712017e+00   3.9806305e+00   6.0560240e+00   1.2914253e+00   2.5746371e+00  -5.8786117e-02   1.7406280e-01  -2.2466646e-01  -9.5647119e-01   1.1076622e+00  -1.7094036e+00  -2.3522940e-01  -7.4843641e-01   2.0538420e+00  -1.2215989e+00   1.1553330e+00   2.6796525e-01   1.2944771e-01
   4.4506325e+00   6.0684132e+00  -6.0973890e+00  -1.0705519e+01   2.9142601e+00   1.2013269e+01   1.0000386e+01   6.8599100e+00   8.8153637e+00   2.3585867e+00   2.6513846e+00  -1.1353954e-01  -1.0944149e+00   8.4722788e-01  -1.7059986e+00  -1.9725096e+00   2.9147595e+00  -4.5602831e-01  -1.2861034e-01   2.1624063e+00  -1.8499026e+00   2.5745265e+00  -6.7491904e-02   8.2204431e-02
   4.3963765e+00   8.7595296e+00  -5.7322689e+00  -1.2899518e+01   5.1130613e+00   9.6958519e+00   7.2924730e+00   5.1181904e+00   4.3188775e+00   3.9260541e+00   2.6885892e+00  -9.3380925e-02  -1.0255169e+00   2.0040703e+00  -1.6372892e+00  -1.8998413e+00   2.9868870e+00   2.4039888e-01   9.2535076e-01   1.0057691e-01  -3.4328787e+00   2.7239426e+00  -3.7224728e-01  -7.3510997e-02
   4.2826100e+00   8.2064181e+00  -6.5752872e+00  -1.2317657e+01   5.0687022e+00   8.9365151e+00   8.2579198e+00   4.9139408e+00   3.9726685e+00   4.1356903e+00   1.9809382e+00  -2.6296375e-02   8.1738654e-02   1.5849607e+00  -3.0519407e-02  -2.0084071e+00   1.6112437e+00   6.6163197e-01   2.4349118e+00  -1.9278816e+00  -4.1643379e+00   1.8185792e+00  -6.7103816e-01   9.4294168e-02
   3.9752565e+00   9.2222932e+00  -6.9160392e+00  -1.3211882e+01   5.9988898e+00   1.1884093e+01   1.0930461e+01   5.1044805e+00   3.3280536e+00   4.4887874e+00   2.3514894e+00  -2.1267419e-01   1.2554885e+00  -1.2282901e+00   9.1251264e-02   1.8992909e+00  -1.0009550e+00  -1.4915253e-01   1.2863695e+00  -1.1162977e+00  -9.2234858e-01   9.9713118e-02  -9.9771721e-01   1.3124041e-01
   4.7838005e+00   8.2144725e+00  -5.5512829e+00  -1.3561947e+01   4.8882113e+00   1.1911597e+01   1.1833760e+01   3.9749426e+00   3.0642689e+00   4.8050889e+00   1.8133773e+00   8.7548351e-02   1.7771012e+00  -1.1846076e+00   3.8692779e-01   2.3291107e+00  -1.1650922e+00  -1.2534586e+00  -2.2276673e+00  -8.3410751e-01   3.3898489e-02  -2.1892740e-01  -1.0216067e+00   1.0532946e-01
   6.0290139e+00   6.9130672e+00  -6.1073942e+00  -9.4284362e+00   3.7018742e+00   7.9845824e+00   7.4341070e+00   3.9132429e+00   3.3895544e+00   3.7409245e+00   1.2757939e+00   4.6557329e-02   1.1061319e+00  -1.9971781e+00  -4.2770309e-01   2.3517574e+00  -9.2730710e-01  -1.0334132e+00  -2.4294754e+00   1.1989316e+00   1.8293718e+00   2.1154191e-01  -9.1624651e-01  -3.2243005e-02
   5.9213832e+00   7.5841198e+00  -6.3992181e+00  -1.0715714e+01   4.4695717e+00   9.0060827e+00   6.6645959e+00   4.2583983e+00   3.9927658e+00   4.1812307e+00   9.8637596e-01   2.0820564e-03  -1.3376897e-02   2.8135805e-01  -1.1888958e+00   2.5178343e+00   1.9245364e-01  -2.4216742e+00  -2.5789286e+00   3.7871748e-01   1.0432322e+00  -5.5497858e-01   7.4116768e-02  -5.4303374e-02
   5.0656630e+00   6.5417024e+00  -7.1336263e+00  -1.1107363e+01   4.8172490e+00   1.1786731e+01   9.8708301e+00   6.7611500e+00   5.6078629e+00   5.1180293e+00   1.3906202e+00  -2.1830555e-01  -8.7676527e-01   2.9572172e+00  -6.1625931e-01  -3.5963447e-01   4.6273154e-01  -8.1977112e-01   2.4549736e-01  -1.6591532e+00  -3.4262909e-01  -2.6016407e-01   4.3600948e-01  -1.0379434e-01
   5.2454106e+00   8.8221920e+00  -6.8215106e+00  -8.9457324e+00   4.6192044e+00   6.3780111e+00   6.7470057e+00   3.1190652e+00   3.5199629e+00   3.2840686e+00   1.8671392e+00   1.3852473e-01  -1.4862274e+00   5.2918671e-01  -7.1304440e-01   2.5273005e+00   7.7101416e-01  -2.6391679e+00   7.9885787e-01  -2.8920133e-01   8.7652757e-01  -4.7055006e-01   3.0060714e-01  -3.4352351e-02
   5.0518523e+00   1.0729857e+01  -6.8206369e+00  -1.0852879e+01   4.3211552e+00   8.0689615e+00   7.7611482e+00   1.9941796e+00   3.1120122e+00   3.7992594e+00   1.4894265e+00  -1.7735553e-01  -5.5529396e-01   1.9581238e+00   1.1139988e-01  -8.6143982e-01   9.9755192e-01  -3.7622383e-01  -1.2959819e+00  -1.7554913e+00   4.5408256e-01  -1.0423659e+00   2.8762930e-01  -3.8279384e-02
   3.6989474e+00   6.2838226e+00  -7.6252794e+00  -7.0520054e+00   5.8741398e+00   6.9062154e+00   8.9177237e+00   6.2080815e+00   6.5554825e+00   4.1347905e+00   1.3878836e+00  -6.9921483e-02  -5.6506192e-01   6.1109222e-01   7.4683363e-02  -4.2784557e+00   2.1043521e+00   3.0057410e+00   5.5560371e-01   8.8661020e-01   1.3993194e+00  -4.8798105e-01   7.6373681e-01  -5.8473069e-02
   5.0059537e+00   1.0748073e+01  -6.5646421e+00  -1.3346386e+01   5.6861091e+00   1.0958293e+01   6.8414982e+00   2.5834049e+00   4.7712269e+00   3.1291195e+00   2.0616920e+00  -1.7150152e-01  -4.4061061e-01   1.2286475e+00  -6.6311220e-02  -5.4703945e+00   2.6289266e+00   3.5335227e+00   4.3013132e-01   5.9529500e-01   7.3968896e-01  -7.0682455e-01   1.3015983e+00   1.1881412e-01
   4.4207671e+00   9.7297224e+00  -6.8374829e+00  -1.4116662e+01   7.0932556e+00   9.4419570e+00   8.0402362e+00   4.1543679e+00   4.7893346e+00   2.8871670e+00   2.7266117e+00   4.7888126e-02  -5.1450510e-01   5.9466342e-01  -7.6317164e-01  -4.3203748e+00   2.4982118e+00   2.3471747e+00   1.1939419e+00   1.4346059e+00   3.7542004e-01  -5.0751066e-02   9.8854256e-01   3.4907588e-02
   4.0300265e+00   1.0849878e+01  -7.3140019e+00  -1.5526142e+01   7.6549872e+00   1.2101375e+01   8.8450889e+00   3.9139789e+00   5.1046196e+00   3.3628344e+00   2.7724598e+00  -5.8039155e-02  -1.0722719e+00  -1.4795092e+00  -1.8516656e+00   4.4895812e+00   4.5729486e-01  -3.2290924e+00   1.3023114e+00   1.3965954e+00   4.7731367e-01  -8.0620429e-01   7.7388701e-03   4.0043173e-02
   3.4151533e+00   7.1249150e+00  -8.3953569e+00  -1.2442690e+01   8.6370184e+00   9.8554364e+00   9.7068412e+00   7.6947034e+00   6.9519162e+00   3.9418065e+00   2.5153135e+00  -7.4291285e-02  -8.8416172e-01  -4.8966903e-01  -1.5665177e+00   7.6445161e+00  -1.8811612e+00  -4.2133828e+00   6.5972329e-01  -5.7911036e-01  -6.6039086e-02  -1.0418845e+00  -6.6560691e-01  -2.0692733e-01
   3.9003526e+00   9.8312127e+00  -8.5632036e+00  -7.4490006e+00   5.6001700e+00   5.9079144e+00   7.9616628e+00   2.9081302e+00   4.4059066e+00   1.3924933e+00   2.1789494e+00  -5.0347057e-02  -1.0357625e+00   3.9097753e-01  -1.1207292e+00   7.3853257e+00  -2.5015148e+00  -4.6211827e+00   1.3764617e+00  -1.0000867e+00  -3.4734186e-01  -5.6378221e-01  -3.6350071e-01  -1.5682365e-01
   3.1593614e+00   9.5045516e+00  -8.5626586e+00  -6.6884588e+00   5.2989224e+00   6.2186130e+00   9.4715342e+00   3.7886267e+00   5.0396325e+00   2.3095108e+00   2.0249565e+00  -2.6634892e-01   4.6852362e-01   2.0475031e+00  -2.8788745e-01   2.7840405e+00  -2.2023867e+00   3.5906519e-01   2.7459666e-01  -1.6412450e+00  -1.1556324e+00   2.7578980e-01  -2.0387684e-01  -1.2926094e-01
   2.6042788e+00   1.0246526e+01  -8.9114448e+00  -7.3252688e+00   5.5717631e+00   6.9880124e+00   1.1027435e+01   4.3668871e+00   5.5397487e+00   3.3333089e+00   2.4723873e+00  -1.9724582e-01   7.6522694e-01   2.4462317e-02   4.2411189e-01  -2.7960478e+00  -8.3375219e-01   3.7077950e+00   1.3160267e+00   2.0979294e+00   3.6597119e-01   6.1495899e-01   4.4320811e-01  -7.3159022e-02
   4.7659757e+00   9.9885128e+00  -8.6530675e+00  -8.3284948e+00   5.3476418e+00   9.8539852e+00   8.5858501e+00   4.5034575e+00   4.6515466e+00   3.3850834e+00   2.0627793e+00  -1.9473331e-01   1.3197420e+00  -1.3287079e-01   1.7544204e+00  -3.1677601e+00  -2.4113031e+00   3.2123913e+00   2.6271964e-01   2.1355768e+00  -5.5637999e-01  -1.5886267e+00   3.8628155e-01   1.6520738e-02
   4.2448859e+00   9.6259256e+00  -7.8818313e+00  -1.0823054e+01   4.3251820e+00   9.6519208e+00   1.0378545e+01   5.6976089e+00   5.1489063e+00   1.7771455e+00   2.8248502e+00  -1.9589340e-01   1.1122951e+00   1.7701834e-01   2.9974576e+00  -3.3779319e+00  -4.0236353e+00   1.4175881e+00   9.1491537e-01   1.6809883e+00  -8.0734176e-01  -2.9045448e+00   1.8913800e-01   8.2764231e-02
   4.3186709e+00   9.6155457e+00  -6.4458348e+00  -9.6912061e+00   2.3052583e+00   9.7052457e+00   1.0190059e+01   6.3266310e+00   4.4004837e+00   7.0465247e-01   2.4281474e+00  -2.4224403e-01  -4.4190679e-01   7.7389245e-01   2.3761106e+00  -7.8715213e-02  -2.9108390e+00  -2.5810428e+00   2.0742443e+00   1.3403155e+00  -1.1198991e+00  -2.0887728e+00  -4.0895349e-01  -4.5399802e-02
   4.4963739e+00   1.0698537e+01  -5.5188747e+00  -1.1710811e+01   1.0575018e+00   9.1887643e+00   1.1597704e+01   5.9767828e+00   4.4542675e+00   3.1670718e-01   2.5734102e+00  -4.9344115e-02  -9.7120838e-01   1.2776144e+00   5.6335298e-01   1.7492829e+00  -1.1052344e+00  -2.5881365e+00   1.8549683e+00   1.4294810e+00  -1.2223129e+00  -6.1803194e-01  -7.7031468e-01   9.0093031e-03
   3.9773715e+00   1.0613046e+01  -6.2703798e+00  -8.0026892e+00   2.6152233e+00   6.2139992e+00   1.1087637e+01   6.3743438e+00   3.3190174e+00   9.8214330e-01   1.5750690e+00  -3.3610765e-01  -1.5606294e+00   1.0073322e+00  -3.8975005e-01   1.7137284e+00   9.2394175e-01  -2.2011050e+00   1.9525862e+00   9.9084273e-01   4.2923012e-02   4.0976728e-01  -6.6554593e-01  -2.3122539e-02
   2.9587230e+00   1.1043597e+01  -7.1245293e+00  -9.0433885e+00   2.5123479e+00   7.5153394e+00   1.2712208e+01   7.8179740e+00   3.8561702e+00   7.1135219e-01   2.0959174e+00  -1.3544763e-01  -1.8056854e+00   2.5359994e-01  -2.5979329e-02   1.3899085e+00   1.9579336e+00  -1.1674257e+00  -8.9571284e-02  -4.2295932e-01   2.0603132e-01   1.7394515e+00  -9.1916347e-01  -1.9264196e-01
   2.7465522e+00   1.0954014e+01  -6.2276326e+00  -8.4543248e+00   2.9637479e+00   7.2403007e+00   1.2561686e+01   6.8922995e+00   4.7639168e+00   1.1219809e+00   1.6685749e+00  -2.3387608e-01  -1.1223863e+00   1.3127371e-01   1.9227258e+00  -2.3101676e+00   3.7414356e-01   1.1974391e+00   1.0243412e+00  -3.1732531e+00   4.1600850e-01   2.1211825e+00  -1.9702371e-01  -1.9458818e-02
   2.4032554e+00   1.0908453e+01  -5.5792173e+00  -9.4001304e+00   3.8201399e+00   6.9244749e+00   1.0726322e+01   5.0833660e+00   4.0408648e+00   2.8559656e+00   1.1479121e+00  -3.8942285e-01  -3.8019336e-01  -3.9173553e-01   3.1302996e+00  -1.6633861e+00  -6.3412507e-01  -1.2528944e+00   7.0751815e-02  -3.8245425e+00  -3.2901903e-01   2.1297976e+00  -3.7192880e-01   5.4112757e-02
   2.5715259e+00   1.0877528e+01  -4.1589472e+00  -1.1289570e+01   2.5225426e+00   8.3055901e+00   1.3617092e+01   2.9817681e+00   3.8506828e+00   3.0916103e+00   1.7535361e+00  -2.3830827e-01   1.4158963e-01  -8.9153645e-01   1.2650445e+00  -7.2704386e-01  -2.8330453e-01  -1.6529406e+00  -1.7607406e+00  -1.4097036e+00  -1.4061595e+00   2.3480640e+00  -4.7761743e-01   4.0914733e-01
   2.4759462e+00   1.0494237e+01  -3.4634227e+00  -1.0120845e+01   1.7817629e+00   5.1033530e+00   1.2290633e+01   4.0364260e+00   3.8192587e+00   2.9212339e+00   1.4955436e+00  -5.2062395e-02   2.6625394e-01   2.3063679e-02   2.7413837e+00   5.7726171e-01  -1.0135432e+00  -3.4899429e+00  -1.9249428e+00  -1.0858216e+00   1.0251433e+00  -3.5595652e-01  -5.5673520e-01   3.4327918e-01
   2.9225912e+00   9.8238175e+00  -5.3879632e+00  -9.1845332e+00   3.5579796e+00   5.6714509e+00   9.1384198e+00   5.3012142e+00   2.7654806e+00   4.6114427e+00   7.7833305e-01   2.1116469e-01  -1.6086244e-01  -5.9677696e-01   1.3920288e+00   3.2657966e-01  -2.8618213e-01  -1.9614668e+00  -2.1103293e+00  -1.1496406e+00   3.0202169e+00  -1.1532177e+00  -3.8779041e-01   1.7914894e-01
   2.6271036e+00   1.1469904e+01  -8.5263373e-01  -9.5867561e+00   1.7821066e+00   3.0066302e+00   1.0078244e+01   2.2949106e+00   6.1211808e+00   1.5621146e+00   8.0041082e-01  -9.9240551e-02  -2.8087906e-01   8.4965991e-02   1.0821633e+00  -1.9899788e+00  -1.1695619e+00   1.8423766e+00   1.3423628e+00  -1.9223216e+00   3.5643054e+00  -2.1670107e+00   3.8339589e-01   1.6818454e-01
   2.2546535e+00   9.4945294e+00  -3.3762984e+00  -1.1066745e+01   2.0930976e+00   6.4117513e+00   1.1557792e+01   2.1280649e+00   7.2300471e+00   2.0413435e+00   1.5194169e+00   5.4004215e-02   7.9441458e-01  -1.7994661e+00   1.3489552e+00  -1.3828364e+00  -9.5954983e-02   1.4222476e+00   1.4591023e+00  -2.7995538e+00   2.3719660e-01  -2.1355583e+00   2.6671409e-01   1.6548835e-04
   2.3885965e+00   1.0786330e+01  -2.8460101e+00  -1.2164708e+01   7.5986112e-01   7.4967678e+00   1.3094491e+01   2.7395182e+00   6.9334335e+00   9.5576750e-01   1.7000955e+00   2.7879465e-01   1.7313545e+00  -3.0364376e+00   1.6332980e-01  -1.3880714e+00   1.1604333e+00   2.7533415e+00  -1.4564154e-01   3.9138603e-02  -3.3569780e+00   6.0776042e-01  -4.8632764e-01   1.2124080e-01
   4.2334667e+00   7.4664053e+00  -2.3678421e+00  -9.9698120e+00   3.9251699e+00   5.5597534e+00   9.8189498e+00   8.7957971e-01   2.7151491e+00   1.7112787e+00   7.2856185e-01   2.2395322e-02   1.7414231e+00  -1.4788148e+00   2.1835962e+00  -1.3737646e+00   1.7121324e-04   1.3293876e+00  -1.3596796e+00   3.1275867e-01  -3.7512533e+00   1.2879554e+00  -7.0449130e-01   5.4768596e-02
   4.2347287e+00   7.9293095e+00  -1.1118672e+00  -1.2217330e+01   2.6067205e+00   7.5626414e+00   1.0729203e+01   2.9778611e+00   3.3431627e+00   2.6387876e+00   4.6634687e-01   9.8425100e-02   9.6651901e-01  -2.1945210e+00   1.1971181e+00  -5.0213665e-01  -5.6942885e-01   2.6683233e+00  -2.3394315e+00   1.8998626e+00  -2.3326392e+00   1.7485720e+00  -8.2088816e-01   5.1685288e-02
   3.9437220e+00   8.7048173e+00  -9.6797551e-01  -1.3101081e+01   1.1699247e+00   8.3728957e+00   1.0700917e+01   2.4780315e+00   3.3983026e+00   3.1317665e+00   1.0795542e+00   2.2634189e-01  -2.9697331e-03   1.0922448e+00   1.2361707e-01   1.7932298e+00  -3.4641413e+00   4.4755905e+00  -3.7313410e+00   2.1226147e-01   8.8503296e-01   2.3128603e-01  -9.2581594e-01   1.6709252e-01
   3.9832473e+00   6.8753424e+00  -1.7502662e+00  -1.1352278e+01   1.2833404e+00   1.0092682e+01   9.1443602e+00   4.7900862e+00   3.0928979e+00   2.8683817e+00   2.9326706e-01   2.5434930e-01   8.1790741e-02   1.0244343e+00  -1.6231661e+00   3.8486188e+00  -2.3579395e+00   4.8230469e+00  -5.5795352e+00  -1.6504342e+00   1.7234352e+00  -4.6900376e-01  -1.3360057e+00  -4.1733203e-02
   4.3547528e+00   9.6317561e+00  -1.8632170e+00  -7.7124929e+00  -6.0935195e-01   1.1008119e+01   5.0143598e+00   2.9185937e-01   4.1678310e+00   1.9434107e+00  -5.7362216e-01   1.9507200e-01   5.1116294e-01   9.9005902e-01  -1.9562304e+00   3.9031791e+00  -1.9957446e+00   3.8049982e+00  -4.5582448e+00  -2.5895969e+00   2.1000666e+00  -4.6487718e-01  -1.5762288e+00  -8.3249924e-02
   4.1518994e+00   9.0024915e+00  -3.0989956e+00  -9.1386953e+00  -4.0550445e-02   1.3479600e+01   5.2031789e+00   1.5952958e+00   5.5435513e+00   2.5294598e+00  -7.1107344e-01   5.1460236e-02   1.5028238e+00   8.9302773e-01  -1.8836657e+00   4.8692386e+00  -9.8978460e-01  -1.7146838e+00  -5.0989777e+00  -2.1500548e+00  -6.7054548e-01  -7.1316402e-01  -4.0812567e-01  -1.0046474e-01
   4.6261403e+00   9.1263313e+00  -3.2279564e+00  -8.3531035e+00  -1.1617467e+00   1.2386934e+01   5.8341402e+00   1.9103128e-01   5.3230757e+00   2.6039116e+00  -7.8261879e-01   2.0291153e-01   1.1796665e+00   1.0691521e+00  -1.6549232e+00   1.6828097e+00  -1.0403778e-01  -2.2023083e+00  -2.5773727e+00  -6.1392366e-01  -3.0669288e+00   8.6506501e-01   1.1857199e+00  -2.1717983e-01
   6.1017892e+00   8.4675964e+00  -3.8933950e+00  -3.7281151e+00   7.4860908e-02   6.8312485e+00   1.0860035e+00   1.6154180e+00   1.5094573e+00   1.4683852e+00  -2.1442313e-01   9.9732431e-02   4.3519040e-01   2.2601190e+00  -3.0258100e-01   1.6736494e+00   2.7505829e-02  -1.9754092e+00  -2.4897901e+00  -1.0495083e+00  -2.9692822e+00   2.2674167e+00   1.9718549e+00  -4.2833798e-01
   5.1493076e+00   1.1502932e+01  -3.9484021e+00  -7.8935684e+00  -8.2311429e-01   1.1028832e+01   3.2068884e+00  -6.3908720e-01   1.5844847e+00   3.7715456e+00   9.5663248e-01  -1.5483383e-01  -2.5403521e-01   2.1045603e+00  -3.3962402e-01  -6.0117184e-03   9.9571054e-01  -3.7673902e-01  -2.2405786e+00   2.4377553e-02  -1.1547790e+00   2.4581212e+00   1.5174057e+00  -4.8878661e-01
   4.5431014e+00   1.1204370e+01  -3.1926442e+00  -6.8579887e+00  -1.6860790e-01   1.1195537e+01   2.7821196e+00   4.3609267e-01   2.9589234e+00   5.3467679e+00   1.3770833e+00  -4.1217405e-01  -4.3532624e-01   4.4224124e-01   1.6589392e+00   5.2860196e-01   7.9059797e-01  -7.2157499e-01   6.3822479e-01  -2.3419383e+00   6.2516989e-01   1.6203344e+00  -2.3647921e-01   1.8172139e-02
   5.0244314e+00   1.0914785e+01  -4.0877678e+00  -6.7971842e+00   4.5355353e-01   9.6396811e+00   1.6252143e+00   8.1726027e-01   2.8661742e+00   4.3519020e+00   6.9773648e-01  -2.7431514e-01  -1.5492113e-01  -1.3679982e+00   2.7431822e+00   3.3354622e+00   2.1089416e+00  -3.1869758e+00   1.3905468e+00  -1.4127666e+00   6.2004671e-01  -7.1402204e-01  -1.5486281e+00   4.7598380e-01
   5.5112380e+00   9.4250317e+00  -1.3353034e+00  -3.4834042e+00   6.2242395e-01   6.4434617e+00   2.8341777e+00  -2.6256632e+00   1.8063675e+00   3.6087085e+00  -4.3969394e-01   1.8673129e-01  -3.5035458e-01  -1.8253113e+00   3.2575918e+00   3.7614049e+00   2.1226545e+00  -3.4902587e+00   2.2152210e+00  -3.1894800e-01   9.9350049e-01  -1.3836654e+00  -1.8469367e+00   7.1510723e-01
   4.4328576e+00   1.0340604e+01  -7.6229923e-01  -4.5776674e+00   1.9447821e+00   8.6244064e+00   5.2666795e+00  -1.2273592e+00   3.0908328e+00   3.5695422e+00  -4.5792106e-01   2.5968920e-01  -4.6698696e-01  -2.5800082e+00   3.2167176e+00   3.9787338e+00   1.9521161e+00  -4.5495156e+00   1.8286986e+00   1.7203792e+00  -6.2613707e-02  -1.2818846e+00  -1.3732507e+00   3.1088224e-01
   4.3133564e+00   8.7534935e+00   3.1009249e-02  -2.3256398e+00   2.2697595e+00   6.4677863e+00   4.2842185e+00   9.7998041e-01   4.3368448e+00   3.6624498e+00  -8.1549293e-01   3.9348463e-01  -2.9824346e-01  -9.9129018e-01   2.4696714e+00   1.8935731e-01   4.9556890e-01  -7.6821073e-01  -2.1345012e+00   3.8494413e+00  -2.8662644e-01  -2.0249364e+00   6.3479073e-02  -1.7660303e-01
   4.9228918e+00   7.3805418e+00   5.4152266e-02  -1.4079658e+00   2.5580599e+00   2.8032453e+00   3.6432419e+00   1.5950072e+00   1.5070149e+00   2.4022045e+00  -1.1742401e+00   8.8631548e-02   8.2373292e-01   7.4145530e-01   2.5913966e+00  -1.2170188e+00  -1.1372831e+00   3.0501034e-01  -3.9342659e+00   2.8924584e+00  -9.0825850e-01  -2.8094023e+00   7.5011150e-01  -1.0906471e-01
   4.8188557e+00   9.4181273e+00   1.9609779e+00  -4.7842190e+00   1.0591384e+00   8.2017261e+00   4.4414470e-01   1.7373156e+00   2.1683367e+00   1.1549728e+00   1.3684164e-02   7.3555658e-03   9.9712574e-01   2.9789904e+00   2.5377517e+00  -3.9037052e+00  -1.9425335e+00   3.7917030e+00  -2.8545973e+00   6.2629273e-01  -1.5446392e+00  -2.5785603e+00   1.2704079e+00  -1.6172110e-01
   5.4157074e+00   1.1120470e+01   2.1598113e+00  -5.1739060e+00   8.4416806e-01   8.2149520e+00   1.2853176e+00   2.7326608e+00   2.8126991e+00   6.0917728e-01   2.5265764e-01   2.8915666e-01   1.8971147e-01   3.1065416e+00   5.9868256e-01  -3.5879483e+00  -1.2570333e+00   3.2028145e+00  -4.2739259e-01  -2.9590844e+00   5.9971940e-01  -3.7194565e-01   1.2335696e+00   1.8196843e-01
   5.5626372e+00   1.1352015e+01   2.7848073e+00  -6.2982275e+00   2.1290511e-01   9.4494875e+00   1.1812846e+00   1.3505927e+00   1.3670440e+00   6.9112291e-01   3.7667000e-01   5.0640428e-02  -6.8139006e-01   1.2440704e+00   3.7579116e-01   1.0011916e+00   1.0115414e+00  -2.8383312e+00   1.3839478e+00  -6.5983011e+00  -4.7109732e-02  -2.5415063e-01   1.5876757e-01   1.2793128e-01
   4.8355682e+00   1.1073410e+01   5.4026141e-01  -6.0328840e+00   1.0956267e+00   6.9835864e+00   2.6335831e+00  -2.6502579e+00   2.8072404e+00   2.0762109e+00   4.9462149e-01   3.3994177e-01  -1.5773370e+00   7.9563438e-01   1.6663468e+00   2.4449189e+00   2.0047990e+00  -3.5371816e+00   1.6996739e+00  -7.4069333e+00   4.9600973e-01  -5.4127254e-01  -2.2154158e-01  -1.4701169e-01
   4.0868402e+00   1.1307763e+01   3.3344396e+00  -2.8529426e+00   2.4507212e+00   4.5599122e+00   1.8459336e+00  -5.4686768e+00   2.1004015e+00   4.0229993e-02   1.3085360e-01   1.7385993e-01  -1.1916171e+00   1.5915665e+00   2.2066864e+00   1.3726608e+00   1.4216410e+00  -3.4893822e+00   1.3371615e+00  -5.3284287e+00   2.0924503e-01  -7.5101064e-01  -1.6174676e-01  -1.5184810e-01
   3.7876004e+00   1.2336047e+01   4.3845153e+00  -3.2291701e+00   2.7324585e+00   5.3539673e+00   3.5025040e+00  -4.9681045e+00   3.1900349e+00   1.2271494e-01   4.3253477e-02   7.0293750e-03   2.1579399e-01  -1.0712236e+00  -3.9277335e-01   1.4481452e+00   1.0019718e+00  -2.0276169e+00  -3.8779967e-01   8.1763735e-01  -8.8202064e-01  -1.5364035e+00  -5.6270657e-02  -6.9654858e-02
   4.2991955e+00   1.3108046e+01   4.1727099e+00  -5.6410933e+00   1.5269507e+00   5.0302238e+00   2.7525664e+00  -5.4831270e+00   1.4895143e+00   5.4135495e-01   3.5973386e-01  -1.0675524e-02   5.5678412e-01  -1.0759138e+00  -1.0617745e+00  -1.5661630e+00  -1.0101653e+00  -2.6793222e-01  -1.7261079e+00   1.8061942e+00  -8.1596875e-01  -2.0321828e-01   4.6740671e-01  -2.9635589e-02
   5.0530816e+00   8.5664329e+00  -4.6803378e-01  -2.4665909e+00   3.0604696e+00   3.7070052e+00   1.5985672e+00  -1.4165768e+00   1.7896530e+00  -4.7895681e-01   2.9577537e-01   3.2772721e-01   2.6693899e-02  -1.6797173e+00  -3.2851348e-01  -7.0555312e-01  -9.8365995e-01  -1.0341771e+00  -2.9903695e+00   1.5949476e+00  -1.1198424e+00  -1.6971292e+00  -2.9868903e-02  -3.8053590e-02
   4.2892758e+00   1.1578699e+01   4.1680523e+00  -5.5834767e+00   7.7146764e-01   4.9814949e+00   2.0874016e-01  -4.5351494e+00   1.5766393e+00   3.6238444e-02   7.0570272e-01  -3.0942372e-02  -4.4918105e-01  -6.7379216e-01   1.0848054e+00  -7.3884097e-02  -1.4248942e+00  -8.1642178e-01  -2.3678650e+00   6.0534220e-01  -2.1259382e-02  -2.2302354e+00  -3.2715219e-01  -2.6392570e-01
   3.8326011e+00   1.0581145e+01   3.8940739e+00  -4.3163081e+00   1.6347101e+00   3.8270660e+00   2.8886288e-01  -3.0496719e+00   1.4667088e+00  -2.1704206e+00  -1.7453431e-01  -3.9917586e-02  -7.6884926e-01   1.3136806e+00   1.0282271e+00   2.8562461e-01  -5.8959069e-01  -8.4726713e-01  -1.5576692e+00  -1.0449177e+00  -8.1485701e-01  -3.6396610e-01   2.4104239e-01  -2.1868070e-01
   4.2356641e+00   1.1090002e+01   3.6188642e+00  -4.8270608e+00   1.0248914e-01   3.7455607e+00  -1.4437893e-01  -3.7585662e+00   1.6190973e+00  -1.9582663e+00   1.0416041e-01  -2.2274168e-01   2.9152889e-01   1.0595884e+00  -2.1865558e+00   2.7810745e+00   2.4365967e+00  -1.0821486e+00  -4.5231782e-01  -9.0489227e-02  -1.1356271e+00   6.7813925e-01   3.4349114e-01  -9.6150227e-02
   3.9266135e+00   1.0781302e+01   1.3489009e+00  -2.4163619e+00   2.5105728e+00   3.0540716e+00  -5.6137706e-01  -3.3722450e+00   5.4613852e-01  -2.7653563e-02   9.5811011e-01   9.5605810e-02   8.9974044e-01   2.7297457e+00  -1.8179171e+00   8.3842166e-01   2.3975155e+00  -2.3545181e-01  -1.6174350e-01  -1.2209726e+00  -1.5178003e+00   1.5552911e+00   5.1197130e-01  -2.1497686e-01
   4.6795629e+00   1.3068003e+01   2.1608051e+00  -2.3618381e+00   3.9884313e+00   3.7447692e+00  -4.4616609e-02  -4.5095967e+00   3.3348379e-01  -1.7936185e-02   6.5461723e-01  -2.4292941e-01  -5.1116059e-01   4.0599741e+00  -1.4906591e+00  -1.0633408e+00   3.0479906e+00  -1.5791011e+00   1.3324710e+00  -6.1262300e-02  -2.3625432e+00   4.7902576e-01  -3.7735752e-01  -1.5765458e-01
   4.9602624e+00   1.3686763e+01   1.8962278e+00  -4.2912870e+00   3.2880122e+00   3.4742841e+00  -3.6335244e-03  -4.5056156e+00  -1.6718485e-01  -8.0764908e-01   3.1819423e-01  -3.5228901e-01  -1.8751118e+00   3.5170797e+00  -9.1084083e-01  -1.7792244e+00   2.4090081e+00  -2.4883556e+00   1.5000139e+00   4.3707654e-01  -1.1611137e+00   3.5003936e-01  -6.1855205e-01  -1.1059607e-01
   2.9520988e+00   1.5727233e+01   1.1092122e+00  -5.4846095e+00   4.2857554e+00   1.1668028e+00   1.5754558e+00  -3.2837743e+00  -1.5680558e+00  -8.4972993e-01  -1.4191793e-01  -2.3527614e-01  -2.3792354e+00   2.1527100e+00  -1.8404657e+00  -2.8772204e-01   1.9834200e+00  -2.9235173e+00   2.5808926e+00   1.4332753e+00  -2.3410094e-01   1.4207893e+00  -3.7699284e-01   5.0252362e-02
   1.9776778e+00   1.4727307e+01   5.0843615e-01  -3.5238128e+00   5.9754229e+00   6.1052137e-01   8.7860753e-01  -3.3295413e+00  -2.4476227e-01   9.1330234e-01   4.2854961e-01  -7.4114926e-02  -1.2932306e-01   1.8125460e-01  -2.3004977e+00   3.1970461e+00   1.0613706e+00  -2.9034272e+00   3.3650228e+00   7.9723571e-01  -1.6550321e-01   1.2148354e+00  -1.6083551e-01   8.8172906e-02
   2.6020021e+00   1.5776796e+01   9.4002392e-02  -3.1771582e+00   5.6198560e+00   7.9137458e-01   3.3856018e+00  -2.9477208e+00   2.1121088e-02   1.2527720e+00   3.3950279e-02  -3.0663791e-01   2.6927886e+00  -1.0445728e+00  -1.5722454e+00   4.1305397e+00  -1.3773190e+00  -1.5601027e+00   2.9823831e+00   4.6431693e-01  -6.7211389e-01  -6.3730483e-01  -7.0310512e-02  -8.7727995e-02
   4.9413262e+00   1.3933863e+01  -1.0469138e+00  -6.4944348e-01   4.2130177e+00  -6.9314254e-01   4.1388278e+00  -3.4777887e+00  -1.2100281e+00  -3.6647001e-02  -1.0993131e-02  -1.8434877e-01   3.0052244e+00  -2.1507659e+00  -4.4476541e-01   2.7046227e+00  -2.9734519e+00  -6.7476192e-01   1.4280441e+00   3.6867968e-01  -1.9943289e+00  -1.9547814e+00  -5.9404378e-01   1.2637817e-01
   5.5094576e+00   1.4557096e+01  -4.7148092e-01  -7.2598459e-01   3.1009796e+00  -5.2151923e-01   4.4189203e+00  -2.5131752e+00  -2.0935937e+00  -1.3307125e+00  -2.7612324e-02  -3.1175122e-01   1.5583169e+00  -2.4794589e+00   8.4122520e-01   1.1899288e+00  -1.6492920e+00  -1.8425570e-02  -1.4294180e-01   1.4421624e+00  -2.5374873e-01  -3.5031692e-01  -3.4919056e-03   2.6467956e-01
   5.0317867e+00   1.2111009e+01   1.2402969e-01  -6.9246563e-01   2.7746833e+00   2.5482539e-01   2.5040145e+00  -2.9937946e+00  -2.1788982e+00  -7.2712755e-01  -4.3173476e-01   1.1800899e-01   2.8623900e-04  -2.9027474e+00   1.3110917e+00  -1.1995248e+00   9.7977536e-01   1.0875428e+00   1.6745237e-01   2.5952793e+00   1.3954053e+00   1.4249111e+00   8.6306347e-02  -1.6429721e-02
   4.8942471e+00   1.2969035e+01   7.7036842e-01  -1.3707539e+00   3.8650852e+00   2.8975226e-01   3.9885957e+00  -1.0264743e+00   1.2493304e-01   1.0725369e+00   2.3908323e-01  -6.0797454e-02  -2.2000201e-01  -1.2778778e+00   7.3706354e-01  -3.3146440e+00   3.3146383e+00   2.4756564e+00   9.5855764e-01   2.0774306e+00   1.2348482e+00   1.5263755e+00   1.4190485e-02  -2.6595617e-01
   5.2493608e+00   1.0373772e+01   2.9879896e-01  -2.1263461e+00   5.3006280e+00   5.3253596e-01   4.6051686e+00  -3.2822022e-01  -2.2618351e-01   8.9909495e-01  -1.4881389e-02  -3.3447023e-01  -3.8310380e-02  -1.4250478e+00  -1.0488419e+00  -4.5003188e+00   1.9300097e+00   2.7371819e+00   1.5203901e+00   1.2068628e+00  -5.8744086e-01   3.3152665e-01   3.4773823e-01  -4.6619827e-01
   5.0706676e+00   1.3508897e+01   5.4672975e-01  -4.9810103e+00   6.8099647e+00   3.0531101e+00   4.8061797e+00  -7.2981652e-01  -1.2176788e+00   1.4573947e-01  -2.1475328e-01  -4.8444586e-01  -1.1382437e+00  -2.7600786e+00  -2.6801637e+00  -1.3019174e+00   5.3628196e-01   3.5694690e+00  -1.2883829e+00  -6.6643955e-01  -1.8265707e+00  -3.9203085e-01  -1.3451761e-02  -3.8935828e-02
   4.8861109e+00   9.7035059e+00  -1.3374138e+00  -5.6378156e+00   4.1972581e+00   2.9789194e+00   4.3758077e+00  -1.3318294e+00  -2.3887536e+00   2.3356114e-01   3.1679085e-01  -3.6946421e-01  -9.7323652e-01  -2.0393976e+00  -1.9397193e+00   1.8169388e+00  -7.8835445e-01   2.2321722e+00  -1.9598985e+00  -1.1991269e+00  -4.9413659e-01   5.5594880e-01  -1.1872939e-02   2.4676403e-01
   3.3685065e+00   9.1640506e+00  -2.4317708e+00  -1.5678953e+00   5.2211931e+00   4.4207641e+00   2.1707018e+00  -1.5243290e+00  -1.5336380e+00   8.1725752e-01   5.3069474e-02  -1.0170421e-01  -7.6303791e-01  -2.3171499e+00  -8.6185852e-01   3.6845650e+00  -2.4752314e-01   1.8580381e+00  -9.0029593e-01  -5.6062530e-01   6.2550950e-01   4.5775608e-01  -2.9169380e-01   2.6883144e-01
   4.6405865e+00   9.4870991e+00  -1.1215297e+00  -1.1074955e+00   4.9124821e+00   3.1969672e+00   2.9830598e+00  -1.7296543e+00  -8.0940879e-01   1.3972591e+00  -1.6660217e-01  -1.5569501e-01  -3.2416433e-01   8.6138213e-01   1.5906908e+00   2.9586989e+00   1.4973144e+00   2.2921712e+00   6.8178564e-01   1.0734191e-01   3.9330103e-01  -7.0485485e-01  -1.1556838e+00   5.6416099e-02
   4.0488729e+00   1.0141376e+01  -8.5400004e-01  -1.7193229e+00   6.0810680e+00   5.7311433e+00   4.1521097e+00  -1.3718420e+00  -1.0690869e+00   2.5052461e-01  -4.1059746e-01  -1.8808330e-01   7.7915584e-01   1.5960134e+00   2.7553564e+00   1.1452101e+00  -2.2676731e+00  -6.4086066e-02   8.1430955e-01   2.3205641e-01  -2.9157724e-01  -1.8616689e+00  -7.9014448e-01  -5.3433733e-02
   4.0596812e+00   1.0506917e+01   2.5973710e-01  -1.1240535e+00   6.0132923e+00   5.7619866e+00   4.4077821e+00  -1.2470600e+00  -2.0310776e+00  -5.4035467e-01  -1.1849013e+00  -2.4165051e-01  -1.8251638e-01   3.9039148e-01   2.5900835e+00   5.1010441e-01  -1.1812384e+00  -3.0476524e-01  -3.1201934e+00   1.6783835e+00   1.9605598e-01  -1.1320434e+00  -2.7744817e-01  -2.1136721e-01
   4.8276929e+00   1.1048162e+01   1.0106304e+00   1.5819879e-01   1.2692783e+00   3.0421253e+00   2.6798049e+00  -1.4175415e+00  -1.3601695e+00  -1.0064389e+00  -6.2299767e-01  -1.3887706e-01   1.1192523e-01   3.6734746e-01   1.9929920e+00  -9.4560258e-01  -7.4535217e-01  -2.3975230e-01  -4.3845528e+00   1.7452555e+00   6.9394825e-01  -1.0358812e-02   4.1726889e-02  -3.0386603e-01
   3.9774020e+00   9.6192932e+00   1.8312803e+00  -1.2810997e+00   5.5465194e+00   4.0843284e+00  -9.6107792e-01   8.1077069e-01  -3.6978355e-01   3.2767570e-01  -4.7657432e-01  -4.9734894e-01  -2.9334651e-02   3.1927605e-01   8.2056518e-01  -2.1078288e+00   1.0591536e+00  -5.0760493e-02  -3.5793976e+00   2.0452567e+00   3.0814191e-01  -2.0963823e-01   1.8800634e-01  -3.7631640e-01
   4.2579004e+00   1.1136209e+01   1.3497164e+00  -3.0592036e+00   5.1964262e+00   6.2103440e+00   2.5971060e-01   2.1712593e-01  -8.5881153e-01  -1.9902880e-01  -7.0217064e-01  -5.1603314e-01   3.9436061e-03   1.3100280e+00  -4.4715793e-03  -3.0715306e+00   8.1984911e-01  -1.2831652e+00  -2.2026437e+00   1.0108656e+00  -3.4150876e-01  -8.0237539e-01  -4.7674824e-01  -2.9822106e-01
   4.3005755e+00   1.0941807e+01   1.3210419e+00  -2.6770954e+00   5.6384487e+00   4.1017365e+00   2.4873297e-01   1.0034914e+00  -1.8195437e+00  -1.2585171e+00  -8.6330535e-01  -6.1754708e-01  -3.0648760e-01   1.6293592e+00   6.7281997e-01  -1.0125609e+00  -2.6043046e+00  -9.3409186e-01  -1.4372546e-01  -2.0829133e+00  -2.1978332e+00  -2.2552675e+00  -8.3833128e-02  -6.8241406e-02
   4.6720215e+00   1.2351947e+01   1.2590423e+00  -3.7510993e+00   2.4530873e+00   1.1086735e+00  -1.2290661e+00   2.3964788e-03  -1.1475525e+00  -1.4169056e+00  -1.1447545e+00  -5.2610958e-01  -1.0055941e+00  -4.5903975e-01   2.6148330e-01   1.3076081e+00   3.1917736e-01  -1.0538714e+00  -1.7047883e-01  -1.9213896e+00  -1.0044690e+00  -1.4998915e+00   9.9848472e-02   3.4425237e-02
   3.3106100e+00   1.1455463e+01   2.8858473e+00  -2.4539932e+00   3.0117319e+00   5.2340259e+00  -4.3227776e-01  -2.2062345e+00  -3.5221629e+00  -2.4462871e+00  -3.8103207e-01  -5.9467283e-01  -9.1842308e-01  -1.4019480e+00  -4.1782566e-01   1.6471772e+00   2.5164725e+00   1.4983690e+00   1.8316870e+00  -2.1990924e+00  -4.7651545e-01   5.0814615e-02   3.3498962e-01   5.3148735e-02
   3.2444919e+00   1.0190821e+01   9.5953860e-01  -1.2093426e+00   6.9885506e+00   4.0633923e+00   3.4449773e-01  -1.0600956e+00  -1.5142054e+00  -1.8549810e+00  -7.9353457e-01  -4.7583241e-01  -2.3515115e-01  -2.5156955e+00  -1.3311721e+00   2.1287417e+00   4.8899544e+00   1.2431941e+00   2.5613898e+00  -1.0906765e+00  -4.1539045e-02   6.9494909e-01   1.5657734e-01   7.1591371e-02
   3.6367057e+00   9.9194481e+00   8.4405522e-01  -1.4772079e+00   7.1454258e+00   4.8719306e+00   2.2094816e+00  -1.7639012e+00  -2.3509904e+00  -9.6325742e-01  -5.3643089e-01  -5.6296256e-01   3.8653185e-01  -1.4424754e+00  -1.2264321e+00   1.1534321e+00   2.1439606e+00  -5.7741596e-01   2.0533035e+00  -6.9694165e-01   6.3803090e-01   1.3852340e+00  -4.4068085e-01   2.5118746e-01
   4.1562470e+00   9.3464109e+00   2.8318012e-01  -1.0463794e+00   7.7211720e+00   3.1545123e+00   1.2921390e+00  -1.8547849e+00  -1.7954473e+00  -1.1159968e+00  -8.3218910e-01  -4.3457766e-01  -1.3677006e-01  -4.0605089e-01   7.1831437e-01   5.3101974e-01  -2.6967327e+00  -2.4889003e+00  -1.7567492e+00  -1.1316002e+00   1.0977302e+00   1.7717462e+00   4.1213742e-01   2.4922357e-01
   3.4345303e+00   9.7139549e+00   1.3843784e+00  -8.0532675e-01   5.8613621e+00   4.8223419e+00   2.1738569e+00  -2.8543023e+00  -2.4244955e+00  -7.3792826e-01  -1.0227261e+00  -2.3851902e-01  -7.0112882e-01  -1.0541393e+00   1.1213135e+00  -1.6609593e-01  -2.1088158e+00  -2.1235201e+00  -2.8390385e+00   1.4995513e+00   1.5490363e+00   5.5534139e-01   1.5977759e-02   3.4834283e-01
   3.1404246e+00   9.6844914e+00   1.7668486e+00  -7.4875354e-01   3.5854833e+00   3.5483621e-01  -2.2728137e+00  -2.2122952e+00   1.6914257e-01   6.8997369e-01   6.7819166e-02  -2.6421882e-01  -5.3821609e-01  -9.3973953e-01   1.7893292e+00  -1.9048178e+00  -8.7934871e-01   8.2499533e-01  -6.6442169e-01   3.2253522e+00   9.8209634e-01   2.7780681e-01  -4.5397680e-02   2.4731201e-01
   3.0929237e+00   8.1691990e+00   1.7841913e+00  -1.8751648e+00   6.0500464e+00   3.0864885e+00  -2.6659979e-01   6.6418088e-01  -1.0097310e+00  -1.0332306e+00  -9.6246839e-01  -1.2562774e-01   2.4375777e-01  -8.8044551e-01   7.0822743e-01  -2.9974947e+00   8.6099054e-01   2.2171010e+00   8.7571023e-01   2.6065394e+00  -2.0779606e-01  -7.0874094e-01  -5.1458056e-01   1.0183106e-01
   3.5197261e+00   8.7091796e+00   2.7672674e+00  -3.3686870e+00   6.3078068e+00   5.2599320e+00   1.5157348e+00   1.2240018e+00  -1.0296851e+00  -5.5163541e-01  -9.3041447e-01  -1.2005529e-01   4.0418535e-01   5.4249294e-01   9.2396441e-02  -3.0267981e+00  -5.7043811e-02   3.5291573e+00   4.5447798e+00  -1.4279782e-01  -2.5213299e+00  -1.0785712e+00  -5.5642757e-01   9.0394158e-03
   3.6105161e+00   8.8809425e+00   1.9465101e+00  -3.9916021e+00   5.7916862e+00   5.6954456e+00   1.5931480e+00  -6.6264170e-01  -2.1367758e+00  -1.1802351e+00  -1.2954801e+00  -1.5785419e-01   2.4051208e-01   2.4274278e+00  -1.1914043e+00   4.8552425e-01  -2.6837067e+00  -1.6595399e+00   9.7987606e-01  -2.0141579e+00  -2.5326499e-01  -3.3209681e-01   1.3534463e-01  -6.4577917e-02
   3.4879064e+00   1.0142359e+01   1.8242838e+00  -4.2307321e+00   3.6290977e+00   4.3440936e+00   3.6144821e+00  -1.7630807e+00  -3.0493299e+00  -8.5438081e-01  -6.0031633e-01  -2.3454647e-01  -2.6210130e-02   9.0264235e-01  -1.9835081e+00   2.2237825e+00  -1.9181321e+00  -2.8940108e+00  -6.0882262e-01  -1.8754907e+00   1.3769578e+00  -4.3046347e-01   7.3712638e-01  -4.1828231e-02
   3.4696017e+00   1.1093751e+01   4.6857659e-01  -7.1585586e-01   3.3638409e+00   1.0550978e+00   1.5384061e-01  -8.6351466e-01  -3.7980603e-01  -1.3800031e+00  -9.2450051e-01  -1.6524902e-01   5.1428502e-02  -1.0369334e+00  -1.7927091e+00   2.2534792e+00  -6.0500177e-01   7.4219492e-02  -8.0765861e-01  -9.0292744e-01   1.4419269e+00  -9.9584580e-02   1.0592969e+00   3.9670950e-02
   3.5508682e+00   8.9567389e+00   5.3097206e-01  -1.6708863e+00   4.6445313e+00   3.2390896e+00   1.3221546e+00  -1.4887978e+00   1.5726672e-01  -1.0974466e+00  -1.0214687e-02  -1.7910022e-01   1.0296015e-01  -2.8759675e+00  -1.6201438e+00   1.0676388e+00   1.9078080e+00   3.6290358e+00  -7.2004541e-01  -1.1320570e+00  -5.0651313e-02  -4.9248657e-01   3.7859591e-01  -3.8519602e-02
   3.6561780e+00   7.9183526e+00  -9.5897643e-02  -1.8913061e+00   4.3764667e+00   6.3592768e+00   1.5278239e+00  -2.1541743e+00  -1.5771837e+00  -1.2080791e+00  -1.5855022e-03  -1.2607090e-01   1.9231613e-01  -2.9290559e+00  -1.5165485e+00  -5.9969013e-01   1.8779408e+00   5.3453558e+00   1.8987157e+00  -3.7573940e-01  -3.0920686e+00  -6.7849072e-01  -7.5715351e-03  -6.0186922e-02
   3.5490584e+00   7.4161070e+00  -3.2369481e-01  -2.0415488e+00   5.9844968e+00   7.1355578e+00   1.8474224e+00  -2.8158364e+00  -2.5266181e+00  -1.6790727e+00  -4.9387997e-01  -3.1191494e-01  -4.2532234e-01  -7.0409210e-01  -1.6461077e+00   3.7157674e-01   3.2781610e-02   4.7992926e-01  -2.9524959e-01  -6.3135946e-02  -2.7258294e+00  -2.9868345e-01  -5.1096692e-01   6.3508702e-02
   3.7589807e+00   7.4704830e+00  -1.3789127e+00  -1.4300598e+00   5.5107693e+00   7.1248974e+00   2.7392802e+00  -7.6360447e-01  -3.6759666e+00  -2.1069261e+00  -6.9402517e-01  -1.8912205e-01  -1.0164671e+00  -6.2126092e-02  -1.1735648e+00   1.8699863e+00   8.5044796e-01  -1.5555413e+00   9.8974809e-01   2.0975687e+00   1.2691500e-01  -1.4404747e-01  -8.4371954e-01   1.5196382e-01
   2.8614833e+00   8.1245355e+00  -1.2966820e+00  -1.3441444e+00   4.1265525e+00   3.5761732e+00   2.7355204e-01  -2.2787866e+00  -2.8820860e+00  -1.0960483e+00  -4.3044522e-01  -5.2311590e-02  -1.1456752e+00   1.2829607e+00   6.1083065e-01   2.7091078e+00  -8.8811009e-01  -2.9677643e+00   6.0694950e-01   2.5605718e+00   3.9717130e+00   1.3114554e+00  -5.7422739e-01  -8.3858061e-03
   2.4752649e+00   7.4709492e+00  -1.3697513e+00   5.6497118e-01   6.5811109e+00   5.8056571e+00   3.7993812e+00   7.2365384e-01  -1.2090772e+00  -1.7156625e+00  -1.2988822e+00  -2.7926836e-02  -1.4396606e+00   1.3960558e+00   2.7938696e+00   3.1224208e+00  -2.4226803e-01  -1.5277024e+00   2.6998412e+00   2.1900036e+00   5.4738172e+00   8.6659136e-01  -9.9197219e-01  -4.0995145e-01
   2.4724035e+00   9.3403150e+00   5.8797043e-01   1.0245974e+00   4.1171609e+00   3.3435315e+00   2.2277961e+00   2.8139221e-01   2.1975068e+00   9.2478595e-02  -1.0527925e+00  -4.0509125e-01  -6.3229431e-01   1.0733659e+00   2.9950261e+00   1.5317305e+00  -3.1014264e+00  -1.3454531e+00   3.6817766e+00   1.4666342e+00   4.2713552e+00   5.6929001e-01  -6.6823394e-01  -4.9878477e-01
   1.7940297e+00   8.9566769e+00   1.8695655e+00   2.0692005e+00   5.1520630e+00   4.9496646e+00   5.8119199e+00   1.2413115e+00   1.9949628e+00  -1.4013025e+00  -1.8708098e+00  -6.2765940e-01  -1.0039938e+00  -4.3623757e-03   1.4888860e+00  -1.0950404e+00  -5.6612607e+00  -3.7217276e+00  -3.9636301e-01  -1.1627739e+00   1.2541097e+00   1.2512592e-01  -1.3224970e-01  -4.8480575e-01
   2.2536594e+00   8.9917204e+00   1.5761987e+00   2.0133678e-01   1.8893674e-01   1.9859898e+00   4.7899475e+00  -3.3766413e-01   1.9229268e+00  -3.9929323e-01  -1.1468323e+00  -5.0062247e-01  -1.4260196e+00  -1.2349245e+00   4.9754785e-01   1.1461483e+00  -1.2290945e+00  -2.1940045e+00  -2.3169846e-01   8.0874213e-02   2.1708496e-02   6.5006183e-02   2.9496504e-01  -1.2496779e-01
   1.0786462e+00   7.6387029e+00   3.6946356e-01  -6.6595906e-01   5.3331957e-02   9.0183657e-01   1.9237610e+00  -7.1097882e-01   8.0937733e-01  -1.2820877e+00  -1.4502369e+00  -7.0736985e-01  -2.7115705e-01  -9.1788473e-02   8.9823836e-02   2.8053215e+00   3.3208352e+00  -2.2722182e+00  -2.5333482e+00   1.3443698e+00  -8.8553702e-01   8.2382796e-01   8.5161073e-01  -3.6420618e-03
   6.9106589e-01   8.1469152e+00   2.0843432e+00   4.1113997e+00   4.8228847e+00   2.0764388e+00   3.8243279e+00   1.3788487e+00   2.8228623e+00   1.3038045e-01  -8.2063146e-01  -5.5268772e-01   1.7508422e-01   1.1295443e+00   1.7209838e-03   4.6067037e+00   9.6878533e+00   8.4988309e-01  -1.3489961e+00   1.8367730e+00  -2.5060837e+00   1.6945022e-01   1.1060244e-02   5.6809684e-03
   2.1685909e+00   9.2413968e+00   1.7502291e+00   4.3221512e+00   7.8163418e+00   1.4961129e+00   2.4947074e+00   2.3996098e+00   2.1668956e-01  -4.3039744e-01  -7.5649413e-01  -6.0708987e-01   9.2668976e-01   2.5202420e+00   8.7950078e-02   2.7901692e+00   8.2856416e+00   2.3408320e+00  -1.6322696e+00  -3.3013694e-01  -3.2434455e+00   9.9404525e-02  -1.6017541e-01   1.6942977e-01
   1.9713134e+00   9.8846899e+00   8.8839747e-01   4.6173372e+00   1.0839212e+01   2.9636762e+00   2.4809802e+00   8.6220105e-01  -1.5398548e+00  -5.7096303e-01  -1.4771133e+00  -5.4224101e-01  -2.8507914e-01   1.2780578e+00  -2.0650178e-01  -1.1546104e+00   1.4168619e+00   1.4214044e+00  -3.2790815e+00  -3.3765316e+00  -4.3238253e+00  -1.2013040e+00  -4.6770582e-01   2.4070016e-01
   1.8285571e+00   1.0550179e+01   1.0993615e+00   3.2663260e+00   9.4736308e+00   3.9694658e+00   1.4703045e-01  -9.4786040e-01  -1.8744324e+00  -7.8230918e-01  -1.3622590e+00  -4.5844855e-01  -2.6851035e+00  -7.2948866e-01   2.4671747e+00  -1.0328305e+00  -3.4511155e+00   5.9001479e-01  -2.2156257e+00  -3.4246702e+00  -1.1044660e+00  -5.5618365e-01  -2.5727679e-02   2.4382283e-01
   4.3346409e-01   9.4096110e+00   2.1000243e+00   2.9073966e+00   6.1195330e+00   2.9718689e+00   7.9544167e-02  -2.0122136e+00  -2.6173148e+00  -1.4956197e+00  -1.2193077e+00  -2.6595813e-01  -3.1258767e+00  -2.6208105e+00   3.4672140e+00  -1.2999598e+00  -3.4580929e+00  -3.6501253e-01  -3.2277238e+00  -9.9957077e-02   2.4326417e+00   1.2805164e+00   6.7349175e-01   8.5635551e-03
  -1.0901396e+00   8.3847032e+00   4.8451777e+00   3.6278757e+00   4.9995079e+00   2.3770387e+00   3.7198690e-01  -1.3001881e+00  -9.0127949e-01  -8.0234459e-01  -9.2398844e-01  -3.7949706e-01  -2.8774168e+00  -2.9450149e+00   2.4972730e+00  -2.3772656e-01   7.2796056e-01   1.2755584e+00  -1.8602952e+00   2.3111047e+00   3.2725372e+00   2.1365568e+00   1.3482418e+00   1.0182311e-01
  -1.2581532e+00   7.0362118e+00   4.2163103e+00   2.4866227e+00   7.8891339e+00   3.2123710e+00  -2.4730838e+00   8.8842931e-01   1.6225312e+00   1.3598292e+00  -6.8601100e-01  -5.6887142e-01  -1.4947264e+00  -1.9904607e+00  -3.9121917e-02  -1.0216841e-01   3.0571638e+00   2.7695760e+00  -9.3685107e-01   1.9934006e+00   3.4398646e+00   2.2563867e+00   1.2981038e+00   1.0108023e-01
  -1.6417594e+00   7.3193559e+00   3.7871281e+00   3.1201231e+00   9.6807712e+00   5.7625524e+00  -1.3670984e+00   1.0684752e+00   9.1445041e-01   9.9480164e-01   3.9345535e-01  -1.5425724e-01  -8.8028982e-01  -9.3628197e-01  -2.1596717e+00   4.3271757e-01   2.6468223e+00   3.7248475e+00   2.3209083e+00   6.0347742e-01   8.2025763e-01   5.8185681e-01   6.1382921e-01   8.2893010e-02
  -1.5328156e+00   6.9565937e+00   2.5703662e+00   3.0080203e+00   8.3646470e+00   5.4334760e+00  -4.5618981e-01  -2.0644434e-01   1.6346172e+00   9.9038726e-01   6.9126087e-02  -2.2695769e-01  -9.8148359e-01  -2.5850925e-01  -2.6785200e+00   5.4010298e-01  -2.9629003e+00  -2.7724756e-01   3.3770509e+00  -2.1344167e+00  -1.5015762e+00  -1.1623871e+00  -3.1965620e-01   7.5297944e-03
  -2.2732432e+00   7.0200894e+00   2.4286423e+00   4.0162533e+00   8.7319849e+00   6.8537575e+00   2.8449024e+00   1.5246481e-01   3.2306398e-01   2.5516160e-01  -3.8081317e-01  -4.2611441e-01   3.5050319e-01   8.2163833e-01  -8.2747522e-01   5.9663590e-02  -4.4537042e+00  -1.2920714e+00   1.7619142e+00  -1.0346059e+00  -7.4266263e-01  -2.6959176e-01  -1.2782827e+00  -4.0462028e-01
  -2.4146367e+00   6.7980812e+00   8.7777315e-01   2.8487121e+00   3.9191767e+00   2.2508970e+00   4.8649216e-01  -1.8551905e+00  -3.3413987e-01  -1.3931406e-02  -7.7836104e-01  -4.2164814e-01   1.1799551e+00   1.6793987e+00   7.9310467e-01   2.7254238e-01  -2.4139073e+00   6.2874252e-01   1.9846967e+00   1.2449867e+00  -5.8435076e-01  -8.1761247e-02  -8.0109108e-01  -1.7426353e-01
  -6.7509408e-01   8.6310696e+00   3.3922118e+00   3.2892726e+00   5.2229501e+00   5.4157347e+00   8.0443194e-01   3.4093937e-01   7.8483499e-01   1.0925733e+00  -1.1002252e+00  -6.6384243e-01   1.8764983e+00   1.5367448e+00   1.7665221e+00   6.8291475e-01  -1.1346717e+00   1.1697321e+00   1.1805445e+00   3.1119977e+00   2.6510356e-01  -2.4497471e-01  -1.5628810e-01  -2.1346645e-02
  -5.6195745e-01   8.6702017e+00   3.2782385e+00   3.7803242e+00   6.4983034e+00   7.0956012e+00   3.5410904e+00   1.5667985e+00   5.2720553e-01   4.4903952e-01  -7.7280453e-01  -3.6948898e-01   1.2005650e+00   8.7471692e-01   2.3280550e+00   2.5171935e-01   1.7633142e+00   4.7307519e-01   6.9399991e-01   2.3351651e+00  -9.7248196e-01  -4.9840111e-01   4.2627214e-01   2.4046164e-01
  -3.8483531e-01   8.3891463e+00   3.8781928e+00   4.5748194e+00   5.7404139e+00   6.1860035e+00   3.0884200e+00   3.1094669e+00   2.9004662e-01  -3.4378593e-01  -6.1802358e-01  -4.8421396e-01  -4.1380725e-01  -1.5481905e+00  -1.0253307e+00  -1.7797191e+00  -1.7056499e+00  -4.6775675e+00  -2.7075486e+00  -2.0943399e+00  -3.1082021e+00  -8.4573899e-01  -1.3413126e-01   2.1264871e-01
  -7.5891863e-01   8.2311182e+00   4.1268652e+00   2.5835177e+00   6.3054160e+00   2.5753754e+00   3.8549801e-01   2.6329341e-01  -1.5454686e+00  -4.3353438e-02  -3.8005362e-01  -1.5076992e-01  -1.1818868e+00  -2.5974080e+00  -2.8665020e+00  -1.2196867e+00   8.3716227e-03  -4.9887274e+00  -4.7264890e+00  -4.0739561e+00  -1.2876171e+00   1.0296600e+00  -8.4892808e-01  -4.6042643e-02
  -1.1973244e+00   6.5283256e+00   1.4299024e+00   1.2180972e+00   2.7609190e+00   6.5949640e-01  -1.6790948e+00  -2.1488179e+00  -2.8411310e+00   7.0161320e-02  -1.4977975e+00  -4.5422890e-01  -1.4905924e+00  -2.8039686e+00  -3.7762138e+00   8.2626065e-01   1.5137463e+00  -1.7031426e+00  -3.6849843e+00  -4.1214407e+00   1.1043356e+00   1.2001070e+00  -1.1982043e+00  -6.3013039e-02
  -1.9285431e+00   5.7045000e+00   2.0263072e-01   3.6291552e+00   8.0006083e+00   2.3757636e+00  -1.1648858e+00  -1.9149932e+00   1.6136865e-01   1.7865559e+00  -1.6063097e+00  -4.5354548e-01  -1.2727325e+00  -2.7088185e+00  -2.7332802e+00   4.0906845e+00   2.4146598e+00   1.4074389e+00  -6.7317843e-01  -3.1994865e-01   3.2323794e+00   6.2907332e-01  -3.6496917e-01  -7.5096338e-02
  -2.0359116e+00   5.4465024e+00   1.7598942e-01   5.2913916e+00   7.1634372e+00   3.7310955e+00  -1.6638646e+00  -1.9835509e+00   1.0931313e+00   5.4141993e-01  -1.8022020e+00  -4.2734574e-01  -1.6292147e+00  -9.9615759e-01   2.1891319e-01   4.0884420e+00   2.4928774e+00   2.4364872e+00   1.3254871e+00   1.8663948e+00   2.6587324e+00  -2.8109698e-01   1.0575861e+00   3.2584137e-01
  -2.2487238e+00   4.7088021e+00   6.5390141e-01   6.6828974e+00   7.7261466e+00   3.1507343e+00  -6.3188472e-01  -2.9926309e-01   1.3359693e+00   6.6462725e-01  -7.7530513e-01  -2.7685601e-01  -2.3577135e+00  -4.1133116e-01   1.8678636e+00   2.0043936e+00  -2.0451400e+00   1.4665619e+00   1.4963696e+00   2.5503401e+00   1.5210208e-01  -2.3301236e+00   1.4345210e+00   4.5129063e-01
  -3.4810561e+00   5.5319382e+00   1.5326368e+00   5.8238892e+00   6.6374659e+00   3.9267419e+00   4.2635345e-02  -1.5709081e-01   5.5966729e-01   2.0948016e-01  -3.2692059e-01  -5.3811575e-02  -2.8131058e+00  -3.0612808e-01   1.8261469e+00   5.8740753e-01  -1.3066087e+00   5.0688094e-01   1.3803075e+00   2.9501501e+00  -6.2374734e-01  -2.4974795e+00   1.4099253e+00   3.3364889e-01
  -4.7425411e+00   5.0447854e+00   2.3261025e+00   6.3694968e+00   5.1958840e+00   4.4777833e+00   2.2641869e-01   9.9728689e-01   6.5625377e-01  -1.5426597e+00  -1.9216888e-01   3.6623383e-02  -2.6451150e+00  -6.0829184e-01   1.9468629e+00   2.6421068e-01   9.6543288e-01   1.4770792e+00   7.0797570e-01   2.1456562e+00  -7.9104210e-01  -1.5935294e+00   5.6434102e-01   3.7960460e-02
  -5.0086616e+00   4.8193187e+00   2.0791092e+00   6.3292032e+00   6.4686555e+00   3.8278924e+00  -2.2554981e-02   1.7933993e+00   4.9736806e-01  -2.1011559e+00   2.1117750e-02  -8.3612104e-02  -1.1812044e+00  -1.2883045e+00   7.4856841e-01  -1.2486866e-01   3.3014217e+00   1.5530051e+00   1.3488337e+00   1.3727597e+00  -8.1644373e-01  -1.6949931e-02  -2.5516798e-01  -2.8691988e-01
  -5.4525935e+00   4.1526741e+00   3.3009596e+00   6.8265564e+00   9.2587011e+00   5.4157778e+00   4.6267400e-01   1.9439761e+00   1.8055576e-01  -5.7034880e-01  -1.0281278e-01  -2.0501505e-01   2.0470257e-01  -2.6931142e-01   1.2535071e-01  -1.3531508e+00   3.3798075e+00   6.9329834e-01   2.5282557e+00  -9.1448987e-01  -7.3277838e-01   2.0536730e+00  -8.2263627e-01  -2.2855791e-01
  -4.8978365e+00   4.0455370e+00   2.1680609e+00   5.4080564e+00   9.5581900e+00   5.7872523e+00   1.9477582e+00   1.4287042e+00  -4.2714930e-01  -3.0210017e-01  -7.5435061e-01  -3.6337218e-01   7.0977782e-01   4.9067565e-01  -1.3592973e+00  -5.1126690e+00  -1.6037245e+00  -1.5007420e+00  -1.0561265e-01  -2.9052747e+00   1.0062446e+00   1.9966681e+00  -4.7486241e-01   5.4923133e-02
  -4.4908998e+00   5.0277091e+00   2.4696527e+00   4.8003440e+00   8.7208280e+00   4.5380508e+00   3.0336456e+00  -1.9210034e-01   1.9344885e-02   6.3832198e-01  -1.0383891e+00  -1.6633344e-01   2.4219502e-01   5.1967065e-01  -1.5719520e+00  -4.9434346e+00  -4.1104133e+00  -2.5460663e+00  -6.3223377e-01  -9.5535963e-01   3.8252976e+00   1.5587468e+00   7.0364229e-02   3.1480105e-01
  -4.4248417e+00   5.1178146e+00   4.5581677e-01  -3.2669408e-01   4.3320053e+00   2.0156429e+00  -1.4664597e+00  -1.4964746e+00   2.0873404e+00   2.8951091e-01  -2.2338770e-01  -2.0568209e-02  -1.1574438e+00  -7.7557787e-01  -2.1424600e+00  -6.3069310e+00  -5.4623797e+00  -3.5647759e+00  -2.0582775e+00   1.5991733e+00   5.3678883e+00   2.0578127e+00   9.2035802e-01   5.1959812e-01
  -5.3257983e+00   4.3960413e+00   1.7991536e+00   2.2787797e+00   5.7061734e+00   3.4824832e+00   1.2214323e+00   1.9735260e+00   4.6612572e+00   1.4719659e+00  -2.6274789e-01   9.5784535e-02  -1.6979528e+00  -1.0733764e+00  -1.8770289e+00  -3.6754604e+00  -4.5548203e+00  -4.5473659e+00  -2.7945731e+00   1.2591883e+00   2.0014106e+00   1.0413251e+00   1.1671604e-01   1.2796759e-01
  -6.2165529e+00   3.1980041e+00  -7.1037957e-01  -2.7915580e+00   2.8719477e+00   9.6787238e-01  -2.3355140e-01   2.7446510e+00   5.3037269e+00   2.3677969e+00   2.3836582e-01   2.8496601e-01  -7.9343359e-01   8.1032082e-01   4.6559136e-01  -4.7590131e-01  -9.3834750e-01  -8.4168716e-01  -1.3801931e-01  -3.8461321e-03  -1.7893843e+00   7.4517608e-01  -2.8447550e-01  -1.5378497e-01
  -6.1419733e+00   4.3775498e+00   2.3720753e-01   5.1958529e-01   2.6186264e+00  -1.7591128e+00  -1.7746683e+00  -4.2388070e-01   1.4132675e+00   1.1611666e+00  -1.0941918e+00  -1.2714917e-01   3.6929465e-01   1.6913047e+00  -2.7416621e-01  -5.0908734e-01   5.9036803e-01  -6.2956733e-01  -2.3015440e+00  -2.5074137e+00  -4.3788964e+00  -3.9028618e-01   4.1143616e-01  -1.2090612e-01
  -5.2069045e+00   6.3425416e+00   1.9351769e+00  -1.6094884e-01   4.4682576e+00   3.3739101e+00  -1.7543839e-01  -3.0354040e-01   1.0272588e+00   1.5626747e+00  -2.3437900e-01  -1.3977881e-01   2.8904869e-01   3.1598052e-01  -4.6968110e-01   4.2931724e-01   1.5546667e+00   3.0121995e+00  -4.5393985e-01  -2.5778745e+00  -3.3046322e+00  -7.2113792e-01   2.2285815e-01  -9.7625576e-02
  -5.2766805e+00   5.3607296e+00   6.5126075e-02   1.9984414e-01   5.7935705e+00   1.3351133e+00  -2.2599401e+00  -2.6349882e-01   2.3114668e-01   1.2890977e+00   5.9077876e-01   1.2679776e-01   1.0402425e-01  -1.5877497e+00  -9.4404211e-01   1.7496449e-01  -8.6384600e-01   2.1874574e+00   9.7578699e-01  -5.5953252e-01  -1.6475868e+00  -1.1143791e+00   3.9906770e-01   6.3866784e-02
  -6.2156263e+00   3.1803850e+00  -1.3288605e+00  -1.9877115e+00   3.6164756e+00   3.9390586e+00  -6.7182525e-01  -1.2023517e+00   9.3783902e-01   1.2221245e+00  -2.6983224e-01   1.1554181e-02  -9.5782024e-01  -2.6672006e+00  -1.0912476e-01   1.3790710e+00  -3.8335487e+00  -2.6661228e+00   2.0522813e+00  -2.0719619e-01  -3.1149810e+00  -2.5285106e+00  -6.6516642e-01   1.5958272e-01
  -5.4815761e+00   3.5770035e+00   4.5316303e-01   1.6954134e+00   1.7487484e+00   1.2394990e+00  -6.2794374e-02  -8.1377386e-01  -1.0134029e+00  -3.4012696e-01  -4.7786363e-01  -1.0701549e-01  -4.1150327e-01  -7.0188174e-01   1.9449665e+00   2.5747627e+00  -2.6841639e+00  -2.7312031e+00   2.8195491e+00   1.0675647e+00  -2.9737767e+00  -2.8098062e+00  -1.0799165e+00   1.5927426e-01
  -6.5411871e+00   3.2336038e+00   1.5774712e+00   1.1598730e+00   7.4034563e-01  -5.7746702e-01   1.8044106e+00  -3.3919717e-01  -3.0229380e+00  -1.4154789e+00  -6.9780744e-01   2.1650189e-01  -4.7464834e-01   5.2619984e-01   1.8215197e+00   2.2475139e+00   2.2558968e-01  -3.3157004e+00   2.0050781e+00   2.1475491e+00  -2.1625788e+00  -1.9193861e+00  -3.9410643e-01   2.8874731e-01
  -5.7311550e+00   4.2812976e+00   1.5294100e+00   2.4881960e+00   3.2053896e+00  -5.0342855e-01   7.3126558e-01   9.0627106e-01  -2.2491299e+00  -1.6068099e+00  -8.1510838e-01   2.6323530e-01  -4.7484690e-01   1.7396367e+00   6.4406046e-01  -1.1559578e+00   2.1704950e+00   6.7151128e-01   2.0208756e-01   1.0284706e+00   8.3593003e-01   3.5076093e-01  -2.3181586e-01   9.8047235e-02
  -6.8028093e+00   3.6175377e+00   8.6529556e-01   9.8716796e-01   3.2265395e+00  -1.6302824e-01   1.9387619e+00   1.1589495e+00  -1.6881656e+00  -1.0236131e+00  -6.9236951e-01   2.5954974e-01  -1.1346237e-01   3.2627980e+00   2.1171463e+00  -1.1548375e+00   1.4975871e+00   1.3515869e+00  -2.5093941e+00  -1.0735319e+00   1.6513759e+00   6.2068825e-01  -4.0214597e-01  -4.5522885e-01
  -6.0630354e+00   5.9944916e+00   1.7753416e+00   4.7829136e-02   3.7613939e+00   2.0395466e+00   1.7316131e-01  -2.0141257e-02  -4.2689398e-01  -9.9184703e-03  -8.2830638e-01   1.8531433e-02  -5.0453179e+00   3.1869646e+00   5.6973055e+00  -3.2676011e+00   4.1997753e+00   1.5456788e+00  -2.2596145e+00  -3.4059019e+00  -1.7508829e+00  -8.1659947e-01   1.3725659e-01  -4.4081536e-01
  -6.5454405e+00   7.2712038e+00   4.6302249e+00   6.4780012e-01   2.7087241e+00   1.7842585e-01  -1.6806283e+00  -1.4862889e+00  -1.4569921e+00  -1.2828923e+00  -1.2944274e+00  -3.4398946e-01  -7.0989450e+00   3.1096839e+00   7.2239115e+00  -2.8876944e+00   5.8734720e+00   7.1109404e-01  -1.4678819e+00  -1.9063519e+00  -1.6449738e+00  -1.5278362e+00  -2.6465355e-02  -4.5701912e-01
  -1.3427816e+01   7.2349115e+00   8.1929036e+00  -2.2435218e+00   9.7639603e+00   1.6443626e+00  -8.4846099e-01  -2.8799626e+00  -4.9910410e+00  -2.7020696e+00  -3.0819455e-01  -9.6218135e-02  -7.9711155e+00   3.3444416e-01   4.1358416e+00  -3.4881481e+00   5.7187093e+00   3.3999163e-01   1.6193157e+00   8.3253776e-01   1.2420615e-01  -8.8576996e-01   1.6733309e-01  -3.4518557e-01
  -1.3768836e+01   7.6618537e+00   8.4923818e+00  -2.1986981e+00   9.0354642e+00   1.1012048e+00   2.4775015e-01  -2.7066767e-01  -1.8735527e+00  -1.9692919e+00  -9.9212346e-01  -3.6860416e-01  -4.0814114e+00  -3.4346082e-01  -1.4470388e+00  -2.2449933e+00   3.7086367e+00  -5.9535222e-01   2.0878873e+00   1.0944144e+00   1.9541093e+00   5.6929200e-01   9.1191710e-01   2.3280428e-01
  -1.4408011e+01   6.3008329e+00   6.0480255e+00  -3.7611439e+00   9.1760878e+00   2.0881445e+00   1.6379456e+00   6.2085477e-01  -3.2304434e-02  -9.9537359e-01  -7.2845871e-01  -4.8693957e-01   2.3542133e+00  -7.8608992e-01  -5.0514452e+00   8.8391847e-01  -1.5202723e+00  -4.1568188e+00  -5.0519688e-02   9.9287816e-01   3.3834589e+00   7.9973623e-01   1.2226047e+00   2.3518385e-01
  -1.2177460e+01   7.2230519e+00   3.5321058e+00  -1.9608788e+00   8.5656155e+00  -9.3649346e-01   2.0799936e-01  -1.5950760e+00  -1.0051965e+00  -1.2823023e+00   2.8358035e-01   2.0057769e-01   3.8882832e+00  -8.9825951e-01  -4.8355196e+00   1.9870582e+00  -2.4984760e+00  -6.0881056e+00  -3.6375758e-01  -2.1166403e-01   3.2230531e-01  -6.1257032e-02   1.3266851e+00   1.9254160e-01
  -1.0692184e+01   6.2751775e+00   3.0958738e+00  -1.0365537e+00   7.7184763e+00  -3.5720165e+00  -9.0436512e-01  -7.2844115e-01  -3.5003079e-01  -1.8459601e+00   8.8786058e-01  -2.8033280e-02   3.2536770e+00  -4.5860959e+00  -1.7049598e+00   7.3918573e-01  -6.5358455e+00  -4.6616982e+00  -2.3814754e-01   1.2569540e-02   5.1832405e-01  -8.6711676e-01   3.3100652e-01   2.2979067e-01
  -9.7943248e+00   6.3272921e+00   2.7151782e+00  -5.8040585e-01   6.0165560e+00  -5.2008730e+00   9.7326915e-01   8.6484257e-02  -1.2312316e+00  -1.6358842e+00   1.8974454e-01  -3.0924491e-01  -1.4817014e+00  -6.6730145e+00   3.0348438e+00  -1.1117718e+00  -4.6393687e+00  -4.0780004e-02   1.2918575e+00   2.6895859e+00   3.2052536e-01  -1.2036458e+00  -4.6599627e-01  -1.1386319e-01
  -1.0719063e+01  -1.3043112e-01   3.8990496e+00  -3.3426018e+00   6.4684937e-01  -2.7722130e+00   8.9808940e-01  -2.0107105e-01   8.5819917e-01  -2.1192577e+00  -1.8503103e-01   1.1265773e-01  -4.1484472e+00  -5.4670391e+00   4.9154418e+00  -1.1565779e+00  -1.1457490e+00   2.4465972e+00   9.6588706e-01   1.8157260e+00  -5.0336663e-01  -1.4957662e+00  -8.8319630e-01  -6.9364259e-02
  -1.4386573e+01   4.1633451e-01   7.6827836e+00  -2.4755125e+00   5.1423759e+00  -1.3975652e+00   1.2445583e+00   2.1756178e+00  -1.1285235e+00  -2.9511222e+00   1.2103175e-01  -4.0562601e-02  -4.9434062e+00  -2.5824668e+00   4.9054331e+00   8.7016461e-01   1.8919898e+00   1.3605041e+00  -9.0198840e-01   1.4002891e+00  -7.6050889e-01  -1.6449147e+00  -3.2585578e-01  -1.3967549e-01
  -1.4618731e+01   1.0300977e+00   7.9852338e+00  -1.8238673e+00   6.4369429e+00  -1.8037746e+00   4.0882088e-01   9.5058106e-01  -1.1564348e+00  -3.4319904e+00  -4.0257748e-01  -2.6642082e-01  -1.1797143e+00   3.9052094e+00   2.1902821e+00   3.0599595e+00   3.5036536e+00  -9.8835445e-01   1.2395598e-01  -4.4776225e-01  -1.5655462e+00  -6.5304865e-01  -4.2217845e-01  -2.1642991e-01
  -1.5259600e+01   1.8733275e+00   8.0302358e+00  -3.4526180e-02   5.9594939e+00  -3.6443361e+00  -1.3507918e-01   1.6110918e+00  -1.3646779e+00  -3.4468900e+00  -1.9026590e-01  -3.2921887e-01   4.0094224e+00   4.3315301e+00  -3.5564949e+00   7.0243158e-02  -3.4593272e-01  -4.0029587e-01   6.1273608e-01  -2.6152942e+00   5.6742794e-01   7.8710524e-01  -8.1376841e-01   1.0698807e-01
  -1.2052121e+01   4.9988865e+00   7.0107466e+00   2.6844327e-02   5.4937708e+00  -3.1313592e+00   1.7738421e+00  -5.9045144e-01  -1.3720429e+00  -2.8509468e+00  -6.6264988e-01  -6.7659006e-02   5.1143432e+00   1.9904174e+00  -6.4508838e+00  -2.1650441e+00  -3.3600791e+00   1.0077656e-01  -2.9394130e-01  -3.0564556e+00   5.6506246e-01   1.1094257e+00  -5.6208829e-01  -6.8226663e-04
  -9.6557445e+00   4.9292352e+00   2.8352848e+00  -3.2955035e+00   5.0950628e+00  -1.3342167e+00   1.4811518e+00  -9.7680736e-01  -1.6957750e-01  -2.0609861e+00  -9.6958467e-01   2.0538589e-02   5.0964431e+00  -1.0759176e+00  -7.4205241e+00  -3.2538668e+00  -3.3349625e+00   2.9272208e+00   9.1911865e-01   1.0845850e-02   2.5412420e+00   2.9403329e+00   7.8490765e-01   2.2110595e-01
  -9.7491441e+00   2.4877700e+00   9.0638357e-01  -3.4409447e+00   1.8290398e+00  -2.8076695e+00  -8.4020657e-01  -2.3401527e+00  -9.0639133e-01  -2.4608037e+00  -8.5605053e-01  -4.4232296e-01   2.8196617e+00  -2.7413587e+00  -5.0382322e+00   5.0416073e-01  -1.6870616e+00   2.9358626e+00   4.2507145e-01   1.9919153e+00   2.7194983e+00   3.4538912e+00   1.4200440e+00   7.3077446e-02
  -8.7664239e+00   1.5150093e+00  -4.8368797e-02  -3.1814319e+00   2.7894157e+00   5.8465015e-01   2.5506231e+00   2.5022112e+00   2.2143593e+00   7.6853778e-01   1.0837959e+00   1.8977202e-01   1.2233082e+00  -9.6040308e-01  -1.9806990e+00   2.7637248e+00  -4.4778640e-01   1.8338038e+00  -8.4132709e-01   1.7402246e+00   1.5860235e+00   2.8860797e+00   7.0167582e-01   1.0310569e-02
  -8.2672887e+00   2.5939614e+00   8.9522520e-01   7.2604959e-01   4.1160019e+00   3.1300130e-01   1.8767136e+00   6.5791217e-01   1.5152361e+00   9.1512806e-01   4.4072587e-01  -4.2659552e-02   8.0436859e-01   6.1006115e-01  -1.0587547e+00   3.8727345e+00   1.9868121e+00   3.0654131e+00   1.2074003e-01   1.7289314e+00   1.5675029e+00   2.1423265e+00  -3.8700306e-01   2.2743939e-01
  -8.5617098e+00   3.4355349e+00  -1.3018440e-01  -1.2334134e+00   3.2799021e+00  -1.4384632e-01  -1.1392989e+00   1.3449708e-01   9.9864397e-01   5.8016761e-01  -5.6545913e-01  -1.6382726e-01   6.8001487e-01   3.1802054e-01  -1.3299182e+00   2.6036642e+00   8.3597057e-01   1.9287361e+00  -1.1435778e+00  -3.3210978e-01  -4.6717889e-01  -6.7197669e-01  -1.6619851e+00  -1.4536534e-01
  -8.6449482e+00   2.4425989e+00  -6.4084063e-01   1.3941479e+00   4.5640147e+00   2.1546985e+00   1.1858645e+00   1.4371015e+00   2.0527207e+00   8.4687109e-01  -6.1192760e-01   7.5635765e-02   7.5742283e-01  -1.9138787e+00  -2.3009021e+00  -8.2116994e-01  -1.7659787e+00   7.6957044e-01   4.1115958e-01   9.1041704e-01  -1.1826329e+00  -2.1156195e+00  -6.6842229e-01   1.3194616e-01
