  -8.5812181e+00   3.2787643e+00   2.4662461e+00   5.5454491e+00   6.5533702e+00   4.9343765e+00   4.7798670e+00   3.6365192e+00   1.2947503e+00   1.9626218e+00   8.2836764e-01   4.4484977e-01   3.1209804e+00  -9.9363875e+00   7.1636901e+00   4.4945397e+00   5.2095213e+00   1.4783809e+00   3.1466771e+00  -3.3213090e+00  -4.2722146e+00  -2.9709067e+00  -1.2007499e+00  -1.9783915e-01
  -9.6284678e+00   2.5430103e+00   3.8463942e+00   5.5570833e+00   4.6506793e+00   5.5093734e+00   4.8848406e+00   1.7429962e+00   1.4153427e+00   1.5244962e+00   7.7965495e-01   1.1078373e+00   6.6604777e+00  -1.7787906e+01   8.9739899e+00   7.1660658e-02   4.6067955e+00  -4.5171498e+00   3.4575330e+00  -5.4519697e+00  -3.4072543e+00  -2.2967168e+00  -1.5053252e+00  -4.5114807e-01
  -2.9372258e+00  -1.5284356e+01   8.9130813e+00   6.4987277e+00   1.0853296e+01   1.7106964e+00   6.3716502e+00  -2.9711383e-01  -7.3436801e-01  -7.0623776e-01  -6.2517712e-01   1.0005807e-02   8.6874555e+00  -1.5813411e+01   7.0346229e+00  -9.5456807e-01  -6.1641356e-02  -9.5518468e+00  -2.3246525e+00  -4.2665019e+00  -5.5916498e-01  -1.1861414e+00  -1.1772042e+00  -1.9586726e-01
  -1.6536246e+00  -1.6351160e+01   9.8507951e+00   3.2458153e+00   9.3606896e+00  -2.8609128e+00   5.8295712e+00  -1.0226143e+00   6.4913449e-01   7.1480343e-02  -2.9117570e-01   2.9003313e-01   8.4160618e+00  -4.3734947e+00   8.3837086e+00   6.9496483e+00   2.1586634e-01  -5.3636867e+00  -4.3156611e+00  -7.0675484e-01   7.0672100e-02   1.8036853e-01  -2.1665182e-01  -4.2417074e-01
   4.6254356e-01  -1.0994267e+01   1.0015980e+01   5.2692310e+00   4.1059031e+00  -5.2082505e+00   8.2052301e-01  -1.3804284e+00   8.3910700e-01   9.0991767e-01  -4.0202329e-01   5.5995097e-01   7.1977788e+00   1.1477892e+01   3.8159119e+00   5.4448037e+00  -3.0099068e+00  -4.0565103e-02  -7.1622287e+00   1.8941994e+00   2.8711813e-01   6.7375239e-01   1.7214170e+00   3.4809996e-01
   1.2957403e+00  -6.1622766e+00   1.5870508e+01   1.6596304e+01   8.3481754e+00   9.2331685e-01   1.1869126e+00   1.2245212e+00   7.3461337e-01   9.8697132e-01   3.4310031e-01   1.9660863e-01   1.2717568e+01   1.4126745e+01  -1.1148167e+00  -5.7262498e+00   9.8094742e-02   9.1068877e+00  -9.3125781e+00   2.5257434e+00  -1.6811435e+00  -4.4748438e+00   1.8465159e+00  -2.1158186e-01
   6.3847600e+00  -3.1619594e+00   1.1627093e+01   7.9906888e+00   6.8446931e+00  -2.4226603e-01  -2.0503636e+00   1.4206174e+00  -3.4643025e-01  -1.5335467e-01   1.6398105e+00   5.7886800e-01   1.3840708e+01   1.0480457e+01  -5.5674544e+00  -1.6676694e+01   3.1469026e+00   1.2726201e+01  -7.8221828e+00   7.5105882e-01  -3.0186618e+00  -7.2270702e+00   1.0321436e+00  -7.8156028e-01
   1.4461619e+01   9.2280407e-01   7.3730137e+00  -6.7042883e+00   8.1384367e+00   8.3164265e+00  -6.7038527e+00   1.3654778e+00  -1.2798121e+00  -6.1091492e+00   1.4576812e+00  -3.6798170e-02   1.0868926e+01   6.7077318e+00  -7.1862976e+00  -1.9827992e+01  -8.4793471e-01   9.1984989e+00  -7.0103075e+00  -2.9079347e+00  -2.5269362e+00  -5.1098270e+00  -1.3545299e+00  -1.0738310e+00
   1.4640667e+01   1.1838787e+00   5.9135454e+00  -8.0955142e+00   8.9311263e+00   1.0184496e+01  -6.9673686e+00  -3.2431851e-01  -2.6816730e+00  -6.3826274e+00   5.8890162e-01  -4.9568605e-01   5.6276433e+00   2.7914965e+00  -3.9022019e+00  -1.1687948e+01  -6.5889320e-02   6.1304959e+00  -5.8450626e-01  -3.1838369e+00  -1.3260623e+00  -9.5086629e-02  -2.6389413e+00  -7.4704280e-01
   1.3471176e+01   1.7264020e+00   7.9478349e+00  -5.1025822e+00   6.0330567e+00   9.5076839e+00  -6.8700461e+00  -2.2649129e+00  -1.8881696e+00  -3.5631329e+00  -1.1632402e+00  -8.7686090e-01   1.3852702e+00  -2.6226125e+00  -1.2549775e+00  -5.6670922e+00   1.8870237e+00  -3.3508658e+00   3.9384981e+00  -1.8058434e+00  -1.6163593e+00   4.0829790e+00  -3.3938011e+00   2.1343295e-01
   1.5321446e+01   6.2348639e-01   5.4863793e+00  -1.0342086e+01   7.7985491e+00   8.3578491e+00  -2.8440262e+00  -1.5399425e+00  -2.0313449e+00  -1.5689928e+00  -1.0081408e+00  -1.2166484e-01   8.7665301e-01  -4.6901728e+00  -3.4109291e-01  -4.8427315e+00   3.7735460e+00  -6.4653139e+00   3.2540936e+00   8.9471483e-01  -1.2024315e+00   2.5921554e+00  -3.8850060e+00   5.8479751e-01
   1.6199134e+01  -2.7309186e+00   5.7041306e+00  -1.4081641e+01   1.1535261e+01   4.2034515e+00  -2.8577767e+00  -7.3547521e-01  -4.0295150e+00  -2.3914980e+00  -2.8344992e+00   9.6340650e-02   3.3791334e-01  -5.3401838e+00  -7.0569064e-01  -3.8968699e-01   3.8079734e+00  -5.1541853e+00   6.1067225e-01  -1.3013803e+00  -8.4458171e-01   2.9232663e-01  -2.4087458e+00   5.5129926e-01
   1.4591667e+01  -3.6227202e+00   6.5237583e+00  -1.0870082e+01   1.1840343e+01   3.1386418e+00  -4.0923629e+00   2.5303488e-01  -3.4146475e+00  -3.0802116e+00  -4.4029779e+00  -1.0509056e-01   3.1227079e-01  -2.2406581e+00   1.0715473e+00   3.9102380e+00  -3.0969663e+00  -4.6866358e-01  -4.6767877e-01  -1.7267165e+00   3.4783326e-01   3.7291584e-01  -2.9210985e-01   1.0283050e-01
   1.4342936e+01  -4.1607704e+00   6.3706095e+00  -5.4231144e+00   9.7241198e+00   4.3860095e+00  -5.3298694e+00  -5.1134720e+00  -2.4633909e+00  -2.3690335e+00  -3.0789403e+00  -5.8199153e-02   1.5264686e+00  -6.7684749e-01   1.5265235e+00   2.4732293e+00  -6.2077238e+00   1.7080174e+00   8.4727055e-01  -1.1367610e+00  -4.3634849e-01   1.4624494e+00   8.3265861e-01   3.1808308e-02
   1.6717952e+01  -2.0225749e+00   6.7604608e+00  -8.8059918e+00   4.0586701e+00   7.5635747e+00  -2.3094980e+00  -1.9410188e+00  -2.2926571e+00  -1.0208513e+00  -1.3240851e+00   1.0985081e-01   1.2771778e+00   2.2962816e-01   9.6097257e-01  -5.2411182e-01  -5.1006691e+00   3.6735411e-01   1.2719375e+00   4.8308659e-01  -1.2716996e+00   9.8663331e-01  -2.1627696e-02   1.0129100e-01
   1.7425695e+01  -4.5462625e+00   7.8755646e+00  -1.1403842e+01   6.1145116e+00   4.5530111e+00  -2.4783033e+00  -1.3435899e+00  -5.2450330e+00  -1.2275041e+00  -3.1249577e+00   3.6582430e-02  -2.1305239e+00   2.1373904e+00  -2.4020299e-01   2.6812386e-01  -1.5184248e+00   1.2843236e+00   2.4540155e-01   1.4637920e+00   8.0033417e-01  -1.4873912e-01  -1.0210563e+00  -1.2040792e-01
   1.4966054e+01  -3.0855319e+00   7.2127396e+00  -8.6658860e+00   5.9941435e+00   3.6061722e+00  -3.6102398e+00  -9.0727628e-01  -3.9313758e+00  -2.1710264e+00  -4.4124107e+00  -5.4484880e-04  -1.7911491e+00   3.0405010e+00  -1.9209802e+00   1.1212711e+00   1.6788017e+00   3.2849035e+00  -4.0373370e+00  -2.0496516e+00   3.3637289e+00  -1.0455302e+00   3.2623926e-01  -2.8409586e-01
   1.2023099e+01  -4.2320627e-01   5.7841656e+00  -5.0909815e+00   6.4787459e+00   8.2911962e+00  -4.3113962e+00  -3.4346553e+00  -4.4353028e-01  -2.0170546e+00  -3.0663619e+00  -1.8361320e-01  -2.6415591e-01   3.4128640e+00  -2.3681039e+00  -4.1991947e-01   1.6059522e+00   4.6142638e+00  -4.7358435e+00  -3.3871248e+00   3.7481597e+00  -1.2301120e+00   1.7139077e+00  -2.7444615e-01
   1.6732526e+01   4.7664846e-01   4.9246900e+00  -1.0280515e+01   6.3947555e+00   1.0621837e+01  -7.4489571e+00  -3.9699636e+00   3.5218496e-01  -2.1943713e+00  -8.6402410e-01  -2.0619517e-01   5.5658233e-01   2.3670096e+00  -1.8989660e+00  -2.3165619e+00   1.2083387e+00   2.1128366e+00  -4.0048814e+00  -3.2610356e+00   1.7531391e+00  -2.5723395e-01   5.0998852e-01  -2.9783062e-01
   1.6146225e+01  -1.2080567e+00   5.4674335e+00  -1.1226407e+01   8.3231340e+00   7.9665743e+00  -7.6627099e+00  -4.8929335e+00  -1.7645737e+00  -3.0609997e+00  -2.3282895e+00  -2.7226163e-01  -4.4028944e-01   1.3317911e+00  -5.0121962e-02   8.1460111e-01   9.3074155e-01  -4.1444255e-01  -1.7058852e+00  -1.9969926e+00  -6.8882535e-01   9.6442656e-01  -6.6030057e-02   6.0141257e-02
   1.3739365e+01   8.5740774e-01   4.5226567e+00  -9.0730163e+00   6.8844575e+00   6.9377380e+00  -7.9419051e+00  -5.0696906e+00  -6.4114537e-01  -2.0349048e+00  -4.0164641e+00  -4.0296656e-01  -4.7825732e-01   1.1921304e-01  -1.2682387e+00   4.3289544e+00   7.3735720e-01  -4.4771959e+00   4.0667412e+00  -4.0129647e-01  -2.7145388e+00   2.0873340e+00  -4.2949046e-01   2.8295745e-01
   1.2859245e+01   1.3841007e+00   5.9099993e+00  -4.4728294e+00   7.6300072e+00   9.5115821e+00  -6.6237500e+00  -5.8802806e+00  -9.8010313e-01  -6.5014803e-01  -1.5891869e+00   4.9843767e-03   1.9204968e+00  -1.6042604e+00  -2.1567321e+00   3.5794592e+00   2.0563280e+00  -7.8187602e+00   5.9679138e+00   1.0870669e+00  -3.8460594e+00   1.5216334e+00   7.5867994e-02   4.1686811e-01
   1.7658630e+01  -6.4061071e-01   2.8010491e+00  -7.1638724e+00   7.8473546e+00   3.1335398e+00  -1.8683253e+00  -4.0782347e+00  -4.1118585e+00  -2.6879616e-01  -1.8778111e+00   7.9617998e-02   8.6031897e-01  -3.4299262e+00  -1.4224961e+00   2.2715339e+00   2.1894368e+00  -9.1550195e+00   3.4336155e+00   3.2501021e+00  -3.7262452e+00  -8.8390904e-01   9.5630394e-01   1.8097659e-01
   1.7067337e+01  -2.8654380e+00   3.0931391e+00  -6.8117896e+00   1.0926177e+01  -1.8594669e+00  -1.7476291e+00  -3.7580612e+00  -5.7983063e+00  -1.6616039e+00  -3.2838140e+00   1.1174826e-01  -9.9008217e-01  -1.9030075e+00   1.8975271e+00   1.5344043e-02  -9.1089033e-01  -3.8087177e+00   5.7819794e-01   5.1269819e+00   2.5704010e-01  -2.1341649e+00   1.0853272e+00  -1.5862494e-01
   1.2925797e+01  -2.1627121e+00   3.7973427e+00  -4.4962353e+00   8.5205277e+00  -1.1092667e+00  -5.2295423e+00  -1.2556471e+00  -3.8214116e+00  -2.8550404e+00  -1.7346946e+00  -1.8488361e-01  -1.3182485e+00   6.9605008e-03   5.0185159e+00  -1.8516485e+00  -1.5060005e+00   3.6351174e+00  -4.1906855e+00   2.9852192e+00   3.1951182e+00  -3.0860469e+00   1.5440349e+00   8.6048298e-02
   1.3740539e+01  -7.0935978e-01   8.2581432e+00  -5.7836319e+00   5.9270852e+00   5.9199088e+00  -4.0758446e+00   3.9889844e-01  -7.3976642e-01  -2.5582732e+00  -3.2754308e-02  -1.0070223e-01   5.2146177e-01   2.6606182e-01   2.4498198e+00  -8.0093729e-01  -1.7016096e+00   4.6929443e+00  -4.9480707e+00   9.5433466e-01   2.0304787e+00  -3.5516046e+00   8.7007285e-01   1.4427381e-01
   1.7344657e+01  -1.7082091e+00   7.7463209e+00  -1.0455424e+01   8.0878999e+00   4.6965281e+00  -6.9902457e+00  -1.6788857e+00  -1.8484512e+00  -4.4495318e+00  -1.1872886e+00   3.1491569e-01   1.3516562e+00  -2.6016206e-01  -3.2055735e+00   3.2435000e+00   3.1910302e+00   1.9951523e+00  -1.7422848e+00  -2.1248539e+00  -1.1586457e+00  -1.2197489e+00  -1.2236222e+00   3.1804695e-01
   1.5640100e+01  -2.6935968e+00   4.7933796e+00  -5.0336013e+00   8.5900768e+00   2.2770522e+00  -8.2893834e+00  -2.1149398e+00  -3.7390685e+00  -6.1917650e+00  -2.2524078e+00   7.8259318e-02   3.4751131e-01   1.1512608e+00  -4.9082517e+00   3.6293835e+00   1.9163684e+00  -1.3901367e+00   1.3233070e+00  -2.2688566e+00  -2.9675267e-02   9.3933129e-01  -1.6966020e+00   1.5131176e-01
   1.4003501e+01  -1.5608367e+00   7.2136428e-01  -6.0006471e-03   1.1975577e+01   3.7048900e+00  -5.7362001e+00  -3.1860089e+00  -4.0597292e+00  -2.8679180e+00  -2.4603011e+00   2.0270603e-01  -4.4431070e-01   1.4561215e+00  -2.1705492e+00   2.5490003e+00  -1.8935333e+00   4.6462743e-01   2.8519194e+00  -3.0175830e+00   2.3366286e+00   1.8438439e+00  -1.2044531e+00  -1.4072414e-01
   1.5932384e+01   9.4384521e-01   4.4082440e+00  -5.5642683e+00   6.8577993e+00   4.3305228e+00  -2.7179069e+00  -2.2508249e+00   3.2135967e-01  -1.9400832e+00  -1.9411511e+00   1.8237024e-01  -5.9946375e-01  -9.4925200e-01   2.5732729e+00  -1.2786011e+00  -4.0649551e+00   3.1468157e+00  -5.0596709e-01  -3.7361568e+00   2.1286236e+00   1.4533625e+00  -1.6021101e+00  -1.0261889e-01
   1.6532049e+01  -1.3427479e+00   4.6830650e+00  -6.3665899e+00   6.1137387e+00   4.3667339e+00  -5.4981050e+00  -6.1373177e+00  -3.7372240e-01  -3.8096068e+00  -3.1495967e+00   5.1774015e-02  -2.2331529e+00  -1.0218207e+00   4.4310115e+00  -1.5913580e+00  -3.8001348e+00   5.0152873e+00  -2.2628135e+00  -1.5523104e+00   8.3847774e-01   3.4124445e-01  -4.2898343e-01   3.5684835e-02
   1.3476630e+01  -4.2265192e+00   6.6724386e+00  -3.7712083e+00   5.4235635e+00   6.6663538e+00  -9.1673816e+00  -6.2435206e+00  -2.3891365e+00  -3.5408768e+00  -4.3109252e+00  -2.0301042e-04  -2.0117094e+00  -2.6856412e-01   1.8965833e+00  -3.8854327e+00   3.5833697e+00   3.9446352e+00  -2.9947377e+00   9.1089088e-01  -1.7743850e+00  -1.4964834e-01   6.1216131e-01   4.7633809e-01
   1.1881648e+01  -5.0838550e-01   6.2357843e+00  -3.2895677e+00   6.9924929e+00   1.0059905e+01  -5.9056829e+00  -3.5181266e+00  -1.4467645e+00  -1.5556545e+00  -1.9188892e+00   3.4751991e-01  -8.7105911e-01   5.3227604e-01   1.4434996e+00  -6.5088481e+00   5.8422209e+00   2.8370359e-01  -4.3860890e-01   1.9609586e+00  -2.9962137e+00   5.6991603e-02   1.0694701e+00   4.5372252e-01
   1.5240020e+01   1.2381782e-01   6.4767593e+00  -1.2930928e+01   1.1793477e+01   7.4008899e+00  -7.0062245e+00  -2.1940841e+00  -1.8036968e+00  -3.2915319e+00  -1.6382628e+00   7.4900443e-01  -6.6346585e-01   5.1057836e-01   1.1697382e+00  -1.7639052e+00   1.6139109e+00  -2.6462646e+00   1.2400597e+00  -6.6965196e-01  -2.4516599e+00   1.8498487e-01   5.6064375e-01   1.2851332e-01
   1.4343765e+01  -2.7195024e+00   6.9461540e+00  -1.1550002e+01   1.1692113e+01   4.4250212e+00  -7.2365969e+00  -5.2205980e+00  -5.1607628e+00  -3.8487919e+00  -2.8817228e+00   3.5775407e-01  -9.7147137e-01  -1.0561886e+00   2.6745112e+00   1.1749629e+00  -1.7072522e+00  -1.0981024e+00   1.2948264e+00  -1.7650900e+00  -4.7695386e-01   1.7967276e+00  -4.2509253e-02  -2.8983529e-01
   1.1250373e+01  -2.3550932e+00   8.0718610e+00  -2.2868489e+00   5.4946195e+00   5.5143990e+00  -6.6418351e+00  -6.3967628e+00  -4.2096272e+00  -2.1168308e+00  -2.9885428e+00   1.8744989e-01  -1.1307085e+00  -8.4959739e-01   1.8557358e+00   4.3640890e+00  -4.3852293e+00   1.4440117e+00   1.7153140e+00  -1.6206968e+00   1.7393345e+00   1.8052768e+00   1.8586510e-01  -4.6012869e-01
   1.2419265e+01  -8.5321285e-01   9.4500002e+00  -6.8491632e+00   7.5810433e+00   9.3559972e+00  -4.1456380e+00  -4.0644223e+00  -9.5923008e-01   5.5208637e-01  -1.3075131e+00   1.9354424e-01  -5.1173857e-02  -2.0945208e-01   1.5133300e-01   2.2964566e+00  -3.0391556e+00   6.9682527e-02   8.7764767e-01  -8.9344433e-01   2.5986028e+00  -2.9715460e-01  -8.0659540e-01  -9.8318933e-02
   1.4506208e+01  -2.0837230e+00   8.0084399e+00  -8.7352145e+00   7.2711679e+00   7.1014195e+00  -5.9787329e+00  -5.2032171e+00  -1.2954615e+00  -2.7840559e+00  -2.1465700e+00   1.4091630e-01  -6.1377029e-01   4.5210055e-01  -9.1771102e-02   1.1485209e+00  -6.8293143e-02  -1.1028661e+00  -1.8057942e-01   1.1150408e-01   1.1249592e+00  -1.6242276e+00  -9.0612033e-01   2.2582271e-01
   1.2639087e+01  -3.1693656e+00   7.2048641e+00  -4.8811344e+00   6.2451059e+00   3.7360347e+00  -6.2516764e+00  -7.1575373e+00  -2.7199415e+00  -3.9609112e+00  -4.5126023e+00   2.3354247e-01   1.7557187e-01   1.5386575e+00  -1.8657491e+00   8.4618273e-01   1.7178389e+00  -1.4123504e+00  -2.0244557e+00   3.0541364e-01   5.3696469e-01  -1.0337916e+00  -4.0798668e-01   2.5626544e-01
   1.0219806e+01  -5.1886604e-01   9.0567724e+00  -1.5480819e+00   6.0601485e+00   6.6700811e+00  -5.8596850e+00  -4.6829491e+00  -1.6418327e+00  -2.2966734e+00  -2.7451787e+00   5.0618483e-01   1.4309276e+00   2.2176454e+00  -3.7100954e+00  -1.4490902e+00   5.9232401e+00  -2.1628745e+00  -2.2587831e+00   1.6744824e+00  -1.3395278e-01   2.3741286e-02   1.0871727e+00   6.0830480e-02
   1.4825823e+01   6.7234483e-01   6.1272104e+00  -9.1734554e+00   1.0763311e+01   7.4531409e+00  -7.2418455e+00  -3.8664358e+00   1.9402544e-02  -1.2422923e+00  -1.6201888e+00   3.9530813e-01   2.2157237e+00   1.3628386e+00  -4.2769752e+00  -2.4803603e+00   5.6648091e+00  -1.2527095e+00  -3.5800524e+00   3.3301043e+00  -2.3316120e+00  -1.5342141e+00   1.6150056e+00  -1.4236508e-01
   1.5559231e+01  -6.7811012e-01   2.9821237e+00  -8.7626893e+00   1.3896925e+01   1.9985547e+00  -8.8718230e+00  -4.3370444e+00  -2.8660627e+00  -4.1077534e+00  -1.9620177e+00   1.5127919e-01   7.7141400e-01   1.1634828e+00  -3.7757801e+00   2.8335369e-01   3.2295829e+00  -4.6093579e-01  -9.2477105e-01   2.3934318e+00  -2.2953362e+00  -1.6597751e+00   8.5907789e-01  -4.6747220e-02
   1.3292960e+01  -1.0454856e+00   3.8267256e+00  -4.9943711e+00   1.0823931e+01   4.1927337e+00  -1.0115686e+01  -2.3353332e+00  -5.6052445e+00  -5.3566924e+00  -2.4816744e+00   1.9744767e-01  -7.6620156e-01   5.3719003e-01   6.2506617e-01   2.6674951e+00  -3.8649079e+00   2.0551914e+00   1.9135222e+00   1.4262950e+00  -1.8815700e+00  -1.3107274e+00   6.4783430e-01   1.8817096e-01
   1.2143359e+01   2.0852733e+00   4.5433447e+00  -3.2125935e+00   1.0874213e+01   7.6088810e+00  -5.8099213e+00  -1.8583528e+00  -2.2725134e+00  -2.7291360e+00  -1.0258191e+00   5.3499423e-01  -1.4822915e-01  -1.2021871e+00   3.3574702e+00  -1.5360465e-01  -6.8478901e+00   4.5192073e+00   2.0277437e+00  -1.3623003e+00  -1.3647621e-01  -4.3161922e-01  -1.9329711e-01   2.4390508e-01
   1.5384457e+01   9.6438165e-02   6.2841991e+00  -7.9472606e+00   6.4773056e+00   7.7307648e+00  -5.9025130e+00  -2.9663391e+00  -3.0997271e+00  -3.8976921e+00  -1.1165367e+00   4.8570704e-01   4.4352597e-01  -2.9883147e+00   2.2073911e+00   1.3511942e+00  -5.7957120e+00   1.2603617e+00   2.3431874e+00  -4.0087172e+00   3.2851688e+00   5.0925595e-01  -1.7047251e+00  -1.0234182e-01
   1.4291139e+01  -3.0523527e+00   6.7895922e+00  -7.5166515e+00   5.7984030e+00   7.0083501e+00  -7.9367939e+00  -6.0649919e+00  -4.3235356e+00  -5.4846823e+00  -2.9345323e+00   3.7300712e-01   6.1988894e-01  -3.1169538e+00   1.8999736e+00   1.7291544e+00  -3.2485350e+00   9.1419930e-01  -3.8113084e-01  -3.2925479e+00   3.0883820e+00   1.4533882e+00  -1.2290957e+00  -4.2475659e-01
   1.2884359e+01  -2.9591446e+00   6.0146885e+00  -8.1555084e-01   4.6682683e+00   6.3835417e+00  -5.5374687e+00  -6.2450894e+00   3.4801983e-01  -3.2150353e+00  -4.0844055e+00   1.2492850e-01  -5.1614467e-01   6.1328121e-02   8.6733273e-01   5.2389097e-01   1.5336673e+00   1.1110128e+00  -6.2950345e-02  -4.6056322e+00   2.8858349e+00   2.9971926e+00  -4.3223011e-01  -4.8136931e-01
   1.4323241e+01  -1.0623660e+00   7.5280604e+00  -4.1847168e+00   6.9059291e+00   9.6537915e+00  -6.5641398e+00  -5.1577995e+00   6.3618612e-01  -8.9038216e-01  -1.3855282e+00   7.8248621e-02  -4.5637115e-01   1.6260680e+00   1.4236068e+00  -1.9098898e+00   1.0252281e+00   7.2907503e-01   1.9817056e-01  -3.8637754e+00   9.8381667e-01   1.8613797e+00  -3.5441436e-01  -3.3172971e-01
   1.4594189e+01  -8.0656300e-01   7.2159641e+00  -8.8273915e+00   8.2240434e+00   8.0745634e+00  -6.6832656e+00  -1.0328384e+01  -1.2508356e+00  -1.6990533e+00  -2.5393839e+00  -8.8967674e-02  -9.9581987e-01   7.1346970e-01   2.1683165e+00  -1.2096369e+00  -5.3976677e-01   9.8527151e-02   1.1013558e+00  -2.2431489e+00  -3.0284138e-01   1.2919501e-01  -4.0779280e-01   1.1701888e-01
   1.2751667e+01  -1.6895414e+00   8.3243645e+00  -6.3755659e+00   5.5583575e+00   7.2564518e+00  -7.0666395e+00  -9.8190079e+00  -2.0483829e+00  -3.4506037e+00  -4.2386646e+00  -1.7639363e-02   5.7971119e-01   8.7389231e-02  -7.5221090e-01  -3.4180773e-01   2.8944929e-01  -2.4834266e+00   3.3961755e+00   3.4717327e-01  -7.1692454e-01  -5.5347065e-01  -7.8429915e-01   4.2312398e-01
   1.2176416e+01  -1.5753524e+00   8.8690113e+00  -1.5345817e+00   4.5324039e+00   7.7300022e+00  -3.6341851e+00  -7.2792085e+00   1.2360423e+00  -1.7411320e+00  -3.2695265e+00   3.4840081e-01   2.0070321e+00  -7.2785403e-01  -3.1318801e+00   1.1998459e+00   5.3498293e-01  -3.5233984e+00   3.4915247e+00   2.9183068e+00  -2.0886245e+00  -9.4271810e-01   7.3104089e-01   3.3418525e-01
   1.6401694e+01  -5.4688745e-01   5.5732204e+00  -8.3438333e+00   9.1859228e+00   6.1009321e+00  -2.9944167e+00  -6.1616271e+00  -1.6826396e+00  -1.6995488e+00  -2.1969056e+00   4.9425035e-01   1.6293198e+00  -1.2479999e+00  -3.4064626e+00   2.3690773e+00  -2.3582118e+00  -1.8986512e+00   2.1840049e+00   1.6004082e+00  -2.5176163e+00  -5.4908733e-01   1.7185242e+00  -3.5872282e-01
   1.5779724e+01  -2.4696710e+00   3.8937161e+00  -6.0434890e+00   7.2127352e+00   3.3672257e+00  -3.4820899e+00  -7.7796137e+00  -4.5666440e+00  -3.9886579e+00  -2.4637020e+00   1.5636534e-01  -2.2393591e-01  -1.9267802e-02  -3.0108972e-03   2.9607232e-01  -2.7027656e+00   2.1396432e+00  -1.4528357e-02   1.4604710e+00  -1.7626845e+00   1.0590564e+00   1.2505583e+00  -7.0715254e-01
   1.3393993e+01  -3.1143819e+00   5.7023182e+00  -5.6749620e-01   6.8087422e-01   6.5898632e+00  -3.8666798e+00  -7.1681931e+00  -2.9234643e+00  -3.1504717e+00  -2.0637906e+00  -4.5970586e-01  -1.0059141e+00   9.7279329e-01   2.9779790e+00  -7.0855953e-01  -1.8016300e+00   2.4703387e+00  -1.7296133e+00   2.5333743e+00  -8.9322099e-01   2.1264075e+00   3.4383247e-01  -4.2553818e-01
   1.3344363e+01  -3.2050683e-01   8.7999460e+00  -4.9786418e+00   4.7307798e+00   1.0695001e+01  -3.2198461e+00  -4.5852190e+00  -7.8757218e-01   5.7291409e-01  -1.4602466e+00  -2.3534989e-01  -3.8418472e-01   2.3848781e+00   1.5712861e+00  -3.8555941e+00   1.7096822e+00   1.9397870e+00  -3.5680614e+00   2.4766024e+00  -1.7139176e+00   1.2423446e+00  -5.2168419e-01  -3.5199581e-04
   1.6110504e+01  -1.6227961e-01   7.5870740e+00  -9.9390962e+00   7.7244555e+00   6.1425523e+00  -5.7199585e+00  -3.9587630e+00  -4.9120070e+00  -7.9072351e-01  -2.1828847e+00   5.1800692e-02  -7.5520848e-01   2.0058957e+00  -1.5757499e+00  -3.2990300e+00   4.9189670e+00   1.5926891e+00  -3.9495591e+00  -4.2467597e-01  -5.2574011e-01  -3.5652616e-01  -5.6771573e-01   3.2795587e-01
   1.3845191e+01  -3.6840503e-01   5.3082673e+00  -7.1410802e+00   6.2554678e+00   6.5005616e+00  -7.9075427e+00  -5.6694252e+00  -6.1432490e+00  -3.3050151e+00  -3.1866813e+00  -9.9915930e-02  -1.1646061e+00   2.9488665e+00  -2.4225679e+00  -1.2794845e+00   1.9312360e+00  -2.9668603e-01   2.1992320e-01  -1.5982770e+00   3.8198475e-01  -8.6728937e-01  -2.6499780e-01   3.5603223e-01
   1.2010766e+01  -8.1589236e-02   5.0845327e+00  -4.4348220e+00   7.2969807e+00   1.1076117e+01  -7.4471702e+00  -7.2631040e+00  -1.0342360e+00  -1.7462964e+00  -2.0521468e+00  -3.5489043e-02  -1.3737800e+00   3.3444708e+00  -7.5171094e-01  -1.8478737e+00   1.2340020e+00  -1.8743085e-01   3.0638697e+00  -1.8994664e+00   1.4996234e+00  -9.5169838e-02  -7.5595558e-02   4.0844326e-01
   1.3647322e+01   4.0624477e+00   6.4173647e+00  -9.6500057e+00   7.8413712e+00   7.7831901e+00  -2.0263555e+00  -5.3304640e+00  -2.1534805e+00  -2.5023353e-01  -1.9231122e+00   3.4234333e-01   1.9966330e-01   2.4044949e+00  -6.6793047e-02  -3.6949375e+00   2.5188447e+00  -1.9415975e+00   2.5336210e+00  -1.2948809e+00  -2.5565751e-02   3.3358017e-01  -1.7395397e-01   3.0529095e-01
   1.4148768e+01   2.6390002e+00   5.9049588e+00  -1.1456444e+01   8.7825068e+00   5.2200918e+00  -4.0647475e+00  -6.9774432e+00  -4.6574561e+00  -2.4608691e+00  -2.9280625e+00   4.4333595e-01  -2.5916981e-01   8.0457361e-01   1.2754089e-01  -4.8900501e-01   6.0152741e-01  -9.6127942e-01   1.8697627e+00   3.0042094e-01  -9.5665368e-01  -8.1027886e-01   7.0253296e-01   1.5816676e-01
   1.3075685e+01   1.8780427e+00   4.7978647e+00  -9.1726754e+00   9.2909718e+00   6.5161778e+00  -5.7983226e+00  -7.7545770e+00  -4.3699876e+00  -2.4473585e+00  -3.0096544e+00   1.1860800e-01   8.6247782e-02  -3.4894285e+00   1.3295985e+00   2.1172412e+00  -4.4934951e-01   9.2411392e-01  -5.9172921e-01   5.9893188e-01   7.2331803e-01  -8.2029577e-01   8.0220479e-01  -1.7592516e-01
   1.1907830e+01   2.2174737e+00   6.0855941e+00  -5.4069946e+00   7.4744715e+00   1.0267704e+01  -2.7565426e+00  -5.6004161e+00  -1.3609630e+00  -1.8631522e+00  -4.5507630e-01   3.1362876e-01  -6.8992921e-02  -3.9016185e+00   2.0279289e+00   1.1120047e+00  -3.6144668e-01  -5.3866760e-01  -5.9214796e-01   5.2348095e-01   6.0532996e-01  -5.0833223e-01  -1.2533684e-02  -2.0266674e-01
   1.4897163e+01  -9.6093176e-01   8.3214449e+00  -9.4988686e+00   7.8213646e+00   6.6455550e+00  -3.5680518e+00  -5.1205797e+00  -2.7167500e+00  -1.7795356e+00  -1.9562981e+00   1.4330919e-01  -9.1041164e-01  -3.1689357e+00   1.6688526e+00   1.5030553e+00  -6.7358023e-01  -1.5118773e+00  -2.0037169e+00  -5.4754154e-01   1.0773180e+00   5.8165326e-02  -9.2901451e-01  -1.6035140e-02
   1.3134540e+01  -1.7939404e+00   7.1850620e+00  -9.6253403e+00   8.9751404e+00   4.3474019e+00  -6.0681048e+00  -7.5092204e+00  -4.5760799e+00  -3.5572789e+00  -3.4735412e+00   1.2698525e-01  -5.1191721e-01  -1.3126607e-01  -1.9738239e-01   1.4124716e-01   1.0329940e+00  -5.7491295e-01  -1.3525796e+00  -1.0296774e+00   1.4139697e+00   1.7263385e+00  -1.3774373e+00   1.1298532e-02
   1.1096713e+01  -8.6965385e-01   6.7514097e+00  -4.8089197e+00   7.5302670e+00   7.2085128e+00  -7.1481167e+00  -7.6214871e+00  -1.1464521e+00  -1.5130472e+00  -2.8939437e+00   1.8787704e-01   7.9365268e-02   2.6779522e+00  -2.3906179e+00  -3.5722663e-01   1.8175975e+00   2.5041098e+00   5.0057745e-01  -2.8501098e+00   1.4471533e+00   1.8093194e+00   4.2229356e-01   1.4336702e-02
   1.3040179e+01   1.9749357e+00   6.5745381e+00  -7.5400983e+00   9.1695114e+00   9.1238555e+00  -2.9953795e+00  -5.8944785e+00  -2.5157397e-02   5.9311140e-01  -2.0524095e+00   3.0829263e-01   9.3536375e-01   1.7993909e+00  -2.1074017e+00  -1.0897298e+00   2.0985599e-01   3.9959567e+00   7.8316511e-01  -4.0860504e+00  -5.0328805e-01   4.5258040e-01   7.2335005e-01  -1.9132244e-01
   1.5063391e+01   1.1715585e+00   5.0407800e+00  -1.1077330e+01   1.0450575e+01   8.0134929e+00  -4.3535483e+00  -1.0203115e+01  -2.8214813e+00  -1.1407517e+00  -2.0334236e+00   7.4160550e-02  -7.1013218e-01  -9.9090995e-02  -9.2910772e-01   1.3731404e+00   3.1621586e-01   1.5560940e+00   1.5365471e-01  -3.5871664e+00  -2.2790872e+00  -4.2805002e-01   1.0527702e+00  -7.3217025e-02
   1.2554246e+01  -1.1546019e-01   4.8792743e+00  -8.1257301e+00   7.8297702e+00   9.9388468e+00  -6.2906414e+00  -1.2347482e+01  -4.4934974e+00  -3.0645560e+00  -2.8187761e+00  -1.0314016e-01  -4.4545915e-01  -3.7115936e-01  -8.5761966e-02   3.0709500e-01  -2.3668435e+00   1.3621077e+00   1.2314477e+00  -1.1084551e+00  -1.1478541e+00   2.0783408e-01   6.1241574e-01  -3.3022245e-02
   1.0274481e+01   2.6907584e-02   6.2053800e+00  -2.4563932e+00   8.6744613e+00   9.1351581e+00  -5.2700037e+00  -9.7757351e+00  -2.3309129e+00  -3.2628853e-01  -9.3160500e-01   2.8376790e-01   3.4233192e-01   2.1512687e-01   2.4522076e-01  -1.8542104e+00  -2.0693508e+00  -1.4094106e-01   3.7215265e+00   5.8881372e-01   1.6927132e-01   1.0793478e+00  -3.0208845e-01   2.0199477e-01
   1.4766446e+01   1.9905221e+00   5.8635952e+00  -1.1389924e+01   6.5073031e+00   1.0606184e+01  -6.8998023e-01  -7.7708513e+00  -1.9922228e+00   4.9763092e-01  -1.6846952e+00   1.5395558e-01   4.2846044e-01   6.0495204e-01  -1.0232548e+00  -3.1838132e+00  -2.8238525e-01  -7.8007995e-01   2.3734654e+00   1.3490698e+00  -3.7439779e-01   4.4954456e-01  -1.1322245e+00   5.7620087e-02
   1.4470790e+01   4.4125765e-01   4.9164507e+00  -1.2226548e+01   8.0077828e+00   7.4684125e+00  -1.5715892e+00  -1.1608210e+01  -3.8182116e+00  -1.3028234e+00  -3.0535968e+00   2.4860483e-01  -1.1157719e+00   5.2127464e-02  -4.7974948e-01  -3.7175299e-01  -5.8443855e-01  -5.7970811e-01   1.0294302e+00   1.4635173e+00   6.6133946e-01  -4.1412948e-01  -7.9248426e-01   5.6783064e-02
   1.1098783e+01   5.8479283e-01   3.9888567e+00  -8.0163723e+00   7.7395316e+00   9.6020997e+00  -4.5796506e+00  -9.4076395e+00  -4.3114447e+00  -1.9019717e+00  -3.4561170e+00   8.7150265e-04  -1.8355401e+00  -3.2213201e-01   2.7528025e+00   2.4361243e+00   3.7165227e-01  -1.8282360e+00  -2.2106795e+00   4.0426649e+00  -4.2394049e-01  -1.4302286e+00   1.5397600e+00   4.3220831e-01
   1.0434655e+01   8.0796340e-01   6.4231250e+00  -4.7007985e+00   7.1816892e+00   8.7676383e+00  -1.7810232e+00  -6.7620650e+00  -1.7929272e-01   2.5231857e-01  -1.2346205e+00   4.4548454e-01  -1.8704256e-01   7.1080592e-01   2.5028456e+00  -7.4192181e-01   1.5720147e+00  -3.1286884e+00  -2.1811723e+00   4.5702163e+00  -3.1041398e+00  -1.9937506e+00   2.7537947e+00   3.1488480e-01
   1.4031203e+01   1.3239712e+00   9.2394618e+00  -1.1498612e+01   7.4778282e+00   7.2142175e+00  -3.9012824e+00  -4.1299265e+00  -4.4475930e+00  -2.4252829e+00  -2.8454335e-01   7.0382820e-01   7.7796109e-01  -2.0059199e-01  -2.4459893e-01  -6.6521064e-01   1.6171577e+00  -2.1099514e+00  -1.0830636e+00   1.6102934e+00  -2.5806690e+00  -1.9991591e+00   1.3523509e+00   7.4699149e-02
   1.2724016e+01   1.1378774e+00   6.0454166e+00  -1.1598311e+01   1.0496656e+01   3.9693210e+00  -5.1825317e+00  -7.3917421e+00  -8.4063471e+00  -4.0317938e+00  -5.0869152e-01   3.6945368e-01   2.5952164e-01   1.2779408e-01  -1.1830711e+00  -2.0812049e-01  -7.7158449e-01   1.4033154e+00  -5.2301068e-01   6.1226763e-01   7.0488989e-03  -2.4865473e-01  -4.7896272e-01  -1.8684078e-01
   1.1121044e+01   1.1894786e-01   3.8108126e+00  -5.5654322e+00   8.5077846e+00   8.8363312e+00  -4.5034918e+00  -6.6773608e+00  -4.0689210e+00  -2.7586542e+00  -1.7905551e+00   1.5093565e-01   3.5669061e-01  -4.0422047e-01   4.9015191e-01  -1.0779284e+00  -4.2076880e+00   5.7654475e+00   1.6101440e+00  -3.1708166e+00   3.6670984e+00   2.2660072e+00  -1.2652174e+00  -1.9260555e-01
   1.2279017e+01   1.6021662e+00   7.3628430e+00  -7.9795694e+00   5.5093343e+00   1.0061554e+01  -2.2644346e+00  -4.5699464e+00  -3.5805535e-01   4.6022094e-02  -1.2000587e+00   4.4166964e-01   9.7287339e-01  -1.0910696e+00   2.6924956e+00  -3.9061016e+00  -6.1459885e+00   6.4331191e+00   7.8859324e-01  -4.3165657e+00   2.2642532e+00   1.3761591e+00  -2.0403878e+00   2.4026031e-02
   1.4788738e+01   4.8549607e-01   9.3159764e+00  -1.4924876e+01   3.6599574e+00   1.2816272e+01  -2.9451150e+00  -1.0297049e+01  -2.9710913e+00  -1.0651800e+00  -1.8366859e+00   3.7881190e-01   3.7238584e-01  -1.7704811e+00   5.7774660e-01  -2.0758356e+00  -2.6769369e+00   2.8091960e+00   6.0849463e-01  -3.4182024e+00  -4.7639455e-01   3.2082393e-01  -1.3135063e+00   8.1447449e-02
   1.2349479e+01  -6.8200107e-01   7.3315780e+00  -1.2777741e+01   3.7015874e+00   1.1629029e+01  -4.7788303e+00  -1.2056746e+01  -5.5588822e+00  -2.8142922e+00  -3.5462078e+00   2.9155461e-01  -8.1862880e-01   5.7580227e-01  -1.7342488e+00   1.8168565e+00   1.3083366e+00  -1.6294300e+00   1.8064290e+00  -4.7633712e-01  -1.1178366e+00   1.2952117e-01  -2.7366618e-01  -7.4001715e-02
   1.1644392e+01  -1.3946902e+00   4.6930650e+00  -6.2800996e+00   5.3962527e+00   1.2266388e+01  -2.3335520e+00  -8.0612644e+00  -2.1830994e+00  -8.4726111e-01  -2.5877400e+00   3.4816435e-01  -1.1396630e+00   1.8901711e+00  -1.3668783e+00   2.8223561e+00   4.2670965e+00  -5.9099289e+00   2.8276540e+00   1.6654093e+00  -5.5060160e-01   1.0555603e+00   4.7633030e-01   7.2803309e-03
   1.2623247e+01   3.4059627e+00   7.0729256e+00  -9.5766727e+00   6.6036915e+00   7.8923515e+00   1.3942738e-01  -6.4023445e+00  -2.4288062e+00   1.3134441e-01  -1.2350309e+00   3.4599085e-01  -4.0803426e-01   2.4769689e+00  -1.8182928e+00   2.7148623e-01   3.3937740e+00  -5.1289500e+00   1.8488018e+00   1.2358767e-01  -1.5991195e+00   7.2173500e-01  -1.0575853e-01  -2.3708856e-01
   1.2942360e+01   1.2767708e+00   7.3949853e+00  -1.2291876e+01   8.6095501e+00   5.8197174e+00  -1.1627629e+00  -1.0626136e+01  -5.3620317e+00  -9.5465778e-01  -2.2777789e+00   3.6251428e-01  -1.3193576e+00   1.1319587e+00  -2.5086464e+00   1.7223283e-01   3.0498753e+00  -1.7365003e+00   1.0435822e-01  -5.5728385e-01   5.8351189e-01   5.6116325e-01  -1.3421672e+00  -5.6744994e-01
   1.1088443e+01   1.6977218e+00   3.2531787e+00  -9.3646239e+00   7.1855996e+00   7.1589395e+00  -2.5910221e+00  -1.0588929e+01  -6.3680953e+00  -1.6779914e+00  -3.8598261e+00  -7.1253199e-02   4.5652525e-02  -1.3830222e-01  -1.3313445e+00  -9.9854775e-01   6.3666926e-01   2.6255166e+00  -6.7948607e-01   1.6827755e-01   1.8204088e+00   4.6547016e-01  -3.8146025e-01  -1.8679648e-01
   1.0432757e+01   1.1573683e+00   2.8399688e+00  -6.1277747e+00   9.6801116e+00   1.0028343e+01  -8.1178990e-01  -6.8038979e+00   6.6181297e-01   8.9915165e-01  -3.2885932e+00  -2.9438853e-01   1.5842000e+00   1.0541053e+00   4.9926645e-01  -2.7871095e+00  -2.2272416e+00   3.1368484e+00   3.7812840e-01   1.2642549e-01   3.4641238e-01  -1.3467646e-01   1.1778646e+00   2.3038348e-01
   1.3946527e+01   3.2582106e+00   7.3534170e+00  -1.4156545e+01   7.0234147e+00   9.7263135e+00  -1.0552882e+00  -8.0610474e+00  -2.7101154e+00  -9.7355069e-02  -1.3018141e+00   3.9424753e-01   1.5469632e+00  -5.3663351e-01   1.2581299e+00  -1.4797706e+00  -2.4197427e+00   1.5131215e+00  -2.1059180e-01  -1.9294849e-01  -1.7078308e+00  -1.6701577e+00   1.6662505e+00   3.5836030e-01
   1.3889618e+01   2.0776843e+00   6.0937658e+00  -1.4076580e+01   5.3497802e+00   9.2413030e+00  -1.3634372e+00  -1.1700439e+01  -6.6714031e+00  -1.9469906e+00  -1.7899879e+00   4.7533912e-01  -7.2352784e-03  -3.0862417e-01  -3.0350081e-01   4.6632718e+00  -2.8409007e+00  -1.8129487e+00  -5.3924523e-01   1.2300680e+00  -1.7786649e+00  -9.0155896e-01   1.3113705e+00   3.3468016e-01
   1.1680458e+01   4.3261356e-01   3.5134751e+00  -7.6098774e+00   5.7211513e+00   9.8221420e+00  -2.6310862e+00  -8.4300812e+00  -5.2632334e+00  -2.7601567e+00  -2.1097530e+00   8.1423418e-02  -5.3340164e-01   7.9232186e-01  -4.0050797e-01   5.8153681e+00  -2.3344508e+00  -2.6260677e+00   2.3713416e+00   2.2951544e+00   3.8633794e-01   3.8953052e-01  -1.2271609e-01   3.0541234e-01
   1.1554939e+01   2.1072306e+00   4.3046886e+00  -2.4062007e+00   6.0698922e+00   7.2610059e+00  -8.3275877e-01  -4.7742791e+00  -7.2962535e-01   8.7821405e-01  -9.1756796e-01   3.6404376e-01   1.0989525e-01   2.6004241e+00   8.4499477e-01   1.4022585e-01  -2.1910002e+00  -2.3620740e+00   2.7458241e+00  -4.5527654e-01  -7.9336466e-01   4.2696765e-01  -5.1464410e-01   2.9658868e-01
   1.4313764e+01   4.4319203e+00   7.6471937e+00  -1.1268682e+01   3.1616825e+00   6.7773604e+00   2.2363850e+00  -8.0813957e+00  -5.1014974e+00  -9.2566163e-01  -1.9220983e+00   9.0801372e-01  -6.1474776e-01   9.2832831e-01   1.0452068e+00  -2.6685000e+00  -2.2499684e-01   5.2413700e-01   1.7974544e-01  -2.9335192e+00  -6.9825677e-01   1.0454163e-01  -5.2487344e-01   9.5352628e-02
   1.2737808e+01   3.9786671e+00   5.2943986e+00  -1.2036838e+01   3.3430142e+00   7.2205828e+00   3.2156329e-01  -1.2557696e+01  -7.9423181e+00  -2.2237867e+00  -2.6557814e+00   5.0692699e-01  -9.1264993e-01  -1.0259170e+00   1.7352965e+00  -2.7224470e+00   1.6485905e+00   2.4588026e+00  -3.6020719e+00  -6.8968690e-01   1.1124148e+00   2.8080012e-01  -3.4967402e-01  -1.7854465e-01
   1.0166902e+01   8.8938778e-01   4.5864303e+00  -6.7973086e+00   6.7470950e+00   1.0628559e+01  -2.9386290e+00  -8.9386514e+00  -2.7042722e+00  -1.0523439e+00  -2.0279564e+00   1.5301074e-01  -6.4813326e-01  -2.8154818e+00   2.7712986e+00  -4.2205464e-02   3.6049836e+00   4.0052032e-01  -5.6196916e+00   2.3975413e+00   3.5796802e+00   1.5464983e+00   1.6834779e-01  -3.0221972e-01
   1.2259395e+01   2.3396213e+00   8.4380151e+00  -8.7255581e+00   6.7500717e+00   9.0236106e+00  -3.6483596e+00  -5.3801816e+00  -2.5961573e-01   1.3627554e+00  -1.3891499e+00   4.7372827e-01   2.6248236e-02  -2.4109106e+00   3.3287090e+00  -1.6100787e+00   2.3182393e+00  -2.1425983e+00  -3.7885524e+00   1.0345684e+00   4.8611749e-01   8.3071503e-01  -3.9710485e-01  -1.9887097e-01
   1.3580770e+01   1.0282205e+00   1.0232333e+01  -1.2987631e+01   6.8656292e+00   6.4766270e+00  -4.2081909e+00  -8.0738411e+00  -3.5733283e+00  -3.9918521e-01  -2.3028923e+00   4.7128350e-01  -1.0937626e-01  -2.3843066e+00  -1.5257275e+00   2.7861741e+00  -2.4930059e-01  -2.4123507e+00   7.7636931e-01  -1.6295541e+00  -1.4822652e+00   9.3060267e-01  -5.7299531e-01  -3.5040436e-01
   1.1070246e+01   2.9288473e-01   7.4645106e+00  -1.1356796e+01   6.7611060e+00   6.0826514e+00  -4.7264843e+00  -1.1438249e+01  -6.7786139e+00  -1.3042935e+00  -3.1139708e+00   4.9484155e-02  -1.9933264e-01   1.4367470e-01  -2.8801120e+00   5.4892609e+00  -4.2673220e+00  -2.5370305e-01   2.6909442e+00   2.8785836e-02  -5.7615461e-01   1.9066683e-01   3.5000091e-01  -3.6821309e-01
   1.0597412e+01  -1.6637038e+00   2.7845912e+00  -1.3024286e+00   6.3676269e+00   8.4805126e+00  -1.2350127e+00  -8.3539489e+00  -1.6681709e+00   1.6770845e+00  -2.0250390e+00  -1.6047373e-01   1.1899671e+00   1.8562569e+00  -5.5451880e-01   3.0824758e+00  -5.1455764e+00  -1.2452682e-01   3.8230103e+00   1.3507687e+00  -1.4747260e-01   1.7777602e-01   1.0366792e+00   2.9994551e-02
   1.3452075e+01   3.9010955e+00   7.8417182e+00  -6.3342677e+00   5.9808977e-01   7.6411132e+00  -1.0985324e+00  -5.1969489e+00  -2.0764263e+00   6.1062076e-01  -1.0030752e+00   2.3728725e-01   9.6533002e-01   2.2901963e+00   9.4427648e-01  -1.1852174e+00  -3.5891147e+00   3.5732437e-01   1.6130644e+00   6.2686575e-01  -1.1254779e+00  -1.4655547e+00   5.2308740e-01   7.0983968e-02
   1.4174806e+01   2.0085005e+00   9.2119514e+00  -1.0875181e+01   2.2287727e+00   5.5106059e+00  -2.8765148e-01  -9.1683381e+00  -6.1456309e+00  -1.0899783e+00  -1.8033213e+00   4.2237378e-01  -2.0255956e+00   2.4722451e+00   5.5582969e-01  -3.3071927e+00   2.0824484e+00   1.6273960e-01   2.5735047e-01  -6.0303380e-01  -7.3959682e-01  -1.2970947e+00  -1.3874200e-01   2.4689044e-02
   1.0729544e+01   1.8920769e+00   5.6672453e+00  -8.3482456e+00   3.4468610e+00   8.1035913e+00  -2.7805683e+00  -1.0090756e+01  -6.2281007e+00  -2.1190941e+00  -2.4401985e+00  -1.3546365e-01  -2.0304244e+00   1.2165864e+00   6.0923096e-01  -2.4567602e-01   2.7140641e+00  -6.5046895e-01   6.7550464e-01  -6.1797474e-01   1.4880219e+00   8.3422787e-01  -6.3678869e-01   2.4046513e-01
   8.9202844e+00   3.0491732e+00   4.7055722e+00  -5.2562287e+00   8.0669139e+00   8.4933830e+00  -7.9690553e-03  -6.8115962e+00  -7.0172892e-01   1.0962999e+00  -1.5145903e+00   6.2935286e-02  -5.9796594e-01   1.8628125e+00   2.7045787e+00   6.5431385e-03  -6.0947925e-01  -2.6816592e+00   5.4788891e-01   4.1541791e-01   1.1109786e+00   9.6154909e-01  -7.2763799e-01   5.6661443e-01
   1.3033700e+01   5.2056388e+00   1.1008754e+01  -9.5122578e+00   1.7501154e+00   5.1740212e+00  -2.2511664e-01  -7.3022820e+00  -2.5663444e+00   7.6882347e-01  -2.1026237e+00   7.7770420e-01  -2.2319363e-01   2.7926515e-01   3.0686064e+00  -8.5130263e-01  -1.0864234e+00  -2.2474980e+00   7.9496492e-02  -3.0830910e-01  -5.4442558e-01   3.9763878e-02  -1.0897627e+00   4.2935210e-01
   1.2125779e+01   3.1459383e+00   1.0598065e+01  -1.0283360e+01   2.1629267e+00   2.9529021e+00  -7.4354394e-01  -9.9394481e+00  -6.3100411e+00  -1.0916135e+00  -3.0635656e+00   8.1571150e-01  -1.1528600e+00   2.9010153e-01   5.8644562e-01   4.1174580e-01  -1.0746428e+00   5.9007505e-01  -8.4491136e-01   5.6280157e-01  -3.9954989e-02  -1.0863690e+00   6.2296334e-02   6.5275422e-02
   8.7920057e+00   2.2625921e+00   7.3239084e+00  -7.1116340e+00   4.7692196e+00   7.5025847e+00  -2.2935361e+00  -8.9892934e+00  -4.2405830e+00  -9.6549161e-01  -3.3003549e+00   1.3217639e-01  -8.9341652e-01   3.8440952e-01  -1.2621417e+00   1.9055235e+00   5.5515890e+00  -1.7121247e+00  -3.2374256e+00   1.1952010e+00   2.3464977e+00   1.9373451e-01   1.6520184e+00  -2.9737243e-01
   9.3118414e+00   4.9558488e+00   7.4276635e+00  -5.8389219e+00   4.9453977e+00   8.2142138e+00  -2.4112636e-01  -5.1238881e+00   7.5457891e-02   3.3390386e-01  -8.2228022e-01   4.8361232e-01   1.0920342e+00   9.2865136e-01   4.4843559e-01   3.2080737e-01   5.5657058e+00  -5.1603958e+00  -5.5142065e+00  -5.9379512e-01   1.8386187e+00   1.5684472e-01   2.0655287e+00  -2.6634090e-01
   1.3100544e+01   4.8772978e+00   1.0700742e+01  -8.8761915e+00   8.6862634e+00  -2.4821674e-02  -5.3324639e+00  -7.9172605e+00  -2.2393473e+00   3.4666657e-01  -7.4523889e-01   4.9769514e-01   1.5477311e+00  -1.2468459e+00  -2.0046769e+00   2.5173295e+00   4.5778279e+00  -3.9887418e+00  -4.2199623e+00  -1.8005304e+00   4.1689263e-01   1.8090279e-01   1.6687974e+00  -3.2642544e-01
   1.1609562e+01   3.2315625e+00   9.5823015e+00  -8.9198701e+00   8.5529634e+00  -1.0239884e+00  -7.4953898e+00  -1.1366157e+01  -4.5527309e+00  -1.5124255e+00  -1.2428306e+00   2.3344077e-01   3.1687554e-01  -1.3668444e+00  -2.2528957e+00   4.5341564e+00   2.2155406e-02  -5.4551220e-01  -1.5912728e+00  -2.3053320e-01   7.0754357e-01  -3.2255597e-02   4.9358880e-01  -3.2843964e-01
   9.9647422e+00   1.2544664e+00   3.2395741e+00  -1.7951656e+00   9.8321785e+00   6.1385732e+00  -4.9963478e+00  -8.5689544e+00  -1.3011496e+00   2.2902724e-01  -5.8688370e-01  -2.3237599e-01   6.3134988e-01  -3.1496676e-01  -2.9159331e+00   3.7537253e+00  -3.8866053e+00   3.7511150e+00   1.8672424e+00   2.0427770e+00   1.1998981e+00  -2.9364751e-01   3.4122782e-01  -6.4479944e-02
   1.1355055e+01   4.7169978e+00   7.7789041e+00  -2.5782003e+00   4.4056732e+00   4.3142481e+00  -2.7960937e+00  -5.1438410e+00   6.6767439e-01   3.4434013e-01  -1.6107461e-01   3.5598843e-01   1.8490728e+00   2.8157793e-01  -3.0520328e+00   1.3720017e+00  -3.2867400e+00   1.9952532e+00  -5.5319807e-01   4.9436897e-01  -2.6015079e-01  -1.1658257e+00  -4.4977680e-01   4.5111378e-02
   1.4174822e+01   3.6621300e+00   7.2285414e+00  -6.4164385e+00   4.9300006e+00   2.9327326e+00  -4.8812482e+00  -7.9642531e+00  -3.0497028e+00  -1.0221875e+00  -7.7427513e-01   3.3970140e-01   4.0471958e-01  -1.1443313e+00  -1.7398922e+00  -2.2907318e-02   1.9941574e+00  -2.9785885e-01  -3.9243577e+00  -5.7882262e-02  -4.8926026e-02  -1.7091361e+00  -1.0457865e+00   4.4632433e-01
   1.2278131e+01   2.4500976e+00   3.0097686e+00  -4.5512311e+00   6.0739424e+00   3.5718116e+00  -8.3827366e+00  -1.0926954e+01  -4.0686805e+00  -2.6355567e+00  -1.8238000e+00   1.5069142e-02   1.2312371e-01  -1.2327124e+00  -2.6220965e-01   2.7863127e-01   3.4800604e+00   1.8025839e+00  -3.8236015e+00  -7.2638891e-01   2.0536790e+00  -3.1966473e-01  -6.3606454e-01   3.5379998e-01
   1.0110284e+01   6.7141949e-01   3.0143035e+00  -8.4301116e-01   1.1989280e+01   6.0630031e+00  -8.0895629e+00  -5.7642211e+00   9.9363877e-01  -8.4472845e-01  -1.3242007e+00   6.0757015e-01   2.2106599e-01   7.5978132e-01   3.1773535e+00  -5.9680828e-01  -1.2807188e-01   2.3402348e+00  -2.8166408e+00   9.2338273e-01   2.0692411e+00   9.2243479e-01  -2.3323699e-01   2.9822966e-01
   1.3572010e+01   4.3632846e+00   9.4927086e+00  -4.9469671e+00   6.0961241e+00   5.4529886e+00  -6.9273386e+00  -7.3334404e+00   1.7265221e+00  -2.2388649e-01  -8.4020863e-01   7.5275402e-01   4.0169128e-01   2.2855784e+00   2.2231704e+00  -3.7420737e+00  -1.3893200e+00   2.2163320e+00   5.5691674e-02  -3.6493284e-01  -1.6739749e+00   5.3095496e-01   7.7620087e-02  -6.8652959e-02
   1.3859481e+01   3.8452085e+00   8.7531016e+00  -7.1137829e+00   4.7268019e+00   5.5024962e+00  -9.8339084e+00  -8.3759361e+00  -2.8434426e+00  -8.4437042e-01  -1.6159263e+00   4.1820345e-01  -6.2494185e-01   2.0651935e+00  -3.1301820e+00  -1.6907621e+00  -6.6619774e-01   3.5584758e+00   3.3487969e+00  -2.0216451e+00  -3.4990133e+00   4.6149772e-01   3.1702023e-02  -5.6419008e-01
   1.1006069e+01   4.2915706e+00   3.4751250e+00  -7.0289558e+00   7.6212014e+00   7.1765630e+00  -7.4270264e+00  -1.0168496e+01  -4.6611021e+00  -1.8393033e+00  -1.5615071e+00   6.7730545e-03  -1.3102943e+00  -1.8128677e-01  -3.5219214e+00   9.7333267e-02   3.1847400e+00   3.5088395e+00   2.3401126e+00  -2.0919998e+00  -1.7334985e+00   1.9996522e+00  -3.2715060e-02  -2.3885624e-01
   1.0455841e+01   3.8050667e+00   1.3278223e+00  -2.3381599e+00   1.0227445e+01   1.0538930e+01  -2.8165236e+00  -7.3791608e+00  -1.0610692e+00   6.5522652e-01  -9.1599842e-01   1.3427551e-01   1.7780304e-01  -1.5009776e+00   1.1352962e+00  -1.0419564e+00   1.2430746e+00   1.2044464e+00   1.7184484e+00  -3.8192299e+00   3.0525993e-01   1.8005444e+00  -2.3707270e-01   2.0403584e-01
   1.3308388e+01   4.1114253e+00   7.9224662e+00  -7.1887787e+00   8.1229127e+00   8.1980311e+00  -6.9258621e+00  -1.0969828e+01  -1.7649124e+00   2.0257933e+00  -1.2392452e+00   5.3643363e-01  -4.8616176e-01  -2.6808140e+00   3.7495169e+00   1.0874326e+00  -2.4064052e+00  -1.8867787e+00   1.3451150e-01  -1.5815717e+00   1.5040125e-01   1.2474112e+00  -1.1544530e+00   3.5143703e-01
   1.2975026e+01   1.6838148e+00   8.2323754e+00  -8.5968061e+00   6.3405582e+00   6.7984318e+00  -7.5068179e+00  -1.3704115e+01  -3.8336475e+00  -7.6102158e-02  -2.1326663e+00   4.5942692e-01  -2.1143107e+00  -1.1138211e+00   3.6383992e+00   2.5789765e+00  -2.2787884e+00  -4.3685410e+00  -3.3943126e-01   1.5559954e+00   5.9457438e-01  -1.2737719e-01  -2.6720222e-01   2.4305145e-01
   9.0172342e+00   1.3309757e+00   5.6471238e+00  -2.2684838e+00   5.9550369e+00   6.2166439e+00  -4.8801120e+00  -9.3783766e+00  -3.0492111e+00   3.9747782e-01  -2.6848527e+00   3.7135289e-01  -1.6048219e+00   8.5684183e-01   2.3246454e+00   2.0838362e+00   8.9108119e-02  -5.1704976e+00   8.2932791e-01   5.1188749e+00   1.7260798e+00  -1.4946220e+00   7.8317120e-01   6.7743189e-02
   9.4299523e+00   3.5245599e+00   7.9230922e+00  -9.2984252e-01   7.8932002e+00   4.9768119e+00  -4.3485456e+00  -5.8408932e+00   4.7294177e-01   1.2783185e+00  -5.9399800e-01   5.8139305e-01   2.3450772e-01   2.3143468e+00   2.0894866e+00  -5.2629496e-01  -1.9345598e-01  -5.4147343e+00  -2.3680028e+00   4.0414889e+00   8.1425143e-01  -2.5176212e+00   1.1016611e+00  -1.2555156e-01
   1.2673692e+01   4.4763155e+00   1.1564076e+01  -7.8965062e+00   7.4802539e+00   1.3530946e+00  -7.2610064e+00  -7.2231262e+00  -1.3290874e+00  -8.9335005e-01  -8.3382252e-01   5.7706535e-01   7.8238630e-01   2.7227915e+00   1.0408012e+00  -1.6955968e+00   7.5509885e-01  -2.1258312e+00  -4.2762032e+00   1.9952403e-01   7.0603167e-01  -1.8278864e+00   1.0436485e+00  -3.1100138e-01
   1.1498559e+01   3.5826651e+00   8.4081293e+00  -6.5722373e+00   5.2877658e+00   1.1081049e+00  -9.8683749e+00  -8.7195070e+00  -3.4723322e+00  -3.2071200e+00  -1.4056898e+00   1.6824335e-01  -1.6353096e-02   2.7744031e+00  -1.7509133e+00   6.4165845e-01  -9.2125256e-01   2.3210031e+00  -1.1840846e+00  -7.1465011e-01  -1.8608279e-01  -1.5971798e-02  -1.3984044e-01  -1.0821362e-01
   9.1565105e+00   5.3861103e+00   6.9658070e+00  -1.9906817e+00   8.3904024e+00   4.9622505e+00  -8.5345022e+00  -7.6397837e+00  -1.7526543e-02  -1.0163258e-01  -7.1353395e-01   1.1142567e-01   1.7480114e-01   1.9002956e+00  -2.8466910e+00   1.1210191e+00  -6.9365553e-03   4.9348464e+00   1.1474590e+00  -3.9215645e-01  -4.2771495e-01   1.5499489e+00  -3.9164969e-01   1.7674958e-01
   1.1164014e+01   7.2312671e+00   7.5958567e+00  -2.9202671e+00   6.0562471e+00   6.6537385e+00  -5.4879246e+00  -6.7045396e+00  -4.6196283e-01   8.5850203e-01  -8.6390295e-01   6.5189246e-01   4.0234890e-01   1.3922541e+00  -9.7172984e-01  -1.7692670e+00  -5.8734429e-01   2.8388302e+00   7.5077940e-01  -2.1345872e-01  -2.9570022e+00   5.6325759e-01  -6.9349130e-01   2.6595350e-01
   1.3103167e+01   5.5024578e+00   7.7001757e+00  -8.0409627e+00   7.0856084e+00   5.9825474e+00  -7.7300431e+00  -8.8188445e+00  -3.4758445e+00  -6.0123767e-01  -1.6921905e+00   6.0036516e-01  -9.9244018e-01   6.7269256e-01   2.6431326e-01  -4.6956451e-01  -1.4811879e+00  -1.4920839e+00  -4.0713091e-01   1.4644279e+00  -2.3547627e+00  -7.4566592e-02  -2.4842367e-01  -9.2437722e-02
   1.0128754e+01   5.6128725e+00   6.5833502e+00  -6.2009974e+00   5.0591463e+00   4.8562018e+00  -9.1444353e+00  -8.4501647e+00  -6.1786766e+00  -2.1124311e+00  -1.9565985e+00   3.2270386e-01  -3.0202620e-01  -1.1741418e-01  -1.6370881e+00   1.9447221e+00   2.4507563e+00  -2.8897243e+00   2.2199842e+00   1.2094929e+00  -1.3391867e+00   2.8814814e-01   5.3512491e-01  -3.3226420e-01
   8.1854801e+00   7.2043465e+00   7.8685302e+00  -1.0546633e+00   6.6671709e+00   3.6228929e+00  -7.3169432e+00  -4.5703293e+00  -6.9131379e-01   1.2719841e+00  -5.3982169e-01   1.3736339e-01   1.3321246e+00   3.8954963e-02  -2.6106784e+00   1.4656574e+00   4.4203850e+00  -3.8982278e+00   4.6047663e+00  -1.5876241e-01  -6.3175146e-01   7.1392118e-01   2.5825331e-01  -1.5506478e-01
   1.3169818e+01   6.2042015e+00   5.0560474e+00  -3.4963335e+00   9.9416003e+00   3.4989794e+00  -2.3644982e+00  -7.0145580e+00  -3.8630083e+00   3.5411336e-01  -6.3739998e-01   3.8499705e-01   1.4591946e+00  -1.6249324e+00  -2.0019228e+00   4.9432955e-01   4.1850590e+00  -2.6836249e+00   3.0843687e+00  -1.1837242e+00  -4.9802152e-01   2.3032905e-01  -5.5746362e-01  -1.5939627e-01
   1.3580822e+01   5.2652257e+00   4.5478095e+00  -7.1948085e+00   1.1274959e+01   8.1381697e-01  -4.2128622e+00  -9.7747915e+00  -5.5813058e+00  -7.6362814e-01  -1.9644098e+00   3.3662139e-01  -1.2043711e+00  -1.8385924e+00  -7.7267732e-01   2.5994875e+00   3.3102212e+00   7.4974914e-01   2.2380289e-02  -2.1021106e+00  -4.2660016e-01  -1.0123345e+00   1.2674896e-01   1.1859127e-01
   9.6198751e+00   4.1450344e+00   5.2408263e+00  -2.3894304e+00   9.0328407e+00   2.2353025e+00  -6.0699228e+00  -7.6235198e+00  -4.4807128e+00  -7.4913141e-01  -2.0804999e+00  -1.6019550e-02  -1.5542386e+00  -4.2101044e-01   9.5060349e-01   1.6554594e+00   8.4524560e-01   6.0764423e+00  -3.4305007e+00  -1.3890478e+00   1.0561935e+00  -1.5363963e-01   8.7577671e-01   1.2106037e-01
   8.1538946e+00   5.4760414e+00   6.6171247e+00   2.2911163e+00   1.2086883e+01   5.3793551e+00  -5.4306605e+00  -7.4190142e+00  -1.0223618e+00   3.0510478e-01   3.7185171e-01   5.1575859e-01   3.3552424e-01   2.8645646e-01   3.4344841e-02  -2.4588741e+00   6.6633995e-01   6.9303499e+00  -2.5037027e+00  -2.3642741e+00  -1.2058567e+00  -2.6082579e-01   7.7856635e-01   1.3484416e-01
   1.3551923e+01   5.4672780e+00   5.4472950e+00  -5.7561069e+00   1.0803507e+01   1.0330874e+01  -6.9013501e+00  -1.0276018e+01  -4.5581901e+00  -4.1071254e-01  -4.9186564e-01   4.7701900e-01   1.0349471e+00   1.4247156e+00   1.6348687e-02  -6.1471024e+00  -1.0226386e+00   1.5988824e+00   1.7777602e+00  -7.2650248e-01  -1.5733325e+00   1.1220298e-01  -1.2997658e-01   3.0497665e-01
   1.2118084e+01   5.0337886e+00   4.4960924e+00  -9.1997814e+00   1.1389136e+01   7.1615561e+00  -7.5527026e+00  -1.1994953e+01  -7.3513522e+00  -1.3240763e+00  -1.5908774e+00   2.9236835e-01  -7.3810908e-01   1.4594334e+00   3.1083434e+00  -4.1674886e+00  -3.5884973e+00  -1.3225991e+00   3.7802464e+00   2.4196371e+00  -1.3262966e+00  -3.5443180e-01  -6.9125505e-01   1.1070068e-01
   9.1902012e+00   6.5032342e+00   6.3258655e+00  -5.8646352e+00   7.8477562e+00   3.7425255e+00  -2.3422614e+00  -6.4253040e+00  -3.6762163e+00   2.3376358e-01  -1.2941002e+00   5.5314054e-01  -2.6873160e+00   1.6098921e+00   5.6468142e+00  -1.3904314e+00  -1.9060649e+00  -9.9085437e-01   3.3549834e+00   1.6567943e+00   3.3520977e-01  -5.4752953e-02   8.2199936e-02   2.0400992e-02
   9.2275921e+00   7.1472134e+00   1.0840355e+01  -3.9058524e+00   8.1820120e+00   6.6896306e+00  -2.0398352e+00  -5.7149157e+00  -3.4527935e+00  -5.4878098e-01  -2.6391358e-01   6.4374883e-01  -1.3777126e+00   1.2579915e+00   1.8559545e+00  -6.6239760e-01  -6.4245555e-01   1.5442622e+00  -9.3199043e-01  -1.0305165e+00   6.9427453e-01  -1.1859149e+00  -1.7073070e-01  -1.8453149e-01
   1.0966195e+01   6.8254037e+00   1.0745385e+01  -1.0488719e+01   9.5479714e+00   9.0805550e+00  -4.6253087e+00  -1.0930846e+01  -6.0046548e+00  -8.8048961e-01  -1.0320476e+00   3.3193025e-01  -1.1136096e+00  -1.3130312e+00  -2.7395796e+00   3.2338683e+00   3.1815972e+00   9.8663941e-01  -3.0635998e+00  -4.9789494e-01   8.3714581e-01  -3.9238141e-01  -1.5456345e+00  -5.3747259e-01
   9.1635180e+00   6.7596911e+00   5.0702644e+00  -7.8813361e+00   9.5753448e+00   6.8089346e+00  -7.8091646e+00  -1.1287957e+01  -5.1457212e+00  -2.5458220e+00  -1.9779997e+00   1.2617627e-01   9.4118828e-01  -2.8409421e+00  -4.8617665e+00   5.8021644e+00   1.8232136e+00   1.7449888e+00   1.4047804e-01  -1.5530406e+00   5.0199436e-01   9.3194903e-01  -1.2238784e+00  -1.9195551e-01
   7.5518239e+00   4.7274486e+00   5.1015412e+00   9.7390917e-01   1.1923486e+01   5.1628326e+00  -4.0529965e+00  -4.3856256e+00  -1.5740338e+00   6.4371197e-01  -2.7555090e+00   5.7179381e-03   1.9516291e+00  -2.9570982e+00  -3.2583324e+00   6.0632016e+00   4.1339743e-01   1.3420347e+00   3.1250428e+00  -1.8727406e+00  -9.2950934e-01   1.5235284e+00  -7.1698340e-01   1.0076085e-01
   1.2346560e+01   3.9347778e+00   6.3696268e+00  -9.3391964e-01   9.7290753e+00   1.1265975e+01  -2.1152743e+00  -1.1317087e+01  -4.9151125e+00   8.7041779e-02  -1.2380005e+00   5.1892173e-01   1.6381762e+00  -2.9230445e+00  -1.9504444e-01   1.7079310e+00  -8.7516979e-01   1.6850049e+00   3.6948799e+00  -2.3923285e+00  -2.1832433e+00   1.6758971e+00  -4.0458605e-01   3.4326177e-02
