   1.8985605e+01  -4.7491075e+00  -3.4548647e+00   2.5836302e+01   7.5420179e+00  -7.5243731e+00   1.6944513e+01   3.2339723e-01   3.2497082e-01  -1.1274836e-01   2.9199268e+00  -1.8547926e-01   5.7340402e+00   7.5329314e+00   3.3809762e-01  -4.0946841e+00  -8.2369272e-01  -7.0143859e+00  -5.4276545e+00  -4.6281483e+00   2.7743916e+00  -1.0693329e+00   9.1320506e-01   1.1160180e+00
   2.2283212e+01  -2.9780837e+00  -4.1272506e+00   2.4781298e+01   8.2904581e+00  -1.2101833e+01   1.7116217e+01  -1.8362867e+00   3.3832551e-01  -2.0705607e+00   3.3107835e+00   2.5355739e-01   4.9572345e+00   5.8747398e+00  -2.7967515e+00  -5.0063522e+00  -6.0342438e-01  -4.7131078e+00  -5.7392864e+00  -2.7200762e+00   1.2606124e+00  -8.3614376e-01   2.0260264e-02   3.9144216e-01
   2.3068118e+01   6.3163057e-01  -2.8588768e+00   2.1837253e+01   1.0409941e+01  -8.9447187e+00   1.5857065e+01  -4.4353217e+00  -1.1853495e+00  -2.4889336e+00   2.9445178e+00   5.9183961e-01   3.5500181e+00   2.1629961e+00  -5.5328275e+00  -4.8594559e+00   2.6080866e+00   1.1050333e+00  -3.5673117e+00  -3.4685076e+00  -1.6936333e+00  -9.0224610e-02  -9.3485131e-01  -1.0893324e-01
   2.3382004e+01   1.8019035e-01  -7.1029146e+00   2.1421363e+01   9.2888135e+00  -8.3485009e+00   1.4849020e+01  -3.0356258e+00  -1.0208673e+00  -6.4416830e-01   2.5903859e+00  -1.7829556e-01   1.7990523e+00   1.3043936e+00  -4.8658347e+00  -4.8205270e+00   1.7684916e+00   3.8178561e+00  -2.9722960e+00  -2.0864188e+00  -1.8313961e+00   9.2541099e-02  -1.0436270e+00  -6.2202911e-01
   2.3761236e+01  -3.0837505e+00  -1.0266274e+01   2.0227085e+01   1.0954970e+01  -7.7434892e+00   1.2727144e+01  -4.2796946e+00  -1.5358827e+00  -9.6128146e-01   1.8778487e+00  -1.3295265e-01   1.5210139e+00   4.2339479e-01  -2.0985060e+00  -3.7441992e+00  -4.5758712e-01   1.6680467e+00   1.7315760e+00  -7.0736760e-01  -1.7724559e+00   3.5905795e-01  -3.9091780e-01  -8.8953407e-01
   2.4635231e+01   8.3619728e-01  -7.7223041e+00   1.8355591e+01   1.0670681e+01  -6.9756636e+00   1.4222733e+01  -5.0437285e+00  -2.2335020e+00  -2.6955751e+00   2.2786775e+00  -3.1709015e-01   2.8430917e-01   1.8009820e+00   1.2911569e-01  -3.2555144e+00   4.2684730e-01   8.0207745e-01   2.9210194e+00  -6.1601810e-01   1.1016181e-01   3.4687717e-01   7.5210722e-01  -3.7245069e-01
   2.4723025e+01   9.3871929e-01  -5.6969410e+00   1.7753840e+01   9.0326263e+00  -7.1290673e+00   1.8767572e+01  -4.4923217e+00  -3.2377160e+00  -9.2464328e-01   2.5139953e+00  -6.7306420e-01   5.8612389e-01   3.4623231e+00  -2.1471985e+00  -9.4475979e-01   2.0021188e+00  -8.2498633e-01   2.0853060e+00   1.9768943e+00   8.3867895e-01  -1.0061576e+00   1.3022561e+00   6.6977338e-02
   2.3327573e+01   8.7042852e-01  -9.1939075e+00   1.7774714e+01   1.0890256e+01  -7.4525956e+00   1.6210335e+01  -3.8533393e+00  -4.7079722e-03  -1.4217164e-01   3.4004734e+00  -4.6691582e-01   5.3922833e-01   1.9817869e+00  -5.6230477e+00   8.8911584e-01   5.5121708e+00   4.4771741e-01  -4.6127104e-01   3.4001967e+00   1.0410019e+00  -1.2702243e+00   9.9445997e-01   2.8608219e-01
   2.5294251e+01   2.0926185e+00  -1.2751270e+01   1.9100384e+01   1.3848360e+01  -8.7425027e+00   1.4861302e+01  -1.9095477e+00  -1.3922613e+00  -3.7472196e+00   3.2703348e+00   4.2426189e-02   2.2929657e-01  -2.3671875e-01  -4.7067702e+00  -9.5205119e-01   6.3062882e+00   4.8754353e+00  -4.0135929e-01   3.0189232e+00   2.1371022e+00  -2.2608563e-01   3.1857740e-01   3.7976982e-01
   2.5158461e+01   3.2319281e+00  -1.2629711e+01   1.9015993e+01   1.6531070e+01  -5.4973699e+00   1.5483962e+01  -1.2348205e+00  -1.5947265e+00  -3.1896234e+00   3.3921977e+00  -2.4571206e-01   9.2873345e-01  -1.7323731e+00  -1.8151679e+00  -2.9895157e+00   3.4931808e+00   5.0182198e+00   1.3954471e+00  -3.3732028e-01   2.6574445e-01   8.2711454e-01  -3.9174600e-01   1.7324088e-01
   2.4151526e+01  -5.9710860e-01  -1.1039194e+01   1.5705124e+01   1.5671652e+01  -7.9352734e-01   1.8528720e+01  -1.2731963e+00   7.6294652e-01   2.5995414e-01   2.9959993e+00  -2.1401135e-01   8.3674940e-01  -2.1186906e+00  -1.2965317e+00  -2.0568387e+00  -2.2283575e-01   1.5664376e+00   2.6408577e-01  -3.4875481e+00   8.4504451e-01   2.1587146e+00  -3.6362425e-01   1.2994976e-01
   2.5292036e+01  -3.8326756e-01  -1.2772697e+01   1.4988070e+01   1.5218382e+01  -3.8997537e+00   1.6469797e+01  -4.6774955e+00  -6.8369521e-01  -9.0508669e-01   2.9500222e+00  -7.8835723e-02   1.7216881e+00   5.7000233e-01  -1.7037010e+00  -2.8136891e-01  -1.2439177e+00  -8.0946400e-01  -8.3878401e-01  -4.4082520e+00  -5.1010997e-01   1.4475676e-01   1.8905673e-02   3.1813839e-01
   2.6482588e+01   7.2218044e-01  -1.4624575e+01   1.8029088e+01   1.4170451e+01  -7.1916543e+00   1.4764513e+01  -5.4195324e+00  -5.8021016e-01  -1.6514160e+00   2.9459862e+00   1.5391267e-01   6.4884509e-01   2.9572299e+00  -1.8000373e+00   3.6570714e+00   2.7769937e-01  -3.1703902e-01  -1.0572349e+00  -1.8986141e+00   3.1948764e-01  -1.2043710e+00   7.0729901e-01   1.9073861e-01
   2.6575462e+01   3.4272870e+00  -1.3392573e+01   1.7431958e+01   1.5415794e+01  -3.5125024e+00   1.6107889e+01  -5.7740305e+00  -1.6883131e+00  -2.0168032e+00   3.4455628e+00   4.7533526e-02  -8.5527730e-01   3.2512331e+00   6.3751971e-01   2.1929274e+00   1.2101667e+00  -5.9134078e-01  -2.6368974e+00   2.8713509e+00   4.1490798e+00  -1.4813388e+00  -3.1884901e-01  -2.4085122e-01
   2.4483080e+01   1.9334589e+00  -1.3429313e+01   1.9968787e+01   1.5989495e+01  -1.4627115e+00   1.7123822e+01  -3.5728500e+00   1.7444869e+00  -9.9074412e-01   3.8091775e+00   8.9119426e-03  -7.9536876e-01   1.4089153e+00   2.1103476e+00  -1.9047268e+00  -6.0909146e-01  -1.3534698e+00  -2.9465413e+00   2.2458239e+00   3.4154831e+00  -5.0892154e-01  -8.6146268e-01  -5.2951566e-01
   2.5008874e+01   3.8879428e+00  -1.2414049e+01   1.7307612e+01   1.6124110e+01  -7.6512362e+00   1.1334797e+01  -1.2938104e+00   4.3775759e+00  -3.4574308e+00   2.0401530e+00  -3.6761219e-01   2.5888738e-01  -8.5288019e-01   2.3625432e+00  -1.5679776e+00  -2.4429127e+00  -3.9134345e+00  -1.0044267e+00   8.5103839e-03   3.2174445e-01   8.2524764e-01  -1.1016185e+00  -4.4486370e-01
   2.6072829e+01   2.6052255e+00  -1.1948315e+01   1.5234170e+01   1.2902656e+01  -7.1524921e+00   1.2731247e+01  -4.2909066e+00   1.5100700e+00  -1.6944845e+00   2.3564970e+00  -4.3278796e-01   1.0382594e+00  -1.6922117e+00   1.0707645e+00  -2.4426850e+00  -5.4719194e-02  -1.1724743e+00   3.2054529e+00  -2.3789680e+00  -2.0883001e+00   1.3694976e+00  -3.2925720e-01  -5.6582851e-01
   2.6168919e+01   1.8120834e+00  -1.0589257e+01   1.7447300e+01   1.3294845e+01  -6.5377638e+00   1.6797536e+01  -5.4022366e+00  -1.0884880e+00  -4.2706154e-01   2.5194752e+00  -3.9891207e-01   1.1378313e+00  -4.0028279e+00  -1.0705619e+00   1.4993274e+00   1.5918747e+00   4.1573536e-01   3.0299059e+00  -3.2596287e+00  -1.1403295e+00   1.4755481e+00   3.9896617e-01  -3.1911374e-01
   2.5460447e+01   4.3307102e-01  -1.2735562e+01   1.6234916e+01   1.7322049e+01  -3.7781593e+00   1.9200631e+01  -5.0870890e+00   1.3450687e+00  -4.5168229e-01   3.0756306e+00  -8.2418088e-01   1.2093337e+00  -1.2960370e+00  -2.6990159e+00   2.4198006e+00   4.4905906e+00  -1.9230951e+00  -4.8724182e+00  -2.5222648e+00   5.3656924e-01  -2.9426091e-01   5.0041206e-01   2.1526965e-01
   2.7021812e+01  -1.0302218e+00  -1.3626268e+01   1.9056230e+01   1.6302225e+01  -8.7147996e+00   1.2644964e+01  -5.7851623e+00   2.7495822e+00  -1.8655097e+00   2.2790355e+00  -6.5058633e-01   1.1935097e+00  -2.8087091e-01  -2.2106923e+00   4.3005822e-01   3.3411107e+00  -5.7665734e-01  -7.2925876e+00  -2.2141526e+00   7.1447945e-01  -4.9495732e-01   7.0825142e-01   3.9542415e-01
   2.7460383e+01   2.0823227e+00  -1.4478333e+01   1.8059406e+01   1.8134851e+01  -8.9486168e+00   7.4989066e+00  -7.8828410e+00   3.9588877e-01  -1.4166518e+00   3.2273350e+00   1.5953644e-02   5.3422124e-01   8.1055901e-01  -1.9322330e+00  -1.6203758e+00   9.6878043e-01   2.1508125e+00  -2.4206559e+00  -5.6033108e-01   3.2972458e-02  -3.8352777e-01   5.0873945e-01   4.2287546e-01
   2.6959215e+01   5.6615122e-01  -1.3033909e+01   1.7180142e+01   1.7900109e+01  -4.8175210e+00   1.1709517e+01  -7.3255894e+00   4.5782118e-01  -6.8701278e-01   3.5060001e+00  -2.2584311e-01   1.3092349e-01   1.8352044e+00  -3.3960747e+00  -5.3424671e+00   2.5459994e+00   4.2725309e+00   9.3595007e-01   7.5726163e-01  -5.9800054e-01  -3.0740083e-01  -2.8217853e-02   7.6204759e-03
   2.6293077e+01   8.5072300e-01  -1.5930091e+01   1.4742396e+01   1.7976277e+01  -2.5005797e+00   1.6037370e+01  -5.1573720e+00   2.5404079e+00  -1.6162224e+00   3.2252575e+00  -4.0223931e-01   1.0448005e+00   1.2604698e+00  -2.0441137e+00  -5.2000609e+00   8.1629223e-01   1.1978363e+00   3.7791761e-01   1.2460113e+00  -4.0773474e-01  -3.1180138e-01  -1.1786179e+00  -3.3959331e-01
   2.7801850e+01   2.3383847e+00  -1.7994501e+01   1.2701034e+01   2.0200511e+01  -5.5300218e+00   9.7796568e+00  -6.0120043e+00   7.8032186e-01  -2.2268256e+00   2.2377475e+00  -4.3005914e-01   1.4911362e+00   9.5038770e-01  -7.5597714e-01  -2.6012358e+00  -1.8263614e-01  -1.5338803e+00  -8.9094300e-01  -1.1158015e+00  -3.7178451e-01   1.6806649e+00  -5.1469330e-01  -1.9051906e-01
   2.8606266e+01   3.0869107e+00  -1.5064208e+01   1.2498868e+01   1.8209088e+01  -6.7956119e+00   9.0307133e+00  -6.6706167e+00  -3.7696369e-01  -1.1144474e+00   2.0935345e+00  -3.9132830e-01   6.9251294e-01   4.1102421e-01   1.7677487e+00   2.3707390e-01  -2.4386075e+00  -1.0184794e+00   1.9739536e+00  -2.4469246e+00  -7.4928894e-01   2.5326604e+00   8.4413269e-02  -9.3508916e-02
   2.8039325e+01   8.7363891e-01  -1.4600817e+01   1.4400052e+01   1.7509750e+01  -4.9708254e+00   1.3876431e+01  -8.2426694e+00   1.3588302e+00   1.5830971e+00   3.2998217e+00  -5.1707720e-01  -2.8519009e-01  -4.0497823e-01   2.3596923e+00   1.7440239e+00  -3.5457132e+00   1.1236078e-01   3.4295547e+00  -3.8200613e+00  -1.2451507e+00   1.6142868e+00   2.2961826e-01   4.5337202e-02
   2.7213109e+01   2.1996322e+00  -1.4975310e+01   1.4248498e+01   1.5663747e+01  -4.3078970e+00   1.6949913e+01  -7.7124264e+00   1.1272203e+00   2.7780688e-01   2.8208403e+00  -4.9899366e-01   5.3722828e-01   1.5228268e+00  -9.7132656e-01   5.7331792e-01  -1.7578604e+00   4.9562800e-02   4.4171689e-01  -3.7917148e+00  -2.3657944e+00  -7.9693051e-01  -1.2876549e-01   4.1893245e-01
   2.8070644e+01   2.1745566e+00  -1.4499412e+01   1.4442255e+01   1.6154612e+01  -6.6053381e+00   1.0964389e+01  -1.1221191e+01  -1.8394962e+00  -5.0152253e-01   2.2185220e+00  -3.0822066e-01   9.2923221e-01   3.3745771e+00  -2.2708697e+00  -1.3767343e+00   4.5140411e-01  -3.6998823e-01  -3.4493831e+00  -1.5287839e+00  -3.1783282e+00  -2.0187539e+00   8.7273460e-01   6.7744123e-01
   2.9396450e+01   4.7206922e+00  -1.6571900e+01   1.3337744e+01   1.6249867e+01  -5.9040114e+00   1.1149310e+01  -1.0868928e+01  -2.3264921e+00  -1.2675334e+00   2.4410361e+00   1.3264211e-01   5.7981950e-01   1.5934121e+00  -1.6762823e+00  -3.0570371e-01   8.3396994e-01   2.3521411e-01  -3.3614493e+00  -1.0900683e+00  -1.6185388e+00  -1.1498762e+00   2.3610978e+00   5.9611924e-01
   2.8341503e+01   4.6749746e+00  -1.7208826e+01   1.2790328e+01   1.7893796e+01  -4.7277505e+00   1.1602658e+01  -8.9575946e+00  -1.6818060e+00  -6.7236360e-01   4.7988256e+00   1.8326677e-01   1.6160848e-03   3.3201438e-02  -6.2225982e-01  -4.4722523e-01  -2.3099403e+00  -6.0734204e-01   7.7384428e-01   3.6203655e-01  -2.8721265e+00   7.2201131e-02   2.0402036e+00   1.2387160e-01
   2.7947408e+01   3.3395413e+00  -1.6135026e+01   1.4615906e+01   1.6045110e+01  -4.8938696e+00   1.1588605e+01  -1.0479327e+01  -1.3794330e+00  -1.3615870e+00   5.0723352e+00   1.4944149e-01  -3.0306054e-01  -3.8512395e-01   1.4447247e+00  -7.8066438e-01  -4.0711002e+00  -7.6927095e-01   2.6774757e+00  -1.2268810e+00  -6.1344284e+00   1.3865360e+00   1.0114592e+00  -2.0440902e-01
   2.8797588e+01   2.9149342e+00  -1.5651238e+01   1.3132336e+01   1.2792080e+01  -8.0214220e+00   1.1905508e+01  -1.0872937e+01  -6.6212156e+00  -3.4619404e-01   3.9631779e+00  -1.3081295e-01  -4.8421700e-01  -6.8558295e-01   1.4283024e+00  -1.0709522e+00  -3.3565792e+00   1.1979927e+00   2.2826227e+00  -1.8399108e+00  -6.8781427e+00   2.4870044e+00   3.6503450e-01  -1.1339749e-01
   2.8713816e+01   5.0230265e+00  -1.5183607e+01   1.1995743e+01   1.2694074e+01  -5.4110821e+00   1.5014099e+01  -1.1751578e+01  -9.0584298e+00   6.4918583e-01   4.3760489e+00  -1.6931564e-02  -1.1998683e+00  -1.0959161e+00   1.3060329e+00  -5.7854317e-01  -6.1506821e-01   1.7616637e+00  -7.9235995e-01  -7.5179579e-01  -1.9375093e+00   2.2805006e+00  -4.7855692e-01  -7.6469207e-02
   2.7231973e+01   2.8048576e+00  -1.5542082e+01   1.2493981e+01   1.4534445e+01  -2.6721553e+00   1.3313845e+01  -1.1081335e+01  -8.1595216e+00   2.0527567e+00   5.6945206e+00   9.6357063e-02  -6.4771655e-01  -1.8223498e+00   1.3948102e+00   2.6156756e+00   1.5720945e+00   2.7985566e-01  -1.7416604e+00  -1.4947721e+00   3.1459616e+00   5.8672005e-01  -1.5078658e+00   2.8232537e-03
   2.6930413e+01   1.7507054e+00  -1.4230555e+01   1.4067269e+01   1.4251325e+01  -4.9260075e+00   9.6958959e+00  -1.1502822e+01  -3.5165439e+00   8.5968864e-01   3.4888285e+00  -7.8847325e-02   7.9601047e-01  -2.4876852e+00  -1.4157400e-02   3.8280841e+00   9.8273931e-01  -1.6081417e+00   6.7454827e-01  -1.9669865e+00   2.0092923e+00  -2.6729065e-01  -1.7654445e+00  -2.2555297e-01
   2.8717715e+01   1.8175700e+00  -1.4035549e+01   1.6020087e+01   1.4371596e+01  -7.8441758e+00   1.1952119e+01  -1.3239473e+01  -4.6732163e+00   4.2863464e-01   2.1449894e+00  -9.5620190e-02   8.9525428e-01  -3.3029083e+00  -1.0430215e+00   3.6617017e+00  -8.0409213e-01  -5.5257050e-01   3.5843398e+00  -3.7408241e-01  -2.1233857e+00   5.1815381e-02  -7.3798255e-01  -4.2867172e-01
   2.9164961e+01   1.7851425e+00  -1.5958110e+01   1.5974816e+01   1.4249607e+01  -5.2372844e+00   1.6706785e+01  -1.3622989e+01  -7.7876440e+00   1.0603109e+00   3.5026477e+00  -2.5927239e-01  -2.1784723e-02  -4.4392731e+00  -3.9565711e+00   9.7545252e-01  -1.2531997e+00   3.3647089e+00   4.9932362e+00   3.2458504e-01  -4.2886687e+00   2.1284713e+00   1.4722406e+00  -5.1411080e-01
   2.7457581e+01  -2.1667233e+00  -1.6242837e+01   1.7032760e+01   1.3329166e+01  -3.3453726e+00   1.5184911e+01  -1.0582375e+01  -9.2090501e+00   2.0301686e+00   4.5806371e+00  -4.5643798e-01  -5.9997014e-01  -1.7665135e+00  -3.5329589e+00  -2.6882434e-01  -7.6744716e-01   3.6089753e+00   3.0368488e+00   5.3332944e-01  -3.1411774e+00   1.5355867e+00   1.8916687e+00  -5.6604274e-01
   2.7527803e+01  -2.9160575e+00  -1.9061768e+01   1.5024111e+01   1.2892741e+01  -2.1283457e+00   1.5569354e+01  -1.2344493e+01  -7.6816299e+00   3.2516287e+00   4.4793656e+00  -6.6960463e-01   1.4653353e-01   1.4010300e+00  -8.0985318e-01  -8.9538775e-01   7.6216599e-01   7.5159737e-01   8.0561512e-01  -1.0127268e+00  -4.4414157e-01  -6.9654958e-02   6.9291252e-01  -1.3003806e-01
   2.8636339e+01   1.5183997e+00  -1.7783158e+01   1.6092203e+01   1.3898859e+01  -3.9851821e+00   1.7076107e+01  -1.3078727e+01  -9.4379895e+00   1.6363557e+00   4.4941335e+00  -7.3951819e-01   8.6548533e-01   2.4124543e+00   5.7381128e-01  -1.6636110e+00  -4.2782271e-01   6.4014087e-01  -1.5625128e-01  -1.4706414e+00   6.0806978e-01  -1.1470550e+00  -4.1878059e-01   3.7106403e-01
   2.8795382e+01   2.0441260e+00  -1.6402729e+01   1.5102013e+01   1.5108010e+01  -3.7899836e+00   1.6969609e+01  -1.3893903e+01  -8.3393867e+00   1.1527349e+00   4.5852683e+00  -3.1278938e-01  -2.9692538e-01   4.0484472e-01   3.4653205e+00  -2.3434811e+00  -6.1489590e-01  -1.1410403e+00  -2.1648740e+00   1.4199996e+00   2.0729241e+00  -1.6632170e+00  -7.0004685e-01   6.6926448e-01
   2.8122019e+01  -1.0281337e+00  -1.6711639e+01   1.4498392e+01   1.1579797e+01  -1.5543424e+00   1.4250406e+01  -1.2013632e+01  -7.9680671e+00   1.3590330e+00   3.8995149e+00  -7.8249566e-02  -7.7381151e-01  -8.7389468e-02   2.7263377e+00  -2.2170699e+00   1.7989315e+00  -7.2153000e-01  -3.8322836e+00   1.9474343e+00   4.3559138e+00  -2.4548284e+00  -5.0992046e-01   4.2732122e-01
   2.7339575e+01  -1.0355237e+00  -1.4399546e+01   1.2305795e+01   1.3129928e+01  -5.0553261e+00   1.3734894e+01  -1.0747041e+01  -5.3072050e+00   8.9546454e-01   3.7266046e+00   3.6577828e-03  -4.0973392e-01   3.7276146e+00   6.3201087e-01  -1.3534846e+00   5.4185003e+00   1.3549541e+00  -2.1544321e+00  -3.3698967e-02   1.6998780e+00  -1.7414814e+00   1.5070043e-01   9.0507417e-02
   2.8203525e+01   2.9271404e+00  -1.4695243e+01   1.4164707e+01   1.7586297e+01  -4.4348059e+00   1.2945039e+01  -1.1731007e+01  -4.4202096e+00  -1.9172517e+00   4.1585846e+00  -2.5675993e-01   1.4177626e-01   3.4685851e+00  -9.3689783e-01  -2.4299809e-01   5.7900804e+00   4.2966544e+00   4.0382970e-01  -2.9941757e+00  -1.0750116e+00  -8.9355400e-02   8.3244218e-01   6.1429826e-02
   2.8140029e+01   5.6579109e+00  -1.6462911e+01   1.3238629e+01   2.0232510e+01  -3.1732072e-01   1.4390644e+01  -1.4085765e+01  -7.5634984e+00   1.7865507e-01   4.6817841e+00  -8.7773066e-02  -5.7523907e-01   1.7378819e+00  -2.3333347e+00  -1.2539088e+00   4.2327206e-01   7.6983019e+00   8.4761220e-01  -2.6581022e+00  -3.6992445e+00   1.5621256e+00   1.0155790e+00   1.1424705e-01
   2.7934457e+01   8.2802660e-01  -1.7085304e+01   1.3667478e+01   1.6713627e+01   2.5216366e+00   1.4528275e+01  -1.4835534e+01  -8.4524377e+00   1.5834046e+00   4.6705884e+00   5.9610598e-02  -8.0859452e-01   8.9872555e-01  -4.2559079e-01  -2.2464867e+00  -3.1395982e+00   1.9630278e+00   1.3799340e+00  -1.0055666e+00  -1.4456597e+00   2.8023250e+00  -1.2042959e-01   2.5845876e-02
   2.6611250e+01   2.6208561e+00  -1.6704518e+01   1.0673546e+01   1.4201171e+01   3.0139055e+00   1.4214694e+01  -1.3181931e+01  -8.8399577e+00   1.4883248e+00   4.9939712e+00   1.6843088e-02   6.9403957e-01   2.6731472e+00   7.0577419e-01  -1.1757637e+00  -1.2003152e+00  -3.9552671e+00   2.5506425e+00  -9.8017270e-01   1.5746036e+00   8.4601869e-01  -3.3830424e-01  -1.8739143e-01
   2.7755023e+01   5.7937561e+00  -1.5212826e+01   1.2077519e+01   1.5892569e+01  -3.1558773e+00   1.5102916e+01  -1.3691274e+01  -5.9504695e+00   1.6314010e+00   3.8218467e+00  -2.7029920e-01   1.0909754e+00   3.3935830e+00   1.7352442e+00   3.0201196e-01   1.7643011e+00  -3.9435209e+00   1.2019868e+00  -1.0906123e+00   1.7957147e+00  -8.8592010e-01   2.6275547e-01   9.8477405e-02
   2.9270805e+01   7.1847669e+00  -1.6340489e+01   1.2269963e+01   1.8842566e+01  -3.4114644e+00   1.7929288e+01  -1.6128154e+01  -6.4525771e+00   1.4236849e+00   4.5986986e+00  -2.0390531e-01   4.4354273e-01  -8.0826632e-01   2.0200450e+00   1.0668991e+00   1.1655625e+00  -1.8921756e+00  -2.1024547e+00  -1.4058130e+00   1.2826042e+00  -1.3837988e+00   4.1404540e-01   5.6335819e-01
   2.8241142e+01   3.6364457e+00  -1.4664452e+01   1.3322287e+01   1.7039381e+01  -1.8095984e-01   1.4473959e+01  -1.4998341e+01  -6.9525559e+00   2.8684442e-01   5.2623579e+00   3.1770090e-01  -3.9598012e-01  -2.4503430e+00   3.2328263e-01  -1.0098146e+00   6.6680888e-01   1.4321056e+00  -3.9566186e+00   1.5546355e-01   5.7434279e-01  -2.2202399e+00   7.5699491e-01   5.7965630e-01
   2.7033505e+01   2.4871118e+00  -1.3948637e+01   1.1651510e+01   1.5376109e+01  -1.3118166e+00   1.1375490e+01  -1.4637117e+01  -6.4150082e+00   8.4904920e-02   4.8947837e+00   5.6788033e-01   4.5571980e-01   8.1050823e-01  -2.6653847e+00  -2.3311216e+00   2.2417754e+00   5.3224847e-01  -2.9330802e+00   1.9836098e+00   2.0148917e+00  -2.1903176e+00  -1.2112860e-01   2.9700370e-01
   2.8279703e+01   4.4670692e+00  -1.5923827e+01   1.0872023e+01   1.8626011e+01  -2.0575428e+00   1.2444887e+01  -1.4203597e+01  -5.1077398e+00  -1.0295688e+00   4.8092965e+00   2.1329244e-01   1.6397318e+00   3.6037041e+00  -4.6662000e+00  -1.7663947e+00   4.4620253e+00  -1.7473640e-01   9.4737398e-01   7.3818554e-01   1.9366885e+00  -4.8266728e-01  -7.5692344e-01  -9.9022836e-02
   2.9935105e+01   7.9852175e+00  -1.9708878e+01   9.9984129e+00   2.1411914e+01  -1.6748002e+00   1.4544204e+01  -1.3550111e+01  -4.3526476e+00  -1.2035849e+00   4.6435364e+00   2.9380447e-01   8.0224662e-01   1.4047737e+00  -3.4202606e+00  -4.8875729e-01   1.2212232e+00   3.0483204e-01   1.0297095e+00   7.3124967e-01  -2.5074216e-01   9.0375313e-01  -6.0769561e-01  -2.1101272e-01
   2.9249940e+01   6.2929490e+00  -1.8783632e+01   1.1499244e+01   2.0714516e+01  -2.6157264e-01   1.4310663e+01  -1.4434565e+01  -5.0787035e+00   2.0708841e-01   4.2525964e+00   3.0620458e-01  -1.5455064e+00   3.8098990e-01   3.0441183e+00   1.2911124e+00  -5.2771983e+00  -2.4137333e+00  -1.1011901e+00   1.4216849e+00   1.3081080e+00   7.6100374e-01  -9.2917166e-01  -7.3269154e-02
   2.7751756e+01   3.6813324e+00  -1.7649126e+01   1.0604764e+01   1.6163691e+01  -1.7525537e+00   1.1987167e+01  -1.3424758e+01  -6.8056396e+00   8.2220598e-01   4.2615903e+00   2.0490517e-01  -1.1192851e+00   3.5024698e-01   3.8349329e+00   2.6993142e-01  -3.5804451e+00  -1.9567099e+00  -1.3046511e+00  -1.9014319e-01   2.3857110e+00   6.4906569e-01  -2.4471384e-01  -2.4459626e-01
   2.7053117e+01   7.1904966e+00  -1.2387526e+01   1.2505516e+01   1.3334325e+01  -5.6392661e+00   1.2071620e+01  -1.2133746e+01  -1.9190818e+00  -9.0095867e-01   3.6065120e+00   1.4783835e-01   3.9884610e-01   1.7427157e+00   1.0122572e+00  -1.5132927e+00   2.4535797e+00   2.0989106e-01   4.3068634e-01  -1.0465864e-01   8.0372628e-01   1.7293067e-01   6.4607406e-01  -3.4085081e-01
   2.9354588e+01   8.0618142e+00  -1.7154532e+01   9.9001739e+00   1.9731342e+01  -1.9210184e+00   1.3706749e+01  -1.4985735e+01  -2.3538919e+00   3.2403719e-01   4.5995079e+00   6.0931980e-03   6.1554222e-01  -1.0314493e+00  -2.4396771e+00  -1.1207152e+00   6.7659695e+00   4.8796715e+00  -1.0179731e+00  -4.9776782e-01  -1.2760453e+00   5.9059445e-01   5.7248776e-01  -5.3011027e-02
   2.9046793e+01   6.7167817e+00  -1.7512543e+01   9.5816000e+00   2.2611060e+01   1.3749630e-01   1.4096901e+01  -1.3811064e+01  -6.0989879e+00   7.1556882e-01   5.0527487e+00  -1.0566565e-01  -5.4046172e-01  -4.1846285e+00  -3.1395144e+00   8.4572575e-02   4.0288468e+00   4.2153442e+00  -4.1183772e+00   3.4260470e-02  -2.5054072e+00   6.0410266e-01   2.8584973e-01   3.4303854e-01
   2.7678231e+01   2.3710158e+00  -1.8746133e+01   1.0385649e+01   2.1674278e+01   2.6785723e+00   9.4475662e+00  -1.3332751e+01  -6.6297545e+00   8.9983391e-01   4.3972036e+00   2.5214064e-01  -1.5426288e+00  -7.0775032e-01   1.1301305e+00   3.0198619e+00   9.8108515e-01  -5.6589033e-01  -5.1139733e+00   6.5710119e-02   7.1266270e-01  -6.2114416e-01  -1.7617701e-01   5.8142435e-01
   2.7080603e+01   3.7589530e+00  -1.6300997e+01   1.2389637e+01   1.8406127e+01  -1.6160452e+00   8.0236456e+00  -1.2908848e+01  -3.5392613e+00  -2.8270304e-01   4.1364388e+00   5.3937244e-01  -2.5020926e-01   3.5659004e+00   1.1141440e+00   2.3760281e+00   4.8868232e+00  -1.8234493e+00  -4.0515920e+00  -2.4964272e+00   1.9524398e+00  -1.3538238e+00   4.7062970e-01   6.6874871e-01
   2.8023740e+01   8.4791031e+00  -1.6065109e+01   1.3025948e+01   2.3305437e+01  -1.8930831e+00   9.0724166e+00  -1.5338278e+01  -2.5647611e+00  -1.0854313e-01   4.7933973e+00   5.5571067e-01   4.2904139e-01   5.3806613e+00  -1.3231294e+00   3.0574882e-01   7.1224868e+00   6.6373662e-01  -2.1778849e+00  -1.2566179e+00   5.9336349e-01  -1.3572398e+00   8.6419173e-01   7.7049038e-01
   2.8498725e+01   9.0115888e+00  -1.7181839e+01   1.1825493e+01   2.9125716e+01  -3.1184996e-01   8.2070882e+00  -1.6552941e+01  -5.2028248e+00  -8.1097843e-01   5.5605964e+00   7.4567239e-01   2.3274583e-01   1.7217714e+00  -3.3927583e+00  -1.8192763e+00   3.2138414e+00   1.9696780e+00  -1.3831017e+00   1.1816231e+00  -1.0995366e+00  -9.8002178e-01   4.6023199e-01   6.0720506e-01
   2.7612733e+01   7.8156898e+00  -2.0290406e+01   1.1126345e+01   2.6998214e+01   3.0220797e+00   6.0890174e+00  -1.3395631e+01  -4.9079275e+00  -8.7188808e-01   4.9814124e+00   1.3047262e+00  -2.8010920e-01   4.0164469e-01   2.0439514e-01  -2.0200513e+00  -3.3473889e+00  -1.2459914e+00  -4.1779212e-01   1.8492239e+00   1.7380796e+00  -4.2654658e-01  -3.7192702e-01   6.4185144e-02
   2.7635226e+01   6.6733167e+00  -1.9277486e+01   1.0610525e+01   2.1380501e+01  -1.1191096e+00   7.4406926e+00  -1.2107737e+01  -4.0169831e+00  -1.3710632e+00   4.7327792e+00   1.0756722e+00   4.7483781e-01   4.1301980e-01   3.8027141e+00   2.3361262e+00  -5.9980962e+00  -5.1602801e+00   2.1853623e+00  -2.5782489e+00   2.9735458e+00   7.8578732e-01  -5.8533724e-01  -2.1847278e-01
   2.8035326e+01   1.0250706e+01  -1.4710693e+01   1.0603355e+01   2.2156961e+01  -3.3584404e+00   8.8289262e+00  -1.4787045e+01  -5.5056254e-01  -4.6832060e-01   4.6494154e+00   4.8698846e-01   4.9642760e-01  -2.9231917e-01   6.0299005e+00   5.9670562e+00  -2.2682316e+00  -5.2588054e+00   3.1827201e+00  -6.4206557e+00   4.3737493e-01   1.6839240e+00   6.0585516e-01  -2.6715857e-01
   2.8999685e+01   8.4136103e+00  -1.4267625e+01   1.5591177e+01   2.2549198e+01  -4.8620101e+00   1.0115177e+01  -1.9724608e+01  -2.9211885e+00   1.6591881e-01   4.8485891e+00   8.2683211e-01  -3.8193977e-01  -1.5728539e+00   3.3387608e+00   2.1773275e+00  -3.5734668e-01  -2.7847086e-02  -4.6722946e-01  -2.9145333e+00  -3.2195048e+00   1.8859751e+00   8.4814525e-01  -9.6658111e-02
   2.7675145e+01   6.5070643e+00  -1.3750486e+01   1.7586603e+01   2.3011518e+01  -2.9946782e+00   9.5258553e+00  -1.9218179e+01  -4.7997624e+00   8.8550696e-01   5.8322902e+00   1.0284084e+00  -1.3660056e+00  -2.7880668e+00  -7.9511284e-01   1.0088672e+00   3.0356312e-01   2.8216858e+00  -9.5277398e-01   1.7376755e+00  -2.5670028e+00   8.6175810e-01   5.1442826e-01  -1.5375574e-01
   2.7242407e+01   6.1858568e+00  -1.4749448e+01   1.0384892e+01   2.0417202e+01  -1.3427613e+00   6.3913839e+00  -1.4263970e+01  -6.7216404e+00   7.8098559e-01   5.4135597e+00   6.5997508e-01  -6.2661864e-01   8.1979673e-01  -1.3496816e+00  -1.8732194e+00   1.7022226e-01   1.8552353e+00   2.8603003e+00   3.1685359e+00  -8.0568079e-01  -3.7993503e-01   6.4524033e-03  -5.9590864e-01
   2.6864956e+01   7.1824826e+00  -1.5662450e+01   1.4719799e+01   2.3678303e+01  -8.8553596e-01   9.2616619e+00  -1.4910850e+01  -2.5008408e+00   5.1678316e-01   5.1385725e+00   3.3978337e-01   5.8687475e-01   1.4162456e+00  -1.2214588e+00  -1.9791828e-01   1.2480510e+00   1.7020621e+00   4.5988553e+00   3.3804206e-01  -3.8345529e-01  -7.2811023e-01  -1.4472075e-01  -5.5455522e-01
   2.8464851e+01   9.3055962e+00  -1.5336165e+01   1.4214750e+01   2.2471139e+01  -3.1337282e+00   1.4537724e+01  -1.7125468e+01  -5.2791705e+00  -2.1962184e-01   5.2051265e+00   2.7728170e-01   2.2524322e-01  -5.1597356e-01  -1.1097197e+00   2.1828862e+00   3.8169792e+00   2.7391708e+00   2.9177944e+00  -1.1136490e+00  -1.4718373e-01  -5.1963155e-01  -7.6537680e-03   1.8563562e-01
   2.7944234e+01   7.0715630e+00  -1.5289316e+01   1.5374797e+01   2.3856626e+01   4.5389837e-01   1.2350968e+01  -1.7280367e+01  -6.0961803e+00   2.9364533e-01   5.7194257e+00   3.8792231e-01  -6.3332462e-01  -1.5992716e+00   1.5308628e+00  -8.4061534e-01  -7.7949549e-01   1.4455479e+00  -3.1916627e-01   5.9371764e-01   1.2470909e-02   4.5091870e-01  -9.3837520e-02   4.3391551e-01
   2.7040632e+01   5.4673563e+00  -1.6600595e+01   1.3331722e+01   2.6053510e+01   2.0962778e+00   9.2234224e+00  -1.4749685e+01  -5.1447463e+00   1.1310718e-01   5.1116525e+00   9.1435904e-01  -1.0861908e+00  -1.5142788e+00   2.6775246e+00   1.2593972e+00  -5.2909105e+00  -1.0517056e+00   2.1482485e-01   1.5086297e+00   4.1206131e+00   1.5838105e+00  -7.0548835e-01  -1.1546142e-01
   2.6627079e+01   6.7026952e+00  -1.2733941e+01   1.3900390e+01   2.0717875e+01  -1.3322172e+00   1.1440063e+01  -1.5208165e+01  -2.5493466e+00   1.0267967e+00   5.0445532e+00   6.7211796e-01   4.3951017e-01   2.7594252e-01   1.0942369e+00   1.7557608e+00  -5.3080137e+00  -4.2139698e+00   1.7106275e+00  -7.4530089e-01   2.4277409e+00   6.3652353e-01  -3.9557674e-01  -3.8625955e-01
   2.7494143e+01   7.2186120e+00  -1.2597565e+01   1.6841049e+01   1.6104149e+01  -3.8182288e+00   1.5315414e+01  -1.5898624e+01  -8.7166775e-01   1.7895183e+00   4.4843302e+00  -3.8008255e-02   6.2266887e-01  -2.8452765e-01   8.6195610e-01   4.1543113e+00  -2.4568680e+00  -2.0811838e+00   1.9096456e+00  -2.2554245e+00  -1.3419400e+00   2.4872009e-01   1.0924755e+00  -5.0199650e-01
   2.8376745e+01   6.6098489e+00  -1.5649476e+01   1.6253774e+01   2.0869286e+01  -2.9098031e+00   1.1870914e+01  -1.7823848e+01  -4.5911083e+00   4.1022507e-01   5.4397217e+00   2.8471663e-01   4.6681268e-01  -8.2053835e-01  -2.6250075e-01   1.0419074e+00   8.5891138e-01   7.3973622e-01  -1.7460631e+00  -7.9302353e-01  -1.6639979e+00  -2.0151883e-01   9.9658255e-01   1.6906833e-02
   2.7099803e+01   5.0869879e+00  -1.3849894e+01   1.8386497e+01   2.2292502e+01  -2.3670495e-01   1.1872466e+01  -1.6824980e+01  -6.1367754e+00   7.9447313e-01   6.5527814e+00   3.5506495e-01  -6.4742517e-01   1.1039598e+00   1.9039381e+00  -6.5912619e-01   6.2472305e-01  -1.6506245e+00  -3.4267029e+00   1.8712459e+00   2.0028463e+00  -5.9408658e-02   3.6458223e-01   2.2893844e-01
   2.7524468e+01   6.5376997e+00  -1.2501528e+01   1.4690527e+01   1.8912065e+01  -2.0133747e+00   1.0542443e+01  -1.5934523e+01  -2.4127895e+00   1.2220410e+00   5.5052014e+00   5.0094161e-01  -3.7583449e-01   8.7178985e-01   1.4814909e+00  -1.1384529e+00  -3.5283564e+00  -2.6796041e+00   1.2394997e+00   9.4922275e-01   3.1714645e+00   1.0317069e+00  -1.2672947e+00  -1.7694693e-01
   2.6949143e+01   8.9106264e+00  -1.1315632e+01   1.6633984e+01   1.8019844e+01  -6.7423798e+00   1.0839595e+01  -1.4036418e+01   1.0434423e+00   1.2944973e+00   4.9984637e+00   1.9728692e-01   1.2147565e+00   8.7955136e-01  -2.5825067e+00  -4.8399465e+00  -9.4049047e-01   3.3487468e-01   9.7442548e-01  -1.8093826e+00  -7.7606046e-01   1.2198893e+00  -1.1287999e+00  -3.7097068e-01
   2.7888323e+01   6.0057145e+00  -1.4694370e+01   1.5422351e+01   1.7713081e+01  -3.6763718e+00   1.4246599e+01  -1.7794295e+01  -3.4240203e+00   1.7077733e+00   4.3159386e+00   9.8185243e-02   6.9844662e-01  -1.7266807e+00  -4.3190838e+00  -1.7622158e+00   1.3806442e+00   4.6297245e+00   2.8661095e+00  -1.5038300e+00  -5.5513324e+00   1.1945232e+00   5.8074727e-01  -1.9615112e-01
   2.8740010e+01   6.6723076e+00  -1.6627233e+01   1.0760665e+01   2.1481259e+01   1.0971056e+00   1.1482026e+01  -1.8609168e+01  -6.7952507e+00   2.3814409e+00   5.4542129e+00  -1.2881824e-05   5.9407897e-02  -1.5734352e+00  -1.6533771e+00  -3.8565022e-01   1.2384204e+00   4.6275752e+00   3.5443249e+00  -8.6898640e-02  -4.9066080e+00  -7.5110849e-01   1.0938133e+00   2.2671427e-01
   2.7676704e+01   5.0668380e+00  -1.6324353e+01   1.4983863e+01   1.9252324e+01   1.0114693e+00   1.4520392e+01  -1.5903893e+01  -6.8204416e+00   2.4703541e+00   6.1484477e+00   3.0536483e-01  -1.6599671e+00  -4.6471395e-01   3.0505274e+00   2.5031455e+00  -3.8915758e-01  -6.5712390e-01   4.0239310e+00   3.8530799e+00   8.0262923e-01  -1.5137891e+00   1.1074183e+00  -9.8136604e-02
   2.7144064e+01   7.0199118e+00  -1.2980706e+01   1.6274753e+01   1.9107853e+01  -2.1449376e+00   1.6019186e+01  -1.5111967e+01  -4.6182590e+00  -2.1345580e-01   5.7229291e+00   4.3376853e-01  -9.1200505e-01  -9.3982829e-01   1.1346315e+00   5.5818891e-01  -2.5300428e+00  -3.1385844e+00   3.1370778e+00   3.3238032e+00   1.1878722e+00  -3.5815587e-01  -6.9716376e-01  -4.3954184e-01
   2.6196345e+01   5.1348414e+00  -1.1941842e+01   1.6420026e+01   1.8316047e+01  -3.0410361e+00   1.8013915e+01  -1.3763276e+01  -3.3085723e+00   7.3453799e-01   5.8427080e+00  -2.6591037e-01   9.9591882e-01  -4.2693995e-01  -2.9104673e+00  -3.9564630e+00   1.5175759e+00   5.6739521e-01  -3.0066527e+00   1.0993994e+00  -4.2918593e-01   7.8858486e-01  -1.5064502e+00  -5.5739440e-01
   2.8112182e+01   5.2285634e+00  -1.7116541e+01   1.0879867e+01   1.8154333e+01  -1.5845183e+00   1.4440881e+01  -1.4693772e+01  -6.7693770e+00   2.7121152e+00   4.5613372e+00  -3.7368805e-01   8.8236103e-01  -1.6085432e+00  -3.8360652e+00  -2.9436660e+00   2.5770559e+00   5.6121163e+00  -4.3329305e+00  -2.0717436e+00  -3.3895122e+00   2.8356560e+00  -2.6743521e-01  -1.3450575e-01
   2.8686524e+01   5.3221023e+00  -1.8622137e+01   1.1746611e+01   2.2005448e+01   1.5823525e+00   1.0799565e+01  -1.4463892e+01  -6.3886614e+00   2.1904459e+00   4.4695683e+00  -1.2699848e-01  -2.3930357e-01   5.1447415e-01   2.2966406e-01  -5.9001722e-01   2.7009583e+00   4.7180050e+00  -2.8667439e+00  -3.1118324e+00  -1.4183675e+00   3.9907955e-01   3.9588101e-01   5.9639972e-01
   2.7222517e+01   4.5134666e+00  -1.5394657e+01   1.4195961e+01   2.1128736e+01   3.9615426e+00   1.3126965e+01  -1.7869275e+01  -8.1624828e+00   3.3120743e+00   6.0083461e+00   1.6255396e-01  -2.1296796e+00   1.0586720e+00   4.0532574e+00   2.1272802e+00   1.8417083e+00   5.8151153e-01  -6.9529814e-01   1.2182588e-01   2.7929452e+00  -2.7121668e+00   9.5614100e-01   5.7514188e-01
   2.6282222e+01   6.2641011e+00  -1.2458288e+01   1.3876953e+01   2.0880283e+01   1.2629410e+00   1.4370757e+01  -1.6843273e+01  -4.7395707e+00   1.0331778e+00   5.7130250e+00   3.6056820e-01  -4.4632795e-01   7.0300400e-01   4.0833928e-02  -2.5327904e-01   2.5088519e-01  -3.6783158e+00  -2.9984619e-01   1.8966338e+00   1.5306924e+00  -2.4137167e+00  -5.7678050e-02   1.3597206e-01
   2.6119813e+01   6.3455720e+00  -1.4118579e+01   1.3005616e+01   2.1479478e+01  -5.5254525e-01   1.1612337e+01  -1.3321342e+01  -3.4045046e+00  -7.7750101e-01   5.3738203e+00   2.4524143e-01   1.4663674e+00  -4.5734309e-01  -5.3365782e+00  -1.9626717e+00   2.1009663e+00  -2.8939686e+00  -3.8968456e+00   5.7843832e+00   7.9669978e-01  -1.7118574e+00  -6.7082706e-01  -1.2963864e-01
   2.8568383e+01   5.4605556e+00  -1.9198925e+01   1.1961865e+01   2.2206405e+01  -1.6780773e+00   1.1107109e+01  -1.3892907e+01  -6.4716119e+00   6.1465851e-01   4.7003142e+00   3.5615878e-02   1.7974823e+00  -3.3662269e+00  -4.1330657e+00  -2.8591614e-01   5.2661762e-01  -2.2109439e-02  -3.0877152e+00   4.3500550e+00  -2.2844669e+00   7.3772095e-01   2.0100957e-01  -4.1862513e-01
   2.8278987e+01   4.2292247e+00  -2.0029206e+01   1.2209497e+01   2.3617125e+01   1.0910989e+00   8.9135208e+00  -1.0667883e+01  -6.1014125e+00   9.5354785e-01   5.5084610e+00   1.3057216e-01  -8.4907809e-01  -1.9983022e+00   1.3578160e+00   4.2784683e+00  -3.1741897e-01   4.8776967e-01  -4.0221677e-02  -2.0039757e-02   1.4859049e+00   1.0962015e+00   2.7803995e-02  -1.6311676e-01
   2.7898859e+01   2.2729343e+00  -1.5702573e+01   1.3846138e+01   2.0601386e+01   4.0795481e-01   1.1088593e+01  -1.1644920e+01  -6.8178171e+00   1.2742348e+00   5.9472191e+00  -2.1003486e-01  -3.4587926e+00  -8.1076773e-01   7.1845007e+00   4.3951113e+00  -2.7130005e+00  -8.2000353e-01   1.7819559e+00   1.1141264e+00   5.6188789e+00  -1.9912043e+00  -6.5816696e-01   1.1853495e-01
   2.5180958e+01   4.9419294e+00  -1.3830030e+01   1.8481182e+01   2.1805859e+01  -8.6390680e-01   1.1561263e+01  -1.4475396e+01  -1.0025447e+00   5.3701314e-01   4.7920739e+00   1.2339166e-01  -1.4878584e+00   1.1115010e+00   3.9471589e+00   1.7936445e-01  -3.4169689e+00  -1.7239616e+00   2.4244723e+00  -3.2631753e-01   3.0481468e+00  -2.2624390e+00  -1.6587839e+00   1.0413699e-01
   2.4929209e+01   3.8880517e+00  -1.1521761e+01   1.5418689e+01   1.9042537e+01  -1.9305797e+00   1.2456172e+01  -1.0317961e+01  -5.9272742e-01  -2.1638805e+00   4.0712573e+00   2.1700855e-01   6.5742656e-01   1.1509035e+00  -1.8672765e+00  -4.0709091e+00  -1.0527017e+00   6.9049440e-01   3.0387501e-01   7.7558323e-01  -8.9786375e-01  -6.5832797e-01  -1.0554651e+00   2.2811779e-01
   2.7532025e+01   5.0889175e+00  -1.6198874e+01   1.1692268e+01   1.9271096e+01  -3.2557629e-01   1.1866440e+01  -1.1820838e+01  -4.6417371e+00  -7.2105299e-01   3.9582660e+00   7.3255937e-02   1.9695182e+00  -9.8625024e-02  -2.1606842e+00  -4.8089927e+00  -9.3326513e-01   1.6927159e+00  -1.8898696e-01   1.6738399e+00  -5.3548109e+00   4.7485855e-01   6.2637203e-01   1.1718216e-01
   2.7709466e+01   3.9257954e+00  -1.7319067e+01   1.1134232e+01   2.0289715e+01   1.1745311e+00   1.1391817e+01  -1.1808824e+01  -6.3450165e+00   9.1577586e-01   4.7809254e+00   1.5720968e-01  -4.7271318e-01   1.8372780e+00   1.0642307e+00   3.6055485e-01  -1.4477915e+00  -2.2207646e+00   2.7295605e-01   1.7213780e+00  -1.7439812e-01   4.0551324e-01   8.4404091e-01   1.2831049e-01
   2.6745107e+01   4.7751199e+00  -1.4172404e+01   1.3409922e+01   1.9782372e+01   1.2261169e-01   1.1809960e+01  -1.1219204e+01  -6.1586164e+00  -2.9052724e-01   5.3767979e+00   3.2906434e-01  -2.6552767e+00   4.1069205e-01   4.1150598e+00   5.3760653e+00  -2.0403893e+00  -3.9586397e+00   1.5450887e+00   2.8382158e+00   3.5256533e+00  -2.1212707e+00  -7.5200968e-03   1.5586441e-01
   2.4613598e+01   6.8008675e+00  -1.0938650e+01   1.5100695e+01   1.6615212e+01  -5.4858207e+00   1.2893846e+01  -8.0367110e+00  -9.5884945e-02  -1.7708736e+00   4.6280527e+00   2.8157008e-01  -4.2653008e-01   1.0570210e+00   2.2959797e+00   3.9349512e+00  -1.4511786e+00  -3.7858239e+00   1.8486203e+00  -1.1078486e+00   2.6225184e+00  -1.2447156e+00  -6.1062929e-01  -4.3565485e-02
   2.5097044e+01   4.2674196e+00  -1.3216492e+01   1.7773134e+01   1.8047763e+01  -2.9333600e+00   1.3433058e+01  -9.4495711e+00  -2.4778230e+00  -2.5596344e+00   4.0234222e+00   2.4487236e-01   1.5496417e+00  -7.3321751e-01  -2.1566251e+00   8.7027427e-01   8.8322704e-01  -4.6438485e-01   5.5212998e-02  -2.1534093e+00   1.5071487e-01   1.4723310e+00  -9.3817673e-01  -1.3993654e-01
   2.7893702e+01   5.7651771e+00  -1.4353053e+01   1.4855052e+01   1.8980251e+01  -2.9762188e+00   1.3353198e+01  -1.4355413e+01  -4.2516357e+00   1.8325597e-01   4.5416693e+00   1.3395744e-01   1.8751583e+00  -3.0579624e+00  -1.5627178e+00  -1.4441790e+00   2.2989347e+00   3.1450433e+00  -3.6756223e+00  -1.5628590e+00  -3.0553243e+00   1.8662020e+00   3.3859344e-01  -1.7794009e-01
   2.7429518e+01   4.1931389e+00  -1.5700140e+01   1.4838155e+01   1.9924693e+01  -1.8287665e+00   1.1663103e+01  -1.1289967e+01  -3.8546688e+00   9.4090442e-01   4.0127245e+00   1.9296585e-01  -2.9386200e-01  -2.1295108e+00   3.3804315e+00  -3.5698099e+00  -1.1475694e+00  -7.6385590e-01  -2.4101560e+00   2.1320294e+00   9.3648650e-01   3.3725303e-01   1.1273209e+00   1.8748807e-02
   2.6260098e+01   2.2510643e+00  -1.2040903e+01   1.4401916e+01   1.9125149e+01  -1.3205525e+00   8.2653900e+00  -9.4608015e+00  -3.9904485e+00  -7.2184003e-01   5.1412917e+00   4.0613207e-02  -2.1904057e+00  -2.5544417e+00   5.0093657e+00  -3.9644911e-01  -2.8198500e+00  -2.1117610e+00  -6.5430167e-01   4.3291096e+00   3.2915350e+00  -1.1846736e+00   1.1743935e+00   1.2708893e-01
   2.5473053e+01   2.8302098e+00  -9.3019201e+00   1.2644988e+01   1.6253961e+01  -4.9069770e+00   1.2361728e+01  -8.6988329e+00  -1.2036868e+00  -1.6012069e+00   5.4145924e+00   3.1966768e-01   4.6182983e-01   2.4364314e+00   2.8142827e+00   5.1497444e-01  -4.2063134e+00  -4.7092556e+00   2.2285119e+00  -1.7586404e-01   4.4222811e+00  -7.1838302e-01   1.9001029e-01   8.6926636e-02
   2.5586326e+01   2.6149790e+00  -1.0038115e+01   1.5356962e+01   1.6585843e+01  -4.6047550e+00   1.2022433e+01  -9.1573161e+00  -6.3982418e-01  -3.2269877e-01   5.6023256e+00   2.6123992e-01   2.3388115e+00   4.8070837e+00  -2.3295018e+00   5.4567123e-01  -3.4182667e+00  -2.9888962e+00   3.1977345e+00  -1.2773741e+00   4.4072126e+00   4.2048094e-01  -1.6236633e+00   1.0434024e-02
   2.8459148e+01   7.6658286e+00  -1.2480110e+01   1.5133093e+01   1.4884876e+01  -7.2505487e+00   1.3127350e+01  -1.1705506e+01   1.1034407e+00  -3.3624074e-01   4.0672230e+00   2.1304244e-01   2.2918258e+00   4.1244564e+00  -3.8218533e+00   1.7979324e-01  -2.8962944e+00  -1.1136458e+00  -7.2949872e-01   1.0923621e+00   2.5699304e+00   8.8655424e-01  -2.3641297e+00  -3.5857256e-01
   2.8275268e+01   7.0438804e+00  -1.3946060e+01   1.3976370e+01   1.4682291e+01  -4.6321110e+00   1.2679181e+01  -9.8735261e+00   1.4668067e+00  -7.2360168e-01   3.3794815e+00   1.0957686e-01   3.4151717e-01   4.2230913e+00  -1.2032052e+00  -2.5098555e+00  -4.0188635e+00  -3.6634381e+00  -7.6812129e-01   2.5394729e+00   7.1503816e-01  -2.5360675e-01  -1.5288286e+00  -1.4198584e-01
   2.7566321e+01   6.8024437e+00  -1.3080727e+01   1.3604974e+01   1.2861295e+01  -6.5637676e+00   1.0939107e+01  -6.7021848e+00   1.5978935e+00  -7.0924043e-02   2.9798199e+00  -1.4235963e-01  -2.8684821e+00   1.1673267e+00   1.7613642e+00  -2.4356481e+00  -3.8823813e+00  -3.4138125e+00  -1.2205581e+00   4.5496760e+00  -5.0084661e-01  -9.3070898e-01   4.5341705e-01   3.0654040e-01
   2.6545016e+01   9.3813085e+00  -1.1542614e+01   1.2356239e+01   1.1569338e+01  -1.0443303e+01   1.1964373e+01  -7.8497674e+00   1.8550669e-01  -8.3576725e-01   3.8527842e+00   2.2596219e-01  -6.6277809e-01   4.2334834e+00   1.0689587e+00  -3.7587724e+00  -9.3847396e-01  -5.6686932e+00   5.4080236e-01   2.5955454e+00  -4.8123851e-02  -1.0165157e+00   7.6755072e-01   2.7636141e-01
   2.5021551e+01   8.2481046e+00  -1.1039787e+01   1.2289687e+01   1.0617781e+01  -9.4656716e+00   1.1653917e+01  -5.8928713e+00   9.9282081e-01  -1.6762214e+00   4.5106972e+00   6.1466038e-01   1.4785269e+00   3.1505976e+00  -8.5212447e-01  -3.8768604e+00   1.7023634e+00  -1.9878700e+00   3.2139549e+00  -5.9347282e-01  -1.6501409e+00   3.0291504e-01   8.0793841e-01  -2.0678430e-01
   2.8553485e+01   1.2671275e+01  -1.3363092e+01   8.9958548e+00   1.4396337e+01  -1.1684199e+01   1.3132980e+01  -6.3848648e+00   1.6971572e+00  -1.4457265e+00   3.7653689e+00   1.4560897e-01   1.4845611e+00  -1.4107253e+00   1.8614746e-01  -1.5931852e+00  -1.4330635e+00   2.1794021e+00   2.5753745e+00  -8.0740487e-01  -1.7713632e+00   2.8059220e+00  -3.2282062e-01  -8.3666123e-01
   2.8779876e+01   9.8833568e+00  -1.3448675e+01   9.4698750e+00   1.4001340e+01  -8.9251246e+00   1.5175735e+01  -8.3248454e+00  -1.6331432e+00   6.8842813e-01   4.2354352e+00  -4.1235948e-01  -3.8239875e-02  -2.5236762e+00   4.0892886e+00   9.7654683e-01  -2.1447780e+00   3.3235602e+00   4.4580303e-01  -3.8991324e+00  -2.7469021e+00   3.2294406e+00  -5.4797415e-01  -8.9468693e-01
   2.6892695e+01   6.4475944e+00  -1.0058949e+01   1.1376367e+01   7.7279629e+00  -7.4444731e+00   1.4066525e+01  -7.8448876e+00  -1.1585561e+00   2.1907910e+00   3.5061843e+00  -5.1551972e-01  -2.6839905e+00  -4.2738965e+00   6.2667518e+00   2.2093150e+00  -2.0435581e+00   3.2111312e+00  -3.4050707e+00  -3.7204165e+00  -1.1110957e+00   2.2709671e+00  -2.1229531e-01  -3.1309214e-01
   2.5794586e+01   7.5744305e+00  -6.5579258e+00   1.2564251e+01   1.0734801e+01  -6.6001942e+00   1.1855848e+01  -1.1011558e+01  -1.6996757e+00   1.3496807e+00   3.8183282e+00  -3.9680566e-01  -1.2475575e+00  -5.8214518e-01   2.0749232e+00   1.3909018e+00   5.5304457e-01   2.9549982e-01  -1.6114829e+00  -2.7091419e+00   2.3575945e+00   9.7701157e-01  -8.0040321e-02  -1.0369737e-01
   2.6020144e+01   7.4148935e+00  -7.4083391e+00   1.0762639e+01   1.2964270e+01  -8.0299673e+00   9.6853173e+00  -1.0622133e+01   6.3780003e-02   1.6300978e+00   3.6554794e+00  -3.3180614e-01   2.2167244e+00   1.3152872e+00  -4.2682488e+00  -2.2693134e+00   4.3273507e+00  -2.7725692e-01   2.1658385e+00  -1.6378679e+00   5.8168252e-01   5.2341685e-01   5.2138790e-01  -1.6448731e-01
   2.7344815e+01   8.5264895e+00  -1.1661595e+01   1.1863092e+01   1.2212754e+01  -8.1891277e+00   1.4949115e+01  -1.0999935e+01   1.2920805e+00   2.4342921e+00   4.0407271e+00  -6.5976232e-01   2.6606005e+00  -4.8666666e-01  -6.0909203e+00  -3.6017770e+00  -4.7490158e-01   1.6743399e+00   5.1122627e+00   1.9411957e+00   5.2981933e-01   8.2843001e-01  -1.5733277e-02  -2.0245774e-01
   2.9442667e+01   7.9444957e+00  -1.3909488e+01   8.3229765e+00   1.3480013e+01  -7.0658917e+00   1.5768650e+01  -1.0307501e+01  -1.7819104e+00   2.4336106e+00   4.1770667e+00  -6.3077236e-01   1.1655825e+00   2.7454666e-01  -2.4661220e+00  -5.5078605e-01  -1.9735786e+00   1.3901387e+00   1.2315971e+00   1.7260453e+00  -5.3052933e-01  -1.2186205e-01  -1.0596627e+00  -2.2533690e-01
   2.8074226e+01   6.5796294e+00  -1.2443732e+01   8.3814169e+00   9.7645771e+00  -4.5707222e+00   1.6482576e+01  -8.2570810e+00   1.7898488e-02   2.1905694e+00   3.5339347e+00  -5.5100916e-01  -1.0577713e+00   5.5455373e-01   5.7000457e-01   1.8294185e+00  -5.1859235e-01  -1.7901057e-01  -6.0371825e+00   1.1010095e+00   5.8138010e-01  -1.3424070e+00  -1.6643282e+00   2.5984227e-02
   2.7403813e+01   8.8001435e+00  -1.0716454e+01   1.1677297e+01   1.1227990e+01  -7.7539620e+00   1.0765982e+01  -9.4044924e+00  -9.4922979e-02   1.5691661e+00   2.3193816e+00  -7.2418807e-01  -2.5723460e+00   1.2784167e+00   1.5894600e+00   4.7015366e+00   1.6528220e+00  -1.6674214e+00  -5.6538350e+00   3.0622189e+00   5.8608344e+00  -1.2055605e+00  -1.4958101e+00  -1.7657178e-01
   2.6777585e+01   8.9304962e+00  -1.2403105e+01   1.2930059e+01   1.2560876e+01  -8.1136084e+00   8.3946750e+00  -9.7999256e+00   1.3206569e+00   8.5290389e-01   2.4730774e+00  -5.7407812e-01  -4.3505391e-01   4.8399241e-01  -2.9687049e+00  -4.6499250e-01   5.2136493e+00  -2.4854615e-01  -5.6810700e+00   2.6019002e+00   4.6003363e+00  -1.5578265e+00  -3.0800339e-01  -3.6616147e-02
   2.6232468e+01   8.6866874e+00  -1.1545611e+01   1.3100960e+01   1.4561096e+01  -7.7955806e+00   1.1331848e+01  -4.9427504e+00   6.3579619e+00   1.2941026e+00   2.4637802e+00  -8.8409556e-01   4.1423133e-01  -2.0217391e+00  -4.4729891e+00  -4.7488670e+00   2.6913956e+00   4.4742086e+00  -1.8131168e+00   4.2062611e+00   3.5682257e+00  -1.1026631e+00   5.8766968e-01  -5.5283064e-02
   2.8007317e+01   7.3623461e+00  -1.6482211e+01   6.9720967e+00   1.5918498e+01  -4.9227321e+00   7.6780386e+00  -6.5851016e+00   3.6919605e+00  -8.6386494e-03   2.9997303e+00  -5.2597964e-01   8.5532917e-02  -2.0539580e+00  -2.1746138e+00  -6.2385318e+00  -1.3204910e+00   2.8605991e+00  -1.1505080e+00   4.0586949e+00   4.9059147e-01  -3.0759803e-02   3.7785183e-02  -8.1868819e-02
   2.7410294e+01   6.5516099e+00  -1.5386384e+01   7.5329781e+00   1.3586273e+01  -2.6380872e+00   8.4046254e+00  -4.7025127e+00   4.0717638e+00   3.4594276e-01   2.9375597e+00  -8.3116191e-01  -1.5101150e+00  -8.5724178e-01  -6.4315751e-01  -1.7402859e+00  -3.0001353e+00   7.5793021e-01  -6.2744415e-01  -1.2969317e+00  -1.9433128e+00   1.1603544e+00   4.0379743e-01   8.9562696e-02
   2.6316972e+01   6.9170979e+00  -1.3744639e+01   6.3562523e+00   1.1067551e+01  -6.4014564e+00   8.1325241e+00  -3.8320020e+00   3.1996432e+00   1.2808441e+00   2.2928655e+00  -7.2334817e-01  -3.9208986e+00  -5.2452041e-01   4.1196968e+00   5.6078738e+00  -1.0841872e+00  -2.7637776e-01   4.0459735e+00   6.4885192e-01   1.8856112e+00   1.7318150e+00   7.6083173e-02  -2.1691300e-01
   2.4812468e+01   7.6234489e+00  -1.3879133e+01   1.0798454e+01   1.2486366e+01  -5.9193231e+00   1.0163439e+01  -8.2646977e+00   3.6891515e+00   2.3898929e+00   3.4229087e+00  -6.5106724e-01  -1.9046520e+00   3.9916710e-01   2.1630790e+00   5.4917002e+00   1.1866735e+00  -1.9707887e+00   2.0738010e+00  -2.1619835e+00   7.9298660e-01   8.6283588e-01  -1.2580826e-01   1.0091493e-01
   2.3424882e+01   6.0396460e+00  -1.1056291e+01   1.3751170e+01   1.4842171e+01  -3.6966808e+00   1.2867592e+01  -3.8307312e+00   6.7116835e+00   1.5671088e+00   2.8711805e+00  -9.4139647e-01   8.7340664e-01  -5.0223978e-01  -7.1265087e-01   4.0541751e+00   1.5602857e+00   3.9338748e-01  -1.9412957e+00  -1.7482321e+00  -1.2152205e-01  -2.7845410e-01  -3.7017733e-01   1.5828796e-01
   2.5999361e+01   7.5890865e+00  -1.3485940e+01   1.2073070e+01   1.3478973e+01  -6.9466581e+00   9.1477928e+00  -7.9461234e+00   3.5052236e+00   1.4970642e+00   2.4596897e+00  -5.7076536e-01   1.1316527e+00  -1.1481841e+00   1.8435065e-02  -1.4235258e+00  -1.4368557e+00  -1.0372568e+00  -6.2215172e+00   3.5219317e+00   1.4575949e-01  -1.2616073e+00  -6.2950222e-01   2.3489649e-01
   2.7033636e+01   6.1809194e+00  -1.5010212e+01   1.1800207e+01   1.2911676e+01  -5.2977078e+00   5.7284035e+00  -6.6136373e+00   3.1093240e+00   1.3095773e+00   2.2192090e+00  -5.2606717e-01   8.4877522e-02   1.8707129e+00   1.3631496e+00  -2.3346922e+00  -4.4143964e-02  -1.7218775e+00  -4.7594391e+00   8.6457683e-01   5.3823703e-01  -1.6755765e+00   3.6987059e-02   1.8935278e-01
   2.4705571e+01   5.8305360e+00  -1.1874520e+01   9.6386463e+00   1.1296330e+01  -6.6746949e+00   4.4007571e+00  -1.5903471e+00   5.7089704e+00   6.2624770e-01   2.8046412e+00  -5.0638717e-01  -2.4086063e+00   1.7380954e+00   3.4101992e+00  -1.5560822e-01   3.1113392e+00   1.5532764e+00   3.4544443e-01   2.3205622e+00   2.3332246e+00  -1.3014195e+00   6.5605724e-01  -3.8141179e-03
   2.4199093e+01   9.7249907e+00  -9.8172767e+00   1.1466343e+01   1.5867276e+01  -6.4154786e+00   8.1019513e+00  -5.7117542e+00   6.4171656e+00  -5.1084770e-01   2.7541854e+00  -6.8955640e-01  -2.7663294e+00   2.2264888e+00   4.2925885e+00   7.4799738e-01   9.7743844e-01  -3.6651350e-01   4.9617810e+00   1.7931770e+00   1.6549248e+00  -1.7909903e+00   5.9147161e-01   2.4253393e-01
   2.3803722e+01   8.4241939e+00  -1.0967109e+01   1.2006589e+01   1.6668182e+01  -4.0578580e+00   8.4791855e+00  -4.9162217e+00   5.3511397e+00   4.5514739e-01   3.1762874e+00  -4.9474192e-01  -1.1703489e+00   2.2073564e-02   2.1545176e+00   3.0382656e+00  -2.1653474e+00  -5.3366839e-01   3.6776911e+00  -3.3567564e-01  -3.1303032e+00  -1.6894142e+00  -1.7245373e-01   5.8515414e-01
   2.3335066e+01   8.2238235e+00  -9.0250348e+00   1.1738231e+01   1.1691908e+01  -7.1558964e+00   1.1131861e+01  -2.2609344e+00   5.7706266e+00  -1.2913581e+00   2.9205933e+00  -1.6808889e-01  -1.1662316e+00  -2.9029336e+00   3.1384461e+00   4.7474364e+00  -7.4891800e+00  -5.1256331e-02   2.3641461e+00   1.1357992e+00  -6.0897645e+00  -5.6795586e-01  -1.2239442e-01   6.8861036e-01
   2.3382061e+01   6.6142299e+00  -9.0388646e+00   1.4060100e+01   1.0135993e+01  -7.1049885e+00   8.4023390e+00  -3.8192704e+00   1.3367851e+00  -1.5176184e+00   2.4627566e+00   1.1061029e-01  -1.2476168e+00  -1.5771690e+00   2.0952369e+00   6.4586480e+00  -5.4580674e+00  -2.6682274e+00   3.1288089e+00   9.3207410e-02  -4.2372556e+00  -6.7996326e-01   9.5746505e-04   3.5253031e-01
   2.2660577e+01   6.2755723e+00  -6.0737298e+00   1.7560742e+01   7.8996010e+00  -4.9687979e+00   1.1686594e+01  -4.5565311e+00  -7.1030384e-01  -3.7639861e-01   2.9273591e+00   4.0683031e-02  -1.2143979e+00  -1.8084256e+00   1.8231970e+00   5.8401169e+00  -5.6596353e-02  -2.9920178e+00   2.0204578e+00  -1.9206839e+00  -2.2061823e+00   1.5153367e+00   5.7075090e-01  -1.0189185e-01
   2.2269542e+01   7.0325661e+00  -9.2999060e+00   1.8783306e+01   1.0377235e+01  -9.1537484e+00   1.2895032e+01  -3.6286123e+00   2.2357216e+00  -1.0222772e+00   3.1743407e+00  -7.0332421e-02  -1.9369517e+00  -7.5063357e-01   2.7572923e+00   1.5603832e+00   1.4578408e-01  -6.2125868e+00   4.3569660e+00   9.3587716e-01   6.2724755e-01   2.6104701e+00   1.0770176e+00  -4.1156089e-01
   2.2069729e+01   5.3020170e+00  -6.1597186e+00   1.8136804e+01   1.1486393e+01  -1.0619543e+01   1.1916201e+01  -5.2372893e+00   2.0118850e+00   7.3397640e-01   3.4209276e+00  -2.3045531e-01  -2.6609798e+00  -8.7239537e-01   3.1305772e+00  -6.9211419e-01   4.8117491e-01  -5.4813540e+00   1.0949230e+00   3.0806082e+00   1.2170507e+00   1.8964190e+00   4.5855560e-02  -6.3770108e-01
   2.0772058e+01   5.9750572e+00  -4.8599317e+00   1.6112644e+01   8.5612733e+00  -1.3598496e+01   1.4822984e+01  -2.0750755e+00   9.1656199e-01   1.8428992e+00   3.8314988e+00  -3.7116187e-01  -2.6566934e+00  -2.3006068e+00   2.8792948e+00  -9.4856606e-01  -6.1223244e-01   8.1803797e-01  -3.9097747e+00   6.0358142e+00  -2.2947941e+00  -2.4261636e-01  -1.7666636e+00  -5.8087259e-01
   1.9417849e+01   5.4957337e+00  -3.5978511e+00   1.7857902e+01   9.5293440e+00  -1.0968455e+01   1.2365002e+01  -7.1238713e-01   1.7748520e+00   1.0356416e+00   2.6675634e+00  -7.6545386e-01  -2.3902922e+00  -1.1654885e-01   8.7007063e-01   1.3333000e+00   1.0472372e-01   2.1376721e+00  -4.6444249e+00   7.1821325e+00  -1.7066621e-01  -3.0480947e+00  -2.0245778e+00  -1.2339577e-01
   1.9610442e+01   3.4847975e+00  -6.2618976e+00   1.7499908e+01   1.0437410e+01  -7.7522355e+00   6.8059697e+00   3.1626579e+00  -1.0879531e+00  -1.5370344e+00   9.0102738e-01  -6.7414204e-01  -1.4228130e+00   8.8544869e-01   2.1170946e+00   2.0091302e+00   2.3025950e-01   1.1447011e+00  -4.8858038e+00   3.1748142e+00   1.9786062e+00  -2.9692573e+00  -1.1938077e+00   2.3993756e-01
