   1.0383918e+01   5.7316770e+00  -2.1929117e-01   1.0312056e+01   1.3440547e+01   8.6727910e+00   3.5269131e+00  -5.9145300e+00  -8.6414048e+00  -4.0566947e+00   1.6341883e+00   1.3187343e+00   2.4495238e+00   1.7654394e+00   3.4946541e+00   3.5622148e+00   7.2237794e+00   7.1098545e-02   1.3350661e+00   3.6507073e+00   3.3221531e+00  -1.3856378e+00   1.0281034e+00   4.4897945e-01
   1.2390038e+01   6.2425839e+00   8.1995760e-01   1.2464187e+01   1.3585431e+01   7.3007090e+00   5.8536244e+00  -2.8457513e+00  -7.6158689e+00  -4.0280896e+00   1.5943719e+00   1.1952398e+00   5.0678384e+00   3.4714180e+00   6.4543789e+00   2.1622488e+00   1.4286581e+00  -5.2209618e-01   1.3580925e+00   4.5305885e+00   1.1607782e+00  -8.2207451e-01   8.0721414e-01  -1.5794358e-01
   1.5054743e+01   7.9483375e+00   5.6513413e+00   1.3780503e+01   1.1718669e+01   6.6051732e+00   8.5650887e+00  -3.3179199e-01  -7.8220375e+00  -4.0062944e+00   1.4140328e+00   9.5954066e-01   9.7607107e+00   5.6917636e+00   4.5878778e+00   2.8021112e-01  -5.3793118e+00  -2.9429967e-01   5.7731411e-01   1.1559550e+00  -2.5579432e+00   7.0866040e-01  -8.4220952e-01  -4.9652563e-01
   1.6845269e+01   9.7509036e+00   6.2787181e+00   1.2508304e+01   9.9895533e+00   5.5331246e+00   5.4494529e+00  -9.2401672e-01  -9.5598133e+00  -3.7061185e+00   1.7598166e+00   1.0162407e+00   8.5321801e+00   5.8577097e+00   8.0489416e-01  -2.7268597e+00  -3.8599546e+00   1.2857656e+00  -3.5433717e+00  -3.7588646e+00  -2.9688993e+00  -7.6437384e-02  -1.5309051e+00  -4.7255165e-01
   2.2797369e+01   1.2515163e+01   3.9331453e+00   1.0710314e+01   7.1695181e+00   9.1151337e+00   4.5949700e+00  -5.1414648e+00  -1.1506347e+01  -3.1546897e+00   2.8815170e-01   6.6344543e-01   2.6576621e+00   3.3720042e+00  -3.8218855e-01  -5.6692594e+00  -3.3057457e+00   6.4217669e-01  -5.2728367e+00  -5.3768583e+00  -8.4289530e-01  -5.4868318e-01  -1.7095339e+00  -4.6476343e-01
   2.1316996e+01   1.2745736e+01   2.8863968e+00   9.9089917e+00   1.0070074e+01   7.9743771e+00   2.5236261e+00  -6.0792118e+00  -1.0227063e+01  -4.5685481e+00  -1.3904520e-01   6.3445994e-01   9.7262478e-01   1.8409304e+00   6.1005280e-01  -2.5189050e+00  -3.0402183e+00  -1.2089737e+00  -6.3348126e-01  -2.3363394e+00  -4.8869921e-01  -1.8355230e+00  -8.4716849e-01  -2.3208247e-01
   1.6805373e+01   1.1508928e+01   6.7742191e+00   6.5762701e+00   6.7197900e+00   6.3478120e+00   2.1187471e+00  -5.8194820e+00  -8.7527556e+00  -4.3981044e+00  -2.0083712e-01   4.5328589e-01  -3.3125826e+00  -4.3611828e-01   2.2611979e+00  -1.3252611e+00  -9.5583457e-01  -2.9324794e+00  -5.7043124e-01   1.9969258e+00   2.1386553e+00  -1.0773355e+00   4.4895809e-02   6.1578945e-02
   2.1300204e+01   1.3015417e+01   5.7732605e+00   1.0796969e+01   5.6540899e+00   5.1033249e+00   5.7373425e+00  -4.0895172e+00  -1.1669658e+01  -5.8376956e+00   7.3355833e-01   7.7319676e-01   1.1549382e-01   1.4130128e+00   2.1978324e+00  -1.8801863e-01  -1.1786674e+00  -1.4132523e+00   7.0066929e-01   2.8462945e+00   1.6992522e+00   1.7251469e-01   1.4061803e-01  -6.7670185e-03
   1.7836891e+01   1.1726145e+01   5.8815104e+00   8.2784340e+00   7.9437584e+00   6.1519407e+00   2.1324649e+00  -3.1409234e+00  -7.5770668e+00  -4.1361192e+00  -8.0806353e-02   6.8644544e-01   1.2530610e+00   1.0723243e+00  -9.8346924e-01  -1.2706477e+00   8.6343793e-01   7.8749030e-01  -2.4822923e-01   8.9435778e-01   8.2282077e-01   1.5157626e-02  -3.6523364e-01   5.9641378e-02
   2.0974477e+01   1.4756646e+01   6.6294998e+00   8.7758818e+00   7.6900889e+00   5.9524344e+00   3.5677711e+00  -3.1490493e+00  -8.2660290e+00  -4.4407686e+00   1.1866453e-02   5.0772964e-01   1.3237598e+00  -1.5178674e+00  -5.7808261e+00  -6.2258945e+00   1.8567777e+00   3.4160015e+00   3.8228239e-01   1.0610286e+00   2.3481843e+00   8.9809034e-01  -4.7051333e-01   5.5167834e-02
   1.8847828e+01   1.2246799e+01   4.8708956e+00   5.6808421e+00   6.9969474e+00   7.1044927e+00   2.8311889e+00  -4.9481792e+00  -9.2203390e+00  -5.0738315e+00  -3.8784165e-01   6.7548152e-01   7.3079519e-01  -3.1749698e+00  -6.5670048e+00  -5.9890438e+00   7.8691043e-01   4.9217475e+00   3.5007695e+00  -8.5665671e-03  -7.0714284e-01  -3.8884603e-01   2.9716484e-01   2.8214473e-01
   2.2780375e+01   1.0478288e+01  -2.3926712e+00   2.7569232e+00   8.9126619e+00   9.7510511e+00   5.9614041e+00  -1.5943465e+00  -7.3257454e+00  -4.0217040e+00   1.8130599e-01   8.6143047e-01   1.4933917e+00  -2.2568012e+00  -8.3700792e+00  -1.7025108e+00   1.8351627e+00   3.7352260e+00   5.2970982e+00   8.4660920e-01  -1.3422436e+00   6.5312337e-01   1.5942335e+00   7.1635951e-01
   1.8030135e+01   9.1028691e+00   5.4208870e-01   2.3043476e+00   8.5128375e+00   1.1635254e+01   6.1868027e+00  -3.9311247e+00  -9.1079228e+00  -4.9289205e+00   2.8022113e-01   9.3281212e-01   1.4430158e+00   5.0171132e-01  -1.9877338e+00   1.5398503e+00   1.3579954e+00   2.7484306e+00   4.3360005e+00   4.5372554e-01  -4.4532392e-01   1.2299698e+00   1.5069141e+00   3.3525088e-01
   2.3623411e+01   1.2943410e+01  -3.7612155e+00   7.9103630e+00   9.6848879e+00   9.2898929e+00   9.8356116e+00  -2.3876628e+00  -1.0335602e+01  -3.5335390e+00   2.0691852e+00   1.4536036e+00  -1.6368566e+00   1.1179002e+00   2.7214629e+00   9.9436289e-01  -1.4120202e+00   7.7662914e-01   1.0281510e+00  -8.9945976e-01   2.6558010e-01   9.4050009e-01   3.1901253e-01  -1.1423860e-01
   2.0590833e+01   1.1766805e+01   2.5735670e+00   5.4138977e+00   8.6478276e+00   1.1457718e+01   7.3980859e+00  -3.8709327e+00  -8.3833963e+00  -3.4729592e+00   9.2858988e-01   8.8227127e-01   2.2911208e+00   4.5655976e-01  -1.1506333e+00  -1.7836859e+00  -3.7071348e+00   1.0734919e-01   1.2741855e+00   8.0095667e-01   3.8562070e-01   1.1460668e+00  -4.1793942e-01  -6.0632193e-01
   1.9044741e+01   1.0823170e+01   6.7378403e-01   2.6936924e+00   6.7271367e+00   1.1004763e+01   6.8979890e+00  -2.9736321e+00  -7.2896385e+00  -3.3389345e+00   3.3564040e-01   7.1534299e-01  -4.9234064e-01  -2.9638632e+00  -8.2772925e-02  -3.8229025e+00  -2.9730635e+00   2.4966328e-01   5.2153214e-01   1.0240387e+00  -1.2179022e+00  -1.2009367e+00  -9.8408252e-01  -5.3744965e-01
   2.3756151e+01   1.0847829e+01  -3.4013611e+00   2.2371539e+00   4.4310109e+00   1.0938842e+01   9.5668922e+00  -2.4367051e+00  -1.0052474e+01  -3.3071227e+00   5.2008442e-01   3.9245953e-01   2.9671153e+00   1.3284519e-01  -1.4876069e+00   1.4026255e+00   4.1292299e-02  -2.5023972e+00   2.5902538e+00   3.3770410e+00  -3.2942307e+00  -5.4047478e-01   3.1312239e-01  -2.2662991e-02
   2.1302242e+01   8.9571035e+00  -8.9791086e-01   3.7643811e+00   7.3337010e+00   9.9238255e+00   9.5335066e+00  -1.5687187e+00  -1.1327917e+01  -5.4178624e+00   7.9731419e-01   8.9233500e-01  -5.3667704e-02   2.2705822e+00   5.0573220e+00   3.8962560e+00   1.6171359e+00  -2.9706808e+00  -7.9363741e-01   1.8055589e+00   2.3373865e-01  -7.3311272e-01  -8.8060255e-02  -5.2986429e-02
   2.3912756e+01   1.2899107e+01   1.1280041e+00   6.9824917e+00   8.4064838e+00   8.2445905e+00   9.9657077e+00   4.9217201e-01  -1.1305603e+01  -3.2442074e+00   1.1674366e+00   7.5978078e-01  -5.7296878e+00   1.7278207e+00   8.5097884e+00   3.4331081e+00   2.7917504e+00  -1.5526335e+00  -4.3526667e+00  -6.8966564e-02   4.4478993e+00   4.8113340e-01  -6.0085823e-01  -8.7613090e-02
   1.8885937e+01   1.3203405e+01   5.9950844e+00   6.1654075e+00   7.1651040e+00   7.8958675e+00   5.5081251e+00  -1.7297322e+00  -6.3124659e+00  -4.4700612e+00  -1.2012606e-01   4.5220272e-01  -4.4017329e+00   9.4851985e-01   5.0632544e+00   1.7603468e+00   2.6131503e+00   1.1938714e+00  -3.4691344e+00  -8.3096765e-01   4.2432572e+00   7.2411949e-01  -1.0528301e+00  -1.3859376e-01
   1.6369772e+01   1.1316409e+01   5.9168239e+00   6.1863029e+00   8.7029349e+00   9.6238712e+00   5.0505829e+00  -2.4596481e+00  -5.8883504e+00  -3.0593232e+00   7.7517204e-02   4.8110604e-01  -4.0641688e+00  -1.6796568e+00   2.0167877e+00   6.4670248e-01   1.0935472e+00   7.1874414e-01  -2.2546466e+00  -4.8296405e-01   3.3534571e+00  -1.9670439e-01  -7.7330966e-01   1.1457830e-01
   1.8471134e+01   1.1171232e+01   4.3025608e+00   6.8029957e+00   1.1105201e+01   1.1024992e+01   6.7873675e+00  -1.3392601e+00  -7.6716577e+00  -4.4241253e+00  -2.3697132e-01   8.2378173e-01   2.6204623e+00   1.9125924e+00   1.1245385e+00   2.9978464e+00  -2.4092380e+00  -3.0889378e+00   4.4475051e-01   3.0012161e+00   4.9981010e-01  -2.9149070e-01  -2.5874607e-01  -2.7912749e-02
   1.8023904e+01   1.1395708e+01   4.9994474e+00   7.6337514e+00   8.0767563e+00   7.7581444e+00   5.9441166e+00  -4.2751013e-01  -5.5958215e+00  -3.5622320e+00   6.5894725e-02   7.4585872e-01   3.4717254e+00   3.7057852e+00   3.5894867e+00   4.7118650e+00  -4.7354637e+00  -6.0207150e+00  -8.0755613e-01   1.4998339e+00  -1.2045789e+00  -9.6003563e-01  -5.2503809e-01  -3.9137972e-01
   2.1989564e+01   1.6032644e+01   8.1405803e+00   9.9384529e+00   3.8643363e+00   4.1953242e+00   5.7284841e+00   1.7560230e+00  -5.7090152e+00  -4.6558428e+00  -5.0243393e-01   2.7795726e-01   6.2003548e-01   2.1935033e+00   3.0708719e+00   1.8441228e+00  -4.0018956e+00  -5.1651486e+00  -2.7079127e+00  -8.3209419e-01  -2.4591822e-01  -5.7906910e-02  -5.2184685e-01  -6.2514413e-01
   1.9818145e+01   1.4444381e+01   9.3820442e+00   1.1686372e+01   5.2201717e+00   4.0076327e+00   4.3686905e+00  -1.7575388e+00  -8.6765399e+00  -4.3835178e+00  -5.7730863e-01   1.6694869e-01   1.3870151e-01  -6.0023309e-01  -2.7882376e+00  -3.1574671e+00  -2.3245895e+00   3.5058069e-02   6.3499599e-01  -2.6401990e+00  -3.2103540e+00  -1.1003897e+00  -1.2259067e-01  -2.5575223e-01
   1.8504067e+01   1.2937150e+01   6.7175702e+00   7.5428697e+00   6.5306496e+00   5.1525251e+00   3.5132115e+00  -1.9223870e+00  -6.5001758e+00  -4.1003427e+00  -6.9813993e-01   1.7552055e-01  -9.4192843e-01  -2.9499824e+00  -5.5201935e+00  -5.9332323e+00  -8.1237238e-01   3.8836631e+00   2.2853033e+00  -2.6472090e+00  -2.0604173e+00   1.1262372e+00   1.5506269e+00   4.2769339e-01
   1.9974705e+01   1.2043105e+01   1.5285960e+00   4.0953423e+00   3.2567154e+00   7.3321310e+00   8.0042469e+00  -2.5486036e+00  -1.0015772e+01  -5.4905666e+00  -2.0138285e-02   4.1344873e-01   4.0886314e+00   2.4539293e+00  -2.6789245e+00  -3.4805425e+00  -2.3638564e+00   4.7912472e-01   7.3413993e-01  -1.8497036e-01   2.4433625e+00   1.6899675e+00   9.7351824e-01   2.2766942e-01
   2.0498392e+01   1.2808308e+01   3.7870142e+00   4.8341192e+00   3.6275058e+00   8.3585697e+00   7.3386608e+00  -1.8192581e+00  -8.1300250e+00  -2.4129626e+00   1.5449212e+00   7.9624732e-01   3.7927454e+00   4.0403517e+00   3.0937358e+00   3.0064569e+00  -1.6228344e+00  -2.7156232e+00  -2.3101346e+00  -5.6353040e-01   1.9724219e+00   9.9359848e-01  -4.8411580e-01  -1.9272296e-01
   2.4953930e+01   1.8189696e+01   6.8289355e+00   7.8199334e+00   3.1259590e+00   3.1232975e+00   3.5571757e+00  -2.0865588e+00  -4.1965716e+00  -2.6922567e+00  -2.3856182e-01   1.9808944e-01   2.4759033e+00   3.1556744e+00   1.0857923e+00   3.6077372e+00   1.2727161e+00  -1.8335296e+00  -1.8181785e+00  -1.9042966e+00   1.5889660e+00  -3.1839137e-01  -1.1799073e+00  -2.0487987e-01
   2.1703573e+01   1.5924382e+01   8.7080042e+00   1.0190259e+01   4.1617762e+00   3.1835072e+00   2.2715452e+00  -2.9987050e+00  -6.4511432e+00  -4.0090999e+00  -1.3151019e+00  -5.8842404e-03   1.4417498e+00  -2.6922725e+00  -8.3570106e+00  -5.1102682e-01   5.7363400e-01   9.3626116e-01   4.2811779e+00  -1.2928062e+00  -2.0672055e+00  -2.6459318e+00  -9.9479495e-01   1.2905371e-04
   2.3085969e+01   1.5218579e+01   6.9678948e-01   6.8288780e+00   4.8986544e+00   7.1693680e+00   7.8105369e+00  -4.8153251e+00  -8.4717641e+00  -5.1700849e+00  -3.5998774e-01   5.0719470e-01  -8.1899255e-01  -5.9843967e+00  -1.1148627e+01  -2.8898917e+00   6.8930732e-01   5.0922173e+00   8.7344701e+00   9.8167986e-01  -4.8470452e+00  -1.4878056e+00   1.1186005e+00   6.2273060e-01
   2.3594997e+01   1.0255458e+01  -5.6824287e+00   4.5631066e+00   3.6016092e+00   7.7399262e+00   1.1633747e+01  -2.3940843e+00  -9.0932370e+00  -5.1429462e+00   1.1344172e-01   6.4188827e-01   2.9950537e+00  -7.4632359e-01  -5.4115918e+00  -1.5777088e+00  -2.1831377e+00   2.4472704e+00   7.5284504e+00   2.0065963e+00  -2.6876867e+00   9.2298222e-02   1.2936759e+00   5.4547407e-01
   2.2779729e+01   1.2047563e+01  -2.6987890e+00   6.2986723e+00   4.4400035e+00   8.4834139e+00   1.1977780e+01  -9.1634936e-01  -1.0146093e+01  -4.3570419e+00   7.2506708e-01   8.0829908e-01   4.9666108e-02   1.6481719e+00   6.1718152e+00   6.1429407e-01  -5.6425811e-01   1.9084724e-01  -1.2194001e+00   1.0551963e+00  -8.9465455e-01   3.9491621e-01  -1.5506789e-01  -2.7639471e-02
   2.6349274e+01   1.6390405e+01   2.2884058e+00   8.0887991e+00   1.1163951e+00   6.1973898e+00   1.1480599e+01  -1.9382984e+00  -9.6455091e+00  -4.2771741e+00   8.2884567e-02   6.6177467e-01  -1.6140993e+00   3.6212432e+00   1.0341204e+01   2.1308683e+00   1.3696677e+00  -4.9225037e-01  -5.6273921e+00  -1.4536105e+00  -2.1871011e-01  -7.1449663e-01  -8.2184987e-01  -2.4176514e-01
   2.1783330e+01   1.4623364e+01   5.9690950e+00   5.9874729e+00   5.2948742e+00   8.2269070e+00   6.0580106e+00  -3.4604236e+00  -9.5376099e+00  -5.0105967e+00  -5.7731100e-01   4.5579230e-01  -1.8614585e+00   1.1349160e+00   4.7217082e+00  -1.0817546e+00   1.0442773e+00  -4.0651363e-01  -5.9825094e+00  -2.3019505e+00   9.0691407e-01  -9.9858723e-01  -1.0042532e+00  -5.5601462e-01
   2.1672047e+01   1.4399422e+01   5.4954351e+00   7.9150088e+00   5.2286753e+00   7.1298041e+00   6.1525436e+00  -3.3024630e+00  -9.7255435e+00  -5.8879138e+00  -4.6814405e-01   4.5549396e-01  -3.9208879e+00  -2.8703281e+00   2.0901136e-01  -2.3709754e+00   2.1629631e+00   7.7545734e-01  -4.1529219e+00  -1.0325573e+00   8.9624540e-01  -9.5140722e-02  -3.0129306e-01  -2.3538172e-01
   2.2326155e+01   1.4745429e+01   2.7802586e+00   4.7629356e+00   3.9502794e+00   7.4074363e+00   5.6680438e+00  -3.6871928e+00  -8.7457042e+00  -5.0495530e+00  -5.0579845e-01   7.7417516e-02   2.0263684e+00  -3.1099091e-01  -1.8027764e+00   1.2110185e-01  -9.5315837e-01  -4.6678354e-01   2.2580902e+00   5.8790377e-01   1.3733756e+00   1.8975833e+00   6.9817174e-01  -1.7585748e-02
   2.0196529e+01   1.2023880e+01   4.1963410e+00   5.1446047e+00   5.0331372e+00   7.7703112e+00   5.4461999e+00  -3.3737497e+00  -8.6970938e+00  -4.4004071e+00  -4.0481129e-01   4.9788949e-01   1.4388455e+00   4.5725900e-01   1.1193381e+00   1.8592866e-01   4.2970333e-01   7.2220458e-01   1.8684067e+00   5.1700605e-01   1.8024442e+00   1.8381323e+00   5.8534764e-01   9.6009655e-02
   2.5560642e+01   1.5344648e+01   3.9144775e+00   7.5543278e+00   3.9629057e+00   7.2064782e+00   9.7983177e+00  -2.5429246e+00  -7.9917713e+00  -2.9079751e+00   4.3828022e-01   4.0821591e-01  -2.6523623e+00  -5.9817610e-01   3.8034257e+00   2.0158198e+00   3.3114264e+00   9.4925574e-01  -1.2595438e+00  -7.0248500e-01   1.4830594e+00   9.2117805e-01   2.9984462e-01   2.2566428e-01
   2.2213072e+01   1.4785701e+01   6.6073328e+00   6.7982057e+00   5.8669171e+00   8.3135900e+00   6.8900166e+00  -3.0990880e+00  -7.3988437e+00  -4.2015043e+00  -6.2161923e-02   4.3410924e-01  -1.6159324e+00  -1.5537690e+00  -2.4539051e-01  -3.2333051e-01   2.4988182e+00   4.7924819e-01  -1.8492104e+00  -1.0125756e+00   1.2228441e+00  -2.3845791e-01  -1.3716004e-01  -1.2777617e-01
   1.7339340e+01   1.2467254e+01   7.2799013e+00   6.9598647e+00   8.5005291e+00   8.5596805e+00   3.0568198e+00  -4.8782511e+00  -7.1702402e+00  -3.7672373e+00  -2.2735620e-01   4.4780406e-01  -4.2728942e+00  -4.6399560e+00  -2.4745694e+00  -4.0470538e+00   1.5325992e+00   2.0224336e+00  -2.3079575e+00  -7.8680955e-01   4.7772470e-01  -4.9123864e-01  -4.9023736e-01  -5.1876777e-02
   2.1883282e+01   1.1131924e+01   2.1455434e+00   4.9568404e+00   6.5125529e+00   7.8125823e+00   6.0431333e+00  -3.7249498e+00  -7.2735933e+00  -4.3284629e+00  -2.7773314e-01   2.8643115e-01   2.9429408e+00  -1.1773343e+00  -5.6488581e+00  -2.6435183e+00  -4.0871132e+00  -7.9570173e-03   5.1113456e+00   2.5558650e+00  -1.1493196e+00   4.5638127e-01   3.1678648e-01   5.4533974e-02
   1.9316196e+01   1.0211603e+01   2.4335181e+00   2.4044298e+00   5.9389866e+00   1.0490632e+01   6.7598232e+00  -3.4102080e+00  -7.3378094e+00  -3.5813538e+00  -1.8929021e-01   4.0423979e-01   7.3612889e+00   3.6238466e+00  -3.7257735e+00  -2.3089771e+00  -5.9970668e+00  -1.5125705e+00   8.5537827e+00   4.7457616e+00  -1.8515441e+00  -4.2157880e-01   3.9759389e-02   1.7958051e-01
   2.5639055e+01   1.4147525e+01   5.5723722e-01   5.1106458e+00   1.0170186e+00   7.3361785e+00   1.2705533e+01   6.8791965e-04  -9.0390385e+00  -3.6098741e+00   3.9398481e-01   5.3769234e-01   3.7590707e+00   5.0141162e+00  -8.2105051e-01   4.2200611e-01  -1.9892116e+00  -1.8051829e+00   4.6794776e+00   2.6230369e+00  -2.0574410e+00  -2.2397540e+00  -4.6243032e-01   8.3831961e-02
   2.6503386e+01   1.6395223e+01   2.4853941e+00   3.4194963e+00   2.2526961e+00   6.5290266e+00   1.2556294e+01   3.7757245e-01  -9.0648337e+00  -4.7588999e+00  -5.0357609e-01   5.9154423e-01   2.0751090e+00   1.4567115e+00   9.0381495e-02   1.3140382e+00  -9.8156087e-01  -3.6834881e+00   2.3179222e+00   7.4091984e-01  -8.0185603e-01  -1.6214792e+00  -4.4242046e-01  -2.0662536e-01
   2.3928292e+01   1.5561288e+01   8.8802958e-01   5.0823163e+00   5.3718807e+00   7.0856108e+00   1.0164114e+01  -1.6842846e+00  -9.4962426e+00  -7.0993209e+00  -8.1423568e-01   3.1852687e-01  -4.5963371e+00  -4.2270054e+00   8.9902954e-01  -1.0506824e+00   1.5898762e-01  -1.5170456e-01  -6.2958802e-01  -9.7735441e-01   1.4534391e+00   1.4350061e-02  -6.7686427e-01  -4.1744724e-01
   2.3284241e+01   1.1689789e+01   2.4036942e+00   4.3896518e+00   2.2892142e+00   5.0906841e+00   1.1507416e+01  -1.4563420e+00  -8.3119915e+00  -4.2688492e+00  -2.4881066e-01   2.0388448e-01  -2.3377464e+00  -3.1668110e+00  -1.9960565e-01  -7.0363531e-01  -3.8511213e+00   1.3370979e+00   2.7954687e-01   5.6095146e-02   8.7439234e-01   3.3209241e+00   2.1232888e-01  -3.8306910e-01
   2.0354122e+01   1.0159735e+01   1.9466315e+00   3.0495445e+00   1.2372410e+00   7.8277929e+00   1.2285590e+01  -5.4838649e-01  -7.2353009e+00  -3.8333744e+00  -7.4869432e-01   1.0535136e-01   2.0096299e+00   1.0219214e+00   1.3002787e+00  -2.0738822e+00  -5.1628778e+00   1.0998830e+00   1.2456405e+00   1.8255159e+00   2.1554298e-01   2.9827169e+00   4.2412669e-01   4.9977949e-04
   2.4783851e+01   1.4345783e+01   1.6566847e+00   3.3804293e+00  -1.4566659e+00   8.1635823e+00   1.1914876e+01  -1.0623391e-01  -8.8837160e+00  -1.4104869e+00  -2.1785345e-01   1.2352834e-01   2.2570520e+00   3.8063467e+00   4.7295958e-01   3.9741702e-01  -4.2056225e-01   1.0568484e+00  -1.2619296e+00   2.8355903e-02  -1.2094586e+00  -1.3919503e+00  -4.8126795e-01  -1.5506740e-02
   2.6192932e+01   1.5766173e+01   3.2119524e+00   2.4761042e+00  -4.9949599e-01   7.1989862e+00   1.1828845e+01   3.7893511e-01  -8.8870658e+00  -4.0544267e+00  -1.9352425e-01   3.5945461e-01   6.6196747e-01   1.9803833e+00   2.2777701e+00   1.8412213e+00   1.3499104e+00  -1.8399615e+00  -4.4303502e+00  -1.8015068e+00   2.5895299e-01  -1.3405922e+00  -3.8197460e-01  -2.4067909e-01
   2.3750414e+01   1.4596090e+01   2.4804731e+00   5.2724975e+00   2.5267393e+00   6.9903601e+00   9.8428941e+00  -1.8774689e+00  -9.3002969e+00  -6.2462484e+00  -1.2482976e+00   5.3572742e-02  -2.8115286e+00  -3.5497776e+00   3.9030720e-01   1.4571768e+00   1.4366191e+00  -2.8184147e+00  -3.7770387e+00  -1.9037945e+00   2.1935444e+00  -5.6096388e-01  -7.1643943e-01  -4.9806007e-01
   2.1863792e+01   1.3005156e+01   4.9513925e+00   4.8653423e+00   1.2704039e+00   5.6544618e+00   6.6760560e+00  -2.3650292e+00  -6.6385810e+00  -3.4263819e+00  -8.0643414e-01  -2.2068947e-01  -2.2232319e+00  -3.0421804e+00  -1.7269372e+00   2.2769845e+00  -1.6259307e+00  -1.5848717e+00  -1.3857523e-01  -3.5894615e-01   1.8269119e+00   2.2140479e+00   3.8062518e-01  -2.6079129e-01
   2.2731128e+01   1.0401625e+01   1.3724254e+00   4.3715755e+00  -1.8668722e-01   4.7082225e+00   8.8257127e+00  -1.5899436e+00  -6.7176419e+00  -2.5659552e+00  -9.8605765e-01  -3.3348972e-01   2.4100456e+00   1.0265783e+00  -1.2374405e+00  -1.7631028e-01  -2.8508239e+00   5.4997133e-01   2.0483659e+00   2.5448008e+00   8.7321777e-01   1.5539005e+00   1.1474404e+00   3.7767598e-01
   2.3367727e+01   1.3300134e+01   1.1755704e+00   6.3420419e+00  -1.5816788e+00   5.9627474e+00   1.2129573e+01  -3.0324679e-01  -7.4380255e+00  -2.5735015e+00   2.4629354e-01   1.6179890e-01   2.3234267e+00   2.2610970e+00   2.6602745e-01  -2.4429663e-01   3.6919369e-01   3.4163111e+00   2.4792781e+00   5.8545037e-01  -1.5850433e+00  -1.3748864e+00   4.4740344e-02   3.8991210e-01
   2.6613515e+01   1.5988468e+01   2.5122234e+00   4.2696822e+00  -3.2345516e-01   7.6611743e+00   1.0188685e+01   9.0884112e-01  -7.5907480e+00  -4.3418378e+00  -5.3500922e-02   4.2884252e-01   1.9893353e-01   3.2168002e+00   3.3998114e+00   2.0322424e-01   1.3950058e+00   3.3591227e+00   8.4378017e-01  -3.2658679e+00  -1.7331155e+00  -1.5147832e-01  -3.2310359e-01  -2.0507083e-02
   2.3407739e+01   1.3603380e+01   4.7805347e+00   4.5498440e+00   1.8925784e+00   9.3024526e+00   9.7134872e+00  -2.7362460e+00  -8.5795929e+00  -4.6007701e+00  -1.2056020e+00  -1.6987436e-02  -5.3789760e-01  -1.0251000e+00   1.6406547e+00  -8.3557019e-01  -2.4578276e-01   1.0016700e+00   8.9626000e-01  -4.1062412e+00  -8.4421315e-01   6.3024410e-01  -7.3559321e-01  -5.4776292e-01
   2.3009522e+01   1.5075202e+01   4.6696604e+00   5.5725108e+00   1.6869288e-01   8.0770540e+00   1.1299426e+01  -5.2722458e+00  -8.7465314e+00  -1.7795384e+00  -7.4476527e-01  -2.7485717e-01  -6.0921313e+00  -4.1991323e+00   4.9402760e-01  -1.1380399e+00   1.0257372e+00  -8.1539307e-01  -1.4654135e+00  -1.8510447e+00   1.4442269e+00   1.1888423e+00  -2.6502699e-01  -3.1162981e-01
   2.4362877e+01   1.2219117e+01   2.5578339e+00   4.4372724e+00  -2.1964269e+00   7.2573126e+00   1.2918592e+01  -3.3720652e+00  -8.1264536e+00  -2.9092851e+00  -5.1146410e-01  -3.0799563e-01  -2.0602692e+00  -5.7554990e-01   2.2357425e+00  -1.2439336e+00  -2.6350415e-02  -2.6145925e+00  -2.0817788e+00   1.4895746e+00   2.0733294e+00   1.4522752e+00   1.0432112e+00   2.4407592e-01
   1.6997749e+01   1.0381901e+01   4.3646152e+00   2.6189082e+00   3.2596533e+00   7.4606547e+00   6.3880117e+00  -1.5498163e+00  -5.6509774e+00  -3.4043168e+00  -7.9811035e-01   1.0690190e-01  -1.4502333e+00   1.3010870e+00   5.4269389e+00  -6.3449910e-02   2.3643813e+00  -1.9618051e+00  -4.8601045e+00   1.5718411e+00   1.8639793e+00  -3.4915998e-02   1.7366744e-01   2.8716455e-01
   2.3323222e+01   1.5086706e+01   8.2866710e+00   4.1607449e+00   3.0757260e-01   5.6887635e+00   9.0465261e+00  -2.3630989e+00  -7.0173758e+00  -1.6099682e+00   3.8588734e-01   1.5824691e-01  -1.6065217e+00   3.5831009e+00   6.0764742e+00   3.3923341e+00   4.0478466e+00  -2.1642352e+00  -6.6877327e+00  -1.2548508e+00   8.8445463e-01   6.8770651e-02  -7.4819642e-01   1.9034725e-02
   2.1354000e+01   1.5593038e+01   9.9456502e+00   5.6155997e+00   2.4632650e+00   5.9186209e+00   5.9453021e+00  -3.4189672e+00  -6.5051013e+00  -2.4815708e+00  -9.3293983e-01  -7.7231614e-02   4.4278939e+00   6.3391547e-01  -2.3131403e+00   4.4389077e+00   9.6517134e-02  -1.5683134e+00  -6.0651051e-01   4.0127014e-01  -1.1925754e+00  -1.8914179e+00  -5.9930067e-01  -1.5384316e-01
   1.9774969e+01   1.4988200e+01   8.8820277e+00   8.0274277e+00   4.2735370e+00   4.7819766e+00   3.1083481e+00  -4.3197659e+00  -6.3727097e+00  -3.2675021e+00  -1.5663440e+00  -1.8737678e-01   1.9457396e+00  -5.0317535e+00  -8.3416501e+00  -6.2943442e-02   8.4362688e-01   1.2348919e+00   1.8011796e+00   1.4852017e+00  -1.7776809e+00  -2.7197119e+00  -9.5378993e-01   8.6448835e-02
   2.5413717e+01   1.1382028e+01   5.9722648e-01   7.3439283e+00   1.4214468e+00   5.5615780e+00   8.4473350e+00   3.0422366e-02  -7.7621735e+00  -5.4126767e+00  -7.2094569e-01   4.8949007e-02   2.1800591e+00  -3.9864868e+00  -7.7527459e+00  -3.3329471e+00   4.9105841e-01   3.2857130e+00   2.8583437e+00  -1.5637295e-01  -1.9829664e+00  -3.7405314e-01   7.7696628e-01   5.2585274e-01
   2.4211973e+01   9.6445811e+00   4.4840776e-01   3.2021654e+00   2.0939220e+00   7.7196228e+00   1.0497279e+01  -1.8599912e+00  -9.0553610e+00  -4.2239831e+00  -1.1507946e+00   2.2482985e-01   3.1205620e+00   8.4227781e-01  -2.8458750e+00  -4.8983946e+00   9.6658635e-02   3.8431987e+00   1.3177894e+00  -9.3343123e-01  -1.1565539e+00   1.1073541e+00   1.0767608e+00   5.5843841e-01
   2.2405587e+01   1.2285118e+01   2.5333413e+00   3.0288102e+00   4.2896602e+00   9.3783673e+00   6.5383521e+00  -4.8834140e+00  -8.1382252e+00  -2.5644100e+00   2.4734917e-02   5.0544418e-01  -2.0443475e+00   4.2444224e+00   4.3376925e+00  -1.4342502e+00   3.0593352e+00   1.4246719e+00  -4.8350860e+00  -3.1952821e+00   2.4613233e-01   2.7999672e-01  -1.2678580e-01   1.9141114e-01
   2.5959877e+01   1.5800072e+01   3.6451579e+00   2.8373949e+00   2.9844183e+00   8.6383800e+00   6.0395236e+00  -3.2629945e+00  -7.9195146e+00  -3.0306043e+00  -3.2404304e-01   4.2203324e-01  -1.7531051e+00   4.2950551e+00   3.9466983e+00   2.0238626e+00   3.3250512e-01  -2.3306910e+00  -4.8244354e+00  -8.1203313e-01   1.1525959e+00  -1.1581187e+00  -2.8699237e-01  -1.0597837e-01
   2.1473243e+01   1.4670916e+01   5.5053902e+00   5.3749382e+00   5.5652015e+00   7.2392073e+00   3.4235837e+00  -4.0609992e+00  -7.9608982e+00  -5.5893710e+00  -1.3245002e+00   2.3746403e-01   2.4002174e-01  -8.9849661e-01  -2.8894528e+00   6.6368703e-01  -2.7976925e+00  -3.9892352e+00   1.6070572e+00   2.1804984e+00   1.4862831e-01  -1.1383918e+00  -6.2219421e-01  -5.3036080e-01
   2.2048487e+01   1.4894265e+01   4.8824307e+00   5.0648953e+00   1.9549090e+00   5.2931663e+00   4.8180102e+00  -3.4892483e+00  -7.4151306e+00  -4.4486807e+00  -9.0666564e-01   1.9985237e-01  -5.9715485e+00  -5.6487546e+00  -2.7794331e+00  -1.2124245e+00  -1.2770818e+00  -2.5409040e+00   8.7348314e-01   2.0962495e+00   1.9782744e+00   6.5274198e-01   7.0892733e-02  -2.6062814e-01
   2.4721314e+01   1.1390276e+01  -2.4194744e+00   2.9105905e+00   6.0787602e-01   5.0671213e+00   9.5596947e+00  -1.4995395e+00  -8.1674748e+00  -3.5629595e+00  -6.1724510e-01  -1.7900658e-01  -1.5598698e+00  -2.5221110e+00   1.4422416e+00  -6.0106661e-01  -4.3844589e+00  -2.5547114e+00   2.4664512e+00   2.7940581e+00   1.4405769e+00   2.9218928e+00   8.9976546e-01  -9.9195982e-02
   1.5378519e+01   8.9672596e+00   3.4384405e+00   2.2509320e+00   3.5474584e+00   5.9130670e+00   4.2816928e+00  -1.3993502e+00  -4.8488147e+00  -3.0646971e+00  -5.7133149e-01   2.3932632e-01  -3.1287052e-01   4.2562220e-02   6.3841288e+00   1.7930999e+00  -3.2234396e+00  -1.8533052e+00   1.3014997e+00   8.2915320e-01   3.8885378e-01   1.7963372e+00   1.7077787e-01  -2.0625889e-01
   2.2468423e+01   1.3851252e+01   8.3907477e+00   5.8803199e+00  -1.8077615e+00   3.0971898e+00   7.3914192e+00  -9.1486109e-01  -7.0831908e+00  -1.8985236e+00  -1.4251907e-01   6.8933078e-02  -4.6463678e-01   2.1958023e+00   8.6723581e+00   4.2241711e+00  -1.3449073e+00  -1.6560481e+00  -2.4648340e+00  -2.8145099e+00  -4.7337111e-01   3.7108148e-01  -4.1276038e-01  -2.7098273e-01
   2.2705627e+01   1.3727620e+01   9.0535128e+00   6.2696804e+00  -1.6724316e+00   3.4981743e+00   7.8543974e+00  -2.5378577e+00  -7.3739919e+00  -2.5863929e+00  -8.8786185e-01  -2.3350579e-01   4.4171274e+00   6.3867888e-01  -2.0815672e+00   3.5941215e+00  -3.2012424e+00  -1.8491035e+00   1.4380752e+00  -1.9066824e+00  -2.1807475e+00  -5.7399540e-01  -2.2448640e-01  -3.6322027e-01
   2.0360805e+01   1.2303800e+01   7.7815266e+00   7.2374730e+00   1.2004601e+00   3.7904955e+00   4.0760914e+00  -5.1520506e+00  -7.6149428e+00  -3.2454894e+00  -1.0781205e+00  -3.4906461e-01  -1.4456708e+00  -2.9302543e+00  -8.9547712e+00  -1.7833233e+00   1.5481462e+00   2.2490950e+00   1.7860590e-01   1.2534969e+00   6.9194957e-01  -1.2942887e+00  -1.7744288e-01  -2.0074090e-02
   2.3058019e+01   1.0699004e+01   6.2070030e-01   6.9635378e+00  -2.7585159e+00   2.7927590e+00   8.0964695e+00  -2.1407791e+00  -7.8540600e+00  -3.2522073e+00  -4.4026037e-01  -9.6505242e-02  -9.5161872e-01   1.0408304e-01  -6.7029322e+00  -1.0007476e+00   2.5601017e+00   1.0433244e+00  -7.1337395e-02   2.9931844e+00   6.8672789e-01   6.6795306e-01   7.7380516e-01   4.7802546e-01
   2.0123721e+01   1.0970178e+01  -8.2500286e-01   2.8584063e+00   1.0574999e+00   6.8235400e+00   7.5382920e+00   7.6684492e-01  -5.8052324e+00  -3.5070494e+00  -6.3248413e-01  -2.9678332e-02   2.4844897e+00   3.5064487e+00  -5.4303398e-01   1.4727413e+00   8.6627185e-01  -1.2874114e+00   2.4749736e+00   1.7038524e+00  -2.0892335e-01   1.7994970e+00   4.9460523e-01   3.7314140e-01
   2.1396741e+01   1.4550555e+01   3.3023792e+00   6.9580923e+00   2.2392011e+00   3.5466386e+00   6.0162910e+00  -1.0075289e+00  -7.2487553e+00  -1.4536833e+00   5.0027713e-02   3.2383926e-01   9.9792310e-02   4.4843641e+00   7.2465331e+00   2.4912166e+00   3.3091377e+00  -2.8177397e+00  -2.4465742e+00  -1.8325780e+00   5.2697466e-02  -9.4345611e-02  -6.9963701e-01  -4.9992132e-03
   2.4918178e+01   1.5637697e+01   5.6261361e+00   9.4493076e+00   1.0093924e-03   1.4824386e+00   8.8286411e+00  -3.1628971e+00  -8.2309802e+00  -1.4455058e+00  -5.8135668e-01   4.7523332e-04  -1.3313779e-01   1.5757032e+00   7.4064107e+00   4.1858168e+00  -6.3393529e-01  -4.2252448e+00  -2.1727703e+00  -2.8936604e+00  -8.9537388e-01  -1.1255885e+00  -1.0175128e+00  -2.0087929e-01
   2.0810478e+01   1.5091791e+01   8.2649305e+00   7.4049120e+00   2.7334358e+00   1.2367001e+00   3.7814336e+00  -2.9247750e+00  -6.5621399e+00  -4.4244975e+00  -1.5152796e+00  -1.1908084e-01  -9.6063396e-01  -3.7994974e+00   8.0060101e-01  -2.0489171e+00  -3.7071882e+00   9.3176839e-01   1.1969096e+00  -1.6474951e+00  -1.9636477e+00  -1.4230626e+00  -7.8084418e-01  -5.2714881e-01
   2.0217145e+01   1.3063115e+01   7.8033376e+00   8.9137217e+00  -1.4052041e-01   1.6406420e+00   5.3965653e+00  -2.6150226e+00  -7.4916009e+00  -3.7100250e+00  -1.3760997e+00  -1.0953722e-01  -4.7368611e+00  -5.7414334e+00  -1.8430752e+00  -4.4122958e+00  -1.7722071e+00   2.9109140e+00  -1.3789526e+00  -5.2109528e-01  -5.6478520e-01  -4.2618978e-01  -1.2539190e-01  -1.9884437e-01
   2.2306306e+01   1.0138600e+01   3.4146800e+00   4.1525096e+00  -3.2508163e+00   4.8651895e+00   9.5276934e+00  -3.7527088e+00  -1.0563916e+01  -2.4560177e+00  -7.2386705e-01  -4.1187773e-01  -2.8653759e-01  -2.2458842e+00   2.1064406e-01   2.1382542e+00  -2.7161717e+00   2.4881360e-01  -1.1163255e+00  -1.6104559e-01   1.7504208e+00   2.7376854e+00   8.9584846e-01   9.7177356e-02
   1.7064973e+01   9.5021425e+00   5.2866486e+00   4.4570650e+00   3.3482481e-01   4.0345649e+00   3.8870824e+00  -3.5305731e+00  -7.0772698e+00  -3.0690304e+00  -1.1651508e+00  -1.5139289e-01   1.4341103e+00   3.6664642e+00   3.0260964e+00   5.9255972e+00   1.7817843e+00  -2.9611481e+00  -4.5915179e+00  -1.3356465e+00   3.8043332e+00   2.4940413e+00   9.2750639e-01  -5.0347140e-03
   2.1956758e+01   1.3503451e+01   9.8392410e+00   1.2840622e+01  -1.5784944e+00   4.1295907e-01   2.8616869e+00  -2.7085681e+00  -4.1436744e+00  -6.3846669e-01  -2.7698137e-01   4.7613025e-02   1.5833322e-01   6.0819652e+00   4.2696682e+00   5.6735859e+00   3.9078501e+00  -3.7489330e+00  -4.4207222e+00  -1.1905136e+00   3.9207424e+00  -3.0651424e-01  -3.8768919e-01  -1.8151952e-01
   2.2543085e+01   1.6880386e+01   9.1302016e+00   1.3458062e+01   1.6959950e+00  -5.7496491e-01   1.8422916e+00  -5.1405627e+00  -4.9952222e+00  -8.7773855e-01  -2.0828293e-01  -3.4683466e-01   1.2157844e+00   3.5144043e+00  -1.5806111e-02   1.6511510e+00   1.3446842e+00  -1.2672139e+00   1.6125003e+00  -4.8271739e-01  -3.4633499e-01  -1.3085015e+00  -2.7599875e-01  -1.6391948e-01
   1.9804750e+01   1.5572426e+01   7.8974059e+00   8.1623903e+00   1.9303737e+00   1.5465549e+00   3.9190054e+00  -4.7334844e+00  -5.7238267e+00  -4.0114350e+00  -1.7838348e+00  -5.8643612e-01  -2.0451717e+00  -4.4671522e+00  -7.4211075e+00  -3.9089493e+00   2.8780962e-01   3.5019652e+00   6.9833930e+00   2.5282680e+00  -2.3340850e+00  -7.2107171e-01  -4.0713960e-01  -5.0404618e-02
   1.9964653e+01   1.3739262e+01   6.2338570e+00   9.2729072e+00   5.9741702e-01   1.5669461e+00   5.7771735e+00  -3.2421911e+00  -6.8066961e+00  -3.3452984e+00  -8.2572223e-01  -8.0247537e-02  -3.7616604e+00  -9.1716486e+00  -6.7922745e+00  -3.9504568e+00  -2.4072860e+00   4.4961866e+00   7.3804654e+00   4.7704349e+00  -4.0794424e-01   1.8147966e+00   3.7498143e-01   1.1072325e-01
   2.0178217e+01   8.3732849e+00   1.5575210e-01   9.0697749e+00  -5.9749092e-01   4.5949513e+00   1.1369336e+01   1.3464809e-01  -6.7390649e+00  -4.8629430e-01  -5.7897112e-01  -1.6128746e-01  -2.0399145e+00  -3.6946973e+00  -9.4057146e-01   1.6920509e+00  -6.7931725e-01  -1.0140200e-01   3.3535650e+00   4.4322033e+00   5.9815718e-01   3.2311629e+00   1.5136494e+00   2.9672153e-01
   1.6713861e+01   6.7224836e+00   2.8126168e+00   7.0786841e+00  -6.5100159e-01   4.6451168e+00   9.1878247e+00  -4.1897668e-01  -5.0995194e+00   8.1886039e-02  -2.4824261e-01  -3.9332411e-01  -4.2912683e-01   3.2307832e+00   4.9828133e+00   2.0245793e+00   2.1300008e+00  -2.5271645e-01  -2.2487518e+00   2.0197023e+00   8.1554327e-01  -3.9371581e-01   1.9559976e-01   2.2442607e-01
   1.8370274e+01   1.3538769e+01   8.1971688e+00   1.1797578e+01   1.5356072e+00  -1.4463345e-01   7.2440273e+00   5.0321347e-01  -5.6801792e+00  -8.7828284e-01   1.9789954e-01   1.5184465e-02  -5.2281976e-01   6.3005209e+00   8.6599042e+00   3.0826352e+00   2.7949510e+00  -1.5302312e+00  -6.6611438e+00  -2.9832028e+00  -5.0091178e-01  -3.5213258e+00   7.4886158e-02   2.7318411e-01
   2.0224934e+01   1.6002694e+01   9.6873686e+00   1.0945874e+01   2.7258692e+00   3.5576638e+00   4.4666999e+00  -3.9692038e-01  -6.1128240e+00  -3.7398779e+00  -9.2075793e-01   1.6815560e-01   3.6038042e-01   3.7428136e+00   3.5603790e+00   3.6764978e+00   2.2632982e+00  -8.1112395e-01  -4.1770673e+00  -1.8946230e+00  -9.7009286e-01  -3.5615877e+00  -4.1070123e-01   1.7701080e-01
   1.7638450e+01   1.3183961e+01   9.7082325e+00   1.1760132e+01   1.9065002e+00   2.8433311e+00   3.7381822e+00  -4.3511842e+00  -6.9837803e+00  -3.8574011e+00  -1.3038423e-01  -3.2251161e-02  -9.7289769e-01  -3.7978391e+00  -4.2454829e+00  -3.4062186e+00  -2.0693846e+00   1.1456250e+00   1.2398872e-01  -9.3676050e-01  -1.3999320e-01  -6.1655192e-01  -5.6706276e-01  -1.0042191e-01
   1.7620344e+01   1.2514108e+01   7.3976534e+00   1.2612154e+01   2.5584992e+00   1.9344487e+00   4.6751463e+00  -8.3371235e-01  -5.9028582e+00  -3.7709363e+00  -7.0015258e-01  -1.0409009e-01  -3.6573801e-01  -6.5609010e+00  -8.4098937e+00  -5.7752947e+00  -5.2299995e+00  -1.2191635e+00   4.9765273e+00  -2.7415880e-01  -9.3026093e-02   2.3800827e+00  -2.4019998e-01  -3.6350099e-01
   1.8213223e+01   9.5863034e+00   2.9738020e+00   5.8551106e+00  -1.4847847e+00   2.3854117e+00   7.3257872e+00  -6.8353130e-01  -5.9951520e+00  -1.7875815e+00  -7.6299727e-01   6.7444133e-04  -9.3757374e-02  -5.6805682e+00  -8.8202643e+00  -5.6432062e+00  -4.9581659e+00   5.1455064e-01   4.7160551e+00  -1.0415147e+00  -1.1742898e+00   3.2519439e+00  -3.9493630e-01  -3.7662337e-01
   1.9388941e+01   7.9601716e+00   4.3974331e-01   5.2354433e+00  -3.4234876e+00   1.9578782e+00   1.0137688e+01  -2.6419851e+00  -6.7466773e+00  -1.2046637e+00  -9.6475137e-01  -3.9355868e-01  -1.4580110e+00  -2.2452361e+00  -1.5243687e+00  -6.5060833e-01  -2.7909093e+00  -2.2162600e-01   3.7152564e-01  -2.1265956e+00  -1.0044912e+00   2.1041248e+00   7.5477977e-01  -1.4357342e-01
