   1.7722536e+01   7.2312958e+00   1.5324666e+01   2.9548072e+01   1.5113988e+01   4.1939176e+00   6.9116033e+00   1.9992463e+00  -4.7957298e+00  -4.2125114e-01  -1.5163368e+00  -7.6108613e-01   8.9063843e+00  -3.2512346e+00   3.7956139e-01   1.0714398e+01   3.6554489e+00  -6.3817404e-01   5.0699315e+00  -1.9266775e+00  -4.9629871e+00  -1.0861600e+00   6.5634066e-01  -1.9892241e-01
   1.6302604e+01   5.5766110e+00   1.1856701e+01   2.6186115e+01   1.4483092e+01   6.9131712e+00   9.8653409e+00  -7.4547797e-02  -4.8335121e+00  -3.8776461e-01  -2.7445973e-01  -6.0607803e-01  -1.8633964e+00  -2.7568970e+00  -1.4755090e+00   2.2568833e+00  -1.2126485e+00  -1.6223174e+00   5.2164398e+00  -1.4206671e+00  -1.3497961e+00  -1.7765303e+00   8.7764974e-01   8.5611536e-02
   1.6389711e+01   5.2710094e+00   1.0106311e+01   2.6112199e+01   1.4048954e+01   3.1822105e+00   8.0709554e+00   1.9728226e+00  -5.9284485e+00  -2.9461540e+00   1.2009481e-01  -5.9337872e-01  -2.6700403e+00  -4.0298287e+00  -2.0837877e+00  -2.8198051e-01  -3.9472038e+00  -6.4553996e+00   9.8941107e-02   1.7296024e+00  -6.3053314e-01  -2.4052729e+00   1.4518257e+00   5.3819182e-01
   1.5599333e+01   6.6029144e+00   1.3208496e+01   3.0772300e+01   1.2742367e+01  -6.8627249e-01   9.0424907e+00   2.9090605e+00  -4.1888851e+00  -3.8073724e+00  -3.5016345e-01  -5.1986038e-01  -1.8864400e+00  -6.8586697e+00  -1.8896596e+00   5.8008585e-01  -4.9878244e+00  -1.0065273e+01  -1.0023685e+00   5.5137090e+00  -1.3986938e+00  -1.5408682e+00   1.8078796e+00   8.3887878e-01
   1.4069111e+01   6.7340096e-01   1.1523087e+01   2.6832009e+01   1.0063545e+01  -1.6894600e+00   7.4714401e+00   3.1018457e+00  -6.0638430e+00  -2.3193566e+00   6.9925354e-01   3.0927680e-03  -2.7753665e-01  -9.0029182e+00  -2.6081161e+00   3.5841749e+00  -3.2508569e+00  -5.4088529e+00   5.9457131e+00   5.2301937e+00  -3.0047197e+00  -5.6413539e-01   2.0261085e+00   8.3166063e-01
   1.4633244e+01  -2.4125894e+00   8.3138240e+00   2.6696339e+01   8.9940596e+00  -5.7489026e+00   8.6615457e+00   7.6315041e+00  -6.8638555e+00  -3.0124655e+00   2.1477803e+00   3.5400440e-01  -8.9217280e-01  -4.1226579e+00  -1.8964729e+00  -3.6215091e+00  -3.9564183e+00  -9.1156650e-01   3.5695433e+00   4.5697418e+00  -7.6681983e-01   3.4048474e-01   1.8191789e+00   5.9939697e-01
   1.6456451e+01  -3.7256161e+00   8.6414733e+00   3.3526442e+01   1.1046822e+01  -2.3997538e+00   1.7179997e+01   7.4568913e+00  -9.0980428e+00  -4.1898105e+00   1.9102857e+00   2.1717983e-01   2.6928511e+00   5.2630232e+00   4.4577025e+00   1.5374482e+00   1.4961533e-01   3.5365477e+00   7.9286339e-01   4.9982479e-01  -4.7323190e-01  -1.0068651e+00  -6.0387672e-01  -9.7644735e-02
   1.3067404e+01   2.6184360e+00   1.1804593e+01   2.1992819e+01   6.3161005e+00  -1.6984753e+00   9.5425269e+00   7.5861504e+00  -3.8220149e+00  -2.3614184e+00   1.7730889e+00   2.7219155e-01   1.6352199e+00   1.1528502e+01   7.3127441e+00  -4.5835081e+00   4.7140022e-01   6.5731803e+00  -4.1632660e+00  -3.8235263e+00   1.8903292e+00   8.2322223e-02  -1.4745101e+00  -2.3887536e-01
   1.8891307e+01   6.0524231e+00   1.6464256e+01   3.1489940e+01   1.1626947e+01   1.5901479e+00   8.2202446e+00   3.8742598e+00  -8.2946111e+00  -4.1551779e+00  -1.9215847e-02  -1.0246791e-01   2.7576251e-01   1.2556557e+01   5.4172170e+00  -1.0553423e+01   6.3499122e-01   6.1950430e+00  -7.7738444e+00  -3.7518544e+00   4.0060729e+00   1.0528052e+00  -1.4374552e+00  -2.7990569e-01
   1.5868646e+01   9.9911435e+00   1.5371549e+01   2.0839327e+01   9.4110973e+00   2.1159169e+00   6.8965231e+00   3.6875305e+00  -4.4300775e+00  -2.9062985e+00   9.0076582e-01   1.5551523e-01   2.6091422e+00   6.0844836e+00   7.2972987e-01  -2.3749113e+00   5.7140379e+00   6.7839962e+00  -4.8897427e-01  -3.0375643e+00   5.6136997e-01   3.4490682e-01  -5.2701409e-01  -4.3706686e-01
   1.5469474e+01   1.1422866e+01   1.4983821e+01   1.8273054e+01   1.0451811e+01   4.9856145e+00   6.8422329e+00   3.7784198e+00  -2.7849022e+00  -2.3381626e+00   1.9026440e-01  -1.4434055e-01  -1.7388718e-01   2.5574061e-01  -3.1211427e+00  -3.3728993e+00   2.5495983e+00   2.4530418e+00   9.0720287e-01  -2.3452119e-02   1.7915682e+00   8.0972682e-01   4.7198548e-01  -2.3025752e-01
   1.8692034e+01   9.0599398e+00   1.3639406e+01   2.5038896e+01   1.5474726e+01   6.7797857e+00   9.4980714e+00   3.0777240e+00  -5.7348144e+00  -2.7525658e+00   8.7782762e-01  -3.6247242e-01   3.2184070e+00  -7.2554001e+00  -2.3985797e+00   1.2108659e+01   3.5141400e+00  -1.2992025e+00   3.3334913e+00  -3.4879752e-01  -5.4639517e+00  -1.3697464e+00   4.9720877e-01  -2.0484946e-02
   1.7218783e+01   6.9016359e+00   1.2648613e+01   2.4330807e+01   1.2419531e+01   2.9377762e+00   8.2802748e+00   4.1439848e+00  -4.9548904e+00  -3.0174540e+00   7.0023146e-01  -1.8886037e-01  -1.3403284e+00  -7.3283338e+00  -2.9479288e+00   4.4793225e+00  -2.0306375e+00  -5.3479636e+00   5.6112217e-01   1.6941048e+00  -2.2760900e+00  -1.0898603e+00   9.7302418e-01   5.4121346e-01
   1.9821602e+01   1.3686586e+00   1.2941283e+01   3.5973440e+01   1.3698447e+01   1.1910323e+00   1.1177739e+01   2.9815517e+00  -1.1541011e+01  -4.6212724e+00   1.3915954e+00   1.4704772e-01  -2.8749570e+00  -3.1362988e+00  -2.9156075e+00  -3.4226866e+00  -3.0125416e+00  -4.2338986e+00  -2.4703769e+00   1.9758916e+00   5.2836023e-01  -1.4315178e+00   3.9596373e-01   7.9298583e-01
   1.2894197e+01   4.2760061e+00   1.0910989e+01   1.9524766e+01   8.2939934e+00  -2.4195419e-01   6.8440823e+00   6.3676631e+00  -3.2959389e+00  -3.0385997e+00   1.3929168e+00   4.1271956e-01   1.3568764e+00  -5.9334893e-01  -2.1790859e+00  -8.4419000e-01   2.4656288e+00   1.6709945e+00   3.3454507e-01   3.1310057e-01  -1.8908916e+00  -1.7379470e+00   5.1666713e-01   5.4350411e-01
   1.6541891e+01   5.6683065e+00   1.0134807e+01   2.2307887e+01   1.3018682e+01   2.0188030e+00   6.5106023e+00   4.9297223e+00  -5.7717498e+00  -4.8892697e+00   1.1254306e+00   5.2621636e-01   1.3179226e+00   1.8085041e+00  -1.4184780e+00  -3.6402817e+00   3.6278323e+00   4.4298313e+00   2.2481607e-01  -8.3545665e-01  -5.2158553e-01  -9.5688277e-01   3.5704639e-01   2.5067745e-01
   2.0893952e+01   3.8617885e+00   1.0783223e+01   2.9897299e+01   1.6457857e+01   5.0303826e+00   1.1115661e+01   3.6395504e+00  -1.0675858e+01  -5.4903759e+00   1.6083146e+00   4.3681148e-01   3.4808168e+00  -2.7000439e+00  -4.4360084e-01   7.2936186e+00   4.2750374e+00   2.4314970e+00   3.2869215e+00  -2.8377204e+00  -6.7209606e+00  -2.3135341e+00   1.4193675e+00   1.7514782e-01
   1.7798608e+01   4.2885236e+00   1.0877449e+01   2.5326751e+01   1.5058264e+01   5.1996109e+00   9.3791739e+00   3.0924231e+00  -8.6334296e+00  -4.8307085e+00   1.8194661e+00   5.1101794e-01  -1.5611099e-01  -4.2828814e+00  -2.1001002e+00   2.5354013e+00  -3.5148378e-01  -1.6100054e+00   1.0030194e+00  -1.3537779e+00  -3.5596520e+00  -4.3668325e-01   1.7119753e+00   6.1610685e-02
   1.7487064e+01   9.1583177e-01   9.8742663e+00   2.8955762e+01   1.3686758e+01   1.8148873e+00   1.0340179e+01   3.0297322e+00  -1.1946540e+01  -6.5381815e+00   3.1749502e+00   6.8304050e-01   2.0751043e+00  -2.4980208e+00  -2.8258579e+00   2.2728357e+00   2.8845285e-01   1.2358033e+00  -1.8180931e-01  -2.4633568e+00  -3.3267936e+00   2.8944523e-01   9.8278367e-01  -1.6013838e-01
   1.8011169e+01   7.1696285e-01   7.4391345e+00   2.6581757e+01   1.3877005e+01   1.2115426e+00   8.4028724e+00   3.2039646e+00  -1.0475887e+01  -5.0203917e+00   2.9100757e+00   4.9551788e-01   4.5174818e+00  -1.1364080e+00  -2.4502670e+00   4.9073098e+00   5.1842837e+00   5.3931356e+00   2.4199111e+00  -2.4565383e+00  -4.2770990e+00   2.1492677e-01   3.2833797e-01  -1.8995689e-01
   2.3900328e+01   1.9005377e+00   8.2635934e+00   3.2679049e+01   1.7481165e+01   8.8781218e+00   1.1331098e+01  -1.1125556e-01  -1.4744820e+01  -4.9613664e+00   2.5371853e+00   2.0435394e-01  -5.4166312e-01   3.3357269e+00  -1.2112004e+00  -6.8199378e+00   2.0673582e+00   7.2059390e+00  -3.6468724e-01  -2.4402458e+00   2.2465294e+00   2.4391179e+00  -9.8544975e-01  -3.2089866e-01
   2.1368198e+01   2.0915586e+00   8.0073853e+00   3.0826072e+01   2.0937486e+01   9.7576971e+00   1.2513581e+01   9.7810942e-01  -1.3649938e+01  -5.2967259e+00   2.6308555e+00   4.6542588e-01  -2.5263956e+00   1.0790979e+00  -1.9669595e+00  -7.0410727e+00   8.3472974e-01   2.1981199e+00  -2.0812532e+00  -2.1756810e+00   1.6890692e+00   2.4949937e-01  -7.5496282e-01   5.6547758e-02
   1.4996055e+01   5.2321243e+00   7.7733403e+00   1.6603698e+01   1.3257555e+01   8.3507186e+00   7.7377934e+00   4.8229102e-01  -6.9897203e+00  -2.7413376e+00   1.8363857e+00   2.1673851e-01  -5.2959208e+00  -3.4116609e-01  -2.1254968e+00  -9.6512869e+00  -2.9228012e+00  -3.4210432e+00  -3.8940055e+00   4.3306484e-02   3.7461354e+00  -1.2381025e-01  -2.9135012e-01   4.6438091e-01
   1.8673712e+01   6.6981635e-01   4.7338218e+00   2.4057824e+01   1.7240905e+01   4.7724240e+00   7.0776447e+00  -3.5633016e-01  -1.1819833e+01  -5.7561571e+00   2.1280313e+00   5.7414723e-01   1.8664997e+00  -7.8266279e-01  -1.4594071e+00  -4.3840422e-02  -7.7660442e-01  -4.8764888e-01  -1.9591163e-02  -6.0540563e-01  -3.8395756e-01  -6.7438679e-01   3.5976487e-02   3.9917388e-01
   1.7303690e+01   2.0996596e+00   6.7121299e+00   2.1586243e+01   1.4945254e+01   6.2391935e+00   8.2080576e+00   6.2092396e-01  -1.0040669e+01  -4.9173662e+00   2.3515722e+00   8.4656463e-01   5.2081287e+00  -1.2800619e+00  -3.5372987e-01   8.2216001e+00   7.2091864e+00   5.2683374e+00   4.5309356e+00   1.1738202e-01  -2.9782313e+00  -1.2940388e+00   3.5341165e-01   3.3635424e-01
   2.3014130e+01   2.4837967e+00   6.3488799e+00   2.8269038e+01   1.8928730e+01   1.0081986e+01   1.2249062e+01   6.8450886e-04  -1.2700400e+01  -5.2202917e+00   2.4272270e+00   7.4927364e-01  -1.9653624e+00   1.4144116e+00   1.8475186e+00  -1.8552060e+00  -1.4005745e-01   3.8232153e+00   2.5679509e+00   1.6664574e+00   2.7232325e+00   1.7706075e+00   1.4046686e-01  -9.8669660e-02
   2.0638039e+01   2.4050413e+00   6.4352165e+00   2.6830490e+01   2.3227422e+01   1.3598444e+01   1.1948488e+01   4.7985671e-01  -1.1016784e+01  -4.9503285e+00   2.2169053e+00   6.3370666e-01  -3.5107248e+00  -2.7219789e+00   3.8689714e-01   1.0678407e-02  -2.3657785e+00  -3.8719484e+00  -1.8628086e-01   1.5499406e+00  -3.1371519e-01  -5.9593124e-01   5.8287768e-01   3.5830203e-02
   1.4058494e+01   2.6387429e+00   7.6435564e+00   1.8652891e+01   1.2889735e+01   6.8276220e+00   9.0593558e+00   2.2138895e+00  -7.2469271e+00  -3.0837647e+00   2.4060650e+00   5.3257172e-01  -3.8538991e+00  -4.3794616e+00   9.9833747e-01   1.7918949e+00  -4.7522524e+00  -8.1043364e+00  -1.6957885e+00   1.9991932e+00  -1.0952206e+00  -1.6914527e+00   1.0398396e+00   5.3440983e-01
   1.6515421e+01  -2.0607818e+00   6.6451373e+00   2.6410334e+01   1.4416084e+01   2.0584530e+00   9.5234896e+00   1.8392324e+00  -1.3237979e+01  -6.8795265e+00   3.2364697e+00   1.0086609e+00   2.6191726e+00  -2.8121276e+00   1.6484177e+00   8.8971752e+00  -3.0886661e+00  -5.6626154e+00   1.2594300e+00   1.3956215e+00  -4.0493689e+00  -1.8364793e+00   6.1527114e-01   5.0180253e-01
   1.9294590e+01  -1.8524842e+00   7.7414257e+00   3.1166959e+01   1.6206020e+01   3.6954770e+00   1.0917879e+01   2.3197865e+00  -1.3232633e+01  -6.7928717e+00   3.4772041e+00   1.3634113e+00   6.6827505e+00  -1.6607951e+00   3.8322601e-01   1.2562540e+01   5.0802927e+00   2.6121727e+00   5.7066785e+00   2.8159680e+00  -4.1613607e+00  -1.7703979e+00  -3.3238945e-01   5.0732540e-03
   2.1948750e+01   4.3246342e-01   8.8589084e+00   3.3919219e+01   1.6936280e+01   6.6705930e+00   1.2908372e+01   2.5203404e+00  -1.4097984e+01  -5.8504939e+00   2.6042425e+00   9.7099068e-01  -3.1356817e-01   4.6857450e+00   2.2411008e-01  -4.9622327e+00   2.0828502e-01   4.3863495e+00   7.0346205e-01   2.6392736e+00   5.1680366e+00   2.0247954e+00  -1.7800563e+00  -5.4581639e-01
   2.1365956e+01  -1.0990723e+00   7.1115099e+00   3.3742258e+01   1.9250076e+01   8.4398110e+00   1.5926932e+01   6.0972876e+00  -1.3058965e+01  -6.2538778e+00   2.2235945e+00   5.5901671e-01  -2.3456886e+00   2.4681956e+00  -2.8062703e+00  -9.2634688e+00  -1.0602400e+00   4.0145267e-01  -3.3509811e+00   1.0092840e+00   3.9227553e+00   5.8056608e-01  -1.8176332e+00  -6.9472027e-01
   1.5009386e+01   4.5911297e+00   7.2962603e+00   1.7679335e+01   1.3206484e+01   6.2658103e+00   8.0741558e+00   3.9093923e+00  -5.5727577e+00  -4.1118304e+00   1.1931901e+00   5.9213358e-01  -8.8499053e-01  -1.3335404e-01  -3.2522959e+00  -6.2099462e+00  -1.3728076e+00  -1.7506615e+00  -4.9475103e+00  -2.1780023e+00   2.3268577e+00   1.4507485e-02  -8.7952878e-01  -2.2460881e-01
   1.9245739e+01  -2.2952392e-01   4.3133443e+00   2.5391697e+01   1.6480559e+01   4.5000473e+00   8.3085149e+00   3.1391865e+00  -1.1611114e+01  -6.7913543e+00   1.4562805e+00   5.1075942e-01   1.4807820e+00   1.8883837e+00   1.0939367e+00  -1.5992184e+00  -1.9930466e+00  -1.4354267e+00  -2.8308786e+00  -3.3044622e+00   2.2564694e-01   1.8201856e-01  -1.8305182e-01  -3.0148863e-02
   2.1681372e+01  -2.0234184e-01   5.3795474e+00   2.8779580e+01   1.6261827e+01   6.0144825e+00   9.2963149e+00   7.3238746e-01  -1.1331623e+01  -5.5599944e+00   1.6686063e+00   6.5820611e-01   4.0435725e+00   1.7816790e-01   2.1680523e+00   6.2628609e+00   9.7976595e-01   1.7556954e+00   4.5099920e+00  -2.8266461e-01  -2.6109255e+00  -4.4285751e-01   3.9477951e-01  -2.4273054e-01
   2.0251135e+01   4.1302391e+00   9.7107714e+00   2.5793308e+01   1.4732834e+01   6.4123349e+00   1.1069535e+01   2.7290966e+00  -9.8410622e+00  -5.2567680e+00   1.7113087e+00   4.8075715e-01  -3.3241168e+00   5.3206778e+00   3.0783728e+00  -7.8405971e+00  -3.2289593e+00   3.3330101e+00   4.5765304e-01  -1.0163906e+00   4.2531426e+00   2.7739348e+00  -5.8213012e-01  -4.9048678e-01
   2.0572046e+01   2.6785001e+00   7.8496252e+00   2.6872821e+01   1.5549995e+01   7.9432096e+00   1.3458634e+01   3.6904403e+00  -1.0374172e+01  -5.5434098e+00   1.6578453e+00   2.4303890e-01  -3.6669333e+00   2.5285513e+00  -1.5067532e+00  -9.9088296e+00  -1.2688188e+00   2.2401066e+00  -1.5609027e+00  -2.3159804e+00   2.2094089e+00   9.6714286e-01  -1.5249494e+00  -6.3655601e-01
   1.4814227e+01   6.3110719e+00   7.6958646e+00   1.4584181e+01   1.1993036e+01   8.5351989e+00   6.9138351e+00   1.3557421e-01  -5.7101256e+00  -2.6387444e+00   5.8846586e-01  -1.7387146e-02   9.1116180e-01  -1.7842079e+00  -6.3111266e+00  -3.0445748e+00   2.7260213e-01  -2.0106872e-01  -1.2900795e+00  -2.4045897e+00   7.4090955e-01   6.4473620e-01  -1.1326172e+00  -2.6091403e-01
   1.8899427e+01   2.5000687e+00   4.1268710e+00   1.9520899e+01   1.5728498e+01   8.3132104e+00   9.0328109e+00  -1.4448219e+00  -1.0082978e+01  -5.4182919e+00  -5.7396433e-02  -4.7555761e-02   3.0555224e+00  -1.8301206e+00  -1.3664795e+00   4.1543711e+00   1.3612503e+00  -2.2567343e+00   3.3338871e-02   6.3860980e-01  -6.1689716e-02   3.6129675e-01  -3.7055045e-01  -9.3363434e-02
   2.2454188e+01   1.5431429e+00   2.1054586e+00   2.4902407e+01   1.5052486e+01   5.9257314e+00   1.1347327e+01   1.6898431e+00  -8.8752946e+00  -4.3522226e+00   8.7000372e-01   2.3468344e-01   5.4174265e+00  -4.5619344e+00   3.9272506e-01   1.3637234e+01   4.0348214e+00  -2.7507741e+00   5.8064606e+00   5.2904687e+00  -1.6220303e+00  -1.0317211e+00   1.0324775e+00  -3.5159054e-02
   2.1335349e+01   2.3172837e+00   8.5951090e+00   2.7945265e+01   1.6062146e+01   5.8628419e+00   1.1291896e+01   3.8712206e+00  -8.8841217e+00  -4.1447256e+00   9.6125070e-01  -2.3041540e-02  -2.6291403e+00  -1.2043853e+00   2.4391110e+00   2.4202496e+00  -9.9040781e-01  -3.8325759e+00  -2.4476368e-01   5.2246407e+00   2.9127042e+00   9.6641671e-01   1.4438788e+00   1.3344556e-01
   2.1722405e+01  -4.4043725e-01   6.0508333e+00   3.0827850e+01   1.7878444e+01   5.6342220e+00   1.4493983e+01   5.4132561e+00  -8.7425994e+00  -4.8231093e+00   1.6278585e+00  -8.2382838e-02  -5.1810037e+00  -3.5917404e+00   3.8127770e-01  -1.2451113e+00  -1.0614118e+00  -4.2865614e+00  -2.7263713e+00   1.4202153e+00  -1.1985100e+00  -1.5778336e+00   1.2755762e+00   3.0636761e-01
   1.5321608e+01   1.6852808e+00   5.8128502e+00   2.0188552e+01   1.2829907e+01   2.7101013e+00   7.0923372e+00   4.5304327e+00  -5.7802696e+00  -3.7332235e+00   1.7294944e+00   3.1114572e-01  -2.8990892e+00  -3.2643948e+00  -3.6854912e+00  -2.6784696e+00  -1.9860732e+00  -4.5812333e+00  -2.2518015e+00   6.5508687e-01  -2.0796918e+00  -1.7630878e+00   1.8108045e+00   9.1826254e-01
   1.7689554e+01  -3.5284663e+00   4.0685046e+00   2.6913096e+01   1.5076487e+01   1.0722596e+00   9.3575496e+00   3.4905601e+00  -1.2224986e+01  -6.9247241e+00   2.3992462e+00   5.2714122e-01   2.7585297e+00   3.4340038e-01  -5.9286893e-01   6.9964280e-01  -1.6332835e+00   2.9675027e-01   1.4329762e+00   8.0260351e-01  -3.7967042e+00  -2.8100849e+00   9.6413729e-01   8.6717435e-01
   1.9003142e+01  -1.0352939e+00   4.0580366e+00   2.5884937e+01   1.4484014e+01   1.2719731e+00   1.0482411e+01   5.8151989e+00  -1.0262466e+01  -5.7385498e+00   3.2917636e+00   1.0495902e+00   6.2016066e+00   1.2045579e+00   4.2421013e-01   6.6937076e+00   3.8044619e+00   6.2788150e+00   8.3063849e+00   2.1940672e+00  -3.9783256e+00  -3.0141241e+00  -1.5681422e-01   3.5760182e-01
   2.4019433e+01   1.4349507e+00   6.0389367e+00   2.9029121e+01   1.4601465e+01   6.7984115e+00   1.4948411e+01   5.9747783e+00  -1.2196557e+01  -8.0355734e+00   2.2929299e+00   8.4915642e-01  -1.6161165e+00   5.4965807e+00   2.9907618e+00  -5.3665800e+00  -1.5583382e+00   5.0854452e+00   1.7484277e+00   1.1173663e+00   3.7966488e+00   1.0130735e+00  -1.4086901e+00  -1.3267629e-01
   2.1459078e+01   1.0104092e+00   5.4639493e+00   2.9171101e+01   1.8774111e+01   9.2652478e+00   1.6756484e+01   6.5794244e+00  -1.1761972e+01  -7.6989851e+00   1.5474312e+00   6.8654085e-01  -4.1400160e+00   5.2208487e-01   1.1118946e+00  -4.8422378e+00  -2.4436710e+00   6.6618336e-01  -9.6453708e-01  -9.1449402e-01   1.8102420e+00  -2.4552566e-01  -1.8452687e+00  -6.3985807e-01
   1.4037411e+01   3.6935532e+00   7.8516909e+00   1.7220144e+01   1.0593931e+01   4.7037901e+00   8.8431546e+00   4.7844968e+00  -5.7802595e+00  -4.4248963e+00   1.1583773e+00   5.0965149e-01  -8.3580894e+00   2.4012236e-01   2.2753083e-01  -1.0025155e+01  -5.1307427e+00  -4.2329286e+00  -6.1492223e+00  -7.5187945e-01   5.5996562e+00   2.6383909e+00  -9.8028832e-01  -3.5816047e-01
   1.7784129e+01  -1.3814679e+00   4.8195014e+00   2.4526069e+01   1.2822275e+01   3.3185589e+00   1.2088233e+01   5.0385986e+00  -1.0755252e+01  -7.9121769e+00   1.0911368e+00   2.5955560e-01  -2.8245710e+00   1.3920761e+00   2.1378457e+00  -4.9141337e+00  -3.6443018e+00  -2.1326728e+00  -3.1063822e+00  -4.1021550e-01   2.7139150e+00   1.0927613e+00  -2.7130502e-01   7.8031997e-02
   1.3319773e+01   2.9910728e+00   6.7024569e+00   1.6313904e+01   9.8812694e+00   3.4223630e+00   8.0587028e+00   5.6173720e+00  -4.3004331e+00  -3.9713912e+00   1.0506446e+00   5.2540834e-01   5.7286381e+00  -8.1472580e-01  -3.4455570e-02   8.5203283e+00   6.2391725e+00   4.7249183e+00   6.0626424e+00   1.8923716e-01  -3.3182224e+00  -1.0906293e+00  -4.5079242e-01   1.2670940e-01
   1.7581040e+01   3.4497636e+00   9.2453349e+00   2.2253021e+01   1.3663989e+01   6.7069522e+00   1.2489136e+01   5.5476636e+00  -8.4310129e+00  -6.2865957e+00   1.1943401e+00   7.9571042e-01   1.0441991e+00   2.6309602e+00   1.0309109e+00   1.4733961e-01   3.6537754e+00   4.5222162e+00   2.8837215e-01  -1.2644907e+00   1.3469865e+00   1.9784211e+00  -1.4372876e-01   9.6549187e-02
   2.2731912e+01   5.5848791e-02   5.5870908e+00   3.1137161e+01   1.9531833e+01   1.0096971e+01   1.7736667e+01   4.8138201e+00  -1.1919713e+01  -6.8736308e+00   4.3058707e-01   4.3163817e-01   1.8345280e+00  -2.6177751e+00  -2.0923623e+00   3.0017305e+00   3.0428290e+00   1.5391311e+00   2.1491075e-01  -2.5004586e+00  -2.9471344e+00  -6.5538570e-01  -2.7032762e-01  -3.3499722e-01
   1.4644358e+01   4.0325844e+00   6.9235508e+00   1.7335450e+01   1.3477656e+01   6.7645793e+00   7.6818096e+00   3.5436384e+00  -4.9251327e+00  -3.4934254e+00   1.1855725e+00   4.5126446e-01  -4.8396725e+00  -1.0827871e+00  -1.6125139e+00  -6.5302605e+00  -5.1804935e+00  -4.4000248e+00  -5.2250472e+00  -9.0168609e-01   2.5809472e+00   1.6664059e+00   2.0977504e-01  -2.3182064e-01
   1.7539906e+01  -1.2270002e+00   4.7248055e+00   2.3275286e+01   1.4538679e+01   5.7022462e+00   1.0784732e+01   2.8686967e+00  -1.0474075e+01  -6.3510549e+00   6.4953698e-01   1.9513549e-01  -3.8523202e+00   2.4787521e-01   1.5864158e+00  -5.3630622e+00  -5.9007495e+00  -4.7243502e+00  -2.9193263e+00   1.3987547e+00   1.6756057e+00   4.8619507e-01   1.2435903e+00   2.6098887e-01
   1.2917534e+01   2.4670075e+00   7.2577066e+00   1.6388568e+01   8.3898257e+00   2.3042774e+00   8.1275329e+00   5.1676961e+00  -5.2824110e+00  -4.0482747e+00   1.3995277e+00   5.6623081e-01   5.6080778e+00  -2.0506984e+00   4.0006461e-01   9.1673326e+00   2.5948653e+00   1.3614201e+00   8.2373952e+00   2.3185403e+00  -4.9240373e+00  -1.9070424e+00   5.1980139e-01   2.1695407e-01
   1.7816844e+01   1.2104501e+00   7.7996366e+00   2.3566009e+01   1.3224624e+01   5.2405966e+00   1.3134816e+01   6.0999233e+00  -9.2276650e+00  -5.8669135e+00   2.1889948e+00   7.6563830e-01   3.7061781e+00   1.6238436e+00  -1.8938402e-01   3.6253409e+00   4.0847366e+00   3.3416022e+00   3.9686920e+00   1.9389982e+00  -2.0140760e-01   1.9703196e-01   4.9014970e-01   1.7515318e-01
   2.2918006e+01  -2.6218844e-01   5.9862322e+00   3.0941087e+01   1.8026982e+01   9.0375342e+00   1.8862861e+01   5.4058356e+00  -1.2934394e+01  -6.5960597e+00   1.1955456e+00   4.9144416e-01   3.0769705e+00  -2.4818266e-01  -2.9657657e+00   2.6836778e+00   6.3063960e+00   3.9073331e+00  -3.0979958e-01  -1.6968505e+00  -9.0591574e-01  -6.6529719e-01  -8.2561646e-01  -2.8492156e-01
   1.8098938e+01   2.5733632e+00   5.0764667e+00   2.1437037e+01   1.5847206e+01   7.3480211e+00   1.1370106e+01   5.6581243e+00  -6.9501950e+00  -4.7816145e+00   1.4867526e+00   4.9525859e-01   2.5852200e-01   6.4413449e-01  -4.2016242e+00  -6.4847415e-02   2.3344868e+00   5.5055506e-02  -4.7958767e+00  -3.1008370e+00   5.5355682e-02   9.6795441e-01  -9.0507972e-01  -4.6724027e-01
   1.7391943e+01   1.4132769e+00   4.1706430e+00   2.1478571e+01   1.6538129e+01   7.1115649e+00   8.5451881e+00   2.8433199e+00  -7.7800197e+00  -5.5888700e+00   5.1222414e-01   2.7403832e-01  -2.5252614e+00   3.6872653e+00  -6.1891327e-01  -6.9806317e+00  -2.8752423e+00  -4.1820385e-01  -5.2345898e+00  -1.6835204e+00   2.4166905e+00   1.5980108e+00  -2.9004840e-01  -2.3161711e-01
   2.0967658e+01   1.3389191e+00   2.4049948e+00   2.8199996e+01   1.7470781e+01   6.2861646e+00   1.1099837e+01   2.7299256e+00  -1.1721818e+01  -4.9185767e+00   1.1730360e+00   1.7348082e-01  -3.2469388e-01   5.0558635e+00   3.2193310e+00  -4.5338292e+00  -2.5789477e+00   3.0916923e+00   1.6202025e+00  -3.1592749e-02   1.0444033e+00   1.0127586e+00  -3.5343305e-01  -1.9027301e-01
   1.7695754e+01   5.8859316e+00   6.3935982e+00   1.7088660e+01   1.2902331e+01   8.9411567e+00   1.1146111e+01   4.3446542e+00  -6.9235460e+00  -4.1305624e+00   9.1733131e-01   3.0490737e-01   2.1678648e+00   3.8665907e+00   1.8335744e+00  -2.6711891e+00   1.3170562e-01   6.4624326e+00   5.9684586e+00   1.5916288e+00   1.7446562e+00   4.8015578e-01  -4.8575146e-01  -4.9490801e-01
   1.7459992e+01   7.9208311e+00   8.7939856e+00   1.6831248e+01   1.3796683e+01   1.1070764e+01   1.2499949e+01   4.8600680e+00  -5.8118268e+00  -3.9916304e+00   7.5404942e-01   1.9441454e-01   1.0925180e+00   4.3990278e-02   8.5345488e-01  -2.3112034e+00  -9.2225822e-02   4.4528021e+00   3.5270380e+00   1.9295232e-01   2.3229057e+00  -9.3574808e-02  -1.4106701e+00  -7.7976951e-01
   2.2397573e+01   3.9222070e+00   3.7265092e+00   2.3156161e+01   1.8572736e+01   1.4412914e+01   1.6797820e+01   4.1656919e+00  -8.1180312e+00  -5.3321095e+00  -6.9097624e-03  -4.7879055e-01   5.7793962e-01  -3.1448715e+00  -7.7411454e-01   2.2587160e+00  -1.1602253e+00  -1.7969284e+00   2.8941018e-01  -1.0974697e+00   6.4023767e-02  -2.1267346e-01  -1.2389465e+00  -7.1081978e-01
   2.0255525e+01   2.3867668e+00   5.0187216e+00   2.1699441e+01   1.4497240e+01   1.0229489e+01   1.3564539e+01   3.1088352e+00  -7.6402172e+00  -4.4581654e+00  -4.8084869e-01  -6.0432449e-01  -1.3976528e+00  -2.0711098e+00  -1.1785804e+00  -4.0479589e-01  -2.2502913e+00  -4.0311743e+00  -2.6775332e+00  -1.6657073e-01   9.8063845e-01   3.5079782e-01  -5.0685739e-01  -1.1570868e-01
   1.7164896e+01   3.9356564e+00   7.1200584e+00   1.8042638e+01   1.0811715e+01   6.6664014e+00   1.1047931e+01   3.5740661e+00  -5.9133152e+00  -4.2163051e+00  -3.2363944e-01  -3.6195278e-01  -1.2365306e+00   2.0062382e+00   9.7030782e-01  -2.3076013e+00   2.1252178e-01  -1.5734235e+00  -2.5701722e+00   2.4615059e-01   8.3675437e-01   1.1055168e+00   7.2344776e-01   4.3935158e-01
   1.7979851e+01   4.8074418e+00   5.3293404e+00   1.8780816e+01   1.4301757e+01   8.8972586e+00   1.1358593e+01   4.9060248e+00  -5.4432272e+00  -4.0233359e+00   1.5212817e-01  -3.7567365e-02   2.8610324e+00   1.6305846e+00  -2.3984328e+00   3.2116784e+00   8.9454628e+00   5.6019650e+00   1.5963061e+00   1.0156767e+00  -6.2543346e-01  -4.5266375e-01   8.2375645e-01   1.9404219e-01
   2.1680615e+01   5.7212268e+00   5.0266616e+00   2.1154071e+01   1.8989260e+01   1.2718894e+01   1.4045535e+01   3.6363230e+00  -7.9613947e+00  -3.8912490e+00   7.6177345e-01  -1.0314175e-01  -4.9370025e-01   1.2855920e+00  -9.3733344e-01  -8.4181363e-01   4.0715034e+00   3.7146330e+00  -1.2553040e+00  -1.0959278e+00   5.6241922e-01   8.9763603e-01   6.9873654e-01   1.2055308e-01
   2.2289214e+01   3.9398585e+00   2.4677709e+00   2.4961242e+01   2.3826661e+01   1.5606190e+01   1.4460197e+01   4.6012219e+00  -7.5543277e+00  -5.2996890e+00   2.1207954e-01  -4.4266672e-01  -2.2911732e+00  -3.1271025e+00  -2.2863183e-01   2.0088979e+00  -2.2377631e+00  -1.2932947e+00   3.4390845e-01  -1.0429191e+00  -1.7420431e+00  -1.3051734e+00  -3.3683064e-01  -1.6871871e-01
   1.4269664e+01   6.2978360e+00   7.1448430e+00   1.3689705e+01   1.2156518e+01   8.8838852e+00   7.6141733e+00   2.0825758e+00  -4.0141361e+00  -2.2316745e+00   6.9448969e-01   2.1426513e-02  -7.3123329e+00  -1.2772055e+00   2.1141275e+00  -5.6581865e+00  -1.0678128e+01  -8.2652217e+00  -4.7254909e+00   5.3430349e-01   2.6193260e+00   7.0900230e-03  -4.4620526e-01   3.1465219e-01
   1.8248566e+01  -1.7151667e-01   3.9273020e+00   2.5526346e+01   1.4361483e+01   8.8748212e+00   1.5090137e+01   4.1185197e+00  -1.0029921e+01  -6.8108832e+00  -3.1947590e-01  -3.5292956e-01  -3.8144706e+00   1.1746242e+00   3.7163215e+00  -5.0930854e+00  -7.8507150e+00  -5.6161657e+00  -2.1146430e+00   2.4168586e-01   8.6766793e-01   4.7239281e-01   3.0681224e-01   6.4843893e-01
   1.2732439e+01   5.8611061e+00   7.4680873e+00   1.2384239e+01   7.7046564e+00   3.6867461e+00   6.6423281e+00   4.6791293e+00  -2.7946089e+00  -3.1250169e+00   3.5824328e-01   3.2396796e-01   5.0239128e+00   2.1982250e+00  -8.3171057e-01   4.7456806e+00   4.7720404e+00   5.3506884e+00   5.1298880e+00  -1.0993550e+00  -3.9598745e+00  -5.9073360e-01   3.3620908e-01   1.2078568e-01
   1.7336121e+01   5.9201598e+00   7.8806310e+00   1.7974346e+01   1.4276520e+01   9.7805110e+00   1.1774155e+01   3.6654739e+00  -6.8625894e+00  -4.1444286e+00   8.4042111e-01   3.7872095e-01   2.7544775e+00   4.6911091e+00  -5.8470456e-01  -2.8280195e+00   5.9612382e+00   8.3838143e+00  -8.1581267e-02  -4.7118675e+00  -1.0409967e+00   2.3532153e+00   1.1660571e+00   1.8845749e-01
   2.2261756e+01   6.5493352e+00   3.9206126e+00   2.4584225e+01   1.9357060e+01   1.6457073e+01   1.6966996e+01   6.6006626e-01  -1.1537614e+01  -4.4510022e+00   6.1885479e-01  -1.6322023e-01   3.3750179e+00  -1.1920394e+00  -3.4417518e+00   1.6074361e+00   6.8297802e+00   8.2866571e+00   1.6335393e+00  -6.2040558e+00  -5.3801691e+00  -5.8658622e-01   3.6273511e-01  -1.5106208e-01
   1.7615624e+01   6.5210324e+00   4.8239825e+00   1.5184324e+01   1.7477138e+01   1.5065379e+01   9.8054308e+00  -9.3975003e-01  -7.2199138e+00  -2.6180676e+00   1.2993041e+00   1.7335078e-01   3.8209439e-01  -2.2919393e+00  -4.5898988e+00  -2.3839055e+00   5.9035227e-01   1.7019344e+00  -9.8851469e-01  -2.9472231e+00  -3.3087900e+00  -1.5823535e+00   1.3935881e-01  -1.1817090e-01
   1.7655214e+01   3.7726107e+00   3.8337839e+00   1.6190405e+01   1.6349017e+01   1.3474298e+01   1.0076999e+01  -2.3243423e+00  -1.0686200e+01  -4.7680767e+00   6.7290446e-01   2.0005994e-01  -1.5731215e+00  -1.6017972e+00  -1.7557767e+00  -5.2952244e+00  -3.0097158e+00  -2.1669847e+00  -2.1907129e+00   9.7455638e-01   2.9569807e-01  -1.3263208e+00   1.6118204e-01   3.0394182e-01
   2.0212533e+01   3.8706131e+00   1.0391971e+00   1.8595398e+01   1.6666070e+01   1.3824800e+01   1.3736381e+01   7.3684359e-01  -1.2251481e+01  -6.3594217e+00   1.0224345e+00   1.9824524e-02   7.6035815e-01   1.0317481e+00   4.8249599e-01  -1.4030621e-01  -4.8331422e-01  -4.1177976e-01   1.2845310e+00   3.0980235e+00   1.2413205e+00  -7.6184995e-01  -2.3873087e-01   1.4015552e-01
   1.8603619e+01   5.4718490e+00   3.1793402e+00   1.4935852e+01   1.5248021e+01   1.3826885e+01   1.1715452e+01   1.2836040e+00  -8.5782830e+00  -4.5698063e+00   9.9906264e-01   3.6945563e-01   2.5171397e+00   1.3583507e+00  -1.5327494e+00   5.4631629e+00   4.3886158e+00   9.1141328e-01   4.7969540e+00   1.4208195e+00   2.4114863e+00   1.1489554e+00  -2.9431793e-01  -2.1891372e-01
   1.8281959e+01   7.2190354e+00   5.8749483e+00   1.5601141e+01   1.7302665e+01   1.4271416e+01   1.0913001e+01   1.9033121e+00  -6.4118918e+00  -3.8599778e+00   7.7812867e-01   2.9888621e-01  -1.4449137e+00  -2.4788642e-01   1.0490093e+00   1.7801111e+00   2.0228366e+00  -1.0618686e+00  -9.3113107e-01  -1.1980911e+00   2.9042207e+00   1.7631699e+00  -4.8446994e-01  -1.6397197e-01
   2.2396211e+01   4.1359256e+00  -8.8321573e-01   2.5882278e+01   2.2613643e+01   1.4618110e+01   1.8684120e+01  -7.7634738e-01  -9.9887656e+00  -4.2943655e+00   3.5358048e-01  -2.6784149e-01   4.6607042e-01  -4.8501334e+00  -1.2019365e+00   7.5144521e+00   6.8776287e-01  -4.4214512e+00   4.9808946e-01  -2.8419998e+00  -1.7938654e+00  -5.4925853e-01  -4.8647224e-01  -4.3946457e-01
   1.6148867e+01   4.1667452e+00   4.6439890e+00   1.5792352e+01   1.6017514e+01   1.1836385e+01   8.8553505e+00  -3.0317299e-02  -7.1899086e+00  -3.8523873e+00   6.1847066e-01   9.2515126e-02  -4.0518831e+00  -1.9704173e+00   1.9859126e+00  -2.1093057e+00  -6.7608567e+00  -7.2039362e+00  -5.4254312e+00  -1.0288567e+00   1.8224698e+00   1.3209226e+00   1.4838538e-02  -8.9502242e-02
   2.0369271e+01  -2.7720596e-01   1.9919151e+00   2.6111924e+01   1.6922241e+01   8.4122239e+00   1.3491411e+01  -2.0125810e+00  -1.0880073e+01  -5.3974894e+00   3.4918328e-01  -1.8655567e-01  -4.0672081e+00   3.7199621e+00   7.9623222e+00  -5.8217500e+00  -6.8581191e+00  -4.8655483e+00  -8.2804609e+00   2.5275975e+00   5.4187594e+00   2.1164949e+00  -2.1345241e-01   6.3747200e-02
   1.3217605e+01   6.4699753e+00   7.4162517e+00   1.2322359e+01   1.0007081e+01   6.5684545e+00   5.3712086e+00   9.7814392e-01  -3.2325336e+00  -1.3270319e+00   8.0258508e-01   1.2398994e-01   2.7036221e+00   6.1702789e+00   4.9851474e+00   3.6970217e+00   2.1844101e-01   2.4976006e-01   1.8596144e+00   4.2680213e+00   1.5113239e+00   9.6075367e-01  -1.1197764e+00  -4.7246027e-01
   1.7761030e+01   8.5642538e+00   9.6741362e+00   1.8884649e+01   1.5331681e+01   9.9537527e+00   8.0054998e+00   2.5108182e+00  -3.8393141e+00  -2.3823008e+00  -5.8655339e-02  -1.8795810e-01  -8.0581081e-01   7.3768539e+00   5.4517807e+00  -3.8550724e+00  -1.0648191e+00   2.0656165e+00  -1.0398093e+00   4.1267033e+00   3.5340903e+00   1.1278568e+00  -1.0141466e+00  -2.3722643e-01
   2.1508420e+01   9.0014337e+00   8.2805996e+00   2.4951522e+01   1.7140455e+01   1.1440261e+01   1.4387728e+01   4.1100151e+00  -8.4433020e+00  -3.9188511e+00  -8.5727469e-01  -6.1547406e-01   2.1145734e+00  -3.3304870e-01  -7.8217424e-01   4.0442808e+00   1.7397901e+00   2.2456189e+00   1.3402080e+00  -3.7498497e-01  -2.6072654e+00  -1.6592690e+00  -8.1991253e-01  -4.0500056e-01
   1.5015147e+01   9.5223456e+00   9.7374122e+00   1.4014734e+01   1.1758325e+01   9.0747454e+00   7.4234376e+00   2.6115383e+00  -2.9735530e+00  -2.4097946e+00  -3.4210678e-01  -1.7266331e-01  -1.2737480e+00  -1.8493988e+00  -2.6924901e+00  -8.8824030e-01  -1.9440500e-01  -1.0214216e+00  -3.8975056e+00  -3.3909198e+00  -4.0646416e-01   1.7610107e-01   6.7397032e-01  -1.0331113e-01
   1.7762406e+01   5.4913563e+00   6.2113524e+00   2.0823738e+01   1.4403444e+01   1.0376387e+01   7.6725518e+00   3.6530640e-01  -7.5763122e+00  -3.8021885e+00  -2.8555801e-01  -4.9115829e-01  -2.4305031e+00  -2.1247221e+00  -1.7181387e+00  -3.9381622e+00   1.3732813e-01  -2.3900772e-01  -4.8984801e+00  -3.1120993e+00   2.0694900e+00   1.3738960e+00   1.0955604e+00   2.2321971e-01
   1.7723415e+01   7.5451943e+00   6.6700246e+00   1.9616181e+01   1.6408579e+01   8.9535574e+00   5.5168294e+00  -7.0320720e-01  -4.8825052e+00  -2.1764805e+00   6.6644180e-01  -4.0508268e-01   1.7152037e+00  -3.3817815e-01  -8.6038153e-01  -3.4918335e-02   2.7775227e+00   3.2020391e+00   2.9065914e+00   2.0906862e-01  -5.3512969e-01   1.1635396e-01   6.2420169e-01   1.6341506e-01
   1.6508532e+01   6.8029262e+00   7.2370854e+00   1.6243556e+01   1.5021321e+01   1.1142343e+01   7.9933116e+00   1.0992388e+00  -4.3845909e+00  -1.9746642e+00   2.8179157e-01  -1.6443482e-01   3.2585041e+00   6.4014015e-01  -2.9073714e+00  -8.0035764e-01   2.4923840e+00   3.3243946e+00   9.5401258e+00   2.8900530e+00  -3.0095107e+00  -6.5622599e-01   4.6791500e-01   1.9256984e-01
   1.8214890e+01   8.3592934e+00   7.9339734e+00   1.6252448e+01   1.5615671e+01   1.3494826e+01   1.1622945e+01   2.5581751e+00  -5.3721082e+00  -3.1490258e+00   3.1052097e-01  -9.0902458e-02   3.7115038e+00  -4.2489905e+00  -6.2623929e+00   1.1466569e+00  -1.0815369e-02   1.7431411e+00   8.6714929e+00   2.7631370e+00  -6.2560139e+00  -2.7583377e+00   2.6742280e-01   2.2481281e-01
   2.2404425e+01   6.0445170e+00   1.2183209e+00   2.1305068e+01   1.8538474e+01   1.3092344e+01   1.8929683e+01   3.0696948e+00  -1.1845777e+01  -4.3002548e+00   5.9427491e-01  -3.5939364e-01   2.4651211e+00  -7.8343889e+00  -7.0707101e+00   3.3138196e+00   6.4746107e-01  -8.7556305e-01   3.6456681e+00  -7.8178689e-01  -7.0841842e+00  -3.3696237e+00   5.0208491e-01   1.9531566e-01
   2.0342724e+01   1.5509132e+00   2.8581745e-01   1.8805410e+01   1.4633779e+01   1.0593269e+01   1.3055883e+01   2.4562702e+00  -1.0535933e+01  -5.1511917e+00   9.1133433e-01   2.9615942e-02  -3.8483015e+00  -6.0446071e+00  -3.2277759e+00  -2.6699522e+00  -2.3350088e+00  -3.2661980e+00  -4.9001237e+00  -2.6256413e+00  -7.2761338e-01  -2.3156387e-01   7.6858110e-01   4.5289750e-01
   1.9142296e+01  -1.5444670e+00   4.5509816e-01   1.9937804e+01   1.6483458e+01   1.1279777e+01   1.2745345e+01  -2.2489091e-02  -1.2428955e+01  -6.0280168e+00   7.3451226e-01   6.8279480e-02  -3.3602588e+00  -1.9864736e+00   4.1225382e+00   2.7499739e-01   5.2202059e-02  -1.8862010e+00  -5.5553254e+00  -1.7804789e+00   3.0944648e+00   1.1300384e+00   4.3802743e-01   3.3829234e-01
   1.4073502e+01   3.0868747e+00   3.4739209e+00   1.2931151e+01   1.3140666e+01   9.5018123e+00   7.3649282e+00   1.6580498e-01  -6.1719393e+00  -2.6324907e+00   1.3932739e+00   3.7460723e-01   1.2054146e+00   1.9433655e+00   5.7386916e+00   9.5928179e+00   4.4275621e+00   7.7769934e-01   2.7014877e+00  -6.4011695e-01   9.9817577e-01   1.6699894e+00  -9.4671599e-03  -3.7881604e-01
   2.0498648e+01   2.2968258e+00   5.8080764e+00   2.4654693e+01   1.9363334e+01   1.0808771e+01   1.3442172e+01   1.5442091e+00  -9.3860765e+00  -3.8645477e+00   1.0103463e+00  -2.4450767e-02  -4.6930600e-01   4.6891764e+00   6.4407688e+00   3.6333917e+00  -7.5632508e-01  -1.2739176e+00  -1.6500665e-01   4.9920160e-01   3.1864106e+00   2.8658138e+00   3.1578165e-01  -4.4150800e-01
   2.1472670e+01   2.5453151e+00   6.2173657e+00   3.0836192e+01   1.9835185e+01   1.1995321e+01   1.6759701e+01   7.1274572e-01  -1.0560109e+01  -3.7279421e+00   7.5921659e-01  -4.9224300e-01   8.1044456e-01  -7.4298180e-01   2.3975937e+00   3.4308892e+00  -2.2311724e+00  -1.8198841e+00   5.9317729e-01  -7.2066086e-01  -2.0708658e+00  -9.2427394e-02   1.9416306e-01  -4.4780411e-01
   1.4738753e+01   5.7600775e+00   8.7445289e+00   1.6435371e+01   1.2001711e+01   8.1221466e+00   7.8004483e+00   4.5284295e-01  -5.4552542e+00  -1.1815703e+00   1.5252134e+00  -1.6055740e-01  -3.6103656e+00  -1.3997020e+00  -5.0451792e-01  -5.6373780e+00  -5.9397617e+00  -2.8995493e+00  -3.3951171e+00  -4.1213226e-01  -2.7489546e-01   3.5471765e-01   5.5444794e-01  -1.0952803e-01
   1.8169116e+01   2.4077622e-01   5.6020852e+00   2.2187146e+01   1.3474718e+01   8.1152983e+00   1.1075556e+01  -3.6950323e-01  -1.1243649e+01  -4.1126205e+00   1.4270850e+00  -2.2904562e-01  -3.0721814e+00  -6.6513508e-01   8.2066388e-01  -5.7404431e+00  -4.0529922e+00  -2.2090962e+00  -2.8631186e+00   1.7601537e-01   4.6679679e-01   9.4509367e-01   8.5116054e-01   1.2504666e-01
   1.6734877e+01   1.3495423e+00   5.3589398e+00   2.0523149e+01   1.3633924e+01   8.3994582e+00   1.1191569e+01   1.4671352e+00  -9.4566494e+00  -3.1401321e+00   1.5080840e+00  -3.2034150e-01   7.9493076e-01   1.5553136e+00   3.1554006e+00   3.6900860e+00   3.0838063e+00   1.7566853e+00   1.4673922e+00   3.5888629e-01  -1.2992241e-01   5.7076165e-01   6.1846489e-01   6.3463783e-02
   1.5866336e+01   3.7528801e+00   9.1411561e+00   2.0181639e+01   1.2939590e+01   8.5430208e+00   1.0769463e+01   4.6962267e-01  -7.8592158e+00  -1.3310207e+00   2.0445221e+00  -2.2478096e-01   1.7196216e+00   3.7252286e+00   2.3950699e+00   5.7355107e+00   4.5101656e+00   1.2681973e+00   1.7203443e+00  -4.6967629e-01   9.7574400e-01   1.5613147e+00   2.6678303e-01   7.0504032e-02
   1.7082539e+01   6.3369960e+00   1.1708094e+01   2.2973254e+01   1.6894985e+01   1.0543313e+01   1.0154583e+01   5.7160943e-01  -7.3423545e+00  -1.7162277e+00   2.1441922e+00  -6.7494056e-02   3.6193452e+00  -5.4769814e-02  -2.9847849e+00   3.8320005e+00   3.5541984e+00  -1.2314960e-02   9.2721735e-01  -2.2430657e-01  -6.9412639e-01  -1.3536935e+00  -5.0237528e-01   2.4392561e-01
   2.0574717e+01   3.3348924e+00   6.0201129e+00   2.9565360e+01   1.8609437e+01   8.9456666e+00   1.4174565e+01  -6.2625480e-01  -1.0837181e+01  -2.4826006e+00   1.5092054e+00  -2.4971329e-01   2.7649805e+00  -4.4579223e+00  -8.7539054e+00  -9.8557854e-01   1.8688706e+00   1.6978484e-01  -2.6706232e-02   6.7359211e-01  -2.1418353e+00  -3.5004126e+00  -1.1853077e+00   2.7845803e-01
   1.9809704e+01   1.4763815e+00   2.4422841e+00   2.1579289e+01   1.6130299e+01   8.1796628e+00   1.0879844e+01   1.6786141e+00  -9.0088566e+00  -4.5948823e+00   1.0221794e+00   5.8013077e-02  -2.8124210e+00  -2.5563514e+00  -6.8178661e+00  -1.1402659e+01  -4.6000442e+00  -4.0609252e-01  -3.1842579e+00  -2.6535258e-01   1.0897587e+00  -1.0712232e+00  -7.1739989e-01   2.9393289e-01
   1.8650225e+01  -5.0369620e-01   6.4320309e-01   1.9400253e+01   1.6125239e+01   9.9795233e+00   1.0366773e+01   9.2650853e-01  -1.0238718e+01  -5.1423124e+00   8.2756693e-01   1.3015252e-01  -2.7813489e+00   2.5262337e+00   1.3877263e+00  -1.0045578e+01  -3.3017378e+00   2.9094146e+00  -2.3366637e+00  -7.2911193e-01   2.9889343e+00   7.0834394e-01  -1.0466286e-01   1.1614638e-01
   1.3826154e+01   4.4217631e+00   4.1697500e+00   1.0951818e+01   1.1237017e+01   9.4172462e+00   7.2820923e+00  -6.0280111e-01  -6.0069478e+00  -1.9932066e+00   1.4089116e+00   1.8347238e-01   1.3600260e+00   3.8861494e+00   6.3026381e+00   4.5118332e+00   4.5579580e-01   3.3320471e+00   6.1326592e+00  -1.5599907e+00   1.1386196e+00   1.2932282e+00  -7.9269259e-01  -6.1551922e-01
   1.9394469e+01   5.6515521e+00   7.2379693e+00   1.9810728e+01   1.6103470e+01   1.2690997e+01   1.2468445e+01  -5.7921512e-01  -7.8547336e+00  -2.7209226e+00   1.1588450e+00  -1.3822337e-01   1.9652369e-01   5.2552787e+00   7.0672240e+00   2.2028774e+00  -2.5343275e+00   3.4593752e-02   4.4448934e+00   1.7293364e+00   2.4186946e+00   9.1330932e-01  -7.5733881e-01  -4.0476470e-01
   2.1477621e+01   4.2279814e+00   8.5988581e+00   2.8141802e+01   1.6824876e+01   1.1821997e+01   1.9027996e+01   9.1489772e-02  -8.4929193e+00  -3.8657349e+00  -3.3249852e-01  -7.3107781e-01   9.6527347e-01  -8.2985583e-01   9.4231086e-01   2.0859424e+00  -3.3019198e+00  -1.0388029e+00   4.3793927e+00   2.9074884e+00  -1.9656256e+00  -1.5551041e+00  -7.0468668e-01  -6.8677869e-02
   1.5119277e+01   7.4761127e+00   9.0294851e+00   1.4109577e+01   9.5298179e+00   8.8290387e+00   1.1161161e+01   3.1733677e+00  -5.3676901e+00  -2.8360842e+00   5.6226376e-01  -1.9719447e-02  -1.1278556e+00  -4.8267955e+00  -3.7772335e+00  -1.4269567e+00  -5.6253764e+00  -1.3729977e+00   2.4562149e+00   5.0014485e-01  -4.5529989e+00  -1.4747679e+00  -2.2344830e-01   9.2771747e-02
   1.7411660e+01   2.2646991e+00   4.6874584e+00   1.6931307e+01   9.5709640e+00   9.7900209e+00   1.4504823e+01   1.8821402e+00  -1.0198908e+01  -4.2682818e+00   6.5017219e-01   2.1203608e-02  -3.9923888e-01  -3.9716328e+00  -4.2012728e+00  -3.3386476e+00  -2.8891669e+00   1.6836823e-01  -4.5983864e-02  -2.3301618e-01  -3.7336591e+00  -5.6718335e-01   6.7676183e-01   2.5965321e-01
   1.9735666e+01  -6.0699992e-01   3.5278189e+00   2.3275540e+01   1.1292362e+01   1.1647488e+01   1.8414354e+01  -7.2432304e-01  -1.3831238e+01  -4.7318011e+00   3.3233724e-01  -3.7520646e-01   2.9238152e+00  -5.8588069e-01   1.5440623e-01   4.0319911e+00   4.2665834e+00   2.1304559e+00   1.8637046e+00   9.2123349e-02  -2.0373184e+00  -8.0857229e-01   2.1855215e-01  -2.8910409e-02
   1.8570568e+01   2.3120886e+00   5.0477820e+00   1.8550849e+01   1.1609854e+01   1.0665324e+01   1.5332424e+01   1.6908109e+00  -9.8616342e+00  -3.7686515e+00   7.9760748e-01  -1.6385448e-01   1.8460145e+00   3.8553649e+00   3.1003657e+00   4.9794555e+00   7.3925803e+00   2.7191824e+00  -1.1541461e+00   1.8891807e+00   1.4942380e+00  -6.5694463e-02  -2.2653080e-01  -8.7198322e-02
   1.8925546e+01   6.5735969e+00   9.0809327e+00   1.9347793e+01   1.4910248e+01   1.1587071e+01   1.3542918e+01   3.4072173e+00  -8.5923045e+00  -4.2987578e+00   8.1637435e-01   2.9443985e-02  -1.6927910e+00   5.0776111e+00   2.7897012e+00  -1.7974141e+00   3.6006857e+00  -1.1774934e+00  -7.0698031e+00   2.0806580e+00   5.2591096e+00   7.9080332e-01  -3.3882933e-01   7.2769491e-02
   2.0585742e+01   4.4574479e+00   6.5614501e+00   2.6364364e+01   1.8850891e+01   1.3899003e+01   1.5209322e+01   2.6501410e+00  -1.0577017e+01  -4.5833452e+00   6.8357440e-02  -3.1191910e-01  -4.1782403e-01  -2.4472288e+00  -3.0390108e+00   1.6710793e+00   1.2149849e+00  -2.1062091e+00  -2.6534269e+00  -9.6802577e-01   2.7846432e-01  -8.0301154e-03  -1.0595748e+00  -3.5412265e-01
   1.6188892e+01   5.9367370e+00   6.9555366e+00   1.6672662e+01   1.3072872e+01   8.2644086e+00   7.8712004e+00   1.9169988e+00  -5.5848816e+00  -3.1382493e+00   1.8871828e-01  -1.9201992e-01  -3.0434915e+00  -3.6506711e+00  -5.2563182e+00  -5.3462003e+00  -3.2938991e+00  -3.2705717e+00  -3.6693903e+00  -2.4206787e+00   1.2336874e+00   8.8309188e-01  -2.7376717e-01  -5.7548513e-02
   1.9312159e+01  -1.0403246e+00   1.5519638e+00   2.2395034e+01   1.4351019e+01   9.1673417e+00   1.4188143e+01   9.8388146e-01  -1.0947649e+01  -4.3609510e+00  -4.7792661e-01  -5.8430651e-01  -3.1998571e+00  -2.9008715e-01  -1.3673765e+00  -7.5680842e+00  -3.5973108e+00  -1.6629075e+00  -3.0361830e+00  -1.6380931e+00   2.1501989e+00   1.4545598e+00   1.1969754e+00   5.1199867e-01
   1.4997100e+01   3.8464766e+00   3.7011986e+00   1.3313158e+01   1.2219335e+01   9.0470441e+00   8.5494224e+00   6.0932914e-01  -6.5564575e+00  -3.0853171e+00   6.7886561e-01   7.9314920e-02   1.0158361e-01   2.2340356e+00   2.4227747e+00   6.9875048e-01   2.6366624e+00   3.8845735e+00   1.6540748e+00  -6.3593847e-01  -7.3860428e-02   6.6603596e-01   1.6796090e+00   6.1447869e-01
   1.6381852e+01   5.0674474e+00   6.1375543e+00   1.6691989e+01   1.3881694e+01   1.1013324e+01   1.0315937e+01   8.4683625e-01  -6.8659311e+00  -2.4279716e+00   1.6187469e+00   3.2041149e-01   4.7328628e-01   4.2302105e+00   4.0496966e+00   1.6939299e+00   3.9523306e+00   4.0175403e+00   1.1702163e+00   3.1502598e-01   1.0661397e+00   3.4998416e-01   1.3962029e+00   5.0757806e-01
   1.7806421e+01   6.2339045e+00   8.2969034e+00   2.0572309e+01   1.7262529e+01   1.3168278e+01   1.2288415e+01   1.0316137e+00  -7.7365313e+00  -3.1056850e+00   1.6597950e+00   2.7733913e-01   2.9473618e+00  -1.4353667e+00  -4.5987927e-01   4.9350245e+00   2.3817737e+00   3.5796020e+00   4.5347833e+00  -2.3641904e+00  -3.2057750e+00  -1.3950361e+00  -2.0819925e-01  -3.7846013e-01
   1.8617428e+01   4.1112772e+00   5.3286563e+00   2.1306353e+01   1.7757919e+01   1.3133035e+01   1.4073971e+01   1.2452781e+00  -8.7584027e+00  -3.8257908e+00   1.1259131e+00   7.8048483e-02   1.2202997e-02  -3.4848912e+00  -3.6331552e+00  -1.3892872e+00  -1.3410979e+00   7.6279305e-01   6.9090236e-01  -3.8345561e+00  -3.5354279e+00  -1.0117282e+00  -8.6740469e-01  -6.4152551e-01
   1.8300355e+01   2.1715117e+00   3.4158287e+00   1.8408513e+01   1.3853883e+01   1.3356591e+01   1.3472580e+01  -3.1361775e+00  -1.0418884e+01  -4.4789617e+00   6.1298368e-01  -3.6719378e-01  -3.7280711e+00  -1.2951918e+00  -3.3348309e+00  -8.8476847e+00  -5.1180968e+00  -1.9352678e+00  -5.1418583e+00  -3.2158948e+00   1.2700695e+00   1.8047823e+00  -5.1900122e-01  -2.9691345e-01
   1.6153190e+01   1.8713070e+00   3.1283589e+00   1.5689957e+01   1.3574369e+01   1.2063357e+01   1.0760208e+01  -2.8211023e+00  -1.0827896e+01  -3.2589256e+00   8.4104555e-01  -3.1961032e-01  -1.6989013e+00   2.9630197e+00   9.7913838e-01  -4.0861320e+00  -1.2933964e-01  -2.6561807e-02  -5.2231274e+00  -6.1128875e-01   2.6749161e+00   2.1451631e+00   8.3634620e-03   1.3899944e-01
   1.3446434e+01   5.4111019e+00   4.3948057e+00   1.0108980e+01   1.1677158e+01   1.0800215e+01   6.2325092e+00  -1.7590382e+00  -4.7966801e+00  -6.8194414e-01   1.0237269e+00   3.0798359e-02   2.3774131e+00   4.4749003e+00   2.2770847e+00   4.7504761e+00   6.5186220e+00   1.9196122e+00  -4.8196887e-01   4.4813008e+00   2.1506786e+00   8.2164874e-01   1.1560791e-01   1.8434655e-01
   1.8496037e+01   6.9360117e+00   6.3078753e+00   1.9326921e+01   1.8652272e+01   1.4371381e+01   9.8593150e+00  -3.6022464e-01  -7.5571306e+00  -2.5065549e+00   9.3308665e-01   8.7551570e-02   1.4985295e+00   3.7799854e+00   2.4295654e+00   2.6564923e+00   3.4793207e+00   1.3619975e+00   5.2739586e-01   3.9764575e+00   3.3684210e+00   5.8729934e-02  -2.5982456e-01   1.7256793e-01
   2.0695051e+01   6.3515097e+00   5.2416975e+00   2.3715745e+01   2.1092865e+01   1.5081998e+01   1.3200074e+01   2.3553349e+00  -8.8282493e+00  -3.6226739e+00   7.4037499e-01  -2.9425490e-01   4.9463895e-02  -1.9819309e+00  -1.8378982e+00   9.2681176e-01   1.2529480e+00  -3.3731854e-01   1.0455611e+00   1.7437157e+00  -1.3180014e-02  -1.9508875e+00  -4.8973740e-01   4.0112768e-02
   1.4776675e+01   7.0710813e+00   6.3492611e+00   1.2871313e+01   1.4085497e+01   1.1965462e+01   8.0675195e+00   1.0863974e+00  -3.7594803e+00  -1.7004658e+00   5.9298465e-01   1.0176820e-01  -1.9244102e+00  -5.4553810e+00  -6.5815322e+00  -3.4371810e-01  -9.3648259e-01  -3.1819552e+00  -7.3401925e-01  -2.2133316e-01  -1.7262995e+00  -1.9939769e+00   2.4590582e-01   1.8659927e-01
   1.5380310e+01   2.3706709e+00   1.6172655e+00   1.4727002e+01   1.5839967e+01   1.1497197e+01   8.6967486e+00   1.3322428e-01  -6.7152753e+00  -4.0113200e+00   4.5917179e-01   8.3859195e-02  -2.7702037e+00  -4.7402703e+00  -4.5902948e+00  -3.2745528e+00  -2.9007738e+00  -3.0670610e+00  -1.7817092e+00  -1.0762798e+00  -1.1566718e+00  -8.1575305e-01   9.2317769e-01   6.7752839e-01
   1.8266792e+01   7.4335963e-01  -1.7522069e+00   2.3305715e+01   1.9873997e+01   1.1390848e+01   1.1009949e+01   4.1883094e-01  -1.1203067e+01  -5.3031971e+00   1.4425470e+00   1.7839342e-01   3.5541094e+00  -6.9558512e-01  -7.0510590e-01   4.7410068e+00   1.3736349e+00   1.7463807e+00   2.8602146e+00  -6.3609811e-01  -4.1512971e+00  -7.7221712e-01   3.6825888e-01   2.7366733e-01
   1.4794687e+01   2.4049651e+00   2.4069893e+00   1.3586715e+01   1.3847454e+01   1.0768713e+01   9.0562952e+00   1.0746985e+00  -6.8414637e+00  -3.0449378e+00   1.7003604e+00   6.8372507e-01   3.8480963e+00   4.4298031e+00   4.0898979e+00   4.0370467e+00   2.5818076e-01   5.6038095e+00   3.7731774e+00   4.8450822e-01  -1.8821508e+00   1.3973162e+00  -3.4927068e-01  -1.1006750e-01
   2.0400650e+01   6.0105564e+00   4.8967404e+00   2.0552967e+01   1.7142206e+01   1.4949275e+01   1.2178068e+01  -3.3848684e-01  -9.9233317e+00  -3.3419826e+00   5.2477868e-01   2.1233625e-01  -7.7338418e-01   5.4555578e+00   6.2359040e+00  -4.7865846e+00  -4.2756852e+00   2.4610145e+00  -2.8944186e-01  -4.3617112e-01   3.3189548e+00   2.6177775e+00  -1.2270404e+00  -4.5905848e-01
   2.0085525e+01   6.3817772e+00   4.4276387e+00   2.2158946e+01   1.7593134e+01   1.8123698e+01   1.3772455e+01   1.2386455e+00  -1.0178369e+01  -2.8959529e+00   3.9414992e-01  -9.8213467e-02  -8.7527671e-01   4.6662574e-01   1.4578769e+00  -1.6415436e+00  -4.1301323e+00  -2.0526675e+00  -3.5732955e-01  -1.4725662e+00   8.4704014e-01   5.1181222e-02  -1.8255550e+00  -9.4582298e-01
   1.4461297e+01   6.9382903e+00   6.5913245e+00   1.1839723e+01   1.1587629e+01   1.1404878e+01   8.2177061e+00  -3.1739925e-01  -4.5561821e+00  -1.4510233e+00   2.5509166e-01  -1.1922502e-01  -3.3516778e+00  -3.6601770e+00  -2.3662464e+00  -2.3770955e+00  -6.5466881e+00  -6.7462879e+00   5.6888033e-01   7.6764451e-01   2.5854937e+00  -1.2920254e+00  -5.2601607e-01  -4.9775949e-01
   1.6451449e+01   2.6410368e+00   3.7465127e+00   1.5481021e+01   1.0429544e+01   9.4619104e+00   1.0500482e+01  -1.1446945e+00  -8.2544783e+00  -3.9136456e+00  -9.0312861e-01  -5.6922876e-01  -1.3111974e+00  -2.9664844e+00  -1.1272253e+00   1.2287812e+00  -2.9923253e+00  -6.1764139e+00  -7.2369058e-01   5.5661215e-01   8.0372066e-01  -8.3052787e-01   7.1474299e-01   1.0302895e-01
   1.7190172e+01   2.3906611e+00   1.6879338e+00   2.0326286e+01   1.0903969e+01   9.1607368e+00   1.4667375e+01   2.0046499e+00  -7.0070366e+00  -4.7711744e+00   3.8439384e-01  -2.9879534e-01   2.8551152e+00  -5.0853417e-01   5.7010395e-01   8.5775481e+00   5.6029329e+00  -4.3659778e-01   2.9239544e-01   2.2529875e+00  -1.0775968e+00  -9.3949347e-01   6.1587286e-01   3.4899074e-01
   1.6754292e+01   4.2058652e+00   5.1884961e+00   1.9758836e+01   1.3446476e+01   9.9811475e+00   9.4620845e+00   9.1253914e-01  -7.7473609e+00  -2.4816692e+00   1.4016133e+00   1.4611511e-01   9.2352824e-01   2.0011184e+00   2.8111818e+00   6.1305880e+00   7.6277456e+00   3.3326225e+00  -8.6120327e-01   2.1750219e+00   1.5779138e+00   1.2102541e+00   8.5953512e-01   4.0513770e-01
   1.8592548e+01   5.3930749e+00   6.7254887e+00   2.2567137e+01   1.8483562e+01   1.0490362e+01   9.1754979e+00   2.0334652e+00  -6.4261360e+00  -3.5762517e+00   2.6529981e-02   4.6589149e-02  -7.3897874e-01   9.2009438e-01   1.7628027e+00  -8.1066588e-01   3.7894324e+00   2.0290225e+00  -2.4388750e+00   4.5777133e-01   6.8851112e-01   4.9609718e-01  -5.9677864e-02   2.0043891e-01
   1.7135553e+01   4.1415075e+00   5.4445080e+00   2.3556478e+01   1.8081366e+01   1.3796031e+01   1.1954616e+01   2.1034307e+00  -6.1780579e+00  -2.6957258e+00   5.6510600e-01  -1.3421446e-01  -8.4370325e-01  -2.5527093e+00  -2.3505268e+00  -1.6223461e+00  -4.8120343e-01   5.1904289e-02   8.8733470e-01   3.2036113e-01  -8.1056761e-01  -8.0446221e-01  -5.6860082e-01  -2.2645979e-01
   1.5891073e+01   3.8029816e+00   4.2041319e+00   1.7211467e+01   1.4270672e+01   1.0296829e+01   9.7627971e+00   2.0958611e+00  -6.7589214e+00  -3.9200003e+00   7.1313070e-01   1.4202782e-01  -3.6060314e+00  -2.1804702e+00  -2.4116534e+00  -7.6227252e+00  -6.0486831e+00  -2.5768004e+00  -1.9029889e+00  -9.7899203e-01   9.5940868e-01   1.5741684e+00   5.7026873e-01   1.2225369e-01
   1.6839474e+01   1.1718479e+00   2.9233843e+00   2.0003153e+01   1.4831116e+01   1.0155771e+01   1.0499437e+01   1.3618829e+00  -8.7968196e+00  -3.5164883e+00   2.0541174e-01  -2.4129390e-01  -1.2079621e+00  -1.8529424e-01   1.1442522e+00  -3.1801297e+00  -2.4147940e+00  -2.9931444e+00  -4.0116633e+00  -2.9315838e+00   9.8590916e-01   1.6805414e+00   2.5321920e-01   1.8362245e-01
