   2.9602733e+00   1.3957880e+01   1.3333647e+00   8.7613695e-01  -1.3133246e+00   6.9637148e+00  -3.4756435e+00   1.4199656e+00  -2.0483427e+00  -1.6820196e+00  -1.3604430e+00  -8.8387468e-03   7.5882420e+00  -3.6141041e+00  -1.0340076e+00  -6.3708866e+00   1.7299492e-01  -9.6127642e-01  -1.4145751e+00   2.9951597e+00  -4.4940875e-01  -3.7359807e+00  -1.4567260e+00  -3.3261721e-03
   6.9818403e+00   9.9014728e+00   1.4132200e+00  -3.5581402e+00  -1.5277152e+00   7.3963884e+00  -5.4256335e+00  -3.5131552e-01  -2.0583961e+00  -3.7274810e+00  -2.7887714e+00   6.5022599e-02   5.2413515e+00  -3.1861468e+00  -1.7622877e+00  -6.2903521e+00  -8.0375234e-01  -3.2661046e+00   1.3215355e+00   3.2539323e+00   3.5792595e-02  -4.0630551e+00  -2.3451057e+00  -1.2528029e-01
   6.6363898e+00   9.5393383e+00   2.4126418e-01  -2.2124283e+00  -1.2706140e+00   4.1987902e+00  -5.5055485e+00  -1.7406519e+00  -3.4658844e+00  -5.2256091e+00  -3.3897865e+00  -3.5178395e-01   1.3958637e-01   4.2416388e-01   2.7912126e-01  -4.7663470e+00   2.2045183e+00  -2.5766029e+00   1.9161505e+00   6.2106382e-01   1.3469449e+00  -2.5600519e+00  -2.0070866e+00  -1.7863749e-01
   4.4456207e+00   1.1168182e+01   8.3845912e-02  -3.8088266e+00   1.9698664e-01   4.7708505e+00  -7.8615261e-01   2.6144450e+00   4.0287575e-02  -4.9190159e+00  -4.0216581e+00  -1.8144634e-01  -3.1013495e-01   2.9931591e+00  -3.5205329e-01  -2.3845546e+00  -9.3821540e-01  -1.1856141e-01   3.4874050e+00   9.1276288e-01   5.1862854e-01  -5.1875942e-01  -8.2939103e-01  -1.2926097e-01
   4.4377627e+00   1.3960771e+01   2.4167336e+00  -6.1480403e+00   1.1311020e+00   4.4115794e+00  -2.9211582e+00   8.6868104e-01  -1.0772671e+00  -4.9263300e+00  -3.7546296e+00  -1.5356051e-01   2.1947033e+00   2.3742316e+00  -1.1361842e+00  -1.0593277e+00  -3.6853220e+00   2.2200109e+00   7.4819502e-01   3.3412656e-01  -1.0473627e+00   1.9302238e-01  -8.3575813e-02  -4.1737064e-02
   7.6159515e+00   1.2180495e+01  -2.0259463e-01  -5.1671660e+00  -4.1358963e+00   7.1121517e+00  -1.4867212e+00  -2.8683769e-01  -2.4747619e+00  -4.6552597e+00  -3.8504364e+00  -2.2798058e-01   3.2872151e+00   1.1413132e+00  -2.6266857e+00  -2.7766455e-01  -5.3470159e+00   3.0326151e+00  -1.3184754e+00  -8.6390946e-01  -1.8794339e+00   1.6070193e-01   3.5551162e-01  -3.1477421e-01
   8.3432794e+00   1.2594529e+01  -1.3197919e+00  -3.1222501e+00  -4.6321555e+00   6.3581559e+00  -4.0329717e+00   2.1117924e-01  -3.7794038e+00  -5.0679536e+00  -3.6007611e+00  -3.9112242e-01   9.0802975e-01  -2.8419620e-01  -2.4082264e+00   2.9041279e-01  -4.6248400e+00   7.2674391e-01  -5.9376915e-01  -1.0629927e-01   3.9383792e-01  -1.9095482e-01   3.7881738e-01  -5.3226725e-01
   7.4236850e+00   1.3563273e+01  -1.9879199e+00  -5.7382185e+00  -4.9419085e+00   8.3464849e+00  -2.2079589e+00   1.6473317e+00  -1.4277949e+00  -4.6071512e+00  -3.5653249e+00  -5.3482670e-01  -3.5887918e-01  -8.0094345e-01  -1.1072243e+00   1.9311977e+00  -7.6663184e-01  -2.2787257e-01  -7.4355081e-01  -2.5380073e+00   2.6553009e+00  -3.6546282e-01   1.1439421e+00  -1.3847864e-02
   5.8959405e+00   1.2843088e+01  -3.0294336e-01  -5.4268949e+00  -5.4031518e+00   4.8845287e+00  -3.4511931e+00  -2.5785256e-01  -1.0099937e+00  -5.2368165e+00  -3.3289593e+00  -7.9853832e-01  -6.0019615e-02  -3.2458317e+00  -8.6996821e-01   4.2304029e+00   2.0776552e+00  -3.0741423e-01  -1.4615380e+00  -5.3830848e+00   1.4167460e+00  -8.7517414e-01   1.1029801e+00   4.0994391e-01
   8.3013022e+00   1.0854801e+01  -2.3718553e+00  -1.1180471e+00  -4.9003459e+00   7.5071565e+00  -2.8929368e+00  -3.8593327e+00   1.2348435e-01  -5.1190224e+00  -2.2704241e+00  -4.5044433e-02   2.2147192e-01  -2.6894257e+00  -1.3932417e+00   4.0385233e+00   4.2929858e+00  -2.0248961e+00  -1.5166465e+00  -4.5222953e+00  -6.1409601e-01   1.0152660e-01  -2.6331783e-02   4.0667401e-01
   7.8144415e+00   9.0800176e+00  -2.4327765e+00   9.1326850e-01  -1.5364541e+00   6.3166988e+00  -5.8827897e+00  -5.1101158e+00  -2.4299244e+00  -6.1247792e+00  -2.5937414e+00  -2.1097687e-02  -1.5839979e+00   1.2049675e+00   3.9183537e-01  -1.1438661e+00   5.2650091e+00  -2.5728905e+00  -9.5947612e-01  -5.7783861e-01   2.4447956e-01   1.3843946e+00  -1.1308563e+00   9.7207566e-02
   6.7966425e+00   1.1410669e+01  -3.0128659e+00  -2.8505153e+00  -4.3577870e-01   4.5930557e+00  -3.2671304e+00  -2.7099796e+00  -1.6389736e+00  -4.0108800e+00  -3.9724316e+00  -3.1353601e-01  -1.5981854e+00   3.5841882e+00   2.6136547e+00  -7.8063175e+00  -2.2889634e-02  -2.4683729e-01   3.8050643e+00   3.0722416e+00  -7.6007072e-01   1.6640243e+00  -1.3958138e+00  -2.7192569e-01
   4.2722735e+00   1.4372605e+01   6.0531501e-01  -6.2764599e+00   2.6207815e-01   2.4822433e+00  -4.7033104e+00  -1.6992870e+00   2.3795457e-01  -3.7142958e+00  -4.1742400e+00  -5.1848118e-01   4.4379338e-01   2.2446772e+00   2.1020228e+00  -8.4934398e+00  -5.5335232e+00   1.9070958e+00   5.8057684e+00   2.6247299e+00  -1.4014412e+00   7.4835474e-01  -7.6024539e-01  -5.3453107e-02
   7.6751080e+00   1.3584789e+01   2.9581041e-02  -9.2326591e+00  -5.8339465e+00   9.0541283e+00   2.2249200e+00  -9.5638474e-01  -2.3505612e+00  -3.8282277e+00  -3.5738956e+00  -2.0424122e-01   3.0500422e+00  -5.2848615e-01  -1.1140183e+00  -2.4746734e+00  -7.5684453e+00   2.2575630e+00   3.0333323e+00   2.7454612e+00  -3.6241702e+00  -9.4207880e-01  -7.6584805e-02   1.6695773e-01
   8.0408988e+00   1.1359973e+01  -8.0096574e-01  -8.6358193e+00  -7.1376550e+00   6.9468061e+00   7.9837726e-02  -2.0498183e+00  -4.1762924e+00  -5.0935732e+00  -3.9333775e+00  -1.5592474e-01   1.9178486e+00  -9.1570861e-01  -3.7227036e+00   5.8933587e-01  -4.4293223e+00  -2.3407642e-01   1.6389984e+00   9.6879546e-01  -2.9965589e+00  -1.0814470e+00   3.9447823e-01   4.0468875e-02
   9.4873932e+00   1.2124256e+01  -3.9807531e+00  -5.3828457e+00  -8.0885801e+00   5.7471187e+00  -1.1087060e+00   1.5834778e+00  -4.8681054e+00  -4.7343595e+00  -4.2077400e+00  -2.4437763e-01  -1.7788661e+00   5.9586058e-01  -2.3701003e+00   2.0714726e+00   4.0073984e+00  -3.6203567e+00  -3.3381474e+00  -1.8597852e+00   1.3331754e+00  -3.3485079e-01   1.1956499e+00  -4.3936013e-02
   6.2429038e+00   1.3729309e+01  -2.9735733e+00  -7.3173628e+00  -5.2545885e+00   3.7846335e+00  -5.7799986e-01  -1.5160251e+00  -2.9981117e+00  -4.8834005e+00  -3.2656005e+00  -4.3770966e-01  -2.0262468e+00  -7.8019013e-01  -2.1439160e+00   4.1973480e+00   5.5755643e+00  -1.4449779e+00  -3.1921935e+00  -4.4049496e+00   2.9500121e+00  -2.7483117e-01   1.7591504e+00  -1.3586329e-02
   5.9058063e+00   1.3293912e+01  -2.4392657e+00  -6.7846785e+00  -7.6438205e-01   5.2046796e+00  -2.4533823e+00  -4.0129591e+00  -9.3988846e-01  -4.4355903e+00  -2.1143093e+00  -1.2925278e-01  -9.3649960e-01  -2.0398635e+00  -2.9561798e+00   6.4560300e+00   4.9317217e+00  -1.4585783e+00  -1.6038015e+00  -4.6136310e+00   1.5151404e+00  -8.2046493e-01   9.6940341e-01  -9.4663632e-02
   6.7923220e+00   9.6048598e+00  -4.7875834e+00  -1.6388808e+00  -2.4364076e+00   5.0505589e+00  -4.0361144e+00  -5.8590243e+00  -1.7153827e+00  -5.6552046e+00  -2.3413673e+00  -2.3386666e-01   1.3977850e+00  -1.1873032e+00  -1.9263927e+00   5.4182985e+00  -3.5084132e-02  -1.3605994e+00   4.8008213e-01   9.5192779e-01   1.1886933e-01  -5.6028980e-01  -5.5350517e-01  -9.9929457e-03
   7.8079347e+00   1.1126685e+01  -7.5080177e+00   1.4619584e+00  -2.1000880e+00   2.9262886e+00  -1.7853510e+00  -3.1654690e+00  -3.2367594e+00  -5.5791548e+00  -3.2157515e+00  -4.8829458e-01   1.9758044e+00   1.4767070e+00   9.1931339e-01  -7.0607757e-01  -4.7116581e+00   7.6023460e-01   4.2425822e+00   2.9009937e+00  -1.9650431e+00   4.2504573e-01  -8.7824338e-01  -1.8895934e-01
   7.3885170e+00   1.3031968e+01  -3.3287864e+00  -3.3132336e+00  -4.6393617e+00   2.8829298e+00  -1.9189229e-01  -5.1187851e-01  -1.6713723e+00  -5.1520529e+00  -3.5451371e+00  -2.7317818e-01   1.0684333e+00   2.7601799e+00   3.8311179e+00  -7.4796778e+00  -5.1549225e+00   3.7760890e+00   4.4780190e+00   2.1005524e+00  -2.7821271e+00   1.3560491e+00  -1.2117746e-01  -6.2322273e-02
   8.5714154e+00   1.3795419e+01  -1.7896941e+00  -7.0066185e+00  -6.7303921e+00   7.4288460e+00   1.9883800e+00  -2.3350415e+00  -3.9094583e+00  -4.0495975e+00  -2.8297895e+00  -3.9303603e-01   7.9880154e-01   1.8159520e+00   2.3726651e+00  -6.2008806e+00  -3.2436149e+00   2.9485645e+00   1.3518524e+00  -4.0432767e-01  -2.3123922e+00   3.6666675e-01   2.3175269e-01  -5.2747890e-02
   8.0132317e+00   1.2410762e+01  -1.9000684e+00  -8.6241091e+00  -7.8536393e+00   8.4634137e+00   7.9404859e-01  -3.1234094e+00  -5.5522238e+00  -4.3859096e+00  -2.7161145e+00  -3.7497934e-01  -5.3325359e-01   2.1439919e+00  -3.4616297e-01  -2.2574062e+00   1.3227694e+00  -2.6599272e+00  -6.9749828e-01   2.2449283e+00  -1.9367055e+00  -9.6988651e-01  -2.2820105e-01  -1.5803027e-01
   8.6937797e+00   1.4161215e+01  -4.6633790e+00  -5.1839248e+00  -5.3583715e+00   4.5588935e+00  -2.5054293e-01  -2.4661951e+00  -4.7649218e+00  -5.4122264e+00  -3.2826338e+00  -5.1651584e-01   2.0602737e-01   8.0615503e-01  -2.2465634e+00  -6.7002379e-01   5.4077597e+00  -5.5478811e+00  -2.5316344e+00   4.3168149e+00   2.2830514e-01  -3.0513025e-01   1.3802477e-01   3.6393931e-02
   6.5274545e+00   1.6065057e+01  -2.4111884e+00  -7.6106897e+00  -3.3412179e+00   3.2801525e-01  -1.1867823e-01   2.9210907e+00  -4.1486987e+00  -5.9255682e+00  -3.6610165e+00  -4.4848368e-01   1.9060115e+00  -2.4464799e+00  -3.3243633e+00  -1.1691741e+00   7.2228681e+00  -4.2684629e+00  -2.8072594e+00   3.0499089e+00   3.1860703e-01   5.5491318e-01   3.2366246e-01   1.8222735e-01
   9.6233450e+00   1.3177504e+01  -4.9039793e+00  -8.5183639e+00  -8.7496332e-01   3.1747236e+00  -1.3527081e+00   1.1179308e+00  -4.2687631e+00  -3.7374636e+00  -2.1503013e+00  -3.0169297e-01   2.7067372e+00  -4.3530341e+00  -3.3049724e+00  -8.0850788e-01   4.9932794e+00  -8.6760035e-01  -3.7203100e+00  -4.4350293e-01  -1.2697528e-01   1.4846325e+00  -8.7159723e-02   9.4500397e-03
   1.0407466e+01   9.2328982e+00  -6.7663132e+00  -8.7106508e+00   7.3895873e-01   2.7528043e+00  -2.8657579e+00  -3.4060893e-01  -5.3223926e+00  -4.3909212e+00  -2.7967871e+00  -2.0904975e-01   2.2724286e+00  -3.2336035e+00  -2.8095373e+00   2.7379738e+00   1.8729944e+00   1.6907453e-01  -3.8966705e+00  -3.1889236e+00   1.9583628e-01   1.6093108e+00  -6.9145443e-01  -1.9820730e-01
   1.0813880e+01   1.1047744e+01  -7.4432752e+00  -5.8467061e+00   9.1459279e-02   2.0450984e+00  -4.4574680e+00  -1.5005997e+00  -4.3685378e+00  -3.9526011e+00  -3.8454881e+00  -6.2205775e-01  -5.9863730e-01   6.7587328e-01   1.3282105e+00   1.1370862e+00  -1.6567649e+00   3.0506492e+00  -1.3488472e+00  -1.9647676e+00   1.0874432e+00   4.1306131e-01  -8.6929379e-01  -6.8176219e-03
   9.3408301e+00   1.2279532e+01  -5.3558463e+00  -4.8395579e+00  -1.0149375e+00   1.1464396e+00  -4.4113041e+00  -5.5302948e-01  -3.8050570e+00  -3.4040332e+00  -3.8506048e+00  -5.8561225e-01  -1.6985839e+00   2.4698425e+00   3.7519730e+00  -4.1456004e+00  -3.1633578e+00   6.7910561e+00   6.9685435e-01  -2.5264432e+00   1.4935470e+00   1.0037012e-01  -1.7678639e-01   1.7092125e-01
   9.2587071e+00   1.2667997e+01  -3.6168970e+00  -8.7482811e+00  -2.4831626e+00   8.5538798e+00  -2.6032059e+00  -1.7230103e+00  -3.3962662e+00  -3.6113156e+00  -2.9273331e+00  -1.2363815e-01  -1.4170122e+00   2.2499372e+00   2.6954587e+00  -4.9902897e+00  -2.2358294e+00   6.0326044e+00   7.5031270e-01  -2.3028902e+00  -1.3543811e-02  -1.2143020e+00   3.0423562e-01   1.7509478e-01
   8.6371766e+00   1.2127535e+01  -3.0515428e+00  -1.3478264e+01  -2.7187671e+00   9.6849978e+00  -2.7476075e+00  -4.0190685e+00  -3.5682079e+00  -4.4110088e+00  -3.5210441e+00  -2.0187766e-01  -8.2449418e-01   2.0746340e+00   1.6003886e+00  -2.8434635e+00  -7.6804697e-01   2.0184451e+00   1.2289321e+00  -6.7164342e-01  -6.0645262e-01  -2.6938803e+00  -2.7707779e-01   6.9211615e-02
   9.0401881e+00   1.4498648e+01  -4.5522390e+00  -9.0127877e+00  -2.4103701e+00   6.8247259e+00  -4.1638473e+00  -3.2219155e+00  -4.5072781e+00  -5.2705663e+00  -3.5539150e+00  -5.5128287e-01   1.7851008e-01   6.6606530e-01   8.6954326e-01  -7.0361786e-01   3.8293140e-01  -1.2147002e+00   1.6316035e+00   1.3297806e+00   9.9912829e-01  -7.3908482e-01  -1.1883045e-01   6.6250983e-02
   8.2133483e+00   1.4476158e+01  -2.4875924e+00  -8.9724998e+00  -2.2034042e+00   5.0386842e+00  -1.7875852e+00  -8.1104202e-01  -4.1592300e+00  -6.6152284e+00  -3.9529305e+00  -2.6797247e-01   1.0751976e+00  -1.5511092e+00  -3.9449570e-01  -2.4975474e+00   1.2538098e+00   1.2798934e+00   2.3498055e-02   4.0338063e-01   2.2639456e+00   9.2011524e-01  -2.7821747e-01   2.7573054e-01
   9.7383864e+00   1.2492784e+01  -2.5945573e+00  -1.2056590e+01  -2.1664469e+00   9.0549864e+00  -6.3581168e-01  -1.3323526e+00  -1.6020627e+00  -3.6178330e+00  -2.8896356e+00   8.7857252e-03   1.4144504e+00  -2.2306204e+00  -1.9956171e+00  -2.5323586e+00   1.5152414e+00   8.5464255e-01  -1.6855279e+00  -1.7167242e+00   2.6353750e+00   1.3014005e+00  -7.3306241e-01   2.4159286e-01
   9.9008739e+00   1.0803804e+01  -4.6221272e+00  -1.5702684e+01  -9.6001389e-01   1.0489708e+01  -4.4763782e+00  -4.3587790e+00  -1.6248971e+00  -3.8572025e+00  -4.2705100e+00  -6.8316153e-02   1.1198009e+00   2.1447867e-01  -2.8397763e+00   5.7814750e-01   1.9627380e+00  -2.9311013e+00  -2.9691096e+00  -1.8911995e+00   4.8709107e-01   1.2290220e+00  -9.9674564e-01  -1.5275486e-01
   1.0318101e+01   1.2988895e+01  -6.4783972e+00  -9.4462336e+00  -7.5920306e-01   5.3811780e+00  -5.3477426e+00  -4.0231333e+00  -1.8213820e+00  -4.6974785e+00  -4.4947188e+00  -2.8872174e-01  -3.3497742e-01   3.0030379e+00  -1.7984644e+00   2.2359647e+00   6.3341392e-01  -3.3431467e+00  -1.2932955e-01  -9.6864863e-01   1.4416438e-01   4.8456032e-01  -4.4768893e-01  -1.4239020e-01
   9.6031925e+00   1.4549820e+01  -4.8053369e+00  -9.4104567e+00   3.7080810e-02   2.4789364e+00  -3.8852841e+00  -2.3024509e+00  -3.3189337e+00  -4.2318726e+00  -4.6455074e+00  -3.4835103e-01  -1.1229465e+00   2.3227587e+00  -2.1318045e-01  -8.6718966e-02  -9.3482740e-01  -1.5964830e-02   1.7400308e+00  -3.6572424e-01   9.8468682e-03   8.7783095e-01   5.2897686e-01   2.4367551e-02
   9.3847610e+00   1.5124332e+01  -5.2006490e+00  -1.1848756e+01  -1.7148734e+00   8.0456519e+00  -1.1253531e+00  -3.8134896e+00  -5.3879785e-01  -2.7036575e+00  -3.3736703e+00  -6.4782132e-02  -5.8183094e-01   1.4650241e+00   2.6590154e-01  -3.5394700e+00  -1.3253732e+00   3.5948008e+00  -9.0872102e-02  -2.1874659e+00   1.8363869e-01   6.3682683e-01  -7.2492839e-02   8.0018504e-02
   8.6831240e+00   1.3220223e+01  -5.5807719e+00  -1.4631501e+01  -1.8844198e+00   9.1335235e+00  -3.9775268e+00  -5.0121872e+00  -2.2514188e+00  -3.5373666e+00  -4.0375690e+00  -1.4373463e-01   8.8630180e-01   3.6230110e-01   1.0627993e+00  -1.1338298e+00  -2.5226548e+00   1.8234019e+00  -1.8880824e+00  -6.2915158e-01  -3.7475649e-01  -1.1650307e+00  -7.9451968e-01   4.8067976e-02
   9.9053887e+00   1.5851230e+01  -5.6918273e+00  -1.2144916e+01  -1.7865125e+00   7.4460857e+00  -5.4379294e+00  -5.9494640e+00  -2.0796814e+00  -4.0894912e+00  -4.9074273e+00  -2.7100218e-01   1.0913551e+00  -2.7887689e-01   2.4142294e+00   1.2394998e+00  -2.3988028e+00  -1.7969177e-01  -2.1941226e+00   2.3315330e+00  -9.8884739e-01  -6.1567584e-01  -4.9513457e-02  -1.4831583e-02
   1.0672331e+01   1.4729823e+01  -2.9655488e+00  -1.0963121e+01  -3.7110818e+00   5.5138223e+00  -4.5611195e+00  -2.1781910e+00  -3.1106267e+00  -5.2865018e+00  -5.0704084e+00  -1.7313904e-01   4.1576130e-01  -1.7451266e+00   2.2555004e+00  -1.2870220e+00  -1.8471505e+00   3.4515273e+00  -1.6634578e+00   2.4896421e+00   5.2105209e-01   1.2577358e-01   9.2505704e-01   1.5129945e-01
   1.0027190e+01   1.3951217e+01  -2.8869165e+00  -1.1823696e+01  -4.3997466e+00   9.5859648e+00  -4.1247406e+00  -1.7331882e+00  -1.5924650e+00  -2.7526037e+00  -2.9315208e+00  -7.2327302e-02  -8.8574258e-01  -1.6405800e+00   5.1605511e-01  -3.2498821e+00  -5.5291359e-01   4.5795501e+00  -3.3158172e+00   1.0137026e+00   2.0418194e-02   3.7838086e-02   1.1218570e+00   5.8701301e-02
   9.2458653e+00   1.1552539e+01  -3.5999768e+00  -1.6722644e+01  -3.3485285e+00   1.3240875e+01  -7.1293078e+00  -3.3858619e+00  -1.7134489e+00  -4.0171500e+00  -3.6379367e+00  -1.6122886e-02  -1.0065675e+00   9.0342107e-01  -4.2304089e-02  -1.1906337e+00  -1.8180564e-01   4.5705717e-01  -4.9387294e+00  -6.6050928e-01   1.0229312e-01  -8.6707606e-01   2.0205684e-02  -3.8499247e-02
   9.2900078e+00   1.4979002e+01  -4.6005307e+00  -1.4139978e+01  -2.7971595e+00   1.0451885e+01  -9.1275610e+00  -3.8250748e+00  -2.7476430e+00  -4.6674100e+00  -3.9408776e+00  -2.6145830e-01  -3.5107830e-01   1.7383294e+00   3.1323898e-01   2.5263567e+00  -2.1464221e-01  -3.7214194e+00  -1.4140384e+00  -1.5018494e+00   1.1484899e+00  -1.2462972e+00  -2.4789622e-01   1.4046884e-01
   9.5310711e+00   1.5571063e+01  -2.1721979e+00  -1.1590931e+01  -4.7850838e+00   5.7664482e+00  -9.4678034e+00  -2.1230117e+00  -2.3795980e+00  -5.6297127e+00  -4.5354215e+00  -1.3632241e-01   3.4136035e-02  -2.0157852e-01  -6.4827128e-01   3.3022308e+00  -7.8142533e-01  -1.5456083e+00   2.0540533e+00  -2.0083983e+00   2.8563234e+00  -2.1884905e-01   5.5250244e-01   2.4979169e-01
   9.3579696e+00   1.4549449e+01  -3.1309475e+00  -1.0600018e+01  -4.0034323e+00   7.7410490e+00  -5.0765505e+00  -4.6173873e+00   4.6334444e-01  -3.8157682e+00  -2.8546227e+00   1.9847572e-01  -2.1197413e-01  -2.5338833e+00  -1.3501868e+00   1.6893061e+00  -1.3171021e-01   1.0322968e+00   2.2659944e+00  -2.9963052e+00   2.0708672e+00  -6.5841129e-01   7.7527806e-01   1.5994344e-01
   9.2630885e+00   1.1464948e+01  -5.3071753e+00  -1.3539278e+01  -3.9175301e+00   1.2277880e+01  -6.0737332e+00  -6.0023031e+00   9.6554242e-01  -4.7712445e+00  -3.3523105e+00   1.2859764e-01  -6.6748048e-02  -1.5833602e+00   4.3678370e-01   1.0208885e+00  -1.6660061e+00   7.1584680e-01  -3.9805062e-01  -9.8666194e-01   3.0554291e-01  -2.0695404e+00   1.4462850e-01  -1.5904148e-01
   9.1060379e+00   1.3231234e+01  -5.0583221e+00  -1.0631846e+01  -3.4285016e+00   8.7446139e+00  -7.4256046e+00  -6.3798869e+00  -1.3139124e+00  -6.0842610e+00  -3.3695160e+00  -1.5400317e-01   1.7098562e-01   1.0768156e+00   3.4365279e+00  -1.0739756e-01  -1.9133729e+00  -1.8702491e+00  -2.2457305e+00   3.1693632e+00  -2.2894838e+00  -1.3332105e+00  -2.0427301e-01  -6.3734953e-02
   9.5569149e+00   1.3855130e+01  -5.5333505e-01  -1.0043684e+01  -7.5715583e+00   6.3384360e+00  -8.8903523e+00  -2.7217548e+00  -1.0326552e+00  -7.5997769e+00  -4.0610321e+00  -1.9864519e-01   8.4842699e-01   4.6312024e-01   2.8355631e+00  -2.1934408e+00  -3.4265659e-01   1.6563546e-01  -5.3409791e-01   3.6311633e+00  -2.7958644e+00   1.7291502e+00   6.7674406e-02   2.8821750e-01
   9.4675348e+00   1.4969582e+01  -3.5307587e-01  -1.2508911e+01  -5.0464776e+00   7.9053975e+00  -7.0368367e+00  -1.5036167e+00  -1.9717825e+00  -4.4013178e+00  -2.8066714e+00   2.6649471e-01   8.2060490e-01  -9.3792339e-01  -5.5840047e-01  -3.4473069e+00   1.3973185e+00   3.4764744e+00  -7.7381256e-02   6.9319508e-01  -2.6085321e+00   2.4283035e+00  -2.2726709e-01   3.4061865e-01
   1.0354981e+01   1.1290454e+01  -3.4064538e+00  -1.5890907e+01  -3.6225270e+00   1.2945942e+01  -7.0692640e+00  -2.9936933e+00  -2.8993192e+00  -3.0189908e+00  -3.5322211e+00   3.5067495e-01   9.8487790e-01   9.0805375e-01  -3.0773269e+00  -7.6969016e-01   2.8845952e+00  -9.1591396e-01  -8.4226845e-01  -1.2819637e+00  -2.9002933e+00   2.2501133e+00  -1.1239953e+00  -9.3512232e-02
   9.9379125e+00   1.3106687e+01  -4.4693634e+00  -1.2879195e+01  -3.3070395e+00   1.0655573e+01  -8.4522206e+00  -5.2041250e+00  -4.2933785e+00  -4.7321989e+00  -3.9748221e+00   8.2264742e-02  -2.8012937e-02   2.6907888e+00  -2.1752608e+00   4.5801444e+00   8.3663434e-01  -5.9538994e+00   9.4964265e-02  -7.2042159e-01  -1.3169729e+00   2.0739602e-01  -6.2501790e-01  -3.7034265e-01
   1.0799043e+01   1.6148658e+01  -3.1111816e+00  -1.1013078e+01  -4.1143846e+00   3.5894774e+00  -9.4460630e+00  -2.7944461e+00  -4.2222972e+00  -4.0591664e+00  -5.1629497e+00  -2.4679855e-01  -6.8806569e-01   1.2975254e+00  -1.1335145e+00   5.7210867e+00  -3.4742475e-01  -5.0931294e+00   2.0715157e+00   1.0779739e+00   1.3631688e+00  -9.8601568e-01   1.5301782e+00  -3.6765984e-01
   9.2034842e+00   1.6576663e+01  -3.7636032e+00  -8.0776090e+00  -3.5455973e+00   3.6527804e+00  -5.7059908e+00  -2.6838726e+00  -3.2857528e+00  -3.5701359e+00  -2.9288340e+00   9.7174905e-03  -5.4128693e-01  -1.8459312e+00  -1.5790990e+00   4.4898132e+00  -1.2467985e+00  -7.4726634e-01   2.6288720e+00   3.0540983e-01   1.2485001e+00  -1.7639899e+00   2.4069194e+00  -8.7704792e-02
   9.6900961e+00   1.1501754e+01  -5.4596057e+00  -9.7100696e+00  -4.0243852e+00   8.8076436e+00  -5.3351054e+00  -2.6368587e+00  -1.3583788e+00  -5.0790458e+00  -1.7599479e+00  -1.6454118e-01  -5.0112215e-01  -2.0386626e+00  -8.0877095e-01   5.2146051e+00  -3.5277671e+00   2.5327312e-01   1.8627746e+00  -7.3892666e-01  -4.3535645e-01  -2.5900203e+00   1.2781975e+00   2.7116508e-02
   9.6804555e+00   1.2661242e+01  -5.6637998e+00  -6.7959791e+00  -5.2222369e+00   6.9255901e+00  -6.5643914e+00  -4.8248040e+00  -3.8525876e+00  -6.8682440e+00  -2.0659440e+00  -9.0421129e-02   5.3240633e-01   4.8367993e-01   1.7979796e+00   3.2437243e+00  -4.1628875e+00  -1.2061239e+00  -5.2981540e-01   9.4238031e-01  -1.3067749e+00  -1.3452825e+00  -2.6258480e-01  -1.0016839e-02
   9.8088741e+00   1.5048375e+01  -3.3742397e+00  -3.8319850e+00  -8.5677154e+00   2.3329822e+00  -6.2227009e+00  -2.8323704e+00  -4.5919144e+00  -6.2951428e+00  -3.6770985e+00  -1.5605448e-01  -5.2293017e-02   1.8999737e+00   1.0334828e+00  -1.4804260e+00  -1.1372932e+00   1.2700877e+00  -3.4365055e-01   4.0794285e-01   6.4455299e-02   7.8549872e-01  -6.1466642e-03   5.7677061e-02
   9.9427047e+00   1.5528873e+01  -2.1093168e+00  -6.1510648e+00  -7.5182635e+00   5.0809253e+00  -6.0569161e+00  -1.1725463e+00  -3.6291474e+00  -4.9800112e+00  -2.3641359e+00  -9.5511194e-03  -4.7899345e-01   3.0728081e-01  -8.2443452e-01  -5.8289052e+00   2.9617919e+00   4.3718357e+00   6.7121159e-01  -1.8152018e+00   1.6751415e+00   5.7693528e-01   5.1260522e-01  -1.2347388e-01
   9.4805319e+00   1.2917899e+01  -5.6866231e+00  -1.2253166e+01  -4.5823116e+00   1.1635108e+01  -6.1043189e+00  -3.8510733e+00  -1.3734159e+00  -4.8449141e+00  -1.6200719e+00  -1.1846060e-01  -5.0335737e-01   7.0477015e-01  -1.7164091e+00  -6.3978732e+00   5.0362421e+00   2.2234837e+00   4.0695609e-01  -3.9486628e+00   8.6194970e-01  -6.1100613e-01   1.4116559e-01  -1.1344855e-01
   9.1261364e+00   1.4187401e+01  -5.7442599e+00  -1.1328747e+01  -2.7722510e+00   8.8322810e+00  -5.6167650e+00  -7.0382553e+00  -2.9491246e+00  -6.7279554e+00  -2.3255494e+00  -2.9442889e-01  -1.1131207e+00   2.8911623e+00   2.2635852e-01  -2.2175254e+00   2.9702705e+00  -3.1088774e+00   9.3656075e-01  -3.2802709e+00  -2.5418951e-01   1.6082572e-01  -1.2263402e+00   9.6673204e-02
   9.4621222e+00   1.6776266e+01  -4.1313819e+00  -1.0839954e+01  -3.3863585e+00   3.7925299e+00  -5.8323423e+00  -5.8225101e+00  -3.6390013e+00  -6.3376799e+00  -3.4846434e+00  -1.8378842e-01   4.4345251e-01   1.1707814e+00  -2.2903701e-01   1.7064025e+00   1.3782284e+00  -4.8299390e+00   1.5225991e+00   9.9314272e-01   1.3687494e-01   1.6384670e+00  -1.0399735e+00   4.1699523e-01
   8.2822286e+00   1.7936433e+01  -2.5473997e+00  -1.0183959e+01  -3.6608344e+00   4.3388980e+00  -4.7880633e+00  -5.1072342e+00  -2.8776390e+00  -3.9923898e+00  -3.2713605e+00   1.6812260e-01   1.2675345e+00  -2.3498716e+00  -2.0381322e+00   1.9060187e+00   1.4054049e+00  -2.0785198e+00   1.3819266e+00   2.2513889e+00  -2.7124304e-01   1.4763460e+00  -5.6958308e-02   4.6003323e-01
   1.0567665e+01   1.2799556e+01  -7.6286087e+00  -1.0265956e+01  -2.0706774e+00   6.6368905e+00  -4.2347711e+00  -3.3268697e+00  -1.2038463e+00  -3.7549965e+00  -2.7071266e+00   2.7575651e-01   1.8258150e+00  -3.2034101e+00  -2.6742566e+00   3.8784455e+00   5.5856058e-01  -2.2913553e+00   5.7143086e-01   1.0421712e+00  -2.3784862e+00   3.1399702e-03   6.0230453e-01  -3.4315749e-02
   1.0474667e+01   1.2650948e+01  -7.0528448e+00  -8.7567175e+00  -1.3219842e+00   4.2923210e+00  -4.3426607e+00  -4.9089922e+00  -4.5735667e+00  -5.8047781e+00  -2.7997453e+00   1.6584849e-01   9.3310998e-01  -6.0112238e-01   3.4120346e-01   4.1196060e+00  -1.6495520e+00  -3.2222314e+00   5.1103133e-01   1.5517097e-01  -3.0746430e+00  -8.8669057e-01   5.6441172e-01  -3.4618364e-01
   1.1104625e+01   1.4613893e+01  -5.8900442e+00  -5.7359064e+00  -3.7179427e+00   3.7878551e-01  -5.1978973e+00  -4.3583743e+00  -6.3587667e+00  -5.4267758e+00  -2.8169942e+00  -2.3412499e-01  -5.9993846e-01   1.5018507e+00   1.7116705e+00   4.5187411e-01  -1.6309255e+00   2.4802511e-01  -1.2537998e-02   1.7154530e-01  -4.1000226e-01   3.4262173e-01   9.2242614e-01  -3.5211977e-01
   9.4134131e+00   1.6127580e+01  -2.9048767e+00  -6.2695746e+00  -5.3115297e+00   2.6346034e+00  -3.5399532e+00  -4.3587255e+00  -4.9121433e+00  -4.4865360e+00  -2.3698091e+00  -9.6212112e-02  -9.1187920e-01   2.0574885e-01  -7.0905807e-01  -1.9114501e+00  -1.6271248e-01   4.2444657e+00  -1.1384906e+00   4.7274770e-01   1.6561694e+00   2.3031278e-01   7.7989138e-01  -7.2834691e-02
   1.0198384e+01   1.3314016e+01  -7.1350870e+00  -1.0831716e+01  -2.5222929e+00   7.8377869e+00  -4.6549319e+00  -3.3446851e+00  -1.6495614e+00  -3.9001850e+00  -1.5384555e+00  -1.2139284e-01  -3.4800462e-01  -8.1963779e-02  -1.9686252e+00  -8.5574840e-01  -5.9833847e-01   3.6493897e+00  -1.0821953e+00  -1.4049868e+00   1.2586511e+00  -4.7942047e-01  -2.7781116e-01   1.0231546e-02
   9.5599690e+00   1.3609510e+01  -7.4939105e+00  -9.0759878e+00  -2.1638779e+00   6.9295189e+00  -6.3218793e+00  -4.7067152e+00  -4.4439152e+00  -6.2226043e+00  -2.2691775e+00   2.3037985e-04   6.1714334e-01   1.8440075e+00  -1.8772158e+00   2.2218478e+00   3.2416569e-01  -1.6313450e+00  -1.2676025e+00  -1.0227811e+00  -6.2455323e-01  -1.9542440e-01  -7.1894423e-01  -1.5811356e-01
   1.0509341e+01   1.5749982e+01  -6.5484651e+00  -5.6163223e+00  -6.1892764e+00   3.7054123e+00  -5.4302272e+00  -6.2918597e+00  -4.7049041e+00  -5.2778723e+00  -3.2840267e+00  -2.6699892e-01  -3.4029624e-01   1.3998625e+00   1.5878777e+00  -3.7619371e-02   2.5393329e-01  -9.6577521e-01  -2.4767325e-01   7.4119608e-01   1.3751223e-01   7.6248348e-01  -2.2060367e-01  -5.2922311e-02
   1.0183650e+01   1.7675608e+01  -6.0140114e+00  -5.5444997e+00  -2.9917894e+00   2.2537733e+00  -5.0537093e+00  -4.4193100e+00  -4.3213018e+00  -4.0908289e+00  -2.5754398e+00  -2.6057941e-01  -3.5714398e-01  -8.1489867e-01   1.4617586e+00  -4.8780385e+00   2.7839673e+00   2.8035466e+00  -1.6440205e+00   1.5832631e+00   1.3290284e+00   1.1223788e+00   2.7631709e-01  -2.2220981e-02
   9.3760991e+00   1.3380760e+01  -5.4932200e+00  -1.2653889e+01  -1.7274371e+00   8.7269969e+00  -5.6605267e+00  -2.3765936e+00  -1.5045998e+00  -3.8223474e+00  -1.7162298e+00  -7.0371417e-02  -1.2987791e-01  -2.2362107e+00   1.5888564e+00  -4.1885941e+00   2.8272655e+00   2.6534274e+00  -2.9456102e+00  -2.1837790e-03   1.0877934e+00  -4.6296663e-01  -9.6288233e-02  -6.3246605e-02
   9.5908738e+00   1.3571773e+01  -5.8288952e+00  -1.2874262e+01  -2.1884652e-01   8.6240464e+00  -8.6727603e+00  -4.2894536e+00  -4.0505248e+00  -5.2667986e+00  -2.6386004e+00  -1.3141484e-01   5.4214374e-01  -5.4398294e-02   1.9712715e+00  -7.0854008e-01   1.2616904e-03  -1.0811879e+00  -1.6164880e+00  -1.5578984e+00  -2.9689162e-01  -5.5166818e-01  -8.6528105e-01  -1.7539459e-01
   1.0610912e+01   1.4447584e+01  -4.2577386e+00  -8.2343322e+00  -3.3348495e+00   4.5004169e+00  -8.0391169e+00  -6.3600635e+00  -3.2086026e+00  -5.3843374e+00  -3.3968788e+00  -4.2645111e-01   6.6358808e-01   2.9123720e+00  -1.4012030e+00   9.4578596e-01   1.1230795e+00  -3.6839667e+00   1.4923262e+00  -7.3599205e-01   6.6339589e-01   3.6614507e-01  -9.7181755e-02  -4.1627937e-02
   1.0379459e+01   1.7060599e+01  -3.6748447e+00  -8.8170883e+00  -2.1861907e+00   2.7452814e+00  -6.2891463e+00  -4.7644227e+00  -3.9146378e+00  -4.1373362e+00  -3.0330369e+00  -3.4563144e-01  -7.3537726e-02   2.3253496e+00  -4.1391681e+00  -1.3363493e+00   2.5221198e+00  -1.2353138e+00   2.9735069e+00  -3.6278314e-01   1.8016270e+00   1.7747312e-01   6.7776168e-01   1.0345585e-01
   9.9771886e+00   1.6004905e+01  -8.6720497e+00  -1.3263797e+01   9.4085419e-01   6.1404294e+00  -4.6138444e+00  -3.2430972e+00  -5.7744944e-01  -3.8378610e+00  -1.6647842e+00  -2.5705022e-02  -5.7806425e-01   1.9737234e+00  -3.9465604e+00  -2.3826813e+00   1.8112624e+00   2.1625357e+00  -4.2749784e-01  -3.1678677e-01  -3.5651362e-01   2.1542110e-01   1.4949334e-01   2.6175481e-02
   9.7974288e+00   1.6281137e+01  -9.8304918e+00  -1.2364054e+01   1.4264813e+00   5.9510694e+00  -5.9251362e+00  -6.3921115e+00  -2.6636609e+00  -5.7738271e+00  -2.4880051e+00  -1.7660411e-01  -8.1923076e-01   7.4448802e-02   2.7637480e-02   1.6879842e+00  -1.1178564e+00  -2.7885913e-01  -7.6911166e-01  -1.5367760e+00  -1.5749815e+00  -1.7484728e-01  -4.3241133e-01   4.8673492e-02
   1.0034830e+01   1.7797900e+01  -7.0997556e+00  -1.0034871e+01  -2.4242919e+00   6.1413264e+00  -8.8623687e+00  -6.0213992e+00  -4.3688615e+00  -4.2429603e+00  -3.4451547e+00  -4.7170156e-01   3.8624332e-01  -1.3363201e+00   2.4988163e+00   2.4847048e+00  -3.9426110e+00   1.1285454e+00   4.8544379e-01  -1.9251104e+00  -1.0340072e+00   1.3902893e+00  -1.7642910e-01   2.0940813e-01
   9.1217919e+00   1.6275775e+01  -4.4195356e+00  -7.8995749e+00  -2.1804023e+00   2.3265442e+00  -5.3185516e+00  -5.6804356e+00  -4.3814041e+00  -4.1970575e+00  -2.7914687e+00  -4.9622939e-02   8.5230116e-01  -2.5334163e+00   4.2826305e-01  -1.4683169e+00  -2.2974678e+00   5.1528728e+00   1.4036070e+00  -2.4915948e+00   9.5614622e-01   1.4944242e+00   3.6642799e-01   3.0139275e-01
   1.0894372e+01   1.4003106e+01  -7.6293034e+00  -1.1768979e+01  -3.1696206e+00   9.6455101e+00  -4.1889710e+00  -6.4866008e+00  -1.2695886e+00  -2.5408119e+00  -1.7776961e+00   2.2491658e-01   8.3596620e-01  -1.9900412e+00  -6.8524655e-01  -2.5668357e+00  -1.5575341e-01   4.4407896e+00   4.5358699e-01  -2.9696959e+00   1.0128584e+00  -6.5299563e-01   6.1461233e-01   1.5413478e-01
   1.0646110e+01   1.4378410e+01  -8.9233233e+00  -1.3699475e+01  -1.6470562e+00   1.1928287e+01  -6.1564245e+00  -9.8969029e+00  -2.7790780e+00  -4.3832651e+00  -2.7720925e+00  -7.2824060e-02   3.0723022e-01  -2.4958368e-01   1.3319120e+00   5.9595785e-02  -1.8529682e+00   9.6440441e-01  -2.3311944e+00   2.5078485e-01  -1.3305690e+00  -2.1796501e+00   5.2767641e-01  -6.4309652e-02
   1.0526621e+01   1.5761521e+01  -5.8757316e+00  -1.0985175e+01  -2.9245950e+00   8.0016395e+00  -7.7630518e+00  -8.3677094e+00  -3.6507369e+00  -5.1293500e+00  -2.5329243e+00  -2.2889882e-01  -7.9727779e-01   8.3124297e-01   2.5932142e+00   1.7983114e+00  -1.8121939e+00  -2.9094979e+00  -9.7643171e-01   4.2170738e+00  -1.7170114e+00  -7.7701749e-01   3.9349005e-01  -2.0041078e-01
   9.7665128e+00   1.5022192e+01  -3.2984535e+00  -8.2020834e+00  -5.0823673e+00   4.5950861e+00  -7.0283029e+00  -4.3637040e+00  -5.1866835e+00  -6.1722636e+00  -1.6223399e+00   8.0820284e-02  -6.5410674e-01  -7.0944756e-01   1.2166909e+00  -7.3474543e-01   2.8555357e-01  -2.6643910e+00   1.5156746e+00   4.3737096e+00  -4.7383036e-01   1.1746372e+00   3.2396052e-01  -1.2409731e-01
   1.0138254e+01   1.4928079e+01  -6.5519170e+00  -1.1820208e+01  -4.1702558e+00   8.9478636e+00  -5.2176794e+00  -2.9275896e+00  -2.6413029e+00  -2.8118389e+00  -1.7623373e+00  -1.5252176e-01  -2.6577241e-01  -1.5757080e-01  -1.3341658e+00  -1.5286547e+00   1.8832233e+00  -8.9544710e-01   1.8685855e+00  -5.6193462e-01   4.7776497e-01   1.3599154e+00  -1.0492332e+00  -1.0960322e-01
   9.8591332e+00   1.3730959e+01  -6.7601943e+00  -1.4384077e+01  -5.9589541e-01   7.4585883e+00  -5.1555988e+00  -6.0563984e+00  -3.9945405e+00  -3.7800648e+00  -2.6714452e+00  -2.9715856e-01   4.0712585e-01   1.3694658e+00  -1.1593337e-01  -1.0897845e+00   1.1492578e+00   7.2928264e-01  -3.3032441e-01  -3.5104216e+00   1.1748319e+00   9.6386650e-01  -2.0615040e+00  -2.3789310e-01
   1.0081652e+01   1.6170781e+01  -6.1461100e+00  -1.0187160e+01  -2.3429960e+00   5.2267178e+00  -5.8965255e+00  -8.3642641e+00  -3.5301609e+00  -4.2855762e+00  -3.5822215e+00  -2.0431423e-01   5.7019596e-01   1.3101922e+00   1.3053595e+00   2.9197396e-01  -1.8331880e-01  -1.5016246e+00   1.5767667e-02   5.6239388e-01   2.7022781e-01   4.1896924e-01  -6.3564304e-01   8.8165723e-02
   1.0405502e+01   1.6455040e+01  -3.6752571e+00  -1.0653284e+01  -4.2721104e+00   7.5495830e+00  -7.1843665e+00  -6.9109991e+00  -2.9800067e+00  -3.9895952e+00  -3.8046538e+00  -2.5012313e-01   1.7275333e-01   1.0559027e+00  -9.6365335e-01  -1.6206100e+00   9.5228157e-01  -1.8782942e-01   5.9255307e-01   2.5803947e+00   2.0426483e-01   7.1222946e-01   5.0099152e-01   2.4457544e-02
   1.0720363e+01   1.5531327e+01  -6.1363464e+00  -1.3247643e+01  -2.6071265e+00   6.6499293e+00  -4.1796441e+00  -1.6566984e+00  -2.7432281e+00  -2.0786198e+00  -2.1491975e+00  -4.3790889e-02  -3.4348796e-01   1.6689592e+00  -2.7452743e+00  -2.7268655e+00   3.0419270e+00  -8.2605746e-01  -2.7779637e-01   3.0461422e+00  -1.1847533e+00  -4.5146777e-01   8.3362541e-01  -3.0540879e-02
   9.7989077e+00   1.5634540e+01  -8.2105561e+00  -1.5284750e+01   9.6459219e-01   6.4652384e+00  -5.1252099e+00  -5.5395892e+00  -4.0816096e+00  -3.8151988e+00  -2.6364699e+00  -3.4073392e-01  -5.2256811e-01   1.9172205e+00  -1.8312834e+00   1.7061336e+00   2.6306009e+00  -4.1024951e+00  -9.9274801e-02   2.1764092e-01  -1.7579918e+00  -1.2871792e+00   4.1493757e-01   1.6661141e-02
   9.8697175e+00   1.9084470e+01  -7.9963719e+00  -1.1961726e+01  -3.9845684e-01   4.5298039e+00  -7.3427984e+00  -4.4807558e+00  -4.7564893e+00  -5.0499761e+00  -2.9158753e+00  -2.0482015e-01  -1.7380767e-02   2.0287010e+00  -3.3721099e-01   2.1886485e+00   2.5428228e+00  -3.7937706e+00  -5.3245439e-01   3.6788699e-01  -5.8811374e-01   9.7777942e-02  -3.1869228e-01   8.1329331e-02
   1.0046973e+01   1.7554299e+01  -5.4921694e+00  -8.7370425e+00  -1.4305439e+00   2.4559031e+00  -5.7517015e+00  -5.1725090e+00  -4.6103638e+00  -4.4346859e+00  -2.7989085e+00  -1.4461678e-01   1.1917247e+00  -2.2199880e-01  -4.9865398e-01  -4.8620994e-01   3.0308580e+00  -3.8457678e+00   2.3572678e+00   2.8256300e+00  -1.5717463e+00   1.7941384e+00   1.0771096e-01  -6.8198494e-02
   1.0570259e+01   1.7614499e+01  -8.0013562e+00  -1.3238524e+01   2.4046757e+00   2.9639411e+00  -4.6650798e+00  -1.2884080e+00  -3.3610217e+00  -1.6222094e+00  -2.5460166e+00  -1.9855460e-02   1.0370231e+00  -1.3713602e+00  -4.5449906e-01  -1.9994015e+00   2.3006875e+00  -3.3087328e+00   3.7878265e+00   7.5377917e-01  -3.1480825e+00   2.1357669e+00   2.5266949e-02  -3.9225249e-01
   1.1236224e+01   1.6036527e+01  -8.9560449e+00  -1.5375666e+01   4.1093129e+00   1.4795180e+00  -2.9281675e+00  -2.8973181e+00  -7.1369629e+00  -2.8378746e+00  -2.6598328e+00  -5.3551401e-01   5.2455594e-01  -1.6773614e-01   8.9420737e-01  -1.6124435e-02  -4.8619175e-01  -1.4643161e+00   7.7705102e-01  -1.2059215e+00  -3.1007387e+00   5.0464358e-01  -3.7516444e-01  -2.5158883e-01
   1.0830627e+01   1.7786316e+01  -6.9461827e+00  -1.1641516e+01   2.8264605e-01   5.4897293e-02  -3.0728256e+00  -4.4876825e+00  -8.2153135e+00  -2.6447313e+00  -2.9475128e+00  -5.9775027e-01  -6.1521245e-01  -8.6443965e-01   3.4461263e+00   2.8611475e+00  -3.7082405e+00   1.5152789e+00  -1.5501743e+00  -1.1649210e+00   9.3805689e-01  -9.1345722e-01   2.4143501e-01   1.7741161e-01
   1.0703623e+01   1.7216787e+01  -4.6784451e+00  -9.5597332e+00  -1.0988167e+00   1.7139508e+00  -5.3822521e+00  -5.3817539e+00  -6.8343260e+00  -3.1664596e+00  -3.1609071e+00  -2.3305262e-01  -1.7251037e+00  -2.2679122e+00   2.8920459e+00  -1.4160869e-01  -2.5818917e+00   6.1410310e+00  -3.7984503e+00  -7.6870695e-01   5.2516248e+00  -1.2703615e+00   3.3659293e-01   4.7244991e-01
   9.9137409e+00   1.5727710e+01  -4.9709666e+00  -1.1854769e+01  -5.5362024e-01   5.1196431e+00  -5.7632989e+00  -1.7935716e+00  -2.1052548e+00  -2.8281028e+00  -1.9333269e+00   9.5031268e-02  -1.5878550e+00  -2.4414269e+00   1.5629179e+00  -1.9890160e+00  -1.3289361e+00   7.5058275e+00  -4.9797890e+00  -9.2731757e-01   4.6891984e+00  -1.8969402e+00   1.9732119e-01   3.7983315e-01
   9.1070114e+00   1.3663962e+01  -5.6055841e+00  -1.5481452e+01   6.5460848e-01   8.1586916e+00  -7.2806063e+00  -5.3974340e+00  -2.3145551e+00  -4.6517310e+00  -2.6620363e+00  -1.7322992e-01  -1.0722595e-01  -9.7917872e-01   1.4860041e+00  -3.0764556e-01  -2.6459200e+00   4.4032621e+00  -4.0699920e+00  -7.8763439e-01  -2.0781593e-01  -6.2984771e-01  -1.1220553e-01  -6.3891141e-02
   9.2471501e+00   1.5900588e+01  -4.1382363e+00  -1.1664181e+01  -2.5874708e+00   8.0912681e+00  -9.5933321e+00  -5.8708189e+00  -3.4414014e+00  -4.7475059e+00  -2.9009664e+00  -5.7911903e-02   7.7901726e-01   5.7228858e-01   1.8206169e+00   2.4713982e+00  -3.0496535e+00  -6.7952330e-01   7.4149933e-02   3.6072236e-01  -1.4314698e+00   2.1108308e-01  -1.6612625e-01   3.1419480e-02
   1.0876080e+01   1.5661580e+01  -2.8658041e+00  -1.0116496e+01  -4.0507714e+00   6.8330315e+00  -9.5722235e+00  -4.5245819e+00  -6.4779766e+00  -3.1515296e+00  -2.8453957e+00  -2.5241775e-01   6.9424303e-01  -7.4025613e-01   5.8317528e-01   1.8373791e+00  -1.2003020e+00  -1.9939027e+00   2.9391273e+00   2.3738453e+00   4.3357928e-02   5.3158393e-01  -1.4295672e-01   3.5980491e-01
   1.0197733e+01   1.5587334e+01  -3.6099312e+00  -1.0830150e+01  -2.7754105e+00   4.7631882e+00  -4.5062654e+00  -1.6889141e+00  -2.1707488e+00  -3.2615789e+00  -2.0908366e+00   1.8175440e-01  -4.6439228e-01  -1.3529397e+00  -3.2515232e-01  -2.2424213e-01   5.7529596e-01  -1.3398267e+00   3.2312925e+00   1.6875002e-01   1.2381504e+00  -8.1478987e-01  -6.2564454e-01   4.8045083e-01
   9.6730847e+00   1.2710205e+01  -4.9949737e+00  -1.3142399e+01  -1.0518747e+00   6.8318775e+00  -5.4154487e+00  -3.9276183e+00  -2.8848445e+00  -4.5973187e+00  -3.2815363e+00   2.4664429e-01  -7.5866164e-01  -7.4619021e-01  -4.2963644e-01   5.4700395e-01   2.2504892e+00  -6.8453908e-01  -4.6051602e-01  -2.5038479e+00   1.2036017e+00  -1.3021232e+00  -6.4522498e-01   3.5203903e-01
   9.1520592e+00   1.5346866e+01  -3.5613800e+00  -1.0487593e+01  -3.2239752e+00   6.0821051e+00  -6.8247807e+00  -5.9161756e+00  -3.3807418e+00  -5.2467961e+00  -3.6213629e+00   4.1323332e-01  -4.3528211e-01   6.1402368e-01  -6.9623211e-01   2.3782389e+00   6.9958605e-01   3.8328325e-01  -2.2438200e+00  -1.0509255e+00  -9.1042480e-01   3.4443171e-01   4.5175976e-01  -1.2296138e-01
   1.0260924e+01   1.4662529e+01  -3.5345344e+00  -9.4672687e+00  -4.5075527e-01   5.1467645e+00  -9.1037398e+00  -6.1667230e+00  -4.0675775e+00  -4.1121058e+00  -3.0479701e+00   1.5990134e-01  -1.4646134e-01   7.0214329e-02  -4.7381036e-01  -8.1713501e-02   8.4178814e-01  -6.7069204e-01   1.7795395e+00   9.6853234e-01  -6.8010154e-01   1.1047996e+00   1.2595723e+00  -3.8610978e-01
   9.2508898e+00   1.5532207e+01  -5.3844990e+00  -9.1003569e+00  -2.0265911e+00   6.1806696e+00  -6.0278499e+00  -2.1457500e+00  -2.9450195e+00  -2.9875377e+00  -1.5299801e+00   4.0683808e-02  -6.2357815e-01  -4.9516686e-01  -7.8755489e-01  -1.9694117e+00   1.0816381e+00  -6.7282572e-01   2.8933196e+00   1.9521148e-02   2.5806563e-02  -4.4319600e-02   5.1961213e-01  -2.8513192e-01
   9.4039774e+00   1.2722855e+01  -4.7941298e+00  -1.3958587e+01  -3.8788450e-01   5.7765572e+00  -3.1446050e+00  -4.3600326e+00  -4.1228580e+00  -4.0697485e+00  -2.4378692e+00  -1.4624562e-01  -2.7054670e-01   1.9074654e+00  -1.2961456e+00  -9.1420881e-01  -4.0225460e-01  -1.3416969e+00   1.8725624e+00   3.4797037e-01  -1.7296994e+00  -1.5925188e+00  -5.7130788e-01   1.4728382e-01
   8.6451653e+00   1.5573952e+01  -4.1129146e+00  -1.1196051e+01  -1.6329535e+00   4.7579702e+00  -5.4643688e+00  -6.7902391e+00  -3.3143917e+00  -5.3344542e+00  -3.1469951e+00   1.3860893e-01   7.3545653e-01   1.4447003e+00  -8.3825868e-02   7.4741263e-01  -2.4245120e-01  -1.7840400e+00   1.4391301e+00  -5.4320644e-01  -8.6334485e-01  -3.8212138e-01  -6.1869279e-01   2.7940381e-01
   1.0157966e+01   1.7502854e+01  -6.1145450e+00  -9.7907349e+00  -1.2509560e+00   3.8455688e+00  -6.5766368e+00  -3.3225229e+00  -6.4774405e+00  -5.3274257e+00  -3.0964244e+00   3.3186450e-01   1.2479884e-01   7.4472380e-02  -1.1565849e+00   1.8175571e+00  -1.0637941e+00   7.3428549e-01   9.8831304e-01   9.0676761e-01   7.9661852e-01   2.6889419e-01   5.3074268e-01  -9.8232241e-03
   9.9770802e+00   1.5309258e+01  -4.8500302e+00  -1.0063164e+01  -1.9587322e+00   4.4701037e+00  -2.1531388e+00  -3.4793145e+00  -3.0627455e+00  -2.9318812e+00  -2.1287417e+00   2.2073446e-01  -4.8737455e-01  -1.3937128e+00  -9.8496056e-01   1.0019610e+00  -1.6270715e+00   2.5703380e+00   3.1894918e-01  -2.9144710e-01   1.9289707e+00   1.7023947e-02   2.0103096e-01  -3.0783160e-01
   8.9252182e+00   1.2966911e+01  -6.1604493e+00  -1.1798695e+01  -1.8206863e+00   7.0219186e+00  -3.3177504e+00  -4.6553435e+00  -3.0537534e+00  -4.8676937e+00  -2.1508819e+00  -2.0204322e-01  -2.5882852e-01  -1.9314674e+00  -9.3488538e-01   2.6779333e+00  -1.5029003e+00   2.0222040e+00  -1.8004184e+00  -3.7479962e+00   2.8679594e+00  -1.0626653e+00  -3.4020375e-01  -3.0348538e-01
   8.5304775e+00   1.5751355e+01  -5.5674033e+00  -8.6891296e+00  -3.7886956e+00   7.0253023e+00  -6.6153883e+00  -6.5609995e+00  -2.1327791e+00  -5.5387842e+00  -3.3182199e+00  -5.6184616e-02   7.9411475e-01   4.3088318e-02  -2.1195330e+00   4.2886279e+00  -8.0978212e-01   5.0246801e-01  -3.1127601e+00  -9.7972874e-01   1.1107823e-01   3.7132928e-01  -4.2335502e-01   2.6667197e-02
   1.0493025e+01   1.4384605e+01  -7.1581865e+00  -6.4608522e+00  -2.5903247e+00   5.6012754e+00  -7.0461397e+00  -7.4036747e+00  -2.6404846e+00  -5.6179721e+00  -3.0119909e+00   1.5095975e-02   1.5212917e+00  -7.6232195e-01  -1.1526097e-01   1.1777333e-01  -3.7354151e-01   9.9675034e-01  -1.2763850e-01   2.3401909e+00  -2.3310862e+00   2.5224613e+00  -1.1867922e-01   1.7310368e-01
   1.0384349e+01   1.4665044e+01  -7.5304611e+00  -6.2991433e+00  -2.7885861e+00   5.9341273e+00  -4.9580842e+00  -3.5747420e+00  -3.1027626e+00  -1.9997481e+00  -2.3332197e+00   1.5216565e-01   5.3681555e-01  -2.3253093e+00   1.9300856e+00  -2.6865320e+00  -2.4690582e-01   1.1408230e+00   9.7066685e-01   3.1050128e+00  -3.4116094e+00   1.9415313e+00  -3.9518569e-02   8.2453894e-02
   1.0280220e+01   1.2366583e+01  -5.3518119e+00  -1.2817028e+01  -2.8810533e+00   9.0626316e+00  -4.3378602e+00  -2.6381858e+00  -6.0653909e+00  -2.8535198e+00  -2.8214008e+00  -4.6562831e-02  -6.7461412e-01  -7.2542212e-01   4.4929678e+00  -3.6601551e+00  -1.0459268e+00   6.7009608e-01  -1.1984327e+00   3.7010538e+00  -3.1679712e+00  -8.5776925e-01  -3.5362384e-01   1.7332930e-02
   9.4421032e+00   1.3272402e+01  -3.5754623e+00  -9.5408398e+00  -4.0136900e+00   7.0058586e+00  -6.5135278e+00  -4.2862247e+00  -5.5377401e+00  -4.0087135e+00  -3.4727928e+00   9.8325629e-02  -1.1477061e+00   1.3768603e+00   3.6926642e+00  -2.4075358e+00   4.3632561e-01  -4.3212099e-01  -2.4414713e+00   2.0106305e+00   2.9337130e-01  -2.4734114e+00   1.3967241e-01   1.1382626e-01
   9.9522265e+00   1.3992793e+01  -2.3962342e+00  -1.0330237e+01  -3.5466629e+00   6.0705539e+00  -8.0660670e+00  -1.4963526e+00  -6.1749526e+00  -5.9001433e+00  -2.9726401e+00   6.8015381e-02  -4.3660299e-01   9.9873666e-01  -3.5441763e-02   2.9307862e-01   2.6871091e-01   4.6973657e-02   6.6079368e-01  -5.9074177e-01   2.9556228e+00  -8.2291223e-01   6.7835746e-01   7.6876005e-02
   8.8267866e+00   1.5917229e+01  -3.4692535e+00  -1.1153843e+01  -1.8012929e+00   6.7819847e+00  -6.7561877e+00  -1.1297128e+00  -2.6079248e+00  -4.1865534e+00  -2.0480915e+00   2.6561593e-01  -3.0533966e-01   1.5147941e-01  -1.4071141e+00   2.9828895e-01  -1.1662301e+00   1.9909204e+00   1.8559784e+00  -2.9515564e+00   2.8293398e+00   1.4676872e-02   2.5617283e-01  -9.2900503e-02
   9.9329738e+00   1.2542274e+01  -5.4580789e+00  -1.1570909e+01  -3.5841855e+00   9.2450291e+00  -3.2253397e+00  -5.1025544e+00  -3.0968644e+00  -3.9989682e+00  -2.5162153e+00  -1.4893975e-02  -8.2140100e-01  -9.1106251e-02   1.9703852e-01   2.2726929e+00  -3.3862332e+00  -4.7803059e-01   1.4872871e+00  -2.2605624e+00   1.6811208e-01  -8.3522202e-01  -2.2788419e-01  -1.0762463e-02
   8.9937201e+00   1.4224880e+01  -4.1552111e+00  -8.4730704e+00  -5.7442739e+00   8.4050016e+00  -6.1499237e+00  -6.9104584e+00  -2.8327746e+00  -4.9372857e+00  -3.3167460e+00   4.2955150e-04  -7.3727560e-01  -7.2016571e-01   2.5781141e+00   3.3700574e+00  -1.5155840e+00  -4.9508646e+00  -1.0904772e+00   3.8534735e+00  -2.2765224e+00  -1.5256644e+00   4.1077642e-04   1.4427859e-01
   8.6366583e+00   1.4702308e+01  -1.7576977e+00  -8.2615834e+00  -6.6545222e+00   4.5419996e+00  -6.1382683e+00  -1.9968235e+00  -5.8103596e+00  -6.7776101e+00  -2.6801391e+00   1.8446488e-01   1.8186279e-02  -2.2898699e+00   2.6386194e+00   8.5540928e-01   1.3905933e+00  -2.9149402e+00  -1.5467318e+00   6.1712060e+00  -2.2425828e+00  -9.6617788e-02   7.0252796e-01   1.9278959e-01
   8.3690310e+00   1.3756964e+01  -1.4522730e+00  -7.7534191e+00  -2.5395006e+00   1.7072025e+00  -6.9354392e+00   3.0976319e+00  -4.6659608e+00  -5.0857289e+00  -1.9655134e+00   3.8235440e-01   9.4845249e-01  -4.0049714e+00   1.7542846e+00  -1.6692295e+00   1.9262714e+00   1.1937425e+00  -3.5870177e-01   1.6090879e+00  -9.3849943e-01   1.0261548e+00   3.1633498e-01  -1.7952294e-02
   1.0272598e+01   9.3414276e+00  -2.8516188e+00  -1.0647620e+01  -3.1006822e+00   8.2215183e+00  -5.1526796e+00  -8.4979051e-01  -5.5441455e+00  -4.0696733e+00  -2.1380396e+00   8.3327981e-02   5.9262237e-01  -1.3504620e+00   1.1117317e+00  -7.9581782e-01  -1.9327937e+00   4.8374886e+00  -1.2076168e+00  -3.4763780e+00   4.4121632e-01   5.9971756e-01  -4.7970175e-01  -3.2200346e-01
   9.5984291e+00   1.0897863e+01  -9.7682355e-01  -9.7838963e+00  -4.6317868e+00   8.3558560e+00  -7.1807707e+00  -5.0703430e+00  -4.3736308e+00  -4.7520219e+00  -3.1132932e+00   2.4069558e-02  -4.2388321e-01   2.8103441e+00   9.4997798e-01   4.0547596e-01  -3.6966496e+00   4.8436347e+00  -1.9631900e+00  -3.9703744e+00   1.2638007e+00  -1.9096995e-01   2.7352351e-02  -3.8467625e-01
   8.9108928e+00   1.4106166e+01  -3.2782494e-01  -8.4400715e+00  -8.5075696e+00   8.4739058e+00  -7.8270277e+00  -3.1274030e+00  -5.2947001e+00  -6.0448873e+00  -2.8258018e+00  -1.1939789e-01  -1.1945798e+00   2.5268143e+00  -5.5600058e-01   3.0677647e-01  -1.4772266e-01   5.0974011e-01   9.7224436e-01   4.7045598e-01   8.8985490e-01   3.4924185e-01  -6.8614580e-02   2.1348805e-01
   8.4140587e+00   1.5590111e+01  -1.2892030e+00  -8.2489795e+00  -5.3810313e+00   8.8464609e+00  -8.5430501e+00  -1.7191235e+00  -2.8949824e+00  -4.3845769e+00  -1.5806038e+00  -9.3297037e-02  -7.6322215e-01  -3.3479334e-01  -2.1274233e+00  -3.5715142e-01   3.0677871e+00  -9.3676773e-01   2.0848402e+00   2.4819333e-01   5.4451455e-01   4.9539755e-01  -4.6533296e-01   4.9159729e-01
   9.0729133e+00   1.0785525e+01  -3.5294299e+00  -1.0954914e+01  -2.9476439e+00   8.7408260e+00  -3.0131734e+00  -1.8197163e+00  -4.9486874e+00  -3.7295330e+00  -3.0073062e+00   4.6224336e-01  -4.6911424e-01  -1.4567588e+00  -1.0128893e+00  -7.8864025e-01   4.8879409e+00  -2.7068984e+00   7.7993040e-01  -1.5082433e+00   9.9477619e-01  -3.5389361e-01  -1.3227049e+00   4.0628091e-01
   8.3725856e+00   1.2055993e+01  -2.5671559e+00  -9.0622022e+00  -2.8100689e+00   6.8172443e+00  -6.4604377e+00  -5.3518963e+00  -3.7298653e+00  -5.1666027e+00  -3.7205405e+00   4.7064487e-01  -6.1280319e-01   3.5901476e-01   1.3976951e-01   1.0526956e+00   3.7256794e+00  -4.6205036e+00   4.6231852e-01  -2.6857738e-01   7.8138808e-01  -7.1894885e-01  -6.9027739e-01   7.1185772e-02
   8.2279579e+00   1.3688086e+01  -1.2081824e+00  -9.2164205e+00  -2.4611396e+00   5.4281665e+00  -7.6984383e+00  -3.5733814e+00  -3.3850944e+00  -6.1847148e+00  -3.7398908e+00   2.0805252e-01   3.8270516e-01   2.0045433e+00  -2.5226181e+00   1.0145451e+00   3.2814025e+00  -1.2489422e+00   3.7238093e-01   8.7976947e-01   1.2441513e+00   3.7231370e-01   8.2014636e-01  -3.2148351e-01
   7.9173315e+00   1.4677353e+01  -2.2401725e+00  -7.5391829e+00  -3.5764491e-02   3.5720353e+00  -5.5069398e+00  -1.2451570e+00  -2.5046968e+00  -4.2354093e+00  -2.2497276e+00   1.4057704e-01   1.5511720e+00  -3.5124220e-02  -4.1895771e+00   2.2263618e-01   2.8061086e+00   3.3644115e-01   2.0944465e+00   3.7271888e-01  -3.5089096e-01   7.9927969e-01   1.0062680e+00  -2.1122411e-01
   9.8745981e+00   1.2481660e+01  -7.4768488e+00  -1.0194606e+01   5.8730762e-01   8.4900172e+00  -2.9313509e+00  -2.5534317e+00  -3.6950447e+00  -3.6366592e+00  -2.5124932e+00   1.4505201e-01   1.5743666e+00  -7.1047123e-01  -3.0896178e+00   3.1214510e+00  -1.2677680e+00   2.8847611e-01   1.4553585e+00  -1.0901983e+00  -1.0759606e+00  -4.6129799e-01   2.1689470e-01  -8.2409461e-02
   9.8760236e+00   1.2606520e+01  -5.7171884e+00  -8.2391552e+00  -1.2512956e-01   5.7909806e+00  -5.7023116e+00  -5.3027929e+00  -4.1012266e+00  -5.2417110e+00  -2.8248373e+00   1.8530896e-01   1.4145983e-01  -8.4981115e-02   1.1140886e-01   4.6789268e+00  -3.0484257e+00  -8.6594598e-01   1.4180400e-01   1.1572272e-01  -1.0493905e+00  -1.1260494e+00   7.6377715e-02   1.1882602e-01
   9.6101618e+00   1.3657796e+01  -4.1041011e+00  -4.1842578e+00  -4.3181091e+00   4.7514080e+00  -5.4177148e+00  -3.1798610e+00  -4.2007704e+00  -6.3735109e+00  -3.1269939e+00   6.2072367e-02  -1.3880973e+00  -1.0423541e+00   2.9233344e+00   1.0757659e+00  -6.3335195e-01   1.4419706e+00  -2.5238034e+00   2.7123614e+00   1.9152453e-01  -6.2907560e-01   7.8930123e-01   2.2631410e-02
   8.2617394e+00   1.3961813e+01  -3.7594331e+00  -3.5259667e+00  -2.1556947e+00   4.1424210e+00  -4.0510519e+00  -7.5835829e-01  -3.8259197e+00  -4.5560575e+00  -1.8279106e+00   3.6030590e-01  -8.0372507e-01  -3.1365295e+00   2.5296713e+00  -2.4538860e+00   7.9158078e-01   4.6830168e+00  -3.6488407e+00   1.4819434e+00   6.3571110e-01  -3.3103138e-01   7.0049145e-01  -6.9646847e-02
   8.5995942e+00   1.0240483e+01  -4.0707249e+00  -1.0937551e+01   6.5256228e-01   1.1477253e+01  -7.5426858e+00  -7.5710698e-01  -3.5454114e+00  -4.9230994e+00  -1.8270047e+00   9.1500656e-02  -3.8252038e-01  -2.4496126e+00   2.3622568e+00  -3.7214782e+00   1.1461284e+00   4.1548800e+00  -4.1766670e+00  -7.8940566e-02  -1.8587652e-01  -1.1354231e+00   2.2255582e-01  -6.6936133e-02
   9.1757198e+00   9.6103822e+00  -1.9393695e+00  -8.5433374e+00  -1.4230941e+00   9.4525834e+00  -1.0113087e+01  -4.2912548e+00  -3.4753394e+00  -6.4634638e+00  -2.4240947e+00   6.6124541e-02  -6.3996094e-01  -5.9661065e-01   1.9470343e+00  -1.0998564e+00   6.8929948e-01   1.9488653e+00  -2.5810533e+00  -8.9775797e-01   4.9418174e-01  -7.4085474e-01   1.6580178e-01  -2.8247873e-01
   8.5793910e+00   1.2159092e+01  -1.4707477e+00  -7.2577897e+00  -2.9652169e+00   8.3286468e+00  -8.6516978e+00  -1.5318236e+00  -4.6548753e+00  -7.1229423e+00  -2.4950682e+00   1.0875885e-01  -8.7796757e-01   6.4154024e-01   1.1766140e-01   5.1195210e-01   1.1539430e+00  -9.8112785e-01   1.6060639e+00   1.0092388e+00   1.9076607e-01   4.3340790e-01   7.8543973e-01  -1.1333990e-01
   7.3118996e+00   1.2107592e+01  -2.1388702e+00  -7.0156321e+00   6.8714407e-01   8.6400219e+00  -7.3681259e+00  -1.7176369e+00  -2.5299151e+00  -4.5674181e+00  -1.2451762e+00  -7.2041294e-02  -7.0097257e-01   9.1194096e-02  -1.6859601e+00  -1.1353375e+00   2.0313727e+00  -2.7145863e-01   1.0474771e+00   1.4692144e+00  -1.0509541e+00   1.3444124e+00   3.4439840e-01   6.1912244e-02
   8.2145529e+00   9.9541878e+00  -3.7944825e+00  -1.0933476e+01   1.3283577e+00   1.0411842e+01  -6.5060705e+00  -5.3005772e-01  -3.7319744e+00  -5.2210104e+00  -1.2383043e+00  -9.4262761e-03   5.8006846e-01   5.7550579e-01  -2.3524475e+00   9.8694770e-01  -1.4042649e+00  -6.9460468e-01  -2.4899304e-01  -4.2132822e-01  -8.9244435e-01   3.8754440e-01  -1.2558357e+00   2.5054954e-01
   8.3066800e+00   1.0849626e+01  -3.3064424e+00  -8.4085005e+00  -5.2282238e-01   8.0037979e+00  -9.6146850e+00  -2.5883161e+00  -5.5132210e+00  -5.3978111e+00  -2.5358790e+00   2.1808547e-01   1.0190180e+00   1.5099749e+00  -1.7074205e+00   3.4785867e+00  -3.0695369e+00  -2.4924588e+00  -4.8197885e-01   6.5772868e-02  -2.9677273e-01  -1.4979754e-02  -1.4530881e+00   2.9572639e-01
   8.9521035e+00   1.3651334e+01  -4.4156328e+00  -5.0809340e+00  -4.4666310e+00   7.6048518e+00  -7.9019077e+00  -1.7284764e+00  -4.5018889e+00  -6.1264292e+00  -3.7334703e+00   3.3951978e-01   8.0215099e-01   1.0537735e+00  -4.3521827e-01   1.4543933e+00  -1.6738991e+00  -2.0854271e-01   2.6047659e-01   2.1054719e-01   1.2127534e+00   7.0287161e-01   9.8797019e-02   2.0868420e-01
   8.4716512e+00   1.2523981e+01  -4.3894257e+00  -4.7240229e+00  -1.0196670e+00   6.3048287e+00  -7.3931755e+00  -1.0197683e+00  -2.5901170e+00  -4.1371783e+00  -2.1772254e+00   1.9707526e-01   3.7837665e-01  -1.2023176e+00   4.9863584e-01  -1.8634556e+00  -5.1373660e-01   1.6815289e+00   1.1399341e+00  -1.0211224e-01   1.2254827e+00  -6.8646977e-01   1.1711079e+00   9.2417622e-02
   9.3352938e+00   1.0697670e+01  -3.9058182e+00  -1.0594125e+01  -9.3406860e-01   1.0948512e+01  -7.2261104e+00  -9.9851084e-01  -3.3743964e+00  -4.7970193e+00  -1.2694356e+00   3.1410513e-01  -6.7729263e-01  -1.1858154e+00   3.9403151e+00  -2.7811275e+00  -1.3840198e+00  -3.4903485e-01   9.7177706e-01  -1.7075487e+00  -1.1172045e+00  -1.2265564e+00   7.8703418e-01   2.0396757e-01
   8.6826498e+00   1.0522981e+01  -2.8133959e+00  -8.4470886e+00  -3.0597085e+00   8.8542610e+00  -8.2426825e+00  -3.1064672e+00  -4.2387432e+00  -7.0922207e+00  -2.0112346e+00   3.6941923e-01  -1.5989896e+00   2.1546586e+00   3.8322154e+00   3.4497383e-01  -1.1800994e+00  -2.9388501e+00   1.0190759e+00  -1.5936829e+00  -3.0787536e+00  -4.8527755e-01   4.0958090e-01   3.5949850e-01
   7.8306653e+00   1.2873111e+01   7.0682491e-01  -7.3910924e+00  -5.5226400e+00   5.8065834e+00  -6.0194887e+00  -3.2464499e+00  -5.3533825e+00  -6.4887427e+00  -2.6359145e+00   5.5929915e-01  -1.0963218e+00   6.5517216e-01   6.4067610e-03   3.2142150e+00   5.8897544e-01  -2.1430353e+00   1.7847047e+00   5.4467725e-01  -1.0495264e+00   1.3832600e+00   5.0477292e-01   1.3635651e-02
   6.8254811e+00   1.4668249e+01  -9.4742408e-01  -5.8080783e+00  -4.9553046e-01   4.4675181e+00  -6.4678725e+00  -2.2863231e+00  -6.2187544e+00  -4.0192330e+00  -8.7961464e-01   6.1372600e-01  -1.5489273e-01  -1.8688573e+00  -2.8883439e+00   2.0307005e+00   1.2877954e+00   5.3407446e-01   1.4158342e+00   2.6325397e-01   2.8213390e-01   1.2662553e+00   6.1960072e-01  -2.4661699e-01
   8.6193955e+00   9.6077947e+00  -4.8291940e+00  -7.0923073e+00  -1.3326944e+00   9.9273310e+00  -5.4364584e+00  -5.9156703e-01  -3.9586803e+00  -4.2586231e+00  -1.0780862e+00   2.1240522e-01   4.8759895e-01  -1.9128482e+00  -3.0384699e+00   2.5812994e+00  -1.0675107e+00  -1.0162578e+00   1.6380251e+00  -1.4382537e+00   3.7903246e-01   7.7288202e-02  -6.0053321e-01  -4.0429319e-01
   8.0559456e+00   9.3523538e+00  -4.3779023e+00  -5.5504305e+00  -3.2229882e+00   7.5949989e+00  -6.4104463e+00  -4.0390277e+00  -4.5128935e+00  -6.3078976e+00  -1.8607476e+00   1.7294070e-01  -1.8007541e-01   5.9751360e-01  -2.6002905e-01   4.0817229e+00  -1.6011361e+00  -5.1164531e+00   2.0198595e+00  -2.2369175e+00   4.6044902e-01   5.9284061e-01  -1.6430540e+00  -2.6569902e-01
   7.9468314e+00   1.2661787e+01  -2.1356409e+00  -3.6479672e+00  -5.7601771e+00   2.7184563e+00  -3.5911641e+00  -4.5274781e+00  -5.6377643e+00  -5.2284781e+00  -3.0461478e+00   1.7325201e-01  -1.0631921e-01   2.4287328e+00   2.6776151e-01   6.0067425e-01   2.0505268e+00  -2.8655135e+00   1.0618883e+00   1.0334504e+00   7.0738052e-01   6.7821284e-01   1.5171351e-01  -1.6494795e-02
   6.8916500e+00   1.4037523e+01  -2.6842442e+00  -1.4076639e+00  -6.8349329e-01   3.9727590e-01  -4.3607303e+00  -3.6737438e+00  -4.6885389e+00  -2.6450446e+00  -2.3601649e+00   2.3475408e-01   4.1617252e-01   2.8911979e-01  -1.1505431e+00  -2.3509188e+00   2.2129861e+00   3.3747616e+00  -9.1757242e-01   3.1448386e+00   7.3562538e-01  -6.1128111e-01   1.3088575e+00   9.2372994e-03
   9.0420645e+00   1.0908309e+01  -5.2743808e+00  -8.2626792e+00   4.7334837e-01   9.2279222e+00  -4.8684840e+00   7.7596663e-01  -2.8097868e+00  -5.0727304e+00  -6.0080732e-01   1.5675634e-01   4.5918138e-01  -2.8774786e-01  -1.2958366e+00  -1.6211297e+00  -6.8852969e-01   4.4767996e+00  -1.8200936e+00   2.0410829e+00  -4.9562460e-02  -2.3135580e+00   5.8164829e-01   5.2926220e-02
   8.1325879e+00   1.0662772e+01  -4.5343469e+00  -6.7694526e+00  -3.0202717e+00   9.4024083e+00  -7.1481449e+00  -1.9734922e+00  -4.8234441e+00  -7.3026931e+00  -1.1201316e+00   1.9504449e-01  -1.7207455e-01   1.4892648e+00   1.0291760e+00  -3.9915728e-01  -2.2595782e+00   7.1682813e-01  -2.4488280e-01  -9.6921069e-01  -2.2288335e-01  -1.1003090e+00  -6.5346790e-01  -6.9162864e-02
   8.0151346e+00   1.3917540e+01  -3.1543444e+00  -3.3987675e+00  -5.6245824e+00   4.9310895e+00  -4.9275971e+00  -2.3159795e+00  -5.6446554e+00  -6.3699908e+00  -2.7936920e+00   2.7249613e-01  -2.2246472e-01   2.2946792e+00  -2.4003605e-01   2.3011419e+00   3.0339731e-01  -3.7008763e+00   2.3516467e+00  -1.4083159e+00   5.0406085e-01   2.1336298e+00  -7.7880732e-01   2.1944649e-01
   7.1470032e+00   1.4766805e+01  -2.2004984e+00  -4.4383557e+00  -1.0238953e+00   3.6209345e+00  -4.6984979e+00  -3.5815868e+00  -3.6054296e+00  -3.6468779e+00  -2.2439244e+00   7.3139884e-02   9.8484590e-01  -5.3337527e-02  -2.1857911e+00  -7.1919296e-01   3.8952531e+00  -3.2312388e+00   3.8832570e+00  -2.3285824e-01   1.0797073e+00   1.8332141e+00  -3.7480077e-01   5.0970079e-01
   9.2011598e+00   1.2298312e+01  -6.8013591e+00  -5.9765147e+00  -6.9743902e-02   6.5673446e+00  -2.5658375e+00  -5.3245987e-01  -2.6627028e+00  -3.7001933e+00  -1.2071219e+00   5.4687837e-01   9.8643150e-01  -2.4224776e+00  -9.9821819e-01  -8.9546428e-02   1.7499017e+00  -1.5343176e+00   1.2946639e+00  -1.3055237e+00   2.4258902e-01  -7.4465045e-01   5.9609233e-02   5.3568173e-01
   9.0168441e+00   1.1392380e+01  -5.9895263e+00  -6.5593684e+00   4.5188600e-02   3.7374225e+00  -2.5041393e+00  -3.2145393e+00  -4.6948595e+00  -5.8877707e+00  -2.4756178e+00   8.2240455e-01  -3.4378989e-01  -1.4625702e-01   1.8574484e+00   3.0563700e+00  -1.9197971e+00  -3.0190935e+00   3.0211724e-01  -8.0029591e-01  -2.1247022e+00  -1.2120832e+00   6.9136470e-02   2.9586835e-01
   8.5598614e+00   1.1971036e+01  -2.7571577e+00  -2.4725808e+00  -3.5342717e+00   2.5713690e+00  -4.0827806e+00  -4.4577887e+00  -4.7360569e+00  -6.3665201e+00  -2.5884315e+00   7.0138639e-01  -2.0365270e+00   1.5287053e+00   2.4730372e+00   3.2968606e+00  -1.9368166e+00  -3.9940579e-01   1.0018740e+00  -9.8973166e-01  -2.1067379e+00   1.4944265e+00   6.8205973e-01  -1.6282253e-01
   6.9519675e+00   1.4711057e+01  -1.4364264e+00  -1.6057677e+00  -2.1713270e+00   1.0902820e+00  -3.4868505e+00  -2.8193662e+00  -5.7558058e+00  -4.1318394e+00  -1.4495649e+00   4.3968840e-01  -1.9924962e+00   4.4133170e-01  -7.3650043e-01   1.5539169e+00  -1.1608650e+00   3.8778066e+00   2.3827747e+00   9.1347978e-02  -1.8841278e+00   1.8757297e+00   1.5156734e+00  -3.7209502e-01
   7.1788075e+00   1.2932031e+01  -5.3683532e+00  -3.5080242e+00  -1.8667110e+00   7.2918062e+00  -5.7167092e-01  -2.2146439e+00  -5.2923365e+00  -2.3365192e+00  -6.9705874e-01   4.9400265e-01  -1.2891763e+00  -3.0698843e-01  -2.1167794e+00  -1.1364805e-02  -3.4114673e-01   3.1411855e+00   2.2959739e+00  -6.7529558e-01  -2.0553578e+00   5.1428607e-01   1.3042691e-01  -2.4975069e-01
   6.7186267e+00   1.1573880e+01  -5.7886791e+00  -3.7107713e+00  -2.5298893e+00   7.1939138e+00  -6.8553213e-01  -4.1990898e+00  -7.2429114e+00  -5.0891766e+00  -1.1477940e+00   3.6795388e-01  -4.1504163e-01   4.6052418e-01  -9.6943146e-01   5.9566757e-01  -1.1445608e+00   1.8553688e+00   1.2587487e+00  -3.2540062e+00  -1.6632086e+00   1.5093516e-01  -1.3819839e+00   3.5504555e-02
   6.7427674e+00   1.3079142e+01  -3.7562005e+00  -1.4371261e+00  -3.8667107e+00   4.2313313e+00  -2.0394789e+00  -4.7808703e+00  -7.0755408e+00  -5.1164224e+00  -2.5436765e+00   3.6262762e-01  -1.9102170e-01   5.0800121e-01  -6.5835913e-01   2.3128650e+00  -1.2195117e-01   5.1278638e-01  -3.1664840e-01  -2.1376761e+00   8.0974963e-01   1.2374914e+00  -1.2430924e+00   7.2427529e-02
   6.5474251e+00   1.5328288e+01  -3.6966500e+00  -1.7477153e+00  -2.8881684e+00   5.4035727e+00  -8.6482350e-01  -6.4172623e+00  -7.3590166e+00  -2.5154850e+00  -2.5992319e+00   5.5863275e-01   6.1876788e-01  -1.7934343e+00  -3.5501296e+00   4.0250916e+00  -1.5622157e+00   3.3473245e+00  -1.5871447e-02  -1.5193599e+00   2.8375749e+00   6.8371119e-01  -2.2491912e-01   1.8740051e-01
   6.9778757e+00   1.1816829e+01  -7.4019065e+00  -1.0202547e+00  -1.8704981e+00   8.9561563e+00  -9.5699783e-01  -4.3120717e+00  -4.0196595e+00  -1.7671278e+00  -1.8359783e+00   5.0730452e-01   4.8230902e-01  -3.4771166e+00  -4.4792226e+00   4.6271042e+00  -2.8174375e+00   2.9340153e+00   6.6120076e-02  -4.8960615e-01   1.6391538e+00  -2.2274310e+00   3.5309037e-01   2.3990568e-01
   7.5292243e+00   9.5148852e+00  -9.2910205e+00   2.1184304e+00  -5.8713192e+00   9.8524880e+00  -1.2505798e+00  -6.7125290e+00  -4.5144897e+00  -5.7382570e+00  -1.8390218e+00   5.7671621e-01  -6.5964425e-01  -2.1518735e+00   5.7908527e-01   3.2301004e+00  -5.8179193e-01  -1.1240740e+00  -1.9779794e-01   2.0019092e+00  -3.0127985e-01  -4.5761875e+00  -1.4797948e-01   3.1300256e-01
   6.9753313e+00   1.0770169e+01  -7.6778492e+00   3.5704573e+00  -6.6012915e+00   6.4078966e+00  -1.7474206e+00  -5.3676462e+00  -6.0390736e+00  -6.8461829e+00  -2.3941460e+00   7.1344440e-01  -1.7443028e+00  -5.7957009e-01   5.4977698e+00  -2.0442810e-02   1.3608880e+00  -2.6088954e+00   5.1434666e-01   2.3956507e+00   1.0328085e+00  -1.4485809e+00  -2.5052072e-01   2.5940294e-01
   5.5592309e+00   1.2623808e+01  -2.6900507e+00   8.0207926e-01  -1.3954597e+00   4.9915916e+00  -7.6630901e-01  -2.8866113e+00  -6.8012293e+00  -6.8402387e+00  -2.5421173e+00   9.2506665e-01  -2.7022803e+00  -1.5786242e+00   4.9108486e+00  -1.4349999e+00   9.9644420e-01   3.2290294e-01   1.0939099e+00   7.9904257e-01   3.8834510e+00   6.2917866e-01   6.2061392e-02   2.0152995e-01
   5.3464182e+00   9.3930126e+00  -2.4557367e+00  -3.9274340e-01  -2.0670958e+00   7.4732615e+00  -4.2761325e-01  -2.6315545e+00  -1.3270769e+00  -3.3890083e+00  -1.8602117e+00   7.2223371e-01  -2.3896126e+00  -2.2284062e+00   1.6528309e+00  -6.2025627e-02  -2.8075728e+00   2.8653671e+00   4.8394881e-01  -1.3920478e+00   3.9974300e+00  -9.3847907e-01   4.0661189e-01  -1.0702581e-02
   4.2902604e+00   7.8355269e+00  -4.5358039e+00   1.9475309e+00  -6.6437507e+00   9.8041600e+00  -2.6961867e-01  -6.8820110e+00  -1.0453115e+00  -6.5230763e+00  -2.0128969e+00   8.7461648e-01  -1.2219601e+00  -4.2559713e-01  -9.5242422e-01   2.6253181e+00  -4.8387631e+00   2.9318959e+00  -6.4138487e-01  -2.4705719e+00   1.8155423e+00  -1.7877266e+00   3.8991203e-01   6.4658975e-02
   4.0253977e+00   9.8216998e+00  -4.2757263e+00   2.9046930e+00  -8.1885052e+00   8.2996630e+00  -1.2698426e+00  -5.4580181e+00  -2.9208875e+00  -8.4124827e+00  -2.0488384e+00   7.2261561e-01  -1.1229285e+00   1.7957100e+00   1.5194508e+00   1.5879053e+00  -1.2107718e+00   1.7888400e+00   6.1411518e-01   7.5813859e-01  -1.0254264e+00  -5.0945103e-01  -2.4910271e-01   1.3411935e-01
   4.3868010e+00   1.1771069e+01  -3.2086923e+00   3.0913382e+00  -5.5928997e+00   8.9762347e+00  -1.3072717e+00  -5.1792373e+00  -3.2810106e+00  -7.0100914e+00  -1.8629359e+00   1.0218642e+00  -7.8865901e-01  -5.9082496e-01   4.9427312e+00  -2.2269936e+00   2.3741558e+00   2.6628680e+00   5.1050692e-01   1.8988074e+00  -1.1310140e+00   2.9611085e+00  -7.0458008e-01   2.9281183e-03
   3.6137552e+00   1.0118807e+01  -8.4011624e-01   1.4172109e+00  -4.4086791e+00   1.0570484e+01   1.0123860e+00  -2.3457334e+00  -1.7473670e+00  -3.9096773e+00  -2.3088463e+00   8.4978889e-01  -8.8670990e-01  -2.7414761e+00   5.9412984e+00  -2.6177417e+00   3.4164233e+00   2.1971322e+00  -1.7147745e+00   1.3914346e+00  -4.2523559e-01   2.7222594e+00  -1.2566980e+00  -1.8413491e-01
   3.3130932e+00   6.8007361e+00   1.1604879e+00  -6.4921845e-01  -4.9724301e+00   1.2663051e+01  -6.4497259e-01  -5.5899421e+00  -3.3285926e+00  -4.3328162e+00  -2.9397631e+00   8.1542201e-01  -9.0375750e-01  -1.7504552e+00   3.3929125e+00  -4.8805870e-01   4.6242911e+00   4.0268053e-01  -2.6253543e+00   1.5616574e+00  -1.5580801e+00   6.3925093e-01  -1.3014538e+00  -3.4543346e-01
   3.2321868e+00   8.1946521e+00   2.4516313e+00   8.4835872e-01  -3.3741050e+00   9.7519529e+00  -4.1731539e+00  -3.1655138e+00  -3.5349498e+00  -5.6677313e+00  -3.3954718e+00   5.4963432e-01  -3.3394130e-01   6.9671144e-01  -2.6897692e-01   1.0415081e+00   3.1076974e+00   8.8685215e-01  -2.1929958e+00   1.9169517e+00  -1.0485124e+00   7.2186683e-01   5.7113163e-01  -1.1779536e-01
