   2.9915559e+00  -3.8455828e+00   5.4028137e+00   3.4388438e+00   2.6560705e+00  -1.1767653e+00   8.0386426e+00  -2.6371238e+00  -7.4658764e-01   2.3917632e-01   1.2585459e+00   3.2464067e-01   4.2848599e-01  -4.3915303e+00   3.3867147e+00   5.4157712e+00   6.2406801e+00  -6.4480739e-01   6.5673029e-01  -3.3285241e+00  -1.9505126e+00  -2.6778437e+00   3.9916714e-01   1.1489889e-01
   2.7798929e+00  -4.3466722e+00   4.7041056e+00   3.5960277e+00   3.2876296e+00   3.4795873e-01   5.1976309e+00  -4.7845817e+00  -1.5855835e+00  -6.9140236e-01   7.5690013e-01  -3.2825367e-02  -2.9346147e+00  -3.1551906e+00   4.9794301e-02   4.6869655e+00   5.5951371e+00   3.2298330e+00  -1.1738392e+00  -2.0138518e+00  -4.5973421e-01  -4.1451636e-01  -1.4288242e-01   1.9951622e-01
   1.1800649e+00  -6.2177620e+00   5.9475175e+00   6.6685203e+00   6.3035137e+00   9.8917227e-01   5.8912243e+00  -4.1895943e+00  -1.6244491e+00  -5.5130937e-01   1.3716699e+00   4.4809835e-01  -2.4857473e+00  -3.4921440e+00   8.3207908e-01   2.2930256e+00   2.8251928e+00   4.0747270e+00   5.9377285e-01  -1.0268765e-01  -6.9325459e-02   3.9425300e-01  -9.3692438e-01   1.0546961e-01
   5.9776126e-02  -6.2355974e+00   5.9354354e+00   6.3922628e+00   6.0471886e+00   3.2785853e+00   7.6436072e+00  -3.3167407e+00  -8.3707843e-01   2.2903061e-01   7.4930298e-01   5.0607190e-01  -1.6566794e+00  -3.2661611e+00   8.7906108e-01  -1.4691171e-01  -1.1575724e+00   2.2088496e+00   1.5474528e+00   1.1977867e+00   7.1429611e-01   1.9432250e+00  -1.0370882e+00  -6.5013087e-02
   6.2299323e-01  -8.1393362e+00   6.0352675e+00   5.4802646e+00   5.5140802e+00   3.4700120e+00   7.7063138e+00  -3.5250758e+00  -1.2248284e+00   3.7033935e-01  -1.4304206e-01   2.1339644e-01  -1.2605230e+00  -1.7168168e+00   6.8716210e-01  -1.7333729e+00  -3.3491287e+00   1.1604703e+00  -1.3871511e+00   8.3089501e-01   3.3698596e-01   1.1502196e+00  -7.7661085e-01  -6.7097744e-01
   5.7340952e-01  -8.2851267e+00   5.9788223e+00   3.9697879e+00   1.9459876e+00   2.4208132e+00   6.6112653e+00  -3.3201610e+00  -7.1394972e-01   1.7626108e+00  -4.1376108e-02  -1.2994046e-02  -1.8837711e+00  -2.0297656e+00  -4.3457191e-01  -4.3914895e-01  -1.5434449e+00  -6.7687698e-01  -3.7691097e+00  -2.3427080e+00  -1.2964186e+00   8.9406468e-02   4.5959907e-01  -5.8552739e-01
  -9.6753634e-01  -7.7682225e+00   6.9565672e+00   5.2796985e+00   3.3304211e+00   3.1587637e+00   4.3266686e+00  -2.9415416e+00  -1.1805345e+00   4.0722996e-01   6.0209319e-01  -2.9883484e-01  -3.0407277e+00  -1.3174553e+00  -1.4350940e+00   6.2764494e-01   1.0226567e+00  -2.7819361e+00  -4.3045985e+00  -3.6862556e+00  -1.6778382e+00  -1.0509564e+00   1.0617141e+00  -9.5379097e-02
  -1.9706157e+00  -9.4658026e+00   4.8229276e+00   5.8338225e+00   4.8238507e+00   2.4188940e+00   3.6797652e+00  -7.1225697e+00  -2.8038532e+00   3.4469501e-01   1.0661340e+00  -1.1610354e-01  -2.9952319e+00  -2.2900716e+00  -3.1409483e+00   2.4203878e+00   4.3671594e+00  -2.9163726e+00  -1.1245079e+00  -2.8545642e+00  -1.0013695e+00  -1.9752968e+00   7.4315193e-01   2.5696764e-01
  -2.6660857e+00  -9.5251813e+00   4.4605737e+00   5.4897148e+00   5.6091337e+00  -7.0193247e-01   2.7151661e+00  -7.1532548e+00  -2.6966339e+00  -4.9713738e-01   8.9577404e-01   1.2188254e-01  -2.1257511e+00  -3.2303113e+00  -4.2928152e+00   2.0297762e+00   2.7813668e+00  -3.4615940e+00   1.5125892e+00  -9.9887428e-01   5.7730948e-01  -1.2552947e+00   3.7947974e-01   4.5896176e-01
  -3.0701637e+00  -1.0841755e+01   2.5153966e+00   7.4953614e+00   7.3573704e+00  -2.3397699e-02   5.7302547e+00  -5.4961507e+00  -1.4579543e+00  -7.4815079e-01   9.2651136e-01   1.6209872e-01  -1.3794629e+00  -3.3127707e+00  -3.0049652e+00   1.6832428e+00   1.2440450e+00  -1.3731633e+00   2.7465649e+00   1.2032725e+00   1.7840786e+00  -9.2701898e-01  -2.0306417e-01   2.8251651e-01
  -3.6063890e+00  -1.1925713e+01   1.6711099e+00   7.4935933e+00   6.2357114e+00  -8.1248141e-01   5.5703076e+00  -5.2530625e+00  -9.8751979e-01  -9.2928922e-01   1.2411241e+00   2.5050667e-01  -6.5217607e-01  -3.9532381e+00  -2.8863655e+00  -1.0807324e+00   3.4277728e-01   4.3768629e-01   5.6140312e-01   5.3769412e-01   5.7930223e-01   9.9404371e-04   2.7234441e-01   3.9611354e-01
  -3.5696584e+00  -1.3234693e+01   1.7102117e+00   7.3567474e+00   6.3766294e+00   4.1442341e-01   6.3720419e+00  -6.2677571e+00  -9.8229235e-01  -8.2975754e-01   5.8886267e-01   2.4335916e-01  -2.7270208e-01  -3.0136770e+00  -1.9330720e+00  -4.8133854e+00  -4.3303292e-01   5.0545812e-01  -2.1896492e+00   1.0832736e+00  -1.8844514e-01   4.6828497e-01  -2.0241862e-01   2.5924586e-01
  -3.3946024e+00  -1.4258570e+01   5.3361795e-01   3.9379231e+00   6.6136701e+00  -2.6431359e-01   3.2363772e+00  -5.9609104e+00  -2.0655115e+00  -4.5484294e-01   1.4731150e+00   6.7542263e-01  -5.0607191e-01  -3.3085758e+00  -2.0892662e+00  -4.1247087e+00   5.9935674e-01  -3.8945282e-01  -2.4607048e+00   1.6017439e+00   3.8011785e-01   4.6238234e-01  -3.6950262e-01   4.9052376e-02
  -3.5851101e+00  -1.4195842e+01   1.8453454e-01   2.0531184e+00   6.5188417e+00   4.6070557e-01   3.6127462e+00  -3.5173164e+00  -1.2016261e+00  -2.8294648e-01   5.0688798e-01   3.3850952e-01  -1.0372464e-01  -2.7566100e+00  -2.1551674e+00  -3.5188386e+00  -2.6206820e+00  -3.1441764e+00  -1.6771164e+00   2.0788065e+00   1.4680528e+00   2.9206891e-01  -4.5881009e-01  -2.0515618e-01
  -4.3577710e+00  -1.6408002e+01  -6.9995078e-01   3.9583447e+00   7.0636404e+00  -1.4198017e+00   3.2588983e+00  -4.2256671e+00  -3.0767611e-01  -5.0912124e-01   7.2785752e-01   2.7651006e-01  -4.0515692e-01  -1.6568397e+00   1.6037744e-01   6.2178849e-01  -3.6034348e+00  -3.9308665e+00   2.5281981e+00   2.0924686e-01   1.2028628e+00   5.4937573e-01  -8.1016852e-01  -6.3878635e-01
  -3.2436611e+00  -1.6294891e+01  -9.0575502e-01   2.0682788e+00   2.2206213e+00  -3.7240971e+00   3.8451068e+00  -4.0171690e+00   3.4086915e-01  -3.6451503e-01   2.7327628e-01   1.3508118e-01  -2.0730721e-01   3.0985028e-01   2.5223226e+00   1.5453039e+00  -3.0784340e+00  -1.5609627e+00   4.7697450e+00  -1.4106696e+00  -5.2516928e-01   1.0977715e+00  -8.6897633e-02  -4.3381845e-01
  -4.1730623e+00  -1.5694305e+01   1.3193289e+00   4.8630257e+00   3.3576282e+00  -4.0682120e+00   6.9124940e+00  -5.3971138e+00  -1.0324649e+00   4.1000492e-01   3.7466809e-01  -1.8104272e-01  -3.9921538e-01   2.3526082e+00   3.1942051e+00  -6.4535005e-01  -1.8836029e+00   1.8085950e+00   6.2592400e+00  -5.6459549e-01  -2.2122193e+00   1.4732378e+00   1.0838924e-01  -2.6655218e-01
  -3.9884253e+00  -1.4087916e+01   2.9583785e+00   3.9187337e+00   3.7541968e+00  -5.5653331e-01   8.9405658e+00  -5.0475975e+00  -1.6269857e+00   9.0414766e-01   5.5313625e-01  -8.3441764e-02  -2.1432860e-01   3.5695787e+00   2.0008885e+00  -1.8549340e-01   3.0008974e+00   4.7606597e+00   3.2711715e+00   1.0242934e+00  -6.8145274e-01   3.2674552e-01  -4.7239269e-01  -3.8299004e-02
  -4.5842120e+00  -1.3982578e+01   2.1592901e+00   2.0650921e+00   3.4714482e+00  -2.9069122e-01   1.0100029e+01  -4.5573461e+00  -2.6420777e+00   1.0664041e+00   7.5051139e-01  -1.4056736e-02   7.8735002e-01   2.2687597e+00  -8.6852116e-01  -1.6112106e+00   2.7986134e+00   4.2722209e+00  -1.2287754e-01   9.7004913e-01   5.6899154e-01  -3.0101230e-02  -6.2135348e-01   9.5119736e-03
  -3.3595791e+00  -1.1796386e+01   1.6755971e+00   3.1890055e+00   6.6650573e+00   1.5281320e+00   7.1580967e+00  -2.9006127e+00   1.2349644e-01  -2.0259635e-01  -6.2323441e-01  -5.8603152e-03   6.1489794e-02  -1.5660073e-01  -3.6845101e+00  -5.0229612e-01   4.6556915e-01   1.8975488e+00  -1.5969654e+00   8.0937631e-01   1.8197013e+00   8.2666845e-01  -3.3395568e-01  -9.9021600e-02
  -3.3064604e+00  -1.3436930e+01   6.5793785e-01   2.8110740e+00   6.1001180e+00   1.2977867e+00   7.6194123e+00  -5.0155325e+00  -1.0542186e+00   9.1822508e-01   3.0823193e-02  -2.0556549e-01  -1.9049981e-01  -1.5399060e+00  -2.6105489e+00   7.9684231e-01  -1.3930748e-01   6.0647530e-01  -1.2137199e+00   6.6714727e-01   2.1975376e+00   1.4496776e+00   4.2763801e-01  -3.3178083e-01
  -4.5350664e+00  -1.4595641e+01  -1.8177105e+00   2.7922986e+00   3.1382157e+00   1.4955510e+00   7.7854260e+00  -3.6044398e+00   3.0863681e-01   2.2182399e+00   4.1204683e-01  -1.3621979e-01  -6.0533899e-01  -2.6674483e+00  -1.5390013e+00   1.7592394e+00  -1.7977220e+00  -1.7975159e+00  -2.1532120e-01  -6.9075103e-02   1.5439447e-01   1.6240664e+00   2.0472256e+00   5.0289345e-02
  -4.2822181e+00  -1.4892810e+01  -9.8793951e-03   3.4587090e+00   5.0259078e+00   6.3531222e-01   7.9657844e+00  -3.2047116e+00   5.6165848e-01   2.0305024e+00   8.7432778e-01  -4.4654825e-01   2.0893726e-01  -1.3109880e+00   2.0967017e-02   3.3010062e+00   1.8256311e+00  -2.3813898e+00  -2.7908864e+00  -5.2673733e-01  -1.0948053e+00  -5.6011851e-01   2.0203347e+00   5.7594582e-01
  -3.7797088e+00  -1.5069619e+01  -2.9899617e-01   5.5040470e+00   4.5055794e+00  -8.3690472e-01   6.6619288e+00  -3.9096358e+00  -4.5285041e-01   1.6773646e+00   2.0258516e+00   1.9006508e-01   9.7214188e-01  -1.1510009e-01  -5.5594187e-01   3.1411945e+00   4.0613904e+00  -3.3754408e+00  -3.6907996e+00  -1.1965913e+00  -2.7423906e+00  -1.1242991e+00   1.7731070e+00   7.1932838e-01
  -3.3707333e+00  -1.5166423e+01  -6.9968786e-02   6.4067091e+00   8.1548827e+00  -1.1080702e+00   3.9948312e+00  -5.6530405e+00  -2.3156829e+00   3.4848494e-01   2.2544228e+00   4.9521081e-01   2.4278907e-01   8.0832954e-01  -2.1684486e+00  -2.6926821e-01   1.8143720e+00  -3.8418323e+00  -3.1995463e+00  -1.3607808e+00  -2.9141665e+00  -7.8642762e-01   8.4859529e-01   7.2154138e-01
  -3.5325960e+00  -1.4631484e+01  -2.6215786e+00   6.0300904e+00   7.6658139e+00  -2.6959190e+00   4.2347032e+00  -4.1751624e+00  -2.3662784e+00   1.3727999e+00   2.3816599e+00   4.7189326e-01   7.3942049e-01   2.2659890e+00  -6.3793316e-02  -1.9898942e+00   6.8866269e-02  -1.6178962e+00   1.3795304e-01   1.2630544e+00  -1.4888911e-01  -1.6933150e-01  -1.2297758e+00  -2.5651779e-01
  -4.0415909e+00  -1.3899383e+01  -2.1012611e+00   2.7917850e+00   6.1673487e+00  -4.1979292e+00   4.3800778e+00  -5.1131195e+00  -2.8528773e+00   1.0031433e+00   1.9693166e+00   4.9484973e-01   3.2933719e-01   2.9901364e+00   3.0421889e+00  -9.8069135e-01  -3.1628534e+00  -8.6197760e-01   2.1496364e+00   1.8436284e+00   1.2785864e+00   5.5799687e-01  -1.4171141e+00  -3.7919470e-01
  -2.3351492e+00  -1.2304155e+01   6.2096001e-01   4.3266678e+00   5.6026458e+00  -1.7188196e+00   6.6762351e+00  -2.2850147e+00  -4.0758688e-01   1.0960382e+00   3.2374109e-01  -1.9453106e-01   8.3613159e-01   1.6224972e+00   4.2925556e+00   2.0671950e+00  -2.9882143e+00   1.3773808e+00   9.9578559e-01   1.0420257e+00   7.2319156e-01   3.9513460e-01  -1.0167446e+00  -1.7412805e-01
  -3.4754509e+00  -1.1844882e+01   2.8720452e+00   5.7873834e+00   4.4421866e+00  -2.8895863e+00   5.9985198e+00  -3.8326718e+00  -1.3771490e+00   1.3238611e+00   1.1577111e+00   2.5963091e-01  -3.5813339e-01  -6.3841085e-01   2.1349647e+00   5.1266733e+00   1.2097986e-02   3.4912357e+00   1.0876600e+00   1.0292827e+00  -7.0943317e-01  -4.1179593e-02  -6.6001254e-01   1.8538365e-01
  -2.5614686e+00  -1.3224989e+01   1.3306017e+00   7.6330837e+00   4.0460735e+00  -1.2840192e+00   4.9191606e+00  -3.2523477e+00  -2.0193552e+00   1.8051429e+00   1.2623457e+00   3.2831059e-01  -1.2270352e+00  -2.7088379e+00  -1.3408761e+00   3.3557425e+00   2.5814476e+00   3.2582271e+00  -8.1267454e-01  -1.3135061e+00  -1.9071511e+00  -7.2626232e-01  -5.4379107e-01   2.9361375e-01
  -4.4656313e+00  -1.4396582e+01   7.4636514e-01   8.8285870e+00   6.9637819e+00   8.2152417e-01   6.8901051e+00  -3.0855290e+00  -3.1111429e+00   5.8682155e-01   5.0999549e-01   5.1150438e-01  -1.1100562e+00  -3.0544398e+00  -3.5970767e+00   5.1207119e-01   3.3015214e+00   2.3391618e+00  -2.7377724e-01  -1.2975235e+00  -1.1065558e+00  -1.4774015e+00  -1.3740399e+00  -2.2503706e-01
  -3.6806118e+00  -1.5091562e+01  -3.2751409e-01   7.8396798e+00   8.2140196e+00   1.3129659e+00   5.0114307e+00  -4.6288452e+00  -2.4013166e+00   3.7516447e-01  -1.6808770e-01   1.1995283e-01   7.4290190e-02  -7.6386263e-01  -2.3744008e+00  -2.5624514e+00   1.5018580e+00  -1.7651845e+00  -1.2529069e+00  -2.4531210e+00   6.9511299e-01  -1.2357702e+00  -7.5534242e-01  -3.1072150e-01
  -4.5809636e+00  -1.5493255e+01  -1.6945119e+00   6.4521921e+00   7.3104957e+00  -6.7933605e-01   5.5417189e+00  -5.0907082e+00  -2.8460020e+00  -1.7725189e-01  -1.8813209e-01   2.6254195e-02  -1.0789406e+00  -1.5602235e+00  -2.7355497e+00  -1.5456078e+00   1.7998641e+00  -2.7244757e+00   3.6246058e-01  -1.9153232e+00   8.7944233e-01   2.8992014e-01   1.0152626e+00  -3.2569107e-01
  -2.3923672e+00  -1.3822446e+01  -1.0105610e+00   4.9776039e+00   6.1255036e+00  -3.1813658e+00   3.7139934e+00  -5.9294396e+00  -1.1092562e+00   3.3352435e-01   4.7839584e-01   1.0485343e-01  -2.9235648e+00  -2.3486506e+00  -2.7750457e+00  -7.6701343e-01   1.1816493e+00  -1.1735280e+00   2.0367840e+00  -8.9927940e-01   4.9238219e-01   1.1821339e+00   2.1868414e+00   8.0082631e-02
  -6.7281644e+00  -1.7371476e+01  -3.0154360e+00   7.9412132e+00   1.0707836e+01  -1.0180235e+00   8.0825146e+00  -5.3082167e+00  -2.4380096e+00   1.0425218e+00   1.7096476e+00   3.0517475e-02  -2.7196260e+00  -2.1899291e+00  -2.9379542e+00  -2.0251079e+00  -9.5342563e-02   1.5595051e+00   3.9759023e+00   3.9734114e-01   3.2582945e-02   5.5747321e-01   1.4669056e+00  -2.5199934e-01
  -6.9923586e+00  -1.7675428e+01  -3.8296206e+00   5.9446491e+00   8.2878234e+00  -2.7798239e-01   6.7962088e+00  -5.8690101e+00  -1.8667395e+00   1.5384785e+00   2.1632845e+00   2.3794514e-01  -2.8089542e+00  -2.1041438e+00  -2.7824088e+00  -3.8404909e+00  -1.7642551e+00   4.1327548e+00   4.6308011e+00   2.1758893e+00  -1.0436206e+00  -6.6649181e-01  -8.6297593e-02  -3.9892582e-01
  -6.3604069e+00  -1.6851658e+01  -4.6919135e+00   2.9310078e+00   6.0863219e+00   2.0822995e-01   9.9644647e+00  -4.5249112e+00  -2.4183859e+00   5.6480868e-02   1.1697820e+00  -4.1829067e-01   1.1192666e+00   2.2155341e-01  -4.5439399e-01  -4.8713031e+00  -3.7175850e+00   6.5893359e-01   1.9607307e+00   3.9285483e+00   6.6811505e-01  -1.0522202e+00  -1.1300853e+00  -2.3827868e-01
  -6.7896772e+00  -1.7238571e+01  -4.3459355e+00   1.7219703e+00   5.7898781e+00   2.4046397e+00   9.7192200e+00  -3.0572583e+00  -2.6844989e+00  -1.7319289e-01   6.1888224e-01  -2.6913123e-01   1.6455979e+00  -5.4299761e-02   1.3954915e+00  -9.6852338e-01   4.9147334e-01  -6.5541490e-02   2.4924066e+00   5.8003032e+00   7.4372677e-01  -9.3094529e-01  -1.6166670e+00  -1.3183849e-01
  -5.1506052e+00  -1.7257574e+01  -3.4388695e+00   2.7455979e+00   6.3804311e+00  -1.3709342e+00   9.5621051e+00  -8.2127007e-01  -1.0269573e+00   3.2002716e-01   7.8672080e-01  -7.3362359e-02   2.9635457e+00   8.9359932e-01   3.4770520e+00   1.6086016e+00  -1.6623152e-01  -3.4934958e+00  -1.4511475e+00   3.8982738e+00   7.7023360e-01  -2.2232093e-01  -1.4316404e+00   2.7308558e-01
  -5.1288626e+00  -1.7553920e+01  -2.3629053e+00   4.5845689e+00   8.8779788e+00   4.1328744e-01   1.0735998e+01   9.7962408e-01  -1.4468636e+00   1.0287384e-02  -7.0185346e-02  -1.3227675e-01   1.1240301e+00   3.2196300e-01   1.3799586e+00   2.7525718e+00   1.5200941e+00  -1.8405461e+00  -1.4300804e+00   2.5787848e+00   1.1207091e+00   1.2698113e-01  -1.5799508e+00   3.1224733e-02
  -2.7454957e+00  -1.5353584e+01  -4.6785060e-01   3.9126109e+00   4.2929243e+00  -4.0363376e+00   7.2793542e+00  -6.9594176e-01  -1.8818532e+00  -3.6874066e-01  -6.3314482e-01  -7.7089539e-02  -1.1681286e-01   2.1809012e-01   5.3786829e-01   1.0628661e+00   2.4585417e+00   4.1545344e-01  -3.3915147e+00  -1.1182948e+00   7.6673727e-01   9.2639330e-01  -1.0258027e+00   3.3368766e-02
  -6.3061868e+00  -1.7707621e+01  -3.7615070e+00   5.2673215e+00   9.1137726e+00   9.7652225e-01   8.7154749e+00   7.4825476e-01  -5.7598731e-01   3.6166272e-01  -1.0411112e+00  -2.2043054e-01  -7.7562669e-01  -3.4578774e-01   3.7429974e-01  -5.6949922e-01   1.3402029e+00   3.8543436e-01  -3.3931733e+00  -2.8931285e+00   1.9057057e+00   1.0285648e+00   3.3435008e-02   3.2473913e-01
  -4.7371624e+00  -1.6853588e+01  -1.9327662e+00   3.9985208e+00   9.9503468e+00  -1.0293714e+00   5.4850948e+00  -2.3830275e+00  -3.1228955e-01   1.5339294e+00  -2.6652029e-01   2.0767682e-02  -9.3993629e-01  -1.0417731e+00   6.2702519e-01  -8.7345839e-01   2.1217557e+00   1.8404062e+00  -1.5572491e+00  -2.6535034e+00   1.3217863e+00   5.2256439e-01   8.6387457e-01   4.5716452e-01
  -5.2964693e+00  -1.7322599e+01  -1.0689979e+00   3.6873651e+00   8.0595720e+00  -5.1204410e-01   6.5433682e+00  -2.5165258e+00   6.2691310e-01   6.0179957e-01  -2.0334510e-01   3.0590332e-01   1.5076284e+00   1.4728274e+00   2.5011209e+00  -2.6218948e+00  -1.6392024e+00  -1.5637509e+00  -2.1118831e+00  -2.9600846e+00  -1.1562238e+00  -1.1807165e+00   7.3111833e-01   2.5665565e-01
  -4.6602589e+00  -1.7108755e+01  -8.7356738e-01   3.3924015e+00   8.0026583e+00  -5.3144514e-01   6.0295339e+00  -3.0438066e+00  -5.0062398e-01   2.9503750e-01   2.4378398e-01   3.4549032e-01   3.6542428e-01   1.2224086e+00  -4.6290430e-01  -1.7795193e+00  -5.0244646e-01  -7.3444046e-02   7.2098791e-01  -3.4216862e-01  -1.7762392e+00  -1.3754895e+00   4.8446552e-01  -6.3089878e-02
  -4.0831959e+00  -1.5370797e+01  -5.3942510e-01   1.6375391e+00   7.6288133e+00  -1.6180673e+00   5.2754307e+00  -3.3614826e+00  -2.2161558e+00  -7.8996602e-01  -1.9958583e-01   2.1916214e-03   4.3381591e-01   1.7205389e+00  -1.0881186e+00  -9.3296618e-01   1.1223023e+00   3.8441135e-01   1.5514049e+00   4.8873052e-01  -7.7391573e-01   4.4082259e-02   3.6053127e-01  -4.4294823e-01
  -4.7956627e+00  -1.5995877e+01  -2.8919091e+00   2.3541550e+00   9.4120564e+00  -5.8652592e-01   7.2005454e+00  -2.4738021e+00  -1.5551139e+00   1.6657807e-01   4.5829836e-01   7.7988716e-02   1.3238982e+00   2.4167139e+00  -4.2365701e-01   9.3496802e-01  -1.0923688e+00  -6.4046178e-01   2.3452521e+00   1.0303426e+00   3.8444487e-01   4.3289757e-01   1.7074276e-01  -3.2779043e-01
  -4.5780435e+00  -1.5298230e+01  -1.6920049e+00   2.8070391e+00   9.0383263e+00   9.2113316e-02   8.2849697e+00  -2.0684322e+00  -6.7155336e-03   7.3215268e-01   2.3019462e-01  -2.2476822e-01   2.5935814e-01   8.9475243e-01   1.1397648e+00   5.0090657e+00  -7.7104481e-01   2.6385805e-01   1.8496084e+00   1.4144748e+00   6.0776277e-01   2.8729801e-01  -2.3180728e-01  -2.3526817e-01
  -2.4269878e+00  -1.3519967e+01  -9.3276302e-01   4.2101035e+00   5.6593485e+00  -2.3472281e+00   8.0426426e+00  -2.1448178e+00  -1.0286768e+00   1.8332451e-01   2.8500790e-01  -3.2715402e-02  -4.1393577e-01  -5.5390653e-01   1.2181045e+00   6.3651890e+00  -8.3171436e-02  -9.3052827e-01   9.6255501e-01   1.2670802e+00  -4.5193255e-01  -6.9898468e-01  -8.6605173e-01  -4.3848455e-01
  -4.8784961e+00  -1.5266623e+01   1.9064899e-01   8.2231634e+00   8.3486000e+00  -3.4192909e-01   7.6287947e+00  -1.4042626e+00  -1.5677302e+00  -3.6739223e-01  -4.6065153e-01  -2.9535857e-01  -1.2862056e+00  -2.2149510e+00   8.6801602e-02   5.8795568e+00   2.4885740e+00  -5.7726512e-01  -1.7335617e-02   1.4033831e+00  -6.0192816e-01  -3.0924413e-01  -2.5771373e-01  -2.3891806e-01
  -5.2663400e+00  -1.6842540e+01  -2.0060793e+00   9.1938764e+00   9.6321624e+00  -1.7652971e+00   8.9724655e+00  -9.0526667e-01  -1.4525054e+00  -3.3212650e-01  -4.9535616e-01  -5.4444293e-01  -6.1460117e-01  -2.2344366e+00  -8.7043702e-01   1.5550180e+00   2.3924194e+00  -1.1745889e+00  -1.0743698e+00   1.8551136e-01   1.2733285e+00   7.1939995e-01   7.6429998e-01  -1.5522005e-02
  -5.0876759e+00  -1.6959370e+01  -1.0251443e+00   9.1344879e+00   1.0784780e+01  -1.0647499e+00   7.7940549e+00  -5.8313309e-01  -6.9769346e-01   5.2601200e-01   2.3380606e-01  -3.2728155e-01   1.6126060e+00  -5.6617457e-01  -2.2751465e+00  -4.4959100e+00   5.2123388e-01  -4.3081657e-03  -1.7391309e+00  -1.4746570e+00   1.7424456e+00   8.9193374e-01   1.1638820e+00   4.6432863e-01
  -3.2442997e+00  -1.6025248e+01  -1.6305219e+00   6.0869682e+00   8.0298874e+00  -3.7477010e+00   6.3484578e+00  -2.2771155e+00   4.4629762e-01   8.1572232e-01   1.0842291e+00  -4.0036921e-02   1.7078892e+00   1.4689730e+00  -2.3320837e+00  -8.4688510e+00  -1.0277925e+00   2.6864618e+00  -2.9354718e+00  -3.3757479e+00   5.4868447e-01   4.2644629e-01   1.0293016e+00   7.2229254e-01
  -3.4706073e+00  -1.6524530e+01  -3.4098494e+00   3.0327525e+00   9.9315883e+00   6.4281060e-01   6.3321022e+00  -2.9303236e+00   9.6536738e-02   3.9658398e-01   4.9537891e-01   1.4893137e-01   7.7140553e-01   1.3642841e+00  -1.8926423e+00  -7.9936725e+00  -1.1578182e+00   5.1942908e+00  -1.0818273e+00  -1.6119841e+00  -5.2751893e-01  -2.5608321e-01   2.9102594e-01   4.6903814e-01
  -3.5130405e+00  -1.4856500e+01  -4.3118523e+00  -4.5853245e-01   8.5170698e+00   1.4106153e+00   5.3002341e+00  -4.7952933e+00  -1.0265938e+00   3.7225695e-01   9.1780988e-01   3.0088942e-01   3.1678480e-01   1.4429288e+00  -9.2801496e-01  -4.3003599e+00  -7.2945480e-01   3.1867392e+00   2.4138151e-01   9.2569886e-01  -1.0165578e+00  -2.0428580e-01  -2.4736069e-01   2.4518153e-01
  -3.7961972e+00  -1.5497318e+01  -2.5234426e+00   4.1672944e-01   8.8044618e+00   4.1475282e+00   6.6954258e+00  -1.7420204e+00  -7.5252614e-01   3.6361988e-01   7.5355457e-01   2.0581249e-01  -3.2683151e-01   1.7970782e+00   2.4834172e+00   2.1405289e+00  -1.3664337e+00  -2.0182458e+00   9.2846444e-01   2.7344328e+00   1.9535313e-01   4.5479651e-01  -1.5749143e-01  -3.3327364e-02
  -2.6063276e+00  -1.4374462e+01  -3.4657477e+00   9.4443993e-01   7.4992685e+00  -7.1995101e-01   6.5288683e+00  -1.4827189e+00  -6.5400760e-01   5.2577567e-01   5.8410022e-01   2.9929481e-01  -4.8942121e-01   8.7718159e-01   1.7088608e+00   5.9138425e+00  -9.4293258e-01  -3.8779635e+00  -1.0136700e-02   1.1794739e+00   1.9937116e-01   8.7703158e-01  -2.2364499e-01  -3.2532712e-01
  -4.4142110e+00  -1.4069933e+01  -1.0777587e-01   5.5420596e+00   8.3908384e+00  -1.3192749e+00   7.1104818e+00  -4.8496162e-01   2.0327333e-01   1.0020194e+00   4.2599660e-01   9.9737631e-02  -5.8464099e-01   8.8858903e-02   3.8980554e-01   4.1682057e+00  -5.7748516e-01  -2.3981282e+00   8.7521249e-01  -3.5924743e+00  -1.1471774e+00   1.0221495e+00  -2.3069436e-01  -4.3327174e-01
  -3.9381654e+00  -1.4254421e+01  -2.9563944e+00   5.8495662e+00   7.3094826e+00  -1.6729284e+00   5.0775011e+00  -3.6546119e+00  -1.2054368e+00   1.3686046e+00   7.4612139e-01  -1.3406383e-01  -5.4347958e-01  -8.1152971e-01   7.4804155e-01   1.5443550e+00   1.8214358e-01   1.9572734e+00   2.5723402e+00  -4.4017826e+00  -2.2649472e+00   1.3356170e+00   3.6157448e-01  -4.3527718e-01
  -4.0072397e+00  -1.5424050e+01  -2.1934110e+00   4.2164748e+00   8.0331270e+00   1.0268246e+00   8.7339281e+00  -6.0447853e+00  -2.1975777e+00   1.4754296e+00   3.2650244e-01  -2.2741579e-01   1.2586268e+00  -5.4064974e-01   2.3232401e-01  -3.0612024e+00  -3.8606142e-01   1.7356589e+00   2.7146572e+00  -3.9732769e+00  -2.7548581e+00   5.3885984e-02   3.1960504e-01  -1.1023663e-01
  -3.6250326e+00  -1.4914698e+01  -1.3008678e+00   3.9237648e+00   7.9513395e+00   1.0429094e+00   9.5756555e+00  -5.3054809e+00  -2.8510029e+00   2.2924960e+00   1.1762090e+00  -1.9004424e-01   8.9472555e-01   2.7169888e-01   3.7648812e+00  -1.1117589e+00   1.3899174e+00   1.7466890e+00   1.6106991e+00   4.0460691e-01  -1.3467577e+00  -1.2277170e+00   4.6834209e-01   2.2449828e-01
  -2.6828372e+00  -1.4550769e+01  -5.8705316e-01   1.9131568e+00   7.4908178e+00  -7.3705462e-02   8.9333904e+00  -5.6194424e+00  -3.1062308e+00   6.2090265e-01   6.9036034e-01  -3.7627107e-02   1.6126343e-01   1.0652156e+00   3.4524535e+00   7.8179471e-02   3.9913596e+00   1.8099691e+00  -8.6920494e-01   4.0696393e+00   4.2216344e-01  -2.3844392e+00   2.1537756e-01   3.4315566e-01
  -3.2582783e+00  -1.4283513e+01   1.8877484e+00   5.3335869e+00   9.6655133e+00   1.4973701e+00   7.3938186e+00  -3.2603729e+00  -2.7712467e+00  -4.5707479e-02   1.2667056e+00   1.0778926e-01   2.0542501e-01   1.2539998e+00   1.3481749e+00   1.3623195e+00   4.0679781e+00   9.2743586e-01  -2.5782480e+00   2.7139088e+00   4.7761765e-02  -3.0637591e+00  -3.7359135e-01   2.8974210e-01
  -3.9487217e+00  -1.4141819e+01   1.3909612e+00   3.6288330e+00   1.3163080e+01   3.5145479e+00   8.5210392e+00  -9.6288026e-01  -1.6042106e+00  -9.3212737e-01   6.0432051e-01   1.3840095e-01  -2.1036210e-02   1.5637651e+00  -6.4334428e-01   3.4240651e+00   2.3391191e+00   1.6355387e+00  -8.9422187e-01   2.3095418e+00   8.9831722e-01  -3.4562914e-01  -6.5793933e-01   1.7835866e-01
  -2.6839528e+00  -1.3238173e+01  -2.6761266e-01   5.1094059e+00   1.1217176e+01   6.3993651e-01   5.9144592e+00  -3.5628988e+00  -3.5303703e+00  -1.5266277e+00   6.5884191e-01   1.5655488e-01   7.6944424e-01   1.8002308e+00  -1.5022158e+00   1.3589133e+00  -1.8399702e+00   2.2204390e-01  -4.3763512e-01  -9.4731053e-01   1.0340363e+00   1.1527735e+00  -7.8543097e-01  -3.1812637e-02
  -3.0015542e+00  -1.2727791e+01  -4.7438902e-01   7.1613449e+00   1.0223665e+01   2.8083194e+00   8.3317373e+00  -2.0038668e+00  -1.3791932e+00   8.4291905e-01   7.3831772e-03   2.0552807e-01   1.2197325e+00   9.4042132e-01  -1.0456352e+00   7.1831837e-01  -4.0604446e+00  -2.0124597e-01   8.9378036e-01  -1.4912942e+00   2.1742955e+00   1.6475018e+00  -2.5372630e-01  -3.6603412e-01
  -2.5776957e+00  -1.2290181e+01   5.6709991e-01   5.6057008e+00   8.3752651e+00   2.1835502e+00   6.8320168e+00  -4.1608454e+00  -1.3327010e+00   7.9592960e-01   3.8702778e-01   2.6506743e-02   1.6125842e-01  -8.0923008e-01  -5.9798800e-01  -4.9227603e-01  -1.7393835e+00  -3.4693729e-01   2.2208089e+00   6.1088312e-01   2.5532029e+00   8.2305655e-01   3.5726419e-01  -2.3910447e-01
  -2.1722516e+00  -1.3205183e+01  -5.9484790e-01   4.4581631e+00   8.4933681e+00   2.4408721e+00   9.4029309e+00  -2.9008482e+00   5.5839794e-01   3.7784661e-01   3.5963813e-01  -3.4562616e-01   5.4337685e-02  -1.4100586e+00  -1.3985639e+00  -1.5250024e+00  -1.2077702e-01  -3.0479475e+00   1.8152989e+00   1.6431657e+00   2.6279457e-01  -1.3771116e+00   3.5887384e-01  -1.6634280e-01
  -2.8567165e+00  -1.4213322e+01  -1.1043652e+00   5.7225827e+00   9.4732491e+00   3.0325423e-01   8.7100757e+00  -2.1980834e+00  -6.6936155e-01  -5.9506659e-02   1.0186107e+00   7.3475283e-02  -4.0604651e-02  -1.2985738e+00  -1.2199522e+00  -2.2551082e-01   1.1244455e-01  -4.0813877e+00   1.3055352e+00   3.6070823e+00  -7.0375657e-01  -1.2630496e+00  -3.9678918e-01   8.1024472e-02
  -2.7805373e+00  -1.3881309e+01  -1.7365024e+00   4.8154004e+00   9.4935077e+00  -8.2345380e-01   1.0115656e+01  -5.2049930e-01  -1.3166711e+00  -7.9503019e-01   2.2990247e-01  -6.7470399e-02   2.2501590e-01  -7.8946021e-01   2.8703038e-01   1.3356462e+00  -1.0615985e+00  -2.6302921e+00  -5.6116640e-01   2.8631190e+00  -5.5491266e-01  -8.6269876e-01  -7.9062010e-01   2.6672903e-01
  -2.3344598e+00  -1.3899979e+01  -6.9200115e-01   5.0888159e+00   8.0438621e+00  -2.3063685e+00   8.4339569e+00   5.9603478e-02  -1.4508014e+00  -5.1220636e-01  -1.4328815e-01   8.9655689e-03   1.1177110e+00  -8.8969279e-01   8.3969147e-01   1.3131638e+00  -1.7774760e+00   6.3609866e-01  -1.3928079e+00   1.5656993e+00   6.8350716e-01  -5.6762189e-01  -6.7996951e-01   1.4544740e-01
  -2.0958561e+00  -1.4546045e+01  -3.7048436e-01   6.7785157e+00   7.6156637e+00  -1.9975475e-01   8.6992407e+00   2.6498678e-01   1.1674886e-01  -6.8985168e-01  -2.4534258e-01   8.6722237e-02   1.3728107e+00  -1.2177307e+00   1.0800033e+00   2.7501865e+00  -1.0496348e-01   4.0867111e+00  -1.3236735e+00   1.3121435e-01   1.2497241e+00  -5.0103526e-01   1.3696269e-01   2.8715682e-01
  -1.5224906e+00  -1.5215493e+01  -5.2783701e-01   6.7107707e+00   7.7459571e+00   9.4555269e-01   7.3290716e+00  -2.4227754e-01  -3.6081078e-01  -9.6352875e-01   2.3627899e-01   2.1455007e-01   6.6772700e-01  -1.5322246e+00   4.9051534e-01   2.7607919e+00   3.5879610e+00   6.8621687e+00   1.8109249e+00   5.4863896e-01   4.4511052e-01   3.8322338e-01   4.4949786e-01   1.4496133e-01
  -1.1273059e+00  -1.5050147e+01  -1.9857945e-01   8.1297028e+00   9.4850150e+00   3.6806523e+00   8.6825885e+00  -1.7273727e-01   1.2919746e-02  -1.3209219e+00   2.4556294e-01   2.6047257e-01   2.5540962e+00   1.6430112e+00   2.3213889e+00   2.4566823e+00   2.2412263e+00   3.3440531e+00   6.1487340e-01  -9.5829584e-01  -6.9623257e-01   1.1290378e+00   1.0264407e-01  -9.7489800e-02
  -1.8171444e+00  -1.5946264e+01  -4.2180592e-02   8.5544103e+00   1.2491128e+01   6.0466810e+00   1.1158670e+01   1.1014239e+00  -7.3122104e-01   3.7816382e-01   2.8550588e-01   1.3953239e-01   2.0968745e+00   3.3499284e+00   3.4956100e+00   4.8310101e+00   4.3136407e+00   3.7133848e+00   2.3705643e+00   2.1635294e-01   3.5309162e-01   2.1799149e+00  -1.0208072e+00  -4.1272278e-01
   1.8826151e+00  -1.1716143e+01   2.8687708e+00   9.5417194e+00   8.6049178e+00   2.2657607e+00   7.7067514e+00  -1.8443077e+00  -7.4239487e-01   3.3285878e-01  -1.1598993e-01  -2.2003624e-02   3.7188796e+00   5.9294327e+00   5.0549185e+00   3.0135432e+00   1.1673099e+00  -1.6730717e+00  -1.7165789e+00  -1.9803340e-01  -4.6121600e-01   1.5022007e+00  -8.2145661e-01  -1.3905347e-01
   1.1786066e-01  -1.1857603e+01   3.1819029e+00   1.3251278e+01   1.4656467e+01   7.2230757e+00   1.1372837e+01   9.1803709e-01   5.4648395e-01   1.4794532e+00  -1.1141554e+00  -2.6329599e-01   4.7839407e+00   6.2005250e+00   3.5343668e+00  -7.4354644e-01  -1.0124266e+00  -1.9138914e+00   4.3580384e-03   3.7524028e+00   1.3121829e+00   5.4786429e-01  -5.1853591e-01  -4.4771115e-02
   3.4835110e+00  -8.2003290e+00   5.7717566e+00   1.0301584e+01   1.0153310e+01   5.8284742e-01   6.0006372e+00  -3.7809395e-01  -1.3177568e+00   3.8173447e-01  -2.8679135e-01   2.5330656e-01   4.2735734e+00   4.2383185e+00   7.2516830e-01  -4.5529434e+00  -1.4527341e+00  -1.7469184e-01   2.5423532e+00   6.7609668e+00   1.4264124e+00  -3.8729157e-01   4.1083939e-01   7.8774904e-02
   4.5583187e+00  -8.4033834e+00   3.8078767e+00   7.0591584e+00   1.0198292e+01   4.0173005e+00   1.2018265e+01   5.9969212e+00   1.5247342e+00   1.1755224e+00  -4.0689728e-01  -6.5279373e-02   5.0854946e+00   3.5736481e+00  -3.3327475e-01  -7.2493508e+00  -5.2328436e+00  -1.3295689e+00   4.0170266e+00   6.2213760e+00   2.2157429e+00   8.7931142e-03   1.5067065e+00   1.9836090e-01
   6.0727462e+00  -7.0857744e+00   3.6435364e+00   5.8083639e+00   8.6549042e+00   3.6066105e+00   1.1197567e+01   5.7577004e+00   9.0809863e-01  -9.6113171e-02   1.4664011e-01  -2.8495784e-03   3.6234429e+00   2.5762928e+00  -2.3956694e+00  -6.8907627e+00  -4.2123552e+00   2.2517359e+00   7.4478631e+00   5.6510139e+00   2.1353865e+00   1.1725186e+00   9.6483953e-01   1.3998972e-03
   6.4514849e+00  -7.0544079e+00   3.7461009e+00   4.6238614e+00   7.5564044e+00   3.7168407e+00   1.4799911e+01   7.1822040e+00   2.7571706e+00   1.7315667e+00   9.2918872e-01   1.6232343e-01   2.9260257e+00   2.5361470e+00  -2.6774004e+00  -5.4746674e+00  -3.3789834e+00   4.7736137e-01   3.4502981e+00   3.1729076e+00   3.2239026e-01   1.1291077e+00   6.9264029e-01   3.1817114e-01
   7.9720922e+00  -5.0103775e+00   2.2091404e+00   1.1830883e+00   5.1557212e+00   4.1106812e+00   1.5781608e+01   7.5057856e+00   1.2691048e+00   1.8624902e+00   4.9242494e-01   1.4160501e-01   2.4766621e+00   2.0526078e+00  -3.7413661e+00  -5.0572487e+00  -1.0126876e+00   1.6366167e+00   2.0523202e+00   3.1630281e+00   1.1535857e+00   1.3551648e+00  -4.1165069e-01   2.9802123e-01
   7.9976843e+00  -5.6368613e+00   5.0897410e-01   1.1597951e+00   6.8794080e+00   4.4813073e+00   1.4901691e+01   9.8822400e+00   1.8278165e+00   1.8898823e+00   4.5917074e-01   3.3975005e-01   1.8012171e+00   1.8665578e+00  -3.2558232e+00  -2.8100294e+00  -1.8724144e+00   3.8216156e+00  -3.0322439e-01   9.2702083e-02  -2.5103706e-01  -4.3378134e-02  -1.0800053e+00   1.0255608e-01
   9.0146396e+00  -4.7156360e+00  -3.4994947e-01  -4.5476056e-02   7.4743710e+00   5.6793024e+00   1.4225158e+01   9.1522246e+00   3.1031543e+00   1.8574762e+00  -2.3582693e-01   3.5546896e-01   4.6244500e-01   1.2212805e+00  -2.6957970e+00  -2.3408199e-01  -2.6787574e+00   5.9789310e+00   1.7630835e+00  -2.2661665e+00  -1.0754547e+00  -4.6139365e-01  -3.6702438e-01  -1.0852998e-01
   8.6320370e+00  -4.4019419e+00   1.4191101e-01   1.0230995e+00   3.5884579e+00   8.6649536e+00   1.5123300e+01   6.4980376e+00   1.4635903e+00   1.6690065e+00  -3.2669335e-01   2.0922558e-01   8.2634619e-01   2.2691187e+00  -2.0466839e+00  -9.9777946e-01  -5.5655551e+00   4.9872419e+00   2.8835200e+00  -4.9641930e+00  -3.8213796e+00  -4.2628980e-01   4.5651511e-01  -2.2585227e-01
   8.3485834e+00  -3.7959165e+00  -1.6510235e+00   9.0031318e-01   2.7830602e+00   1.0987255e+01   1.8315429e+01   5.7986371e+00  -1.6196411e-01   1.2808376e+00   3.3482041e-01   4.4072273e-02   1.5368511e+00   2.6039399e+00  -2.1184737e+00  -1.0767175e+00  -6.0212642e+00  -1.7372262e-01   1.0920129e+00  -4.4996102e+00  -4.3285370e+00  -8.8907375e-01   8.4981657e-01  -5.8825666e-02
   9.5702317e+00  -2.6930430e+00  -1.9105148e+00  -8.0976867e-01   8.7673072e-01   9.3081940e+00   1.7181835e+01   4.1127442e+00  -2.2716937e+00   1.5387669e+00   8.5861973e-01   1.5666999e-01   2.9362880e+00   1.7589278e+00  -2.6599983e+00  -3.7023491e-01  -1.4609811e+00  -3.8718719e+00  -1.8273882e+00  -2.0706648e+00  -1.2558975e+00  -9.8494664e-01   3.4156833e-01   1.1126362e-01
   1.0850819e+01  -1.6641756e+00  -2.5014472e+00  -7.4411821e-01  -2.0166174e-01   5.0970982e+00   1.4833909e+01   3.5954560e+00  -1.5220092e+00   5.8898542e-01   4.4624139e-01   2.9350825e-01   2.4640601e+00  -7.4561705e-01  -2.3296552e+00   7.2773475e-01   2.1348665e+00  -3.2057435e+00  -1.8090054e+00   1.0769994e+00   1.8935300e+00   3.5206233e-01  -1.5843581e-01   1.0773937e-01
   1.1785351e+01  -2.8294207e+00  -3.4228746e+00   1.2899628e+00   2.8893472e+00   5.8022239e+00   1.4122978e+01   4.4936310e+00   2.5976661e-01   5.3751269e-01   1.2994867e-01   2.5140302e-01   1.0796118e+00  -2.6835939e+00  -1.6233896e+00   1.3208903e+00   4.1333569e+00   8.7202750e-01   5.0150342e-01   3.2814838e+00   3.2696736e+00   1.5049672e+00  -4.4889078e-01   5.8431782e-02
   1.0937114e+01  -4.8461532e+00  -4.3893264e+00   9.4204958e-01   4.9790518e+00   7.9316243e+00   1.7131350e+01   7.2236928e+00   1.4126007e+00   2.3095582e+00   4.6150223e-01   1.5831481e-01   5.1124260e-02  -2.6942997e+00  -1.0332959e+00   1.4458040e+00   3.5286547e+00   3.1150633e+00   4.2984607e-01   2.0147430e+00   1.3982064e+00   2.0577616e+00  -4.8041991e-01  -8.3753787e-02
   1.1146502e+01  -5.1274451e+00  -3.4016595e+00   3.2848293e-01   4.4864093e+00   9.1989722e+00   1.6785370e+01   7.2208515e+00   1.1655117e+00   2.9359313e+00   1.7765313e-01   3.1191438e-01  -4.5156403e-01  -1.6406658e+00   2.2386448e-01  -9.7574654e-01   2.1365366e-01   3.0516460e+00   1.6427809e+00  -1.7914355e-01  -1.1003192e+00   1.4368318e+00  -2.1025078e-01  -5.5037352e-02
   1.1246930e+01  -4.5566130e+00  -4.0619986e+00   1.9053277e+00   4.2927892e+00   8.0713190e+00   1.4147482e+01   5.2539602e+00   1.2242789e-01   2.4764185e+00  -2.9824071e-01   1.3762189e-01  -1.5592817e+00  -1.6117254e-01  -2.0928383e-02  -1.3112670e+00  -1.8217763e+00   1.7495094e+00  -2.6739847e-01  -1.4480948e+00  -1.4060073e+00  -5.2991325e-01   1.1387864e-01   6.3704207e-02
   1.0953097e+01  -5.4351895e+00  -3.2507418e+00  -6.5529605e-01   3.5529590e+00   1.0309846e+01   1.8079083e+01   5.2097820e+00  -7.4562581e-01   2.6093302e+00   1.9444397e-01   1.7919345e-01  -1.7183050e+00   1.3101484e+00  -2.8407984e-01  -1.9101361e+00  -3.9049875e+00  -1.1157058e+00  -4.3016043e+00  -4.0230665e+00  -9.6090169e-01  -1.3119784e+00   1.1314204e+00   2.9039436e-01
   8.6948937e+00  -4.9340398e+00  -4.4961778e+00  -5.3296144e-01   2.7131125e+00   1.0000452e+01   1.6083396e+01   6.0570854e+00   2.5915854e-01   1.6779889e+00   6.2392478e-01   3.2023159e-01   3.3698300e-01   2.6171495e-01   1.1447262e+00  -1.4604665e+00  -3.0431545e+00  -1.3586123e+00  -2.0994656e+00  -1.8221615e+00  -9.4872270e-01  -1.7482348e+00   3.0546029e-01   1.1418002e-01
   9.8450625e+00  -2.9735090e+00  -3.6106897e+00  -1.3175767e+00  -5.8123356e-01   6.5608471e+00   9.3650070e+00   7.8468918e-01  -3.4420615e-01   1.3671785e+00   1.4137011e+00   6.5620107e-01   1.4271755e+00  -2.2527692e-01   8.0096433e-01   1.5556201e+00  -1.1111894e+00  -9.8716322e-01  -1.0884003e+00  -1.1948469e-03  -1.0521721e+00  -1.6109143e+00  -4.9609600e-01  -1.9858195e-01
   1.2306422e+01  -5.3948808e+00  -2.1649354e+00   4.5768214e-02   1.7951538e+00   7.9078997e+00   1.5355322e+01   4.7332643e+00  -1.5013660e+00   4.7514217e-01  -4.4967882e-01   7.0388112e-02   2.5045116e+00   1.5755408e-01   8.9861384e-01   1.2693578e+00  -5.4344963e-01  -7.3955150e-01   6.4317579e-01   1.3478352e-01  -8.7036531e-01  -1.3520464e-01  -4.5001347e-01  -5.0003747e-01
   1.1288096e+01  -5.5426844e+00  -3.2149165e+00   1.3887693e+00   2.3451542e+00   9.8753767e+00   1.6810520e+01   5.8699002e+00  -1.4436216e+00   7.9438211e-01  -1.2898229e-02   6.2422584e-03  -8.3601963e-01   1.4103208e+00   2.8087526e-01  -5.3737575e-01   1.0354356e+00   2.3276276e+00   1.1012304e+00   2.1631285e+00   1.3262715e+00   2.6538875e-01  -1.3782501e-01  -4.7352429e-01
   1.1730144e+01  -3.4131210e+00  -3.3461437e+00   1.7902192e-02   4.3474414e-01   7.2338597e+00   1.3325403e+01   3.7166551e+00  -4.9668169e-01   1.7615801e+00   6.6220422e-01  -1.0484521e-01  -1.5757738e+00   2.7564557e+00  -6.7709037e-01  -3.1223994e+00  -9.8968610e-01   3.9788764e+00  -6.0107619e-01   2.3618108e-01   2.2542002e+00   9.9981203e-01   1.0512749e+00  -2.9684991e-02
   8.8791718e+00  -1.8489077e+00  -2.5987727e+00  -2.1097074e+00   1.6521246e+00   1.0389309e+01   1.2031812e+01   4.5376866e+00   1.1428590e+00   1.1220427e+00   6.5102202e-01   3.3531300e-02   7.0337148e-01   2.2006741e+00   5.8051539e-01  -4.0926742e+00  -2.4871843e+00   4.4697308e+00   1.3876089e+00  -4.1329063e-01   1.7930461e+00  -3.3407371e-01   1.3327549e-01   1.8800457e-01
   1.1147223e+01  -3.1070855e+00  -3.4886429e+00  -2.8885926e+00   6.5713938e-01   1.3619248e+01   1.6843061e+01   5.7536428e+00   5.8669406e-01   1.8110299e+00   7.9527341e-01   1.2216105e-02   1.6812786e+00   5.0150722e-01   1.0007392e+00  -3.5376193e+00  -2.8889705e+00   6.4693299e+00   5.0574129e+00  -6.2664762e-01   5.8497128e-01   1.5929121e-01  -1.6279015e-01   7.8120410e-02
   1.2634614e+01  -2.3946909e+00  -2.2728938e+00  -3.2969946e+00  -1.4968199e+00   1.3387279e+01   1.7133104e+01   4.2314704e+00   7.0425967e-01   2.6854664e-01   1.2048041e-01   2.2971845e-01   2.0334731e+00  -7.7987655e-01   1.6101088e+00  -2.6887856e+00  -3.1755117e+00   5.4090943e+00   5.2462043e+00  -1.3973995e+00  -5.0760068e-02   1.0387871e+00  -2.4082070e-02  -2.6480227e-01
   1.2374341e+01  -2.3879686e+00  -2.0079744e+00  -4.6948831e+00  -2.3242393e+00   1.5438870e+01   1.8360877e+01   2.9297918e+00   6.0007491e-01   2.4272650e+00   6.8328980e-01  -8.5758177e-02  -7.5155718e-01  -6.4835033e-01   9.6538991e-01  -1.0265873e+00  -1.5806145e+00   1.5388876e+00   8.3233024e-01  -6.3750864e-01   5.1117287e-01   1.2861659e+00   3.3624467e-01  -1.8948202e-01
   1.1315823e+01  -3.3782810e+00  -9.2394372e-01  -5.2397404e+00  -1.6204535e+00   1.7593139e+01   1.9142211e+01   3.8535129e+00   1.0600285e+00   2.3721058e+00   6.7089071e-01  -3.1468496e-01  -1.4824805e+00   4.5261133e-01   1.5893227e-01  -2.0657210e-01   2.6823355e-03  -2.1430733e+00  -4.5092309e+00  -3.9169520e-01  -1.3673928e-01   1.5126304e+00   1.0013392e+00   8.7988494e-02
   1.0679283e+01  -3.5878160e+00  -2.7150331e+00  -3.4571006e+00  -1.6519656e+00   1.3824649e+01   1.7087003e+01   4.9863586e+00   1.1755690e+00   2.6884992e+00   1.0244353e+00   1.9478904e-04  -2.1410489e-01   4.3138666e-01  -5.3537212e-01   2.8003487e+00   5.6516733e-01  -5.5056895e+00  -7.3827415e+00   6.3166353e-01  -4.5517021e-01  -3.6792721e-01  -1.7787976e-02   2.5660051e-01
   1.1258422e+01  -1.1158502e+00  -1.6809661e+00  -4.2257440e+00  -1.8289333e+00   1.0979779e+01   1.1006194e+01   2.6156442e+00   2.1140374e-01   2.4068752e+00   1.4519165e+00   3.1872471e-01   1.0958153e+00   4.3828856e-01   6.0057532e-01   2.1440824e+00  -1.3643587e+00  -4.0048624e+00  -3.9908188e+00   2.1684030e+00  -6.6065321e-01  -8.7298719e-01  -4.0220879e-01   2.0375940e-01
   1.2081884e+01  -2.8721040e+00  -2.4325214e+00  -1.0013582e+00  -1.3722484e+00   1.0487016e+01   1.1354772e+01   4.4962214e+00   3.4163196e-01   1.8579895e+00   2.6609492e-01  -1.7562242e-02   2.0096031e+00  -6.3157640e-01   1.8038550e+00   2.3295223e+00  -1.3246174e-01  -3.2964177e+00  -3.3371611e+00   1.5562485e+00   1.0548182e+00  -1.1455534e+00  -6.7323681e-01  -1.5267159e-01
   1.2258245e+01  -3.0787042e+00  -1.6433659e-01  -3.2514880e+00  -3.8068502e+00   1.3254663e+01   1.6022098e+01   7.3511860e+00   4.8601717e-01   1.4778799e+00   4.4674770e-01  -1.6733961e-04   1.3077834e-01  -1.1315996e+00   8.0913957e-01   2.1736680e-01   1.5325076e-01   2.8884102e-01   3.0265966e+00   4.0196548e+00   2.4095871e+00  -1.0542816e+00  -7.7700200e-01  -1.8822722e-01
   1.3193776e+01  -3.5537536e+00  -7.6756530e-01  -4.4994505e-01  -8.6169972e-01   7.7425808e+00   9.5733098e+00   4.9529605e+00   2.6204896e+00   1.4346668e+00   5.1716446e-01  -6.9366566e-02  -1.6461742e+00   6.5561007e-01  -4.1021897e-01  -2.0409876e+00   7.4504417e-01   1.3920034e+00   2.7727454e+00   2.6193737e+00   1.4883703e+00  -2.9161551e-01   4.1811841e-01  -1.1286232e-02
   1.0898643e+01  -2.4724247e+00  -1.2997347e+00  -4.1754004e+00  -1.8543315e+00   1.2785258e+01   1.6436821e+01   8.4167568e+00   2.6863556e+00   1.0371141e+00   1.6087877e-01   6.2286043e-02  -1.0871771e+00   8.1654452e-01  -1.9497861e+00  -1.7467410e+00  -1.3618669e-01   2.0329907e+00   3.0684174e+00   1.4128117e+00   2.5099235e-01  -1.2027729e-02   9.0616212e-01   1.4344112e-01
   1.0292423e+01  -2.1918286e+00  -2.4801507e+00  -3.6008835e+00  -1.2309415e+00   1.2809723e+01   1.5306529e+01   7.8924965e+00   1.4740182e+00   1.6409491e+00   1.0362070e+00  -6.5718282e-02  -1.7068890e+00   1.6484566e+00  -5.2745191e-01  -3.1003513e+00  -1.0749489e+00   5.6976186e+00   3.4844047e+00   6.9345904e-01  -3.8624658e-01   2.1118436e-01   6.0728991e-01   3.7542110e-01
   1.2078156e+01  -2.5348499e+00  -2.2327229e+00  -4.2961303e+00  -3.8265094e+00   1.3770578e+01   1.7758114e+01   8.0006355e+00   1.4357414e+00   1.3566971e+00   1.5464696e+00   2.1317020e-01   7.5426795e-01   8.0821665e-01   2.5657677e+00  -8.1729681e-01  -1.7536241e+00   2.0851132e+00   3.4559592e-01  -6.4339954e-01  -7.8283746e-01   5.6351923e-02   1.3427260e-01   2.3143228e-01
   1.0043687e+01  -1.0498561e+00  -1.0922491e+00  -5.0401070e+00  -1.4880341e+00   1.5796349e+01   1.4139270e+01   6.2012097e+00   2.6664268e+00   1.5916518e+00   7.3530390e-01   4.1832300e-01  -3.8953612e-01   3.4125273e-01   2.9919328e+00   1.8753285e-02  -1.3052723e-01   7.1921263e-02  -1.0514043e+00   3.4135648e-01   1.5377875e+00   2.2385911e-01  -8.3495982e-01   1.3931683e-01
   1.2154414e+01  -1.8310860e+00   1.8549659e+00  -4.6817338e+00  -4.3562213e+00   1.4419615e+01   1.7538844e+01   8.2973010e+00   9.1589507e-01   1.1462907e+00   5.1273923e-01   1.6741382e-01  -1.3391114e+00   2.1498263e-01   1.6265627e+00   1.7897417e+00   2.1457796e+00  -1.4330901e+00  -1.7593631e+00  -1.3802842e-01   2.0946029e+00   5.2106887e-01  -8.4399287e-01  -4.6153938e-01
   9.6699903e+00  -2.0318314e+00  -3.6096011e-02  -3.3799518e+00  -1.1618764e+00   1.2593087e+01   1.3839058e+01   8.2561986e+00   4.0406225e+00   2.0819410e+00   3.0063247e-01   1.6613515e-01  -1.1267783e+00   8.5276177e-01  -8.2003036e-02   8.0306367e-01   1.2891591e+00  -2.7666203e+00  -9.3226409e-01  -9.6006732e-01   9.6991223e-01   5.2282680e-01  -1.3406246e-04  -3.7280999e-01
   1.0256337e+01  -1.7213883e+00  -3.2095543e-01  -2.4415953e+00  -7.7091877e-01   1.3222574e+01   1.5269176e+01   6.7660985e+00   3.8905478e+00   1.8931559e+00   4.9781601e-01  -3.5304495e-01  -4.5007655e-01   1.3840406e+00   8.4185101e-01  -1.4597040e+00  -4.4616468e-01  -1.1024936e+00  -4.5383468e-01  -1.7998206e+00   1.2080283e-02  -7.9881524e-01   3.2937769e-01  -6.3757753e-02
   9.3025577e+00   1.7443771e-01  -1.2729294e-01  -4.9555808e+00  -1.3469467e+00   1.2244939e+01   1.3875708e+01   5.5267100e+00   2.6339688e+00   2.0024594e+00   7.4256442e-01   1.1933741e-01   1.4199906e+00  -9.1559013e-02   1.4858828e+00  -7.0330557e-01  -1.5213933e+00  -2.0896914e+00  -1.0054917e+00  -1.9370501e+00  -1.6696132e+00  -1.2039029e+00   7.1731574e-01   1.7122681e-01
   1.1663015e+01  -8.5815964e-01   3.1633409e+00  -6.0834753e+00  -4.9329331e+00   1.2939948e+01   1.6839767e+01   6.9623144e+00   1.6373424e+00  -1.2191432e-02   7.8583978e-01   9.5176064e-02  -1.2566887e-01  -4.4952939e-01   1.3754142e-01   4.0586791e-01   5.4016285e-01  -6.8678820e-01  -2.8732990e+00  -5.1598755e-01  -6.8557155e-01   1.4066815e-01   3.4002250e-01   1.5229225e-01
   1.1096637e+01  -2.6007843e+00   4.5058007e-01  -2.6139701e+00  -1.3629592e+00   9.5998622e+00   1.1545525e+01   5.2525155e+00   2.6628055e+00   1.2287603e+00   1.2325942e+00   1.9886485e-01   1.5613180e+00  -1.6427126e+00  -2.1061133e-01   1.9726705e+00   6.1164776e-01   1.3608681e-01  -3.0618116e+00  -2.6969508e-01  -2.0059728e-01   1.1642607e+00   3.2055938e-02  -2.8116012e-01
   9.1707939e+00  -1.0080713e+00  -4.0357981e-01  -3.0035988e+00   4.7331720e-02   1.3514930e+01   1.2124319e+01   6.1292144e+00   2.8477721e+00   2.4910077e+00   7.6283488e-01  -1.6437030e-01  -8.9047258e-02  -5.5053322e-02  -8.2616575e-01   7.6720005e-01   2.4547428e+00   2.6980429e+00  -4.5524289e-02   1.7197370e-01   1.1357742e-01   1.8069188e+00  -3.9735162e-01  -4.7578634e-01
   1.2890645e+01  -2.2146753e+00   1.3402504e+00  -3.5365134e+00  -2.9196075e+00   1.2161578e+01   1.1640715e+01   5.5387173e+00   1.7278580e+00   2.4972509e+00   8.0215078e-01  -1.7262959e-01   5.9206791e-01   9.0422967e-01   6.5346214e-01  -9.4971281e-01  -4.6810891e-02   3.6148298e+00   3.5968758e+00   2.3646835e+00   3.0790961e-01   3.6776415e-01  -3.8374339e-01  -3.2362041e-01
   1.0632440e+01  -1.1337941e+00   1.4792571e+00  -4.4714037e+00  -4.7249471e-01   1.5706154e+01   1.6723885e+01   7.0771740e+00   2.2751823e+00   2.0639414e+00   4.0503407e-01  -4.3275622e-01   1.5363161e-01   1.1125348e+00   5.6771518e-01  -6.9779519e-01  -1.3230460e-01   1.1382930e+00   4.1492971e+00   1.5116328e+00   2.8254743e-01  -8.4403858e-01   6.9660603e-01   2.1031032e-02
   1.1253916e+01  -1.1815784e+00   4.8935482e-01  -3.3046369e+00  -1.1732623e+00   1.3926494e+01   1.4641055e+01   8.3255609e+00   3.4109649e+00   1.9939397e+00   8.3587952e-01  -1.5237280e-01  -1.0531654e+00   2.4582912e+00   3.7611132e-01  -4.9456912e-01  -1.6524791e-01   1.1403580e-02   4.7661155e+00   1.2138415e+00  -1.6717204e-01  -1.2409524e+00   7.1464793e-01   1.9481418e-01
   1.0219606e+01   1.4418239e-01   8.7344076e-01  -4.1662298e+00  -1.0242978e+00   1.4339911e+01   1.6848094e+01   7.0032418e+00   2.4300398e+00   1.4766054e+00   1.7908796e+00  -1.4295215e-01   6.5720534e-01   1.6818066e+00   5.3967847e-01  -8.5573727e-01  -1.6933888e+00  -1.9328714e+00   2.1222245e+00  -9.0620629e-01  -1.0313117e-01  -2.0823509e-01   2.3198459e-01   2.7045448e-01
   1.1517314e+01   8.3377325e-01   2.2073256e+00  -4.4309540e+00  -2.8915779e+00   1.2861805e+01   1.8727783e+01   7.3964457e+00   1.3996711e+00   9.2949024e-01   1.1811999e+00  -2.5310360e-02   7.9451226e-01   2.7375277e-01   1.2406454e+00  -1.4560300e+00  -8.5011012e-01  -7.5802889e-01   2.1225385e+00  -1.2059822e+00   5.3233495e-01   1.0708957e-01  -5.7209568e-01   1.1567103e-01
   1.1486549e+01   3.8123990e-01   1.4297894e+00  -5.1918510e+00  -2.1534201e+00   1.3339192e+01   1.7863858e+01   6.1824221e+00   3.1261324e+00   2.2838135e+00   5.8035075e-01  -9.0605716e-02   8.4569431e-01  -1.5227998e+00   1.2179512e+00  -1.0741837e+00  -4.2322230e-01  -1.0555594e+00   1.1807080e-01   2.5339750e-01   2.2007288e+00   1.2331562e+00  -7.6269253e-01   2.6073366e-01
   1.1812213e+01  -8.8947799e-01   2.0721486e+00  -4.9758713e+00  -1.8838663e+00   1.3289811e+01   1.7316981e+01   6.9269974e+00   3.8614210e+00   1.7509700e+00   5.8300039e-01  -5.0394733e-03  -3.8175970e-01  -1.1841640e+00  -4.1403508e-01   2.5157096e-01   1.2255620e+00   1.3586007e-01  -1.9464331e+00   1.0155323e+00   1.4323472e+00   9.8720122e-01  -4.3579083e-01   6.7546644e-02
   1.1340698e+01  -1.2783916e+00   2.7679561e+00  -5.5050467e+00  -2.1629870e+00   1.2542569e+01   1.7730602e+01   7.6180622e+00   4.5002581e+00   2.9155998e+00   9.4594053e-01   2.3801290e-01  -2.2778962e-01   8.8439122e-01   9.6987550e-02  -2.6275385e-01   7.7415939e-01  -2.8550073e-01  -9.7473308e-01   1.7319598e+00  -1.1577307e+00   3.4449626e-02  -3.1570911e-01  -1.7097095e-02
   1.1017600e+01  -1.1265699e-01   9.1718964e-01  -3.8969997e+00  -1.0484515e+00   1.3463907e+01   1.5874762e+01   8.2019242e+00   2.8611291e+00   2.0943989e+00   3.4471880e-01  -8.8299701e-02  -1.3884027e-03   2.6792738e+00  -7.7731797e-01  -7.0663961e-02   7.1677214e-01  -3.8030020e-01  -9.8529391e-01   1.1767700e+00  -1.8491535e+00  -3.3204418e-01  -4.1849801e-01  -2.4622665e-01
   1.1542171e+01   1.3194162e+00   2.1527502e+00  -6.1254176e+00  -1.4098884e+00   1.2823893e+01   1.7122868e+01   8.1428984e+00   1.8896823e+00   2.1637734e+00   2.2592789e-01  -7.4621245e-02   9.9056506e-01   1.8139556e+00  -9.8431821e-01   7.6922899e-01   1.0897685e+00  -2.2137073e+00  -3.3655387e+00   4.8220252e-01  -1.6582666e+00  -1.6403348e+00  -4.0882525e-01  -6.0634356e-02
   1.1709394e+01   1.8305287e+00   1.2137746e+00  -4.7716818e+00  -1.1852574e+00   1.2578699e+01   1.6142907e+01   8.4297343e+00   2.3929787e+00   1.6288169e+00   3.1525970e-01  -2.1806238e-01   5.2174114e-01   8.2964192e-01  -4.9169170e-01  -1.5792511e-01   2.2773778e+00  -2.1257604e+00  -1.3008221e+00  -1.1963231e+00  -7.7317626e-01  -3.7945330e-01   3.5984048e-01   1.2831717e-01
   1.2480649e+01   4.7094887e-01   1.1431863e+00  -3.9138622e+00  -4.5993126e-01   9.6646124e+00   1.2548221e+01   8.2274609e+00   2.2469333e+00   6.8788851e-01   3.4743220e-01   2.1194271e-01   3.3839928e-01   3.4749955e-01  -7.1500165e-01  -2.6741392e-01   2.0160656e+00  -1.1031219e+00  -7.8743740e-01  -1.6279054e+00  -9.3712952e-01   1.5091809e-01   6.7428737e-01   1.7715826e-01
   1.1330973e+01   1.5560396e+00   6.8443407e-01  -5.2396651e+00   1.8926367e+00   1.1854906e+01   1.6210852e+01   6.3651583e+00   1.5227391e+00   2.2631614e+00   8.2372737e-01  -3.9105916e-02  -3.4177773e-01  -8.4246686e-01  -6.7041392e-01  -8.7278870e-01   2.8910532e+00   1.4036746e+00   1.7848722e+00   1.6121211e-01  -1.8137962e-01   1.1511347e+00   2.7148251e-01   1.5784397e-01
   1.2238980e+01   1.9779101e+00   1.3449180e+00  -6.2925469e+00   7.5262918e-02   1.1531106e+01   1.5907739e+01   6.7333282e+00   9.1910776e-01   2.0729783e+00   9.8312511e-01   1.0163791e-01  -6.9079133e-01  -7.0415594e-01  -8.8997622e-01  -3.1365885e-01   1.0601646e+00   2.7859576e+00   1.4206365e+00   1.1049631e+00   7.2684614e-01   2.0180055e+00   1.4679525e-01  -1.4048810e-01
   1.1317562e+01  -1.8665220e-01   1.0728782e-01  -4.8915225e+00   2.8837252e+00   1.3750964e+01   1.7140456e+01   9.4186188e+00   2.7848220e+00   2.6629741e+00   4.0463700e-01   7.3855968e-02   1.2381402e-01  -9.2841698e-01   5.5696956e-01  -8.3489707e-01  -7.4116935e-01   1.2749356e+00   5.5256748e-01   1.0296739e+00   1.0332021e+00   1.0913542e+00   2.0980163e-01  -2.4260923e-02
   1.1451168e+01   2.8606084e-01   9.6795081e-02  -4.5584217e+00   6.3477139e-01   1.2895520e+01   1.4214374e+01   8.3581754e+00   2.7061611e+00   3.5149904e+00   7.7717026e-01  -5.5270381e-02   3.2972709e-01   6.0519345e-01   1.5196248e+00  -1.5184925e+00  -1.2635400e+00   6.3454921e-01   9.8128500e-01  -1.8437671e+00  -1.1413397e-01   4.7306912e-01   7.5231378e-01  -1.5724790e-01
   1.1910600e+01   1.0093387e+00   2.1439499e+00  -7.3590732e+00   5.0112846e-01   1.3085103e+01   1.7886386e+01   7.0972455e+00   2.1790156e+00   3.1791867e+00   1.2414072e+00   2.9568442e-03   8.7984027e-01   2.5122249e+00   2.6563328e+00  -2.8548765e+00  -3.4625442e+00  -4.8533131e-01  -2.6992939e-01  -3.3456249e+00  -1.3875364e+00  -6.5314526e-01   9.2020554e-01  -5.9438800e-02
   1.2437052e+01   2.2877048e+00   2.6060242e+00  -7.3365102e+00  -6.2874876e-01   1.2815860e+01   1.7006702e+01   5.1283642e+00   1.0508100e+00   2.5244757e+00   1.6932107e+00  -9.8784376e-02   5.4624470e-01   1.6529480e+00   2.0417782e+00  -1.8118184e+00  -1.7458495e+00   1.3160003e+00   1.6107844e-01  -8.2689294e-01  -8.3103089e-01  -1.1503676e+00   7.8175767e-02  -1.5463963e-01
   1.2144380e+01   2.5808631e+00   2.8371725e+00  -7.7847930e+00  -1.6783309e+00   1.3062797e+01   1.5339398e+01   6.0150871e+00   1.5311930e+00   2.1785136e+00   1.3269251e+00   6.4547659e-03   8.4577151e-02   5.5618026e-01   6.8538983e-02  -3.0473006e-01  -3.1685239e-01   1.9902552e+00  -1.8880802e+00   1.3824571e+00   2.4112872e-01  -1.3616861e-02  -6.4473151e-01  -2.0178947e-01
   1.2153645e+01   1.9797206e+00   2.8128511e+00  -7.0632894e+00  -8.9427313e-01   1.4880673e+01   1.5729485e+01   7.6589152e+00   1.7835261e+00   2.2897755e+00   8.5167497e-01  -2.8897879e-01   2.1120077e-01  -5.6928770e-01  -8.1827316e-01  -1.0126326e+00   1.0075836e+00   2.2674889e+00  -6.4514877e-01   2.6542548e+00   1.5568510e+00   5.5456542e-01  -8.3444771e-01  -1.1488099e-01
   1.2179169e+01   1.9976013e+00   2.1433449e+00  -7.9527787e+00   1.5861207e-01   1.5038079e+01   1.5692874e+01   7.9056556e+00   2.1743507e+00   3.2761115e+00   6.9507783e-01  -2.0463016e-01   2.0384236e-01  -1.0773258e+00  -3.3380745e+00   1.8039749e+00   2.4923940e+00  -1.0075578e+00  -2.2854360e-01   2.0102633e+00   1.4915719e+00   7.6323766e-01  -6.8981856e-01  -9.7024005e-02
   1.2736458e+01   1.7254042e+00   1.7255283e+00  -8.7714663e+00  -3.5844842e-02   1.5229452e+01   1.5862241e+01   8.1644622e+00   3.0645077e+00   2.8075249e+00   7.5746275e-01  -1.6556340e-01   8.5451851e-01  -6.1331552e-01  -2.8938211e+00   7.4772299e-01   8.3814541e-01  -1.0539073e+00  -2.8728656e-01   4.2550607e-01   9.9851716e-01   5.2156741e-01  -1.1043944e-01  -2.7216369e-02
   1.2158737e+01   1.0920326e+00  -1.6262779e+00  -4.2247422e+00   1.6310458e+00   1.1377071e+01   1.4930205e+01   8.7777086e+00   3.1280600e+00   3.0644954e+00   3.3930339e-01  -2.0078893e-01   1.2059244e+00  -1.5688601e+00  -1.5921886e+00   1.8584587e+00  -1.1236201e+00  -7.1899597e-01  -2.0615137e+00  -6.6209389e-01   1.2134459e+00  -1.8832786e-01   3.2451411e-01   4.5671444e-02
   1.3445639e+01   1.5125316e+00   3.5693077e-01  -7.8057232e+00  -3.7327191e-01   1.5130317e+01   1.5679890e+01   7.8611479e+00   2.8044471e+00   3.1779347e+00   8.6390304e-01  -3.3172395e-01   7.6495300e-01  -1.1610638e+00   4.2465792e-01   4.2229028e-01  -2.7425144e+00   2.0361587e+00  -2.9521267e-01  -2.2932392e+00   1.3264686e-01  -1.3923917e-02   9.7908362e-01   6.6775850e-02
   1.3633466e+01  -2.4925262e-01   4.3936069e-01  -5.6479623e+00  -1.3581045e+00   1.4009153e+01   1.2691779e+01   7.0641719e+00   4.1245498e+00   2.8084148e+00   1.1286288e+00  -5.3042718e-02   3.0283492e-01  -6.3342888e-01   1.1302649e+00  -1.3073447e+00  -3.3679072e+00   3.2617885e+00   3.3926588e-01  -2.1360007e+00   8.3223095e-01  -2.7792607e-01   1.5628641e+00   1.1023146e-01
   1.3146523e+01   6.5445107e-01   1.3296958e+00  -7.4264208e+00  -2.6550412e+00   1.6967649e+01   1.6538635e+01   5.5813717e+00   2.7652331e+00   2.9146793e+00   1.8314254e+00  -1.3927273e-01  -5.4219793e-01   5.9923071e-01  -1.8752098e+00  -4.5259760e-01   1.1093489e-01   8.4777965e-01  -1.6842521e-01  -1.4890728e+00   7.0665286e-01   3.3456742e-01   3.7865459e-01  -6.3793619e-02
   1.2762547e+01   5.7092956e-01  -4.1726310e-01  -6.3754105e+00  -2.2799303e+00   1.5351087e+01   1.5009732e+01   6.7135955e+00   4.3960135e+00   2.7792340e+00   2.1998383e+00  -1.3166735e-01  -6.7965893e-02   1.7726388e+00  -2.5565941e+00  -2.7728453e+00   1.2365207e+00  -1.3899523e+00   3.0217994e+00   8.0781503e-03  -1.1702449e+00   7.6575481e-01  -2.5437747e-02  -1.3563168e-01
   1.3067801e+01   2.0012866e+00  -2.0275720e+00  -8.1208955e+00   2.5404331e-01   1.5731019e+01   1.4268276e+01   5.8028268e+00   3.7286946e+00   3.6943762e+00   8.9628019e-01  -3.8810206e-01   1.2800215e+00   3.2515536e-01  -2.4263631e+00  -1.5272889e+00   1.1988733e+00  -3.1182185e+00   1.9007730e+00   9.3837694e-01  -1.2447957e+00   6.9372948e-01  -4.0210259e-01  -2.2245055e-01
   1.3570878e+01   1.7362878e+00  -1.7168966e+00  -9.4599928e+00  -9.5786575e-01   1.2542540e+01   1.8359657e+01   6.9655616e+00   1.8874517e+00   3.5671985e+00   1.5580449e+00  -1.3207557e-01   1.9049800e+00   3.2789764e-01  -2.8665251e-01  -1.4347093e+00  -9.0220598e-01  -1.5721976e+00   2.3302635e+00  -8.9475307e-01  -2.8168693e+00  -3.3089374e-01  -1.1915149e-01  -1.5366901e-01
   1.4662390e+01   5.5950498e-01  -1.6600320e+00  -8.1750630e+00  -1.5177635e+00   1.3694595e+01   1.7714832e+01   6.8629541e+00   2.1523204e+00   3.5612912e+00   1.5491683e+00  -4.7274445e-01   1.7130256e+00  -1.7921896e+00   4.7409744e-01   1.5424063e+00  -1.9436252e+00  -8.0587712e-01   2.0035301e+00  -8.1876021e-01  -1.9661602e+00  -1.0584692e+00   2.6693429e-01   2.4204975e-02
   1.4822723e+01   1.7836668e+00  -1.0310118e+00  -8.5003907e+00  -2.7473358e+00   1.4011003e+01   1.6781849e+01   4.8414023e+00   9.5889663e-01   2.3494358e+00   1.6946670e+00  -3.1984967e-01   6.2569170e-01  -2.3939501e+00  -3.6778759e-01   3.2654332e+00  -6.9683740e-01   1.3070372e+00   1.3297867e-01  -1.4293750e+00  -5.6525870e-01  -1.2857957e+00  -5.8029005e-01  -4.5951297e-02
   1.5011417e+01  -7.1068727e-01  -1.6593682e+00  -6.2870871e+00  -1.7666595e+00   1.3787972e+01   1.8062475e+01   5.6367661e+00   1.2437319e+00   2.7155538e+00   1.2283706e+00  -2.5790755e-01  -5.7846053e-01  -1.7937011e+00  -6.0126581e-01   1.7777689e+00  -8.1672438e-01   2.1500322e+00   1.6646762e+00  -6.2015226e-01  -1.1960187e+00  -8.8870074e-01  -2.2746847e-01   1.3590683e-01
   1.4334902e+01  -1.2195413e+00  -2.2689099e+00  -5.5058309e+00  -1.8786739e+00   1.4456407e+01   1.8385304e+01   5.4345930e+00   1.4938579e+00   2.0613737e+00   8.4800865e-01  -3.0842097e-01  -1.9651456e+00  -1.2922539e+00  -3.3379647e-01   4.1896183e-01  -5.2471874e-01   2.6507216e+00   1.8215500e+00   3.5809939e-01  -3.0706032e-01   2.3799096e-01  -1.3370448e-01   1.2149013e-01
   1.4038610e+01  -6.2944258e-01  -1.9429817e+00  -7.0056895e+00  -3.1771811e+00   1.6696941e+01   1.9410119e+01   5.6361303e+00   9.0811748e-02   2.3722712e+00   1.6312948e+00  -2.7459857e-01  -1.5180191e+00  -4.4030399e-01   9.0244930e-01  -4.9975024e-01  -1.5009159e+00   8.3023939e-01  -9.1842726e-01  -3.0795758e-02   1.2811488e+00   4.1347922e-01   2.0433145e-01   1.3324309e-01
   1.2361408e+01  -1.9533632e-01  -1.3898998e+00  -7.5126467e+00  -2.8291532e+00   1.6532600e+01   1.8840352e+01   5.3788693e+00   1.0747662e+00   2.8780636e+00   1.2926482e+00  -1.2926897e-01  -7.5979405e-01  -4.7538908e-01   1.6456368e+00  -7.0486907e-01  -2.5926250e+00  -9.1465783e-01  -1.1806366e+00  -1.6896907e-01   1.9776639e+00   1.2582421e+00   3.1069211e-01   2.0433217e-01
   1.3721136e+01  -1.8832457e+00  -7.4519931e-01  -6.0333046e+00  -3.5427937e+00   1.3995234e+01   1.6457310e+01   5.6184344e+00   3.3750010e+00   2.9274277e+00   1.3125479e+00  -1.4761891e-01   2.0367428e-01  -1.0479408e+00   1.7074048e-02   3.5711956e-01  -2.2886472e+00  -2.7529057e+00  -1.1615304e+00   4.8610091e-03   3.1275505e+00   1.4296963e+00  -3.0382677e-01   4.6035050e-03
   1.3353948e+01  -1.3057233e+00  -3.9934598e-01  -7.0493270e+00  -5.5848051e+00   1.4435274e+01   1.8090753e+01   5.1899874e+00   2.8182592e+00   3.6711585e+00   1.4734202e+00  -6.5412540e-02   1.2054575e+00  -6.6862634e-01  -1.1164111e+00   5.1321662e-02  -3.2667230e+00  -1.3259295e+00   3.7884541e-01   6.4984692e-01   1.4605084e+00   9.6517921e-01   5.9864879e-03  -1.4828022e-01
   1.3847851e+01  -1.6461603e+00  -2.4126475e+00  -6.7016701e+00  -5.2323259e+00   1.3616246e+01   1.8042623e+01   5.7378628e+00   3.9103910e+00   4.1202683e+00   1.0851686e+00  -2.9962153e-01   2.5818123e-01   1.2502408e+00  -1.2220322e+00  -1.8364898e+00  -3.2005321e+00  -4.0615432e-01   2.4506728e+00   1.0616511e+00  -3.0104115e-01  -3.0202592e-01   2.3629571e-01  -5.2156039e-02
   1.4106236e+01  -1.3168186e+00  -2.2307923e+00  -7.1014815e+00  -6.8844715e+00   1.4733200e+01   1.8615964e+01   6.2939255e+00   2.9978338e+00   3.7294121e+00   1.4153176e+00  -2.7568799e-01  -3.3014838e-01   2.8962231e+00   3.1439773e-01  -3.0319780e+00  -1.0863918e+00  -1.2283613e+00  -1.3566906e+00  -3.5287197e-01  -1.4064033e+00  -1.4046169e+00  -5.3446798e-01  -9.1917201e-02
   1.3732263e+01  -2.3369355e-03  -1.6625244e+00  -8.7619621e+00  -7.6937586e+00   1.3237040e+01   1.9870714e+01   6.6589419e+00   2.8336520e+00   2.4452620e+00   1.6960428e+00  -1.2071524e-01  -1.9557663e-01   2.4027861e+00   1.1478509e+00  -2.2681565e+00   9.5713093e-01  -2.7700491e+00  -2.0285780e+00  -1.1975138e+00  -1.9069661e+00  -2.1093441e+00  -3.2418708e-01   1.8276123e-01
   1.2916519e+01   2.2166997e+00  -3.0281093e-01  -1.0567148e+01  -5.9836765e+00   1.2782335e+01   1.5141671e+01   4.2001399e+00   1.2470238e+00   2.4017364e+00   3.6628115e-01  -2.9274148e-01   3.1169953e-02   7.8098607e-01   2.6417781e-01  -8.2184162e-01   3.5151216e+00  -3.7634342e+00  -4.1469643e+00  -1.8674047e+00  -1.1989092e+00  -1.2060667e+00  -4.5615001e-01   5.1663495e-02
   1.4149345e+01   1.9125971e-01  -1.6548619e+00  -8.3710716e+00  -4.2470270e+00   1.0436605e+01   1.6736902e+01   4.9884849e+00   1.9253469e+00   1.6200899e+00   1.1234062e+00  -1.6952938e-02   3.6709959e-01  -8.2703125e-01  -1.5983065e+00   6.1661089e-01   4.2074962e+00  -9.8161861e-01  -2.7996070e+00  -1.8840498e+00  -8.3304003e-01   4.2991506e-01  -2.3016887e-01  -1.1151970e-01
   1.3944450e+01  -2.4213777e-01  -1.8383569e+00  -8.5296892e+00  -3.3351550e+00   1.0488266e+01   1.3962424e+01   4.3280469e+00   1.6536225e+00   2.3328980e+00   1.0174109e+00  -2.5007390e-01   3.4422680e-01  -1.2587812e+00  -1.9470954e+00   8.1964082e-01   2.1587356e+00   8.0081322e-01   6.3498921e-01   5.6871490e-01  -1.0297268e+00   7.0228526e-01   7.7118015e-01   1.5519198e-01
   1.3768947e+01  -1.3465096e-02  -3.2922112e+00  -8.8557752e+00  -2.7067750e+00   1.2911646e+01   1.6260927e+01   3.7689137e+00   1.3807925e+00   3.1245538e+00   1.0252246e+00  -3.0932859e-01  -7.2840154e-01  -4.0322189e-02  -1.8879660e+00   5.0631565e-01   9.6968018e-01   1.1346849e+00  -4.8797527e-01   4.7888896e-01  -1.1180374e+00   1.2308985e+00   3.3196466e-01   1.5752525e-01
   1.3623058e+01   4.3089032e-01  -2.4047793e+00  -9.0953350e+00  -3.5156991e+00   1.2746034e+01   1.6332143e+01   5.6629978e+00  -2.5289229e-02   2.7029323e+00   1.5721422e+00   8.6234313e-02   6.2790192e-03   2.7903581e-01  -1.7030597e+00   9.7583474e-01  -4.1413158e-01  -2.4750978e-01   5.0247917e-01   9.7334162e-01  -2.0467547e+00   5.2835141e-01   9.0091587e-01   3.4088943e-01
   1.3217439e+01  -2.0573761e-01  -4.2035996e+00  -7.3287752e+00  -2.7022347e+00   1.1009748e+01   1.4820079e+01   5.0393429e+00   1.0877467e+00   3.2814205e+00   1.3439876e+00   5.1180830e-02   3.0772564e-01  -5.0186495e-01  -9.1002518e-01   2.1791950e+00  -1.1099633e-01  -1.8631715e+00  -1.1330821e+00   6.6160107e-01  -7.4448747e-01   1.7070276e-01   6.3108020e-01   2.9944421e-02
   1.4229623e+01   2.7255220e-01  -3.9372523e+00  -7.8294371e+00  -3.9586225e+00   1.1067951e+01   1.5436566e+01   5.1528448e+00  -1.2699866e+00   3.0469918e+00   2.2094032e+00   8.1005539e-02  -6.3203950e-02  -3.5791173e-01  -2.2419052e+00   2.6071773e+00   5.4388491e-01  -1.9073758e+00   8.0516470e-02   1.4180635e-01   9.7097065e-02   3.2620725e-01   2.0844405e-01  -2.0357972e-01
   1.3927253e+01  -6.8709347e-01  -3.8910125e+00  -6.2199316e+00  -2.6518078e+00   1.0955931e+01   1.5009092e+01   5.0163918e+00   8.8641002e-01   3.2085782e+00   1.6532144e+00  -2.6179757e-01   4.6969242e-01   8.2734955e-01  -2.9163134e-01   8.6910302e-01  -6.1623061e-01  -9.6318058e-01   1.8384508e+00   3.3132411e-01  -8.0414320e-01  -2.8546563e-01  -6.0620637e-01  -8.7859500e-02
   1.3173345e+01   1.3470065e-01  -5.9239307e+00  -5.7389908e+00  -2.7250852e+00   9.9118793e+00   1.6358411e+01   5.8871828e+00   2.2102470e-01   3.2286644e+00   1.7301948e+00  -6.2646067e-02   1.4748122e-01   2.4860123e+00   5.5091444e-02  -1.5965924e+00  -1.4152351e+00   1.2291301e-01   2.5949527e+00   2.0844542e-01  -5.9529693e-01   2.1766014e-01  -7.2840484e-01   1.6938872e-01
   1.4450116e+01   1.1042125e+00  -3.6477074e+00  -7.0703438e+00  -4.2433492e+00   1.0143013e+01   1.7116833e+01   5.1691600e+00  -8.6397377e-01   2.7623858e+00   6.7428222e-01  -8.7826182e-03   4.4277661e-01   3.3185358e+00   4.8553582e-01  -3.6719119e+00  -2.6384938e+00   1.0707595e+00   1.6807246e+00   1.2084100e-01  -7.6767873e-01  -1.4645472e-01   2.3661569e-02   3.3952762e-01
   1.4189413e+01   3.1059177e+00  -3.9762676e+00  -9.7991196e+00  -5.2857044e+00   1.1658779e+01   1.8275125e+01   5.3891288e+00  -1.2877401e+00   3.5965782e+00   1.6062621e+00   2.0858114e-01   6.0641082e-01   2.1481321e+00   6.1037453e-01  -3.0401086e+00  -1.8580696e+00   2.0573176e+00  -6.2180796e-01   4.8338678e-01   7.4397082e-01  -5.2832159e-01   4.3805879e-01   4.6414501e-02
   1.4083384e+01   2.8051018e+00  -4.1365403e+00  -9.6977351e+00  -5.3292389e+00   1.1688620e+01   1.6571822e+01   5.4466803e+00   4.8927432e-01   2.8049392e+00   1.7506731e+00   1.1188025e-01   4.1676379e-03   1.0373640e+00  -1.0437505e+00  -2.2326501e+00  -3.2742397e-01   2.1055067e+00  -2.6291498e+00   1.0844115e+00   2.0701995e+00  -4.5669003e-01   1.0347371e+00  -4.8111799e-02
   1.4266328e+01   2.5064541e+00  -4.7639525e+00  -8.9854580e+00  -4.9692448e+00   1.2225052e+01   1.5698204e+01   6.4735028e+00   6.6035688e-01   2.4149053e+00   1.8490876e+00  -5.3355752e-02  -5.6662619e-02   1.6568677e-02  -6.9456540e-01  -5.9571711e-01   3.9490947e-03   1.3220106e+00  -3.4338221e+00   7.6558914e-01   2.8793993e+00  -6.4813524e-01   2.2367381e-01  -1.6675850e-01
   1.4417910e+01   2.9599902e+00  -4.8194907e+00  -1.0826150e+01  -4.8927150e+00   1.3018136e+01   1.4461568e+01   6.2535903e+00   1.2672770e+00   2.6681872e+00   2.1049752e+00   5.0018128e-02  -5.0866693e-01  -8.1454766e-02  -1.2326913e-01  -1.4736308e+00   8.5994255e-01   6.7396140e-01  -2.4412490e+00   6.3440128e-01   1.8255692e+00   3.7165222e-01  -3.2476105e-01  -2.4403677e-02
   1.3937156e+01   3.0533265e+00  -4.6766405e+00  -1.0128488e+01  -5.4980427e+00   1.2977037e+01   1.4179519e+01   6.1340575e+00   2.6423575e+00   2.6927513e+00   1.7646218e+00  -1.0625543e-02  -7.2515729e-01  -1.7056265e+00   1.3079065e+00  -7.9349995e-01   6.2246036e-01  -1.1221552e+00  -1.8552127e+00   1.2844155e+00   1.4698815e+00  -5.1103425e-02  -5.3785102e-01   9.5997658e-02
   1.3484969e+01   2.4094835e+00  -4.3651000e+00  -1.1336666e+01  -3.7749261e+00   1.2323570e+01   1.3669292e+01   6.5680049e+00   2.2366278e+00   3.2234945e+00   1.3057645e+00   5.3909635e-02  -7.4708198e-02  -1.5863426e+00   1.8671910e+00  -4.2747980e-01  -1.2390053e+00  -1.4525820e+00  -5.8516648e-01   4.5392836e-02  -4.7140765e-02  -6.2342289e-03  -5.2475112e-01  -6.5686601e-02
   1.3645062e+01   2.2326778e-01  -3.0292881e+00  -9.9204496e+00  -4.5944487e+00   1.0889103e+01   1.3311524e+01   8.2429188e+00   2.3805037e+00   2.0605965e+00   1.4419164e+00   8.8694982e-02  -1.4570036e-02  -8.0760229e-01   1.1906696e+00  -9.1315261e-01  -2.7033632e+00  -6.0337073e-02   9.5743937e-01  -2.4854506e-01  -5.0825592e-01  -3.4238422e-01   3.1032068e-01  -5.7621399e-02
   1.4451895e+01   1.9955056e+00  -2.8423804e+00  -1.1571389e+01  -7.2030200e+00   1.1883230e+01   1.4017816e+01   5.2672489e+00   1.3274927e+00   2.9749133e+00   1.4792012e+00  -9.8172036e-02  -3.0386070e-01   1.1920169e+00   4.6771226e-01  -5.2280168e-01  -3.7224602e+00  -3.7793352e-01   2.4668064e+00  -1.1154374e+00  -4.7180970e-01  -8.9467259e-01   7.3024429e-01  -6.0040292e-02
   1.3431838e+01   2.0489119e+00  -3.6519959e+00  -1.1380856e+01  -7.8390406e+00   1.3106701e+01   1.5441415e+01   6.4116179e+00   2.3345411e+00   2.3034656e+00   2.1433844e+00  -2.1016807e-02  -1.2086236e+00   1.8483331e+00  -1.3656044e+00   8.3293054e-01  -1.7536413e-01  -1.0615678e+00   1.2051620e+00  -1.2425796e+00   7.9641386e-01  -3.3974953e-01  -6.1310320e-03  -2.4137970e-02
   1.3135790e+01   3.2846867e+00  -3.3521776e+00  -1.1390666e+01  -7.7363204e+00   1.0647871e+01   1.6304555e+01   5.8104992e+00   1.5518945e+00   1.7600510e+00   2.0503969e+00   1.8705090e-02  -1.1192510e+00   1.4103950e+00  -6.4684974e-01   1.3230624e-01   8.1202974e-01  -1.0821533e+00   1.9447093e+00  -1.7350711e+00   6.2574183e-02  -7.5586065e-01   2.0605089e-01   2.3372688e-01
   1.2490179e+01   2.3511769e+00  -4.8227960e+00  -8.7614152e+00  -4.5908447e+00   9.9144309e+00   1.3975897e+01   6.1074243e+00   3.4629236e+00   2.1584033e+00   1.1471220e+00  -5.9505368e-03   1.0748820e-01   5.3438192e-01   5.2508929e-01  -5.3321026e-01   7.1303899e-01  -6.3961095e-01  -6.3279712e-01  -3.3894793e+00  -6.6064148e-01  -5.9231255e-01  -1.3776898e-01   2.3318426e-01
   1.3243848e+01   3.9599656e+00  -3.2272550e+00  -1.2682649e+01  -7.6090734e+00   1.1856136e+01   1.7667639e+01   2.8167392e+00   8.5716275e-01   1.9136534e+00   2.2864087e+00   2.4488515e-01   5.2731559e-01  -6.9378549e-01   6.8204720e-01  -3.2656678e-01   1.1083454e+00   1.0986523e+00  -2.6067176e+00  -3.3243715e+00   2.0073739e-01  -1.1755727e-01  -3.0511926e-01   1.8207773e-01
   1.3539042e+01   2.5128454e+00  -2.9268233e+00  -1.1534679e+01  -6.8331057e+00   1.1543152e+01   1.3810678e+01   2.8242789e+00   1.6909448e+00   1.3381956e+00   1.8187250e+00   2.1566955e-01   4.5478418e-01   2.2314755e-01   1.5865139e+00  -9.2033835e-01   3.6542734e-01   8.3551852e-01  -3.4898625e+00  -2.2324748e+00   4.3195734e-01  -1.2522691e-01  -4.8521282e-01   1.1980143e-01
   1.3402333e+01   2.1631742e+00  -3.2770932e+00  -1.0493884e+01  -4.9526718e+00   1.1481488e+01   1.2477089e+01   2.4655146e+00   2.7389900e+00   1.9938190e+00   1.2569165e+00   1.8101163e-01  -2.0733566e-02   4.6336906e-02   6.6686837e-01   1.4564752e+00   2.0689923e+00  -6.7896009e-01  -3.9218963e+00   7.7515957e-01   1.1517588e+00   8.1115673e-01  -9.8443715e-01  -1.3609066e-01
   1.3093113e+01   3.5842939e+00  -2.4181060e+00  -1.1236305e+01  -5.3709044e+00   1.1355032e+01   1.1336379e+01   2.9343243e+00   3.1699460e+00   1.9304802e+00   9.3404889e-01   2.0568837e-01  -2.3544780e-01   1.6290672e+00   4.6240471e-01   5.6329710e-01   1.6951868e-02  -4.2576639e-02   2.8466266e-01   1.6984468e+00   4.0499097e-01   8.6509382e-01  -2.2170162e-01  -1.4464177e-01
   1.3435712e+01   3.4937467e+00  -2.4813111e+00  -1.0647124e+01  -5.2366856e+00   1.0931755e+01   1.3021944e+01   3.9244558e+00   1.8453004e+00   2.8342463e+00   1.2520911e+00   4.5739746e-02  -3.0478329e-01   1.6190361e+00   1.0125211e+00  -4.5043937e-01  -2.1602709e+00   4.0002208e-01   1.7145525e+00   1.9560458e+00  -4.3835411e-02   3.1313076e-01   3.8941604e-01  -5.1269618e-02
   1.3169180e+01   4.2911600e+00  -2.6311073e+00  -1.0613114e+01  -6.6656710e+00   1.1754154e+01   1.3965244e+01   4.6424785e+00   2.7452761e+00   2.2156227e+00   1.4885853e+00   6.6342845e-02  -5.0012225e-01   3.1893681e-01   1.6049963e-02   7.6982634e-02  -2.0085136e+00   1.1836841e-01   8.0332052e-01   1.6877706e+00   8.3921698e-01   1.7303296e-01   3.9149395e-01   7.1722366e-02
   1.2907124e+01   4.2382953e+00  -1.6518108e+00  -1.1481139e+01  -7.5456949e+00   1.1881961e+01   1.3734485e+01   4.5455062e+00   2.8855719e+00   2.3209439e+00   1.5637723e+00   1.7377997e-01  -8.0575535e-01  -2.6970025e-02   5.2513476e-01  -6.4088220e-01  -9.4606684e-01   1.0078839e+00  -2.0575080e+00   1.2147364e+00   9.4529925e-01   2.4522517e-01   1.3883670e-01   1.0854401e-02
   1.2607224e+01   3.6904248e+00  -2.8087812e+00  -1.0703824e+01  -7.2291701e+00   1.1057482e+01   1.2185089e+01   5.1554550e+00   3.9086357e+00   2.4466808e+00   1.3654492e+00   2.4925181e-01  -4.1754839e-01   2.2816531e-01   1.7162855e+00  -2.5502114e+00   1.5455743e-01   1.4445238e+00  -2.5763931e+00   1.1592720e+00  -4.6797644e-01   4.1902368e-01   2.1809265e-02   3.4372694e-02
   1.2508057e+01   3.7536592e+00  -1.6047720e+00  -1.1563092e+01  -6.3740362e+00   1.2791917e+01   1.0825760e+01   5.4900721e+00   2.6815695e+00   3.0865550e+00   1.5219142e+00  -2.9433134e-02  -2.5618477e-01   1.5851709e+00   1.8766918e+00  -3.7982892e+00  -2.3207422e-01   2.3552497e+00  -3.8805190e-01   2.8072884e-01  -1.3663893e+00  -1.6504375e-01   5.0119483e-01  -3.2202989e-02
   1.2742391e+01   4.8757259e+00  -8.0198527e-02  -1.4397454e+01  -7.0196642e+00   1.3465961e+01   1.1555017e+01   5.9091035e+00   2.1453126e+00   2.4613527e+00   1.5422283e+00   2.1950844e-01  -1.5755308e-01   2.0153062e+00   1.9827700e+00  -2.4115585e+00  -4.4499209e-01   1.0754585e+00   2.3606157e+00  -5.1504429e-01  -1.5525239e+00  -9.9967751e-01   3.7552434e-01   8.3648429e-02
   1.2455263e+01   6.0234011e+00  -2.0106444e-01  -1.5331757e+01  -7.9985592e+00   1.4210596e+01   1.3467443e+01   4.5897752e+00   1.7176494e+00   2.0660423e+00   2.2271750e+00   1.4034717e-01  -1.1864463e-01   2.2924399e+00  -5.7903700e-01   6.8128756e-01  -7.2822554e-02  -9.7244480e-01   4.0794406e+00  -3.6580911e-01  -7.7506196e-01  -1.6542447e+00   4.2410964e-01   2.8595465e-01
   1.2397291e+01   5.5785132e+00  -5.3648000e-01  -1.2436829e+01  -7.0843968e+00   1.1961330e+01   1.4405171e+01   4.8330371e+00   2.0618099e+00   1.4574209e+00   1.5761053e+00   2.8983430e-01   3.2252591e-02   1.3670415e+00  -2.0173935e+00   3.4551231e+00   8.4972347e-01  -2.5618126e+00   2.2760409e+00  -9.0738878e-02  -6.3576738e-01  -1.3207658e+00   3.8678488e-01   2.0364219e-01
   1.2502640e+01   6.8409255e+00  -2.2451868e+00  -1.1521473e+01  -6.4509038e+00   1.2085565e+01   1.5519844e+01   5.4793917e+00   1.5607279e+00   1.1071538e+00   2.1411401e+00   3.6433591e-01   1.2419154e-01   5.1004197e-01  -1.3733008e+00   3.3593300e+00   1.5332061e+00  -2.8933772e+00  -4.9187613e-01   2.4275493e-01  -1.6996088e-01  -6.8367537e-01  -1.4943307e-01   7.7349633e-02
   1.2767082e+01   6.5175260e+00  -2.0842277e+00  -1.1119912e+01  -6.5189067e+00   1.0685758e+01   1.3942878e+01   5.3281870e+00   1.2701223e+00   9.5964823e-01   2.1654230e+00   4.1297736e-01   1.6678047e-01   9.9319953e-01   7.7215493e-02   1.0860228e+00   1.6492768e+00  -1.4057110e+00  -2.6215341e+00  -1.1392512e+00   5.3995578e-01  -1.2710863e-01  -3.7582623e-01   3.1008978e-02
   1.2456655e+01   6.3189576e+00  -1.4871418e+00  -1.0951221e+01  -5.9814951e+00   1.0508316e+01   1.2960776e+01   4.7063326e+00   1.8585519e+00   1.2894156e+00   1.7083666e+00   1.9480009e-01  -2.2507571e-01   5.4260845e-01   8.3834298e-01   1.1166129e+00   2.1714032e+00  -1.7824701e+00  -2.8358194e+00  -2.9730444e+00   1.5485592e+00   4.6418197e-01  -1.1534241e+00  -1.4546098e-01
   1.2670454e+01   7.3292964e+00  -7.9967924e-01  -1.1092921e+01  -4.8451859e+00   1.0641388e+01   1.1752404e+01   3.5106897e+00   2.7228316e+00   1.1756270e+00   1.2287527e+00   4.2111568e-01  -1.0352222e+00  -1.0574806e+00  -7.8521704e-01   4.1483520e+00   4.4636165e+00  -3.2230935e+00  -4.3093821e+00  -2.1976343e+00   2.4434637e+00   4.1451285e-01  -1.3711590e+00  -1.6308966e-01
   1.2213340e+01   7.2489530e+00  -1.6299465e+00  -9.8600494e+00  -4.0306594e+00   9.4340447e+00   1.2361351e+01   1.9285737e+00   3.1572121e+00   1.6954373e+00   8.7933910e-01   1.4207528e-01  -1.0001160e+00  -2.4026611e+00  -1.3324769e+00   6.2253084e+00   4.5173329e+00  -3.7403633e+00  -4.7371733e+00  -1.6097192e+00   1.5407892e+00   2.4132769e-01  -9.4292231e-01   8.1765862e-04
