   9.6795820e+00   8.2466255e+00   7.7296613e+00   1.4598359e+01   9.7465755e+00   5.5986376e+00   3.7792060e+00   2.1909454e+00   1.6207943e+00   8.8249142e-01   7.2927552e-01   3.7192199e-01   6.9692284e+00   4.5435713e+00   8.6457343e-01   8.5724564e+00   4.2259400e+00  -6.4604028e-01   1.4576473e+00   2.4576457e+00  -3.9628672e-02  -1.9441153e+00   1.3470798e-01   1.6983423e-01
   1.0516908e+01   1.0193391e+01   5.9997605e+00   1.5079612e+01   1.0495017e+01   5.3978490e+00   6.3637321e+00   5.9213794e+00   1.8556366e+00  -1.9971994e-01   3.3186739e-01   2.1954452e-01   1.8937364e+00   2.6877699e+00  -1.1626200e+00   3.5640259e+00  -8.4945576e-02  -1.3846999e+00  -7.0387212e-02   1.8082997e+00   6.0572506e-01  -1.6152499e+00   1.3858474e-01  -2.1760670e-03
   1.0965892e+01   1.0918952e+01   7.5197461e+00   1.6747541e+01   9.1321470e+00   2.8339599e+00   4.9874937e+00   5.1057364e+00   1.7021866e+00  -6.1095623e-01   6.4958130e-01   2.8935074e-01   1.4746688e+00  -3.6474990e-01   6.0381613e-01   1.7104927e-02  -4.0541172e+00  -9.1737770e-01   1.0032703e+00   1.8638236e+00   8.3646438e-01  -5.3716805e-01   6.4914311e-02  -1.9866895e-01
   1.1913526e+01   9.9970426e+00   6.1746971e+00   1.5027274e+01   6.4028388e+00   3.3218337e+00   4.3088388e+00   5.0329140e+00   3.1637611e+00   3.4571338e-01   5.0752313e-01   4.9644480e-02   7.9916880e-01  -2.7330066e+00   8.6607158e-01   1.5134884e+00  -2.8829080e+00  -4.0008709e-02   3.1566531e-01  -5.8664967e-01  -4.8390031e-02   3.0257030e-01   9.4050458e-01  -4.5210859e-02
   1.1193276e+01   7.7976751e+00   8.5479172e+00   1.4650185e+01   5.7114887e+00   5.2605787e+00   6.3115581e+00   5.4309136e+00   2.2214287e+00  -1.9597731e-01   7.3881912e-01   1.5886858e-01   2.3085974e-01  -3.4427868e+00  -8.8094429e-01   6.2239810e-01  -1.0257565e+00  -4.9894673e-01   1.4086333e+00   7.1113801e-01  -1.2052534e+00   2.7320685e-01   8.5038078e-01   1.4629212e-01
   1.1601969e+01   7.6545199e+00   6.7847823e+00   1.8398522e+01   7.8809841e+00   4.1245266e+00   6.1751979e+00   4.8788163e+00   1.5234306e+00   4.6646054e-02   1.6980054e+00   2.1696931e-01  -1.4434166e+00  -2.8781681e+00  -1.1379426e+00  -4.1628788e+00  -1.1919443e+00   4.3014809e-02   8.0078061e-01  -6.7256164e-01  -2.4596883e+00   2.2237164e-01   5.0873738e-01   2.2271955e-01
   1.1467960e+01   6.9260330e+00   5.8932870e+00   1.5995514e+01   6.8544396e+00   1.6841934e+00   6.1672641e+00   6.2494922e+00   7.1447177e-01  -5.1612290e-02   1.3299114e+00   4.2512651e-01  -1.8406892e+00  -2.0889101e+00  -3.0977187e+00  -8.4335493e+00  -2.3436335e+00  -1.2318836e+00  -2.0221871e+00  -1.8706927e+00  -1.8779291e+00   5.9091865e-01  -9.9285507e-02   9.7242116e-02
   9.6110594e+00   6.1156115e+00   5.7950983e+00   8.1102910e+00   4.0434469e+00   5.1745485e+00   5.5821567e+00   3.6147822e+00   2.2770703e-01   6.0708833e-01   9.7508308e-01   2.5059485e-01  -2.8163026e+00  -1.7650444e+00  -1.8854057e+00  -1.1345453e+01  -3.8705633e+00  -3.6158749e-01  -3.0043575e+00  -2.8366976e+00  -7.5508244e-03   7.3553894e-01  -7.5615498e-01  -4.7996931e-02
   9.4276975e+00   5.4337643e+00   4.3961811e+00   7.1439767e+00   4.1148070e+00   2.8877424e+00   3.5747981e+00   3.2568916e+00   5.2396757e-02   4.1017952e-01   9.5135200e-01   2.8791899e-01  -1.8645562e+00  -6.4233485e-02  -1.8828523e-01  -7.9772953e+00  -2.2584940e+00   6.8878967e-01  -2.9085580e+00  -3.7737338e+00   7.7955902e-01   6.8189861e-01  -8.0730109e-01  -2.7535602e-01
   8.3976463e+00   5.7530877e+00   4.7052267e+00   5.8061116e+00   3.4449555e+00   2.9803708e+00   2.9648946e+00   2.1200702e+00   1.8431418e+00   9.1905856e-01   7.5305257e-01   2.1357767e-01   3.2593190e-01   1.2244534e+00   1.6432760e+00  -1.0581795e+00   1.0000233e+00  -3.3005948e-01  -5.5623929e-01  -4.0880146e-01   1.5169901e+00   4.5377916e-01  -5.8217143e-01  -2.2596839e-01
   9.2778318e+00   7.0109446e+00   6.1557949e+00   5.1816608e+00   3.7659444e+00   3.8144667e+00   3.1130581e+00   1.3362475e+00   1.0760929e+00   8.1525052e-01   2.2997498e-01   3.0601073e-02   2.7849595e+00   1.9319653e+00   2.5134155e+00   6.5488216e+00   3.6682838e+00   1.5110968e+00   3.9722867e+00   3.0066331e+00   1.8763732e+00   2.7333874e-01  -1.4139089e-01  -2.4661506e-01
   1.0174890e+01   7.1637014e+00   7.3802054e+00   7.5041796e+00   5.7179132e+00   4.2160971e+00   4.9786678e+00   3.9619020e+00   1.9913440e+00   1.0852216e+00   4.6251444e-01   4.0301218e-02   3.6681972e+00   1.9517597e+00   2.1947935e+00   6.7950925e+00   4.2613042e+00   7.1654593e-01   2.4564326e+00   3.8166969e+00   1.0504034e+00  -4.8857958e-01  -5.4895395e-01  -1.3525715e-02
   1.2716515e+01   7.6264054e+00   6.8288150e+00   1.6118175e+01   8.4807539e+00   4.5365245e+00   8.5263417e+00   6.8459253e+00   2.7928555e+00   7.3710613e-01   8.8453473e-01   4.6346317e-03   1.1248608e+00   7.5010774e-01   4.9426175e-01   4.9867306e+00   2.7866531e+00   3.0337420e-01   1.5633598e-01   1.5908240e+00   3.4380790e-01  -1.0696933e-01   1.9069614e-01   1.3056741e-01
   1.2180601e+01   8.3729969e+00   7.6609070e+00   1.0530493e+01   7.4795070e+00   3.6941609e+00   3.9429017e+00   5.0902766e+00   2.5603656e+00   2.2526138e-01  -3.9765824e-01   2.0627232e-01  -1.0488771e+00  -9.4625939e-01  -1.4341987e+00   4.1104943e+00   1.4230360e+00   3.0074314e-01  -8.4690137e-01   4.9060213e-02  -2.4702785e-01  -6.1615539e-01   3.2669314e-02   2.8074825e-03
   9.9622678e+00   7.5314585e+00   6.7568368e+00   1.1148600e+01   7.0651272e+00   4.5304961e+00   3.8654451e+00   3.1582961e+00   1.3072940e+00   1.0847766e+00   9.4610553e-01   1.4346663e-01  -3.0904321e+00  -1.9669423e+00  -2.3614106e+00  -2.5446728e-01  -9.9623708e-01  -1.6325656e+00  -1.8144918e+00  -5.8704899e-01  -1.1624781e+00   3.5581204e-02   3.9820117e-01  -6.2221087e-02
   9.9786979e+00   5.7917857e+00   5.2648965e+00   1.6154709e+01   8.5602806e+00   4.6702260e+00   6.0387640e+00   5.8793070e+00   2.3635830e+00  -1.2846750e-02   4.8073301e-01  -2.4903558e-02  -3.6231799e+00  -2.9165829e+00  -2.7914423e+00   2.7588453e+00  -1.0388119e+00  -2.4074211e+00   1.8700566e+00   1.1762083e+00  -1.3622868e+00  -1.5471375e-01   3.3910838e-01  -4.1345758e-01
   9.1818180e+00   5.9665975e+00   4.4847044e+00   1.2924366e+01   6.4460115e+00   1.5996435e+00   4.7566728e+00   5.5708367e+00   1.1475296e+00   9.0953200e-01   1.0426409e+00   2.6890942e-02  -3.6764884e+00  -3.1628067e+00  -3.3931132e+00   8.7465036e-01  -6.3170248e-01  -3.7853883e+00   2.6211558e+00   2.1564134e+00  -2.7651047e-01   1.9457994e-01  -5.8146677e-01  -6.1330204e-01
   7.1360556e+00   4.7805531e+00   4.6098097e+00   1.3780878e+01   6.2308470e+00   1.5484555e+00   6.3023727e+00   5.6483188e+00   5.9681765e-01   8.0813069e-02   6.2736672e-02  -3.5562621e-01  -4.6251702e+00  -3.6209762e+00  -1.8718696e+00  -1.5753960e-01   2.6248956e-01  -2.1435713e+00   9.2417725e-01   1.9253448e-01  -3.6559284e-01   1.1817423e+00   1.0598450e-01  -1.7837904e-01
   5.8688563e+00   3.2928648e+00   1.9947104e+00   1.3647491e+01   7.2822902e+00   4.1329899e-01   7.6653744e+00   6.5084103e+00   1.7759109e+00   1.3298166e+00   2.8290355e-01  -6.1112510e-01  -2.0989947e+00  -2.2600908e+00  -3.2759922e+00  -6.3390387e-01  -1.7810414e-01  -1.2140346e+00   1.6852798e-01  -3.4343837e-01  -4.9448705e-01  -2.8317387e-01   3.6222677e-02   2.3567739e-01
   4.6974235e+00   1.6971878e+00   3.7020891e+00   1.5556837e+01   8.5358756e+00   2.0480413e+00   5.9706791e+00   5.6993219e+00   1.5010031e+00   1.5496244e+00   1.0195784e+00   2.6535906e-02   3.0727292e-01  -1.9307585e+00  -4.6184664e+00  -3.9022394e+00  -2.4482678e+00  -2.3392533e+00  -4.5077661e+00  -4.6753256e-01  -1.1454933e+00  -1.1386482e+00  -1.5615730e-02   5.4552700e-01
   7.2526421e+00   4.1181439e+00   2.4576472e-02   1.1085531e+01   5.0263411e+00  -4.7120132e-01   5.1753115e+00   5.0301776e+00  -4.6293690e-02  -2.4963448e-01   6.1855400e-01   1.8932597e-01   1.9356189e+00  -2.4037502e+00  -3.2064682e+00  -4.5736659e+00  -3.9876441e+00  -1.7815200e+00  -6.0967638e+00  -1.1447397e+00  -6.7396536e-01  -2.0634227e+00  -1.0099222e+00   6.3238312e-01
   6.9050721e+00   1.4717757e+00  -1.3328230e+00   9.2084987e+00   3.6864200e+00  -1.5181743e+00   7.8575500e-01   5.6861363e+00  -2.1032003e-01  -8.3743373e-01  -1.2851215e-01   6.2438767e-02   1.5820707e+00  -2.8940023e+00  -5.6088720e-01  -3.6680879e+00  -2.1949110e+00  -9.1489768e-01  -4.2046011e+00  -6.2526355e-01   1.4929921e+00  -9.6055031e-01  -1.4567878e+00   1.9035716e-01
   7.6684603e+00  -2.0005443e-01  -2.9753593e-01   9.9611613e+00   3.7255519e+00  -4.7587322e-01   1.1126907e+00   4.7978936e+00   1.6206245e+00  -5.7178833e-01  -6.5793454e-01   3.1949814e-01   1.9407944e+00  -3.1227760e+00   5.9354315e-01   5.1080024e-01   3.1284597e+00   3.4743330e-01  -4.4046840e+00  -4.5153250e-01   2.8945568e+00  -9.2924372e-02  -1.0268515e+00   9.0083930e-02
   6.8626204e+00  -4.8471649e-01   3.0218145e+00   1.0616890e+01   5.8939036e+00   6.7803071e-01   1.6950878e+00   4.8775685e+00   2.9070321e+00   2.6987587e-01  -5.2735898e-01   2.4698556e-01   2.4200530e+00   1.4479897e+00   3.3431631e+00   9.4091456e-02   2.7541051e+00   1.8962046e-01  -1.7478581e+00  -1.1648935e+00   2.0970451e+00  -3.0606199e-02  -5.4805024e-01   1.1211907e-01
   1.0185059e+01   4.1222611e-01  -1.2624275e+00   1.1147536e+01   8.6152887e+00  -1.0481538e+00  -1.8863809e+00   4.7571627e+00   2.7368654e+00  -9.4267583e-01  -7.2229983e-01   2.3217847e-01   2.5768005e+00   4.3684846e+00   4.3147011e+00   5.8938177e-01   2.5065680e+00   5.2273544e-01  -6.7744628e-01   7.8461890e-01   1.8083082e+00  -5.8832386e-02  -3.8445211e-01  -8.9714835e-02
   9.2768520e+00   3.3376200e+00   4.1643675e+00   8.7564487e+00   5.3727092e+00  -9.4760325e-01  -3.3649644e-01   3.9591615e+00   2.3771271e+00  -6.9789928e-01  -9.1840487e-01   2.7427721e-01   4.3131607e+00   3.9509396e+00   2.9643364e+00   4.2233263e+00   4.6819222e+00   1.6523223e+00   1.5995519e+00   3.0278457e+00   2.1198156e+00   5.0121927e-01  -1.9598862e-01  -5.8216949e-02
   1.0326545e+01   4.4415041e+00   5.6032391e+00   1.1775455e+01   7.7460010e+00   1.1210469e+00   1.1123134e+00   6.4340255e+00   4.5980393e+00  -1.7614934e-01  -1.0390898e+00   1.7128006e-01   2.1329813e+00   4.1538268e+00   4.6669149e+00   3.6722856e+00   2.0531442e+00   3.0143969e+00   3.8882766e+00   2.4164312e+00   1.3321552e+00   1.7271304e+00   8.7910847e-01  -1.0224622e-01
   1.3261619e+01   3.4270540e+00   4.0354858e+00   1.6637920e+01   1.3351431e+01   2.0719138e+00   2.5950685e+00   8.5809057e+00   5.1561685e+00   6.3844153e-01  -6.6294694e-01   1.9010934e-01   3.4861250e-01   7.7582167e-01   1.8491426e+00   2.9209840e+00   1.1583475e+00   1.4565605e+00   2.5390553e+00   1.0951153e+00  -7.1295243e-02   8.9288351e-01   7.0765912e-01   1.0419289e-01
   1.1392148e+01   6.5982493e+00   5.8023857e+00   1.2715228e+01   7.7056442e+00   1.9636831e+00   2.4802516e+00   6.0709374e+00   3.3455775e+00   9.7984937e-01   4.6863391e-01   1.2089307e-01  -1.2644834e+00  -3.4777906e+00  -2.5497025e+00   2.7928216e+00   4.4321719e-01  -2.8810493e-01   1.1122393e+00  -1.1481985e+00  -1.5944903e+00  -4.9815457e-01   1.5090465e-01   8.7073520e-02
   9.2669693e+00   3.4229799e+00   6.8385082e+00   1.2668038e+01   7.1304090e+00   8.1591940e-01   2.7881174e+00   5.7833785e+00   2.8964152e+00   6.3426633e-02  -6.1077803e-01   4.5576004e-01  -3.6331137e+00  -5.2664366e+00  -4.0843579e+00  -1.5574639e+00  -2.6946803e+00  -1.9358895e+00  -2.0129357e+00  -2.4215500e+00  -7.2107783e-01  -1.0082226e+00  -5.3689757e-01   1.4171715e-01
   1.0427145e+01  -7.7314480e-01   3.7717416e-01   1.7949628e+01   1.1521338e+01   1.3168867e+00   2.6841478e+00   6.1104914e+00   3.3361805e+00  -6.3587374e-01  -8.3881725e-01   1.6906499e-01  -3.5934685e-01  -3.9120374e+00  -6.0195838e+00  -3.7963573e+00   1.0231415e-01  -1.8575917e+00  -4.3986275e+00  -2.6759722e+00   4.9699982e-01  -4.0323577e-01  -9.9025903e-01   2.3049586e-02
   8.2944497e+00  -7.8690385e-01   6.2155476e-01   1.1684524e+01   7.4015636e+00  -5.0852236e-01  -5.2628317e-01   4.9288037e+00   4.0792502e+00  -6.6030766e-02  -8.1456772e-01   3.7859911e-01   6.5043634e-01   1.4436126e+00  -7.9719547e-01  -5.1835545e+00  -1.5259493e+00  -4.4749494e-01  -1.4584351e+00  -1.1827625e-01   7.2795553e-01  -2.0099578e-01  -2.0586509e-01  -5.4867272e-02
   1.1339388e+01   2.8351352e+00  -1.1851327e-01   7.5124492e+00   7.7235381e+00  -1.6048363e-01  -2.4604894e+00   2.4842665e+00   3.4996597e+00   4.3972441e-01  -9.1485979e-01   1.9404792e-01   1.5956574e+00   3.0401513e+00   4.1313161e+00  -2.7948718e+00  -3.9376201e-01   6.5485647e-01   1.3605105e+00   2.1110566e+00   6.4352619e-01   1.1789698e-02   4.7434263e-01   1.5666802e-01
   9.7865023e+00   3.7842588e+00   5.8905587e+00   1.0111296e+01   6.7403849e+00   8.8336216e-01   3.1727834e+00   7.4190766e+00   3.9066089e+00  -7.7586611e-01  -8.8155439e-01   3.6096767e-01   4.7823935e+00   5.7763251e-01   1.4197542e+00   6.1627871e+00   4.5386582e+00  -6.3593881e-01   1.7258039e+00   3.2353218e+00   6.3317114e-01   2.1337116e-01   8.2744444e-01   8.2159079e-02
   1.2074604e+01   1.5015008e+00   3.9396463e+00   1.4543935e+01   1.1261284e+01   1.6032291e+00   2.8753803e+00   8.0319398e+00   4.3877905e+00  -2.6327152e-01  -9.3809963e-02   4.1288274e-01   3.1632499e+00  -2.4760146e+00  -3.8535945e-01   9.3824796e+00   4.7404942e+00  -3.2519853e+00   1.3669229e+00   4.5447201e+00   3.1119090e+00  -6.4939272e-01  -2.8021059e-01   2.7449329e-02
   1.5100432e+01   7.4636208e-01   7.2210625e-01   1.7412962e+01   1.2440678e+01  -2.3442870e+00  -6.0551225e-01   7.0079497e+00   4.5849415e+00   6.0552394e-01   1.6074033e-02   3.9242031e-01   3.1441427e+00  -3.2263825e+00  -6.5258072e+00   6.9145131e+00   3.3395459e+00  -4.3345760e+00  -2.2863923e+00   2.9035052e+00   2.4161845e+00  -3.8631766e-01  -9.7604333e-01  -3.8351247e-01
   1.3427298e+01   6.4006169e-01   1.8876738e+00   1.7935335e+01   1.1984133e+01  -3.4246370e+00   1.4790428e+00   9.5069100e+00   7.8283569e+00  -1.2250597e+00  -1.7839899e+00   2.1949559e-01   4.8829076e-02  -4.7205245e-01  -3.3654056e+00  -1.6180518e+00  -1.2743262e+00  -6.4156672e-01  -3.3603459e-01   1.0710257e+00   9.1490671e-01  -3.3418525e-01  -1.0971260e+00  -2.3068537e-01
   1.3826370e+01  -6.2459536e-01  -2.8721659e+00   1.8787365e+01   1.1388279e+01  -3.1045688e+00   4.4136381e-01   1.1036849e+01   5.8106024e+00  -8.7444851e-01  -1.5005294e+00  -1.1760746e-01  -7.8055451e-01   1.2541488e+00   2.0591264e-01  -4.8152483e+00  -2.6477949e+00   4.2808123e+00   3.1640664e+00   2.1741722e+00  -2.4751470e-01  -7.0812198e-01  -2.4287034e-01   4.7977918e-02
   1.2784879e+01   1.4789009e+00   6.8867397e-01   1.1429656e+01   9.8759940e+00   1.0210200e+00   1.8478904e+00   7.6240285e+00   5.1473201e+00  -2.4563172e-02  -9.8119720e-01   3.2186858e-01  -2.5179595e+00   9.9762020e-01   4.2719331e+00  -4.7790819e+00  -3.4559161e+00   3.8389883e+00   2.6054597e+00  -1.9465520e-01  -1.9263905e+00   6.4114337e-01   1.0250842e+00   2.8775240e-01
   1.4250809e+01   2.2081657e+00   1.6304751e+00   1.3442929e+01   9.5230551e+00   1.8541030e+00   3.9561635e+00   1.1210649e+01   5.5541879e+00  -1.0569073e+00  -7.4962782e-01   4.1320069e-01  -3.4394438e+00   1.6770126e+00   4.2903993e+00  -6.6429305e+00  -2.8649858e+00   1.8566391e+00  -9.6573908e-01  -4.3532249e+00  -1.1685910e+00   3.5724205e-01   1.0085469e-01   1.4010631e-01
   9.4381389e+00   7.2011146e-01   6.0442529e+00   1.3438930e+01   7.7328708e+00  -1.4549041e-01   3.6298325e+00   9.1280276e+00   5.0669784e+00  -1.7211525e-01  -6.2181439e-01   3.8572011e-01  -4.4030229e+00  -9.0021103e-01   3.7605106e-02  -4.6054240e+00  -3.7632730e+00  -1.6371062e+00  -3.2897775e+00  -5.1291045e+00  -2.7827191e+00  -7.9175646e-01  -4.1116138e-01  -1.7120124e-01
   1.0340574e+01   2.2703182e+00   8.8564351e-01   7.8183320e+00   8.1623622e+00   2.6364509e-01  -1.8982158e+00   3.7550125e+00   4.0978867e+00  -2.6480940e-01  -1.5289388e+00   6.0626246e-02  -2.2343296e+00  -7.2410335e-01  -6.8528777e-01  -3.7904502e+00  -2.2116415e+00  -1.9202566e+00  -2.1473226e+00  -3.9778920e+00  -1.3671961e+00  -4.8067885e-01  -2.4337611e-01   1.2687446e-01
   8.1354623e+00   9.7508057e-02   1.1174974e+00   7.3338185e+00   4.9114310e+00  -6.3941035e-01  -1.5958614e-01   3.6581899e+00   1.7013920e+00  -1.6082468e+00  -1.2082838e+00   2.4135395e-01   3.6445688e+00   1.0377843e-01  -4.3442065e+00  -5.0983168e-01   3.9595918e+00   1.3183002e+00  -3.1477985e-01   3.2667652e-02   4.1844839e-01  -1.1193531e-01   4.1905066e-01   2.0012504e-01
   1.1550653e+01   1.4333124e+00   3.0659212e+00   1.0809810e+01   7.6163128e+00  -7.7932200e-01   2.6298889e+00   7.9787295e+00   5.1861869e+00  -1.0598598e+00  -8.2145728e-01   6.7569546e-01  -1.0084835e-01  -1.8562713e+00   2.1000567e+00   6.0357105e+00   5.4932560e+00   4.9893097e+00   7.2641379e+00   5.0946703e+00   8.3251384e-01  -1.9487549e-01   5.7112075e-01   9.3753944e-02
   1.4299953e+01   1.2942820e+00  -1.5621956e+00   1.1178444e+01   1.3945283e+01   2.3534435e+00   8.9361033e-01   7.0651705e+00   5.1505009e+00   5.7506987e-02  -3.4697916e-01   3.7837305e-01  -8.8589318e-01  -1.0739064e+00   2.1952889e+00   4.2824317e+00   4.0366371e+00   3.9540741e+00   5.0767777e+00   4.0390942e+00   1.1183829e+00  -3.5368053e-01  -3.6372089e-01  -9.4914461e-02
   7.1070564e+00  -1.1124758e+00   5.3755751e+00   1.4949585e+01   1.1885320e+01   6.2511827e+00   8.4713928e+00   9.6935277e+00   3.6221030e+00  -1.3899995e+00  -1.1029100e+00   1.3274761e-01  -1.2126357e+00  -2.5876234e+00  -2.3849954e+00   8.9025361e-01   1.4790669e+00   7.7319382e-01   1.1072650e+00   2.6193238e+00   1.1470249e+00  -6.9762907e-01  -7.3583189e-01  -2.1685877e-01
   9.0284209e+00  -2.4045753e-01   3.2556039e+00   1.1687578e+01   8.8318831e+00   1.7764485e+00   4.5348284e+00   8.8594321e+00   4.1610083e+00  -1.9736977e+00  -1.6131388e+00   3.7045618e-01  -1.8043557e+00  -5.7249832e-01   4.8427026e-01  -1.4995172e+00  -3.4914670e+00  -6.1525597e-01   1.5647803e+00   1.1927704e+00  -1.2168380e-01  -1.4865445e+00  -5.5366804e-01   1.4089636e-01
   1.2367465e+01  -1.6807530e+00  -2.9204717e+00   1.1890623e+01   1.2391613e+01   6.6896624e-01   2.4701774e+00   1.1010584e+01   7.4014706e+00  -1.0907010e+00  -1.2921253e+00   3.5436574e-01   6.2566746e+00  -4.3113275e-01  -4.2073940e+00  -2.3327573e+00   2.7488948e-01   8.1774440e-01  -5.0183175e-01  -2.2913189e+00  -2.9503524e-01   1.0333751e+00   1.6704324e+00   1.8585395e-01
   8.9632146e+00   7.1967317e-01   3.3122332e+00   1.0458649e+01   8.4549361e+00   4.2216678e+00   6.2413886e+00   8.1957977e+00   3.0782914e+00  -2.3219590e+00  -1.0828736e+00   4.7890852e-01   3.5203033e+00  -5.5969565e-01  -9.8282635e-01   5.7702589e-01   2.2201524e+00   4.2805066e+00   1.0160570e+00  -1.6636965e+00  -1.1891222e+00   1.1947022e+00   1.4997430e+00   1.8198685e-01
   1.6524671e+01  -2.2392402e+00  -9.6383046e-01   1.2064914e+01   1.2486128e+01   6.2551897e+00   6.8653651e+00   6.5883666e+00   3.7209086e+00   3.3419371e-01   1.1376059e+00   3.5730237e-01  -4.5291089e-01   2.2281461e+00   1.9477659e+00  -2.0240770e+00  -1.5868235e+00   6.6978507e-01  -3.4669497e+00  -4.9464306e+00  -2.4087111e+00   6.8070485e-01   2.2694081e-01  -2.5406818e-02
   1.2230273e+01  -8.0075738e-01   8.0304377e-01   1.2465972e+01   1.2114854e+01   5.4040967e+00   3.8613200e+00   8.5749962e+00   4.2176060e+00  -8.9409183e-01  -5.7838994e-01   6.4196814e-01  -9.2446145e-01   2.8886413e+00  -1.4995516e+00  -4.9874491e+00  -3.0618098e+00  -4.0066796e+00  -7.2478795e+00  -4.6372586e+00  -9.7726635e-01   1.7068690e-01  -7.5911604e-01  -7.0385808e-02
   1.0054570e+01   2.4216815e+00   1.2557719e+00   7.8508460e+00   8.1814189e+00   1.0824294e+00  -1.5402129e+00   3.4013392e+00   3.2187466e+00  -7.8357735e-01  -1.2039559e+00   2.3472571e-01  -4.6161459e+00   4.7255600e+00   2.8683068e+00  -5.0982132e+00  -6.5581135e+00  -4.5888467e+00  -3.8763699e+00  -2.7547833e+00  -1.5995825e+00  -9.0295759e-01  -9.0516060e-01   9.6339040e-02
   1.0811573e+01   2.7221742e+00  -4.6895438e-02   5.0845092e+00   6.0145758e+00   7.9802852e-01  -4.2764172e-01   2.8334235e+00   1.8634729e+00  -1.5070431e+00  -1.0507667e+00   4.3461814e-01  -9.0372999e-01   2.8432623e+00   1.6149049e+00  -3.5120557e+00  -3.1040556e+00   3.8620824e-01   1.7964712e+00  -2.1635025e+00  -1.8046054e+00   3.3867625e-01   6.7436455e-01  -2.0753824e-02
   1.0309803e+01   3.0876340e+00   3.7635993e+00   8.1083255e+00   5.6990968e+00   1.6749537e+00   3.1952911e+00   5.3269780e+00   2.4986013e+00  -7.1376701e-01   1.6053423e-02   6.0548593e-01  -4.5491775e-01   4.8221224e-01   2.3798940e+00   1.3983946e+00   3.9523872e-01   3.0402110e+00   4.3018157e+00   9.9582500e-01  -6.4035886e-01   9.8813432e-01   1.2766990e+00   8.1351890e-02
   1.0747062e+01   3.1311598e+00   1.9714874e+00   7.0691484e+00   8.6999321e+00   5.6871469e+00   4.1882749e+00   4.3669231e+00   1.8707705e+00  -4.2098262e-01  -1.7684777e-01   4.2545729e-01   5.7952676e+00  -3.1234282e+00  -4.5744836e+00   7.2512325e+00   4.4546423e+00  -1.4607822e-02   3.7978365e+00   5.5431028e+00   1.0654910e+00   6.0015670e-01   4.5016647e-01  -3.1879414e-02
   9.4044490e+00   2.9405070e+00   3.8164215e+00   8.9561184e+00   7.4315989e+00   3.1981867e+00   2.6045524e+00   4.1283269e+00   2.2545595e+00   1.5559387e-01   2.7413319e-01   3.6133396e-01   3.3976686e+00  -2.6773631e+00  -5.2483535e+00   2.9854319e+00   3.7183025e+00  -9.0983570e-01  -1.4823825e+00   1.1798306e+00   1.0040457e+00   4.1944520e-01  -1.7159074e-01   9.6628274e-03
   1.9957151e+01  -1.8894046e+00  -6.9350319e+00   1.5537462e+01   1.1830288e+01   1.4500306e-02   5.5644823e+00   1.1747403e+01   3.5837303e+00  -1.0414885e+00  -5.0455688e-01   5.0887500e-01   4.6116991e+00  -2.3953637e+00  -4.7800482e+00   1.9438275e+00   3.6427450e+00  -9.0799903e-01  -7.8897942e-01   2.4035352e+00   1.3645694e+00  -3.1026290e-01  -1.3904182e-01   3.7588981e-01
   1.0801260e+01   1.5818716e+00   3.4432864e-01   8.3523169e+00   9.7113725e+00   3.1465235e+00   2.8361363e-01   3.4064837e+00   3.1481899e+00   2.2565374e-01  -7.7478125e-02   5.7827132e-01   5.4650887e-01   2.2267442e-02  -1.4744314e+00  -2.3475258e+00   2.3783080e+00   2.9066377e+00   6.5783794e-01   1.1916348e-01   3.2919430e-01  -9.3635283e-01  -4.7006127e-01   3.2086184e-01
   1.6966204e+01   2.1743190e-01  -3.4625385e+00   1.0286790e+01   1.3024163e+01   4.3509799e+00   4.1652751e+00   8.3331474e+00   3.4708094e+00  -9.2140690e-01  -2.0960483e-01   8.8082334e-01  -6.3421175e+00   4.0856843e+00   6.3985852e+00  -7.0360760e+00  -4.5037050e+00   2.8743731e+00  -1.0657441e-01  -4.6338031e+00  -1.6478398e+00  -6.6628209e-02   2.7806098e-01  -3.6046932e-02
   1.1719686e+01   1.9204900e+00  -1.3147237e-01   8.0601653e+00   1.0402124e+01   5.3899034e+00   4.2909129e+00   6.0142001e+00   2.8048114e+00  -1.3089762e+00  -5.7843474e-01   6.5665256e-01  -1.6904367e+00   2.3037458e+00   2.6905493e+00  -2.2097187e+00  -3.9127612e+00  -5.2607240e-01   1.0290975e+00  -8.5636808e-01  -7.7970003e-01   9.0197603e-02   3.2538101e-01  -9.4483873e-02
   9.9847625e+00   4.0698126e+00   2.9007463e+00   5.1294234e+00   4.7293552e+00   3.2043700e+00   3.4009711e+00   3.4928403e+00   1.2836598e+00  -3.7411588e-01   1.6301289e-01   4.1561398e-01   1.9422595e+00   9.3146316e-01  -1.3582679e+00  -1.3249142e-01  -1.1821695e+00  -2.3000303e-01   2.2516965e+00  -9.2058485e-01  -1.8993526e+00   2.5423546e-01   8.7509800e-01  -2.2951634e-01
   1.1756326e+01   3.1113000e+00   1.1985102e+00   7.6164223e+00   7.9896345e+00   2.9307198e+00   2.2094120e+00   4.5420851e+00   3.0722147e+00   8.7304631e-02   2.2428452e-01   6.6915019e-01   9.1481263e+00  -2.4646291e+00  -8.0046207e+00   4.5723793e+00   4.5666014e+00   3.8811104e+00   7.0798190e+00   2.8801804e+00  -1.6342336e-01  -3.0015742e-01   6.6334296e-01  -4.4960877e-02
   1.9861273e+01   1.0192216e+00  -6.1649317e+00   1.0309925e+01   1.2457153e+01   5.2355672e+00   8.5835703e+00   7.6883276e+00   4.8807886e-01  -1.2381941e+00   7.0168253e-01   5.3030002e-01   3.8234071e+00  -2.6216438e+00  -4.5088215e+00   2.7237584e+00   4.8236521e+00   5.3411121e+00   5.3435031e+00   2.4718165e+00   3.9150494e-02  -9.5556787e-01  -1.6001003e-01   7.7776554e-02
   2.0503620e+01  -2.5115819e-01  -7.6055645e+00   1.2328484e+01   1.3388127e+01   1.0195970e+01   1.2319342e+01   8.2367271e+00   2.9574669e+00  -1.3271732e+00   1.4724488e-01   5.3186822e-01  -3.9059514e+00   5.3423298e-01   2.6884760e+00  -2.4280249e+00  -2.1180138e+00   9.4631360e-01  -1.2983459e+00  -2.3113404e+00  -7.7114951e-01  -8.1126322e-02  -3.8870216e-01  -1.8736578e-01
   1.1346227e+01   1.8185760e+00   5.3955138e-01   6.8590304e+00   9.2655872e+00   7.5834129e+00   6.3612609e+00   5.3532441e+00   1.3997595e+00  -1.1002288e+00  -3.8482338e-02   6.0091979e-01  -1.0552436e+01   1.7836909e+00   8.0713022e+00  -4.3093954e+00  -5.0342423e+00  -3.7241203e+00  -9.3252295e+00  -6.2210336e+00   2.8615984e-01   1.5974110e+00  -4.1145687e-01  -1.9213058e-01
   1.0154923e+01   3.5129723e+00   1.8789826e+00   5.6998321e+00   6.4083968e+00   3.1762673e+00   1.3730478e+00   2.2426162e+00   1.4596501e+00  -1.0336752e-01   1.1313715e-02   3.5279163e-01  -6.3123342e+00   5.5535199e-01   4.4593013e+00  -2.9150932e+00  -1.4694362e+00  -2.9267689e+00  -6.7670507e+00  -4.3794449e+00  -1.3762762e+00   9.8249324e-01   9.6374847e-02   1.6024530e-02
   9.2069671e+00   1.8126927e+00   1.1997481e+00   7.1601574e+00   8.3956548e+00   3.1592382e+00   6.8873018e-02   1.3538326e+00   1.6662270e+00   5.4601948e-01   1.5246281e-01   3.3164246e-01   1.2696945e+00  -1.6380367e+00  -2.1417624e+00   1.3249518e+00   3.2311979e+00   2.0005313e+00   5.6059844e-01  -1.4481726e-01  -2.1002875e-01   8.4468478e-01   8.8233344e-01   2.3293237e-01
   1.2104748e+01   5.8481146e-01  -1.2467109e+00   7.8052803e+00   1.1618939e+01   8.0179044e+00   5.3149596e+00   3.6672656e+00   7.5981889e-01  -6.7655747e-01   1.9633458e-01   6.9054369e-01   6.3778667e+00  -7.2762817e+00  -3.1399328e+00   5.1707707e+00   5.7815434e+00   5.4677780e+00   6.7997438e+00   4.5970286e+00   1.6444524e-01  -9.9062567e-01   3.1091264e-01   1.1395037e-01
   1.2275856e+01   8.2560141e-01  -1.1102455e+00   7.7937340e+00   1.1507113e+01   8.1633914e+00   5.2312026e+00   4.4236936e+00   1.4346320e+00   4.5339336e-01   1.1925074e+00   7.8144233e-01   4.4762557e+00  -2.4734361e+00  -1.2314632e+00   2.7603110e+00   1.4593282e+00  -9.3454553e-01   1.1505850e+00   2.8693762e+00   1.0811511e+00  -7.4589349e-01  -2.9589074e-01   3.7259702e-02
   1.8187279e+01  -6.9079046e+00  -1.6759198e+00   1.3139200e+01   1.3524983e+01   8.8758578e+00   8.9914988e+00   7.6032286e+00   1.8221155e+00  -1.5429930e+00  -4.2339614e-02   2.9881726e-01  -1.4748662e-01   5.3603221e-01  -8.8597607e-01  -1.6312490e+00  -2.6491771e+00  -5.2599928e+00  -4.8928007e+00  -7.6115699e-01   1.2537957e+00  -3.2255107e-01  -1.0887526e+00  -2.6225346e-01
   1.2880085e+01   1.8488966e+00  -4.3284221e-01   8.6336642e+00   9.6316250e+00   1.3284432e+00  -4.3519137e-02   3.6899154e+00   2.7568053e+00  -1.3960300e-01  -1.7203621e-01   5.8339522e-01  -4.2426871e+00   2.4496652e+00   7.9860806e-01  -3.3900704e+00  -3.7704333e+00  -3.5183426e+00  -3.6731412e+00  -2.4709665e+00  -1.8446397e-01  -1.4762068e-01  -6.5266334e-01  -8.1429785e-02
   1.1581403e+01   8.7721219e-01  -2.9143767e+00   4.9384417e+00   8.5829171e+00   3.5453892e+00   6.1311951e-01   2.8924192e+00   1.9794258e+00  -8.6388589e-01  -7.5452247e-01   3.9618704e-01  -5.8725742e+00   3.9798062e+00  -5.4089673e-02  -4.2290573e+00  -1.6871796e+00  -4.8893869e-01  -3.4904604e+00  -3.8512023e+00  -5.6350092e-01   1.7841646e+00   8.8294874e-01   1.1118454e-01
   9.2147626e+00   6.0754073e-01   7.0689501e-01   6.8090074e+00   8.3224960e+00   5.5511117e+00   3.9106805e+00   3.0726484e+00   1.0792809e+00  -1.0759120e-01   5.6960381e-01   6.1061275e-01  -1.0287071e+00  -2.8150600e+00  -1.3738097e+00   1.8098933e+00   3.9542507e+00   4.7914635e+00   1.9063429e+00  -9.3157285e-01  -9.5452070e-01   5.7717433e-01   8.1643162e-01   7.3729816e-03
   1.1211079e+01  -3.1751739e-01  -2.3269229e+00   7.7079423e+00   1.1648778e+01   6.0311155e+00   1.7787084e+00   2.1350586e+00   1.8156263e+00   1.1172480e+00   9.1126348e-01   4.5198530e-01   6.3592128e+00  -5.9421903e+00  -5.8585571e+00   8.9865968e+00   7.1703803e+00   6.8369158e-01   2.2840464e+00   2.2863612e+00  -3.8344632e-01  -1.8756400e-01   9.7898301e-01   1.3570205e-01
   1.1522187e+01  -1.7763286e+00  -2.7872836e+00   9.9637539e+00   1.4030071e+01   7.2727754e+00   2.2332008e+00   2.6712364e+00   1.4069240e+00  -2.6440843e-01   2.1971825e-01   5.6655557e-01   3.3830633e+00  -3.5610841e+00  -4.6593369e+00   4.7525174e+00   5.1000849e+00  -8.8514032e-01  -1.7789562e+00   3.3589785e-01  -4.0428415e-01  -1.3766323e+00  -4.5060623e-01   2.0204060e-01
   1.9966510e+01  -6.8441386e+00  -9.9551231e+00   1.6840964e+01   1.6484700e+01   3.7100948e+00   4.8779289e+00   6.5226671e+00   1.2404348e+00  -1.0668233e+00   8.8889483e-01   6.2176871e-01   6.6790305e-01   2.6963156e-01   4.0141611e-01   1.5556434e+00  -5.4667860e-02  -2.1708044e+00   2.3742381e-01   2.1920067e+00   2.8851398e-02  -1.8596341e+00  -5.2978522e-01   3.5705575e-01
   9.9116418e+00  -1.4707748e+00  -2.4680103e+00   9.3712728e+00   1.3554662e+01   5.3839116e+00  -3.0736404e-01   1.3826910e+00   7.6045043e-01  -1.0805041e+00  -9.5121212e-02   8.2878194e-01  -3.0705421e+00   1.6423957e+00   3.2301850e+00  -3.0354291e+00  -3.9181610e+00  -9.9171809e-01   9.5063875e-01   6.2116577e-01  -8.2158700e-02  -1.5166170e-01  -9.2045831e-02   5.6194541e-02
   1.3018206e+01  -6.5846944e-02  -1.8844355e+00   1.0337648e+01   1.1804480e+01   3.7193408e+00   3.4051265e+00   6.0673413e+00   2.1821402e+00  -1.2641554e+00   2.7400538e-01   8.5645574e-01  -5.2630781e+00   3.2421159e+00   5.1583724e+00  -5.7466263e+00  -5.4514511e+00   3.0333847e-03   7.0816978e-02  -4.7289083e-01   1.9839014e-01  -7.1115053e-02  -8.6272309e-01  -1.8420637e-01
   1.0390526e+01  -2.7018809e+00  -1.9773500e+00   8.6622681e+00   1.0492939e+01   5.7805752e+00   4.3955601e+00   3.8306479e+00   8.1283322e-01  -3.9323494e-01   3.8909422e-01   5.3350387e-01   2.2348837e+00  -2.9840802e+00  -2.4727596e+00   6.3409269e-01  -1.0772846e+00  -6.4504783e-01   2.7666898e+00   2.7097414e+00   7.2912297e-01  -1.4054234e-01  -4.2794716e-01  -3.0808939e-01
   1.1832451e+01  -1.3654117e+00  -2.4628946e+00   8.5755266e+00   9.8383851e+00   3.5163131e+00   2.6326923e+00   4.5893523e+00   1.5118286e+00  -1.5171304e+00  -6.4729752e-01   4.9309820e-01  -8.2825328e-01  -5.7947036e+00  -2.5797116e+00   1.4821243e+00   1.9032317e+00   2.5175066e+00   3.1885242e+00   2.9418658e+00   1.4388619e+00  -9.5424925e-02  -8.5777216e-01  -3.4760360e-01
   1.3856845e+01  -5.2971127e+00  -5.8879202e+00   1.1203473e+01   1.2921783e+01   4.5178537e+00   4.2288877e+00   6.1862975e+00   2.1892907e+00  -1.1648300e+00  -2.7639049e-01   5.4832664e-01   4.5748662e+00  -3.5039881e+00  -2.0710508e+00   3.5267112e+00   2.9782770e+00   1.9179811e+00   3.5204186e+00   4.2914578e+00   2.4881137e+00   4.1566065e-01  -4.2212581e-01  -7.0309500e-02
   1.0042667e+01  -7.4602865e+00  -3.7987177e+00   1.1290232e+01   1.3444906e+01   8.1269615e+00   8.2712490e+00   9.3023152e+00   3.6522043e+00  -1.0214952e+00  -6.7991051e-01   3.2763896e-01   1.7189631e+00  -1.9458179e+00   6.1158716e-03   3.3140078e+00   3.6544303e+00   3.0633695e+00   2.4091045e+00   9.6007918e-01  -1.0997486e-03   5.1722621e-01   6.8543446e-01   1.9416115e-01
   1.8147718e+01  -4.9104256e+00  -4.4160146e+00   1.2594982e+01   1.3157094e+01   6.3522227e+00   6.8569096e+00   7.9113532e+00   3.4748159e+00  -1.7561569e-02  -2.2778799e-01   5.1076924e-01  -1.3642587e+00   4.8272322e+00   4.0274220e+00  -1.5218588e+00  -1.9930087e+00  -1.1227158e+00  -2.5937603e+00  -3.3553322e+00  -2.0742507e+00  -5.8020470e-01   2.8396117e-01   2.8703193e-01
   1.2265459e+01  -4.4774822e+00  -3.1896736e+00   1.2850784e+01   1.5202375e+01   7.1941829e+00   4.9323380e+00   5.1669432e+00   8.6741638e-01  -1.3149253e+00   3.5655292e-01   8.0311862e-01  -5.1197634e-01   6.7894773e+00   1.8562520e+00  -5.0633462e+00  -4.4345704e+00  -4.1367971e+00  -6.6556468e+00  -5.7600131e+00  -2.1447917e+00  -7.5287179e-01  -2.3538098e-01   2.1063680e-01
   1.0699060e+01   4.5233343e-01  -1.5130921e-01   8.1404087e+00   9.0535353e+00   3.3001693e+00   2.0077029e+00   3.2209851e+00   4.7030858e-01  -1.8884220e+00  -3.6868045e-01   7.4113469e-01  -3.7600095e+00   4.1590823e+00   2.1625846e+00  -4.0102643e+00  -3.9872243e+00  -2.4924160e+00  -2.8435174e+00  -2.3331077e+00  -1.3187016e+00  -1.1641092e+00  -6.2358543e-01  -5.8039559e-02
   1.2999031e+01   4.2549962e-02  -3.1466924e+00   5.9224996e+00   8.8448297e+00   3.4477925e+00   7.1238225e-01   3.0074796e+00   1.9372705e+00  -1.2153727e+00  -9.6253575e-01   5.2841143e-01  -2.2602293e+00   2.4184336e+00   2.4693313e+00  -3.6792107e+00  -4.9872040e+00  -2.9164326e-01   1.8501877e+00   3.2834714e-01  -1.0991937e-01   3.4310664e-01   6.4554060e-02  -1.7647801e-01
   1.2140918e+01  -9.3181825e-01  -1.1936283e+00   1.0043728e+01   1.0355030e+01   4.4867939e+00   4.7016115e+00   5.4914235e+00   9.6183637e-01  -1.8135017e+00  -5.0362181e-01   5.6106349e-01   1.1657492e+00  -1.3548766e+00  -1.5838302e+00   3.2491532e-01   7.4529326e-01   1.3175545e+00   2.6609988e+00   2.3236949e+00   1.0552977e+00   5.9182484e-01   3.4774618e-01  -1.2125862e-01
   8.1541867e+00  -1.5775592e-01   1.0354830e+00   6.3803080e+00   7.0708215e+00   6.1634056e+00   6.3606652e+00   4.5242448e+00   4.5677343e-01  -8.3772554e-01   5.2085469e-01   6.2843720e-01   9.7483328e-03  -2.4314854e+00  -9.6319462e-01   2.2205674e+00   2.0423770e+00   1.1140619e+00   2.6111348e+00   3.2855928e+00   1.3238284e+00  -2.7915895e-01  -2.0902369e-02   5.5381926e-03
   1.4870106e+01  -1.4798286e+00  -4.6181422e+00   8.3988775e+00   1.1058479e+01   3.9186944e+00   3.1750596e+00   5.9481449e+00   2.7935037e+00  -1.1895083e+00  -5.8875639e-01   5.0923388e-01   9.2470845e-01  -1.0782364e+00  -3.2512060e+00   1.5193210e+00   4.2145782e+00  -2.1141555e+00  -5.0352534e+00  -6.7111340e-02   2.5740065e+00   5.0593406e-01  -4.6982167e-01  -1.0087145e-01
   1.1649059e+01  -3.3306730e+00  -2.8792274e+00   1.0075776e+01   1.1556671e+01   5.4029351e+00   5.3923604e+00   7.7075080e+00   3.0071794e+00  -1.9461078e+00  -9.5132201e-01   5.6263353e-01   1.4969936e+00  -8.4050877e-01  -4.5198888e-01   4.0650114e+00   2.3586488e+00  -4.6702317e+00  -4.1508024e+00   2.2768827e+00   3.7786505e+00   8.8214114e-01  -7.4555831e-01  -1.9745736e-01
   1.1780544e+01  -9.6271426e-01  -4.1130821e+00   1.0474975e+01   1.4433973e+01   1.6957959e+00  -2.3671162e+00   3.7991248e+00   3.5476430e+00  -5.0040947e-01  -4.7226597e-01   4.4265815e-01  -2.9159284e+00  -3.7708144e-03   3.6211595e+00   7.4763086e-01  -2.6490591e+00  -1.9585652e+00   3.7112925e-01   1.4880876e+00   1.3759503e+00   1.0828739e+00   2.3620435e-01  -8.9579495e-02
   1.1944458e+01  -1.6770762e+00   1.0496970e-01   1.1439776e+01   8.9210478e+00   2.6950734e-01   2.9055495e+00   9.0140789e+00   5.7476795e+00   1.4093675e-01  -6.5572799e-01   3.6553902e-01  -2.0162509e-01   3.0056072e+00   1.1637571e+00  -3.3138270e+00  -2.6414241e+00   2.0426918e-01  -8.5683449e-01  -1.3750875e+00   5.6698375e-01   1.0162628e+00  -2.9479861e-01  -2.3214578e-01
   1.0348514e+01  -2.3122832e+00  -6.7850142e-01   8.8383235e+00   8.4027020e+00   3.5475606e+00   4.9751589e+00   7.5269909e+00   3.4871791e+00  -6.0871974e-01  -3.8224687e-01   4.7341189e-01   1.1506101e+00   1.4945417e+00  -1.2761830e+00  -4.0250941e+00  -2.5972845e+00   2.5483864e+00   3.0746516e+00   5.4447253e-01  -7.2880219e-01  -7.1178658e-01  -4.6717510e-01  -5.4726273e-02
   1.2062636e+01   1.8525222e+00  -2.8508822e+00   5.9233610e+00   1.0610170e+01   4.7834565e+00   4.3597111e-01   3.7809437e+00   3.8878870e+00  -3.6755841e-01  -1.4385295e+00   1.9903800e-01   4.1308645e+00  -1.4093300e+00  -2.5618505e+00  -1.9842333e+00  -2.3197998e-01   1.4569435e+00   1.5691637e+00   7.9104835e-01  -9.4330574e-01  -7.4194668e-01  -1.4325353e-01   1.6752725e-01
   1.3447370e+01  -4.8570100e-01  -4.5494307e+00   7.1955416e+00   9.6934852e+00   3.2614010e+00   3.4796503e+00   7.2324012e+00   3.3843360e+00  -1.3138418e+00  -7.8162788e-01   4.4381926e-01   2.7535708e+00  -2.3600285e+00   1.0160871e+00   1.0437834e+00  -1.1201319e+00   1.5959776e+00   4.6397778e+00   2.3072892e+00  -9.4358211e-01   4.6560785e-01   1.0941107e+00   1.4144029e-01
   1.6591327e+01  -4.7043623e+00  -1.8023414e+00   9.2848172e+00   7.9276863e+00   2.5980024e+00   6.0070494e+00   1.0347946e+01   4.3841424e+00  -6.1942226e-01  -6.7091778e-01   6.3162621e-01   6.0739825e+00  -7.2947824e+00  -4.0257273e+00   8.6830134e+00   1.0729163e+00   8.3078190e-01   1.0711287e+01   6.1503260e+00  -2.1325342e+00   4.4794116e-01   1.3469901e+00  -7.5141160e-02
   1.2214525e+01  -2.5738837e+00   3.2135891e-01   8.7232705e+00   8.0637461e+00   7.0342540e+00   9.1492865e+00   7.7044234e+00   1.8236782e+00   2.1562397e-01   8.7511335e-01   4.6927821e-01   4.7960801e-01  -5.5115979e-01  -9.8957550e-01   2.5688187e+00  -3.2603326e-01  -6.9417048e-01   2.3953778e+00  -3.2640509e-01  -1.9943396e+00  -1.4746216e-01   2.3501188e-01  -1.6726289e-01
   2.1790033e+01  -8.0455600e+00  -1.1324868e+01   1.8184017e+01   1.3034414e+01   4.1432028e+00   1.3668083e+01   1.2770422e+01   1.4694146e+00  -4.6037954e-01  -2.4641495e-01   7.3596776e-02  -4.3295309e+00   3.4038865e+00  -6.3559245e-01  -2.1412899e+00  -6.8552520e-01  -2.7091828e+00  -5.1071067e+00  -5.0273240e+00  -2.3973969e+00  -1.3056242e+00  -3.1673844e-01  -1.1094741e-01
   1.1567429e+01   3.5815816e-01  -1.2725308e+00   6.5991699e+00   6.6510715e+00   1.4475450e+00   3.2422001e+00   5.5315559e+00   1.8501904e+00  -1.6145564e+00  -6.4136147e-01   4.7193964e-01  -5.5244159e+00   2.8364766e+00   1.9191306e+00  -3.3174421e+00   1.0186666e+00  -9.8391504e-01  -7.5726841e+00  -4.3325197e+00   9.3425637e-01  -8.2110763e-01  -1.1118512e+00   6.6142237e-02
   1.0420578e+01  -1.0645535e+00  -1.9587853e+00   7.1349327e+00   7.6057357e+00   1.3275827e+00   1.2999325e+00   3.8933941e+00   7.7479091e-01  -1.6627684e+00  -3.8778803e-01   4.6387439e-01  -7.0437133e+00   4.1332496e+00   6.4290617e+00  -5.2541992e+00  -3.6010040e-01   1.5872211e+00  -5.7582789e+00  -4.0998860e+00   1.2033497e+00   1.3409433e-01  -1.4843218e-01   1.3681532e-01
   9.6126284e+00  -1.8096720e+00  -1.4829866e+00   9.2716493e+00   1.2306085e+01   6.9661915e+00   3.9743356e+00   5.6441576e+00   3.5723746e+00  -4.1484305e-01  -7.2197698e-01   3.7335276e-01   2.3559491e+00  -1.2856312e-01  -6.4575189e-01   2.6712183e+00   2.3555081e+00   1.2744274e+00   2.2452562e+00   2.2708785e+00   5.1066666e-01   1.9590256e-01   8.9362983e-02  -4.1613143e-02
   1.2201863e+01  -7.6177046e-01  -1.5760474e+00   8.9664783e+00   9.6667566e+00   3.7647112e+00   4.6645971e+00   6.5642917e+00   2.4133470e+00  -8.5909470e-01  -4.2875547e-01   3.2811319e-01   7.5307848e+00  -3.3435619e+00  -2.0639838e+00   5.5419634e+00   2.8324787e-01  -5.0666012e-01   4.4113720e+00   5.1354702e+00   6.6707879e-01  -2.7890872e-01  -2.4347975e-01  -2.3715708e-01
   1.4210710e+01   1.3921945e-02  -2.4325275e+00   9.6902245e+00   9.1538232e+00   2.1406219e+00   4.9277522e+00   7.6024249e+00   1.7969123e+00  -1.7225394e+00  -4.8683328e-01   4.7740053e-01   1.7935137e+00  -7.8497238e-01   4.8226444e-01   9.8912208e-01  -3.0978484e+00  -3.3714958e+00  -7.6452030e-01   6.0175326e-01  -3.3890185e-01  -1.3736425e-01  -1.4546927e-01  -2.1320471e-01
   1.9417714e+01  -6.9916933e+00  -4.5799905e+00   1.5238590e+01   9.6067385e+00   2.9803774e+00   7.4402822e+00   1.0617466e+01   2.6631402e+00  -1.4272833e+00  -8.7057951e-01   5.6114880e-02  -8.4688097e-01   9.6252778e-01   1.1431065e+00  -5.6055097e-01  -3.0786123e-01  -3.9180324e-01  -7.8407508e-01   5.7574906e-01   1.1206823e+00   2.3525688e-01  -9.8165531e-02   1.6835149e-01
   8.6949733e+00   1.2783081e-01   7.4238163e-01   7.6192765e+00   7.6893216e+00   2.3011147e+00   1.4397126e+00   4.5202005e+00   2.9391253e+00  -3.3679513e-01  -7.1926887e-01   1.8954485e-01  -1.8030943e+00   2.3016947e+00   8.6808823e-01  -2.8112194e+00   1.0953582e+00   8.3815779e-01  -1.3747143e+00  -9.7441864e-01   1.6041087e+00   6.3480137e-01   3.0488516e-01   2.6126292e-01
   1.3689410e+01   6.2506677e-01  -1.4488422e+00   9.1611258e+00   9.9372155e+00   3.0967599e+00   5.2325043e+00   8.9690275e+00   3.5232640e+00  -1.1990815e+00  -4.5978597e-01   7.2456827e-01  -3.6371583e+00   6.2249298e+00   1.8987081e+00  -5.7705259e+00  -1.0817078e-01   1.0129646e+00  -2.7038727e+00  -3.7059829e+00   2.6275060e-01   5.2866108e-01   2.4483167e-01   2.0047770e-01
   1.4370221e+01  -3.4191602e-01  -2.6959693e+00   8.5121275e+00   1.0631622e+01   3.3396673e+00   3.9695697e+00   6.9650161e+00   3.7730134e+00  -8.8443822e-01  -2.3490231e-01   5.3506821e-01   7.0347355e-02   6.4367362e-01  -2.5859493e-01  -1.2999516e+00  -3.1842088e-01   1.7692198e+00   7.1328033e-01  -6.4223109e-01  -3.3067558e-02  -2.0669976e-01  -2.8426449e-01  -1.4251401e-01
   1.1124353e+01   2.5805749e+00  -1.2752878e-02   6.1363759e+00   7.9733321e+00   3.9805480e+00   2.1195446e+00   3.8360837e+00   2.6403220e+00  -3.6047014e-01  -7.4551529e-01   1.8406975e-01  -1.9769275e+00  -2.7612855e+00  -1.8219256e-01   3.3496212e-01   3.1874862e-01   3.3808606e+00   1.2426499e+00  -7.8099874e-01   1.2735802e-01   6.9992334e-01  -2.7270606e-01  -5.1539223e-01
   1.0083023e+01   1.1558718e-01  -3.6355544e-01   7.1817241e+00   8.1936319e+00   4.5130504e+00   4.0661129e+00   6.1233257e+00   3.3309949e+00  -1.0661505e+00  -1.0028009e+00   2.4602310e-01   4.4483882e+00  -5.3910882e+00  -4.6250080e+00   7.2497780e+00   3.3604445e+00   4.1780383e+00   7.0241122e+00   3.6429389e+00  -7.0664204e-01   1.3293521e+00  -4.0318706e-01  -2.6574145e-01
   1.2867618e+01  -3.7456132e+00  -2.8883380e+00   1.0328771e+01   1.1634333e+01   7.5813592e+00   7.0482075e+00   8.2183746e+00   3.9353103e+00  -5.8340376e-02  -4.8489575e-01   9.6002482e-02   6.7713521e+00  -6.9443296e+00  -4.9008385e+00   7.4405637e+00   5.4597136e+00   5.2675179e+00   8.7097775e+00   5.7209128e+00   2.9133435e-01   1.2492487e-01   3.0673627e-02   1.2357585e-01
   2.0171171e+01  -5.2654543e+00  -8.1956888e+00   1.7290597e+01   1.3841788e+01   7.8063191e+00   1.2041407e+01   1.0238279e+01   2.0655562e+00   9.5852512e-01  -9.6999266e-01   1.8048968e-01   9.3153290e-01   1.5837344e+00   1.6232417e+00  -1.7758099e-01  -1.3965628e+00  -1.9751037e-01   4.9614239e-01  -1.1463664e+00  -1.5451277e+00   9.5401484e-03   5.5043053e-01   1.8286400e-01
   1.6237307e+01  -5.1453987e+00  -3.4479440e+00   1.2242785e+01   1.3338824e+01   1.0235190e+01   1.1196564e+01   1.0359976e+01   3.7100429e+00  -1.1854206e+00  -7.1590899e-01   4.0220024e-01  -6.7959220e+00   6.5649770e+00   7.4519591e+00  -6.5010118e+00  -7.6658407e+00  -5.2687914e+00  -5.8980471e+00  -5.5704134e+00  -2.2889682e+00  -7.8975006e-01   6.4769928e-01   2.1733260e-01
   9.7954777e+00   3.1910815e+00   2.3511101e+00   5.9583455e+00   5.2465422e+00   2.8898692e+00   2.7361482e+00   3.3329752e+00   1.1259370e+00  -4.8830012e-01  -6.1648539e-02   3.6722022e-01  -3.3155344e+00   4.6978369e+00   2.2860069e+00  -3.5946003e+00  -3.5773821e+00  -7.0141221e+00  -6.2380462e+00  -3.3967997e+00  -2.5958889e+00  -7.2271685e-01   1.6912833e+00   1.0348919e-01
   7.8615817e+00   1.8735844e+00   3.0162012e+00   6.2433788e+00   4.4331953e+00   2.1363970e+00   2.8537661e+00   3.3154063e+00   9.7166767e-01  -5.1955285e-01   3.2481105e-02   3.2863611e-01   9.8085496e-01   1.8304347e+00  -8.3301782e-01   9.8908788e-01  -9.4750918e-01  -4.3808034e+00  -1.4669737e+00  -9.7150590e-01  -2.3818763e+00   2.9126167e-01   1.2568675e+00   2.4263411e-01
   1.9385732e+01  -1.7281905e+00  -7.9987511e+00   1.4898400e+01   1.2928529e+01   1.3345327e+00   6.8557362e+00   8.6653644e+00  -4.5908942e-01  -4.5848403e-01   1.1927372e+00   3.7250553e-01   3.6322946e+00  -2.9001894e+00  -3.5027491e+00   2.8019793e+00   4.4815566e+00   2.7884263e+00   4.2599448e+00   3.9254244e+00   6.0722683e-01  -7.2577959e-01   4.6956544e-02   3.5452861e-01
   1.2913463e+01   5.9889309e-02   4.7745987e-01   9.2563896e+00   8.0765671e+00   4.4416536e+00   6.9363094e+00   6.2365228e+00   9.2974168e-01  -7.6343616e-01   5.4219938e-01   7.6350876e-01   7.9383459e-01   7.0006541e-01   3.0534600e-02  -2.1711616e+00   3.0415079e-01   2.0427890e+00   1.3948004e+00   2.2514141e+00   1.1930070e+00  -1.7876723e+00  -8.7268190e-01   4.4826227e-01
   1.2717979e+01  -2.5235498e-01  -1.6336429e+00   8.6548090e+00   1.0147191e+01   5.9198804e+00   7.0847938e+00   7.7605536e+00   2.0577403e+00  -1.4550278e+00  -2.4607286e-01   6.8157680e-01  -7.2683294e+00   2.4785414e+00   5.3394705e+00  -6.8869700e+00  -4.0403668e+00   1.3157560e+00  -4.2236451e+00  -4.5522536e+00   7.7895280e-01  -4.7727586e-01  -8.1616467e-01   1.3641563e-01
   1.2386210e+01   2.1857648e+00  -1.2055096e-01   6.1084319e+00   6.2800906e+00   2.9079067e+00   4.8314379e+00   7.1449328e+00   1.5027633e+00  -2.7027895e+00  -5.5713672e-01   8.4649387e-01  -3.5434635e+00   4.2287392e-01   1.0290904e+00  -1.7319342e+00  -5.7530451e-01   9.9493657e-01  -9.3748834e-01  -2.2467886e+00  -5.6051236e-01   1.6580822e-01   1.4702546e-01  -8.3199351e-02
   8.7468643e+00   9.2668396e-01   3.0946008e-01   6.1419236e+00   7.7662174e+00   4.0750402e+00   1.5727044e+00   1.3827790e+00   4.2282900e-01  -2.0472117e-01   5.1815825e-01   5.3563641e-01  -1.3793952e+00   4.1643785e-01   1.4713550e+00  -3.4556102e-01  -1.0186023e+00   2.4780620e-01  -4.0224690e-01  -2.3607865e+00  -3.8962713e-01   1.4995294e+00   7.4881948e-01  -1.9882564e-01
   9.5838249e+00   1.0468072e-01   1.0495440e+00   7.9149311e+00   8.4040973e+00   6.8564786e+00   8.2861216e+00   6.0552273e+00   9.0642879e-01  -1.1398772e+00   3.8062202e-01   7.1167993e-01  -5.5411071e-01  -1.5015034e-01   8.8418720e-01   8.6440608e-01   1.2738294e+00   1.9605562e+00   5.2248110e-01  -1.2017653e+00   5.9872533e-01   1.8622906e+00   2.0449043e-01  -3.9459078e-01
   1.2050079e+01   1.4128438e+00  -1.1657816e-02   7.2332179e+00   7.5572844e+00   4.3173038e+00   4.7540815e+00   4.7642267e+00   1.7714668e+00   1.2810148e-02   4.0827698e-01   4.5074531e-01   6.3592818e+00  -1.4102098e+00  -1.9782571e+00   4.3619402e+00  -7.4641698e-01  -1.6812824e+00   3.3717122e+00   5.3926512e+00   2.0226693e+00  -7.3727729e-01  -1.2863775e+00  -3.1767333e-01
   9.9034365e+00   1.7174593e+00   1.3662888e+00   6.8593939e+00   8.2953012e+00   5.7276092e+00   4.0244709e+00   3.6515611e+00   1.7265323e+00  -1.8119165e-02  -1.9546044e-01   2.9705325e-01   1.9158857e+00  -8.1186046e-01  -1.5248323e+00   1.6554343e+00   8.4781957e-02  -2.0224564e+00  -2.7511773e+00  -6.6900042e-01   3.6993580e-01  -2.0429764e-01  -6.6575692e-01  -1.6264818e-01
   1.8125981e+01  -1.9950201e+00  -2.8162979e+00   1.3212602e+01   6.7009900e+00   2.1175513e+00   8.7610981e+00   1.0673589e+01   3.0467811e+00  -1.8715161e+00  -1.1233667e+00   2.6643975e-01  -4.5742467e-01  -6.7388292e-01  -1.0367143e+00  -1.3475915e-01   2.0775820e+00   3.4261083e+00   2.4302590e+00   8.4594767e-01  -5.3305912e-01  -1.0535286e+00  -2.4734815e-01   3.0419098e-01
   9.4197023e+00   5.9082196e-01   1.6461555e-01   7.4083901e+00   8.9594174e+00   4.9226702e+00   2.1558473e+00   2.0970455e+00   8.2367533e-01  -5.0416050e-01   1.4780849e-01   5.5986044e-01  -1.0325871e+00   1.1729751e+00   3.0573640e-01  -2.0151426e+00   6.6134200e-01   2.2340669e+00   2.1207937e+00   3.1776388e-02  -1.8093151e+00  -1.1543273e+00   6.9467764e-01   4.8375467e-01
   1.1605809e+01   9.6533811e-01  -9.6589264e-01   6.7565810e+00   1.0341599e+01   9.8589357e+00   9.3337818e+00   6.8104060e+00   1.4233066e+00  -1.3244621e+00  -1.3437972e-01   7.7562818e-01  -5.3671397e+00   3.6172803e+00   4.1010251e+00  -3.5189474e+00   7.2850355e-01   1.8279473e+00  -2.9288283e+00  -4.8209938e+00  -1.7464512e+00   1.0127173e+00   1.1245412e+00   1.0462991e-01
   1.1614642e+01   1.9967429e+00   8.9969078e-01   7.0646907e+00   7.4670096e+00   5.2080173e+00   6.9193196e+00   5.6308171e+00  -1.7570311e-01  -2.0231371e+00   3.5206251e-01   7.6809104e-01   1.7098691e-02   8.6429232e-01   4.0772926e+00   3.3995667e+00  -1.9036197e+00  -3.0219108e+00   1.3880415e+00   2.5116513e+00  -1.0291332e-01  -8.8575617e-01  -3.3510721e-01  -7.0049370e-02
   8.9778019e+00   2.7279398e+00   2.9677021e+00   8.1060311e+00   8.5399492e+00   4.7167986e+00   1.9861196e+00   1.6752124e+00   9.2679351e-01   4.0704818e-01   4.6131806e-01   3.1926932e-01   2.7905134e+00  -2.0166974e-01  -7.7769249e-01   3.0639372e+00  -1.2509319e+00  -5.4605357e+00  -2.2243099e+00   1.5863645e-01  -1.2871507e-01  -2.0289962e-01   3.1781632e-01  -5.3495435e-03
   1.0759354e+01   1.0059596e+00   4.3137570e+00   1.1833015e+01   7.0048128e+00   2.9608725e+00   7.9117407e+00   8.4321193e+00   9.1756191e-01  -2.6985499e+00  -6.5270120e-01   6.8296581e-01   5.4092874e+00  -2.3996243e+00  -6.1746999e+00   2.7036550e+00   5.2698835e+00   3.1406852e+00   3.6294568e+00   2.8101979e+00   1.0285282e+00   3.3454732e-01   1.6134844e-01  -3.3810388e-02
   1.6219223e+01   1.1582252e+00  -3.8394645e+00   8.9683246e+00   8.6962997e+00   2.7917046e+00   5.5011065e+00   5.6477096e+00   6.8360154e-01  -1.2911052e+00   8.4472662e-01   8.1016648e-01   4.4659563e+00  -1.1411137e+00  -5.1040527e+00  -1.2531730e+00   2.7904112e+00   4.4834165e+00   4.9481539e+00   1.7513423e+00  -7.8748126e-01   7.5041088e-02   7.5323757e-01   5.7447837e-02
   1.6107862e+01  -8.1783626e-01  -4.9587757e+00   1.0689026e+01   1.5293660e+01   1.0881592e+01   1.0606011e+01   7.8598653e+00   1.4886851e+00  -6.7223946e-01   4.0238089e-01   4.7192688e-01  -2.2358289e+00   2.0869556e+00   1.0080124e+00  -3.9252316e+00  -7.4376591e-01   1.3186693e+00  -3.2965644e+00  -4.5656606e+00  -1.1661394e-01   2.4329441e+00   8.6592342e-01  -3.6014812e-01
   1.3002482e+01   1.9281672e+00  -5.2110515e-02   6.7982659e+00   8.5811426e+00   7.4815636e+00   8.0612151e+00   4.5883528e+00  -5.3998999e-01  -4.9354541e-01   1.0636334e+00   5.1096055e-01  -6.3657303e+00   1.8645134e+00   7.4088968e+00  -5.6388128e-01  -3.4635955e+00  -3.1910420e+00  -5.2850154e+00  -3.1794086e+00   1.1116939e-01   8.2636678e-01  -6.8481207e-01  -3.5982604e-01
   9.0139812e+00   3.7514219e+00   3.9320987e+00   7.0301971e+00   5.9467425e+00   2.5939470e+00   1.6868398e+00   2.1133067e+00   1.3544368e+00   5.5208630e-01   5.3673055e-01   2.9234659e-01  -3.8472254e+00  -7.2814585e-01   3.4775865e+00  -2.9832574e-01  -2.7435960e+00  -2.6321689e+00  -3.5677754e+00  -1.5161313e+00   1.0056698e+00   4.3369008e-01  -8.0368587e-01  -2.2915715e-01
   1.0217568e+01   1.6703662e+00   2.8284435e+00   9.9519173e+00   8.1743650e+00   2.1489640e+00   2.0331692e+00   3.7518759e+00   9.1747982e-01  -6.6371788e-01  -2.4966632e-01   3.6021756e-01   3.5508626e+00  -5.1965066e+00  -4.3862087e+00   3.1664060e+00   3.8770135e+00   3.9423444e+00   6.1948767e+00   4.9792554e+00   1.8726865e+00  -6.7394854e-02  -8.5759173e-01  -2.8367887e-01
   1.1729481e+01  -1.7811545e+00  -1.1826729e+00   8.6647121e+00   1.1381654e+01   9.5996385e+00   8.2683711e+00   6.0039069e+00   2.2684549e+00   6.3381903e-02  -1.4649807e-01   2.0356266e-01   6.7243424e+00  -4.6742341e+00  -6.6829728e+00   9.0609205e-01   2.1629176e+00   6.5513147e+00   1.1400345e+01   6.5912143e+00  -4.8345407e-01  -8.9648855e-01   2.3563760e-01   6.3314933e-02
   1.6971026e+01  -3.1003045e+00  -4.0740377e+00   1.0730617e+01   1.1679207e+01   9.8922344e+00   1.4062765e+01   1.0111936e+01   1.8120307e+00  -3.5028549e-01   1.1886009e-01   1.2983421e-01   1.0692311e+00   1.4361964e+00  -1.2064036e+00  -3.3526955e+00  -2.8253644e+00   1.2590326e+00   2.6382218e+00   1.2936951e-01  -1.4648257e+00  -5.5590916e-01   3.6550549e-01   5.7977277e-02
   1.5723766e+01  -8.7459386e-01  -2.6411199e+00   7.9999851e+00   7.4386980e+00   8.5492839e+00   1.2772560e+01   8.8200981e+00   1.8198024e-01  -9.4936271e-01   7.0592375e-01   5.0251067e-01  -3.6889697e+00   4.9218288e+00   3.4594878e+00  -5.2601990e+00  -6.7922796e+00  -4.1424643e+00  -4.7019072e+00  -4.3555835e+00  -2.6868174e+00  -8.2071387e-01   8.8377076e-03   8.4096054e-02
   9.8242724e+00   3.3713805e+00   1.7480615e+00   5.2552376e+00   5.9077965e+00   4.5626902e+00   3.7384077e+00   2.5378345e+00  -2.3652136e-01  -9.9120932e-01  -1.2761901e-01   2.9770947e-01  -2.3855232e+00   1.1379771e+00   1.3252589e+00  -1.9925038e+00  -2.1671377e+00  -9.0733247e-01  -4.5035002e+00  -3.4155186e+00   7.4497224e-01   1.9515535e-01  -3.3395913e-01   4.8356539e-02
   9.7694034e+00   2.3657462e+00   1.0955091e+00   3.5121036e+00   4.0789402e+00   6.0507142e+00   6.3776887e+00   3.2575823e+00  -7.3749520e-01  -8.4722698e-01  -1.0001965e-02   2.4576911e-01  -2.5308594e-01  -1.1044541e+00  -2.9988416e-01   8.6762217e-01   3.4891463e+00   3.1319583e+00  -1.8993718e-01  -2.2726927e-02   3.0318752e+00   1.1148135e+00  -5.9414493e-01  -1.8442690e-01
   1.6369922e+01  -3.0135089e+00  -3.9544638e+00   9.9858024e+00   1.0108379e+01   9.7805205e+00   1.0504950e+01   7.7699159e+00   3.3892267e+00  -1.0862033e-01  -2.4115748e-02   3.3073980e-01   6.3887066e+00  -4.7360166e+00  -4.5570467e+00   4.6949653e+00   4.4428192e+00   4.0235201e+00   7.5382638e+00   5.2979418e+00   2.0144009e+00   9.5441170e-01   2.2482668e-01  -1.2269349e-01
   1.2071312e+01   6.6116961e-01  -2.3968342e-01   6.9361359e+00   1.0572126e+01   1.0638306e+01   9.1043829e+00   6.1699671e+00   2.9169190e+00   2.8156307e-01  -2.3704527e-01   2.0935515e-01   8.7165352e-01   8.3609631e-01   3.5422884e-01   4.7569399e-01  -3.9562810e-01  -1.7514285e+00  -2.5264438e-01   1.5583624e-01  -2.4731056e-01   4.0365734e-01   2.8807909e-01  -1.2080645e-01
   1.8256378e+01  -2.8803561e+00  -4.4199122e+00   1.0585669e+01   9.3254323e+00   8.3041744e+00   1.3682456e+01   9.0285548e+00   9.5787293e-01  -1.2398680e-01   3.2314267e-01   1.3187621e-01  -4.5718066e+00   5.1438243e+00   4.0942266e+00  -4.9923006e+00  -5.9512706e+00  -5.3594362e+00  -4.9656091e+00  -4.7170556e+00  -3.8251623e+00  -7.4983058e-01   3.9094839e-02  -1.1569794e-01
   1.0133656e+01   3.5533142e+00   1.8595766e+00   3.9257111e+00   3.8769715e+00   4.1617445e+00   4.4099688e+00   2.8620172e+00   1.0721587e-01  -2.3405774e-01   2.4848746e-01   1.6399123e-01  -4.1837388e-01   8.3025889e-01   5.0367134e-01  -1.7418549e+00  -4.3397390e+00  -4.8479743e+00  -1.8433466e+00   1.4106342e-01  -9.4285852e-01  -1.0841684e+00   2.1545393e-01   3.3294827e-01
   1.0481041e+01   3.2561552e+00   1.1372460e+00   4.0025639e+00   4.5290507e+00   4.9796470e+00   5.4037430e+00   2.3483074e+00  -9.4366509e-01  -9.7555580e-01  -2.0823986e-01   1.7987484e-01  -1.7570247e+00   5.4820670e-01   5.6296323e-01  -5.4380025e-01  -2.3168829e-01  -2.8645258e+00  -2.2437168e+00   1.8204943e+00   1.7360764e+00  -5.2587893e-01   1.8806356e-01   3.7736342e-01
   1.5331420e+01  -1.1616977e+00  -2.2627555e+00   7.6149064e+00   6.4607084e+00   5.0286084e+00   1.0478720e+01   9.7216859e+00   2.4534002e+00  -9.1890509e-01   3.5182689e-01   6.8477825e-01   5.0491951e+00  -5.5670441e+00  -6.1867484e+00   6.5251900e+00   5.9689663e+00   1.4013561e-01   3.7068163e+00   6.3082223e+00   2.0230199e+00  -1.2981641e-01  -1.2177611e-01  -1.7210960e-02
   1.3021959e+01   2.9945990e-01  -1.5143013e+00   7.9253714e+00   7.6860314e+00   3.5739537e+00   7.2825057e+00   8.3294619e+00   2.3888954e+00  -5.7038152e-01   5.5356830e-01   4.3752784e-01   3.5512211e-01  -3.4156206e+00  -2.6445293e+00   4.1416770e+00   4.3568212e+00  -4.9612810e-01  -1.4495446e+00   1.0282018e+00   5.7564676e-01  -3.0424010e-01  -4.8120348e-01  -1.3770194e-01
   1.6436989e+01  -3.3189042e+00  -6.0947723e+00   1.1752092e+01   1.1251931e+01   5.0747946e+00   9.0308119e+00   9.3337734e+00   1.4754655e+00  -6.3136949e-01  -3.1508078e-01   9.3482966e-03  -2.6034114e+00   2.4685992e-01  -7.0257170e-01  -8.2873664e-01   3.7797222e-01  -2.7591262e+00  -6.2848841e+00  -4.1768779e+00  -1.5773242e+00  -7.8414812e-01  -5.7102098e-01  -9.0058693e-02
   1.0460939e+01  -7.8867246e-01  -9.1353954e-01   8.1464865e+00   8.6686714e+00   4.2123618e+00   3.9533799e+00   4.0845663e+00   4.0877239e-01  -1.5756837e+00  -5.9659125e-01   3.1103691e-01  -2.7851860e+00   5.7950087e-01   1.5092734e+00  -2.1568217e+00  -1.7743597e+00  -8.1317449e-01  -1.7402561e+00  -4.5523553e-01   2.5180554e-01  -8.2728781e-01  -4.6125956e-01   2.5903677e-01
   1.2706813e+01  -2.4734164e-01  -3.6169940e+00   6.2612439e+00   6.5363467e+00   5.7071506e-01   2.7159563e+00   5.5788168e+00   1.0774755e+00  -1.5924761e+00   7.0375188e-02   6.1293567e-01  -3.1566095e+00   2.4891774e+00   3.6240350e+00  -2.2275289e+00  -2.1449770e+00  -7.9657829e-01  -6.7711161e-01   7.1575480e-01   1.1777271e+00  -4.3787320e-01   1.9294690e-01   3.1463742e-01
   1.0709268e+01  -3.6707008e-01  -4.8928031e-01   7.4355630e+00   7.3822839e+00   4.6062317e+00   7.8295494e+00   9.5240870e+00   2.9655987e+00  -1.3307599e+00  -3.3104903e-01   5.2428931e-01   3.5165854e+00  -1.1877720e+00  -3.8470982e-01   2.8000648e+00   5.5843837e-01  -1.1583093e+00   1.9896567e+00   3.1093372e+00   1.7992020e+00   8.7435191e-01   7.7487632e-02  -2.3168621e-01
   1.1577910e+01   2.0406065e-01  -8.7084947e-01   8.7662608e+00   8.6776589e+00   3.6829922e+00   6.0770597e+00   7.6876453e+00   1.9636429e+00  -1.4106412e+00  -1.5843154e-01   3.7467822e-01   2.4192591e+00  -2.9948758e+00  -8.8245732e-01   4.2721995e+00   2.3372283e+00  -1.4852621e+00   5.4510255e-01   1.5897662e+00   1.2291715e+00   3.9750190e-01  -3.9271016e-01  -3.5770327e-01
   1.6300268e+01  -2.7960316e+00  -2.8636765e+00   1.1094075e+01   8.4356728e+00   9.1875918e-01   5.2573132e+00   7.6941578e+00   2.6644916e+00  -3.5507334e-01  -3.6595644e-01   8.2636317e-02  -7.9799588e-01  -2.3404804e+00  -1.1697002e+00   2.1304071e+00   1.3983079e+00  -4.0571097e+00  -5.7448918e+00  -2.9640448e+00   5.3580335e-01   8.7073086e-01  -2.9770100e-02  -1.9603095e-01
   1.3540201e+01  -3.5251746e+00  -3.7534818e+00   1.0840287e+01   9.5154948e+00   1.8655812e-01   4.8197282e+00   8.8784307e+00   3.0717863e+00  -1.4840666e+00  -5.0123635e-01   2.9720726e-01  -1.4528779e+00  -1.1458409e+00   5.6456906e-01   6.0305375e-01   5.9801629e-01  -2.7192249e-01  -1.6465427e+00  -2.2106534e-01   7.6819115e-01  -8.3278619e-02  -4.6088225e-01   6.3537786e-02
   8.5311290e+00  -2.0131730e+00  -8.0251436e-01   9.5941605e+00   9.0608278e+00   2.6878430e-01  -1.5912254e-01   4.4826271e+00   3.2152321e+00   1.2049056e-02  -2.0430177e-01   2.6897837e-01  -3.4820158e+00   2.8122582e+00   1.3738758e+00  -3.0698830e+00   2.4095965e+00   6.5922819e+00   6.1838118e-01  -2.1192404e+00  -2.2935812e-01  -1.2767688e-01  -6.7256186e-01  -4.3894153e-02
   1.3283163e+01  -1.9061300e+00  -1.0545770e+00   1.0420799e+01   9.2621059e+00   3.6000959e+00   6.3154636e+00   8.9618127e+00   2.8405594e+00  -1.7191203e+00  -9.3058225e-01   3.7681387e-01  -2.1238106e+00   3.4057317e+00   3.4326317e+00  -3.1208938e+00  -9.6930639e-01   6.2634775e+00   3.7670956e+00  -1.0658959e+00  -1.5580308e+00  -9.7952772e-01  -8.6970630e-01  -1.2013208e-02
   1.1205764e+01   6.1283348e-01  -2.1523153e+00   6.6989949e+00   1.2176762e+01   9.1004132e+00   5.4370173e+00   4.4736062e+00   2.4360679e+00  -4.2906178e-01  -1.1601263e+00  -2.3008217e-02   2.7521700e+00  -2.0739189e+00  -2.9298299e+00   1.5733852e+00   1.7760966e+00   4.3998741e+00   6.3831144e+00   4.1066397e+00  -3.4382693e-01  -1.5614411e+00  -1.1722943e+00  -1.9008371e-01
   9.0171682e+00   2.7041966e-01   2.0703662e+00   7.6065292e+00   6.5035680e+00   5.1659600e+00   7.6723017e+00   7.2840973e+00   1.1243222e+00  -2.7328027e+00  -1.3278835e+00   4.2518074e-01  -1.6560871e+00  -2.3898332e+00  -1.8861289e+00  -7.2903951e-02  -6.6326014e-01  -8.9887743e-01  -4.2356712e-01  -3.5601943e-02   8.7068068e-02  -9.4538692e-02  -4.0863780e-01  -1.5681873e-01
   1.4792382e+01  -6.2123262e+00  -6.7597308e+00   1.3361373e+01   1.3104242e+01   6.0856634e+00   8.7371299e+00   1.1481444e+01   3.5576104e+00  -1.8232713e+00  -1.7640925e+00  -4.0330636e-02   3.3129412e+00  -3.8607783e+00  -1.9728906e+00   2.1451312e+00  -2.0354345e+00  -4.8363635e+00   7.7415693e-01   3.1041587e+00   9.2564376e-01  -1.5257322e-01   5.5674772e-01   2.3118036e-01
   9.0057237e+00  -2.0783000e+00  -1.5800626e+00   6.9802537e+00   7.8034759e+00   3.7591546e+00   4.0300566e+00   5.4044907e+00   2.4103903e+00  -1.1638236e+00  -1.2415558e+00   1.5024699e-01   5.3894739e-01  -8.8672136e-02  -5.0653178e-01  -1.5554225e+00  -3.6294129e-01   1.2370048e-01   2.0291344e-01  -8.5190553e-01   9.2090135e-02   1.0622545e+00   9.3849348e-01   7.5657764e-02
   1.6180898e+01  -4.0039742e+00  -3.2864368e+00   1.0229829e+01   8.4736563e+00   2.5492705e+00   8.4193753e+00   1.0069648e+01   3.1814995e+00  -1.4424112e+00  -3.6816857e-01   4.6122920e-01  -2.5380758e+00   3.8590152e+00   2.8853800e+00  -3.3769772e+00  -6.6819664e-01   4.0093859e-01  -2.2821746e+00  -2.9042713e+00  -6.2369465e-01  -1.3037480e-01   2.8939569e-01   1.7350332e-01
   9.1313312e+00  -9.6676457e-01  -4.2607845e-01   6.8391672e+00   8.2744487e+00   7.1197071e+00   8.1355492e+00   6.7121374e+00   1.4505128e+00  -1.3298511e+00  -6.1810532e-01   2.8788747e-01   1.9730351e+00  -2.0905028e+00  -3.6167496e+00   2.9856141e+00   4.4543429e+00   2.0187108e+00   2.1693668e+00   4.3550629e+00   1.5557336e+00  -1.6544671e+00  -1.2591061e+00  -2.6748224e-01
   1.0922464e+01  -9.7957105e-01  -3.0086529e+00   8.3664506e+00   1.1866460e+01   5.0067951e+00   3.2611217e+00   6.4712141e+00   3.1020071e+00  -1.9358198e+00  -1.6417243e+00   1.5110410e-01   5.6246807e+00  -4.3067602e+00  -4.8132837e+00   3.8016817e+00  -2.4603715e+00  -3.4900386e+00  -1.7456514e+00   1.9665069e+00   1.4774483e+00  -7.5945525e-01  -1.0889550e+00  -5.9836147e-02
   1.4594493e+01  -6.7262557e+00  -7.1440789e+00   1.2390364e+01   1.2788588e+01   5.5584586e+00   9.8632335e+00   1.3736302e+01   4.7837369e+00  -3.3988199e+00  -2.4934371e+00  -9.5913820e-02   1.0615750e+01  -6.5549712e+00  -5.5081311e+00   5.8124076e+00  -2.1396076e+00  -5.1444947e+00   8.9139562e-01   5.4694828e+00   2.4944034e+00   7.0903238e-01   4.9867231e-01   7.7389696e-02
   2.1886338e+01  -7.5843689e+00  -7.1473621e+00   1.3156753e+01   2.5260293e+00  -1.9051631e+00   4.9370561e+00   9.5073257e+00   3.7310598e+00  -1.5471096e+00  -1.0639352e+00   5.6337563e-01   9.0330494e-01   4.8606895e-01   1.5322382e+00  -1.8551512e+00  -3.2170146e+00   2.5599943e+00   5.6222809e+00   1.5980151e+00  -1.2120164e+00   6.5647259e-01   1.0672106e+00  -5.3606420e-03
   1.9573019e+01  -7.4968225e+00  -6.6189205e+00   1.3162627e+01   9.7352527e+00   2.8589442e+00   8.6346755e+00   1.3398306e+01   4.8775916e+00  -4.6065759e-01  -1.5899137e-01   1.9783625e-01  -3.2180207e+00   9.2646613e+00   4.7143460e+00  -9.4236395e+00  -2.8975473e+00   3.7860162e+00   2.1580170e+00  -3.9384654e+00  -3.1793671e+00   1.1148823e+00   1.4578015e+00   2.3149576e-03
   9.7881588e+00   1.3481580e-01  -9.7287476e-01   5.1975923e+00   8.5676061e+00   1.0196544e+01   1.2308822e+01   9.0372346e+00   1.2370551e+00  -2.4201921e+00  -1.2081312e+00  -3.8118993e-03  -7.5008662e+00   8.1113345e+00   2.4536866e+00  -1.0014197e+01   2.7396562e+00   7.7370725e+00   3.2875376e+00  -2.5896501e+00  -2.2912892e+00  -4.1637790e-01  -1.3056999e-01  -4.5903500e-01
   1.5816552e+01   3.3111440e+00  -3.1598036e+00   2.2344856e+00   5.4214790e+00   5.1866295e+00   9.4143761e+00   8.0636492e+00   1.2616887e+00  -1.2899553e+00  -2.3463685e-01   1.9115238e-01   1.5396981e+00   2.3053590e+00  -1.9971277e+00  -3.7463704e+00  -4.5823294e+00  -2.4911709e+00  -2.8721605e+00  -5.5712974e+00  -1.9531884e+00   1.4698908e+00   6.1308937e-01   7.3562573e-02
   1.2513272e+01  -8.2135040e-01  -5.1963906e+00   3.5995289e+00   8.7924006e+00   8.5366030e+00   9.4785121e+00   8.2901789e+00   2.1020775e+00  -1.7570277e+00  -1.2219674e+00  -1.2183494e-01   5.5147708e+00  -4.7903376e+00  -2.8697085e+00   4.2503042e+00  -3.1264717e+00  -5.2798246e+00  -1.7876425e+00   8.9038576e-01   1.7793600e+00   2.2017538e+00   7.5498643e-01   1.8943199e-01
   2.0520009e+01  -3.5607010e+00  -7.5028541e+00   8.3421034e+00   2.7493613e+00  -4.7841836e-02   5.7415897e+00   5.4148875e+00   1.5152979e+00   1.4125964e+00   7.6756080e-01   3.6719163e-01   5.4951653e-01  -4.8729541e+00  -9.3784798e-01   6.7864021e+00   1.1782848e+00  -1.1621339e+00   1.0276116e+00   3.5344646e+00   1.1810028e+00   5.4198227e-01   5.0568354e-02  -6.3135855e-02
   1.5708586e+01  -3.6147681e+00  -3.1059123e+00   8.5192396e+00   5.2139574e+00   4.8940424e+00   1.1463751e+01   1.1697194e+01   3.7792905e+00  -4.6883724e-01  -5.7675037e-01   1.9231646e-01  -2.3731588e+00   1.2821127e+00   4.1213642e+00   1.6820972e+00  -6.5128447e-01  -1.5462411e+00  -1.1690219e-01   1.8802852e+00   7.9019861e-01  -4.9272910e-01  -2.8188752e-01   1.2478959e-01
   1.5043169e+01  -2.6015784e+00  -5.6118147e+00   9.9542333e+00   8.9781277e+00   5.2647089e+00   9.9631739e+00   1.1661839e+01   2.1945863e+00  -1.1210771e+00  -4.8139285e-01  -6.0627100e-02  -8.8060395e+00   2.6010328e+00   5.3466530e+00  -1.4820669e+00   2.9750460e+00   1.2406083e+00  -2.2129083e+00  -3.3666500e-01   4.5754041e-01  -2.2806314e+00  -1.4654373e+00  -1.9140681e-01
   1.1691954e+01   6.2225741e-01   4.0135924e-02   5.3166097e+00   4.7010907e+00   3.5609659e+00   7.1923667e+00   7.9871311e+00   2.9477312e+00  -1.2292846e+00  -1.0203219e+00   2.7925881e-01  -5.3366934e+00   3.8089915e+00   3.0995673e+00  -4.5125888e+00  -1.7873357e+00  -2.5103841e+00  -6.3342050e+00  -4.9549015e+00  -4.3244978e-01  -1.1575521e+00  -1.0976279e+00   3.0659019e-02
   9.3192662e+00  -1.7776645e+00  -1.0558988e+00   7.7203180e+00   7.4683637e+00   2.4796088e+00   4.5579196e+00   6.7649215e+00   2.6173881e+00  -1.6281271e+00  -1.2088094e+00   3.6610238e-02   1.0363298e+00  -2.4867393e-01  -5.0441905e-01  -1.3543385e+00  -1.6377406e+00  -1.6789634e-01   1.1873384e+00   2.9536619e-01   6.1844555e-01  -1.0536104e+00  -1.1893164e+00  -1.3283850e-01
   1.0565498e+01   1.6867623e+00  -7.3451934e-01   2.8673142e+00   3.2878358e+00   2.5210163e+00   4.6650712e+00   6.7133004e+00   2.9192149e+00  -1.9516404e+00  -1.8594840e+00   1.8968632e-01   3.6154929e+00  -2.7772516e+00  -4.6905603e+00   6.4409823e-01   1.8212360e+00   4.5736389e+00   8.1888958e+00   5.8582326e+00   1.0736624e+00  -8.3022110e-01  -9.8747815e-01  -5.7202500e-01
   1.7160892e+01  -3.5068417e+00  -5.9811157e+00   9.1473734e+00   7.2281442e+00   5.5328392e+00   1.3007829e+01   1.2741803e+01   3.1365128e+00  -2.3403147e+00  -1.8457865e+00  -2.1509861e-01   2.5456202e+00   1.8983261e+00  -9.4849663e-01  -3.0477732e+00  -1.5565043e+00   2.3520658e+00   4.0790313e+00   2.4900487e+00   1.0930309e+00   4.9836474e-01  -2.4721210e-01  -3.3891075e-01
   1.3194380e+01  -2.6790314e+00  -4.5330961e+00   5.5692293e+00   7.5530544e+00   8.8948090e+00   1.5250756e+01   1.3786039e+01   4.2986625e+00  -2.1185224e+00  -2.1830506e+00  -4.5292426e-01   3.0616464e+00  -5.4643635e-01  -1.9633262e+00   2.0184972e+00  -3.4682820e+00  -1.9702275e+00  -3.6211131e-02   5.3238985e-01  -4.8353337e-01   9.5987199e-01   5.3598083e-02  -2.9526832e-01
   1.1823255e+01   3.2527215e+00  -5.7935534e-01   1.7977006e+00   3.0009980e+00   2.8208112e+00   5.3836242e+00   6.9636252e+00   3.5672108e+00  -7.9713897e-01  -1.4178443e+00  -1.5045059e-01  -3.4930942e+00   3.6922474e+00   3.2926921e+00  -1.4942567e+00  -2.7741251e+00  -3.5740904e+00  -8.9524697e+00  -7.0050608e+00  -1.0348736e+00   1.6300597e+00   4.9009914e-01   8.7177034e-02
   1.7826786e+01  -2.5126739e+00  -6.3803887e+00   9.5698964e+00   1.9898585e-01   9.2168914e-01   8.4228570e+00   1.0400974e+01   1.9785659e+00  -1.2834203e+00  -1.9930580e+00  -2.8554018e-01  -2.6101795e-01  -3.2492913e-01   7.5751253e-01   4.2991400e+00   2.0868941e+00  -3.4272961e+00  -5.0468698e+00  -2.2906852e+00   8.5742297e-01   1.5046966e+00   6.2043576e-01   2.0725773e-01
   9.6050482e+00   1.9483507e+00  -1.1843128e-01   4.9056548e+00   6.7439908e+00   4.1582635e+00   2.9930740e+00   3.9267445e+00   2.7442507e+00  -3.1277613e-01  -1.2056341e+00  -1.6802510e-01   2.6761807e+00  -2.8368269e+00  -2.4719817e+00   6.0973392e+00   4.0320008e+00  -1.7861780e+00   2.9672709e+00   4.7444820e+00   2.1793087e+00  -1.1989267e-01  -9.9963385e-03   1.0560944e-01
   1.3911957e+01  -2.5142396e+00  -3.6272893e+00   1.0463962e+01   8.8118993e+00   3.0851387e+00   8.8757259e+00   1.1868452e+01   5.9962770e+00  -1.0365891e-01  -1.3585020e+00  -1.3325041e-01  -9.6586154e-01   2.7042047e+00   1.3434763e+00  -1.8598942e+00   2.7721761e+00  -1.3696213e+00  -1.0178162e+00   5.0131927e-01   1.4700637e+00  -2.2077683e-02   3.2241221e-01   1.6297114e-01
   1.7794941e+01  -1.0017360e+00  -5.6638775e+00   1.0496677e+01   4.7425426e+00  -9.4018070e-01   9.6080961e+00   1.3346609e+01   4.8273182e+00  -1.5668587e+00  -1.7501167e+00  -6.8181315e-02   5.2735601e+00   1.4870522e+00  -6.3243092e+00  -1.1397710e+00  -4.7069668e+00  -5.8472697e+00   3.0603065e+00   1.0079247e+00  -1.7758557e+00  -8.1689926e-02   7.2727304e-01   1.3061960e-01
   1.2283047e+01   3.0186765e+00  -1.5924511e+00   3.9845442e+00   5.3579742e+00   1.4164793e+00   3.5886217e+00   6.4430206e+00   3.1421277e+00  -6.8949556e-01  -1.2371983e+00  -9.1005358e-02  -2.0896001e+00   6.0916780e+00   1.9557159e+00  -7.8332081e+00  -7.2017365e+00  -2.9336484e-01  -4.1166008e-02  -4.8963074e+00  -3.7733309e+00  -1.1792198e-01   7.7273654e-01  -1.2636637e-01
   1.8329843e+01   1.4124709e+00  -1.0622314e+01   6.4357073e+00   1.4105031e+00  -3.7783113e+00   1.0227086e+01   8.1513472e+00   1.5075417e+00  -1.4239270e-01  -1.7537637e-01   6.7817768e-03  -3.3000936e+00   3.4837409e+00   3.0947181e+00  -7.3521459e+00  -4.1585545e+00   5.4356742e+00   3.0862041e+00  -1.6769368e+00  -1.6445276e+00   5.2400960e-01   9.2793212e-01  -1.3423633e-01
   1.0510106e+01   5.4161739e+00   1.7855028e+00   7.4463468e-01  -3.2468571e-01   4.0641567e+00   8.5044820e+00   7.1216218e+00   1.9961688e+00  -9.9277486e-01  -9.8676740e-01  -3.6028150e-01   2.3756263e+00   1.6906594e+00   2.9729121e-01  -2.7650351e+00  -1.9886866e+00   3.4623378e+00   3.3048419e+00   2.6245508e+00   4.5585344e-01  -8.1705414e-01   8.0097356e-01   6.7034798e-02
   1.3731271e+01   3.0251266e+00  -2.7107774e+00   1.0884125e+00   1.3460408e+00   5.8894919e+00   1.1779472e+01   1.0491904e+01   2.9335062e+00  -6.2920462e-01  -4.8343401e-01  -1.3489774e-01  -3.0573567e+00   1.1318417e+00   5.6625609e+00  -8.2304041e-01   2.3631268e+00   4.4329423e+00  -3.5885304e+00  -1.0496178e+00   6.0169087e-01  -3.7965878e-01   4.3368801e-01   2.6335642e-01
   1.8145772e+01   4.7483378e+00  -5.1022827e+00   2.5106389e+00   2.4071754e+00   1.7760844e+00   7.7696915e+00   9.2095686e+00   3.1129256e+00  -1.6716708e+00   1.1829084e-01   8.0386598e-02  -6.8204358e-01  -4.3128624e+00  -2.8375313e+00   3.8288117e+00   4.6007864e+00   2.9048299e-01  -1.1944923e+00   1.1363141e+00   6.8770801e-01   4.8002571e-01   1.1710822e-01   5.0516702e-01
   9.9259747e+00   3.4441515e+00   1.3154199e+00   4.3181445e+00   3.5892627e+00   4.0151384e+00   5.2116856e+00   5.5329471e+00   1.8516996e+00  -3.7243289e-01  -7.7373480e-02   1.8148235e-01  -1.6284946e+00  -2.0925794e+00   1.0326709e+00   3.4223627e+00   1.6253946e+00  -2.8205232e+00  -3.9662372e+00  -1.7272439e+00   3.4023938e-01   9.7279675e-01  -5.8081099e-01   9.1089788e-02
   1.1389688e+01  -1.2626321e+00  -4.4838928e+00   4.8729862e+00   5.4548829e+00   5.4370580e+00   9.9966369e+00   1.1305571e+01   3.5686341e+00  -4.0112216e-01  -1.0141353e+00   2.3927899e-01  -5.3709489e-01  -4.1358611e+00  -1.1556278e+00   1.6017632e+00  -1.1170074e+00  -9.1252410e-01   7.3804994e-01   2.0982042e+00   5.1089638e-01   1.6772132e+00  -8.6938877e-01  -1.5511283e-01
   1.4666571e+01   2.8917426e+00  -1.4709659e+00   5.0407828e+00   2.2602790e+00  -1.7177969e-01   4.7166437e+00   6.8530365e+00   3.2160110e+00   1.9471619e-01  -7.8843741e-01  -7.7709252e-02   3.5427246e+00  -3.0197836e-01  -3.5664290e+00  -2.3301964e+00  -2.6610064e+00  -2.2796088e+00   1.7441216e+00   2.5361189e+00   9.0984562e-01   1.4013152e-01  -4.3346529e-01  -2.5180277e-01
   1.4969832e+01  -1.1792493e+00  -5.4425315e+00   4.5519646e+00   1.3961561e+00   2.5007573e+00   9.1242874e+00   1.1696830e+01   3.1971145e+00   5.6057443e-01  -8.3026035e-01  -2.2686845e-02   3.0565463e+00   2.1681979e+00  -2.4948927e+00  -2.4960691e+00  -4.7217550e+00  -1.6112883e+00   1.5299708e+00  -8.5446399e-01  -4.4225157e-01  -3.2722786e-01   3.0423759e-01  -1.3093054e-01
   1.3449990e+01   2.9494926e+00  -3.5549043e+00   9.8336075e-01   1.6271165e+00   2.0638755e+00   8.2640428e+00   9.1414960e+00   3.4022279e+00  -6.4308390e-01  -8.1950890e-01  -6.5238883e-02   1.6010111e+00   3.1593932e-01  -4.9123528e+00  -1.3578069e+00  -2.3403208e+00   2.6081709e+00   3.7278497e+00  -9.1382237e-01  -1.0301590e+00  -1.2174660e+00   1.3308354e-01   3.4064289e-02
   1.6582799e+01   1.9607897e+00  -7.1842626e+00   3.1575936e+00  -1.3111684e+00   1.9022978e+00   1.0517894e+01   8.8796454e+00   2.8121483e+00  -4.7306390e-01  -5.4224320e-01   3.6647996e-02  -4.0651154e-01   2.1508754e+00  -2.3294026e-01  -1.0300450e+00   4.5145448e-01   2.2421348e+00  -1.8349571e+00  -4.0095219e+00  -1.1868529e+00  -9.0537739e-01  -2.1261375e-01   5.4431901e-03
   1.6261605e+01   1.7956320e+00  -7.9686295e+00   3.7012579e+00   1.0346005e-01   4.0397063e+00   9.6116151e+00   6.8908953e+00   1.8632556e+00  -1.1146636e+00  -7.3282067e-01  -5.6280238e-02  -4.2006044e+00  -2.7215551e+00   1.5907161e+00   7.5420149e-01   3.1709709e+00   4.3086161e+00  -1.1491699e+00  -2.4278639e+00  -2.4205411e+00  -1.3101373e+00  -4.5327267e-01  -8.1753756e-02
   1.2954257e+01   2.6239940e+00  -3.5850792e+00   1.6479485e+00   2.8351661e+00   4.8760441e+00   5.6980655e+00   6.8078477e+00   2.1863213e+00  -5.6170179e-01  -1.1925251e+00  -1.9001382e-02  -6.2589042e+00  -1.7451582e+00   5.5569095e+00   7.0434359e-01   5.5247679e+00   3.1261233e+00  -6.5366939e-01  -8.0122795e-01  -1.1666865e+00  -1.9389833e+00  -8.8430883e-01  -1.3891783e-02
   8.9633540e+00  -1.4644422e+00  -2.9684217e+00   2.8694856e+00   4.3104057e+00   7.0399266e+00   8.9502020e+00   6.5355991e+00   8.4329661e-02  -2.5639710e+00  -1.1742770e+00  -1.6004483e-01  -2.8820098e+00  -1.8874207e+00   2.4220485e+00   2.6846669e+00   4.0660526e+00   9.2320414e-01   1.2206441e+00   1.4617877e+00  -9.7785353e-02  -1.1900659e+00  -1.8525652e-01  -1.2186584e-01
   1.0843568e+01   9.7308956e-01  -1.3490022e+00   4.6299952e+00   4.8725107e+00   5.0913727e+00   9.8680960e+00   7.8554516e+00   1.9515816e+00  -2.6568851e+00  -1.6479783e+00   6.7692617e-02   8.7379345e-01   8.2203240e-01   1.3512899e+00   2.4135245e+00   5.3218172e-01  -2.4276361e+00   3.3182504e+00   2.7918477e+00   4.0236258e-01  -1.4938998e+00   3.2834613e-01  -1.0603411e-01
   1.2993935e+01  -2.1004679e-01  -5.4535953e+00   6.2372349e+00   5.1838667e+00   5.3168482e+00   9.3575661e+00   8.5597748e+00   1.8339474e+00  -1.8521709e+00  -7.8297885e-01  -2.8242599e-01   2.2753129e+00   3.0877004e+00   1.8886020e+00  -1.2111018e+00  -1.6034035e+00  -3.2353142e+00   3.4336652e-01   3.1026864e+00   2.3085562e+00   5.7673659e-01  -5.9145350e-03   2.0517766e-01
   1.2249657e+01   3.2298449e+00  -3.1555766e-01   3.5843605e+00   3.1967081e+00   2.0961291e+00   1.0471759e+01   9.9835314e+00   1.9150563e+00  -3.1584515e+00  -8.9565496e-01  -1.1686196e-01   4.2136747e-02   9.2784757e-01   9.8432439e-01  -1.7800030e+00   3.0017450e-01  -3.0587331e-01  -1.3735314e+00   6.6179589e-01   8.7079736e-01   6.5313514e-01  -1.6621359e-01  -2.3647833e-02
