   2.1075994e+01  -2.0483517e+01  -1.2699848e+01   1.3939770e+01  -1.1494829e+01  -3.2275197e+00   1.7022583e+01   2.9469718e+00   1.4745243e+00   6.8935179e+00   4.5016465e-01  -3.7642690e-01  -9.1597535e-01   2.0462146e+00  -9.8969260e-01   2.7347439e+00   5.4134937e+00   2.7937258e-01  -1.2022540e+00   2.9594349e+00   1.4562720e+00   6.0926464e-02   4.3678443e-01   5.7443405e-01
   2.0544657e+01  -2.2199266e+01  -1.5644873e+01   8.8053129e+00  -1.4731983e+01  -3.8116314e+00   1.4083991e+01   1.1185619e+00   1.0929864e+00   6.5128404e+00   9.5226608e-01  -4.0566034e-02   7.8325929e-01   5.1343142e+00   2.2204378e+00   2.2250365e+00   5.8278989e+00   3.4964348e+00   4.0156470e-01   4.0239396e+00   1.2374377e+00  -1.2984145e+00   9.8336602e-01   4.7302470e-01
   2.2090484e+01  -1.8316892e+01  -1.4191672e+01   1.2162292e+01  -8.0644284e+00  -3.1007984e+00   1.5614049e+01   4.1191376e+00  -1.5941547e+00   5.7132431e+00   1.7524455e+00   4.0889741e-01   1.8211115e+00   8.8757448e+00   5.7425456e+00   1.6589647e+00   8.7048013e+00   3.0714464e+00   6.4949998e-01   5.9968814e+00   6.7949282e-01  -2.3260457e+00   2.1821593e+00   8.7477003e-01
   2.2884624e+01  -1.4102442e+01  -7.8409729e+00   1.4307092e+01  -6.0004096e+00   7.9866610e-01   1.9056682e+01   5.7445791e+00   1.2069434e+00   5.3323711e+00   2.3724982e+00   2.3243422e-01   3.1574566e+00   1.0041032e+01   8.3047921e+00   3.5385768e+00   8.6330095e+00   1.2434620e+00  -4.3286725e-01   3.9256752e+00   5.7343151e-01  -2.0214636e+00   2.9974223e-01   2.0032097e-01
   2.2637677e+01  -1.1218312e+01  -7.9879799e+00   1.3677327e+01  -2.8034138e+00  -9.2549881e-01   1.5510488e+01   9.6292853e+00   2.4367850e+00   3.9946839e+00   3.0132874e+00   7.9922802e-01   5.3070518e+00   8.7174843e+00   5.0475097e+00   9.6188302e-01   1.8189069e+00   7.2825778e-01  -3.4104952e+00   1.6714632e-01   3.0458011e+00  -4.3303771e-01  -6.5730363e-01  -5.1043219e-01
   2.5007245e+01  -1.0687008e+01  -6.2895311e+00   1.3355660e+01  -4.4129759e+00  -3.0340882e+00   1.3486471e+01   4.2520008e+00  -6.2336207e-02   4.3399245e+00   7.7145846e-01   6.4750123e-02   4.9136276e+00   6.2245014e+00   3.0319728e+00   1.8081850e+00   3.1303552e-02  -2.3589662e+00  -4.3939555e+00   2.5793723e-01   3.0193272e+00   1.5780539e+00  -6.5626231e-01  -5.1506282e-01
   2.8989751e+01  -6.9483826e+00  -7.3961280e+00   1.4080832e+01  -6.1297848e+00  -9.2034529e-02   1.3283412e+01   5.1161462e+00   3.6091867e+00   5.5599098e+00   1.5670099e+00  -2.7290882e-01   3.8339585e+00   2.7639608e+00  -1.2349751e-01   3.9596961e-01   7.1686604e-02  -6.3998800e-02  -2.1186427e+00  -2.3685149e+00   1.9673391e+00   2.6939077e+00  -9.2873904e-01  -6.7052430e-01
   2.7079029e+01  -6.9006549e+00  -3.5889396e+00   1.6817617e+01  -4.2902687e+00  -3.1565153e+00   1.3579287e+01   8.3880545e+00   5.1497333e+00   6.9168390e+00   2.1112435e+00  -4.0915860e-03   4.1407525e-01   1.1899201e-01  -3.1434632e+00  -6.7844853e-01   1.5031797e+00   2.5271713e+00  -1.3340253e+00   1.3662593e+00   1.7047501e+00   2.1196819e+00   9.0819757e-01  -6.9522530e-02
   2.7352723e+01  -8.9655473e+00  -9.5235219e+00   1.2540303e+01  -2.7572375e+00  -9.6028349e-01   1.2286116e+01   4.0084861e+00   2.7817589e+00   6.7470881e+00   9.5028634e-01  -1.7213758e-01   2.0543875e-01   1.4314173e+00  -3.1181868e-01  -9.0266721e-01  -2.1739446e+00  -1.9185857e+00  -4.0276825e+00   3.7855624e-01  -7.9720484e-01  -1.9432211e-01   3.0677935e-01  -1.2508541e-01
   2.6446872e+01  -9.4999379e+00  -9.9410290e+00   1.3108252e+01  -3.8444801e+00   1.1907933e+00   1.1984081e+01   6.8552198e+00   2.9085028e+00   6.9258582e+00   2.4421166e+00  -8.9919294e-02   2.8905423e+00   4.1991603e+00   3.1654458e+00  -1.4360758e+00  -7.1827609e+00  -2.1997551e+00  -1.5335488e+00  -2.1751204e+00   6.4767584e-01   6.8106202e-01   2.1117770e-01  -2.9327310e-01
   2.9613988e+01  -3.5016152e+00  -4.6878113e+00   1.4581514e+01  -9.6135961e+00  -5.1435673e+00   8.0394913e+00   6.4503979e+00   3.5339947e+00   5.2639170e+00   1.8617424e+00  -4.1762308e-01   1.5025993e+00   4.5390207e+00   9.2465732e+00   2.2092833e+00  -6.4406210e+00  -3.0587575e+00  -9.1833151e-01  -2.3564838e+00   2.4824520e+00   2.2393522e+00   1.1453787e+00   2.9436148e-02
   3.0284210e+01  -3.3338805e+00  -1.2586262e+00   1.3642898e+01  -1.1636231e+01  -4.3645060e+00   1.3402276e+01   3.9044180e+00   5.7451292e+00   8.6800176e+00   1.9722820e+00  -3.2125848e-01   9.1597805e-01  -8.8235632e-01   5.0640124e+00   2.3201135e+00  -1.1104496e+00   1.5775183e+00   2.5522214e+00  -5.9508680e+00  -2.4419020e+00   9.2922168e-01  -6.0425318e-01  -3.6759398e-02
   2.7687953e+01  -5.2400450e+00   5.1364874e-03   1.5586905e+01  -8.5222936e+00  -2.7707702e+00   1.0199521e+01   1.9491613e+00   5.0871237e+00   9.2290367e+00   2.9032716e+00  -1.2313766e-02  -1.8236893e+00  -7.4168047e+00  -6.3537491e-01   3.4420085e+00   7.3263209e+00   1.0538949e+01   6.5494520e+00  -4.8193571e+00  -5.4196526e+00  -3.3959093e-01  -1.3114581e+00  -1.4298542e-01
   2.8783856e+01  -9.9542575e+00  -4.6914843e+00   1.6085727e+01  -6.0558057e+00   2.3706722e+00   1.4732399e+01   1.7953612e-01  -1.5309146e+00   6.3371308e+00   1.0149722e+00  -3.4771305e-01   8.6373050e-01  -3.6470287e+00  -4.1999020e+00  -3.8866750e-01   5.4511022e+00   6.2209751e+00   1.7921223e+00  -4.6818217e+00  -5.5837895e+00  -1.7051756e+00  -1.8111256e+00  -3.4423434e-01
   2.7628631e+01  -1.1316634e+01  -3.9244446e+00   1.8523112e+01  -1.4143273e+00   7.2972669e+00   1.7198608e+01   1.0838032e+00  -9.5746228e-01   5.9259740e+00   3.7321021e-01  -6.1887392e-01   5.0749893e+00   2.1031822e+00  -6.6773631e+00  -4.1447407e+00   2.2459999e+00   1.4033180e+00   4.2612972e-01  -2.7659577e+00  -1.3914126e+00   3.7760024e-01  -1.0766966e+00  -4.0568265e-01
   3.1609467e+01  -5.7661292e+00  -5.5936887e+00   1.1591793e+01  -7.0135606e+00  -6.7061877e-02   1.2590916e+01  -2.6856355e+00   3.9173788e-01   7.7737855e+00   5.2062432e-01  -5.3432991e-01   3.2462208e+00   7.2748852e+00  -4.4622279e+00  -3.8975171e+00   4.2627812e+00  -5.6640985e+00  -6.7923838e+00   9.3252096e-01   3.0891969e+00   2.1281134e+00   1.9583731e+00   3.3022553e-01
   3.3887632e+01  -4.1793357e+00  -9.5598060e+00   1.1616761e+01  -4.6744162e+00   5.5307387e-01   1.1909457e+01  -7.6718940e-01   2.0386786e+00   9.0771097e+00   1.5354006e+00  -5.2752931e-01   1.2941179e+00   7.1015386e+00  -4.3286823e+00  -5.6131007e+00   2.9164332e+00  -7.0138209e+00  -6.4333617e+00   3.3619001e+00   6.0826308e-01  -4.5563550e-01   2.0263652e+00   4.9450360e-01
   3.0523687e+01  -2.6105788e+00  -8.5671455e+00   1.3692627e+01   1.9684106e+00  -2.7533790e+00   7.1883982e+00   2.5038139e+00   1.6048103e+00   7.9537331e+00   3.3714367e+00   1.0195294e-01  -1.1202135e+00   2.0221313e+00  -1.2532009e+00  -3.3783393e+00   2.0215134e+00  -6.3217080e-01  -3.3028079e-01   5.0093387e+00  -3.1498571e-01  -2.8722388e+00   5.5695183e-01   3.9416360e-01
   3.0112697e+01  -2.2421012e+00  -8.9307397e+00   9.0530444e+00  -1.5306631e+00  -1.8803058e+00   1.0249824e+01   3.5319287e+00  -6.5160386e-01   5.1525470e+00   1.9873517e+00  -1.9525994e-01  -1.8773267e+00   1.3235290e+00   1.9931132e+00  -2.1547305e+00  -1.7952847e+00   2.9359458e-01  -8.9599522e-02   1.3532622e+00  -1.4048510e+00  -4.2654514e+00  -9.8647002e-01   1.1045462e-01
   3.1816614e+01  -3.7015495e+00  -7.7880232e+00   7.8061426e+00  -5.5531670e+00   2.0137179e-01   1.2925311e+01   2.6788135e+00   1.2644005e+00   5.4277087e+00   1.1300765e+00  -1.0921919e-01   2.3651437e+00  -9.2779449e-01   2.0360552e+00  -9.6720576e-01  -4.0206426e+00   4.0013436e+00   2.2191725e+00  -2.2327020e+00  -1.1254551e+00  -1.5334916e+00  -1.5290611e+00  -2.2632445e-01
   3.0425178e+01  -1.6485569e+00  -6.9596974e+00   1.1327907e+01  -3.6065543e+00  -4.8390966e-01   8.9066013e+00   1.1752040e+00   1.0160702e-01   3.9419448e+00   1.1763757e+00  -2.5626131e-01   1.4477509e+00  -1.0032675e+00   2.2461567e+00   4.5462295e+00   2.9759923e+00   1.7580501e+00  -6.4037848e-01  -2.8327721e+00   1.3272849e-01   1.4913626e+00   4.0694578e-01   2.8455104e-01
   3.3915162e+01  -4.2990427e+00  -6.4985838e+00   1.1104387e+01  -3.0246076e+00   2.5504383e+00   1.1188768e+01   3.3312323e-01  -4.5997783e-01   6.2587968e+00   1.4833331e+00  -2.0703305e-01  -1.7740428e+00  -2.4262633e-01   2.0326091e+00   7.0966751e+00   6.6352771e+00  -1.1503373e+00  -3.4380265e+00  -1.3279478e+00  -1.0972683e+00   1.1368024e+00   1.1147330e+00   3.4052497e-01
   3.1235050e+01  -3.4482559e+00  -6.2062244e+00   1.4223267e+01   1.6690457e+00  -4.1776399e-01   1.0157528e+01   4.5561572e-01   4.0967806e-01   6.9740469e+00   2.4211421e+00   2.8047355e-01  -8.4321896e-01  -7.1471548e-01   1.0183007e-01   7.5558747e-01   1.0708157e+00   7.5102186e-01   1.0174458e+00  -8.9650108e-01  -1.6213037e+00   2.1734421e-01   5.2803139e-01  -7.7898082e-02
   2.8750614e+01  -3.1656395e+00  -5.1158460e+00   1.7003476e+01   1.7619486e+00  -1.5572070e+00   7.1428081e+00   1.0466859e+00  -5.3553742e-01   5.6168612e+00   2.1797928e+00   1.3320083e-01  -2.7866914e+00  -2.2571301e-01  -5.3448242e-01  -1.6154937e+00  -2.7295868e+00  -1.1278439e-02   1.3034014e+00  -4.3874346e-01  -1.7459297e+00  -2.4420759e+00   3.5477513e-01  -1.2304144e-01
   3.1742624e+01  -3.2873317e+00  -7.4983212e+00   9.5117440e+00  -4.3936090e+00   2.6964458e+00   1.2455750e+01  -5.2632894e-01  -2.2925687e+00   4.5889289e+00   1.6201929e+00  -5.4322537e-01   1.8656797e+00   5.3368477e-01  -1.1652407e+00  -4.1545641e+00  -3.7223034e+00   2.6756206e+00   3.5062972e+00   5.1268891e-01  -1.7496796e+00  -2.5433706e+00  -1.6791251e-01  -5.1935861e-01
   2.9481338e+01  -4.7180743e+00  -6.6542590e+00   1.1036907e+01  -4.0876605e+00   9.7641578e-01   1.1994759e+01   1.6598036e-01  -1.7277490e+00   3.7882419e+00   2.4159704e+00   2.0254249e-02   3.3952385e+00   1.2642076e+00  -1.5927754e+00  -2.3602944e+00  -6.8786331e-02   4.7736364e+00   3.4324582e+00  -4.6954506e-02   2.0877292e-01   3.2056085e-01  -4.0122129e-02  -2.3944620e-01
   3.3668207e+01  -1.8715114e+00  -7.1848789e+00   1.0974704e+01  -9.8960478e-01   2.3288556e+00   1.2990998e+01   1.6650019e+00  -1.6187355e+00   4.0733007e+00   2.0511845e+00  -4.4209109e-01  -5.8108828e-01   2.2840663e+00   1.7914169e+00   3.8930994e+00   5.4937055e+00   1.8128804e+00  -1.2463141e+00  -1.6301174e+00   9.5522967e-01   2.1189493e+00  -4.9002022e-01   1.1942013e-01
   3.2880680e+01  -1.9772383e+00  -7.6617303e+00   1.2731554e+01  -4.3232967e-02   5.7870427e+00   1.2023871e+01  -1.1941123e-01  -5.5929463e-01   6.3555166e+00   1.9041138e+00  -2.7653562e-01  -2.0852715e+00   3.8284486e+00   2.4363057e+00   2.4473986e+00   3.0893369e+00   4.3457616e-01  -8.0892848e-01  -3.1946354e+00   1.2916606e+00   1.2808932e+00  -1.1483024e+00  -6.0940328e-02
   2.9171320e+01  -1.2316503e+00  -4.3074602e+00   1.4504070e+01   1.8247355e+00   3.0104529e+00   1.0571723e+01  -2.8288093e+00  -1.4439514e+00   6.4837154e+00   1.1410909e+00  -2.1570024e-01  -5.0612612e+00   6.5375413e-01   1.7900563e+00   2.8820860e+00   6.1288201e-01  -2.6385397e+00  -2.6154912e+00  -4.5824014e+00   9.5247432e-02  -3.8640542e-02  -8.3994764e-01   2.6258277e-01
   2.8601874e+01   7.0466802e-01  -4.4385098e+00   1.2943323e+01  -8.6082531e-01   1.2874814e+00   1.1991004e+01  -2.3790671e+00   1.2234977e-01   4.5043744e+00   1.1485636e+00  -1.8435166e-01  -2.0094008e+00   1.6047464e+00  -4.0733998e-01   7.9345156e-01   2.3397643e-02  -3.7490420e+00  -1.6019579e+00  -3.0553916e-01  -8.4766385e-01  -1.9825737e+00  -5.8517917e-01   6.6093469e-02
   2.8215718e+01  -2.2318333e+00  -6.1114047e+00   1.5191949e+01   3.3851441e-01   6.2082670e-01   9.0841950e+00  -4.0787724e+00  -1.8166866e+00   4.9409110e+00   1.1690382e+00  -9.4308909e-02   3.2071062e+00   5.5428057e-01  -3.2241373e+00  -1.7139141e+00   9.3754069e-02  -2.2643485e-01   7.9454079e-03   3.0153681e+00  -1.7712565e+00  -9.6128409e-01   4.5126944e-01  -1.6421569e-01
   3.0344380e+01   9.2997288e-01  -7.3707680e+00   1.3577792e+01   7.3497402e-01   1.3582928e+00   1.0364698e+01   4.7261553e-02  -1.6444228e+00   4.1530583e+00   1.0123714e+00  -2.3809108e-01   3.6326241e+00  -3.9488720e-01  -2.3955570e+00  -1.8442499e+00   2.9727036e+00   7.0469156e-01   1.9362564e-01   2.5073759e+00  -1.9767464e+00   6.3708222e-01   4.8230086e-01  -1.3586204e-02
   3.3110727e+01  -5.1288188e-01  -7.6775370e+00   1.1615964e+01   1.1674669e+00   2.6353949e+00   1.1396794e+01   4.8107854e-01  -3.2174498e+00   5.2174474e+00   1.8860912e+00  -4.3515406e-01   1.1657879e+00   1.8216560e+00   4.6153341e-01   5.1358912e-01   2.2373793e+00  -1.6447428e+00  -6.5326775e-01   2.2853724e+00  -1.2993574e+00   1.9754182e-01   5.7393737e-01  -3.8037828e-02
   3.1603306e+01  -7.4713850e-01  -7.2487790e+00   1.1964940e+01   3.1837538e+00   1.3372346e+00   1.1125143e+01  -8.9792866e-01  -2.1423883e+00   5.3217296e+00   1.5134884e+00  -3.4308395e-02  -3.8616634e+00  -4.6214810e-01   5.4789896e+00   3.4968148e+00  -3.0926243e+00  -6.3934646e+00  -4.9502314e+00  -1.5111562e+00  -1.0413633e+00  -3.3487824e-01   4.9594545e-01   2.2480298e-02
   2.9334937e+01   1.3392063e+00  -5.4800991e+00   1.6768758e+01   2.4701934e+00  -1.8357585e+00   7.7240710e+00  -1.7811862e-01  -3.5167400e+00   4.6528881e+00   1.7793857e+00  -2.5325700e-01  -6.7718845e+00  -1.6587340e-01   5.7678677e+00   3.2590471e+00  -5.1739611e+00  -5.7385727e+00  -5.2691744e+00  -3.2653270e+00   5.7173149e-01  -5.0411516e-02   6.5970666e-01   2.7662834e-01
   2.6439779e+01  -6.8929337e-01  -2.5100257e-01   1.6246617e+01  -4.5553257e+00  -5.9963273e+00   4.7757128e+00  -1.8898742e+00  -3.0568227e+00   3.9330206e+00   1.8096423e+00  -2.9531917e-01  -9.8788731e-01  -8.3909465e-01   7.8943813e-01  -1.7617797e-01  -3.7528915e+00   2.2747199e+00  -2.0893007e+00  -1.5419109e+00  -1.8562743e-01   3.0293301e-01  -4.7235731e-01  -2.8154088e-01
   2.5534663e+01  -7.9061454e-01  -2.5246238e+00   1.4363697e+01  -2.7239349e+00  -2.3056832e+00   6.6677475e+00  -3.9209393e+00  -1.9026354e+00   5.8361846e+00   2.7275742e+00   1.1029384e-01   4.4157903e+00  -2.9866271e+00  -2.7243762e+00  -4.3413139e+00  -1.0413627e+00   1.0408511e+01   1.7315706e+00  -9.2553851e-01  -1.6401587e-01   1.4718190e+00  -1.1023572e+00  -3.7936955e-01
   3.2021612e+01  -9.4087005e-01  -7.5423595e+00   1.2903204e+01   1.5148071e-01   4.9842768e+00   8.5193540e+00  -1.3393847e+00  -3.2278817e+00   5.1844808e+00   3.3085820e-01  -6.3839513e-01   5.6543871e+00  -7.3745195e-01  -6.0218189e+00  -3.8563276e+00   6.9716386e+00   7.9285285e+00   2.3274929e+00   1.7528902e+00  -2.6087687e-01  -7.1732154e-02  -6.6828005e-01  -1.9114021e-01
   3.3167706e+01  -3.0149460e+00  -5.9209849e+00   1.1928494e+01  -1.4452539e+00   8.2867054e+00   8.4496063e+00  -1.8416711e+00  -3.6772343e+00   6.2348865e+00   8.6524206e-01  -6.5077335e-01   2.5853379e+00   8.8647716e-01  -4.4501926e+00  -1.3856534e+00   6.0794447e+00  -1.4168925e+00  -8.3564376e-01   1.6847798e+00  -8.2859114e-01  -3.9664179e+00  -1.5429388e-01  -1.1706300e-01
   3.1104839e+01  -6.8330556e-01  -7.5855505e+00   1.1679727e+01   5.2627917e+00   6.0027105e-01   7.3760227e+00  -3.0017297e-01  -2.5608385e+00   3.6260714e+00   1.7383883e+00  -2.0149589e-01  -2.5568754e+00   1.6791052e+00  -3.3622718e+00  -3.3076027e+00   1.7055639e+00  -7.2177772e+00  -3.3361655e+00  -3.1238977e+00  -6.5111902e-01  -3.8124299e+00   1.4031847e+00   3.0728990e-01
   2.9871057e+01   4.1031895e-01  -9.1783172e+00   1.2896955e+01   3.8395767e+00  -2.2390190e+00   5.9859475e+00  -1.9133754e+00  -3.4790437e+00   6.6576239e-01   1.7923683e+00  -2.8375028e-01  -2.4884833e+00   1.2442459e+00  -2.4617429e+00  -2.6425618e+00   2.8107507e-01  -3.6289633e+00  -1.7002462e+00  -3.7134524e+00   4.6860459e-02  -2.5283255e+00   6.2006988e-01   5.9992102e-02
   2.9834624e+01  -1.3484475e-01  -1.0957101e+01   7.4575692e+00   6.7411255e-02  -5.7952673e-01   4.7469351e+00  -5.9893791e+00  -4.3036556e+00   2.2503980e+00   1.9720721e+00  -3.6097180e-01   1.9658204e+00  -8.7718784e-01   4.8049775e-01  -7.8510558e-01  -2.8376967e+00   4.1481590e+00   2.4896041e+00  -2.1252879e+00  -1.5770177e+00   1.6676872e+00  -8.6448674e-01  -3.2678294e-01
   3.0070089e+01  -1.4228076e+00  -7.9278240e+00   1.0075730e+01   1.5740490e+00   3.4331593e+00   7.2137808e+00  -4.5672467e+00  -2.7355351e+00   3.1302350e+00   1.6785050e+00  -4.8104724e-01   3.4980008e+00  -9.0219345e-01   1.6536063e+00  -1.0643083e-02   2.8814231e+00   4.0113105e+00   5.4433494e+00  -2.5445543e-01  -9.1637470e-01   2.5961371e+00  -8.9110360e-01  -3.5554699e-01
   3.3954053e+01  -1.0825240e+00  -7.4900504e+00   1.1912681e+01   2.1390105e+00   3.9864204e+00   1.0496512e+01  -2.1611692e+00  -5.2981193e+00   4.8953658e+00   4.9858985e-01  -5.9302183e-01   1.2785110e+00   8.8616031e-01   1.4311227e+00   2.9870956e+00   7.5758585e+00   2.4121222e+00   3.9519394e+00   2.6415017e+00  -1.9834869e-01  -3.9001202e-01  -5.0885410e-01  -2.0265071e-01
   3.3058343e+01  -4.6913158e-01  -8.4314330e+00   1.0653435e+01   7.1259118e+00   1.4949731e+00   1.1276183e+01  -4.2091635e+00  -4.3563739e+00   3.2374842e+00   1.1924541e+00  -7.0104576e-01  -1.2905075e+00  -9.3846281e-02   9.3033660e-01  -1.5604205e+00  -8.0800454e-02  -1.4486962e+00   5.1687980e-01   7.1663911e-01  -2.1948648e+00  -2.0775831e+00  -8.0038033e-01   1.0177449e-01
   3.0258263e+01   7.1755772e-01  -8.5586125e+00   1.1649360e+01   8.6552676e+00   4.0077497e+00   8.6436431e+00  -2.2061681e+00  -3.7907592e+00   1.6117554e+00   1.4518164e+00  -5.5494861e-01  -4.4347392e+00  -1.5846386e+00   1.0011273e+00  -2.6104874e+00  -5.6231201e+00  -1.7012276e+00  -1.4717664e+00  -1.4000345e+00  -8.6779309e-01  -2.9956264e+00  -3.7054075e-01   5.5103724e-01
   2.9982223e+01  -2.4636179e+00  -5.9980381e+00   7.8667596e+00  -1.8052803e+00   1.2494503e+00   8.9155351e+00  -3.4697886e+00  -6.7815123e+00   1.6556655e+00   1.3212199e-03  -3.4742211e-01  -2.2373330e+00   1.3230230e-01   1.7680338e+00   1.0226767e+00  -5.7248085e+00  -1.0999463e+00   1.2636689e+00   2.2240973e-01  -9.8340932e-03  -8.2692692e-01  -4.0622292e-01   3.9282790e-01
   2.8840005e+01  -2.4622388e+00  -7.2050569e+00   9.3902874e+00  -1.8300736e+00   1.5573403e+00   9.4691865e+00  -4.6309083e+00  -5.3872397e+00   1.1928355e+00   5.3834515e-01   5.6722202e-02   2.3054862e+00   5.3935862e-01   1.8905936e+00   4.2121750e+00  -2.1595825e+00   3.8122678e-01   3.2223764e+00   4.1769997e-01   1.0562926e+00   1.6397928e+00  -2.3031160e-01  -2.0806953e-01
   3.0411473e+01   1.3192201e+00  -6.4561601e+00   1.3316986e+01   3.7813696e+00   1.0702584e+00   1.2758915e+01  -2.6631788e+00  -3.5728847e+00   2.2065537e+00   1.0398553e+00  -4.1763931e-01   1.8066837e+00   2.3377780e+00   1.0132082e+00   5.9609547e+00   6.3882644e+00   4.4335079e+00   1.0155758e+00   9.5548552e-01   2.3824208e+00   8.4399346e-01   3.2827052e-01  -7.3616697e-01
   3.3501867e+01  -3.6482335e-01  -5.4936610e+00   1.5242509e+01   2.6225690e+00   4.6691858e+00   1.1555518e+01  -1.9829230e+00  -3.8106341e+00   3.7960005e+00   5.8708194e-01  -8.3194429e-01   4.5924589e-02   2.9611877e+00   2.4308562e+00   1.6873394e+00   4.9479200e+00   5.4607714e+00  -1.4640844e+00   2.1644710e-01   5.1815679e-01   4.5789900e-01  -4.5743573e-01  -8.5657826e-01
   3.0361317e+01  -5.6586186e-03  -5.3339238e+00   1.3882081e+01   5.5507950e+00   6.3437895e+00   9.3957330e+00  -3.3605529e+00  -3.9961839e+00   1.6200732e+00   4.6935860e-01  -1.0073393e+00  -2.0718728e+00   2.0705439e+00   4.7756995e-01  -3.9677961e+00  -1.4524424e+00   3.2994180e+00  -1.9739833e+00   5.8251209e-01  -1.5331291e+00  -1.8117792e+00  -1.4643680e+00  -4.9475126e-01
   2.8933969e+01   2.6419821e+00  -4.1198908e+00   1.1638749e+01   4.7070937e+00   7.1117319e+00   8.9546507e+00  -3.9575506e+00  -4.3983550e+00   2.1729243e+00   1.3743990e-01  -9.3329519e-01  -4.0908690e+00   1.2509477e+00  -1.0179454e+00  -3.7580586e+00   3.9479438e-01  -5.3017521e-01   2.2051248e+00   2.5072338e+00  -8.7828517e-01  -1.5053490e+00  -1.4527640e+00  -2.2442372e-01
   2.9587612e+01   2.9216332e+00  -6.4266903e+00   9.1671722e+00   5.6044366e-01   4.7981124e+00   1.1098373e+01  -8.0209689e-01  -5.5787179e+00   3.0042301e-01  -9.3187569e-01  -1.1090908e+00  -1.2987715e-01  -2.2153447e-01  -8.8421748e-01   2.9479457e-01   7.5076244e-02  -1.9531425e+00   2.8534167e+00   1.4592830e+00   3.9523193e-01   7.3270136e-01  -6.3117125e-01  -9.0802371e-03
   2.7752416e+01   4.7952318e-02  -6.4741958e+00   1.1962876e+01   5.7099362e+00   4.6467615e+00   1.4011885e+01   4.9869966e-01  -4.3367948e+00   2.1978021e+00  -8.9144694e-01  -1.1177042e+00   2.9865847e+00  -2.3329807e+00  -9.3252974e-01   4.3784403e+00   1.8244899e+00  -6.0104614e-01   5.9516316e-01  -2.7200239e-02   1.1602015e-02   5.8606276e-01   5.1363585e-01   4.8679142e-02
   3.0757278e+01   9.5905459e-01  -5.4830975e+00   1.4162209e+01   5.1619881e+00   4.6465609e+00   1.1147241e+01  -3.3997535e+00  -3.4341161e+00   2.7066864e+00   3.7045145e-02  -9.2875518e-01   2.7711707e+00  -3.7314234e-01  -6.5958390e-01   4.2508962e+00   4.8066252e+00   9.2552666e-01  -4.5631117e+00  -1.5735874e+00  -4.9870732e-01  -4.8841647e-01   1.5604816e+00   1.6471303e-01
   3.2829014e+01   1.2380049e-01  -5.9904818e+00   1.5708891e+01   5.1430563e+00   6.2859385e+00   9.8229616e+00  -2.6995227e+00  -5.4532528e+00   1.8488867e+00   4.2343326e-01  -9.5044426e-01   1.5783569e+00   2.7538230e+00  -1.1357953e+00   2.2315970e+00   1.5346652e+00  -4.3862240e-01  -7.7313479e+00  -2.2527660e+00  -1.5384529e+00  -2.2831391e+00   1.4751341e+00   5.1238270e-01
   3.1206070e+01   2.3239957e+00  -7.6579232e+00   1.3670509e+01   8.0538214e+00   5.3668139e+00   6.3481673e+00  -1.5633668e+00  -5.7685499e+00  -2.5774400e-01   7.5140662e-01  -9.4565115e-01  -1.5504814e+00   2.6621007e+00  -2.8098511e-01  -1.3655983e+00   6.6551991e-01  -3.2925147e-01  -6.5177222e+00  -1.0276298e+00  -2.6242426e+00  -1.6189422e+00   7.4038720e-01   7.2763950e-01
   2.9895556e+01   3.4962164e+00  -7.0904759e+00   1.5556121e+01   6.5660174e+00   3.6287014e+00   4.8143999e+00  -3.7986427e+00  -5.4772573e+00   2.5530861e-01   9.6407345e-01  -3.4068212e-01  -3.4177706e+00   2.6086092e+00   1.8577780e+00  -2.1715144e+00   5.7274686e-03  -2.7079402e-01  -2.8536503e+00  -1.9182935e+00  -2.3086636e+00  -4.7164177e-01  -6.7809991e-01   7.2763752e-01
   2.9898285e+01   3.2659977e+00  -5.3545781e+00   1.2190197e+01   5.4487874e+00   5.4813022e+00   3.8749384e+00  -4.3916382e+00  -7.3584778e+00   1.0750622e+00   8.7730585e-01  -1.4217700e-01  -4.3350694e-01   5.0863586e-01   2.4337782e+00  -1.9199399e+00  -1.0473069e+00   2.2477325e-02   3.1671778e+00  -2.3227546e-01   1.8572098e-01   2.0070614e+00  -1.1460108e+00   2.5317293e-01
   2.8356250e+01   3.5657133e+00  -4.3554874e+00   1.3191776e+01   6.4541645e+00   5.8225033e+00   6.7791006e+00  -4.1628272e+00  -8.1212842e+00   4.7502098e-01  -6.5666622e-01  -2.6072506e-01   2.0304247e+00  -1.7106397e+00   1.0750139e+00  -1.4524357e+00   1.0225333e+00   8.5205593e-01   5.8389263e+00   2.1457915e+00   1.3317043e+00   9.9301314e-01  -9.4947204e-01  -5.3649393e-01
   3.1325462e+01   3.0522010e+00  -5.3747501e+00   1.1972772e+01   6.5387875e+00   4.3036290e+00   1.0116584e+01  -1.7296877e+00  -4.1679549e+00   2.6429919e+00  -1.5723973e-01  -6.0587029e-01   2.0054065e+00  -2.5958327e+00  -4.7251992e-01   2.2733710e+00   1.5638498e+00  -3.4124990e-01   4.9655032e+00   1.7673450e+00   2.1669901e+00  -6.8498679e-01  -5.2783448e-01  -8.5136266e-01
   3.2227604e+01   1.0371552e+00  -5.4678690e+00   1.3486180e+01   7.5548172e+00   5.4956219e+00   1.0451967e+01  -1.9109307e+00  -5.0749623e+00   9.6086348e-01   5.7138177e-02  -9.1357638e-01   9.4862926e-01  -1.7064996e+00  -1.2799796e+00   2.4582391e+00   1.1948257e+00  -2.5330176e+00  -3.0419870e-01   1.3507434e+00   1.5536731e+00  -8.1143583e-01   6.4133623e-01  -6.8008176e-01
   3.0970718e+01   6.3652768e-01  -5.5071671e+00   1.5453051e+01   7.2442357e+00   5.1328680e+00   9.4867602e+00  -2.8665689e+00  -5.6311535e+00  -1.9533925e-01  -2.7134807e-01  -1.0927953e+00  -1.7629147e+00   1.2424092e+00   1.4079635e+00   2.4477877e+00   9.5543442e-04  -2.2263729e+00  -4.7173800e+00  -4.4029876e-01  -9.3249124e-01  -9.9932941e-01   2.3533868e-01  -3.3242089e-01
   2.9956566e+01   2.2138005e+00  -6.2092482e+00   1.5138995e+01   7.8936791e+00   1.6083573e+00   6.6377143e+00  -1.5682714e+00  -5.0591753e+00   6.7703278e-01   3.6239229e-01  -1.0373852e+00  -3.5548297e+00   2.8267338e+00   3.7450447e+00   1.5521093e-01  -6.7497169e-03  -3.1242886e+00  -3.8121999e+00  -1.7397598e-01  -6.2940607e-01  -1.6099032e-01  -9.0464593e-02   1.5120762e-01
   2.9816609e+01   4.3274921e+00  -2.8921152e+00   1.4818046e+01   6.3707898e+00   2.9077019e+00   4.9476399e+00  -2.5614655e+00  -5.5745853e+00   1.2859131e+00   4.3141234e-02  -1.0425972e+00  -3.0745258e-01   2.1407252e+00  -8.0298858e-02   1.1320538e+00  -1.2446664e+00  -2.4713821e+00  -2.3040949e-01   2.5412271e-01  -5.2916740e-01   2.3252485e-02   7.2603616e-01   6.0687819e-01
   2.7472414e+01   3.4317736e+00  -1.1578279e+00   1.4036499e+01   7.9814156e+00   1.9217721e+00   7.0032271e+00  -2.3244464e+00  -6.0473556e+00  -2.1248185e-02  -2.3580337e-01  -7.1186401e-01   2.1903139e+00   1.9256155e-01  -3.0553611e+00   1.8178247e+00   7.1401114e-01   4.5188248e-01   1.4322867e+00  -3.6019966e-01  -1.1905767e+00  -2.4091538e+00   7.7479560e-01   4.4971586e-01
   3.1751615e+01   3.2386289e+00  -8.1533256e+00   1.7702379e+01   5.3333678e+00   1.2690875e+00   8.9583896e+00  -2.1072973e+00  -5.9308145e+00   1.8867996e-01   1.1168040e+00  -3.4523863e-01   1.7438318e+00   1.2823636e-03  -5.1037486e+00   2.7825223e-01   2.6525232e+00   1.7069659e+00   1.6877732e-01  -2.2334359e-01  -1.0198442e+00  -3.5229343e+00   4.7268738e-01   6.8056505e-02
   3.2274534e+01   3.0470745e+00  -8.1616847e+00   1.6423565e+01   9.4834068e+00   3.1054883e+00   6.7807695e+00  -2.3356550e+00  -6.6669259e+00  -2.3880814e+00   9.8775430e-01  -7.1149068e-01  -3.4663487e-01   2.1589532e+00  -2.3568557e+00  -6.4923195e-01   2.3702151e+00   1.5064506e+00  -2.1833365e+00   1.3867060e+00  -9.9225574e-01  -2.0008309e+00  -5.8475242e-01  -1.5396001e-01
   3.0031297e+01   4.5217652e+00  -7.0458096e+00   1.4041892e+01   9.5985791e+00   4.8762927e+00   5.3120346e+00  -2.8908766e+00  -6.7945664e+00  -2.8150717e+00   1.4039347e-01  -9.4069912e-01  -4.0253201e+00   2.3986884e+00   3.0974079e+00  -1.5783039e+00   2.7089536e+00  -6.4749579e-01   8.7132479e-01   3.8120697e+00  -2.0114390e+00  -2.3387766e+00  -1.0170915e+00   1.5605126e-01
   2.7812621e+01   6.0286353e+00  -5.2468694e+00   1.4892895e+01   9.4041326e+00   2.3778453e+00   5.5513998e+00   1.4740223e-01  -7.1038632e+00  -1.5206187e+00  -6.2472673e-01  -6.4507378e-01  -4.3359047e+00   5.6733280e-01   3.9487365e+00   2.2881967e+00  -6.9789764e-01  -1.9672692e+00   4.7995471e+00   2.7726706e+00  -4.7418879e+00  -1.0149545e+00  -3.2608505e-01   7.9124789e-01
   2.7944591e+01   5.3458810e+00  -4.9646213e+00   1.6100258e+01   9.4364353e+00   6.6166524e-01   1.0880062e+01   2.3692785e+00  -8.7295043e+00  -3.7532163e+00   3.9740720e-01  -1.4437020e-01  -1.1834187e+00  -2.7490963e+00   2.8343295e+00   2.5177784e+00  -3.7097115e+00  -1.4119687e+00   3.3749510e+00   1.8649646e+00  -2.5227555e+00   9.5811400e-01   9.5103984e-01   7.8354670e-01
   2.6814030e+01   3.4860158e+00  -3.2791741e+00   1.8826677e+01   8.5176322e+00   2.2618982e+00   1.1196077e+01  -8.0672664e-01  -1.2812289e+01  -3.4414409e+00   3.7011985e-01   7.7216695e-02   2.5598267e+00  -5.0712772e+00   2.2920172e+00   1.4187503e+00  -2.9200656e+00  -2.4785801e-01   1.6807445e+00  -9.6577722e-01  -9.6124785e-01   8.1532785e-01   7.5628774e-01   2.8337476e-01
   2.8755464e+01   1.6694305e+00  -3.7781631e+00   1.5851668e+01   4.4772620e+00   2.8163133e+00   7.5521227e+00   3.8363473e-01  -7.7244869e+00  -4.1748966e-01   1.0695299e+00  -1.2652431e-01   2.3955194e+00  -3.1004127e+00   7.6408907e-01   2.0830638e+00  -1.3752573e+00  -2.5196593e+00  -5.6278088e-01  -7.6386935e-01  -1.1215492e-01  -6.2558101e-01  -3.0296169e-01  -2.0327461e-01
   3.1246924e+01   2.5994479e-01  -2.4020727e+00   1.7145316e+01   7.5036209e+00   9.2873430e-01   9.7364860e+00  -3.0844169e-01  -9.0482437e+00  -1.9654903e+00   1.7364352e-01  -2.2893458e-01   5.6357223e-01  -1.5464756e-01   2.4444474e+00   1.2137308e+00  -1.9104156e+00  -6.0725941e+00   2.8127230e+00   3.5591130e+00   1.3651812e+00  -3.3489726e+00  -5.1903085e-01  -1.4890619e-01
   2.9321423e+01   2.3082974e+00  -4.2570384e+00   2.0065535e+01   7.8805550e+00  -2.4512417e+00   1.0765686e+01   9.7433205e-01  -1.0779759e+01  -5.4295631e+00   4.1202828e-02  -2.9620647e-01  -3.3034333e+00   1.2887922e+00   5.2254990e+00   3.6570270e+00   2.0046113e+00  -3.9394194e+00   6.8167198e+00   3.9171872e+00  -3.2655837e+00  -5.1108173e+00  -1.4552284e-01   2.8004826e-01
   2.7376409e+01   2.9346109e+00   6.2693464e-01   1.8540340e+01   3.9503623e+00  -4.2132155e+00   1.3808380e+01   4.2365942e+00  -9.2368808e+00  -5.9588630e+00   1.0573713e-01  -6.1301509e-02  -4.0504203e+00   1.2325852e+00   4.8264109e+00   3.9547757e+00  -8.9218945e-01  -3.0580595e-01   5.5142175e+00   2.5768010e+00  -3.7409151e+00  -2.7577822e+00   1.2691237e+00   4.9026227e-01
   2.5735572e+01   2.2652857e+00   2.5455818e+00   2.0639697e+01   9.2608082e+00  -5.2184103e-01   1.5741255e+01   3.9868976e+00  -1.2528544e+01  -6.0870292e+00   8.8519886e-01   2.0973154e-01  -2.2442700e+00  -1.4959585e+00   3.7274371e+00   1.5324780e+00  -2.9103129e+00   1.7819046e+00   1.0573913e+00  -5.9916135e-01  -1.7848204e+00   2.1334920e+00   1.6749773e+00   3.7792032e-01
   2.6964219e+01   2.1303285e+00   1.4362335e+00   2.2790398e+01   5.4752101e+00  -4.9467498e-01   1.5520027e+01   2.0504771e+00  -1.3785224e+01  -5.7734305e+00   1.6553311e+00   2.5348981e-01   1.5850734e+00  -2.8944132e+00  -1.3998639e+00   2.3112434e+00  -2.1344297e+00   1.7011506e+00  -1.4145871e+00  -2.7411207e+00  -5.5501192e-01   2.7439913e+00   1.5800011e+00   2.8378830e-02
   2.6161113e+01   4.6650090e-01   9.2946777e-01   2.0239222e+01   2.7526618e+00  -1.6376550e+00   1.1495949e+01   1.1686486e+00  -1.1182818e+01  -2.3220413e+00   1.7788719e+00   1.1327835e-01   2.0344381e+00  -2.9843301e+00  -2.1411883e+00   2.0380905e+00  -3.6088492e+00   1.0922442e+00  -9.2913684e-01  -3.1314980e+00   1.1533963e+00  -1.8445483e-01   2.7385351e-01  -2.4154620e-01
   2.9541248e+01  -5.0761640e-01  -6.6480427e-01   2.2207442e+01   4.0027909e+00  -1.1035825e+00   1.3809152e+01   1.5340376e+00  -1.0742262e+01  -3.7253700e+00   2.0289023e+00   2.9493333e-02   1.6182086e-01  -2.2836865e+00   5.7349912e-01   1.5738691e-02  -1.1162263e+00   3.2904226e-01   1.2369404e+00   2.9966038e-01   9.7340586e-01  -2.1500560e+00  -5.7649432e-01  -2.8892298e-01
   2.7498715e+01  -8.9223700e-01   3.8431829e-01   2.3988311e+01   4.5837440e+00   1.4209790e+00   1.5202988e+01  -4.5212970e-01  -1.2319931e+01  -7.3877417e+00   1.1091935e+00  -4.0589523e-02  -6.3100541e-01  -7.8603795e-01   2.8163681e+00   2.6061754e-01   1.6102872e-03   6.5420039e-01   2.9860886e+00   7.6738855e-01  -1.1619901e+00  -2.5064442e+00  -6.0937078e-01   2.4062117e-01
   2.6538149e+01  -6.1583238e-01   2.5690570e+00   2.0939462e+01   2.8853296e+00  -1.5304286e+00   1.5521918e+01   3.3103568e+00  -1.1756559e+01  -6.4656644e+00   1.1254288e+00  -1.0296073e-01  -2.3232791e+00   4.8209045e-01   2.9952889e+00   4.5582397e-01  -1.8623950e+00  -2.4161374e-01   1.3281217e+00   9.7833699e-01  -1.6060562e+00  -5.0578012e-04  -4.9482271e-01   5.0807525e-01
   2.6716154e+01  -6.5844804e-01   3.5370893e+00   2.1264139e+01   3.3138079e+00  -4.4293143e-01   1.5118699e+01   1.4315718e+00  -1.2418655e+01  -4.7115604e+00   1.3165524e+00   5.4043713e-01  -1.4992900e+00   8.0963633e-02   6.9469306e-01   2.2740075e+00  -2.5804605e+00  -2.4945010e+00  -2.9154824e+00   2.1618749e+00   1.7547840e+00   2.5907800e+00   3.9955507e-01   3.6564220e-01
   2.6447610e+01   9.8624794e-02   2.2517436e+00   2.4253264e+01   1.8441665e+00  -5.3404793e-01   1.5843479e+01   2.0596924e+00  -1.3101984e+01  -5.0642193e+00   1.1829888e+00   5.0109289e-01   1.3485257e+00  -4.1072775e-01  -2.7750235e+00   6.2055503e+00  -5.3095121e-01  -1.5745998e+00  -3.2970027e+00  -2.9520483e-01   1.8133920e+00   1.5648495e+00   6.4166875e-01   1.3174994e-01
   2.5295050e+01  -1.1280201e+00   1.5850146e+00   2.5742421e+01   1.2336347e+00  -2.8189628e+00   1.0668984e+01   3.4160148e+00  -9.0150422e+00  -4.2022943e+00   1.6797461e+00   2.0584697e-01   1.2008423e+00  -6.5820061e-01  -2.2760078e+00   3.6662622e+00   3.0315309e-01  -3.4211953e-01  -2.5397810e+00   8.2684300e-02   1.0092080e-01  -1.3142301e+00   5.1432183e-01  -2.0408466e-01
   2.9271490e+01  -9.9713795e-01  -6.1744092e-01   2.8008647e+01   3.1289894e+00  -2.7043125e+00   1.2801272e+01   1.8753280e+00  -1.0738277e+01  -4.3730231e+00   1.9063351e+00   2.6195926e-01  -4.2472558e-01  -1.7815818e-01   1.4248758e+00   3.8550929e-01   1.4911849e-01   4.6168352e-01  -3.4006350e-01  -3.2203158e-01  -2.3507146e+00  -1.8732683e+00   3.7697525e-02  -1.4309663e-02
   2.7105478e+01  -1.0978676e+00   1.5576698e+00   2.4885841e+01   3.1261261e+00   1.2902158e-01   1.2830131e+01   1.6477804e+00  -1.3449127e+01  -7.0285036e+00   1.7263621e+00   3.5387696e-01  -1.1105507e+00   3.4519436e-01   2.3810820e+00  -1.5798569e+00   7.5843320e-01   7.3961106e-01   3.0668967e+00   8.6766383e-01  -3.5746946e+00  -2.0820903e+00  -5.3628250e-01   2.1092078e-01
   2.4905308e+01  -1.8368875e-01   4.4027296e+00   2.5259818e+01   1.1215985e+00  -1.3155148e+00   1.4252811e+01   2.4607622e+00  -1.4411013e+01  -6.4610171e+00   1.2162271e+00   4.0561339e-01  -2.7977672e+00  -2.1241032e+00   1.5472445e+00  -9.9471361e-01   1.6294265e+00   2.2345657e+00   3.8295503e+00   2.8203206e+00  -1.9864395e+00  -1.1231437e+00  -8.3422590e-02   2.1521762e-01
   2.5812315e+01  -1.0169532e+00   2.6465523e+00   2.4747050e+01   3.3749800e+00  -2.4039451e+00   1.4543559e+01   4.4247935e+00  -1.2540716e+01  -6.2814328e+00   1.2203764e+00   4.5040106e-01  -1.5634841e+00  -2.8423402e+00  -4.1916221e+00  -2.6027446e-02   2.1983666e+00   1.6747878e+00   2.9229324e+00  -6.5216062e-01   7.0375278e-01   1.6324967e+00   7.2459657e-01   3.8896462e-01
   2.5721421e+01  -4.2237499e+00   1.1589846e+00   2.6585972e+01   5.4487021e+00   1.9140194e+00   1.7688883e+01   4.7173024e+00  -1.4172142e+01  -6.4312741e+00   2.0341940e+00   5.3652363e-01   3.0688915e+00   8.5023893e-01  -7.1296782e+00  -4.7641928e+00   3.3153407e+00   4.2037389e+00  -8.9401727e-01  -5.5193715e+00   2.4793221e+00   1.8305336e+00   7.4552016e-01   1.1247135e-01
   2.4352195e+01  -3.3413474e+00  -3.1078908e+00   2.4183723e+01   4.2601242e+00   1.0264361e+00   1.5496493e+01  -4.5873060e-01  -1.2512933e+01  -4.5946300e+00   2.4042735e+00   8.7186877e-01   4.3467914e+00   3.9857019e+00  -5.7646656e+00  -6.1382629e+00   3.0464827e+00   4.6649245e+00  -2.3872656e+00  -5.6445026e+00  -8.1662727e-01   3.3416259e-01   4.1017612e-01  -2.4581344e-01
   3.0238705e+01   2.2538667e+00  -3.4145661e+00   1.8395192e+01   5.6520375e+00   3.2749028e+00   1.2435318e+01  -3.3765330e+00  -1.0705922e+01  -4.5586181e+00   1.7425588e+00   3.6358657e-01   3.4025099e+00   6.0940126e+00  -1.8315136e+00  -6.5407553e+00  -3.9653744e-01   3.0500109e+00  -2.1217444e+00  -3.3338934e+00  -3.1687684e+00  -9.0492537e-01   8.2455231e-02  -6.5075062e-01
   3.0073860e+01   1.7227913e+00  -3.7136708e+00   1.9635045e+01   7.8430363e+00   3.9129999e+00   1.3589444e+01   4.9573637e-03  -1.5498767e+01  -6.7165169e+00   1.9814582e+00   1.6814943e-01   5.7045322e-01   2.5576020e+00   4.2902536e+00  -1.0215984e+00  -2.1748271e+00  -4.6386361e-01   9.6493697e-01  -2.1028334e-01  -5.4240828e+00  -1.3408964e+00   1.8158999e-02  -3.2740363e-01
   2.7964353e+01   2.3851997e+00  -1.2853958e+00   1.9049178e+01   3.0624399e+00   5.0457538e+00   1.5459791e+01  -5.1538165e-01  -1.7432378e+01  -6.7277187e+00   2.3692845e+00  -8.7742630e-02  -3.4587792e+00  -2.5972055e+00   7.0048082e+00   7.0328811e+00  -5.0188343e+00  -7.4297028e+00   2.6562351e+00   1.8893591e+00  -5.3150980e+00  -1.2087193e+00   3.8604810e-01   5.8151007e-01
   2.6345051e+01   4.2938919e-01   2.2629045e+00   2.2324333e+01   2.2926824e+00  -5.5478480e-01   1.5431662e+01  -2.2047313e+00  -1.7285830e+01  -5.5214243e+00   2.1181491e+00   6.0642792e-01  -3.3098259e+00  -3.3518124e+00   4.8371723e+00   7.1211234e+00  -6.6059080e+00  -8.6991699e+00  -2.6770222e-01   5.5692529e-01  -1.2566257e+00  -1.0502175e+00   1.1150573e-01   9.8402003e-01
   2.6914941e+01  -9.9524049e-01   4.1043587e+00   2.7599870e+01   8.9896306e-01  -5.6357590e+00   1.5498561e+01   5.6234990e-01  -1.7785037e+01  -6.9692434e+00   2.2532855e+00   1.0167124e+00   9.8685163e-01  -3.0887611e+00  -1.3488546e+00   3.1497851e+00  -7.1812990e-01  -5.3759365e+00  -1.6447757e+00   1.7639120e+00   1.5312046e+00  -9.1571212e-01  -3.3262902e-03   7.5698478e-01
   2.5633827e+01  -1.6147071e+00   8.4721036e-01   2.6041384e+01  -9.8408732e-01  -3.7949986e+00   1.3168505e+01   3.0147953e-01  -1.7207376e+01  -8.1710807e+00   2.2067163e+00   1.0919519e+00   3.9703077e+00  -1.5986554e+00  -4.8472671e+00  -1.4544962e+00   4.3360977e+00   1.4914926e+00  -5.9699525e-01   2.7306422e+00  -3.2537400e-02  -1.2708560e+00  -2.4891683e-02   1.0949099e-01
   2.9800242e+01  -1.2258938e+00  -2.6008307e+00   2.1915330e+01   3.6236299e+00  -1.3980441e+00   1.4124206e+01   8.7738089e-01  -1.5174798e+01  -6.7764587e+00   2.3200115e+00   8.0497253e-01   3.3144539e+00   1.2302498e+00  -6.6266910e+00  -5.0989402e+00   7.7937375e+00   3.6431217e+00   2.3906468e-01   8.0109261e-01  -6.1141245e-01  -9.8687390e-01  -4.7113231e-01  -2.5757346e-01
   3.0857861e+01  -1.8532672e+00  -1.6554015e+00   2.2984859e+01   7.4344955e+00  -4.3640332e-01   1.5223347e+01   1.7337165e+00  -1.8639755e+01  -7.5241007e+00   2.0474486e+00   8.7653436e-01   1.3996242e+00   1.3760202e+00  -2.6666702e+00  -2.5515397e+00   7.2229785e+00   1.4642441e+00   5.6546533e-01  -9.1757062e-01  -9.4526836e-01  -2.4116839e-01  -4.4740595e-01  -4.0985325e-01
   2.9274605e+01   9.6941428e-01  -4.5843719e+00   2.1479723e+01   8.3802779e+00  -1.8503741e+00   1.4829738e+01   1.0478703e+00  -1.7985966e+01  -8.7730443e+00   1.6262208e+00   7.3806103e-01  -2.1649426e+00  -8.7285180e-01   2.0136540e+00   2.4671475e+00   5.1912259e-01   4.5375067e-01   1.2163357e-01  -1.7828555e+00  -8.6047971e-01  -1.1248432e+00  -4.4702520e-03  -6.4956156e-02
   2.7996082e+01  -6.4833087e-01  -2.1610244e+00   2.2431878e+01   7.4720564e+00  -1.3724675e+00   1.3663937e+01  -1.1601211e+00  -1.7219694e+01  -7.5345405e+00   1.8825027e+00   5.1062782e-01  -3.5688404e+00  -1.4929953e+00   2.6810833e+00   8.4747540e-01  -2.9485692e+00  -2.0853786e-01  -8.2781522e-01  -8.0856414e-01   1.3430784e+00  -1.6011872e+00   2.6447691e-01  -5.0619571e-02
   2.7983718e+01  -3.1376397e+00   6.7246178e-01   2.5892541e+01   4.3835334e+00  -2.4938599e-01   1.5086361e+01  -3.4998351e-01  -1.7175548e+01  -8.4585036e+00   2.3957791e+00   8.9049157e-01  -1.5343841e+00  -1.2302277e+00   3.3427206e+00   5.9579148e-01  -5.1860584e+00  -7.6185405e-01  -1.1986167e+00   8.5971377e-01   1.9467235e+00   9.1746071e-01   3.1121941e-01  -2.3591911e-02
   2.6150044e+01  -2.0392331e+00  -2.6219341e-01   2.2049662e+01   5.0100139e+00  -1.5497042e+00   1.3853312e+01   1.2197972e+00  -1.7030347e+01  -1.0083152e+01   2.0593848e+00   7.2438973e-01   7.3506637e-01   3.8476314e-01   1.5291682e+00  -7.6257835e-01  -1.7745409e+00   3.6647714e-01  -3.1593369e-01   1.8263161e+00   8.0357014e-01   1.3958782e+00  -1.5623933e-01  -1.0148230e-01
   2.7896048e+01  -1.8047610e-01  -5.1970660e-01   2.2564518e+01   1.8322115e+00  -2.9045368e+00   1.2937125e+01   1.1474818e+00  -1.5160554e+01  -6.1225476e+00   2.0046089e+00   5.9579220e-01   1.3117419e-01   2.3754756e+00  -1.5973611e-01  -3.3466812e+00   2.1323370e+00   1.9041274e+00  -7.6624399e-01  -6.7726999e-01  -3.8774799e-01   1.5186837e+00  -7.9359748e-01  -3.9909179e-01
   2.9142517e+01  -1.5497680e+00   7.2881213e-01   2.2952022e+01   6.0859060e+00   5.0482366e-01   1.4264655e+01   8.3062042e-01  -1.7021836e+01  -6.6087013e+00   1.8437288e+00   5.0575405e-01  -6.8340468e-01   3.0381818e+00   3.9056834e-01  -1.3290588e+00   3.5552379e+00   2.8889291e+00  -9.3865342e-01  -3.4724822e+00  -7.9291334e-01   1.1442189e+00  -3.2865510e-03  -3.4810569e-01
   2.6684243e+01   1.8084109e-01  -6.2645151e-02   2.0421340e+01   7.0440928e+00   1.5795412e+00   1.3731324e+01  -1.1713001e+00  -1.7761426e+01  -7.9177032e+00   1.3132109e+00   4.0117173e-01  -2.2500316e+00   1.1429138e+00  -2.2469873e-01  -4.5951887e-01   3.3697688e+00   3.8184916e+00   1.5900581e+00  -2.4327156e+00  -8.1050152e-01   4.9711831e-01   6.0766650e-01  -4.3469391e-01
   2.5730840e+01   2.3373810e+00   9.5128374e-02   2.1127663e+01   7.7369301e+00   5.4165052e-01   1.2048233e+01  -2.8295352e+00  -1.6919281e+01  -7.4692457e+00   2.4001540e+00   2.9954143e-01  -3.3887540e+00  -1.8446372e-01  -1.8159013e-01   6.7691569e-01  -1.9286046e-01   2.9167322e+00   2.2058566e+00  -2.0663725e+00  -2.5099098e-01   1.2052021e+00   4.7437976e-01  -8.8711759e-02
   2.6226839e+01  -4.0967988e-01  -5.3991281e-01   2.2787419e+01   6.0613527e+00   2.8047871e+00   1.6430423e+01  -6.7151384e-01  -1.6427584e+01  -4.9465979e+00   2.6378960e+00   4.6857645e-02  -5.1631638e-01  -1.9723923e+00  -3.8276731e-01   1.8078663e+00  -1.7330741e+00   9.8004291e-02   5.9991193e-01  -1.4034171e-01   7.5492955e-01   2.7686167e+00   1.1584685e+00   5.0719065e-01
   2.4288088e+01  -1.5312030e+00   6.9506077e-01   2.2784356e+01   6.2879854e+00   4.2672991e+00   1.6223890e+01  -2.5188314e+00  -1.8065243e+01  -6.2864508e+00   1.8929558e+00   5.4984345e-01   2.0576088e+00  -2.4581443e+00  -1.3372720e+00   3.4195705e+00  -2.6155219e-01  -8.5946230e-01  -4.2315379e-01   8.2632427e-01  -3.4129462e-01   1.4824467e+00   5.4128304e-01   7.4480356e-01
   2.6631144e+01  -8.4345535e-01  -9.3676232e-01   2.2304793e+01   5.1689540e+00  -1.3627661e-01   1.2543363e+01  -1.5371645e+00  -1.6056050e+01  -4.3561756e+00   3.3045128e+00   1.0368067e+00   6.2702440e-01  -2.4611115e-01  -1.0190801e+00   2.6706897e+00   2.6820818e+00  -1.0612229e+00  -3.9567591e+00  -2.2051640e+00  -1.9148462e+00  -1.3822411e+00   2.1697882e-01   5.3983751e-01
   2.8615100e+01  -1.1329477e+00  -1.7123548e+00   2.6498332e+01   7.7908012e+00   7.2298892e-01   1.3357032e+01  -1.1572234e+00  -1.7616990e+01  -5.5407868e+00   2.8787702e+00   9.2177225e-01  -1.1887109e+00   1.8840968e+00   1.2968344e+00   1.2107342e+00   2.8318451e+00  -2.3532145e-01  -4.9431733e+00  -1.6225146e+00  -1.9657710e+00  -1.5984224e+00   5.6335305e-01  -8.2331218e-02
   2.5003869e+01  -9.7797427e-01  -8.6482514e-01   2.4936466e+01   9.3330675e+00   2.9851079e+00   1.1928713e+01  -4.6600639e+00  -1.9523980e+01  -7.3927916e+00   2.4704571e+00   6.7064951e-01  -2.9448260e+00   1.1828971e+00   4.4320503e+00  -4.6577046e-02   1.9321723e+00   1.7239664e+00  -6.6126530e-01  -4.1451964e-01   3.5946417e-02  -1.1891263e+00  -1.8816721e-01  -6.5947564e-01
   2.3318659e+01   1.3622015e+00   2.6043437e+00   2.3284621e+01   8.4536964e+00   2.3536247e+00   9.1164546e+00  -3.3911537e+00  -1.9279935e+01  -7.1657763e+00   3.1550133e+00   6.0942522e-01  -3.4357486e+00  -9.2638498e-01   4.5081165e+00  -5.2231577e-01   3.2625343e-01   1.5708138e+00  -4.9600049e-01  -7.5646726e-01   1.4600614e+00   9.5754937e-01   6.2259986e-02  -6.4698725e-01
   2.4862126e+01  -3.1668438e-01   3.5529639e+00   2.3841783e+01   7.7357648e+00   1.6343550e+00   1.3671754e+01  -1.0419789e+00  -1.5170658e+01  -5.3273703e+00   2.8841404e+00   2.0376675e-01   9.5084105e-01   7.9472608e-02   6.9793491e-01  -4.2798666e+00  -1.4030080e+00   1.0367987e+00   9.9784675e-01   8.5414794e-01   4.0691552e+00   3.1435271e+00  -4.8370796e-02  -2.1888497e-01
   2.3532349e+01  -2.8531701e+00   2.8409253e+00   2.6262200e+01   9.0788326e+00   3.7545860e+00   1.1741511e+01  -4.1009668e+00  -1.7603558e+01  -5.1371734e+00   2.7653185e+00   1.8473275e-01   3.1606086e+00  -6.6329937e-01  -2.4741372e+00  -2.7693633e+00  -8.1499257e-01   1.5985056e+00   4.2260474e+00  -1.1658037e+00   2.9340004e+00   1.3798205e+00  -3.4635548e-01   9.2523463e-02
   2.6323286e+01   1.2489205e+00   6.3786410e-02   1.7027876e+01   6.9159873e+00   3.8398252e+00   1.2112955e+01  -3.0239354e+00  -1.4258435e+01  -3.6918024e+00   2.5927483e+00   5.5466829e-01   1.2490548e+00  -6.5295313e-01  -2.8746181e+00  -9.2144856e-01  -7.3378174e-02   1.9628943e+00   2.4246164e+00  -3.5683245e+00  -1.8866253e+00  -1.6481607e+00  -7.5973737e-01   2.9438522e-01
   2.7328992e+01  -4.1554995e-01   6.3772671e-01   2.2537529e+01   7.6410963e+00   3.6486479e+00   1.6234925e+01  -4.1488809e+00  -1.5335046e+01  -5.9138295e+00   2.7811761e+00   5.7275964e-01  -4.3504991e-02  -5.2289904e-02  -1.3535407e+00   4.7944597e-01   8.2562511e-01   6.7184907e-01   1.1482149e+00  -3.1350475e+00  -2.6897877e+00  -2.2504456e+00  -4.0791805e-01   1.2881209e-01
   2.4837387e+01  -2.5149242e+00   3.4263603e-01   2.4321945e+01   8.3445657e+00   4.6316655e+00   1.5061972e+01  -6.3705086e+00  -1.9134853e+01  -7.4112832e+00   1.7366056e+00   4.5133113e-01  -2.0328801e+00  -1.9315647e+00   2.7552270e+00   6.6119553e+00   1.8201441e+00  -7.5037536e-01   1.1338924e+00  -1.6819627e+00  -4.1893370e+00  -2.5748150e+00   1.6077435e-01   1.5497250e-01
   2.4210041e+01  -1.0496827e+00   6.7118949e-01   2.3334334e+01   9.6029811e+00   4.3664394e+00   1.1989325e+01  -7.1302514e+00  -1.9200031e+01  -6.6531013e+00   2.5815128e+00   4.2961947e-01  -2.3609141e+00  -8.8077081e-01   3.6770911e+00   1.2384366e+00  -1.9891602e-01  -2.2653396e+00  -7.9156768e-01   3.5259870e-02  -3.2381181e+00   2.8709603e-01   5.0871561e-01   3.6148293e-01
   2.4833441e+01  -1.3313602e+00   4.1798955e+00   2.6547407e+01   8.6652611e+00   2.3553664e+00   1.5936594e+01  -4.0561943e+00  -1.8609948e+01  -7.1843890e+00   2.9337415e+00   8.5869712e-01  -4.8513311e-01   1.5706012e+00   1.6926672e+00  -9.8825340e-01  -7.8366928e-01  -3.6599668e+00  -5.1775663e-01   1.9288527e+00   8.6800975e-01   2.7595463e+00   7.2650358e-01   5.0959249e-01
   2.3789594e+01  -2.3284881e+00   4.2347336e+00   2.3282453e+01   7.1823745e+00   1.3887881e+00   1.4610263e+01  -5.2531483e+00  -2.0454675e+01  -5.5966326e+00   2.9456816e+00   9.1130104e-01   1.4121053e+00   1.7651709e+00  -1.2152642e+00   1.6508261e+00   8.7916895e-01  -3.3716288e+00   5.3635312e-01   2.7042419e+00   1.4527459e+00   2.7653059e+00   1.3474645e-01   1.0081630e-01
   2.4319911e+01   4.8038031e-01   1.0998647e+00   2.2865505e+01   8.3793651e+00   6.3054099e-01   1.2974868e+01  -4.4157812e+00  -1.7205516e+01  -3.8001981e+00   2.6442765e+00   9.7487908e-01   3.6861286e-01   1.8280522e+00  -4.4198157e+00  -6.6755469e-01   3.4582465e+00   7.0505489e-01  -3.2333497e+00   9.7930459e-01   1.3692574e+00   6.4166499e-01  -6.2892438e-01  -3.9736420e-01
   2.6584964e+01   6.9220340e-01   3.8830859e-01   2.7651524e+01   1.1064683e+01   1.7140891e-01   1.4274718e+01  -2.8940951e+00  -1.7723128e+01  -4.1972379e+00   2.9283649e+00   5.2275294e-01  -4.4920548e-01   1.9806508e+00  -2.9910011e+00  -8.5788275e-01   1.5277533e-01   1.5728013e-01  -2.9750912e+00   2.9190739e+00   2.0523974e+00  -3.3356039e+00  -1.0471448e+00  -3.0749340e-01
   2.3988675e+01  -9.9627726e-02  -5.2661565e-01   2.3361539e+01   1.1911477e+01   4.0216383e+00   1.1254342e+01  -3.7667640e+00  -1.7921835e+01  -6.9215888e+00   1.9990132e+00   4.5692488e-01   1.1525074e-01   1.8990178e+00   1.6685172e-01  -1.2417466e+00  -2.7246957e-01  -1.3990362e+00  -3.6350763e+00   1.8363938e+00   1.6482070e+00  -4.4973763e+00  -8.8968879e-01  -4.7320261e-01
   2.3281403e+01   9.3249210e-01   5.6147209e-01   2.1747612e+01   5.6454816e+00  -7.0840393e-02   1.1007889e+01  -1.1990459e+00  -1.7017919e+01  -9.0393431e+00   1.6975960e+00   7.0903804e-01  -2.8645643e-01   2.0524332e+00   9.2737676e-01  -3.0695308e+00  -4.9310567e-01  -2.5416455e+00  -5.9523120e+00   2.3114152e-01   2.3088277e+00  -3.5538419e+00  -5.3637766e-01  -1.5928548e-02
   2.6144567e+01   3.2087627e+00   1.2635606e+00   2.3954842e+01   1.0680261e+01  -1.3468887e+00   9.1556681e+00  -2.5087150e+00  -1.5085810e+01  -8.1252100e+00   1.9251278e+00   1.7193261e-01   8.8524711e-01   2.2295979e+00   5.1966820e-01   1.2103322e+00  -1.1201707e-01  -5.1154599e+00  -3.6348104e+00   6.6699282e-01   3.8957109e+00   1.6878694e+00   9.8215444e-01   9.7379514e-02
   2.5077333e+01   2.1166580e+00   8.8428564e-01   2.2750577e+01   1.0940632e+01  -9.5679584e-01   6.3955865e+00  -3.1764073e+00  -1.5677900e+01  -8.9261901e+00   2.1607411e+00   6.4135625e-01   9.9075333e-01  -6.6888758e-01   1.1880466e+00   3.8137124e+00   3.1471734e+00  -1.3740093e-01  -9.8319201e-01  -1.3675988e+00   3.0101494e+00   4.4191787e+00   1.6894925e+00   1.8102695e-01
   2.4418581e+01   2.6526861e+00   9.1479875e-02   2.4675555e+01   9.0958762e+00  -3.2085738e+00   8.1082773e+00  -1.7775941e+00  -1.2748279e+01  -4.4463612e+00   3.2406723e+00   6.3683505e-01  -1.9958491e+00  -2.3921659e+00   8.3499293e-01   1.4703084e+00  -9.7728442e-02   1.7423489e+00   3.7680056e-01  -1.6714492e+00  -1.9122604e-01   4.0697404e+00   6.9381235e-01   2.4206963e-01
   2.5630527e+01   2.0719903e-01   2.9295823e+00   2.7107824e+01   1.1158434e+01   6.5390074e-01   1.0056797e+01  -3.6160046e+00  -1.3671461e+01  -4.2499993e+00   3.5740625e+00   7.4812725e-01  -2.6091678e+00  -4.4033424e-01  -6.0259786e-01  -2.2162184e+00  -9.1344280e-01   2.7031354e+00   1.3115489e+00   3.8823674e-01  -1.1829218e+00   2.8500140e+00  -8.8147146e-01  -3.3305761e-01
   2.2874197e+01   5.7524337e-01   1.4934016e+00   2.3981681e+01   1.0424767e+01   4.6128633e-01   7.8902639e+00  -4.7960901e+00  -1.6375868e+01  -4.3586947e+00   2.2591856e+00   4.8165155e-01  -1.5475403e+00  -4.1506834e-01  -9.3316976e-01  -1.9404042e+00  -8.6990811e-01   2.6751174e+00  -2.0924697e-02   7.6961440e-01  -1.5363656e+00  -4.9239044e-01  -1.3244848e+00  -4.1554415e-01
   2.1935773e+01   2.4948780e+00  -7.2057202e-01   1.9773187e+01   8.9060221e+00   1.2629772e+00   8.4719166e+00  -1.0848041e+00  -1.5638488e+01  -4.6950024e+00   1.3292773e+00   2.1936158e-01  -9.4716429e-01   8.6628095e-01  -3.8504176e+00  -9.8997236e-01  -5.8466047e-01  -1.7424982e+00  -1.4133719e+00   1.9433815e+00   2.7333093e-01  -1.1227113e+00  -8.5206467e-01  -5.5595243e-01
   2.3944647e+01   8.8624413e-01   5.1680242e-01   2.5432268e+01   8.9172201e+00   4.9956414e-01   8.8693303e+00  -1.8887727e+00  -1.4069314e+01  -4.9624454e+00   2.3763378e+00   2.7790165e-01   8.3240900e-01   1.5330128e+00  -1.3511007e+00   2.2545019e+00   1.1144220e+00  -1.1579920e+00  -6.8946939e-01  -1.3033071e+00   2.2571180e+00   3.1666871e-01   8.1690824e-01  -3.2413231e-01
   2.3674556e+01   1.3511201e+00  -2.3577444e+00   2.4897572e+01   1.1035217e+01  -1.9789855e+00   7.4472056e+00  -2.1545910e+00  -1.4414741e+01  -5.6321909e+00   2.2373894e+00   1.6073556e-02   7.5256346e-01   2.6462793e+00   5.0120351e+00   3.2548201e+00   8.1130813e-01   1.1318676e+00  -1.0951843e+00  -9.9532194e-01   1.0715965e+00   7.2379229e-01   1.2613840e+00  -7.3979982e-02
   2.3253419e+01   3.4466415e+00   2.8533671e-01   2.4801241e+01   1.1031803e+01   3.4527972e-01   7.3684154e+00  -6.2161573e+00  -1.3602064e+01  -3.4150974e+00   3.0304919e+00   9.7097094e-02  -1.7599522e+00   3.3126508e+00   6.9972685e+00  -9.2997980e-02  -1.6792740e+00   1.2532436e+00  -2.9166879e+00   1.9987403e+00   1.0137842e+00   3.9628238e-02  -2.0421091e-01  -1.9146581e-01
   2.3410232e+01   5.1840983e+00   6.9132135e+00   2.4970930e+01   9.0656929e+00   3.0379209e+00   7.5795976e+00  -4.1409475e-01  -1.4264718e+01  -4.3829879e+00   2.8942762e+00   1.9879389e-01  -2.8095430e+00  -1.9681283e-01   6.6120387e+00   5.9269230e-01  -3.6326088e+00   8.3539640e-01   5.9157524e-01   1.7398195e-01  -4.6160802e-01  -3.7636719e-01  -1.1861751e+00   1.0036618e-01
   2.1436880e+01   3.9387313e+00   6.3772262e+00   2.5256092e+01   7.3830713e+00  -1.2902359e-01   4.4281025e+00   2.3908955e-01  -1.2623650e+01  -5.5276045e+00   1.7415781e+00  -1.0065723e-01  -2.4319039e+00  -4.9029445e+00   1.4861397e+00   1.7950969e+00  -2.1225279e+00  -9.5573564e-01   4.8515163e+00   1.3425233e+00  -1.5355565e+00  -2.4946995e+00  -1.4033031e+00   2.5762522e-01
   2.0368511e+01   8.0985596e-01   4.5143689e+00   2.5559185e+01   7.4106698e+00  -4.8873924e-01   9.8047249e+00  -5.1212415e+00  -1.5596361e+01  -5.1404882e+00   1.1025837e+00   2.6549999e-01  -2.0554193e+00  -6.1729411e+00  -5.0201416e+00   1.3264509e+00   2.1784288e-01  -4.8735048e-01   7.1727435e+00  -1.7970745e+00  -1.0299074e+00  -1.3369694e+00  -8.3869333e-01   1.3592603e-01
