   6.9680137e+00  -3.3892177e-01  -2.4985734e-01   4.6086380e+00   5.0154430e+00   1.9964552e+00   7.2840894e+00   4.3190305e+00   4.2986205e+00   2.3636905e+00  -5.3678499e-01   8.5878706e-01   2.9616597e+00   6.2308463e-01   1.7182476e-01  -1.1179855e+00  -1.6546598e+00   4.3355973e-01   1.4208895e+00  -2.9242383e+00   5.8512262e-01   1.8311024e+00  -1.1782070e+00  -2.3848606e-01
   6.2213076e+00  -2.1516913e+00  -1.4032037e+00   5.1094685e+00   5.6409089e+00   3.6572715e+00   8.4167125e+00   5.6878227e+00   6.7777060e+00   4.0261510e+00  -6.0608613e-01   6.4736414e-01   2.5184614e+00   2.5467102e+00   7.0094366e-01   2.2629974e+00  -1.1548146e+00  -1.4592869e+00  -2.5476483e+00  -4.8636471e+00  -1.1409668e-02   6.8624064e-01  -1.1648358e+00  -7.4314752e-02
   7.5883050e+00  -1.6526462e+00  -3.9684421e-01   6.2285372e+00   5.4640362e+00   2.9669785e+00   8.7142541e+00   5.5875003e+00   5.7587309e+00   2.6482044e+00  -2.1106185e+00   6.4893679e-01   5.4854832e-01  -2.2190514e-01   4.2932414e-01   2.4697418e+00   1.4695899e+00  -1.6944702e+00  -3.2801571e+00   1.5492452e-01   4.4484569e-01  -6.3040885e-01  -8.8475848e-01  -1.3767445e-01
   8.3874057e+00   6.6716222e-01   1.3412067e+00   8.8129568e+00   6.2354966e+00  -9.4128764e-01   2.3797970e+00   8.2883249e-01   3.6214169e+00   2.4542081e+00  -1.2000949e+00   7.4038953e-01  -2.1885120e-01  -2.1243084e-01  -3.1460761e-01   4.2497619e-01   1.1739143e+00  -1.4240214e+00  -2.5766368e+00   2.1188589e+00   7.1536072e-01  -8.1830112e-01  -1.9347878e-02  -2.8924633e-02
   6.7077872e+00  -2.0812062e+00  -9.7807635e-01   6.4615065e+00   6.9225340e+00   1.7540295e+00   5.3823114e+00   6.9809124e+00   6.5440336e+00   2.2040487e+00  -1.5669183e+00   6.0576268e-01  -8.0915326e-01  -2.6863763e-01  -2.0465662e-01  -1.7901654e+00   1.0416721e+00  -1.9851290e+00  -1.6907093e+00   2.7300816e+00  -1.3170952e-01  -2.8538643e-01   7.2405365e-01  -2.1568550e-01
   6.3332896e+00  -2.2560575e+00  -1.5844991e+00   5.6304481e+00   6.6725315e+00   2.1277139e+00   6.2177286e+00   8.1694050e+00   7.4580958e+00   3.0207772e+00  -9.0695802e-01   6.2556425e-01  -1.9343519e+00  -2.7175421e-02   1.5104895e+00  -3.6925848e+00   7.8423009e-01  -1.0642875e+00   4.9859855e+00   5.4794014e+00  -1.8357374e+00  -7.6419374e-01   5.4596138e-01  -3.6180374e-01
   7.4016331e+00  -5.9399275e-01   7.5902374e-01   5.1345435e+00   6.8080269e+00  -1.5452158e+00   4.2592244e+00   6.0123365e+00   3.6428272e+00   1.9368403e+00  -1.1711064e+00   3.8282118e-01  -9.0228452e-01   1.9218826e-01   3.3411224e+00  -1.1151768e+00  -5.0323475e-01  -5.6885675e+00   5.8598776e+00   2.2989392e+00  -4.3159239e+00  -2.9456094e-01   1.1676548e+00  -1.3357233e-01
   5.1389549e+00  -1.1720766e-01   2.7383909e+00   3.9375611e+00   7.4690953e+00  -8.8809624e-01   1.0420319e+01   9.5322225e+00   2.3184141e+00   1.4415217e+00  -5.7905877e-01   3.0915467e-01  -1.8823356e+00  -1.0298629e+01  -1.5208581e-01   3.7747232e+00  -1.0415977e+00  -4.6316026e+00  -1.5690338e+00  -3.8778595e+00  -5.6140117e+00  -7.8355784e-01   1.9887918e+00  -1.2997573e-01
   5.9515277e+00  -2.8623488e+00   1.8721623e+00   5.6351848e+00   5.7694000e+00  -5.2709167e+00   1.2070833e+01   9.7479125e+00   2.6399886e+00   2.5518350e+00   2.0614301e-02   5.6360898e-01  -1.4831100e+00  -1.8278737e+01  -4.6142813e+00   6.8316054e+00   3.1945390e-01  -2.2418724e+00  -2.1418422e+00  -3.5198120e+00  -9.4958419e-01  -6.0008971e-01   1.7804694e+00  -1.1510126e-01
   4.2348389e+00  -1.6569823e+01  -2.3691970e+00   1.1042212e+01   5.6294485e+00  -2.9568396e+00  -4.1626258e-02   4.8482769e-01  -4.6150240e-01   1.5379430e+00   1.4803692e+00   3.4020675e-01   2.1629984e+00  -1.8238729e+01  -6.4052863e+00   6.2159616e+00  -5.4411205e-01  -5.9336944e+00  -4.4870518e+00  -4.9605449e+00   1.7781317e+00   3.2897990e-01   1.3911879e+00  -5.3687402e-02
   5.6290261e+00  -1.9785790e+01  -3.6086043e+00   1.1829626e+01   8.2070312e+00  -3.8736527e+00   6.2774336e+00   5.2563159e+00   3.6084092e+00   9.8849503e-01   4.6988371e-01   1.9464324e-01   3.4102532e+00  -9.4701251e+00  -5.8354098e+00   2.6256254e+00  -4.7978888e-01  -6.8299216e+00  -2.3671765e+00  -1.4126195e+00   2.2772998e+00  -3.3464277e-01   1.0549360e+00  -1.0361595e-01
   8.5447034e+00  -1.9013581e+01  -4.1291553e+00   1.0164283e+01   5.4341116e+00  -1.0487270e+01   6.5864407e+00   4.3372035e+00   4.5014014e+00   2.7166616e+00   1.2830884e+00   4.1310644e-01   4.3953688e+00   1.5662318e+00   1.1658105e-01  -2.5931738e+00  -2.9867882e+00  -4.5914665e+00   3.0007259e+00   3.8317955e+00   1.7243284e+00   1.2211297e+00   2.3224120e-01   3.9442286e-02
   8.9119753e+00  -1.5845658e+01  -6.0009733e+00   1.0012587e+01   5.1473851e+00  -1.1750584e+01   5.2060345e+00   5.7027954e+00   3.5744864e+00   1.4605116e+00   1.7016588e+00   3.7173521e-01   3.3594539e+00   7.6210018e-01   1.4273504e+00  -4.4541992e+00  -5.4633629e+00  -4.8273177e-01   3.1945664e+00   3.2438597e+00   3.7989136e-01   1.4210248e+00   1.2371950e+00   2.8661138e-01
   9.1864175e+00  -1.6190542e+01  -9.9814092e-01   8.0609708e+00   2.6790892e+00  -5.9055737e+00   4.9951621e+00   6.0092813e+00   2.1419516e+00   3.1336294e+00   1.2128435e+00   3.1082420e-01   1.6408675e+00  -4.4772208e-01   7.1551372e-01  -2.6366800e+00  -5.3340907e+00   4.0263611e+00   6.1617494e+00   4.9755305e+00   1.8373366e-01   5.9344484e-01   6.3329823e-01   3.3317681e-01
   1.0347350e+01  -2.0054159e+01  -3.0330858e+00   6.1999834e+00   1.3894981e+00  -6.8885984e+00   1.1864922e+01   9.2860666e+00   5.3579711e+00   2.9115484e+00   2.3607987e+00   6.7570143e-01   5.0070465e-01  -2.9686867e-01  -3.3125919e-01  -1.6428412e+00  -4.7825306e+00   4.3479896e+00   5.6943456e+00   4.5507975e+00   3.3976008e-01   5.2815292e-01   2.4885081e-01   3.9738957e-01
   1.0288317e+01  -1.7580913e+01  -4.5398285e+00   8.1155649e+00  -6.8808092e-01  -6.8787210e+00   1.2499621e+01   1.0008864e+01   3.8852595e+00   2.8813104e+00   1.9034658e+00   7.6088854e-01  -4.4081001e+00   7.4543823e+00  -3.6673448e-01  -3.3870639e+00  -4.2983128e+00   4.4445953e+00  -4.8566210e-01  -4.1757002e-01  -1.0338798e+00  -1.2875166e+00  -2.4916779e-01   5.9145638e-02
   9.1120824e+00  -1.5595775e+01  -4.7270184e+00   7.5210286e+00  -3.4282576e-01  -4.7420259e+00   9.9953235e+00   1.0529201e+01   3.2124725e+00   2.3789005e+00   1.7296238e+00   7.4278739e-01  -1.7346987e+00   7.0603952e+00  -4.7153139e-01  -1.1567401e+00  -3.6272890e+00   3.6719309e+00  -8.3040630e-01  -2.7868230e+00  -2.4271281e+00  -1.4975626e+00  -1.0490014e+00  -3.1416076e-01
   3.1919011e+00  -7.2381601e+00  -7.0127636e-01   2.3198524e+00  -2.9022181e+00  -3.1196697e-01   5.2014685e+00   4.7613593e+00   1.6638811e+00   1.4686784e+00   1.1546792e+00   3.6599968e-01   1.4017310e+00   1.9421692e+00  -1.0394405e+00  -1.1928421e+00  -2.6967979e+00   1.4513885e+00   3.3168697e+00  -1.9186293e+00  -8.1695278e-01  -9.3375791e-01  -6.8747964e-01  -2.8207449e-01
   1.1293510e+01  -1.4634943e+01  -5.6596589e+00   7.3627295e+00  -2.9443668e+00  -4.6640792e+00   1.4268389e+01   7.7295843e+00   2.8279682e+00   1.3715205e+00   1.1616898e+00   4.0190473e-01   4.6865432e+00  -1.0609323e-01  -1.6519696e+00   2.3652897e+00  -3.4763848e+00  -9.5332124e-01   5.8256760e+00  -1.2690123e+00  -2.0513779e+00  -1.1931671e+00  -6.4373033e-01  -7.3558567e-02
   1.1300200e+01  -1.5148075e+01  -5.6326689e+00   6.4054514e+00  -3.4325072e+00  -4.7406117e+00   1.5338393e+01   8.5307278e+00   2.8520825e+00   1.9843635e+00   1.1562134e+00   5.0821813e-01   6.4909821e+00  -3.1015514e+00  -1.6438774e+00   2.5766111e+00  -1.3275452e+00  -1.1273938e+00   4.3679736e+00   2.9238309e-01  -3.1169218e+00  -1.0745711e+00  -3.8010125e-01   8.7902298e-02
   1.2087748e+01  -1.1799957e+01  -4.7392765e+00   9.0261636e+00  -5.2922584e+00  -3.9576854e+00   1.3665375e+01   6.7409979e+00  -4.5869502e-01   3.3130726e-01   7.6326127e-01   5.6134031e-01   1.5113827e+00  -2.8399826e-01   8.4892824e-01  -2.5149314e+00  -5.6833588e-01   2.2221044e+00  -8.3232955e-01  -3.8139191e-01  -3.1644253e+00   2.6577177e-01  -2.3004715e-01   8.5264643e-02
   1.2531255e+01  -1.3307980e+01  -3.6272837e+00   5.3530520e+00  -3.7195900e+00  -2.3562545e+00   1.2054936e+01   5.6942271e+00  -1.3681700e+00   3.7692828e-01   7.8374161e-01   4.1813533e-01   1.0644750e+00  -2.8296722e+00  -8.0869317e-02  -3.6577889e+00   1.2883872e+00   2.3847055e+00   1.4196482e+00   1.5471570e+00  -7.5376143e-01   1.7090593e+00   1.4336581e-01   2.2819105e-04
   1.2945056e+01  -1.5980988e+01  -5.3889592e+00   4.1165320e+00  -3.6533292e+00  -2.5231012e+00   1.4661623e+01   8.5757467e+00   1.9145655e-01   2.5738958e+00   1.0028549e+00   5.7484309e-01  -2.4118936e-01  -5.7665034e+00  -1.4893481e+00  -5.4518454e+00   3.5970775e+00   9.7582491e-01   3.4931234e+00   4.3508674e+00   3.2713492e+00   3.3207848e+00   7.3970767e-01   2.1122166e-01
   1.2468258e+01  -1.7302069e+01  -5.4291315e+00   3.3735838e+00  -2.3193910e+00  -1.8808455e+00   1.6969741e+01   9.9340888e+00   1.3963646e+00   3.4266583e+00   1.2514653e+00   5.0180902e-01  -5.2604417e-01  -3.2757234e+00  -2.0291658e+00  -2.5787938e+00   2.5466249e+00  -2.0689274e+00   3.7166728e+00   3.8653541e+00   3.1746918e+00   2.1370242e+00   3.2016289e-01   3.6335560e-01
   1.1757462e+01  -1.8452668e+01  -6.0723747e+00   1.8381296e+00  -5.9674174e-01  -2.7316526e+00   1.6447658e+01   1.1147368e+01   3.0660616e+00   3.7876195e+00   1.6389609e+00   8.3633596e-01  -1.1989382e+00  -3.4683305e-01  -1.1950032e+00  -1.3103757e+00   1.4543984e+00  -2.1069171e+00   8.8864586e-01   1.5892098e+00   1.8359031e+00   6.8054408e-03  -8.6277310e-02   3.1629648e-01
   1.2335986e+01  -1.6985725e+01  -6.3293246e+00   2.6240625e+00  -1.4279464e+00  -5.3553699e+00   1.6736928e+01   1.0206447e+01   1.9565652e+00   2.9756027e+00   9.4593293e-01   8.3242230e-01  -2.6896684e+00   1.9976443e+00  -1.6391802e+00   7.2397335e-01  -1.4523109e+00   2.0748379e-01  -3.4718049e+00  -5.7068276e-01  -2.3598255e-01  -1.5322669e+00  -1.2040740e-01   1.0664980e-01
   1.1212785e+01  -1.6659409e+01  -6.7313675e+00   2.5257291e+00  -1.9174539e+00  -3.9462146e+00   1.6110999e+01   1.0823382e+01   2.6652108e+00   2.8096317e+00   1.0262051e+00   8.8398117e-01  -1.3698726e+00  -2.2137026e-04   4.5627335e-01   6.3044132e-01  -1.9028506e+00   2.2197323e+00  -3.3649959e+00  -1.6673709e+00  -1.3660640e+00  -1.5175551e+00  -1.4892647e-01   3.8780445e-02
   8.7060942e+00  -1.5202232e+01  -7.5584054e+00   4.1157441e+00  -3.8375013e+00  -9.6233883e-01   1.1930363e+01   9.2400577e+00   1.2428161e+00   1.6172519e+00   1.3772321e+00   6.3796112e-01   6.0438283e-01  -4.1901900e+00   2.8893793e+00  -2.1360853e+00   1.2624165e+00   2.6238267e+00  -1.7904862e+00  -1.3896462e+00  -1.0240805e+00  -6.7339005e-01   2.6378979e-01   1.1412881e-01
   1.1517599e+01  -1.9344747e+01  -4.7734243e+00   2.0379508e+00  -2.2462402e+00  -1.5985697e+00   1.3803446e+01   9.1295067e+00   1.3738401e+00   2.1904623e+00   1.1999217e+00   9.9173722e-01  -4.0095700e+00  -3.8836148e-01   1.7998377e+00  -3.2657530e+00   1.4085118e+00   3.8501442e+00  -2.7978963e+00  -1.4974888e+00   1.0163800e+00  -4.5219966e-01  -2.2025323e-01  -7.2231277e-02
   1.3090153e+01  -2.1928341e+01  -2.9742273e+00  -3.3617624e-01   6.3007152e-01  -2.5934523e+00   1.5204975e+01   8.9689159e+00   1.0661298e+00   2.2751023e+00   1.2547593e+00   9.4973749e-01  -2.4770653e-02  -2.1019850e+00   8.0771476e-01  -1.4890788e+00   1.1612361e+00   8.0560517e-01   8.9161082e-01  -1.8454594e+00   9.9974853e-01   1.1477576e+00  -1.0247284e+00  -3.2291709e-02
   3.0064005e+00  -1.3878897e+01  -6.3236999e+00  -1.4694027e-01  -2.0384727e+00   2.6445585e+00   1.0276849e+01   8.7127197e+00   4.2781240e+00   1.8024070e+00   7.5706164e-01   6.1974607e-01   7.6162174e-01  -6.9026811e-01  -1.4400445e+00   2.0325983e+00  -8.0461832e-01  -3.6799348e-01   1.4198870e+00  -2.1948172e+00  -2.8239442e-02   9.4646545e-01  -1.2821944e+00  -2.6111837e-01
   1.2924538e+01  -2.1088134e+01  -5.5716954e+00   2.9745715e+00  -2.1995309e+00  -1.8754951e+00   1.5031078e+01   6.6802621e+00   1.2902970e+00   3.5329160e+00   6.1569481e-02   7.7551913e-01  -3.1309307e-01   6.1301613e+00  -5.5948648e-01   1.2155715e+00  -4.6580951e+00  -2.8018599e+00  -4.4957131e+00  -3.4243109e+00  -3.4213227e+00  -2.0756892e+00  -5.3034311e-01  -4.8565174e-01
   1.2742840e+01  -2.0800253e+01  -5.6347570e+00   3.4314744e+00  -2.0383665e+00  -2.5095385e+00   1.6020225e+01   6.9816077e+00   1.2193974e+00   2.9812537e+00  -1.2677499e-01   6.8716885e-01   4.5281176e+00   1.2937211e+00   9.3298620e-01  -5.6153861e-01  -1.6318474e+00  -3.4411227e+00  -8.7707940e-01  -4.0877310e-01  -3.2478132e+00  -1.9963418e+00   5.3821112e-02  -2.3211558e-01
   7.7522939e+00  -9.2724212e+00  -4.1579285e+00  -3.0202632e-01  -6.3571243e+00  -4.2191936e+00   5.5897168e+00   4.6980056e+00  -2.5364909e+00  -1.4278547e+00   9.0116300e-01   1.8754849e-01  -2.5894341e+00   5.4963088e+00  -1.5033974e+00  -1.7556374e+00  -5.6181737e-01   1.5336101e+00  -2.8080834e+00   2.3699289e+00   2.6106271e-01  -2.1860859e+00   5.4692087e-01  -1.2486146e-01
   1.2384699e+01  -1.7846171e+01  -5.6311041e+00   6.4905071e-01  -2.4074471e+00  -1.3452763e+00   1.3681910e+01   9.0906884e+00   1.3197982e+00   1.2882797e+00   4.1799655e-01   5.6555803e-01  -2.4654205e+00   5.4230340e+00  -1.0361598e+00  -7.5841802e-01   1.5057001e-01   2.7642132e+00  -3.5562051e+00  -1.0234768e+00   3.1357163e-01  -4.7808112e-01   6.9984874e-01   4.0045081e-02
   9.2194571e+00  -1.4320711e+01  -7.8286180e+00   1.7323273e+00  -2.8577166e+00  -1.5721102e-01   1.1988110e+01   9.1806152e+00   1.6316906e+00   1.1002741e+00   6.0956501e-01   6.4903235e-01   2.3002459e+00  -2.6870132e+00   4.1787511e-01   1.3405041e+00   6.1059002e-01   2.7026522e+00   1.1419773e+00  -2.1015411e-01   2.0746540e+00   6.7043130e-01  -2.2460402e-02   2.6291651e-01
   8.3111273e+00  -1.0141556e+01  -5.3536520e+00   1.2766706e+00  -3.5622153e+00  -3.9420991e-01   7.4867204e+00   3.2050877e+00  -3.9433591e-01   1.0000675e+00   1.0687971e+00   5.1649454e-01  -6.3572411e-01  -4.3068793e-01   2.2629966e-01   4.7899337e-01  -1.2704830e+00   2.2897787e+00  -1.7199892e+00   4.2756736e-01   1.2113047e+00  -2.8411203e-01   5.3401655e-01   4.2430882e-02
   1.3239448e+01  -1.7155249e+01  -3.6698419e+00   1.3949199e+00  -4.8638552e+00  -6.4074855e-01   1.0400278e+01   7.3255747e+00   1.4325572e+00  -2.7810171e-01   5.4207211e-01   6.0645499e-01   2.7852415e+00  -5.4331275e+00   1.3438717e+00  -6.6457980e-01  -5.7412293e-01   1.1131888e+00   3.8785958e-01   2.5652033e+00   1.0729955e+00   5.0553234e-02   3.4755119e-01  -2.9177831e-02
   9.4211169e+00  -1.7074935e+01  -7.3710427e+00   1.5362445e+00  -3.3101024e+00   2.3311605e+00   1.1895843e+01   1.0659560e+01   3.2363220e+00   1.5512995e+00   1.2527678e+00   6.5049303e-01  -8.4396432e-01  -2.2233053e+00  -1.4587933e+00  -7.3158072e-01  -1.2087145e+00   4.2686763e-01   1.9343315e+00   3.3499282e+00   1.0759200e+00  -3.6706399e-01   1.2942908e-02   9.8928027e-02
   1.2842325e+01  -1.9003714e+01  -4.8041151e+00   6.0567063e-01  -3.8449575e+00   1.4988705e-01   1.0365339e+01   9.3011842e+00   1.4258550e+00   9.0048797e-01   1.0389064e+00   5.3826636e-01   4.0039801e-01  -3.5505737e-01   1.3999606e+00  -2.3547483e+00  -3.9463404e-01  -1.1001712e+00   3.5028112e-01  -1.7105683e+00  -7.6993489e-01  -5.0869434e-01  -5.5026644e-02  -4.6226427e-02
   7.2437428e+00  -1.2552282e+01  -6.9747054e+00   5.7392416e-01  -5.8847359e+00  -1.4922626e-01   1.0405687e+01   7.2421753e+00   1.2228952e+00  -1.3982327e-01   8.3979432e-01   6.9898090e-01   8.1762180e-01  -3.4290688e-01   1.8559518e+00  -1.7898630e+00  -2.0258669e+00  -3.6968303e-01   1.6498511e+00  -1.1338408e+00   3.0120451e-01  -8.0988933e-01  -2.0811991e-01   2.0512674e-01
   1.4928732e+01  -1.9949161e+01  -1.7680696e+00  -1.6560425e+00  -4.1684895e+00  -1.0508120e+00   1.1670777e+01   6.4684144e+00   1.2843682e+00  -1.9558182e-01   6.6601891e-01   5.1287142e-01   1.4129710e+00  -3.5476968e+00   2.7084570e+00  -1.7772258e+00  -6.2358572e-01   6.6552426e-01   2.3766842e+00  -5.5854308e-01   2.1626712e+00  -7.7110028e-02  -7.9224397e-01   2.1138572e-01
   9.6043456e+00  -1.7116571e+01  -6.1051376e+00  -1.7693430e-02  -6.1871367e+00   2.3769855e+00   1.3717900e+01   1.0375183e+01   3.7588721e+00   8.8450043e-01   1.1270317e+00   9.7088061e-01   4.5843449e+00  -8.0821778e+00   2.8271241e+00  -1.6329067e-01   6.7945096e-01   7.0614408e-01   3.1605438e+00   3.1036184e-01   3.0761401e+00   1.6990700e+00  -9.7802495e-01   2.0751700e-01
   1.3781480e+01  -2.2043114e+01  -1.1762134e+00  -1.7643592e+00  -4.6291356e+00  -1.1493243e-01   1.2274258e+01   6.8968656e+00   3.4018732e+00   2.7266107e-01  -2.9307823e-01   7.1939508e-01   2.4976326e-01  -2.1366930e+00  -1.3610807e+00   2.8044250e+00  -9.4350966e-01   7.8379406e-01   8.5264044e-01  -3.9685028e-01   2.0925475e+00   1.6373038e+00  -9.7430131e-01   1.8094146e-01
   1.4693887e+01  -2.3628572e+01  -3.0299473e+00   3.8314653e-01  -4.6352364e+00   4.4205007e-01   1.4844762e+01   7.4934925e+00   4.7783528e+00   2.1746602e+00  -1.4769454e-01   9.0699457e-01   8.3921340e-01  -7.1033313e-01  -1.7626772e+00   1.6183571e+00   1.7756186e+00  -6.9069710e-01  -3.2659920e+00  -1.8417213e+00   2.9004764e-01   1.1661639e+00  -2.2932891e-01  -2.6493055e-01
   1.2758607e+01  -1.9898200e+01  -5.3472858e+00   2.3501750e+00  -6.3597042e+00   1.0923468e+00   1.2386307e+01   7.3139844e+00   3.9134492e+00   1.6152940e+00  -1.5806992e-01   8.1622663e-01  -9.2588655e-01   4.1836057e-01  -2.9715741e+00   2.7825827e-01   2.2817190e+00   1.5223294e+00  -3.4277016e+00   1.4550358e+00   9.0767329e-01   1.1405535e+00   1.4896381e+00  -2.7141926e-01
   1.1374602e+01  -1.9254528e+01  -6.6636173e+00   3.5257515e-01  -2.6584245e+00   7.3730022e-01   8.7628879e+00   7.4040419e+00   3.9381556e+00   1.9624299e+00   7.1553421e-01   5.2506901e-01   8.1666778e-02  -1.9360579e+00  -6.2392447e-01  -1.8604701e+00   1.9999899e+00   2.4179141e+00  -2.5744611e+00   3.3279943e+00   1.3802811e+00   7.0031987e-01   1.8764937e+00  -2.7013888e-01
   1.4052292e+01  -2.3602595e+01  -3.8167396e+00  -1.3316861e+00  -2.1949630e+00   2.0209366e+00   1.0173643e+01   9.1241446e+00   5.1834818e+00   2.0896066e+00   1.5097645e+00   5.0322898e-01   5.2412924e-01  -2.2421535e+00  -6.6001278e-01  -1.4005218e+00   1.4290146e+00   1.8621135e+00   4.4007515e-01   2.9044846e+00   1.5829819e+00   6.8346667e-01   1.1684813e+00  -4.6142249e-02
   1.4169544e+01  -2.4680461e+01  -4.7311071e+00  -5.6662802e-01  -3.7176221e+00   3.6046264e+00   1.2089403e+01   1.1580404e+01   6.2137582e+00   2.9879838e+00   1.8331288e+00   6.5828507e-01   1.6488541e+00  -2.2944384e+00   1.3175149e-01  -4.7296693e-01  -4.1822793e-01   1.4917724e+00   2.4392595e+00   2.2082503e+00   1.1275478e+00   4.1284837e-01  -1.2597942e-01   3.9495027e-01
   1.2147330e+01  -2.0548464e+01  -7.3035601e+00   7.0899392e-01  -3.6865835e+00   2.4518540e+00   1.1383162e+01   9.5825303e+00   5.1501207e+00   2.1277170e+00   1.0358547e+00   6.8040523e-01  -1.5028723e-01   5.6688822e-01  -1.7416750e+00   4.8927188e-01  -2.2934244e-01   7.0094292e-01   1.1165588e+00   6.3963987e-01   3.1008398e-01   3.0015785e-01  -6.5694188e-01   4.5574896e-01
   1.4800364e+01  -2.4223251e+01  -4.7225798e+00  -1.3772153e+00  -2.5399562e+00   2.7595001e+00   1.1817018e+01   1.0487224e+01   5.6461578e+00   2.5626472e+00   7.6351999e-01   1.0289063e+00  -2.7416084e+00   4.6627137e+00  -1.9973239e+00   1.1171910e+00   5.9022337e-01   1.9801653e-01  -2.5202250e-01  -1.6329779e+00  -2.0691273e+00  -5.1090769e-01  -7.6358684e-01   6.3078338e-02
   1.3511451e+01  -2.2980868e+01  -6.4335157e+00  -1.9248467e-01  -3.1278096e+00   3.4949142e+00   1.1984674e+01   1.0630194e+01   5.9324080e+00   2.7525116e+00   1.0591561e+00   1.0015418e+00  -3.3409100e+00   4.1717639e+00  -6.6095867e-01  -1.6447222e-01  -4.6479939e-01   1.4854621e+00   8.8592765e-01  -7.8032781e-01  -1.6471207e+00   3.0917731e-01   8.1576050e-02  -1.7742573e-01
   9.3750708e+00  -1.6470189e+01  -8.1621151e+00   1.5598978e+00  -3.1116740e+00   3.3801211e+00   1.1410613e+01   8.6071051e+00   2.7189237e+00   1.9092249e+00   6.7609787e-01   5.9233428e-01  -1.5191682e+00   1.7855452e+00   2.0855887e+00  -2.7677981e+00   4.2378623e-01   4.1570897e-01   2.1714741e+00  -1.5539678e+00  -9.3286418e-01   2.7207921e-01   5.5574162e-01  -4.4233612e-01
   9.8486114e+00  -1.8167349e+01  -6.5752304e+00  -1.0062709e+00  -4.0979237e+00   4.3697367e+00   1.2915256e+01   9.3520982e+00   4.1430567e+00   2.9181941e+00   1.2019298e+00   6.3255264e-01   3.2298527e-01   4.1325390e+00   3.2054938e+00  -1.1169254e+00  -1.5509224e-01  -5.5568501e-01  -1.0476336e+00  -4.4418723e+00  -2.4750767e+00  -9.6858342e-01  -1.4949404e-01  -4.3835036e-01
   1.4353032e+01  -2.3951693e+01  -1.5233395e+00  -5.1220193e+00  -1.4192198e+00   2.9456522e+00   1.4608938e+01   8.7953207e+00   5.1415372e+00   2.8879248e+00   1.5257456e+00   5.4989670e-01   2.7052285e+00   2.7203714e+00   3.5315639e+00   9.5573816e-03  -8.5078997e-01  -1.4829074e+00  -1.7324434e+00  -3.6881579e+00  -1.6188042e+00  -1.8488600e+00  -7.5040670e-01  -2.2087692e-01
   1.1506948e+01  -1.3041307e+01  -4.9446629e+00   1.4730858e+00  -4.2066751e+00   2.8786211e+00   8.8140612e+00   3.8732778e+00   1.0084861e+00   8.1028659e-01   4.1009122e-01   3.6523507e-01   1.4576659e-01   4.6621322e+00  -1.2265449e+00   3.0656908e+00  -1.6242797e-01  -1.3052594e+00  -1.7063445e+00  -2.9283438e+00  -2.2363078e+00  -1.2302169e+00  -8.5282625e-01  -1.4560704e-01
   1.2603745e+01  -1.4952653e+01  -3.6800530e+00   3.3455549e-01  -4.3334832e+00   1.9013179e+00   1.0862545e+01   5.8142785e+00   1.8580027e+00   1.8988877e-01  -5.3592879e-02   3.9467768e-01  -2.7709909e+00   3.4858128e+00  -3.5267858e+00   2.2296187e+00  -5.8033259e-01   6.9036576e-02   2.3441110e+00   2.0178718e+00   4.7171545e-01   1.8418347e-01  -3.4963114e-01   1.6236193e-01
   1.0941905e+01  -1.5673671e+01  -7.3366911e+00   8.6397783e-01  -2.8844339e+00   2.9340149e+00   1.2228935e+01   6.4501035e+00   2.4303623e+00   2.4218868e+00   7.1235968e-01   4.9175158e-01   1.1529698e-01  -3.2781072e+00   4.8211916e-01  -2.8053274e+00   1.1345425e+00  -7.4762508e-01   3.0708401e+00   3.0247903e+00   3.2122806e+00   1.0217251e+00  -3.8304853e-01   2.4350490e-01
   1.0479067e+01  -1.7406792e+01  -5.6175041e+00  -1.4730373e+00  -2.9508392e+00   3.0215102e+00   1.6417667e+01   1.0533716e+01   5.1381722e+00   2.3583998e+00   8.5016464e-01   7.3018134e-01  -4.3193839e-01  -8.6610517e-01   5.3516534e-02  -1.5020411e+00   5.2862963e-01   2.1539222e-01  -2.1258403e-02   1.1575344e+00   3.1881952e+00   1.1918038e+00  -4.2614776e-01   1.0760753e-01
   1.2742233e+01  -1.6731399e+01  -3.2527586e+00  -1.8311090e+00  -3.1961833e+00   1.1970873e+00   1.0642761e+01   6.0507447e+00   4.1868223e+00   1.2586186e+00  -6.1636034e-01   5.6274059e-01   2.3676107e-01   4.0288418e-01   1.6446025e+00  -1.1805787e-01  -5.4568313e-01   6.8969091e-01  -9.0077581e-01   1.0693372e+00   2.8811193e+00   8.9503153e-02  -1.1480197e+00  -7.7567677e-02
   1.1055674e+01  -1.5722947e+01  -5.6417445e+00  -5.7096279e-01  -3.3846641e+00   3.0928700e+00   1.1623745e+01   7.7502596e+00   5.7620656e+00   2.5592286e+00  -2.8454513e-02   5.2059448e-01  -1.1284446e+00   3.0827149e+00  -1.3653767e+00   1.9590638e+00  -7.7921141e-01   1.2924709e-01  -1.4693131e+00   1.2966237e+00  -2.8572363e-01   9.1748278e-01   7.2448212e-01  -3.0534482e-01
   1.1008743e+01  -1.5911268e+01  -4.8576672e+00   2.3585380e-01  -3.4860462e+00   3.9328713e+00   1.3274733e+01   9.4458374e+00   6.4400945e+00   2.4557272e+00  -5.7036029e-01   4.8019350e-01   1.9104073e+00   5.2546917e-01   7.1972224e-01   1.2210216e+00  -4.0462338e-01  -3.1892833e+00   4.0451784e+00   2.4889951e-01  -1.9959428e+00   4.8292062e-01   1.5248858e+00  -1.1297048e-01
   9.6531453e+00  -1.3192785e+01  -6.8631148e+00   4.3207709e-01  -3.9747249e+00   1.8474888e+00   1.2897711e+01   1.0781105e+01   3.5829507e+00   3.1360698e+00   1.9138878e+00   3.1343765e-01   3.2443794e+00   4.3150589e-01   1.7029341e+00   1.7835608e+00  -2.5746249e+00  -3.7442748e+00   3.9711188e+00  -1.6588736e+00  -3.8145895e+00  -1.7998090e-01   1.0326939e+00   7.2527164e-02
   1.6309108e+01  -1.7208276e+01  -1.5624900e+00  -5.0109654e-01  -3.5080880e+00  -2.9641472e+00   1.6073545e+01   4.9086713e+00   2.2824656e+00   1.6945790e+00   6.9979727e-01   4.9686329e-01  -9.8594462e-01   5.4672360e+00   1.5129043e+00  -7.0424465e-01  -1.2593448e+00  -1.1064200e+00  -3.6647360e+00  -5.8045276e+00  -3.9157998e+00  -1.3968862e+00   6.4472965e-01   1.9257827e-01
   1.3272060e+01  -1.4427184e+01  -4.7349319e+00   2.4728536e+00  -7.2355805e+00   9.2496705e-01   1.6181017e+01   7.5305322e+00   2.1189957e+00   2.6698314e+00   8.8550762e-01   6.2105033e-01   9.9742905e-01   1.5655168e+00   5.2174624e+00  -1.8824806e+00  -1.4791423e+00  -2.6305307e-01  -9.8238223e-01  -6.3739207e+00  -1.5137522e+00  -1.0444729e+00  -7.4504644e-01   2.5636936e-01
   7.7203689e+00  -7.0932142e+00  -3.6524022e+00  -1.8409014e+00  -3.7446355e+00   2.7345022e+00   6.1359758e+00   2.3643323e+00   1.2983722e+00   5.9351703e-01   9.1092427e-01   6.1525456e-01  -5.7747353e-01   7.5803755e-01   3.2260703e+00  -1.4824201e+00  -1.2788334e+00   1.9543517e+00   2.2998394e-02  -2.3304228e+00  -3.3995461e-01   1.0777153e+00   3.3029648e-02   4.6036837e-02
   1.5443658e+01  -1.5902041e+01   2.0080348e+00  -1.7217413e+00  -6.0751645e+00  -1.3964155e+00   1.6392923e+01   2.4923933e+00   1.8043690e+00   2.1198915e+00   6.9075464e-01   6.3879606e-01   1.1994936e+00  -1.5561998e+00   2.4928308e+00  -1.2523276e-01  -1.3531185e+00   1.0084080e+00   2.9751639e+00   8.1167539e-02   1.9935343e-01   1.4757219e+00   2.1463346e-01  -1.8098501e-01
   1.4357098e+01  -1.5333791e+01  -9.4867995e-02  -6.2742915e-01  -6.0065460e+00   1.1280716e+00   1.6002090e+01   3.9321066e+00   1.9298470e+00   3.5861218e+00   8.4671823e-01   5.5704568e-01   9.7804464e-01  -3.2998667e+00   3.3359698e-01   2.5643863e+00  -3.8057894e+00   1.7219415e+00   6.4204443e+00   4.1907490e+00   1.5798330e+00   2.5529144e+00   5.1361707e-03  -8.8377228e-02
   1.1752936e+01  -1.2641195e+01  -2.7744528e+00   1.6782683e+00  -8.1343030e+00   3.2407943e+00   1.5710706e+01   6.8683963e+00   2.1022885e+00   3.3871118e+00   1.2395608e+00   3.7867726e-01  -3.9466511e+00   1.8860723e+00  -2.6438828e+00   2.6821289e+00  -2.5500339e+00   3.0521308e+00   1.1331600e+00   3.4331506e+00   2.0888485e+00   1.2007286e+00  -2.8574119e-01   6.1571881e-02
   1.1032797e+01  -1.3673437e+01  -7.6076291e-01   3.0567319e-01  -8.4237504e+00   2.9988095e+00   1.6107751e+01   6.4624543e+00   3.5191620e+00   3.7892784e+00   6.4422544e-01   6.1274812e-01  -7.8840753e-01  -1.4294458e+00  -3.5934111e-01   1.7559116e+00  -1.7790532e+00   5.1239750e-02   5.2013064e+00   1.5310313e+00   3.4851680e+00   1.3346007e+00  -6.1548297e-01   4.4771928e-01
   1.1185832e+01  -1.3903109e+01  -1.6248420e+00   1.8349008e+00  -8.6916132e+00   2.2464118e+00   1.8039832e+01   6.3769452e+00   4.1429843e+00   3.8194061e+00   3.6338924e-01   7.0330267e-01   3.9817303e+00  -6.5308480e-01   4.7813675e+00  -3.8472192e-01   2.4005685e+00  -2.9519728e+00  -6.1592637e-01  -2.7241349e+00  -7.8032088e-01  -5.7648986e-01  -8.5413475e-01   2.7153803e-01
   1.3458039e+01  -1.6847003e+01  -1.2086850e+00   1.9281219e+00  -8.3964707e+00   1.7021225e+00   2.2639486e+01   6.4743792e+00   6.1372512e+00   5.3718758e+00   3.6157956e-01   1.0663119e+00   2.9736996e+00   8.3927892e-01   2.5017480e+00   1.0654091e+00   2.0251682e+00  -2.3894788e+00  -1.4179169e+00  -3.5297588e+00  -2.8463428e+00  -6.9442237e-01  -2.9950365e-01  -4.1976870e-02
   1.6512910e+01  -1.2034040e+01   4.6215596e+00   2.8996108e-01  -4.5470901e+00  -5.3882143e-01   1.1520949e+01   2.7762316e+00  -3.7723742e-01   1.7310783e+00   9.9681634e-02   5.5920241e-01   2.8321687e+00  -8.7069637e-01   3.7120221e+00  -1.5100330e+00   3.1755250e+00  -3.6887494e+00  -3.7334032e-01  -5.1013575e+00  -3.0162414e+00  -8.1759006e-01  -2.6326498e-02  -1.4326073e-01
   1.2829807e+01  -1.3349053e+01  -1.3134170e-01   2.6762566e+00  -7.4582596e+00   8.0720796e-01   1.7240317e+01   2.9681729e+00   1.5097586e+00   3.7918087e+00   3.2682377e-01   6.2183294e-01   6.9503017e-01  -1.2961885e+00   2.4390095e+00  -2.0632242e+00   2.2669421e+00  -2.9237551e+00   1.8765245e+00  -3.0789687e+00  -1.8017510e+00  -9.0562993e-01   1.9178811e-02  -1.8040468e-01
   1.5748201e+01  -1.6958128e+01   3.4045195e+00  -8.0421596e-01  -4.3974313e+00  -2.8392550e+00   2.0179406e+01   4.7801214e-01   1.9323684e+00   3.3830546e+00   3.4127739e-01   7.1065105e-01  -6.0217434e+00   2.8591953e+00  -1.4536228e+00  -8.8921893e-01  -1.1163941e+00   8.5521344e-01   5.8520874e-01   6.6327591e-01   5.6713591e-01  -6.7588132e-01   4.6824716e-01   3.4533169e-02
   1.4882939e+01  -1.6329241e+01   3.0583493e+00  -6.1962589e-01  -5.0708869e+00  -1.5332933e+00   2.1125044e+01   3.0050359e+00   2.2798217e+00   3.1874428e+00   2.6954990e-01   7.1998056e-01  -4.9436091e+00   5.3220190e+00  -1.5066977e+00   5.7012152e-02  -1.4677406e+00   1.8228490e+00  -5.6068425e+00   3.1708414e+00  -8.8512489e-01  -1.7388907e+00   6.0287408e-01  -2.2162205e-01
   6.4537296e+00  -6.2551528e+00   8.4627993e-01   6.0407395e-01  -7.4153677e+00   1.9142494e+00   1.0456398e+01   3.7527140e+00   8.8434912e-02   1.0194393e+00   8.3068931e-01   5.6192836e-01  -1.1545072e+00   2.3254632e+00  -3.1488895e+00   3.9677724e+00  -3.6376581e+00   2.0730252e+00  -3.3921736e+00   2.2706240e+00   2.8944535e-01  -1.1564267e+00   5.6695483e-01  -2.7353813e-01
   1.0061629e+01  -1.0717513e+01  -1.1122685e+00   2.0576299e+00  -8.1509023e+00   1.1647292e+00   1.3691557e+01   6.0870840e+00   1.1040381e+00   2.3652802e+00   9.8642894e-01   3.6376121e-01   1.0909409e+00  -7.5106344e-01  -2.8690091e+00   3.2349876e+00  -1.3673331e+00   3.1940765e+00  -5.5053517e+00  -6.1426982e-01   1.0121737e+00   1.2195052e-01   9.2758706e-01  -2.7819248e-01
   1.6427095e+01  -1.6275798e+01   7.6649414e-01   3.8088148e+00  -8.3139108e+00  -1.0787284e+00   1.8807889e+01   2.3429241e+00   2.9544283e+00   2.0594958e+00   8.3327012e-01   4.7845352e-01   1.8573908e+00  -1.6259436e+00  -2.9376882e+00   3.5313006e-01   1.8495960e+00   2.4417836e+00   1.6205563e+00   1.3537626e+00   1.2693511e+00   1.1213929e+00   1.3788175e-01  -1.6462408e-01
   1.1532667e+01  -1.2445514e+01  -1.2052715e+00   2.6304851e+00  -6.6726150e+00   4.7543104e+00   8.6912709e+00   2.7885261e+00   2.3650856e+00   2.8503404e+00   1.6596401e+00   3.4442926e-01   8.9385035e-01   2.1590845e+00  -2.2973611e+00  -1.8260044e+00   3.2606522e+00   5.5864519e-01   1.2274165e+00   1.1282052e-01  -2.2620658e-01  -6.1451533e-01  -3.6407225e-01  -1.1124905e-01
   8.5042969e+00  -7.8300676e+00  -3.5137508e+00   8.4734145e-01  -5.3801174e+00   3.7821342e+00   1.5387376e+01   7.4326368e+00   1.3619378e+00   2.4589986e+00   7.0090636e-01   3.2465822e-01  -3.5888253e+00   4.4683187e+00  -4.8381507e+00  -3.2074218e+00   3.4431148e+00   2.3992127e+00   1.0464785e+00   5.0492629e+00   8.7979913e-02   3.3416855e-01   1.3124904e-01  -1.1231165e-01
   1.5363804e+01  -1.1701751e+01  -2.4181877e+00   7.9935998e-01  -4.7268208e+00  -4.2773435e-01   1.7242939e+01   3.7114584e+00   1.5609734e+00   1.2437558e+00   5.0650245e-01   2.7378529e-01   4.5708230e+00   2.1744674e-01  -3.9946403e+00  -7.3147924e-01   3.5555288e+00  -3.7497682e+00   2.9869570e+00   5.1623242e-01   8.6418411e-02   4.5720408e-01  -4.4178591e-01  -1.5586362e-01
   9.1282887e+00  -9.9452012e+00  -5.8842739e+00  -8.6755360e-02  -4.1221358e+00   5.1111130e+00   1.6101773e+01   9.4553522e+00   3.4884543e+00   3.3640409e+00   1.6067125e+00   3.4530803e-01   3.5555587e+00   9.8858638e-01  -1.9595885e+00  -8.2454404e-01   2.0055670e+00  -2.2568165e+00  -5.2351414e+00  -6.2922329e+00  -7.8878189e-01   1.7772540e+00  -6.7348436e-01  -3.6075317e-01
   1.8076906e+01  -1.1061777e+01  -6.0119705e+00   2.0003146e+00  -1.9683126e+00  -1.5348314e+00   1.2814508e+01   2.5515170e+00   1.4314550e+00   3.0836254e+00   5.4405815e-01   1.0030892e-01  -4.2375842e-01   2.3604624e+00   8.3589199e-01  -5.2933024e+00   2.0463482e+00  -1.6208122e+00  -4.6823692e+00  -6.5262808e+00  -3.1068727e-01   2.5448777e+00  -1.0265867e+00  -3.4128039e-01
   1.2481084e+01  -6.6671751e+00  -4.6562422e+00  -9.8995193e-01  -3.7510209e+00   9.5045795e-01   9.7488793e+00  -1.4257418e+00   2.4352419e-01   4.2049449e+00  -3.2809803e-01  -1.2973336e-01   8.0372974e-01  -2.4227496e-01   3.8206571e+00  -7.1914433e+00   2.3813469e+00  -3.5766318e+00   1.1567913e+00  -6.4454129e+00   4.5708682e-01   1.7271898e+00  -9.7696815e-01  -2.6100887e-01
   1.3051769e+01  -9.8000703e+00  -1.7783656e+00  -6.6889953e+00  -1.8428559e+00  -7.7862515e-01   1.3395832e+01  -6.3741573e-01   2.7174075e+00   4.6406204e+00  -6.5972302e-02  -6.1460025e-04  -3.1017581e+00   5.3205217e-01   2.3161425e+00  -7.4231533e+00   8.9883670e-01   2.3162894e+00   2.0737096e-01   1.3730617e+00   1.8126355e+00   1.4240813e+00  -1.0780338e-01   1.0876571e-01
   1.2846452e+01  -1.0939467e+01  -2.2700907e+00  -6.5292653e+00  -6.1284383e-01  -6.3193775e-01   1.7546298e+01   1.3816992e+00   3.5311082e+00   5.1763281e+00   4.4627549e-01   4.2564804e-03  -4.0908649e+00   1.9933165e+00  -4.1220977e-01  -3.2036966e+00  -6.6684953e-01   1.5198707e+00  -3.4680359e+00   4.4435123e+00   7.7428373e-01  -3.0598029e-01   1.2373260e+00   3.9759114e-01
   1.3241585e+01  -8.1275526e+00  -3.7308325e+00  -6.3647586e+00  -2.1891461e+00   2.7308006e+00   9.2268549e+00   3.2073891e+00   2.5066163e+00   4.7340558e+00  -4.8336865e-03   1.9646257e-01  -2.4932928e+00   4.2061601e+00  -2.0027498e+00  -1.3720187e-01  -3.2649907e+00  -5.8200480e-02  -1.2712464e+00   1.3504785e+00  -2.0501641e+00   7.2645782e-01   8.9323271e-01   2.4185105e-01
   6.2498787e+00  -4.5134591e+00  -4.2983234e+00  -5.9576152e+00  -4.5781501e+00   1.4755511e+00   6.6313142e+00   3.3171243e+00   1.5103454e+00   3.6992567e+00   1.4973217e+00   3.6811476e-01  -4.0224560e-01   3.0678356e+00  -1.5608757e+00  -1.2936869e+00  -3.9692559e+00  -2.6851669e+00   3.5791725e+00  -7.4586831e-01  -1.9603783e+00   2.2784544e+00   1.1612176e+00   3.7707489e-01
   1.2610116e+01  -6.7038340e+00  -3.7683740e+00  -7.1806232e+00  -4.7576889e+00  -1.9196703e+00   1.6946454e+01   4.2058946e-01   6.5254284e-01   6.4688428e+00   7.4835368e-01   1.8023284e-01   4.1154930e+00  -1.1520816e-01   4.6549979e-01  -1.1961722e+00  -2.3890187e+00  -5.2924030e+00   6.1613987e+00  -2.5035816e+00  -2.1650524e+00   1.6905527e+00   2.7094989e-01   1.3668536e-01
   1.2558818e+01  -7.0495727e+00  -4.5926335e+00  -8.0618634e+00  -5.2824563e+00  -2.3344526e+00   1.9055257e+01   1.6562966e+00   1.5175776e+00   7.7266161e+00   1.8115082e+00   5.7798368e-01   5.1989262e+00  -1.1031264e+00   1.9767138e+00   2.6821424e-01  -2.6514242e+00  -7.7273114e-01   3.6755494e+00  -3.0459359e+00  -2.1220809e+00  -3.1064755e-01  -1.0862152e+00  -1.4434812e-01
   1.6260355e+01  -7.0323081e+00  -2.8854277e+00  -7.1068928e+00  -5.4205211e+00  -3.3028021e+00   1.2256982e+01   2.8243049e-01  -7.4457842e-01   5.2562051e+00   2.4449788e-01   2.9655614e-01   6.9256754e-01   1.1637035e-01   2.6027839e+00   1.4873683e+00  -2.7358987e+00   6.1127941e-01   1.8235858e-01  -1.4889593e+00  -5.0404616e-01  -2.2093898e+00  -4.7497875e-01  -3.2082724e-01
   1.2223149e+01  -6.0039116e+00  -1.7747258e+00  -5.5921590e+00  -8.2238704e+00   1.0080203e+00   1.4489375e+01  -1.1827000e+00  -9.7421527e-01   3.8396043e+00   1.1992683e-01   9.3430921e-02   3.5403120e-02   7.5522054e-01   3.2392018e+00   1.6914446e+00  -3.1109229e+00   4.6611832e-02   2.4128480e+00  -1.0619810e+00  -1.0428477e-01  -2.3181427e+00  -4.2847029e-01  -3.5246165e-01
   1.3816802e+01  -7.0521090e+00  -1.2731521e+00  -6.1844229e+00  -7.3908299e+00  -2.6739876e+00   1.9502933e+01  -3.9335122e-01   1.1423700e+00   5.0982641e+00   8.8167623e-01  -5.8731644e-02  -4.2019587e+00   1.9627753e+00   4.7253043e-01   5.5462172e-01  -2.3982329e+00   4.0839976e+00  -2.3968477e+00   2.2054228e+00   2.2452508e+00  -1.0874008e+00   1.1407818e+00  -2.8180443e-02
   1.3833699e+01  -5.9068414e+00  -5.3996870e-01  -5.9859314e+00  -8.9636863e+00  -2.5789420e+00   1.9051553e+01   4.0121588e-01   4.1767619e-01   4.3283726e+00   8.5021357e-01   2.2693510e-01  -4.2270689e+00   2.1758307e+00  -4.0408241e+00   1.8892662e+00   4.4305838e+00   5.0077705e+00  -6.0812047e+00   6.0501694e+00   2.2753282e+00  -7.8252914e-01   1.5286430e+00   3.6325196e-01
   9.1521417e+00  -4.1366801e+00  -2.7940106e+00  -6.0780740e+00  -8.6479626e+00   4.6166756e+00   6.3806209e+00   2.7986067e+00   1.9273521e+00   3.3807198e+00   1.5905273e+00   1.8753339e-01  -2.7032667e+00   2.7348600e+00  -3.8929239e+00   1.6253527e+00   2.1335430e+00   5.2603136e+00  -5.0326760e+00   4.5602244e+00  -4.2216648e-01  -2.2449323e-01   1.2750160e+00   2.9861334e-01
   8.2148756e+00  -4.1978800e+00  -7.0755326e+00  -2.8114341e+00  -9.4942843e-01   4.8743444e+00   1.1928724e+01   6.2965750e+00   2.0462859e+00   3.5245827e+00   2.0584658e+00   5.1517635e-01   2.6475101e+00   4.4873824e-01  -8.2949512e-01  -2.6746528e-01   1.7170769e+00  -7.4060025e-01   2.6030174e+00   3.0661078e+00  -2.0276986e+00   1.1565386e+00   1.3596023e+00   8.1785013e-02
   1.2571314e+01  -3.8042997e+00  -3.8447560e+00  -5.3336425e+00  -8.1976442e+00   1.4898395e+00   1.5515334e+01   3.4993058e+00  -3.0518457e-01   5.1634192e+00   2.1900741e+00   2.4506774e-01   4.5989995e+00   6.6114184e-01   1.8143811e+00  -7.0145268e-01  -2.2959880e+00  -3.7580978e+00   6.9666500e+00   4.6109885e-01  -2.4392367e+00   1.0005087e+00   6.7637828e-01  -7.4002489e-02
   1.6095378e+01  -5.3999243e+00  -1.2588387e+00  -6.7593451e+00  -6.6132301e+00  -2.1264244e+00   1.8388723e+01   4.6500281e+00  -1.5076034e+00   5.1718307e+00   2.5898437e+00   3.2084544e-01   6.6593248e+00  -7.8520369e-01   5.5268854e+00  -2.1790976e+00  -3.2645605e+00  -1.7591624e+00  -9.8175680e-01  -2.7789132e+00  -1.7584707e+00  -1.9402312e+00  -3.8785227e-01  -3.4940318e-01
   1.2110390e+01  -2.5439452e+00  -2.9807859e+00  -5.1562976e+00  -9.2600437e+00   2.4799132e+00   1.3600596e+01   4.3135285e+00   4.5441752e-02   4.0578588e+00   2.3394058e+00   1.7369511e-01  -5.3951586e-01   1.1653806e+00  -1.7692382e-01   4.0613173e-01   5.8560919e+00   3.8381787e+00  -7.4936922e+00   4.2999323e-01   2.6175713e+00  -4.5539399e+00  -2.1660232e+00  -1.1526274e-01
   1.8434325e+01  -6.0058628e+00   7.8281035e-01  -6.1687530e+00  -5.3150694e+00   1.7405639e+00   1.1413457e+01   1.7210939e+00  -7.6673334e-01   1.1670161e+00   1.4020216e+00   2.6757893e-02  -3.4575794e+00   2.8645472e+00  -1.9166843e+00  -4.4831467e-01   5.9735138e+00   5.6553844e+00  -8.3496270e+00  -4.6435118e-01   2.7180434e+00  -3.2590554e+00  -1.7084137e+00   2.5111458e-01
   1.0592566e+01  -1.7532595e+00  -5.1309663e+00  -5.0197409e+00  -6.2586733e-02   5.3136135e+00   7.7624283e+00   5.6087628e+00   3.2507374e+00   3.3491669e-01  -4.6504958e-01   2.1921741e-01   7.7561170e-01  -1.2182144e+00   1.9020638e+00  -5.3353035e+00   7.8120337e+00   5.4400552e-01  -2.0298881e+00  -1.8698269e+00   1.8516481e+00  -3.5345184e-01  -9.1847188e-01   6.8949401e-01
   1.1667921e+01  -1.4984464e+00  -3.0587750e+00  -7.5000954e+00  -2.2516880e+00   4.9398021e+00   8.7833662e+00   3.3058842e+00   9.6681384e-01   2.1447187e+00   1.4294508e+00   6.7475615e-01  -1.9675868e+00   5.1885584e-01  -3.4215451e-01  -1.4678912e+00   1.9843772e+00  -6.2045326e-02  -2.7808224e+00  -1.3584072e+00   5.2141996e-01   1.1835163e+00   1.5808282e-01   5.3891399e-01
   1.6657009e+01  -6.6249750e+00   1.7931025e+00  -1.2493582e+01   9.2631609e-01   1.6963025e+00   1.1870810e+01   7.1639299e-01   1.9561402e+00   3.0388297e+00   9.4798333e-01   8.8393700e-01   2.6970362e+00  -5.6705863e-01   2.1908591e+00   5.0313509e-01  -2.9499331e+00   2.1584535e-01  -3.0287013e-01  -2.2063567e+00  -2.2514525e+00   1.0098099e+00   7.9209444e-01   2.2825577e-02
   1.2450723e+01  -2.7917213e+00  -3.1924558e+00  -4.6336694e+00  -2.8329550e+00   3.4561514e+00   5.1880330e+00   2.1296680e+00   6.6269519e-01   1.5903340e+00   9.3262934e-01   5.0276908e-01   6.1922790e-01  -2.2883147e+00   2.8909578e+00   4.8472281e+00  -4.5469244e+00   1.8817109e+00   1.3949076e+00  -6.5350181e-01  -6.9583893e-01  -2.0628322e-01  -6.6155183e-01   8.7168870e-03
   1.4246720e+01  -1.9572100e+00  -1.7778372e+00  -5.6982513e+00  -4.1968529e+00   6.3792068e+00   9.1057897e+00   2.8873358e+00   2.5618060e-02   2.1268239e+00   9.7150281e-01   3.3944931e-01  -1.2179042e+00  -3.1834570e+00   3.0926264e+00   4.7003061e+00  -4.8111310e+00   1.5340167e+00   3.0169540e+00  -1.2743974e+00   2.3607460e-01  -1.5520275e-01  -5.0141643e-01   1.9126690e-01
   1.3801907e+01  -7.2648009e+00   3.0631316e+00  -3.6269183e+00  -6.5104901e+00   5.4209163e+00   1.2258238e+01   1.2401600e+00   8.8831655e-01   2.2912968e+00   4.2536333e-01   9.6007533e-01   1.2724498e+00  -6.2681394e+00   5.9400215e+00  -1.0375411e+00  -2.0410451e+00  -1.8987267e+00   6.3514412e+00  -3.3705249e+00   1.2319858e+00   3.9975660e-01  -6.4282969e-01   4.7985204e-01
   1.4154561e+01  -9.1636207e+00   3.3042484e+00  -5.9464980e+00  -4.4516129e+00   3.0149451e+00   1.2861139e+01  -7.5044918e-01   2.1974415e+00   2.4555442e+00   4.4949169e-01   9.4218422e-01  -1.8035480e+00  -2.1080613e+00   1.9925616e-01   1.0659040e+00   6.4671562e-01  -2.0124634e+00  -9.9890159e-01  -2.5413927e+00   1.3364607e+00  -2.2428146e-01  -5.1143763e-01  -1.4258987e-02
   1.4405477e+01  -8.5907250e+00   3.1765336e+00  -6.0658577e+00  -5.7671426e+00   2.2901923e+00   1.2837520e+01  -1.1072268e+00   1.4247621e+00   2.0256087e+00   2.2939037e-01   9.2117968e-01   1.0219668e+00   1.7696501e+00  -2.5306154e+00  -3.3155688e-01   2.9831107e+00   1.6109102e+00  -4.6577391e+00  -2.0970407e+00  -1.7992724e-01   1.6905783e-01   1.7449949e-01  -3.9853416e-01
   1.1239613e+01  -4.4563399e+00  -1.5356540e+00  -2.8799255e+00  -3.5984532e+00   4.9258736e+00   7.3177959e+00   2.4894010e-01   1.7620864e+00   1.9232457e+00   3.0233285e-01   3.3750865e-01  -9.0491825e-01   3.3949225e+00  -3.0630821e+00   1.0028316e+00   2.8540496e+00   4.1298517e+00  -5.6222352e+00  -8.4435397e-01  -7.6238675e-01   3.5951511e-01  -1.2769300e-01  -2.3081712e-01
   1.6792332e+01  -6.9639661e+00   1.6871598e+00  -5.6575399e+00  -2.4624039e+00   6.8818174e+00   8.0433003e+00  -2.4050957e+00   8.3610325e-01   2.8110328e+00   7.6069198e-01   6.6461187e-01   5.6001209e-01  -3.6306539e-01   8.9303115e-02  -1.6374810e+00   3.9443379e+00   2.0989808e+00  -3.1788125e+00  -1.7311366e+00   4.9351598e-01   4.8720394e-01  -1.3379027e-01   3.7976519e-02
   1.1603756e+01  -4.8846163e+00  -5.4568779e-01  -4.6464095e+00  -1.8229078e+00   6.9139100e+00   6.8248958e+00  -1.3680457e+00   1.3481908e+00   2.6021049e+00  -7.6986182e-03   7.2424244e-01   1.6988673e+00  -3.3261882e+00   3.6015396e+00  -4.4473450e+00   2.7005195e+00  -7.6150892e-01   9.4013832e-01  -1.1507729e+00   5.3288998e-01   4.8793846e-01   1.0361192e-02   3.1310782e-01
   1.5063424e+01  -8.9211848e+00   2.8155052e+00  -7.6388373e+00  -7.3840855e-01   4.4446453e+00   8.3157518e+00  -2.8954387e+00   2.3719839e+00   2.4169851e+00   1.8372070e-01   7.8477757e-01  -2.3026369e+00   1.4514346e+00   1.5060454e-01  -2.2438456e+00   1.5937348e+00  -3.1370754e-01   3.7378914e-01   7.9507281e-01  -5.6927190e-01   1.7883949e-01   3.7929665e-01  -2.4675559e-01
   1.4652368e+01  -8.4670128e+00   3.3024828e+00  -8.5602943e+00  -4.0967162e-01   5.0021963e+00   8.5917777e+00  -1.2320478e+00   1.7934810e+00   2.8521772e+00   6.0636028e-01   7.4708753e-01  -1.3069798e+00   4.8817589e+00  -1.8594389e+00   2.5390862e-01   2.8822638e+00   1.3972593e+00   9.3455403e-01   8.5282558e-01  -2.4548350e+00  -1.2422642e-01   2.7014200e-01  -8.9489477e-01
   1.1814070e+01  -2.9956160e+00  -1.1018681e-02  -7.0663660e+00  -7.7841977e-01   7.3671130e+00   7.7205431e+00  -1.2804854e+00  -2.4044972e-01   2.9542558e+00   1.0226075e+00   2.8305593e-01  -1.4747254e+00   4.5855415e+00  -1.4616412e+00   3.2849071e+00  -1.2597928e-02   8.4488552e-01   4.1236390e+00  -1.5824836e+00  -3.2342477e+00  -5.3937537e-01   7.3778169e-02  -4.3199757e-01
   1.1267963e+01  -5.2476245e-01  -1.9215842e+00  -4.5517823e+00   2.5204936e+00   7.5485651e+00   8.5243312e+00  -8.9628395e-01  -1.0278449e+00   2.1471299e+00  -2.1929033e-02  -3.6723889e-01   8.9078252e-01   6.9288010e-01   1.7441147e+00   2.8210925e+00  -2.9687661e+00  -1.4221343e+00   6.5740891e+00  -3.7378702e+00  -2.8380682e+00  -5.2515001e-01   2.4703579e-01   1.8468541e-01
   1.4543538e+01  -6.0139978e+00   3.2350769e+00  -4.7157326e+00  -2.2223881e+00   4.4387891e+00   1.4534934e+01  -5.4370461e+00  -1.0687247e+00   1.9604457e+00   6.0853261e-01   6.9394443e-01   2.5424804e+00  -2.6118968e+00   4.3214531e+00   1.4655412e+00  -5.1654540e+00  -2.3526472e+00   6.7377612e+00  -3.1006967e+00  -2.0296062e+00  -3.5811960e-01   6.3648416e-01   6.1909920e-01
   1.4623808e+01  -5.9185017e+00   4.2956070e+00  -5.5039723e+00  -4.1408366e+00   4.3331568e+00   1.5045716e+01  -4.7605728e+00  -2.0494838e+00   2.5613573e+00   1.1839514e+00   8.1867141e-01  -1.0951549e+00  -7.7333291e-01   9.2713284e-01   2.5741579e+00  -3.5435087e+00  -1.6231246e+00   1.1116503e+00   1.7475047e+00  -1.3350465e+00  -2.8228092e-01   1.2646557e+00   1.6501640e-01
   1.3949869e+01  -4.2165915e+00   3.3625653e+00  -4.3919592e+00  -5.1959357e+00   5.4458462e+00   1.4566492e+01  -3.9993861e+00  -2.7740396e+00   2.2099627e+00   1.3743935e+00   6.1874958e-01  -4.0430932e+00   2.0672659e+00  -2.7093049e+00   5.3773392e+00   5.8372135e-01   1.9179800e+00  -5.7086801e+00   4.3567716e+00  -8.7943668e-01  -6.1297775e-01   1.9059555e-01  -9.5722547e-01
   9.9220653e+00  -2.5834650e+00  -5.9462916e-01  -8.5243214e-01  -1.3079956e+00   4.6103497e+00   1.0176027e+01   1.0061430e+00  -2.1777573e+00   1.5989500e+00   1.4921241e+00  -8.2116870e-02  -1.8243966e+00  -4.0239463e-01  -3.1601357e-01   5.6231756e+00   2.2659889e+00   2.7364615e+00  -6.1956690e+00   2.0796220e+00   4.5891535e-01  -7.6114201e-01  -8.6224471e-01  -6.7413853e-01
   1.0829769e+01  -4.5806174e+00   1.6162377e+00   1.0245061e+00  -2.7632265e+00   7.1771626e+00   8.4067578e+00  -1.7852466e+00  -2.3237430e+00   1.5221827e+00   7.4033959e-01  -2.9149963e-01   1.5667248e+00  -3.1135852e+00   4.3586925e+00   2.3999386e+00   2.6725286e+00   2.0767186e+00  -3.4523539e+00   8.5364215e-01   2.8527115e-02  -5.1632396e-01  -1.8372701e+00  -1.3557683e-02
   1.3447263e+01  -6.3400807e+00   4.6947505e+00   2.2255854e-01  -1.9582079e+00   7.5721909e+00   8.8320798e+00  -2.7482096e+00  -1.5862591e+00   1.7635343e+00   2.0761133e-01   2.6258823e-01   4.1885363e+00  -8.2022761e-01   5.8189728e+00  -1.6799536e+00   2.2082043e-01   1.5388906e+00   1.6571974e+00   3.4782804e-01  -5.7080976e-01  -1.3926732e+00  -1.8609118e+00   8.5194649e-01
   1.4537357e+01  -7.0086614e+00   7.2559143e+00  -1.3295465e+00  -8.6203670e-01   7.0800035e+00   1.0059935e+01  -8.4174653e-01  -3.0269980e+00   1.3531846e+00  -7.3925524e-01   4.2606051e-01   9.6118604e-01   5.3311879e+00   4.0548189e-01  -1.2284581e+00   2.4580386e-01  -2.1352772e+00   2.4870181e+00   3.3073746e+00  -1.7150319e+00  -2.2801072e+00  -1.7982303e-01   5.0100820e-01
   1.4351076e+01  -2.5997844e+00   5.3139917e+00  -2.1953362e+00  -1.9273599e+00   6.9672653e+00   1.1835235e+01   1.0561351e+00  -2.6823444e+00  -4.0556080e-01  -5.5944623e-01   8.3702279e-01   1.3306916e+00   7.3228400e+00  -3.7861957e+00  -6.1869924e-02  -1.6312886e+00  -1.0727886e+00   2.6357035e+00   1.0590916e+00  -1.6848237e+00  -8.7101417e-01   8.0537716e-01  -1.2609438e-01
   1.1819642e+01   1.5460163e+00   1.9148399e+00   3.9076630e-01  -2.4099447e+00   4.2767096e+00   1.0635708e+01   1.2736430e+00  -4.3482481e+00  -8.1343051e-01   8.5413383e-01   1.7279538e-01  -1.0168292e+00   5.7890756e+00  -5.1401064e+00   5.8024085e-01   7.3517255e-01  -3.0600891e-01   1.7504155e+00  -1.3484373e+00  -1.7815088e+00   8.2811186e-02   6.8928664e-01  -6.3963872e-01
   1.6802158e+01   3.6684050e-01   1.6859942e+00  -7.3040275e-01  -3.6311867e+00   7.3646550e+00   1.2497749e+01  -2.2172669e+00  -3.4528695e+00   1.5403206e+00   6.1898254e-01   2.0007922e-01  -4.3945811e-01   2.1650173e-02  -4.2317134e+00   2.4760896e+00   3.0086602e+00  -2.0010982e+00   4.2869604e+00  -1.3388274e+00  -2.7562971e+00   1.4929730e+00   2.4118960e-01  -4.5412981e-01
   1.1786572e+01   1.9163955e-01   1.3597535e+00  -1.1916520e+00   1.0926355e+00   6.4222952e+00   1.2354301e+01  -1.2277015e+00  -5.3139986e+00   5.0446072e-01  -2.9453966e-01  -2.1492578e-01   3.9166123e-01  -2.6628224e+00  -2.3357203e+00   1.7827148e+00   4.0757989e+00  -1.4588425e+00   7.8329640e+00   3.6782030e-02  -3.2459987e+00   7.8949950e-01  -3.3052308e-01   4.4516768e-02
   1.3708423e+01  -1.8901208e+00  -7.5603519e-01   2.3100073e+00   8.3434034e-01   2.8928252e+00   1.7406378e+01   2.9856622e-01  -6.3339148e+00   1.1749531e+00   3.7667492e-01   3.4968866e-01   9.1700261e-01  -3.6038895e+00  -2.7992945e+00   4.2358260e+00   1.7571920e+00  -4.3808814e+00   4.7541189e+00   1.3557899e+00  -2.6574433e+00  -1.1167841e-02   2.7590737e-01  -3.2596476e-02
   1.3954001e+01  -1.3197367e+00  -3.6772597e-01   1.5446334e+00   1.4709901e+00   4.3243608e+00   1.9930839e+01   7.0899456e-02  -7.7767235e+00   5.5350249e-01   4.7950302e-01   1.6476581e-01   3.9574399e+00  -2.3184475e+00  -1.5408292e+00   4.2622242e+00   7.2684865e-01  -5.2712240e-02   4.2557076e+00   4.0375120e-01  -1.7439030e+00  -1.4314836e+00   5.4972525e-01  -2.3054219e-01
   1.7093947e+01  -4.2833056e+00  -1.6492078e+00   4.2551936e+00  -1.1845760e+00   1.8423001e+00   1.5840659e+01  -8.3288255e-01  -6.2076720e+00   1.4990479e+00   6.4582225e-01  -3.8661296e-02  -6.0771979e-02  -2.3897480e-01  -1.1331031e-03   1.7846224e+00   7.4651398e+00  -5.5776088e-01  -8.6214113e-01   1.8218239e+00   3.3031822e-03  -1.2716986e+00  -2.5783591e-01  -4.6645644e-01
   1.6029970e+01  -2.0894393e+00  -5.0490397e-01   4.2290912e+00   3.1923667e+00   6.8684894e+00   1.9520723e+01  -5.6350299e-02  -7.9929746e+00  -1.8048120e+00   3.9547454e-01  -3.6656409e-01  -3.4888526e+00   1.2998636e+00  -2.0464791e-01   7.1266003e-01   5.5936759e+00  -2.8398027e+00  -4.1543546e+00   1.5921370e-01   1.3259798e+00   2.6456128e-01  -6.5534122e-01  -8.7819189e-02
   1.2579281e+01  -1.8637317e+00  -6.8914585e-01   3.6447121e+00   1.1171362e+01   7.8411955e-01   1.6318225e+01   3.0949270e+00  -6.2208345e+00   4.4656246e-01   3.1935285e-02  -8.4331057e-02  -5.1169099e+00   3.3189138e+00   1.3545148e+00  -5.2075664e+00   1.7931595e+00  -1.9690161e+00  -2.2050473e+00  -2.1414910e+00  -2.3746478e-01   1.4460588e+00  -9.9828577e-01   1.5746098e-01
   1.0978055e+01  -5.7972827e-01  -1.1547288e+00   2.9188642e+00   3.6835352e+00   5.9374713e-01   1.3460524e+01  -1.6541848e+00  -5.7811725e+00   1.4765871e+00  -1.9656533e-01   5.5871910e-02  -2.9650028e+00   2.0541593e+00   1.6853983e+00  -6.8355077e+00  -5.3475222e+00  -2.6675395e+00  -2.2919313e+00  -4.5783858e+00  -9.2155082e-01   2.2951309e+00  -1.4681526e+00   2.5104620e-01
   1.1944540e+01  -5.9790383e-02   7.0747689e-01  -2.9010426e+00   1.2595790e+00   2.0261471e+00   1.5563187e+01  -3.2462018e+00  -7.6697702e+00   2.0274365e+00  -5.5558646e-01  -1.3687818e-02   8.4248602e-01   1.1517454e+00   1.6668588e+00  -2.1469636e+00  -1.2159457e+01   3.8499828e+00  -2.2387100e+00  -4.6975911e+00   2.0027468e-01  -1.6949516e+00  -8.4834897e-01  -1.0472105e-01
   1.1899836e+01   8.9829054e-02   1.3248821e+00  -2.7512929e+00   1.2697476e-01   2.2461663e+00   1.6460345e+01  -3.7533646e+00  -8.6508330e+00   8.4744722e-01  -1.5129935e+00  -2.5316414e-02   4.2564966e-01   9.2394320e-01   1.3179908e+00   1.4999334e+00  -4.2908132e+00   5.7383137e+00  -1.2438339e+00   3.9266216e-01   8.8761434e-01  -3.3468443e+00   4.9837833e-01  -4.0587066e-01
   1.3382119e+01  -4.7089226e-01   5.7133690e-01   3.2593453e+00  -5.2895441e+00   5.7328841e+00   1.1460249e+01  -2.9018698e+00  -4.4855923e+00  -1.7812950e+00  -5.8237408e-01  -2.0081847e-01  -5.4618715e-01  -1.1693837e+00   1.2952587e+00   6.6559396e+00  -1.1028917e+00   5.7599455e-01   2.0083867e-04   2.8390913e+00   3.5230189e+00  -2.2768966e+00   4.3535495e-01  -3.5483487e-01
   1.0897740e+01   1.0117375e+00   8.9032734e-01   2.0885703e+00   5.2187693e-01   7.3478492e+00   1.3646242e+01  -1.2373575e+00  -6.0418399e+00  -1.6393136e+00   5.6439597e-01  -4.5936875e-01  -5.1692391e-01  -2.0177127e+00   2.2353321e+00   2.8942163e+00   1.5735614e+00  -5.3303987e-01   4.6663319e+00   1.6503924e+00   6.3783770e-01   1.5209042e-03   8.1364951e-01  -3.1922772e-01
   1.1626307e+01  -2.2748201e+00   2.8676423e+00   4.6629351e+00  -5.9220970e-01   3.3929749e-01   1.6970540e+01  -2.4556831e-01  -3.6897384e+00  -1.4452802e-01  -9.4124878e-01  -3.2891395e-01   1.1046242e+00  -2.2497827e+00   1.6355341e+00  -2.1108631e+00   4.5648343e+00  -4.3183686e+00   1.0713408e+01  -1.3489592e+00  -3.7085125e+00   2.7111961e+00   1.4689284e-01  -3.4633179e-01
   1.2002356e+01  -2.0347760e+00   3.5297275e+00   8.8823657e-01   1.3864968e-01   4.1433998e+00   2.0704697e+01  -2.6059267e+00  -8.0920034e+00   3.1345086e-02  -1.1308190e-01  -4.4011026e-01   1.7221584e+00  -2.8794156e+00   2.4490511e-01  -1.6366235e+00  -5.7608784e-02  -3.4040909e+00   1.5362464e+00  -1.1235307e+00  -1.8610949e+00   2.2373003e+00   1.7742849e-01   3.7663610e-02
   1.4486748e+01  -2.3223096e+00   1.7049379e+00   6.9321751e-01   1.7493209e+00   8.5755590e-01   2.4001134e+01  -4.2410241e+00  -9.0232793e+00   1.4501698e+00  -2.3295884e-02  -7.2994541e-01  -5.8850302e-01   7.2692690e-01  -2.9850637e+00   3.8731440e-01   2.2249900e+00   3.3365100e+00  -6.3434441e+00   1.6460964e+00  -7.5683998e-02  -8.8990547e-01   7.5787791e-01  -4.5270141e-02
   1.2050758e+01  -3.2836413e+00   1.8390372e+00   1.6184939e+00  -7.3530153e-01   1.9825836e+00   1.2435314e+01  -9.2492571e-01  -6.1667119e+00   9.1928799e-01   3.7156226e-01  -2.0235761e-01   1.5728547e-01   2.5468285e+00  -3.3070381e+00   3.3656665e+00   8.2706051e-01   4.8012935e+00  -1.1648184e+01   9.5823628e-01   4.5602921e+00  -9.9309375e-02   6.2587622e-01  -1.0279132e-01
   1.0719352e+01  -5.5999715e-01  -7.6460807e-01   4.8787780e+00   3.1822510e+00   6.4244706e+00   1.1590065e+01   1.3830757e+00  -4.7659101e+00  -1.9233577e+00  -4.6753992e-02  -5.1569549e-01  -1.2107495e+00   2.6316747e+00  -7.1768761e-01   1.7919740e+00   1.8024821e+00   7.5652693e+00  -5.1618364e+00  -1.7716042e+00   2.9121827e+00  -1.1682795e-02   4.2872969e-01  -3.5377733e-01
   1.4121982e+01   9.0431055e-01  -1.9605657e-01   3.8439561e+00   6.6277539e-01   8.5618828e+00   9.4379553e+00  -3.9806222e+00  -3.3802498e+00   1.5691448e+00   8.3746148e-01  -7.0142219e-01   1.0022613e+00   1.4323550e+00  -5.4706529e-01   1.2860546e+00   3.6225256e+00   3.1849652e+00   5.4475956e+00  -4.4100255e+00  -7.9673291e-01   8.7851982e-01  -1.4943688e-01  -6.4071715e-01
   1.1635011e+01  -4.6877337e-01   1.6459534e+00   2.2684474e+00   3.7540056e+00   8.9158103e+00   1.7757059e+01  -5.3705821e+00  -6.0482362e+00   1.1077173e+00   3.8684903e-01  -1.0110791e+00   2.2000142e+00  -1.7014627e-01   9.1649656e-01  -1.4496961e+00   2.2016153e+00  -9.3001741e-01   1.0845652e+01  -5.7871496e+00  -4.0823916e+00   2.1100265e+00  -8.9701037e-02  -3.4699693e-01
   1.3096320e+01  -1.1807207e+00  -1.8684145e-01   4.8527411e+00   4.4126096e+00   5.5143615e+00   1.7523211e+01  -4.1631350e+00  -6.7206482e+00   7.2153027e-01  -6.9394573e-02  -9.1574153e-01  -1.5396962e+00  -9.1595418e-01   6.8393948e-01   2.7842831e-01   1.6398405e+00  -1.8809123e+00   2.4685087e+00   3.9894055e-01  -2.0286576e+00  -6.0032732e-01  -3.2629775e-01   1.3341312e-01
   1.4532204e+01   2.2729908e-01   6.0552921e-01   2.1998415e+00   4.6097568e+00   6.5532051e+00   2.3815915e+01  -7.2063922e+00  -9.2192983e+00   1.6654893e+00   2.7212248e-01  -9.2903121e-01   5.9994296e-01   2.8591251e+00   1.0175938e+00  -2.4994338e+00  -2.9012620e+00   1.1647273e+00  -5.4436282e+00   1.2121395e+00   2.0979444e-01  -2.8378546e-02   8.5570017e-01   6.5939563e-01
   1.0363841e+01  -8.1765695e-01   1.3500647e+00   4.2959015e+00   2.6946605e+00   6.9218169e+00   1.0111290e+01  -2.4643063e+00  -4.8377052e+00   3.8976776e-01   4.0537813e-01  -5.4232646e-01   2.6305676e-02   3.8048972e+00   1.7392286e+00   5.3736607e-01  -4.3155773e+00   5.0989730e-01  -6.4918727e+00   8.3083761e-01   2.2922477e+00   2.3495963e-01   1.0444948e+00   5.8409442e-01
   1.3901165e+01   3.6383824e+00   2.4038909e+00  -1.2022835e+00   2.6108712e-01   9.9591735e+00   1.3297577e+01  -4.4017873e+00  -6.6750161e+00   1.2310307e+00   1.4330129e+00  -2.0869320e-01   6.1570481e-01  -3.4942598e-01   1.2078742e+00   4.8073272e+00  -4.5760439e+00  -1.9806429e+00   1.0285422e+00   1.9871009e+00   1.6490680e+00  -1.0830982e+00  -3.6032556e-02   5.2831246e-01
   1.3451299e+01   2.8210834e+00   1.5228206e+00   7.3598527e+00   1.1357844e-01   4.5762233e+00   1.3044571e+01  -4.3191811e+00  -4.5544178e+00   1.2911990e+00   9.1690241e-01  -3.9976892e-01   2.6540666e+00  -2.6524140e+00  -1.8247437e-01   5.8971543e+00  -1.2663513e+00  -3.2156388e+00   1.3173708e+01   2.7930259e-01  -2.9652496e+00  -4.7007576e-01  -7.9060503e-01   4.4777927e-03
   1.3912033e+01  -2.1162101e+00   2.3309625e+00   7.8788566e+00  -9.6376802e-01   4.7550375e+00   2.3892088e+01  -3.2983034e+00  -6.8873400e+00  -4.0987353e-01  -3.7688489e-02  -2.0784130e-01   7.0518080e-01  -4.8119422e+00  -5.2016715e-01   5.3847428e+00   1.4363871e+00  -4.3044301e+00   9.9266417e+00   2.4323591e+00  -3.3158690e+00  -8.6910499e-01  -5.7561679e-01  -3.0416668e-01
   1.4339507e+01  -1.9189817e+00   1.1128174e+00   8.6010630e+00   1.4075612e+00   4.7004266e+00   2.4574597e+01  -2.5970943e+00  -9.1794176e+00   5.0510623e-01  -4.5178705e-02  -5.3603572e-01  -3.0716366e+00  -2.0727241e+00   1.2241901e+00  -2.0912234e+00   1.8803856e+00   8.0884534e-01  -3.4691299e+00   2.5570081e+00  -4.3050939e-01   1.0746099e-01   2.1093770e-01  -8.1702709e-02
   1.4514832e+01  -1.2094984e+00   1.8286418e+00   6.2542256e+00   1.7686764e+00   3.4404267e+00   2.2422526e+01  -1.6142920e+00  -9.3363197e+00   3.2041960e-01   1.0506283e+00  -5.9680983e-01  -3.3212619e+00   2.0938673e+00  -7.3579613e-02  -3.0355428e+00   2.9356276e+00   3.2612649e+00  -1.4079050e+01   3.3298430e+00   2.7541197e+00   7.7850067e-01   5.3912452e-01  -1.0128596e-01
   8.5424443e+00  -7.4135867e-01   3.6102661e+00   5.0353332e+00   1.5679347e+00   6.4467967e+00   8.5756568e+00  -1.3256748e+00  -3.9756920e+00   1.0872439e+00   6.8915056e-01  -3.2783871e-01  -2.0311045e+00   3.4132081e+00   7.4763944e-01  -4.8452773e+00  -6.1389256e-01   4.9110558e+00  -1.2628203e+01  -1.5716852e-01   3.4738720e+00   9.7022973e-01   8.8334727e-01  -3.9974595e-03
   1.1828672e+01   4.3577931e-01   9.7186872e-01   5.1084074e+00   3.3594867e+00   8.7737499e+00   1.0772983e+01   1.0607513e+00  -5.3580232e+00   4.6680861e-01   4.0383366e-01  -4.6386874e-01   6.4153434e-01   6.1848083e-01   9.2931326e-01  -3.1453294e-01  -2.2282001e+00   3.6503454e+00  -3.7754677e+00  -1.2566125e+00   1.0766261e+00   3.0934251e-01  -9.8797654e-02  -7.8175148e-02
   1.2635930e+01   2.3781916e+00   2.6626631e+00   1.9060560e+00  -3.0868281e-01   9.4003487e+00   1.1457065e+01  -4.1703688e+00  -5.9577579e+00   1.8872563e+00   1.6032395e+00  -6.0850245e-01   2.3933861e+00  -4.2097057e-01   1.7071148e+00   2.7017762e+00  -1.6969988e+00  -4.5126147e-01   5.8930970e+00  -7.6842958e-01  -1.9308990e+00  -9.6277387e-01  -2.5762946e-01  -3.9219892e-01
   1.3430390e+01  -1.8415523e+00   3.6964132e+00   7.3470647e+00  -6.3531498e-01   7.4391688e+00   1.5318621e+01  -2.0768636e+00  -6.7303476e+00   3.8442719e-01   4.4538735e-01  -5.7374068e-01   2.2482320e-01  -3.9320783e-01   3.5451043e+00   4.4133614e+00  -2.9239554e+00  -2.9613767e+00   6.0585606e+00  -1.1578902e+00  -9.2945113e-01  -4.4786340e-01  -3.6758888e-01  -1.7555121e-01
   1.1331664e+01  -2.3414874e-01   4.8086660e+00   7.9686688e+00   1.0198373e+00   6.4371951e+00   1.5142484e+01  -9.0951164e-01  -6.1858784e+00  -3.1572615e-01   2.8192953e-01  -8.6120112e-01   3.4569890e-01   2.3285793e-01   3.3194686e+00   3.2940216e+00  -1.7702041e+00  -4.0756810e+00   4.4091237e+00   1.4751154e+00   8.2661334e-01  -3.1112355e-01  -8.4095258e-01  -1.3169940e-01
   1.2818040e+01   1.1521377e+00   5.2165237e+00   8.6971432e+00  -1.6907065e+00   5.8132617e+00   1.8018115e+01  -2.3065125e+00  -6.6381397e+00   8.9650474e-01   5.1310534e-01  -6.0084622e-01   8.5737579e-01   3.2692450e+00  -1.0529740e+00   4.0323730e-01  -1.3888250e+00  -5.4764033e+00  -5.9854004e+00   2.0750599e+00   2.0515583e+00  -6.6303029e-01  -3.2150482e-01   2.6469100e-01
   1.3460654e+01   1.2306335e+00   6.8818107e+00   6.1720491e+00  -2.4362932e+00   4.0997807e+00   1.6721003e+01  -1.8428712e+00  -4.7639418e+00   1.1645322e+00   3.0795165e-01  -7.9249879e-01   4.3147350e-01  -9.4329230e-01  -1.7848939e+00   7.6117070e-01   4.0158380e+00   2.9064285e+00  -3.6824566e+00   4.3416653e-01   6.8246995e-02  -8.4883630e-02  -5.1082634e-01  -1.3440873e-01
   1.3651959e+01   2.3299241e+00   1.0803798e+00   8.8502305e+00  -9.9048720e-01   3.9327103e-01   5.5512601e+00   1.5024060e+00  -4.3639784e+00  -1.3502474e+00  -4.9880941e-02  -2.1105535e-01  -6.5404481e-01  -2.5325426e+00  -3.1970372e+00   3.2636572e-01   4.9496036e+00   4.6666665e+00  -2.8403524e+00   8.6275669e-02  -6.1132341e-01   1.1929156e+00   1.1027680e-01  -2.2885473e-01
   1.1561915e+01  -2.2379804e+00   4.1993971e+00   9.0338812e+00   6.6934847e+00   1.3506833e+01   1.5852226e+01  -2.1627211e+00  -7.2205885e+00   6.8032449e-01  -2.0281685e-01  -1.2577097e+00  -1.9017957e+00  -8.3704798e-01  -8.8027561e-01  -1.4541720e+00   2.5673889e+00   3.5530695e+00  -1.6773705e+00  -1.2357199e+00  -1.0452669e+00   2.2210865e+00   8.6135344e-01  -3.8315469e-02
   1.2786342e+01  -9.1236922e-01   1.7621747e+00   7.7557757e+00   1.1688099e+00   8.1097352e+00   1.4191975e+01  -2.0171741e+00  -6.3268014e+00   2.9279821e+00   9.3390479e-01  -7.1152288e-01  -1.2519979e+00   1.8543189e+00   3.8964212e+00  -2.8516064e+00   3.6696889e-02   3.0535294e+00   5.2266578e+00  -7.4532323e-01   1.9420868e-02   2.1815560e+00   6.9236307e-01   5.6007477e-03
   1.1040769e+01   1.5962082e+00   5.2204999e+00   4.5380185e+00   3.3514155e-01   5.5711528e+00   9.8845903e+00  -1.9366611e+00  -5.3504307e+00   2.3570472e+00   1.1080889e+00  -5.9973823e-01  -7.2158653e-01   7.1951692e+00   1.1917111e+00  -3.0102832e+00  -1.7105846e+00  -6.8995489e+00  -7.8902584e+00   2.9295792e+00   4.5554053e+00  -1.5941208e+00   8.6106459e-02   8.1171002e-01
   1.2034535e+01   3.1943081e+00   6.4144603e+00   6.8207522e+00   2.2437297e+00   8.9414053e+00   1.6375065e+01   2.7139113e-01  -5.2699260e+00   1.0837252e+00   3.3321077e-01  -5.3163994e-01  -1.6897610e+00   7.8349134e+00   1.9523323e+00  -1.5617175e+00   4.1808060e+00   2.8823693e+00  -1.9737321e+00   6.8880225e+00   3.5001877e+00  -4.2742469e+00  -1.3246868e+00   3.0166901e-01
