   2.5059980e+01   1.0681397e+01  -4.3722479e+00   5.6261209e+00  -5.6613340e+00  -1.3532208e+01   2.1984625e+01   1.4030379e+00   1.9911884e+00   6.1879923e-01   2.5025984e+00  -6.3221521e-01   1.6869175e+00  -1.7818019e+00  -4.4171898e+00  -3.8836990e+00   1.0024799e-01   6.5089039e+00   3.8240392e+00  -5.2983380e+00  -3.0586719e+00  -8.4595989e-02   1.5231514e+00   3.1184049e-01
   2.3655662e+01   5.3218275e+00  -8.0139201e+00   3.0608923e+00  -9.1480174e+00  -8.1919299e+00   2.2958298e+01   1.0642019e-01   1.7396762e+00   1.3692635e+00   3.0623587e+00  -7.4332930e-01   3.4080609e+00  -2.8752135e+00  -5.2349245e+00  -6.0612816e-01   4.6835478e-01   4.7049103e+00   7.9441962e+00  -5.3323157e+00  -6.0784516e+00   1.8523135e+00   1.7335603e+00  -1.7555347e-02
   2.7150569e+01   6.7033557e+00  -9.2674082e+00   4.0901962e+00  -4.8383457e+00  -5.5945199e+00   2.4788427e+01  -5.3088846e+00  -4.4558074e+00   1.3240657e+00   3.5879565e+00  -3.8249061e-01   2.9010066e+00  -4.0989039e+00  -6.7108396e-01   3.4972791e+00   1.6701505e+00   2.6865141e+00   1.3773317e+01  -3.7588205e+00  -5.0708704e+00   1.8246038e+00   2.1088237e+00  -1.7776534e-01
   2.8432255e+01   6.9969504e+00  -8.8070813e+00   6.8061943e+00  -4.5784739e+00  -1.0536073e+01   3.2223748e+01  -4.4288961e+00  -4.5638272e+00   2.6348708e+00   4.1286854e+00  -7.0196586e-01   2.5011765e+00  -3.1443259e+00   2.0348177e+00   8.1397472e+00   5.8964210e+00  -2.2762516e+00   1.2845885e+01  -3.3419881e+00  -3.0655594e+00   1.7306986e+00   2.9951122e+00  -1.9771968e-01
   2.7023194e+01   3.6954798e+00  -4.9822932e+00   8.9993887e+00  -5.4408801e+00  -8.3303651e+00   3.8011874e+01  -1.9675348e+00  -2.4633654e+00   2.7229013e+00   5.1326707e+00  -9.1954494e-01   6.7245270e-01  -4.2942471e+00  -9.2514903e-02   5.4699841e+00   5.2112241e+00  -2.3851569e+00   4.9119867e+00  -2.2121647e+00  -6.8316214e-01   2.7976362e-01   1.9571418e+00  -2.3723565e-01
   2.7471114e+01   2.1092766e+00  -7.1042510e+00   1.2815917e+01  -2.1186581e-03  -1.0238385e+01   3.5615402e+01  -6.5772368e+00  -3.8548840e+00   3.2658936e+00   6.7826699e+00  -7.7138166e-01   1.2502372e+00  -4.5681030e+00  -1.7206786e+00   2.0809938e+00   2.4533891e+00  -3.5076991e+00  -3.2726927e+00  -1.3018757e+00  -1.7221752e+00   3.5863873e-01   4.3187204e-01   1.2037530e-02
   2.8639819e+01   2.7058220e+00  -1.0257596e+01   9.2903110e+00   6.9031279e-01  -9.3210992e+00   3.0460580e+01  -7.5529613e+00  -5.8350223e+00   1.4281997e+00   5.1966769e+00  -7.0363618e-01   1.1571940e+00  -3.3967285e+00  -8.0872858e-01   3.1303327e+00  -1.3536346e+00  -6.1685102e+00  -2.5261294e+00   7.1006419e-01  -1.3846006e+00   1.4860512e+00  -6.4179710e-01  -9.6433126e-02
   2.9499298e+01   6.3962475e-01  -8.7504480e+00   9.7822239e+00  -3.9639866e+00  -1.5302254e+01   3.1090357e+01  -3.5889964e+00  -5.4612616e+00   3.8201797e+00   4.7444903e+00  -7.9186394e-01   1.7957753e-01  -3.9977439e+00   1.3488511e+00   3.1785869e+00  -5.9985029e+00  -7.1767730e+00   1.0589676e+00   3.5029645e+00   2.6892317e-01   2.7722869e+00  -1.3170430e+00  -6.4390808e-02
   2.7744893e+01  -6.6478700e-01  -5.3722876e+00   1.5211734e+01  -5.4903979e+00  -1.5051196e+01   3.6485203e+01  -2.3965587e+00  -3.7370776e+00   4.6748351e+00   5.1890648e+00  -1.0539535e+00  -6.1444405e-01  -4.7218079e+00   1.2987944e+00   5.8081335e+00  -3.5294182e+00  -3.9502425e+00   5.2377180e-02   1.4941318e+00   6.2294417e-01   1.6397936e+00  -1.7167821e+00  -4.8310256e-02
   2.8187944e+01  -2.2020347e+00  -7.5236283e+00   1.4623086e+01  -5.9095176e+00  -1.8138496e+01   3.4191542e+01  -3.9009914e+00  -4.5004715e+00   5.8010063e+00   4.8109115e+00  -6.9280922e-01   8.7819611e-02  -2.6554385e+00  -1.5911168e+00   4.3828416e+00   1.2449782e+00  -2.9682586e+00  -1.6069883e+00   2.0370165e+00   7.2824958e-01  -1.6968962e+00  -2.2038704e+00   2.1441103e-01
   2.8373830e+01  -2.9560602e+00  -8.9228139e+00   1.5582080e+01  -3.6310490e+00  -1.3828342e+01   2.8988553e+01  -5.1557661e+00  -5.3810010e+00   2.8974768e+00   2.5882931e+00  -8.2562893e-01   8.7246886e-01  -1.8840356e+00  -1.8179372e+00   2.8946039e+00   2.5287489e+00  -4.2832926e+00   4.4067438e-01   3.3144080e+00   1.8662328e+00  -1.8031367e+00  -2.1066118e+00   1.2156621e-01
   2.9316559e+01  -2.1978964e+00  -9.3618600e+00   1.6171313e+01  -3.0261937e+00  -2.0366069e+01   3.2428199e+01   8.4613213e-01  -3.5469255e+00   2.1635145e+00   2.7390705e+00  -5.8440968e-01   4.8462261e-01  -1.5268239e+00   2.1167292e-03   3.2571088e+00   1.4352391e+00  -2.5384401e+00   4.4742595e+00   1.3561310e+00   2.5071874e+00  -1.0740604e+00  -5.6262494e-01  -2.7415244e-01
   2.8489288e+01  -3.4929096e+00  -7.1800777e+00   1.8779526e+01  -3.1389366e+00  -2.0362348e+01   3.8027886e+01   2.0149158e-01  -1.4145014e+00   3.7888760e+00   3.0650675e+00  -9.2580394e-01   3.8671095e-01  -2.0138635e+00   5.6698077e-01  -6.6520795e-01  -3.2931291e+00  -1.8368977e+00   2.9939815e+00  -1.9202324e+00   1.1643168e-01   1.1335428e+00   1.3654786e-01  -2.7203102e-01
   2.8857148e+01  -4.2238459e+00  -8.3918213e+00   1.7910026e+01  -4.0027152e+00  -1.8679153e+01   3.6383265e+01  -4.5454238e+00  -2.7229403e+00   3.7442161e+00   3.7285869e+00  -1.0539504e+00   8.8254564e-02  -1.2399352e+00   2.1581730e+00  -4.6725676e+00  -6.8644555e+00   1.7964984e+00   1.1928691e-01  -3.4321118e+00  -2.9237746e+00   1.7302404e+00   2.6706525e-01  -1.6897529e-01
   2.9183602e+01  -4.9638806e+00  -8.5573620e+00   1.3714912e+01  -8.0824820e+00  -1.7427147e+01   3.1501993e+01  -5.3403368e+00  -5.6183461e+00   3.8074401e+00   2.2983567e+00  -9.9890511e-01  -3.6269253e-01  -1.3741505e+00   3.0367648e+00  -1.1208295e+00  -5.9453379e+00  -3.7017489e-02   2.0055391e+00   4.7764158e-01  -2.5599351e+00   2.1977771e-01   6.9157299e-01   1.4240740e-01
   2.9101784e+01  -3.3223136e+00  -5.4359583e+00   1.1694769e+01  -1.0851104e+01  -1.9138922e+01   3.5870076e+01  -1.5311214e+00  -5.8306649e+00   4.7495930e+00   3.5230238e+00  -8.0132203e-01  -1.3640807e+00  -1.8934986e+00   4.1300507e+00   5.0954159e+00  -4.8946665e+00  -1.7016512e+00   3.1871448e+00   2.0126111e+00  -3.1458370e-01  -6.0439648e-01   4.0028659e-01   1.8516400e-01
   2.7822932e+01  -6.0049015e+00  -4.1028620e+00   2.0205911e+01  -8.6327490e+00  -2.0187990e+01   4.1292789e+01  -5.8919724e-01  -3.7005417e+00   3.6158541e+00   4.2052085e+00  -8.3850701e-01  -6.9360755e-01  -1.4258977e+00   2.2289298e+00   3.1645958e+00  -2.1885094e+00  -4.4684616e+00   7.7723063e-01   2.6377347e+00   1.5992343e+00  -7.8550868e-01  -8.6855517e-01   6.5555415e-02
   2.7491362e+01  -6.5435834e+00  -4.4239953e+00   2.2307650e+01  -1.1069581e+01  -1.9851208e+01   3.6268584e+01  -3.9020768e+00  -4.1537180e+00   2.9334144e+00   3.3755908e+00  -8.5640342e-01   2.5095550e-02  -1.1354812e+00   1.1629932e+00  -3.9817881e-01  -1.0947598e+00  -5.0320882e+00  -1.9615946e+00   2.9316700e+00   2.1220818e+00  -2.5856130e-01  -1.8483717e+00  -5.1203409e-02
   2.8948401e+01  -5.4920923e+00  -5.7199488e+00   1.3155365e+01  -1.1256007e+01  -2.3773696e+01   3.2468585e+01  -1.9825697e-01  -4.0579681e+00   3.5372664e+00   1.0692405e+00  -8.7303130e-01  -3.0876319e-01   2.7114302e-02   2.2944442e-01  -1.6133558e+00  -7.8898101e-01  -3.9890372e-01  -9.7557258e-01   2.2388892e+00   2.0779833e+00   5.2724326e-01  -1.3756057e-01   7.1570007e-02
   2.8576693e+01  -5.2819400e+00  -2.8829251e+00   1.4622773e+01  -1.1181615e+01  -2.4894201e+01   3.7339786e+01   2.6709135e+00  -2.4688290e+00   4.4010449e+00   2.3184503e+00  -8.6086500e-01  -7.2804968e-01   1.7001646e-01   4.7399705e-01  -1.1332950e-01  -2.4239550e-01   1.9688790e+00   1.1871111e+00   2.3876342e-01   5.5570040e-01   4.5654027e-01   9.4236979e-01  -8.4525395e-02
   2.6817122e+01  -6.5950518e+00  -4.5292305e+00   2.1628315e+01  -9.7602039e+00  -1.8264849e+01   3.9293829e+01  -5.1735861e-01  -1.4260112e+00   3.6729038e+00   4.5274380e+00  -7.2892121e-01   2.1093731e-01  -1.8722191e-02  -6.1789807e-01  -1.3250900e+00   2.9205907e-01   2.4517238e+00   1.8508048e-01  -2.0157858e+00  -9.3679864e-01  -2.9193102e-02   7.1793547e-01   7.1781178e-02
   2.7464928e+01  -5.7370790e+00  -4.3083589e+00   1.7901181e+01  -1.2181076e+01  -1.9652313e+01   3.4636628e+01  -3.3843809e+00  -4.6361459e+00   3.5504061e+00   3.0600468e+00  -1.0552466e+00   1.0853230e+00   1.7277712e+00  -7.2899221e-01  -4.6231212e+00  -8.4884584e-01  -4.7260673e-01   1.5006789e+00  -5.3289238e-01  -1.0027760e+00   7.8933527e-01  -6.8816437e-01   2.0632096e-01
   2.9820690e+01  -5.2926061e+00  -5.9340790e+00   9.5285263e+00  -1.0318188e+01  -2.2717054e+01   3.4097784e+01  -1.9428843e-01  -4.3795076e+00   3.9187961e+00   1.7753454e+00  -6.6816876e-01   9.7549165e-01   2.0374093e+00   2.0183622e+00  -3.7164845e+00  -5.0107195e-02  -4.2174991e+00   3.8633735e+00   1.2178808e+00   1.3571870e+00   1.5391862e+00  -5.9366237e-01   1.3801651e-01
   2.8702893e+01  -3.3415060e+00  -3.2739891e+00   1.3737986e+01  -1.2175891e+01  -2.3377009e+01   4.2188827e+01   1.7100399e+00  -2.4962448e+00   5.4621016e+00   2.6622500e+00  -5.8175978e-01  -4.7700107e-01   1.9355451e+00   2.5673730e+00  -1.8923416e-01  -7.5801185e-01  -2.2150856e+00   3.0625095e+00   7.3748152e-01   1.9617052e+00   1.8915309e-01  -1.9667127e-02  -2.5526623e-01
   2.7661376e+01  -4.7367243e+00  -2.0188720e+00   1.8135186e+01  -9.8379572e+00  -2.2728750e+01   4.1312790e+01  -1.2377478e+00  -4.6018123e-01   5.0258353e+00   3.8358428e+00  -7.5863983e-01  -5.6131766e-01   6.9537512e-01   2.0149968e+00  -3.0040253e-01  -1.9959908e+00  -1.7483134e+00  -1.5145892e+00   1.9858719e-01   4.1253334e-01  -1.2453990e-01  -1.5124597e-01  -3.9689512e-01
   2.7829083e+01  -3.1117022e+00  -2.4149029e+00   1.3314000e+01  -1.3558210e+01  -2.2969094e+01   3.5622890e+01  -1.7564289e+00  -3.6532513e+00   3.2806161e+00   2.0002974e+00  -1.3929104e+00   2.4888630e-01  -1.0882128e-01  -5.7380734e-01  -2.7617533e+00   7.4838982e-01  -8.1219360e-01  -1.9202331e+00   1.2639644e+00  -1.2461549e-01  -3.5937825e-01   2.4782073e-01  -1.6541334e-01
   2.9415618e+01  -4.3644453e+00  -3.3411268e+00   9.2899156e+00  -1.2621015e+01  -2.5543482e+01   3.5108869e+01   1.8368267e+00  -3.1822044e+00   4.8227290e+00   1.8794528e+00  -8.5793615e-01   9.7527367e-04   4.4501174e-01  -1.1950881e+00  -2.1989728e-01   2.0627562e+00   5.0788664e-01   3.1077038e-01   1.3336689e+00  -6.2245336e-01  -5.5077840e-01   1.1889660e+00   3.4202372e-01
   2.8199102e+01  -3.6908774e+00  -3.4735727e+00   1.4017992e+01  -9.6617777e+00  -2.3187933e+01   4.2410437e+01   2.0686991e+00  -1.3221565e+00   5.0245874e+00   4.0121761e+00  -7.8023163e-01  -2.4071014e-01   4.1697917e-01  -2.8788736e-02   1.0116567e+00   1.2479576e+00   2.7008977e-01  -3.2022097e-01  -1.0956447e-01   2.6764840e-01  -1.5946044e+00   1.1140398e+00   4.8400410e-01
   2.7477830e+01  -3.7796191e+00  -3.2821692e+00   1.7453344e+01  -8.6920388e+00  -2.1857500e+01   3.8385172e+01  -1.1498085e+00  -2.5594087e+00   3.3276821e+00   4.6133524e+00  -5.5194362e-01  -3.2950390e-01   2.4080894e+00   5.5413919e-01   4.7868140e-01  -3.1822087e+00  -1.1001807e+00  -4.8996292e-01   1.1347080e-01  -1.0852237e+00  -7.8901524e-01  -2.2106131e-01   1.6203396e-01
   2.8436912e+01  -2.7786466e+00  -2.4875648e+00   1.0749771e+01  -1.3650761e+01  -2.4406950e+01   3.3504407e+01  -4.2745799e-01  -3.5631765e+00   1.6362329e+00   2.3044073e+00  -8.1990047e-01  -1.6188663e-01   2.2559100e+00   1.2569850e+00  -9.8503077e-01  -5.1505864e+00  -1.5749834e+00   1.9607627e+00   1.0784773e+00  -6.1462023e-01   6.1502598e-01  -7.0798793e-01   2.1936411e-01
   2.8802457e+01  -1.2084266e+00  -3.0029220e+00   1.1642048e+01  -1.5399836e+01  -2.6584244e+01   3.8826940e+01   3.2551115e+00  -3.6895298e+00   5.3333834e+00   2.4017452e+00  -5.9505079e-01  -4.4167539e-01   2.5494097e+00   1.9033040e+00  -3.4683537e-01  -5.2231861e+00  -1.6682833e+00   5.9354937e+00   1.2943961e+00   4.0872714e-01   1.8808307e+00  -3.5978687e-01  -5.6800916e-02
   2.7293958e+01  -1.5926088e+00  -1.7277189e+00   1.5446094e+01  -1.4033759e+01  -2.3187036e+01   4.5130697e+01   1.4839551e+00  -1.6790262e+00   4.9442757e+00   4.0559978e+00  -4.2963189e-01  -1.6607299e-01   4.3832304e-01  -1.1461393e+00   1.5462808e+00  -2.5035641e-01   1.4155737e+00   1.1507915e+00  -1.1280458e+00  -1.0996269e+00   5.3408814e-01   2.3858176e-01   7.1879984e-02
   2.7386794e+01  -5.4852352e-01  -8.0713617e-01   1.4584930e+01  -1.6335319e+01  -2.4969882e+01   4.1475267e+01  -1.6392085e-01  -2.8883931e+00   4.4949067e+00   3.1978768e+00  -8.3227929e-01   1.8120906e-01  -9.2399698e-01  -2.0050973e+00   3.3030359e-01   2.3448168e+00   1.7946749e+00  -2.1455167e+00  -9.0103625e-01  -9.5710205e-01  -7.7887869e-01   2.7974350e-02   3.9583077e-02
   2.8895634e+01  -2.4511135e+00  -5.3046666e+00   1.1597751e+01  -1.3558554e+01  -2.3090771e+01   3.3906431e+01  -4.1001058e-01  -5.6131852e+00   2.8566035e+00   2.2642142e+00  -5.9346625e-01   2.1517168e-01  -1.2439291e+00  -2.0170617e+00   1.3831071e+00   2.7904237e+00   1.4395561e+00  -1.0625885e+00   7.3580339e-02  -1.0209676e+00   1.3831484e-01   6.9015808e-01   8.2965416e-02
   2.8273433e+01  -2.1651697e+00  -4.2220940e+00   1.4061675e+01  -1.2120213e+01  -2.3940365e+01   4.1220798e+01   2.8505400e+00  -3.1581034e+00   5.2089015e+00   3.3395986e+00  -4.5375900e-01  -4.7254950e-01  -6.0654676e-01  -4.8481378e-01   7.4962156e-01   4.1300967e+00   2.2920806e+00  -9.1932653e-01   4.7784172e-01  -4.5451795e-01  -5.2489479e-01   1.4852791e+00  -1.2226131e-01
   2.7173396e+01  -2.6501793e+00  -3.0458324e+00   1.7782382e+01  -1.1955676e+01  -2.1542461e+01   4.3664049e+01   8.7095197e-02  -3.0756225e+00   4.7947506e+00   5.0203740e+00  -4.9444391e-01  -9.7037757e-02   5.6786882e-01   9.1954851e-01   6.5068287e-01   1.1888204e+00  -2.2822784e+00  -2.1815877e+00   9.6021468e-01  -5.8093176e-01  -5.6727907e-02   8.6017076e-01  -3.4281539e-01
   2.7539089e+01  -1.3588107e+00  -2.6637739e+00   1.2617047e+01  -1.0941613e+01  -2.2305916e+01   3.5217468e+01   3.0428883e-01  -4.8389514e+00   2.7384910e+00   4.0477156e+00  -1.0651824e+00   3.0871714e-01   3.7527273e-01   1.0829116e+00  -4.9421830e-01  -5.9460134e-01  -3.6549069e+00  -2.3647091e+00   9.2117680e-01  -1.3838332e-02   4.9960403e-02  -1.9339452e-01  -3.1628804e-01
   2.9117250e+01  -2.0024898e+00  -4.7045039e+00   1.3296089e+01  -1.2364624e+01  -2.7331413e+01   3.3635714e+01   2.3034370e+00  -5.6441589e+00   4.0067169e+00   3.2004118e+00  -8.0197762e-01  -1.3968062e-01   5.0105470e-01   1.5734817e+00   5.3391794e-02  -1.6823529e+00  -3.9287871e+00   1.3570419e+00   2.5831785e+00   2.2779341e+00   1.0772597e+00  -4.1876364e-01  -7.1665885e-02
   2.7764582e+01  -1.9261054e+00  -1.7683909e+00   1.5563494e+01  -1.2807642e+01  -2.6528249e+01   4.2687902e+01   3.1241343e+00  -1.8945928e+00   5.6778589e+00   3.9594879e+00  -7.7442421e-01  -1.5568253e-01  -6.4903372e-01  -1.0606851e-01   3.0492551e-01  -2.0656943e+00  -7.9549180e-01   2.5023514e+00   5.1356136e-01   1.8531359e+00   2.5467349e-01  -1.0466815e+00   2.6298962e-01
   2.6851128e+01  -1.6149500e+00  -1.1333013e+00   1.6389246e+01  -1.3546191e+01  -2.5324475e+01   4.1964395e+01   2.5519403e+00  -1.1309006e+00   4.9409562e+00   4.4363424e+00  -7.4732184e-01   3.7785587e-01   1.2166324e-01  -1.0119187e+00  -2.9040110e+00   1.0041688e+00   3.2868882e+00  -1.8379514e+00  -1.7907133e+00   5.9608941e-01  -1.5332572e+00  -1.2651267e+00   2.6284597e-01
   2.8438626e+01  -2.5261312e+00  -4.6084780e+00   1.1527857e+01  -1.3449371e+01  -2.4502623e+01   3.4806655e+01   9.5037924e-01  -4.3158766e+00   2.6533815e+00   1.8597280e+00  -6.9802588e-01   1.2646094e+00   9.9216532e-01  -1.5077616e+00  -3.5953291e+00   2.5318158e+00   1.3439317e+00  -2.2551429e+00  -2.2657774e+00  -6.0132048e-01  -8.1015952e-01  -8.4937004e-02   2.1051067e-01
   2.9347011e+01  -1.5199820e+00  -4.8023384e+00   1.0957891e+01  -1.0537506e+01  -2.3413894e+01   3.4819411e+01   7.0424450e-01  -3.5393828e+00   3.2190697e+00   2.3526016e+00  -4.4590783e-01   7.4106809e-01   1.0346298e+00   1.4104700e-01  -1.6157578e+00   2.9669315e+00   2.2891500e+00   2.4174456e+00  -3.6285551e+00  -3.1133135e-01   5.1649756e-01   8.9146184e-01  -4.3646402e-02
   2.8413554e+01  -4.8534139e-01  -2.1955148e+00   1.2886177e+01  -1.0514261e+01  -2.5467642e+01   4.2877679e+01   6.4931606e-01  -1.5923324e+00   5.3235629e+00   4.8739528e+00  -6.0936521e-01   2.0385932e-01   2.1674105e-01   2.1803795e+00   9.5596720e-01  -1.0508631e-01  -5.7701977e-02   5.8407399e-01  -4.1591711e+00   1.6712527e-01   1.0468601e+00   5.4575199e-01  -3.5621819e-01
   2.7975266e+01  -1.0834002e+00  -2.1282124e+00   1.3286449e+01  -1.0563349e+01  -2.1408240e+01   4.1555051e+01  -2.7403608e+00  -2.9596698e+00   4.3806119e+00   4.2664228e+00  -8.5712178e-01   3.7196660e-01  -1.0893162e+00   2.1418717e+00   2.8556370e+00  -2.7187004e+00  -1.0570883e+00  -1.5819872e+00  -3.4233287e+00  -1.0355381e+00  -8.2059635e-03  -2.4647077e-01  -2.0955903e-01
   2.9430287e+01  -2.4193105e+00  -2.6749718e+00   1.1797529e+01  -1.3594079e+01  -2.5592002e+01   3.2314946e+01  -3.5660747e+00  -4.3550452e+00   3.6429006e+00   1.7214454e+00  -1.0267462e+00   3.2194198e-01  -1.0116287e+00   1.1175588e+00   5.1891189e+00  -2.6943251e+00  -1.5610406e+00  -8.4027059e-01  -1.2970773e+00  -1.0183396e+00  -1.7938058e-01  -1.1543983e-01   2.3552421e-01
   2.9396595e+01  -2.1869717e+00  -1.3498024e+00   1.5785671e+01  -1.3075647e+01  -2.4937346e+01   3.7727797e+01  -2.3230531e+00  -3.7113336e+00   4.0470920e+00   3.5591492e+00  -5.5155588e-01  -8.6379537e-01   6.6797324e-01   1.4123062e+00   5.3216242e+00  -2.4481057e+00  -2.3730040e+00  -1.9391365e-01   2.1281511e+00   6.1346891e-01   3.4840244e-01   1.4407990e-01   2.1358540e-01
   2.8185803e+01  -1.4509987e+00  -9.0838159e-01   1.9420245e+01  -1.3299599e+01  -2.6044650e+01   4.3530901e+01  -1.5049537e+00  -2.7440098e+00   5.2212520e+00   5.0544299e+00  -4.0886185e-01  -6.6214410e-01   2.3503134e+00  -2.9325691e-01   3.2342153e-01   2.0486520e-01   1.0163053e+00  -3.0642222e+00   1.7412873e+00   1.0954741e+00  -8.1161044e-01  -4.8319555e-01   3.7294877e-01
   2.7301815e+01  -5.6559628e-01  -8.9304822e-01   1.7457527e+01  -1.4382748e+01  -2.4741422e+01   3.5656203e+01  -5.7869466e-01  -2.8449841e+00   4.1140398e+00   2.8160504e+00  -8.4568585e-01   3.3901540e-01   2.0523006e+00  -1.8785084e-01  -3.2312231e+00   1.7294334e+00   7.9786453e-03  -5.6652749e+00   2.2685217e-01   1.4400746e+00  -1.9696292e+00  -1.0583855e+00   2.2621537e-01
   2.9484461e+01   2.9547193e-01  -3.3432342e+00   1.1446733e+01  -1.2633231e+01  -2.4165506e+01   2.8754409e+01  -1.8263229e+00  -3.1450089e+00   2.3920110e+00   1.3682015e+00  -3.2025806e-01   7.2705197e-01   2.6636919e-01  -6.3443983e-01  -1.9443318e-01   3.5363413e+00   1.4367381e+00  -2.5165979e+00  -3.7649553e+00   4.7010858e-01  -1.2814581e+00   4.7139079e-01   4.4779343e-01
   2.9255789e+01   1.8243856e-02  -4.1415236e-01   1.4925592e+01  -1.0814682e+01  -2.5864950e+01   3.6618130e+01  -1.8220903e+00  -1.3507223e+00   2.5072687e+00   3.8146852e+00  -2.5653472e-01   6.2969992e-01  -1.2528935e+00  -5.1128987e-01   3.0555333e+00   1.8873993e+00   1.0871513e-01   2.3041093e+00  -5.2115333e+00  -1.7585637e+00   1.3543314e-01   1.4136499e+00   1.5541387e-01
   2.8299394e+01  -1.3433650e+00  -2.0994893e+00   2.0394562e+01  -9.7791204e+00  -2.3327779e+01   3.9275040e+01  -6.5306888e+00  -2.7859779e+00   4.1024504e+00   5.2621987e+00  -3.1747270e-02   1.2859462e-01  -8.7552583e-01   1.9474512e-01   3.5871258e+00  -5.3168486e-01  -7.9300356e-01   1.5232760e+00  -3.8486456e+00  -2.2645766e+00   1.0841330e+00   5.3888936e-01  -1.8275479e-01
   2.8838899e+01  -1.6255181e+00  -2.2818555e+00   1.7566912e+01  -1.2978704e+01  -2.4997213e+01   3.3852051e+01  -6.0438118e+00  -5.6623451e+00   3.4619698e+00   2.9895267e+00  -7.5682045e-01   2.5066398e-01   1.5374849e-01  -4.3219599e-01   9.0854282e-01  -4.4675830e-01  -7.3033505e-01  -6.5548502e-01  -1.0281789e+00  -1.1933202e+00   6.0412529e-01  -4.8935208e-01  -1.3705667e-01
   2.9885798e+01  -1.9593584e-01  -2.1172650e+00   1.5506762e+01  -1.2348747e+01  -2.5788880e+01   3.2422363e+01  -5.4884306e+00  -4.3860623e+00   3.5408599e+00   2.5891148e+00  -3.4424737e-01  -2.9451039e-01   5.9961202e-01   1.0717047e+00  -6.4820909e-01   4.1211817e-01   5.1083085e-01   1.3393407e+00   2.6233296e+00   4.6798544e-01  -3.7417285e-01   1.6617977e-01  -1.6969262e-01
   2.8838583e+01  -3.2484797e-01  -1.0535585e+00   1.8732307e+01  -1.0200006e+01  -2.5729902e+01   3.9061242e+01  -3.8854877e+00  -2.3406603e+00   3.6942519e+00   4.4171990e+00  -3.0586968e-01  -3.9477802e-01   2.8360376e-01   3.2090919e-01  -1.2401187e+00   1.9213518e+00   3.2021032e+00   9.0256962e-01   1.8369298e+00   6.8452736e-02  -1.1042302e+00   4.2038088e-01   2.0169845e-01
   2.7857786e+01  -1.0942820e+00  -1.1060807e+00   1.8839551e+01  -1.0550292e+01  -2.2195188e+01   3.8679456e+01  -3.6748564e+00  -3.7448421e+00   3.4250501e+00   4.7976322e+00  -5.1176158e-01  -2.5042076e-02   3.5248762e-01  -8.6148412e-01  -5.8356040e-02   2.8189767e+00   3.3154306e+00  -6.7087916e-01   2.7022199e-01  -1.8344451e+00  -2.9317833e+00   2.9848851e-01   2.8286578e-01
   2.9260737e+01  -7.5093938e-01  -2.3060839e+00   1.4040339e+01  -1.0995904e+01  -2.1990904e+01   3.2077359e+01  -4.1952041e+00  -5.8802761e+00   1.8635293e+00   2.5158393e+00  -3.7051568e-01   1.5090204e-01   1.4671638e+00   2.2945005e-01   1.7123041e-01   2.4297400e+00   1.3593370e+00   8.6306570e-02   1.1133306e+00  -9.8635205e-01  -2.8434850e+00  -3.2006653e-02   1.2714084e-01
   2.9637158e+01   5.4584129e-01  -2.7832285e+00   1.7765211e+01  -7.7223329e+00  -2.2685233e+01   3.4907985e+01  -4.9282394e+00  -5.3679220e+00   5.8546153e-02   3.9875274e+00   1.1237430e-01  -4.8983085e-01   1.8224365e+00   2.8109800e+00   3.1186681e+00   1.2492520e+00  -6.5290162e-01   2.4300536e+00  -3.2673511e-01  -3.8795785e-01  -1.9718081e+00   4.9662936e-01   3.2990974e-01
   2.8175250e+01   1.0558361e+00   1.2919046e-01   1.9526323e+01  -7.9693755e+00  -2.3445874e+01   4.1076437e+01  -1.5888003e+00  -3.0086484e+00   1.1122764e+00   4.7742414e+00  -4.2722636e-01  -5.2136132e-01   1.7736203e+00   2.6105873e+00   2.6627439e+00   4.9562301e-01  -1.3662250e-01   8.3316375e-01  -1.5853870e+00   1.1516549e+00  -1.0437192e+00   3.0611177e-01   1.2959395e-01
   2.7665784e+01   7.3598502e-01   1.8927521e+00   2.0774562e+01  -1.0189678e+01  -2.2447056e+01   3.7824998e+01  -5.4681610e+00  -5.7625927e+00   8.4296445e-01   4.4133752e+00   1.1458372e-02   6.9151730e-01   1.2940346e+00  -2.9164822e-01  -4.8469081e-01  -7.9551380e-01  -1.7870757e-01   1.3483153e-01  -1.4537850e+00  -1.7643223e-01   1.8735958e-01  -9.9139585e-01   2.3891395e-02
   2.9464382e+01   1.8144193e+00  -7.2819317e-01   1.6529780e+01  -9.0187964e+00  -2.2314927e+01   3.1868598e+01  -6.3033238e+00  -3.9554584e+00  -9.4258612e-02   2.7620831e+00  -1.2566679e-01   1.2435587e+00   1.8997548e+00  -2.8964470e+00  -8.7707986e-01  -7.8850683e-01  -1.2696532e+00   1.8428862e+00   3.4549679e-01  -1.2772785e+00   3.5205946e-01  -3.2264306e-01  -1.2788976e-01
   3.0029867e+01   2.1076016e+00  -2.7920090e+00   1.8536447e+01  -8.3908932e+00  -2.3518768e+01   3.9714152e+01  -4.7516552e+00  -5.1591654e+00   9.4285303e-01   3.5065128e+00  -2.5683946e-03   9.8978165e-01   7.9701763e-01  -3.8332699e+00   6.9029928e-02   2.2624308e+00  -2.8693758e+00   5.2420167e-01   2.2230958e+00  -2.5036068e-01   1.1405459e+00   4.3017328e-01  -5.1960779e-01
   2.8858546e+01   3.2196600e+00  -1.8730994e+00   1.9329761e+01  -1.0051528e+01  -2.4814498e+01   4.2896189e+01  -1.4288080e+00  -5.2262798e+00   1.5904213e+00   4.7437080e+00  -6.1204762e-01   8.8094309e-01   1.6737294e-01  -4.1687541e+00   1.9385171e+00   6.9797328e+00  -2.1136859e+00  -1.9307148e+00   1.2070836e+00   9.4034065e-01   3.6144437e-01   1.1285025e-01  -5.1476961e-01
   2.9453374e+01   1.2288911e+00  -3.2846995e+00   1.9478116e+01  -6.2796662e+00  -2.5501334e+01   3.3097505e+01  -4.5707752e+00  -5.5027230e+00   1.7114434e+00   4.0678226e+00  -5.2476290e-01   1.2497613e+00  -3.0645277e-01  -3.0909336e+00   4.4502704e-01   7.0931947e+00  -3.7955645e-01  -4.3112542e+00  -1.9022612e+00   1.8808383e+00  -3.2966833e-02  -5.9475273e-01  -5.3045380e-01
   3.1074044e+01   2.5048339e+00  -6.7349790e+00   1.8966720e+01   3.9518928e-01  -2.4494173e+01   3.2280850e+01  -4.5831384e+00  -2.3731686e+00   6.3612763e-02   2.6507035e+00  -6.3672395e-01   6.0087775e-01  -8.1525877e-01  -6.1874627e-01   2.1639292e-01   2.8160081e+00  -1.0252979e+00  -7.4395624e-01  -4.4654717e-01   4.0284222e+00   1.2434741e+00  -1.1405071e+00  -3.3611139e-01
   3.0796761e+01   2.0053355e+00  -4.9974696e+00   1.9385507e+01  -2.9744599e+00  -2.4248266e+01   3.8554940e+01  -6.0278818e+00  -3.7644636e+00   1.6568070e+00   3.6608860e+00  -7.8591093e-01  -9.5085778e-01   3.3419197e-01   2.8358546e+00  -1.3166678e+00  -1.6243219e+00   1.8502222e+00   3.7309343e+00   1.6111193e+00   3.8403422e+00   1.4361423e+00  -6.4673267e-01  -4.6705522e-01
   2.9088170e+01   1.6085497e+00  -1.9448338e+00   1.9700655e+01  -7.4801192e+00  -2.6978979e+01   3.9051537e+01  -1.3700755e+00  -5.2776245e-02   3.4829506e+00   3.2364157e+00  -9.8564069e-01  -7.5200118e-01   1.7323380e+00   2.3592358e+00  -9.4526072e-01  -1.6503964e+00   3.2736322e-01  -4.3068766e-01   6.9466451e-02   1.4699482e-01  -4.4052428e-01   3.6620390e-01   5.2119792e-02
   2.9020024e+01   2.1783212e+00  -1.4259902e+00   1.7136148e+01  -4.7784947e+00  -2.1483597e+01   3.5308562e+01  -3.7606277e+00  -9.0240587e-01   2.1559879e+00   2.8048675e+00  -1.0508874e+00   4.3444934e-01   3.8801444e+00  -1.1238501e+00   6.0644707e-01   2.5286250e+00  -4.0478677e-01  -2.4146117e+00  -1.4999017e+00  -1.2679647e+00  -2.2910118e+00   2.6797873e-01   2.7206471e-01
   3.0834410e+01   5.0168480e+00  -4.9818650e+00   1.8673509e+01  -1.1783879e+00  -2.5385462e+01   3.3258007e+01  -5.6125658e+00  -3.5837052e+00  -8.4676409e-01   3.6280186e+00  -4.2605604e-01   7.0269152e-01   4.1527826e+00  -1.5872970e+00   7.6056653e-01   1.6309172e+00  -2.5933943e-01   1.1078459e+00  -1.4808717e+00  -2.1437381e+00  -1.2364023e+00   6.3860294e-01  -8.0504682e-02
   3.0575314e+01   6.1214029e+00  -5.1647292e+00   2.0808750e+01  -2.3323881e+00  -2.5652204e+01   3.7829788e+01  -6.1564892e+00  -3.9009461e+00   3.8514664e-01   3.8670526e+00  -6.5760618e-01  -5.2281216e-01   2.5898115e+00  -1.0286687e+00   3.1731993e+00   7.8635101e-02   7.1142283e-01   1.3160112e+00   8.8843355e-01   3.2273325e-02  -7.7951891e-01  -7.0915898e-01  -1.8374710e-01
   2.9364562e+01   5.8661827e+00  -2.4564098e+00   1.9005203e+01  -6.2567968e+00  -2.5283685e+01   3.9452693e+01  -2.3934523e+00  -1.7691133e+00   2.5137678e+00   3.6632276e+00  -1.3030383e+00  -5.4267065e-01   1.0740700e+00  -2.3043579e-01   1.0117745e+00   1.3335641e+00   9.4723347e-01  -2.9634215e+00   2.6273858e-02   1.2613609e+00  -7.3984099e-01  -1.7317331e+00  -1.0667699e-01
   2.8970730e+01   5.6383712e+00  -4.2317208e+00   2.1730100e+01  -2.1213377e+00  -2.0467352e+01   3.4185236e+01  -4.0375341e+00  -1.7612919e+00  -6.9355639e-01   1.7235246e+00  -8.8801687e-01   8.8081638e-02   9.9270591e-01   6.4781509e-01  -7.2357375e-01   2.9521014e+00  -5.1243964e-01  -6.1140123e+00  -2.0323202e+00  -1.3426242e-01  -1.6449006e+00  -1.0661601e+00   1.3047764e-01
   3.0822696e+01   6.8694688e+00  -5.7940229e+00   1.9730496e+01   7.1643308e-01  -2.6557038e+01   3.0635151e+01  -6.6326326e+00  -2.7614911e+00  -1.4171741e+00   2.1021830e+00  -4.7086619e-01   8.6477097e-03   3.5350817e-01   1.6974857e+00  -4.6076184e-01   1.5402634e+00   9.5520721e-01  -4.6802010e+00  -4.0636483e+00  -1.2630672e+00  -9.7556305e-01  -2.5463751e-01   2.7405914e-01
   2.9978370e+01   7.1088187e+00  -2.5242000e+00   1.9360743e+01  -1.3908509e+00  -2.5784187e+01   3.3067540e+01  -7.0853794e+00  -3.6061509e+00  -1.1673333e-01   3.0483347e+00  -8.7797577e-01  -8.8915770e-01  -1.0993700e+00   2.6307990e+00   1.9617231e-01  -1.1870135e+00   2.6238459e+00  -1.2612331e+00  -3.1135594e+00  -1.3368008e+00   1.2366816e+00   6.7317288e-01   4.7594187e-02
   2.8873714e+01   5.6612212e+00  -7.6394169e-01   1.9498738e+01  -4.3116450e+00  -2.1192456e+01   3.2991240e+01  -6.9650020e+00  -2.7412846e+00   7.6201168e-01   2.6188662e+00  -8.9697013e-01  -8.3135103e-01  -2.5332828e+00  -2.5646422e-01   2.4226484e+00   1.7284362e-01   3.2703711e+00  -2.4740086e+00  -1.9401781e+00  -2.4320265e+00   2.3722449e-01   1.8524081e-01   1.3193552e-01
   2.8611485e+01   4.5934400e+00  -2.8005630e+00   2.2140237e+01  -1.3878189e+00  -1.9213874e+01   3.1115342e+01  -8.5416884e+00  -3.7765963e+00   7.1873106e-02   2.4749423e+00  -6.0357362e-01   2.4572217e-01  -2.1108438e+00  -2.1690751e+00   4.3811134e+00   2.9297185e+00  -1.0106323e+00  -4.9652534e+00  -3.1501829e+00  -2.4540682e+00  -1.0662251e+00  -2.0905446e-01   3.6441636e-01
   3.0259112e+01   4.3272340e+00  -6.0405377e+00   2.1974722e+01   9.7418251e-01  -2.4936638e+01   2.7900237e+01  -8.8147452e+00  -6.3243081e+00  -1.1556405e+00   2.6667405e+00  -4.1016399e-01   2.4799764e-01  -1.0203682e+00  -1.4517465e+00   5.3032753e+00   3.3453133e+00  -3.5242786e+00  -4.2841255e+00  -3.3037144e+00  -3.5553113e+00  -1.0613666e+00  -2.0073583e-01  -4.9351472e-02
   2.9654254e+01   4.6095466e+00  -3.1395147e+00   2.4694422e+01   3.6081309e-01  -2.5428045e+01   2.8165162e+01  -1.0885782e+01  -5.4957415e+00  -7.5724485e-01   2.7108159e+00  -5.7475431e-01   5.8405958e-02  -3.7070539e-01  -1.0814032e+00  -2.8131495e-02  -1.3007796e+00  -4.0177463e-01  -5.0249890e-01  -2.5831218e+00  -4.5223648e+00  -5.7552793e-01  -6.2685041e-01  -2.0525554e-01
   2.8724326e+01   4.1226155e+00  -2.7720856e+00   2.6176559e+01  -1.6799109e-01  -2.3371788e+01   2.8040142e+01  -1.0748527e+01  -7.2146790e+00  -4.1547923e-01   2.1998257e+00  -9.8540700e-01  -1.5594102e-01   6.6648677e-01  -2.4597243e+00  -4.0512867e+00  -1.4421869e+00   2.8326034e+00  -3.7133654e-01  -2.0203602e+00  -4.0177816e+00  -1.0701344e+00  -1.0277369e+00   4.7265994e-02
   2.9466487e+01   4.1396911e+00  -6.0568939e+00   1.9997121e+01  -2.7679015e+00  -2.0598960e+01   3.0291642e+01  -1.1449480e+01  -1.0114958e+01  -1.1614994e+00   1.7681241e+00  -6.2383543e-01   5.1535186e-01   3.0176653e+00  -3.6989024e+00  -5.6271752e+00   2.7035799e+00   2.6987045e-01  -1.9922957e+00  -1.5268110e-01  -2.8929395e+00  -1.9642680e+00  -1.1852516e+00   2.3165713e-01
   3.0119084e+01   5.5618919e+00  -8.2714346e+00   1.8246442e+01   3.7525941e-01  -2.3102275e+01   2.6279992e+01  -1.1563437e+01  -1.0041372e+01  -2.5587149e+00   1.5964811e+00  -3.1472443e-01   2.1637646e-01   2.9052516e+00  -1.0156154e+00  -4.1821457e+00   2.0417659e+00  -1.5754942e+00  -5.8106228e-01   1.2583614e+00  -1.9801018e+00  -2.7644360e+00  -9.3756808e-01   4.3404243e-01
   2.9729903e+01   8.4164064e+00  -5.9381938e+00   2.0218717e+01   4.1445577e+00  -2.5157996e+01   2.6056793e+01  -1.0707349e+01  -8.4218042e+00  -2.6320291e+00   1.2346108e+00  -5.6260989e-01  -6.3213505e-01  -4.1927060e-03   2.2235546e+00  -9.0055175e-01  -2.9637636e-01  -2.5102013e+00   1.2431370e+00   1.9776690e+00  -2.3028707e+00  -2.0102000e+00  -3.0488637e-01   1.8042860e-02
   2.8917183e+01   6.3421353e+00  -4.3548587e+00   1.9792543e+01  -5.6157179e-01  -2.3455512e+01   2.9285973e+01  -9.2320502e+00  -1.1031409e+01  -3.8268684e+00   1.0602302e+00  -3.6495612e-01  -6.1448660e-01  -2.6763918e+00   2.5461345e+00   2.3599468e+00  -1.6585628e+00  -2.1837225e+00   3.4946271e+00  -9.3111115e-01  -2.9323452e+00  -1.0431732e+00  -8.1830020e-02  -3.6233710e-02
   2.9119235e+01   3.7432804e+00  -4.6798499e+00   1.7873243e+01  -2.7440504e+00  -2.4187644e+01   3.0653357e+01  -9.6486699e+00  -1.3074246e+01  -3.5427226e+00   1.5789200e+00  -5.7165529e-01  -4.7053316e-01  -2.0929961e+00   1.6919987e+00   5.4435953e+00  -1.6228176e-01  -2.8456430e+00  -3.4294204e-01  -2.2688277e+00  -1.1989269e-01  -9.8530083e-01  -1.8342436e-01   1.5037644e-01
   2.9502688e+01   3.8838672e+00  -5.0814047e+00   2.2959099e+01   1.3317193e+00  -2.6863035e+01   2.9223651e+01  -1.3489443e+01  -1.2113669e+01  -3.6681278e+00   1.3015815e+00  -3.6455230e-01  -8.7705048e-02   9.4285993e-01  -4.6870650e-01   5.6486656e+00   5.3285881e+00   2.0694943e-01  -1.7711024e+00  -2.7073509e+00   1.7150037e+00  -1.6866622e+00  -2.5999770e-01   2.6547248e-01
   2.8731350e+01   6.5060462e+00  -3.0369227e+00   2.6800832e+01   2.9544895e+00  -2.7722699e+01   2.5573541e+01  -1.1981894e+01  -8.0605130e+00  -4.1893506e+00   8.3879864e-01  -3.3724714e-01  -3.9584379e-01   1.7935426e+00  -1.8532927e+00   3.2782811e+00   5.9647349e+00   2.8872676e+00  -3.0122422e+00  -1.2998810e+00   1.6810362e-01  -1.6270103e+00  -5.0799264e-01   3.4107776e-01
   2.8979568e+01   6.3750423e+00  -5.8793821e+00   2.3801747e+01   4.5820404e+00  -2.1377560e+01   2.9169227e+01  -1.2126464e+01  -1.0965770e+01  -6.0335478e+00   1.0402943e+00  -8.3951472e-02  -8.1957341e-01  -9.4490354e-01  -1.5029816e+00   2.5541479e-01   2.8548410e+00   5.1736113e+00  -2.6971760e+00  -1.2579099e+00  -2.2591718e+00  -6.4897016e-01  -1.4292828e-01   1.1141185e-01
   2.8787030e+01   5.1880067e+00  -7.0608002e+00   2.2369341e+01   4.5778915e+00  -2.2599479e+01   2.6162206e+01  -1.2279981e+01  -1.3396040e+01  -4.8005281e+00   9.4757459e-01  -2.0033907e-01  -7.4415179e-01  -3.3645017e+00   1.7922142e-01   2.2433617e+00   1.9762359e+00   2.2805732e+00  -1.5790424e+00  -2.6987213e+00  -2.4102247e+00   6.7580493e-01   2.1675228e-01  -2.4319381e-01
   2.8245488e+01   3.1255316e+00  -5.3239383e+00   2.5557967e+01   4.8022799e+00  -2.1664228e+01   2.4883554e+01  -1.5227264e+01  -1.2834663e+01  -4.3359943e+00   1.0328011e+00  -2.6588856e-01  -5.4971196e-01  -1.6050225e+00   3.2032882e+00   2.6357911e+00  -1.7536333e-01  -6.7963873e-01   1.3523249e+00   6.4063319e-02   9.5705620e-01   2.0510607e-01  -9.7873955e-02  -4.9059554e-01
   2.7982162e+01   3.0840489e+00  -3.0458124e+00   2.9287764e+01   5.8087236e+00  -2.4158506e+01   2.5347813e+01  -1.4479576e+01  -1.0741403e+01  -4.0244199e+00   1.1676737e+00  -6.1106932e-01   5.1445033e-01   1.1329165e-01   1.3670029e+00  -1.8164636e+00  -1.8342453e-01   6.6820664e-01   3.7040176e+00   3.6455580e+00   3.6858980e+00  -1.5438824e+00  -6.0490535e-01  -3.2904438e-01
   2.8557433e+01   5.0194874e+00  -3.0819438e+00   2.4296222e+01   3.7035793e+00  -2.1617505e+01   3.1604911e+01  -1.0930572e+01  -1.0857504e+01  -6.1139428e+00   7.8343383e-01  -6.1447966e-01   1.7858536e+00   1.1628900e+00  -3.8985195e+00  -5.7021950e+00   5.3375377e+00   1.8886373e+00   9.6913458e-01   4.9363508e+00   4.1357982e+00  -2.2048751e+00  -6.1459158e-01  -4.2115339e-03
   2.9402732e+01   4.4109663e+00  -6.1312932e+00   2.0275518e+01   4.8521050e+00  -2.1620531e+01   2.8357554e+01  -8.9599900e+00  -8.8557729e+00  -6.2273776e+00   1.6490018e-01  -5.1961008e-01   1.8666026e+00   4.2983669e-01  -5.5094406e+00  -2.4031833e+00   7.4721545e+00   1.2989423e+00  -1.5161641e+00   2.1760639e+00   4.1938985e+00  -1.8094069e+00  -5.7934415e-01   1.0945265e-01
   3.0213983e+01   4.2064080e+00  -9.6289772e+00   2.1510797e+01   1.3286896e+01  -2.0100259e+01   2.4832386e+01  -1.0582531e+01  -7.5737811e+00  -6.5418281e+00   6.1230044e-01  -3.1793547e-01   7.6518548e-01  -4.9108440e-01  -4.1766036e+00   3.9638914e+00   6.2245432e+00   1.8879128e+00  -9.6974958e-01  -1.1213037e+00   1.5049486e+00   2.1530787e-01   2.1400348e-01   9.2324280e-02
   2.9953791e+01   4.1353437e+00  -8.0364567e+00   2.7075702e+01   1.2225297e+01  -2.2968715e+01   2.6459830e+01  -1.1389500e+01  -6.0924168e+00  -6.5245877e+00   3.8422414e-01  -5.9516244e-01  -7.3374006e-01  -2.4812613e+00  -7.3467500e-01   6.9973675e+00   2.0683806e+00   4.3065281e+00   3.0389232e+00  -2.8150106e+00  -1.9947701e+00   1.5816325e+00   9.7760885e-01  -2.2338006e-01
   2.9429682e+01   4.4206721e+00  -8.3942674e+00   2.6841967e+01   9.3537980e+00  -1.8111544e+01   3.1099148e+01  -1.1397772e+01  -9.9817589e+00  -5.6423759e+00   9.9477707e-01  -4.3821707e-01  -1.1924082e+00  -4.0116718e+00   1.9690203e+00   4.9637795e+00  -1.5461272e+00   4.5278698e+00   5.7657667e+00  -1.6854286e-01  -2.4039431e+00   2.0710868e+00   9.7983247e-01  -6.2120690e-01
   2.8694273e+01   5.8194237e-01  -7.8506606e+00   2.8105985e+01   9.9212248e+00  -1.6155096e+01   2.9782557e+01  -1.2774886e+01  -1.0643939e+01  -4.3046548e+00   1.4400752e+00  -7.9453938e-01  -6.4529910e-01  -3.0821882e+00   1.6427885e+00   1.7594891e+00   2.1669274e+00   1.9827757e+00   2.1009400e+00   1.4358368e+00   7.0106476e-01   6.2840451e-01   6.0658809e-02  -4.1775829e-01
   2.9055130e+01  -3.4399128e-02  -6.7683448e+00   2.8441325e+01   1.2119741e+01  -1.6715264e+01   3.1819672e+01  -1.0142653e+01  -8.9039347e+00  -4.5451644e+00   1.5541236e+00  -1.1500573e+00   1.0774519e-01   1.1647060e+00   1.5860027e+00   5.7439573e-01   4.1358219e+00  -2.2016328e+00  -2.5193904e+00   2.0831782e+00   6.8337826e+00  -1.7933369e+00  -9.2892093e-01   1.1037803e-01
   2.9173119e+01   1.7395970e+00  -6.3852352e+00   2.8915257e+01   1.4092717e+01  -2.0692692e+01   2.9250978e+01  -9.8633047e+00  -5.5797318e+00  -6.1305867e+00   1.9553907e-01  -8.6587973e-01  -1.0975105e-01   4.3790314e+00   1.5347350e+00   5.2488969e-02   3.1955364e+00  -2.5701307e+00  -4.0031844e+00   2.3023925e+00   7.5011604e+00  -2.4953985e+00  -1.1155544e+00   4.1094312e-01
   2.9351877e+01   5.5889038e+00  -6.7479760e+00   2.7298925e+01   1.3471785e+01  -1.9145195e+01   2.7585853e+01  -9.7287951e+00  -2.2631886e+00  -7.4194153e+00   2.2366371e-01  -2.3697985e-01  -4.3774325e-01   3.3637926e+00   5.6290100e-01  -9.2335280e-01   2.7012059e+00   1.7623329e+00  -3.4282526e+00  -9.7226535e-01   2.4324605e+00  -8.7855933e-01   6.5861216e-01   5.4611785e-01
   2.8381273e+01   4.3388380e+00  -5.5587425e+00   2.8755918e+01   1.4038508e+01  -1.8795326e+01   2.5894690e+01  -9.5282257e+00  -2.7125714e+00  -6.6106270e+00   4.3197359e-01  -6.3466344e-01  -2.4817021e+00  -4.6893936e-01   3.0316131e+00  -3.1764368e+00   2.3950640e+00   8.8335340e+00  -6.0148836e+00  -6.3918706e-01  -1.5682861e+00   1.5652317e-01   1.3466594e+00   3.3851803e-01
   2.8794438e+01   3.7116693e+00  -6.3372397e+00   2.7135965e+01   1.6198655e+01  -1.5020447e+01   2.8355437e+01  -1.1768591e+01  -6.6888242e+00  -5.6229832e+00   2.4238246e+00  -4.4648872e-01  -4.1173170e+00  -1.4853051e+00   5.5264626e+00  -5.9579034e+00   8.6954141e-01   1.0458605e+01  -9.0130223e+00   1.8688018e+00  -2.0875277e+00   6.2075233e-01   6.3731864e-01   4.0941199e-02
   2.5729285e+01   1.9748052e+00  -2.0431837e+00   2.4232081e+01   1.6321878e+01  -9.5047646e+00   1.9843860e+01  -9.8021875e+00  -5.7193432e+00  -6.7940180e+00   1.1154477e+00  -2.5334825e-01  -1.8435776e+00  -2.5900393e-02   1.8630077e+00  -2.0319188e+00   6.4758789e-01   5.3037895e+00  -2.8701098e+00   8.4419260e-01   9.4837450e-02   8.2077650e-01  -5.0429315e-01  -2.7240929e-01
   2.4501896e+01   4.5429625e+00  -2.1606155e-01   2.0623988e+01   1.3634412e+01  -8.1025684e+00   1.7091734e+01  -6.7886115e+00  -3.8910943e+00  -6.3965914e+00   8.3790462e-01  -3.6622564e-01  -1.8246805e+00  -7.0195703e-01   4.0582685e+00  -2.7980257e+00  -3.0086645e+00   3.5761644e+00  -1.6308453e+00   1.1908322e+00   3.2129369e+00   1.4572563e+00  -1.0621770e+00  -5.9021529e-01
   2.7762178e+01   3.8843408e+00  -5.8248200e+00   2.8964028e+01   1.6292011e+01  -1.4298581e+01   2.7221377e+01  -1.0751926e+01  -3.9691802e+00  -4.9926582e+00   4.6849387e-01  -1.0834089e+00  -1.9600823e+00  -1.2792513e+00   4.5860239e+00  -4.0967660e+00  -1.9568537e+00   3.9291516e+00  -7.5352206e-01   1.1889534e+00   2.0177435e+00   7.3983802e-01  -6.8611090e-01  -2.8585512e-01
   2.5040971e+01   1.7039659e+00   1.6409812e+00   2.0572953e+01   1.1700591e+01  -7.2592922e+00   2.2220410e+01  -9.5074729e+00  -2.7445004e+00  -4.3377787e+00   1.1540360e+00  -9.1678132e-01  -1.7859698e+00  -3.2943158e+00   4.6555796e+00  -2.8325976e+00   2.5850468e-01   4.2893889e+00  -2.5379648e+00   1.9641067e-01   4.6108195e-01  -1.1461949e+00  -8.2396534e-01   2.0728929e-01
   2.2519624e+01   1.4754266e+00   3.9073308e+00   1.8112450e+01   1.4353507e+01  -4.0326753e+00   1.6149239e+01  -6.6593267e+00  -3.2660250e+00  -6.7136673e+00  -7.1784360e-02  -4.0685309e-01  -1.6981226e+00  -1.1923246e+00   4.4085768e+00  -2.2976725e+00  -2.0065662e-01   3.7186269e+00  -2.3720441e+00   4.9258469e-01   1.7946765e-01  -2.0265423e+00  -4.8683320e-01   5.2851759e-01
   2.4444218e+01   8.0594590e-01   1.9012324e+00   2.1800881e+01   1.4991420e+01  -6.8014381e+00   1.8820856e+01  -8.5402954e+00  -3.5510490e+00  -7.2553791e+00  -1.2790427e-01  -3.9356963e-01   2.7813117e+00   3.4552665e+00  -5.0756576e+00   8.5237860e+00   1.6131513e+00  -7.8778153e+00   7.0647826e+00  -2.9244523e+00  -1.9205510e+00  -1.2232779e+00  -3.5842511e-01   1.0649081e-01
   2.5513370e+01   2.5448639e+00   6.5791963e-01   2.4903556e+01   1.4345611e+01  -8.9495682e+00   2.5363088e+01  -1.0496638e+01  -3.2967044e+00  -6.5736714e+00   3.7921422e-01  -5.5223838e-01   5.1311379e+00   5.0487092e+00  -1.0347519e+01   8.5629346e+00   2.8437665e+00  -1.0191893e+01   1.0717419e+01  -4.1724878e+00  -3.2118835e+00   6.2081621e-01   1.3844057e+00   8.7309468e-02
   2.7716065e+01   6.3521470e+00  -4.3477996e+00   2.9963079e+01   1.4124266e+01  -1.6617569e+01   2.8210660e+01  -1.1975496e+01  -5.6099872e+00  -6.2426934e+00   3.9089906e-01  -6.8435246e-01   3.8633514e+00   4.0516863e+00  -1.1232344e+01   6.0042998e+00   7.2158004e+00  -7.7112013e+00   4.8375006e+00  -2.3253082e+00  -3.8312879e+00   1.5616493e-01   1.1054964e+00   2.8963903e-01
   2.8580407e+01   6.2753898e+00  -8.4894312e+00   2.6875753e+01   1.9052734e+01  -1.4412449e+01   2.7530465e+01  -1.1200458e+01  -7.0543811e+00  -6.2887859e+00   1.7454226e+00  -1.3049747e-01   1.8698385e+00   1.6537945e+00  -8.0929518e+00   4.0267358e+00   7.6696957e+00  -1.6968159e+00   4.4741324e-01  -1.8930748e+00  -3.2947514e+00  -4.8628562e-02   3.2408187e-01   2.2643860e-01
   2.8705727e+01   5.0182125e+00  -1.0373608e+01   2.9821232e+01   2.3461560e+01  -1.5636799e+01   2.4993419e+01  -1.1676348e+01  -7.4191426e+00  -7.1635745e+00   8.4723607e-01  -1.6998154e-01  -2.8572215e-01   1.8369130e-01  -2.6448519e+00   7.9750134e-02   5.0838778e+00   4.2442046e+00  -1.2394674e+00  -1.5587854e+00   1.3413208e-01   3.2160121e-01  -6.6025862e-01  -4.8326503e-02
   2.7823297e+01   5.6925229e+00  -8.4686036e+00   3.1014583e+01   2.1181508e+01  -1.1985177e+01   2.7642828e+01  -1.3485824e+01  -7.3342539e+00  -6.1861737e+00   6.3716851e-01  -4.6976593e-01  -1.1130308e+00   1.4325897e+00   2.4312933e+00  -1.3808509e+00  -2.0431121e+00   3.1898688e+00   4.7473547e-02  -1.7406512e+00   5.1130187e-01   9.2022096e-01  -6.7412062e-01  -3.9912541e-01
   2.7666037e+01   6.9191174e+00  -8.3254913e+00   2.8013289e+01   2.0685696e+01  -1.1464898e+01   2.6295277e+01  -1.3170991e+01  -5.2688527e+00  -5.8115977e+00  -4.5361827e-02  -5.8720798e-01  -5.8576880e-01  -1.8487308e+00   1.4029600e+00  -3.7476186e+00  -4.0394630e+00   3.6089032e+00  -2.6562261e-02   1.7210956e+00   6.7668555e-01   8.2471029e-01   2.1644936e-01  -3.0945523e-01
   2.7430706e+01   7.4738218e+00  -5.8665498e+00   2.5708448e+01   1.7375998e+01  -1.1713597e+01   2.6950746e+01  -1.3064114e+01  -7.3625732e+00  -5.5844428e+00   1.1805406e+00  -5.2057236e-01   8.1093416e-02  -5.8573096e+00  -5.1176250e-01   2.6702863e-01  -1.4085385e+00   1.3048763e+00  -1.2560996e+00   2.0524214e+00   4.3050170e-01   1.0730334e-02   5.8891416e-01   2.2915312e-02
   2.8023369e+01   1.3544668e+00  -9.5701953e+00   2.6852872e+01   1.9305120e+01  -1.0359234e+01   2.5299616e+01  -9.3055595e+00  -6.3899546e+00  -6.2273745e+00   9.0022406e-01  -6.0876116e-01  -6.2801854e-01  -5.8411561e+00   6.1419920e-02   4.4882563e+00   3.0625709e-01   3.9891368e+00   1.1189588e+00  -7.6163102e-02  -8.2242262e-01   1.8267868e-01   8.5843767e-01  -1.2726359e-01
   2.7766271e+01  -3.1111621e-01  -8.6138953e+00   3.1995334e+01   1.9758988e+01  -1.0580694e+01   2.6256509e+01  -1.2339908e+01  -6.1279504e+00  -5.9621898e+00   1.0477468e+00  -4.2461637e-01  -1.1570594e+00  -1.9632013e+00   1.4281010e+00   1.9420020e+00   1.6496978e+00   4.9872228e+00   9.0898567e-01  -1.4719727e+00  -1.8011872e-01  -6.6695723e-01  -1.0133982e+00  -4.0426505e-01
   2.6556226e+01   2.0498523e+00  -6.8596887e+00   3.1602230e+01   1.9953586e+01  -6.0476444e+00   2.8320834e+01  -1.3647338e+01  -7.1197981e+00  -5.3487062e+00   1.3086916e+00  -8.2608136e-01  -8.6855848e-01   3.4890958e+00   3.0985919e+00  -4.7907581e+00  -1.4140176e+00   2.2210230e+00   6.2399844e-02  -1.1962744e+00   3.5097518e-01  -9.2413939e-02  -1.0671027e+00  -1.8333363e-01
   2.6428688e+01   4.1813272e+00  -5.0796517e+00   2.6246772e+01   1.9526311e+01  -6.3885577e+00   2.6803616e+01  -1.3101183e+01  -7.2678296e+00  -7.0242128e+00  -5.4379052e-01  -1.0183098e+00   7.6182932e-01   8.2816186e-01  -2.3214128e+00  -6.2107210e+00  -1.8706783e-01  -4.7636221e-01  -3.5388478e+00   1.6561735e+00  -2.9875911e-01  -2.6646631e-01  -1.3860079e+00   2.1082597e-02
   2.7389323e+01   4.3418889e+00  -6.6894292e+00   2.2541016e+01   1.7300433e+01  -9.1237682e+00   2.5119663e+01  -1.0719333e+01  -5.2935522e+00  -5.8349839e+00   9.5338684e-02  -5.8691487e-01   1.2275819e+00  -3.0319706e+00  -3.5198645e+00  -2.4211185e+00   2.3769572e+00  -2.1755363e+00  -4.1028061e+00   8.6651731e-01  -9.1537209e-01  -1.2682213e-02  -1.3871151e-01   2.7545889e-01
   2.8492467e+01  -2.1489169e-01  -1.2181144e+01   2.7209860e+01   2.0804964e+01  -9.7571755e+00   2.2548823e+01  -1.1319650e+01  -7.4892120e+00  -6.1187504e+00  -4.2458852e-01  -5.1257572e-01   3.6163367e-01  -3.0391971e+00  -2.2343164e+00   1.3167363e+00   3.6365129e+00   1.3391694e+00   3.8664328e-01  -2.2827671e+00  -3.0858324e+00   4.5485285e-01   1.4144443e+00   3.4430792e-02
   2.7365710e+01  -2.9999421e-01  -8.5887391e+00   2.7489008e+01   2.2879696e+01  -7.6266399e+00   2.4294021e+01  -1.3238329e+01  -8.3821650e+00  -5.8204607e+00   1.0410233e+00  -6.6576008e-01  -1.0554324e+00  -6.3662881e-02   1.3815231e+00   2.7484216e+00   4.0811431e+00   1.6839628e+00   2.7602658e+00  -2.3910360e+00  -5.7330702e+00  -1.7816307e+00   1.0110811e+00  -1.1482863e-01
   2.6982945e+01   1.9434731e+00  -7.4814714e+00   2.5747880e+01   2.2191449e+01  -5.1283677e+00   2.7796402e+01  -1.5265836e+01  -1.0352272e+01  -6.3491951e+00   1.1050337e+00  -9.2724106e-01  -1.1093390e+00   2.6400342e+00   1.6966719e+00  -1.1337734e+00  -4.5411563e-01  -8.4811536e-01   5.3716556e-01   6.5636744e-01  -3.1384452e+00  -1.5131271e+00   7.6700280e-01   2.8887922e-01
   2.6560935e+01   3.1672122e+00  -6.9669810e+00   2.7394638e+01   2.2728904e+01  -8.9122278e+00   2.6636272e+01  -1.2332794e+01  -1.2461628e+01  -8.3922076e+00   8.4714929e-01  -5.5182514e-01  -6.4483150e-02  -2.6524686e-01  -4.0693249e+00   5.6844631e-01   9.9003355e-01  -1.5820873e+00  -3.9514290e+00   1.5321552e+00  -4.0938870e+00  -1.3213271e+00  -7.1461022e-01   4.0988759e-01
   2.7230846e+01   2.0115564e+00  -1.0447015e+01   2.5556385e+01   2.0199186e+01  -1.0386555e+01   2.2183446e+01  -1.0787866e+01  -1.0157149e+01  -7.1025677e+00   8.2285270e-01  -1.3622435e-01  -4.8555644e-01  -2.1924025e+00  -3.6422097e+00   6.6298601e-01   2.3546426e+00   3.2888932e+00  -3.4216674e+00   7.0589839e-01  -3.4444201e+00   1.7961059e-01  -2.9768088e-01   1.0579564e-01
   2.7145035e+01  -7.3190617e-01  -1.3209954e+01   2.8437425e+01   2.5360878e+01  -7.3706774e+00   2.1173356e+01  -1.3179081e+01  -1.4620557e+01  -7.4257650e+00   1.1019847e-01  -4.4643705e-01  -1.0079960e+00  -8.6560721e-01  -5.5891622e-01  -7.2163198e-03   1.2398490e+00   7.7611885e+00   1.7057869e-01  -3.5536933e+00  -2.9831402e+00   1.6147822e+00   2.1586926e-01  -2.9645061e-01
   2.5962561e+01   6.0442842e-01  -9.8232991e+00   2.6220965e+01   2.4407426e+01  -9.6580317e-01   2.5395359e+01  -1.3783845e+01  -1.4439437e+01  -6.5630005e+00   1.0269878e+00  -8.2124165e-01  -1.1945968e+00   2.4160837e+00   4.7770348e+00   9.8467848e-01   1.2811952e-02   2.4748139e+00   3.1162493e+00  -2.3605350e+00  -6.7543033e-01  -6.7201628e-01   1.4163263e-01  -4.2896274e-01
   2.5683083e+01   2.5723653e+00  -8.1172134e+00   2.7051524e+01   2.2484558e+01  -1.9808207e+00   2.5286183e+01  -1.6165345e+01  -1.4795194e+01  -6.2398179e+00   1.0688857e+00  -6.5399241e-01   3.1731845e-01   3.4411555e+00   2.1511674e+00  -4.7689349e+00  -3.5749491e+00  -2.8783572e+00   5.9062038e-01   1.6021046e+00   2.4365117e+00  -8.0408162e-01   7.7866707e-01   1.2929623e-01
   2.6169926e+01   3.9835462e+00  -5.8278337e+00   2.7726354e+01   2.1656564e+01  -9.3692620e+00   2.4801406e+01  -1.2835537e+01  -1.1082976e+01  -8.7035657e+00   5.5595805e-01  -6.7589078e-01   1.8224537e+00   5.4802423e-01  -4.2070339e+00  -4.5045891e+00   2.0966021e-02  -3.6360133e+00  -1.3610275e+00   1.7107249e+00  -4.1929404e-01  -5.3789144e-01   2.2697787e-01   5.6201748e-02
   2.7517330e+01   2.7402681e+00  -1.1980936e+01   2.0531329e+01   2.1373885e+01  -7.4864837e+00   2.2356263e+01  -1.1250079e+01  -1.2644020e+01  -7.5616049e+00   1.5137139e+00  -3.2516814e-01   1.4301732e+00  -1.7028868e+00  -6.3683275e+00  -2.9194806e+00   1.3120518e+00   2.8905866e+00   1.0327430e+00   1.1565201e+00  -1.6005048e+00   1.3805592e+00   1.2783344e-01  -1.9785745e-01
   2.7779118e+01   1.3425134e+00  -1.4201989e+01   2.2724179e+01   2.4994211e+01  -3.6669916e+00   2.4818778e+01  -1.3675391e+01  -1.6143965e+01  -6.7089442e+00   1.1450404e+00  -9.0135116e-01   2.5201169e-01  -1.7483300e+00  -4.3995011e+00  -1.2889239e-01   1.2779679e+00   7.1648549e+00   1.5514143e+00  -1.9237841e+00  -1.2249944e+00   2.7607072e+00  -3.0531880e-02  -3.4309970e-01
   2.7023747e+01   1.3385516e+00  -1.3482627e+01   2.5173390e+01   2.2783812e+01  -4.9607602e-01   2.6826612e+01  -1.4010638e+01  -1.4665456e+01  -5.1662898e+00   9.6609462e-01  -8.3804839e-01  -1.1250900e+00   8.7681115e-02   2.7418472e+00   7.8543110e+00   1.3719456e+00   1.5097770e-01  -3.9869598e-01  -2.6130623e+00   2.6096753e+00   6.8775752e-01  -1.4341401e-01  -2.2509817e-02
   2.6794735e+01   2.0619095e+00  -1.1676240e+01   2.5211984e+01   2.2868552e+01  -2.1171835e+00   2.4893353e+01  -1.4340933e+01  -1.1909749e+01  -5.7601624e+00   7.8396988e-01  -9.3410021e-01  -1.2054816e+00   7.9923266e-01   4.9690643e+00   3.9971498e+00  -1.9823237e+00  -5.0633923e+00  -3.4185167e+00  -8.9436253e-01   3.4405776e+00  -3.6210069e-01   4.3265144e-01   4.0109441e-01
   2.6321886e+01   2.5120917e+00  -9.1310397e+00   3.1068893e+01   2.4494633e+01  -8.0349212e+00   2.1720931e+01  -1.4836901e+01  -1.0846615e+01  -7.0043595e+00   1.4791282e+00  -3.4255834e-01  -3.3620206e-01   4.3421484e-01   1.9707373e+00   6.8747827e-01   2.9295218e+00  -3.3849834e+00  -2.2476536e+00  -1.2472319e+00  -9.4675492e-01  -1.6667729e+00   2.7067643e-01   2.0355432e-01
   2.6321826e+01   1.9545922e+00  -8.9241860e+00   2.5772153e+01   2.1165315e+01  -7.4926574e+00   2.2243843e+01  -1.4603803e+01  -1.2892519e+01  -6.3330604e+00   1.5375008e+00  -5.4745457e-01  -7.8096318e-02   3.0549092e-01  -1.7689386e+00  -1.1635664e+00   5.6796471e+00   1.8640452e+00   7.2648751e-01   2.6318783e-01  -3.9752435e+00  -1.4028458e+00  -3.9477904e-01  -3.2197929e-02
   2.6755899e+01   2.0435324e+00  -1.1902548e+01   2.5924523e+01   2.8029713e+01  -2.8858142e+00   2.4779886e+01  -1.5750050e+01  -1.5594204e+01  -7.3800001e+00   9.9534380e-01  -7.2603972e-01   3.4995249e-02   1.3699935e+00  -2.1657410e+00  -2.4094965e+00   5.1535219e+00   6.0417819e+00   2.1723574e+00  -1.0969733e+00  -2.5537541e+00  -9.4243487e-01  -1.2498939e+00  -2.0598069e-01
   2.6460584e+01   2.7544255e+00  -1.2943893e+01   2.6038820e+01   2.9620483e+01  -1.8956693e+00   2.4453607e+01  -1.3489577e+01  -1.5498820e+01  -7.6766108e+00   4.3369351e-01  -7.9065641e-01   9.9544348e-02   3.2375764e+00   1.1370111e-01   1.7413735e-01   2.1344009e+00   1.8935278e+00   1.7563286e+00   8.8870361e-01   1.8541332e+00  -2.7161232e+00  -1.4752747e+00   2.2255280e-01
   2.6305000e+01   4.1671653e+00  -1.0369798e+01   2.7321315e+01   2.7997332e+01  -1.7707424e+00   2.3874586e+01  -1.7039474e+01  -1.3374096e+01  -7.7462366e+00   1.5619106e-01  -5.2992846e-01   2.1844037e-01   3.5863996e+00   2.2062424e+00  -2.1448101e+00  -5.8519499e+00  -3.8302364e+00   8.4688288e-01   1.7592675e+00   3.1142101e+00  -2.1968682e+00  -1.3345387e+00   4.0904246e-01
   2.6696592e+01   5.7491404e+00  -9.5200096e+00   2.5334963e+01   2.4383107e+01  -5.2099015e+00   2.5330986e+01  -1.2626036e+01  -1.1221373e+01  -1.0224127e+01  -2.5583486e-01  -3.1168101e-01   5.1905480e-01   2.2976373e+00   9.3463218e-01  -2.8527772e+00  -2.9407362e+00  -1.2652404e+00   1.2553811e+00  -1.3863254e+00   8.3335818e-01  -7.9659611e-01  -6.3041556e-02   8.7778727e-02
   2.6965555e+01   5.9257743e+00  -1.0305127e+01   2.3059237e+01   2.1870476e+01  -6.9740527e+00   2.5611521e+01  -1.3542920e+01  -1.3061612e+01  -9.4015443e+00  -6.6170001e-01  -3.5196374e-01   2.3412065e-01  -6.0944524e-01  -1.2802665e+00  -1.1453344e+00   3.4789971e-01   2.2619943e+00   6.9199301e-01  -1.5767517e+00  -1.6292191e+00   9.5038242e-01   9.2587342e-01  -2.6897780e-01
   2.6908889e+01   5.3215769e+00  -1.1574281e+01   2.3890693e+01   2.8272807e+01  -1.1918748e+00   2.5468211e+01  -1.7317342e+01  -1.4405025e+01  -8.0438511e+00   7.4807671e-01  -7.4797069e-01  -2.9177202e-01  -1.7936811e+00  -1.6324046e-01   2.7365810e+00   3.1851827e+00   4.1154714e+00   1.4708141e+00  -4.0962379e+00  -2.4353746e+00   2.3040483e+00   1.7248983e+00  -4.1824915e-01
   2.6550033e+01   3.4667792e+00  -1.1263062e+01   2.6325448e+01   2.6574332e+01  -3.8676444e-01   2.4843963e+01  -1.7058948e+01  -1.4226099e+01  -7.4108009e+00   1.0430454e+00  -7.1525032e-01  -1.0174583e+00  -3.3879383e-01   2.4459300e+00   3.7326897e+00   2.7370401e+00   3.5409434e+00   5.1527463e-02  -2.1660513e+00   1.0095984e+00   1.0542799e+00   1.2906336e+00  -6.3880172e-02
   2.6466695e+01   4.2881164e+00  -9.2859028e+00   2.7806729e+01   2.6808953e+01  -2.3303386e+00   2.7920986e+01  -1.7012378e+01  -1.4292192e+01  -7.7634263e+00   1.4791399e+00  -7.5741143e-01  -1.1273254e+00   6.3273949e-01   4.1756976e+00   4.8130855e-01  -3.7778799e+00  -1.7880484e+00  -1.2415337e+00   1.6530289e+00   3.0305320e+00   4.4894332e-01  -1.0436680e-03   1.4813173e-01
   2.5660465e+01   5.9343139e+00  -7.7804205e+00   2.6700253e+01   2.6707963e+01  -1.0934056e+00   2.4462424e+01  -1.6944478e+01  -1.1603631e+01  -7.9603368e+00   9.0871883e-01  -4.4306362e-01   4.0380313e-02   1.0003221e+00   3.7199756e-01  -2.3141140e+00  -2.4752587e+00  -5.8300341e-01   2.5293569e+00   2.6457166e+00   1.9178865e+00   2.5621982e-01  -8.2938576e-01  -2.1866464e-01
   2.5662685e+01   5.0369188e+00  -7.0520549e+00   2.4425253e+01   2.2539171e+01  -3.5206268e+00   2.3796680e+01  -1.4895034e+01  -1.1170461e+01  -7.0956682e+00   8.1367449e-01  -6.6186644e-01   5.4947380e-01  -1.1586887e+00  -3.2656774e+00  -2.1031432e+00  -9.1961305e-01   2.8441463e+00   3.5610667e+00   1.8877287e+00  -4.4903394e-01   7.7400677e-01  -1.0735024e+00  -3.7840960e-01
   2.7012608e+01   4.5928611e+00  -1.1821989e+01   2.4545015e+01   2.4996335e+01  -6.6612546e-01   3.0700152e+01  -1.4149046e+01  -1.2910135e+01  -7.3603502e+00   1.3169945e-01  -1.0910198e+00   7.0953554e-01  -2.9120240e+00  -2.3801053e+00  -9.4484634e-01  -6.6636377e-01   4.1788072e+00   7.7195833e+00   1.1956547e+00  -1.7855238e+00   4.8365984e-01  -6.5018334e-01  -5.1187204e-01
   2.6614834e+01   3.2208097e+00  -1.2163634e+01   2.5729633e+01   2.6285348e+01   1.7222408e+00   3.0143723e+01  -1.5578502e+01  -1.4312491e+01  -6.9024094e+00   2.5739588e-01  -1.0010478e+00  -2.0965738e-01  -6.1555122e-01   6.3754654e-01   5.4860039e-01  -1.7559098e+00   4.7189624e+00   5.6284280e+00   2.1820559e-02   2.5160466e-01  -3.5961130e-01   2.4165387e-02   1.7366902e-02
   2.6248693e+01   2.4743324e+00  -8.7947888e+00   2.4630794e+01   2.3835329e+01   2.5533713e+00   3.2868278e+01  -1.4809262e+01  -1.2710901e+01  -7.3314764e+00   2.1158313e-01  -1.0412810e+00  -1.2944159e+00   1.4855670e+00   4.7150930e+00   1.4920544e-01  -5.3611839e+00  -7.9007015e-01   7.7838437e-01   2.9881814e+00   1.9991202e+00  -9.2049743e-01   7.0797843e-01   2.6002158e-01
   2.5730156e+01   5.1728563e+00  -7.6093354e+00   2.5205264e+01   2.0485809e+01   1.9480684e+00   3.1155259e+01  -1.4532195e+01  -1.0892670e+01  -7.6495221e+00   8.0998073e-01  -6.6068546e-01  -7.0178142e-01   3.0239166e+00   2.1267958e+00  -2.2374396e+00  -3.4751571e+00  -2.6847012e+00   3.8736652e-02   4.6458562e+00   1.4382525e+00  -1.0808914e+00   8.2063698e-01   1.4641579e-01
   2.5513323e+01   5.8451883e+00  -7.0264994e+00   2.5031007e+01   1.9854328e+01  -1.9641445e+00   3.1361960e+01  -1.0189927e+01  -1.1621364e+01  -8.3675400e+00   9.1737467e-01  -8.7116854e-01  -3.8706330e-03   2.8338622e+00  -1.0491156e+00  -2.9662073e+00   3.0783202e+00  -1.0361319e+00  -2.0589677e+00   3.0685165e+00  -9.2529704e-01  -1.4644688e+00   1.1195029e+00   2.9259660e-01
   2.5929847e+01   6.0712567e+00  -9.8575854e+00   2.2173367e+01   2.3063113e+01  -4.6053114e-02   3.0954986e+01  -1.0919385e+01  -1.2699881e+01  -8.0057147e+00   1.1354556e+00  -8.6648032e-01   2.4245901e-02  -5.7500188e-02  -1.3056302e+00  -2.0032113e+00   6.1230976e+00   4.5369566e+00  -1.0268370e+00  -1.7238211e-01  -1.1856245e+00  -1.5773601e+00   9.6748247e-02   1.6968300e-01
   2.6143042e+01   6.2759256e+00  -9.2443371e+00   2.1697432e+01   2.7164158e+01   1.9962343e+00   2.9879962e+01  -1.2012893e+01  -1.3195242e+01  -9.3500833e+00   1.7281001e+00  -4.9948869e-01   2.7844658e-01   2.4381742e-01  -1.0679947e+00   6.4993316e-01   4.9151207e+00   3.7197278e+00  -1.3450659e+00  -2.7719452e+00   5.7797335e-01  -5.3929324e-01   2.8990447e-01   2.0012984e-01
   2.5451666e+01   4.8712374e+00  -8.4588618e+00   2.3867235e+01   2.6015541e+01   6.7733139e+00   3.0356002e+01  -1.3879285e+01  -1.1884169e+01  -9.5242906e+00   5.4974040e-01  -5.9200089e-01  -5.3142465e-01   1.5341752e+00   2.1533910e+00   2.6671561e+00   2.9643095e-01  -3.7052958e-01  -6.9218257e-01  -3.1848744e-01   2.1278011e+00  -7.4682338e-01  -6.9908453e-02   9.0384490e-02
   2.6170084e+01   6.8109241e+00  -9.3278532e+00   2.5158973e+01   2.5750795e+01   2.0576370e-01   2.9643853e+01  -1.2867895e+01  -1.1162261e+01  -8.4171919e+00   1.6450890e+00  -7.0821350e-01  -2.5543742e-01   1.8458804e+00   1.7472703e-01   2.3949187e+00  -3.1229041e+00  -5.5633911e+00  -2.8368400e+00   2.4871068e+00   3.2737160e+00  -7.5154736e-02  -4.6877151e-01   6.0304872e-02
   2.5119189e+01   8.1050202e+00  -6.5857409e+00   2.4443330e+01   2.4214441e+01   2.9338781e-01   3.0034767e+01  -1.0969615e+01  -1.0524670e+01  -9.5923954e+00   1.0720985e+00  -6.2654118e-01   4.5644458e-01   9.7793213e-01  -2.3659087e+00   4.1662643e-01   6.7412011e-01  -4.2856210e+00  -1.4169028e+00   3.5168153e+00   1.4355678e+00  -1.9159828e-01   1.7127680e-01   5.1561614e-02
   2.5926124e+01   7.4278547e+00  -9.9188070e+00   2.5001762e+01   2.3380352e+01  -3.1088893e+00   2.5785320e+01  -9.7370676e+00  -8.9644172e+00  -9.4287630e+00   7.6376378e-01  -3.9176124e-01   3.2663992e-01  -1.6583164e+00  -2.5723376e+00  -5.9308494e-01   2.8520345e+00   3.2252829e+00   3.3586370e-01   1.1058687e+00   4.4465071e-01  -1.0847047e+00  -1.1485739e-01   9.0022179e-02
   2.6258313e+01   6.0296703e+00  -1.1712248e+01   2.4570780e+01   2.8211943e+01   2.0022089e+00   3.0159915e+01  -1.0169476e+01  -1.0829738e+01  -9.3059025e+00   1.2473182e+00  -6.7288460e-01   5.5725811e-01  -1.2921713e+00  -2.0967860e+00  -2.5840034e+00   4.6120070e+00   4.2428059e+00   5.6695793e-01   1.1068797e+00   5.1114500e-02  -1.1951489e+00   3.8478057e-01  -1.9324200e-02
   2.6090482e+01   5.3611244e+00  -1.0623106e+01   2.4205620e+01   2.8030096e+01   4.1892775e+00   3.0085075e+01  -1.1609161e+01  -1.0342750e+01  -1.0187495e+01   1.3851930e+00  -5.5000853e-01  -9.6055129e-01   8.2864396e-01   2.8675790e+00  -2.0996061e+00   1.9563516e+00   2.6716417e+00   7.7130741e-01   5.9304460e-01   2.3137456e-01  -5.6554387e-01   2.9977152e-01  -1.2052049e-01
   2.5872897e+01   7.2001284e+00  -9.3787703e+00   2.0965396e+01   2.8807579e+01   3.0085133e+00   2.8735326e+01  -8.3732483e+00  -9.7588315e+00  -1.1005752e+01   1.3385547e+00  -5.7640384e-01  -1.6216017e+00   2.0060438e+00   6.0428857e+00  -2.2821160e-01  -3.7288685e+00  -2.9898949e+00  -3.4140084e+00   4.4332715e-01   2.1227099e+00  -8.4110051e-03  -3.6641714e-01   1.1864035e-01
   2.4678005e+01   8.0855916e+00  -6.7841772e+00   2.3655045e+01   2.6017061e+01   3.9542105e-01   2.7654575e+01  -9.7456144e+00  -9.1528088e+00  -9.4271538e+00   1.1678028e+00  -6.2078235e-01  -1.8337534e+00   3.8456425e-01   5.0301482e+00  -6.9262858e-01  -4.4306047e+00  -1.9173606e+00  -2.3931710e+00   1.2786149e+00   1.9705508e+00   1.0127933e+00  -7.4459973e-01  -4.3413844e-02
   2.4532148e+01   7.6765023e+00  -4.5673839e+00   2.4503750e+01   2.3625157e+01  -5.8570519e-01   2.6254152e+01  -1.0436258e+01  -8.2406443e+00  -9.6986899e+00   8.0638759e-01  -4.5953717e-01  -4.9834776e-01  -2.6785466e+00   3.1617691e-01   1.4346917e+00  -1.8483577e+00   2.2837559e+00  -1.3191839e-01  -7.4478570e-01   1.7042963e+00   5.1645774e-01  -2.1726017e-01   2.2852757e-01
   2.4010226e+01   5.6997838e+00  -5.4835771e+00   2.1397500e+01   2.3975400e+01   3.1103458e+00   2.7735906e+01  -8.6597338e+00  -8.1460175e+00  -9.3218369e+00   5.3437698e-01  -6.7356263e-01   9.1100789e-02  -3.7764856e+00  -3.2839923e+00   6.4577039e-01   4.3426956e+00   5.5946918e+00  -4.6080582e-02   1.2037578e+00   1.1488193e+00  -7.7695695e-01  -2.6750505e-01   2.3455090e-01
   2.5459265e+01   4.3752125e+00  -9.5548050e+00   2.4246206e+01   2.7055873e+01   5.0766847e+00   2.8496784e+01  -1.0033367e+01  -7.7057827e+00  -1.0283724e+01   1.3293774e+00  -2.0722235e-01   3.0553618e-02  -2.0906631e+00  -3.0972105e+00   2.5391555e+00   3.9141600e+00   2.7948828e+00   4.9697352e-01   9.3923763e-01   3.6034032e-01   2.3015881e-01  -1.1142508e-01   9.5456924e-02
   2.4351098e+01   4.0715081e+00  -9.2164550e+00   2.4752473e+01   3.0815747e+01   5.9562638e+00   2.6464139e+01  -8.1414233e+00  -7.6970107e+00  -1.0300072e+01   5.0505034e-01  -3.9511342e-01  -3.8794225e-01   2.1340587e+00   5.7892939e-01   4.6905350e+00  -2.1429899e+00  -4.8036286e+00  -9.7389194e-01   1.5747324e+00   9.6332446e-01   7.4212831e-01   1.4880280e-02   7.4044144e-02
   2.4407543e+01   5.3546455e+00  -7.3467606e+00   2.6634997e+01   2.6076224e+01   2.1836601e+00   2.7635496e+01  -9.2865573e+00  -7.9246372e+00  -8.8643341e+00   6.5391329e-01  -4.5557639e-01  -1.3222715e+00   2.3506307e+00   4.5251689e+00   1.7599034e+00  -6.3469792e+00  -7.9764398e+00  -3.3542943e+00   3.6690132e+00   9.5664218e-01   2.3766601e-01  -5.1748905e-01  -1.0943294e-01
   2.3954174e+01   8.4111554e+00  -5.7192052e+00   2.7238907e+01   2.1250740e+01  -2.6485847e+00   2.6705712e+01  -6.6710401e+00  -6.5916035e+00  -8.9183395e+00   8.9442943e-01  -4.3831939e-01  -8.8847332e-02  -2.5029750e-01   1.7705338e+00   1.7112564e-01  -3.1207285e+00  -4.8759436e+00  -3.5180003e+00   1.9701370e+00   1.1295700e+00  -9.9496738e-01   6.4221034e-01   3.4981712e-01
   2.3674320e+01   5.7313348e+00  -4.5156766e+00   2.5642844e+01   2.2317908e+01  -2.5855508e+00   2.3344556e+01  -5.2650389e+00  -6.8235230e+00  -1.0618092e+01   3.5845423e-01  -3.4976878e-01   7.2064721e-01  -3.3910966e+00  -1.5382189e+00  -7.1566732e-02   5.7994309e+00   2.4853199e-01  -3.6395542e+00   4.5714694e-01   1.1803084e-01  -2.0035756e+00   1.3701932e+00   4.2180428e-01
   2.4584439e+01   3.5077172e+00  -7.9761964e+00   2.5505238e+01   2.8013812e+01   1.0269538e+00   2.3332608e+01  -7.1969770e+00  -6.5532129e+00  -1.0915644e+01   1.6160954e+00   7.6708458e-02  -1.0648550e-01  -4.3735136e+00  -2.1565350e+00   2.1631816e+00   9.2062421e+00   5.1278210e+00  -6.5831820e-01  -1.6176146e+00  -2.0750637e+00  -8.4861065e-01   1.0499403e+00   1.0390611e-01
   2.5173382e+01   2.7197197e+00  -8.5255934e+00   2.7394482e+01   3.1393834e+01   7.1868882e-01   2.3862716e+01  -8.3378684e+00  -7.7667862e+00  -1.0871045e+01   2.3483702e+00  -8.0383886e-02  -7.3002097e-01  -2.9808376e-01   1.1599287e-01   1.9168924e+00   3.7919898e+00   3.0501572e+00   1.6759867e-01  -2.6474185e+00  -1.0400118e+00   1.3459457e+00   8.0861170e-01  -1.1415867e-01
   2.3044915e+01   3.3566925e+00  -6.9490493e+00   2.9607861e+01   3.0522140e+01   3.3910270e+00   2.5459154e+01  -7.5610472e+00  -9.2325675e+00  -1.0064779e+01   1.4743819e+00  -4.1715267e-01  -6.5766585e-01   2.4891769e+00   2.1892415e+00  -1.6149164e-01  -1.1989701e+00   2.8323099e-01  -2.4351046e-01  -3.4893684e+00  -1.8483054e+00   8.7044036e-01  -4.2799792e-01  -2.4350088e-01
   2.3349050e+01   5.3597215e+00  -4.8552608e+00   2.6466871e+01   2.6751729e+01   8.0764842e-01   2.2532681e+01  -9.0541316e+00  -7.0438633e+00  -9.0246059e+00   1.6422285e+00  -2.7407621e-01  -1.7863179e-01   3.2602241e+00   4.8756874e-01  -2.1916341e+00  -5.2596930e+00  -8.8002402e-01  -2.4002250e+00  -2.8756080e+00  -1.5376510e-01   3.7129516e-01  -1.4022242e+00   1.4654420e-01
   2.4510105e+01   5.9214816e+00  -6.5275004e+00   2.5726806e+01   2.8536409e+01   1.4073205e+00   2.3632360e+01  -1.2072898e+01  -9.6871324e+00  -1.0533203e+01   1.3271693e+00  -1.9169670e-01   1.1298329e+00   1.3921454e+00  -8.5766694e-01  -1.7148344e+00  -4.2115155e+00  -1.1251764e+00  -1.1681248e+00  -1.2499173e+00   6.9258050e-01  -9.5455459e-01   1.5297150e-01   4.4304437e-01
   2.4172839e+01   6.3276613e+00  -8.0050148e+00   2.6047558e+01   2.4497160e+01   3.9050604e-01   2.1175776e+01  -1.0395355e+01  -7.7701514e+00  -1.0079890e+01   3.1864011e-01   2.6704432e-02   1.2345147e-01  -4.5687213e-01  -9.9128378e-01   2.4365928e+00  -1.3315752e+00   1.3807114e+00   1.8174518e+00   1.4746818e+00   3.7230246e-01  -7.8998052e-01   2.6329472e-01   3.2427279e-01
   2.4327770e+01   4.9609407e+00  -6.6606727e+00   2.7245266e+01   2.5332151e+01   1.9118336e+00   2.4385419e+01  -8.7653114e+00  -7.8305527e+00  -1.0968969e+01   2.3656334e+00   9.7023557e-02  -1.1177669e+00  -7.3385252e-02   3.6282633e+00   2.0064708e+00  -1.2676438e+00   3.7718534e-01   1.7704814e+00   2.3658857e+00   1.1870511e+00  -1.9799809e-01   5.1901413e-01   1.4321165e-01
   2.3625395e+01   5.1546838e+00  -6.2756003e+00   2.9362531e+01   2.6356495e+01   2.6264590e+00   2.4882329e+01  -8.4959022e+00  -7.4136995e+00  -9.9916941e+00   1.5179386e+00   6.7972846e-02  -5.3419432e-01   1.0546464e+00   3.6388308e+00   6.6983912e-01  -3.2546081e-01  -1.2596583e+00   4.4728975e-01   1.3485291e-01   8.8557291e-01   6.3721481e-02   3.4239426e-01   9.4500101e-02
   2.3107177e+01   6.3978925e+00  -1.9498127e+00   2.7079026e+01   2.5705276e+01   8.5512203e-01   2.4434806e+01  -9.4737958e+00  -8.0847817e+00  -1.0874299e+01   1.5060413e+00   2.4865751e-03  -6.9780762e-01   2.5616668e+00   1.4142740e+00  -1.5921052e+00  -1.3666901e+00  -3.4837776e+00  -5.4561626e+00  -6.0309987e-01   2.6055692e-01   1.5217924e+00  -1.0666451e+00   9.2221476e-03
   2.3981844e+01   7.1911550e+00  -4.9021986e+00   2.7135437e+01   2.3822406e+01  -9.7062564e-01   2.1822017e+01  -9.8388335e+00  -6.3146776e+00  -1.0031643e+01   1.2620275e+00   2.1572307e-01  -5.8372976e-01   1.7700302e+00   1.1969453e+00  -1.9971234e+00  -3.6737684e+00  -5.7229636e+00  -5.6179457e+00   1.1387882e+00   1.1769515e+00   1.8920118e+00   2.2804093e-01   1.3542691e-02
   2.3102834e+01   7.7852052e+00  -5.2259626e+00   2.5970655e+01   2.4549161e+01  -1.5152906e+00   1.7731331e+01  -8.9984955e+00  -7.9892283e+00  -8.6663055e+00   8.9362123e-01   3.6981665e-02   4.0713980e-01   1.5164676e+00  -2.6912631e+00  -5.6677077e-02   3.5446673e-01  -3.3625724e+00  -3.1386707e+00   7.5114664e-01   6.8081729e-02   1.8645551e+00   4.1037633e-01  -3.1771357e-01
   2.2751972e+01   7.1160728e+00  -2.8421074e+00   2.6921031e+01   2.1423901e+01  -4.7727801e+00   1.9807148e+01  -7.0253700e+00  -5.6960490e+00  -8.2576728e+00   2.1662100e+00   7.1039338e-02  -1.9397190e-01   5.8458509e-01  -9.7831586e-01   9.7576061e-01   4.6322556e+00   1.5124164e-01   8.8087628e-01   1.6499025e+00  -1.2741958e+00  -9.8128244e-01   2.2171287e-01  -5.8320488e-01
   2.4332823e+01   8.7101351e+00  -7.0167530e+00   2.7101213e+01   2.7436229e+01  -2.2876594e+00   2.0734234e+01  -9.7538076e+00  -8.2919734e+00  -8.9644508e+00   1.6695146e+00  -4.0174191e-01  -2.1607144e-02   1.8924152e+00   3.3891776e-01   8.7901580e-02   2.9072339e+00   2.0558782e+00   2.0261479e-01  -1.4134450e+00  -2.4560576e-01  -1.3049800e+00   2.0355143e-01  -3.4705062e-01
   2.3075892e+01   7.6055677e+00  -5.4742771e+00   2.8033799e+01   2.9327255e+01  -3.5757876e-01   2.1641880e+01  -6.9863238e+00  -8.0745988e+00  -1.1354494e+01   1.2066502e+00  -4.3972247e-01  -3.1856509e-01   1.2776607e+00  -5.2755529e-01  -3.0797395e+00   1.6366401e+00   4.6317028e+00  -3.0844771e+00  -1.2480346e+00   8.3875515e-01  -4.4989231e-01  -2.6427335e-01   8.1148301e-02
   2.2908464e+01   1.0379081e+01  -3.4015010e+00   2.5546124e+01   2.4958334e+01  -6.3907390e-01   1.7117887e+01  -1.1138186e+01  -7.1683621e+00  -9.0753650e+00   1.6787283e+00  -2.2821337e-01  -1.9198137e+00  -7.9456545e-01   8.5770703e-01  -5.5270373e+00  -5.0745743e+00   1.1315876e+00  -3.2322161e+00   3.9908967e+00   3.4880017e+00   1.5578256e+00   3.4827270e-01   5.4440339e-01
   2.2986304e+01   8.1980911e+00  -5.4410663e+00   2.3078966e+01   2.5117808e+01   1.3504814e+00   1.6988606e+01  -8.2052326e+00  -4.9997219e+00  -8.8770542e+00   1.7651931e+00   1.0599752e-01   5.2147060e-01   5.9240768e-01  -1.0952654e+00  -8.3968111e+00  -4.6605277e+00   7.6592899e-01  -2.1789464e-01   1.9372239e+00   1.9439770e+00   1.4629914e+00  -2.7478460e-01   4.1001462e-01
