   5.1119321e+00   9.1946109e+00   2.3696586e+00   4.9984891e+00   4.6446788e+00  -2.1655515e-01  -8.9135219e-01  -2.2506216e+00   1.5161320e+00   2.0835406e+00  -7.8994292e-01   2.7358925e-01   4.7800580e+00   1.6481846e+00  -4.9311180e+00  -5.6232516e+00   2.3618935e+00   1.8299519e+00   1.2046819e+00  -7.0921030e-01  -2.2628513e+00  -9.9786873e-01   8.0081758e-01   1.3806202e-01
   6.0201662e+00   6.0318042e+00   1.0597270e+00   5.9578205e+00   7.2687940e+00   1.3730681e+00  -1.4505031e+00   1.2088506e-01   4.2371813e+00   1.8526186e+00  -4.9384275e-01   3.1332920e-01   7.0115727e+00   1.5611533e+00  -4.7681838e+00  -6.9445904e+00  -6.8816099e-01   3.8270907e+00   3.8197020e+00  -2.1811775e+00  -1.8424910e+00  -5.8937721e-01   9.0568891e-01  -6.6013083e-02
   1.3095872e+01   8.1773573e+00  -4.9406871e-01   2.8790519e+00   3.2392740e+00   1.8822339e+00   8.3831141e-01  -4.7796728e-01   1.9358186e+00   9.2968863e-01  -2.8216655e-01   9.9965497e-02   6.4632526e+00   2.6691236e+00  -1.9892070e+00  -6.9068907e+00  -4.4618951e+00   1.6761040e+00   3.0300037e+00  -1.1458468e+00  -2.9076168e+00  -1.4892386e+00   1.1142309e+00  -7.2017822e-02
   1.4047841e+01   1.1347521e+01  -1.1401970e+00  -2.5653727e+00   1.9745225e+00   4.5705153e+00   2.7482685e+00  -2.7427952e+00   1.6891088e-01   1.6882634e+00   1.4428484e-01   2.7525501e-01   1.5166824e+00   4.1037635e+00   2.2960376e+00  -3.1878607e+00  -3.5240833e+00  -5.6995388e-01   2.5909914e+00  -5.1017969e-01  -2.8347351e+00  -1.5189039e+00   1.0049834e+00  -2.5041358e-01
   1.0792974e+01   1.0540438e+01   4.8581008e-01  -1.1002502e+00   5.9897184e-01   6.9887728e-01   1.5542675e+00  -2.5375518e+00  -8.1115808e-01  -6.8139705e-02   5.6233969e-01   1.8459961e-01   5.5804902e-01   2.6436343e+00   5.8950401e-01  -2.4890629e+00   1.1090580e+00   1.1028756e+00   1.1100746e+00   6.3118174e-01  -2.7612548e+00  -2.3113745e-01   6.8046636e-01  -2.4908475e-01
   9.4466389e+00   1.1005909e+01   4.0138439e+00   3.1656805e+00   3.3028201e+00   1.1098156e+00   2.0780058e+00   3.8540777e-01   1.3585670e+00   7.3176928e-02   5.9137930e-01  -1.0460822e-01   4.7942611e+00  -8.9549113e-01  -1.3454547e+00  -1.2438228e+00   1.4435609e+00   1.9724337e+00   8.4142893e-01   1.1605333e+00  -3.0468602e+00  -2.4210744e-01   3.3580423e-01   8.8762345e-02
   1.6233546e+01   1.2313615e+01  -2.1868332e+00  -3.7200691e+00   4.2387121e+00   5.2668972e+00   2.8385546e+00  -1.0952961e+00  -2.8008917e+00   1.3905257e+00   5.1498576e-01  -8.3730008e-02   5.7290885e+00  -2.9985352e-01  -2.4237943e+00  -7.9678146e-01   3.6380151e-01   2.4404896e+00   1.5804255e+00  -1.3328451e+00  -3.0925062e+00   2.8074396e-01   5.5581206e-01   5.7435709e-01
   1.8518946e+01   9.1176959e+00  -1.8220575e+00  -3.1211975e+00   2.3199938e+00   5.2451559e+00   3.3682684e+00  -1.7231230e+00  -3.4065126e+00   5.9576951e-01   6.7166816e-01   5.4256334e-01   2.4048842e+00   1.4220464e+00   7.0403064e-01   1.0976077e+00  -3.0026151e-01   2.2440313e+00  -7.9197142e-01  -3.7355443e+00  -2.7687550e+00  -3.8933985e-01   9.5493149e-01   6.7617473e-01
   1.4850453e+01   1.1034764e+01  -2.3193062e-01   8.4801657e-01   1.6360872e+00   2.2919415e+00   3.2797745e+00  -3.4825541e+00  -3.0673776e+00   9.1679950e-02   1.3559134e+00   7.2254947e-01  -4.5935915e-01   2.5963063e+00   1.0917476e+00   4.8287305e-01   2.9998597e-02   1.9538053e+00  -1.1019734e+00  -2.6892481e+00   1.2926254e+00  -1.0510336e+00   3.8793644e-01   8.1456478e-02
   1.3745512e+01   1.3778404e+01   4.0924386e+00   2.5280493e+00   4.1537403e+00   5.9633405e+00   6.6943875e-01  -4.0242797e+00  -2.6613226e+00   1.3859002e-01   1.6033127e+00   5.0651412e-01   2.4432003e+00   2.4143751e+00  -3.1179109e+00  -3.4972930e+00   4.0332235e-01   3.7163615e+00  -7.2149429e-01  -3.0639266e+00   1.7503174e+00   2.2164024e-01  -9.0212844e-01  -3.7087582e-01
   1.7931225e+01   1.3877720e+01  -3.5064599e+00  -5.8203829e+00   3.3668368e+00   7.8385130e+00   2.5350093e+00  -3.9785899e+00  -1.2345487e+00   4.2564978e-02   6.3106813e-01   5.6479317e-02   5.1580536e+00   4.7021169e-01  -4.3712229e+00  -5.4383978e+00  -2.2607606e+00   5.1854769e+00   1.3661049e+00  -3.3076813e+00   6.2680839e-01   8.6729248e-01  -1.3521333e+00  -2.5113178e-01
   2.0643361e+01   1.1317781e+01  -4.8616593e+00  -5.0329373e+00   2.0596026e+00   8.0464125e+00   2.6584095e+00  -6.0709950e+00  -1.6974510e+00   9.5278735e-01  -3.1910188e-01   3.1928469e-01   1.8602540e+00   1.7054866e+00  -2.2463861e+00  -2.3471125e+00  -4.7391979e+00   7.6269363e-01   3.0765908e+00  -7.8338772e-01  -2.8451534e-01  -2.6358599e-01  -1.1254399e+00   7.6716466e-02
   1.9138609e+01   1.2970394e+01  -2.3117160e+00  -3.5290868e+00  -7.0798475e-01   9.0286209e+00   4.3344465e+00  -7.4207183e+00  -2.6091008e+00   9.8552001e-01   2.8892079e-01   4.3946651e-01  -8.6308569e-01   2.3966458e+00   7.9831384e-01   8.3416090e-01  -1.5475790e+00  -8.6057164e-02   8.7431141e-01   1.9981669e-01  -4.5859837e-02  -8.2851505e-01  -9.8430387e-02   1.8224925e-01
   1.5932201e+01   1.6790297e+01   1.2548752e-01  -2.1382676e+00  -9.1764583e-01   6.5123270e+00   4.3846063e+00  -3.4782970e+00  -2.4008195e+00  -7.2826648e-01   8.6226531e-02   4.3009523e-01   5.0711339e-01   1.5117591e+00  -1.9537459e+00  -1.6672899e+00   1.2650201e+00  -1.1231093e-01  -4.9114751e-01   3.5386008e-01   9.4771188e-01  -2.0953215e+00  -1.1825491e-01   6.8917114e-02
   1.8992176e+01   1.4736431e+01  -4.8025625e+00  -6.0164764e+00   2.5340924e+00   8.4764700e+00   2.9833781e+00  -4.9752139e+00  -9.5165415e-01  -3.5968068e-01   2.8075835e-01   2.7444793e-01   1.7898200e+00  -1.1266950e+00  -2.6234905e+00  -2.9045368e+00   2.3591692e+00  -9.2818931e-01  -1.2942741e+00   8.1133036e-01  -4.9305844e-01  -1.8005736e+00  -6.5434467e-01   1.3001616e-01
   2.1477247e+01   1.2702401e+01  -6.5468548e+00  -6.2901773e+00   2.3360941e+00   8.1540215e+00   2.5972225e+00  -6.7629571e+00  -1.1046065e+00  -1.5175945e+00  -4.9240304e-01   5.0516966e-01   8.2225865e-01  -1.2974381e+00  -1.8457374e-01  -1.7619419e+00   1.1012304e+00  -2.0350584e+00  -1.5782707e+00   8.5655203e-01  -2.4284042e+00  -1.1329486e+00  -3.3060279e-01   9.8342101e-02
   1.9050816e+01   1.3324299e+01  -2.9107806e+00  -5.8099371e+00   1.2038991e+00   6.8154896e+00   3.2867273e+00  -4.5613927e+00  -3.9967950e+00  -1.3206763e+00  -4.0328144e-01   5.9695354e-01  -1.2782995e+00   1.5996480e-01   3.0305669e+00   3.4363042e-01  -2.2531675e+00  -1.3491769e+00  -1.1530900e+00   3.4857197e+00  -2.0885761e+00  -3.1634746e-01   1.7160273e-01  -1.3691597e-02
   1.7136269e+01   1.5550206e+01  -1.0972641e+00  -4.8844501e+00   1.3992965e+00   4.2902295e+00   1.8655256e+00  -2.4003796e+00  -4.5208554e+00  -1.9471916e+00  -6.7657765e-02   4.1635557e-01  -9.1871591e-02  -1.7785775e-01   1.5602000e+00  -2.2219904e+00  -1.2683823e+00   1.5440655e+00  -2.1900180e+00   1.0501739e+00  -7.3048721e-02   5.2438077e-01   2.7648057e-02  -1.9415311e-01
   1.9245216e+01   1.3552475e+01  -2.9815075e+00  -6.2038944e+00  -3.7726001e-01   8.3846007e+00   1.6195915e+00  -1.9279231e+00  -2.3763938e+00  -6.1940332e-01   3.2578981e-01   2.9831757e-01   1.7320481e+00  -7.7314012e-01  -7.6652896e-01  -3.1836110e+00  -5.4877624e-01   1.2115115e+00  -7.7300957e-01  -2.2852251e+00   4.5667063e-01  -6.3239333e-01  -2.1654576e-01  -7.5455371e-02
   2.1242240e+01   1.2321526e+01  -4.1711914e+00  -9.4261843e+00   1.2241002e+00   9.6855643e+00   1.4576336e-01  -6.5044310e+00  -2.0243801e+00  -1.0816598e+00  -8.1546658e-01   3.6325798e-01   2.8101466e-01   1.6412120e+00  -1.0380091e+00  -1.3892955e+00  -7.4362543e-01   2.2448646e-01   1.2954754e+00  -3.6044815e+00  -7.7637845e-01  -1.2216598e+00  -3.9275182e-01  -6.9403571e-02
   1.9595903e+01   1.3778929e+01  -2.5236104e+00  -8.3144865e+00   4.6833282e-01   5.9350895e+00   2.9870941e+00  -5.9372046e+00  -4.5600267e+00  -2.7020322e+00  -3.5419567e-01   5.1031928e-01  -1.4893280e+00   4.6584915e+00  -7.7249007e-01   4.9688893e-01   9.8468902e-01  -1.8707143e+00   1.9509451e-01  -1.5100582e+00   2.8036940e-01  -1.0406179e+00  -2.9623001e-02  -1.2496194e-01
   1.7382448e+01   1.7898797e+01  -2.8832263e+00  -5.9130972e+00  -1.3893808e-01   5.8517148e+00   3.1249875e+00  -5.8024610e+00  -4.5936067e+00  -2.7383669e+00  -3.1679275e-01   2.0624936e-01   3.3939764e-01   3.2900603e+00  -2.7023736e+00   1.5764822e+00   5.8641396e-01  -1.5819017e+00  -1.0716190e+00   1.5034719e-01   8.1677865e-01   1.8225005e-02   3.7869866e-01  -1.5805682e-01
   1.8941120e+01   1.7751577e+01  -4.7842252e+00  -7.2151045e+00   1.7812927e+00   7.4954540e+00   4.2262123e-01  -4.5439954e+00  -6.7122645e-01  -1.3519767e+00   3.2018395e-02   1.8937896e-01   1.8545210e+00   5.1642593e-01  -1.7834788e+00   2.6802190e-01  -8.8409846e-01  -2.9904939e-01  -2.8190048e+00  -4.9221252e-01   1.4770353e-02  -5.7603403e-01  -6.8921684e-02   6.4799218e-02
   2.2078728e+01   1.5270292e+01  -7.0944443e+00  -7.6111520e+00   1.4472412e+00   6.5325294e+00  -1.7942876e-01  -6.9755149e+00  -2.7436123e+00  -1.7293501e+00  -4.4052562e-01   2.8664290e-01   7.6360139e-01  -1.7247529e-01   2.3022244e+00  -2.5794393e-01  -1.4389674e+00  -2.0846080e+00  -1.6825771e+00   1.3721365e+00  -3.1259608e+00  -2.1938724e+00  -3.3284867e-01   3.6061536e-01
   2.0029544e+01   1.5867820e+01  -3.0932195e+00  -7.0634263e+00  -1.6509045e+00   5.1461081e+00   4.1079502e-01  -6.0889965e+00  -5.4628683e+00  -4.0705916e+00  -3.9571176e-01   5.6732134e-01  -1.8204519e+00   1.2933890e+00   5.1374126e+00   4.1287399e-01  -1.5056874e+00  -3.5889696e+00   3.4017954e-01   3.0234411e+00  -3.1881190e+00  -5.8891957e-01  -3.3341211e-01  -7.5909969e-03
   1.7983638e+01   1.8581962e+01  -2.7539255e-01  -6.3758522e+00  -5.8129065e-01   3.8994758e+00   6.0703494e-01  -2.9717557e+00  -6.8867270e+00  -4.6698680e+00  -6.0220068e-01   5.5820122e-01  -9.4927212e-01   1.2324091e+00   4.4425250e+00  -1.7858951e+00  -4.8189606e-01  -1.4342378e+00   1.6422343e-01   7.2835523e-01   7.2604053e-01   1.8165352e+00  -3.5997609e-01  -4.1704037e-01
   1.8257987e+01   1.8035826e+01  -4.8763209e-01  -7.2134434e+00   5.3702749e-01   3.4285264e+00   5.3965869e-01  -2.0107133e+00  -3.3818475e+00  -7.6509711e-01  -3.8726224e-01   4.2213309e-02   8.4209643e-01   2.2867415e-01   2.2218509e+00  -2.9557463e+00  -1.2202686e+00  -1.0814432e+00   1.0546656e+00  -3.3788727e+00   2.3240755e-01   2.7312592e+00  -5.1231743e-01  -5.7761956e-01
   2.1540598e+01   1.6034903e+01  -1.7334505e+00  -1.0214986e+01  -3.6956887e-01   5.2399636e+00   2.4745434e-03  -7.9221236e+00  -2.6950619e+00  -6.5729452e-01  -9.8471452e-01  -7.6363636e-02   6.6910852e-01   2.3294719e-01   3.5453880e+00  -1.0252208e+00  -3.3084179e+00  -1.6396587e+00   2.5843527e+00  -4.8439921e+00  -7.5639887e-01   3.5452330e-01  -6.6402738e-02  -1.9572088e-01
   1.9514209e+01   1.7484361e+01   9.6858575e-01  -9.5774788e+00  -3.5871684e+00   2.8536993e+00   2.2950735e+00  -8.6821216e+00  -7.2100896e+00  -1.9799896e+00  -9.7293099e-01   1.8174427e-02  -9.7201032e-01   1.7940221e-02   2.9092297e+00   2.8057682e+00  -1.8854767e+00  -2.2462266e+00   1.5879104e+00  -5.0240413e-01  -9.3467872e-01  -1.7284731e+00   5.1199562e-01   1.3925192e-01
   1.8359190e+01   1.9207116e+01   4.3145805e+00  -6.7316658e+00  -3.4818196e+00   1.7274012e+00   3.6058565e+00  -6.9020397e+00  -6.1072043e+00  -3.5306367e+00  -4.0897041e-01   2.7663935e-01   6.3046279e-01   7.3436643e-01  -3.0713500e+00   2.3064606e+00   1.7697884e+00   1.7196802e-02  -4.6231625e-01   2.5807949e+00   4.1952807e-01  -7.8732105e-01   8.5596573e-01  -5.4077317e-02
   1.8390676e+01   1.6476630e+01   8.5219695e-01  -4.7464513e+00  -7.3506213e-01   1.8154677e+00   1.1198333e+00  -3.2743614e+00  -3.0777944e+00  -1.9211357e+00   9.2859134e-02   7.4589704e-02   2.3894220e+00  -6.0220756e-01  -6.0269775e+00  -1.0905847e+00   2.7801520e+00   1.8779241e+00  -2.2188234e+00   4.1419063e-01   3.8361062e-01  -7.0531923e-01   5.2522834e-01  -1.7213899e-01
   2.3048059e+01   1.7640318e+01  -6.2822812e+00  -9.1708090e+00   8.5906061e-01   5.7848747e+00  -1.0337971e-01  -6.7548114e+00  -4.1319173e+00  -1.8677031e+00  -2.3366099e-01  -1.8568725e-01   1.3649643e+00  -1.0948713e+00  -4.5272127e+00  -1.6926148e+00   3.5784963e+00   2.5225533e+00  -3.7509237e+00  -1.3916061e+00  -1.6891491e+00   4.2272812e-02  -3.6378977e-01  -1.2065033e-01
   2.0753907e+01   1.7364448e+01  -2.7734496e+00  -9.9937843e+00  -1.5873805e+00   3.6418489e+00   8.2145663e-01  -8.1344498e+00  -7.6223171e+00  -3.8694353e+00  -2.7274319e-01  -8.8707586e-03  -1.1962958e+00   8.9517504e-01   8.3025945e-01  -1.1873742e+00   2.3723548e+00   1.2508976e+00  -1.8237247e+00  -2.4283806e+00   1.8919759e-01   5.0267851e-02  -2.6403026e-01   1.6961364e-02
   1.9225020e+01   1.7120900e+01  -6.6341527e-01  -6.6469215e+00   2.3120840e+00   4.5980407e+00  -1.8713407e+00  -6.5594047e+00  -6.3686666e+00  -2.4930777e+00  -7.7185391e-01   1.3739409e-01  -1.4902351e+00  -6.7295233e-01   2.3396753e+00  -3.5815891e-01   2.2629273e-01  -6.8328500e-01   1.8977273e+00  -6.5818428e-01   1.9191680e+00   1.2200081e+00  -1.7803328e-01   2.1259167e-02
   1.8507751e+01   1.8079102e+01  -7.1184684e-01  -7.7894562e+00   2.0969583e+00   4.2852310e+00  -7.3177330e-01  -7.0146357e+00  -1.6756234e+00  -1.5330466e+00  -3.4089795e-02  -6.1508920e-02   9.1968950e-01  -5.6334019e-01  -1.3713805e+00  -2.2725335e+00  -2.1546235e+00   4.1222884e-01   1.6590091e+00  -1.0142511e+00   9.3513939e-01   5.5741119e-01  -2.1157867e-01  -1.1512303e-01
   2.1935784e+01   1.6273563e+01  -3.8035696e+00  -1.0810211e+01  -6.4366970e-01   4.4382561e+00   3.5198262e+00  -8.3019949e+00  -4.2265122e+00  -1.2058853e+00  -6.2003761e-01  -1.2747942e-01   5.1448165e-01  -1.2889232e+00  -1.6950365e+00   2.2499409e-01  -3.9995138e+00  -1.9243422e-01   1.1231657e+00  -7.7503304e-01  -1.9747222e+00  -1.2782028e+00   8.8815247e-02  -5.6293835e-02
   2.0778060e+01   1.6943106e+01  -3.2604432e+00  -1.1320940e+01  -3.3414388e+00   4.3400844e+00   6.1438681e-01  -8.7845314e+00  -7.2906852e+00  -3.6769148e+00  -6.6601934e-01  -4.9118546e-02  -9.3451113e-01  -1.7448944e+00  -4.2339613e-01   4.8319292e+00  -1.6076965e+00   2.3001055e-02  -3.6523407e-01   1.7909025e+00  -3.0567535e+00   1.0310961e-01  -4.0358756e-02   6.8092488e-02
   1.8861589e+01   1.5755513e+01  -1.9316719e+00  -4.5436886e+00  -9.6798815e-01   4.2819626e+00  -8.5967220e-01  -6.8370063e+00  -6.5232190e+00  -3.3384478e+00  -3.2266627e-01   4.6758149e-02  -3.3659308e-01  -5.3040437e-01  -2.3205874e+00   2.6673971e+00   2.7928256e+00   8.2254703e-01  -1.1502095e+00   8.1567822e-01   6.7199707e-01   2.1292374e+00  -5.3183734e-03  -8.4118755e-02
   1.8643082e+01   1.5720785e+01  -2.2828899e+00  -3.6748239e+00  -1.5242728e-01   4.3978793e+00   9.1012480e-01  -5.0607762e+00  -5.1124003e+00  -3.1210089e-01  -2.4331360e-01  -4.6488973e-02   1.1865633e+00  -1.5942491e+00  -2.9481378e+00  -2.7920776e+00   2.6271965e+00   5.3236440e-01   8.0208892e-02  -1.6735638e+00   1.1525462e+00   2.0567696e+00  -4.6261363e-01  -1.6811671e-01
   2.2498383e+01   1.6089117e+01  -7.7732273e+00  -1.0632174e+01   1.9510630e+00   5.6431792e+00   1.6466430e+00  -8.9403551e+00  -4.3076590e+00   3.0556387e-01  -8.3936804e-01  -2.5497234e-01   8.1680180e-01  -1.1587237e+00  -5.6599925e-01  -4.1123089e+00  -8.6031424e-01   1.1998452e-01  -7.0880821e-01  -1.4420461e+00  -9.6165434e-01  -4.6912957e-01  -3.8360073e-01  -8.5435185e-02
   2.0739507e+01   1.4384930e+01  -4.7618722e+00  -1.2464814e+01  -8.6016967e-01   4.4580227e+00  -5.1845746e-01  -1.0243203e+01  -6.6696459e+00  -2.4137662e+00  -1.1015889e+00  -1.5042836e-01  -1.4141082e+00  -6.1499870e-02   1.5550178e+00   1.1996935e+00  -3.7346199e-02  -5.7731262e-01  -2.6777502e+00  -4.1403199e-02  -2.1728631e-01  -1.7890950e+00   6.5919703e-01   1.4334313e-01
   1.9038579e+01   1.4685355e+01  -1.5411796e+00  -6.3171572e+00  -1.9045883e+00   4.4318677e+00  -1.2085934e+00  -6.4088622e+00  -7.1870776e+00  -2.9913095e+00  -4.6892970e-01  -2.9424935e-02  -3.1788705e-01  -7.4549292e-01   6.7129316e-01   2.2831439e+00   2.4783682e+00   8.9701541e-01  -3.0230412e+00   2.6023949e+00   1.1589934e+00  -4.9211890e-01   1.3199777e+00  -6.2784819e-02
   1.8251822e+01   1.6330417e+01  -3.0663870e+00  -4.0327919e+00   1.7193791e+00   4.1375661e+00  -1.6788823e+00  -6.3886275e+00  -3.9986204e+00  -1.3473068e+00   5.6026278e-01   5.5752018e-02   2.7225708e+00  -7.2925898e-01  -4.9521131e+00  -3.4742156e-01   3.3903886e+00   1.4125969e+00  -2.2485379e+00   5.6022118e-01   8.3322631e-01   8.8709428e-01   4.0278894e-01  -1.8224584e-01
   2.3265395e+01   1.3998134e+01  -7.6140302e+00  -1.1423469e+01   4.3788409e+00   7.1489306e+00  -2.3077064e+00  -6.9640503e+00  -3.9046817e+00  -9.6584421e-01   3.0967274e-01  -4.5223976e-01   2.1668771e-01  -4.0196624e+00  -1.9688029e+00  -4.5610080e-01   8.9639379e-01  -1.5593681e+00  -1.2022707e+00  -9.9922841e-01  -8.5948083e-01  -6.1695878e-01  -6.2941533e-01  -1.5233071e-02
   2.2709955e+01   1.3634652e+01  -9.1536165e+00  -1.0432790e+01   1.0836985e+00   5.2183867e+00  -3.3417078e+00  -9.1252768e+00  -7.0610044e+00  -2.0958574e+00  -8.8670671e-01  -2.1238971e-01  -2.8077768e+00  -4.0156302e+00   2.6381931e+00   3.3458056e+00  -1.7201356e+00  -1.0139078e+00  -1.7901323e-01  -5.3239247e-02  -6.0340574e-01   1.6681250e-01  -6.1231769e-01   9.7164039e-02
   1.7134544e+01   1.0003743e+01  -1.4507691e+00  -3.8013092e+00  -2.4215736e-01   1.5524053e+00  -2.1805866e+00  -6.5393801e+00  -6.9451069e+00  -3.5424723e+00  -6.8956795e-01   8.1796321e-02  -2.7303386e+00  -1.7956916e+00   3.0637796e+00   4.9250341e+00  -2.1170070e+00  -1.0100221e+00   2.6231966e+00   8.3089071e-01   1.2172350e+00   5.1855131e-01   6.2129593e-02   3.8742118e-01
   1.7105583e+01   1.2304167e+01  -2.1907279e+00  -2.8251632e+00   1.4496748e+00   5.4149671e+00  -2.0109620e+00  -6.6808215e+00  -3.3835164e+00   1.9122603e-01   1.4140658e-01  -6.5519962e-02   1.6201410e+00   1.6633163e+00  -2.0151885e+00  -2.8228566e+00  -3.3856180e-01   3.7652393e+00   2.3092249e+00  -3.1228682e+00   2.6421436e+00   1.2530863e+00  -9.2496496e-02  -4.4588836e-03
   2.1972074e+01   1.1969839e+01  -6.4998050e+00  -7.8397310e+00   1.0203423e+00   5.5356073e+00   9.6171556e-01  -6.9399420e+00  -3.9175731e+00  -1.3315590e+00  -1.1118952e-01   5.5457150e-02   3.0263229e+00   3.9952705e+00  -4.0644618e+00  -6.1491833e+00  -2.0830448e+00   3.1577264e+00   1.7118642e+00  -3.8959744e+00  -1.2471878e+00  -1.0427188e+00  -3.3269019e-01   1.6749266e-02
   2.2721402e+01   1.5146578e+01  -9.6518814e+00  -1.2647864e+01  -5.5393964e-02   8.8746447e+00  -1.4490216e+00  -1.3609298e+01  -4.6115559e+00  -1.3216846e+00  -1.3146407e+00  -2.0590845e-01  -1.2028838e+00   1.7413876e+00   1.5171445e+00   7.2458455e-01  -1.0646249e+00  -2.8198437e+00   1.0133891e+00   7.4827903e-01  -2.4796825e+00  -2.6689776e+00  -7.4477932e-02   2.0623517e-01
   1.8866118e+01   1.4575443e+01  -3.8168851e+00  -8.1137337e+00  -2.6141901e+00   4.5591562e+00   1.0623949e-01  -8.9191033e+00  -8.2018689e+00  -4.3500952e+00  -4.6057961e-01   1.7711446e-01  -2.2833463e+00   1.3638973e+00   2.6113626e+00   2.0288230e+00   1.2380033e+00  -1.5803712e+00   7.6548430e-01   2.3860307e+00  -9.0391896e-01   1.4019165e+00   1.3115256e-01  -1.7188950e-02
   1.6854234e+01   1.3613446e+01  -1.2564710e+00  -1.6012850e+00   1.6700037e+00   1.6734271e+00  -6.3140249e-02  -4.5688222e+00  -4.9608924e+00  -2.3029722e+00   2.0438473e-01   1.8300413e-01   6.9435464e-01  -1.4023654e+00   9.2563802e-01  -1.0029289e+00   1.2754271e+00   1.0631180e+00  -5.8914189e-02   1.5484253e+00   6.1303001e-02   2.9122186e+00  -1.2940408e-01  -2.0431483e-01
   2.1480638e+01   1.4782251e+01  -6.7804663e+00  -1.0319786e+01   2.0146484e+00   6.7656593e+00   1.4170013e+00  -7.8811339e+00  -5.0987834e+00   1.2619596e+00  -6.7397338e-01  -1.6478256e-01   2.5083200e+00  -9.9648028e-01  -1.8783347e+00  -4.2588413e+00  -3.2358420e-01   2.4457755e+00  -2.0400118e+00  -2.1423341e+00  -5.8060454e-01   1.5101182e+00  -9.4785334e-01  -1.3089471e-01
   2.2455674e+01   1.2939626e+01  -6.7816338e+00  -1.3049231e+01  -4.5667257e-01   9.3660701e+00  -2.1927738e+00  -1.1805645e+01  -6.0711442e+00   2.4061594e-01  -1.4020499e+00  -3.4143218e-01  -1.4852064e+00  -2.2576321e+00   2.1361919e+00   8.5266610e-01  -1.7913724e+00  -1.3363202e-01  -1.6892254e+00  -6.0709954e-02  -1.1823242e+00  -1.5085064e+00  -4.8328327e-01   1.8063303e-01
   1.9827879e+01   1.3417633e+01  -3.8718059e+00  -8.7780225e+00  -2.0362283e+00   4.3814980e+00  -1.8889615e+00  -8.5141932e+00  -8.5176498e+00  -3.3567120e+00  -1.0791423e+00   2.4299055e-01  -3.3909095e+00  -3.1601594e+00   4.3384767e+00   6.5721399e+00  -9.8086997e-01  -3.2296286e+00   1.2537209e-01   4.2792311e+00   1.3758047e+00  -2.4804387e+00   6.8059391e-01   3.4849784e-01
   1.5452805e+01   1.0909307e+01   4.9348668e-01  -1.0931676e+00   1.0083834e+00   2.6650597e+00  -9.4399695e-01  -4.3433575e+00  -5.0249454e+00  -2.2563959e+00  -3.1795572e-01   2.5006712e-01   9.6706471e-01  -1.5506846e+00   3.3477754e-02   1.3698472e+00   9.5357763e-01  -4.3103766e-01   1.9838407e+00   1.3410163e+00   1.7861179e+00   8.8995925e-01   1.8151815e-01   5.2789279e-02
   1.9895709e+01   1.1057172e+01  -3.9103115e+00  -6.4396081e+00  -1.8918451e-01   5.2717215e+00   9.8067102e-01  -5.1934309e+00  -3.5581756e+00  -1.2101925e+00  -1.9512961e-01   6.2214541e-02   3.2138780e+00   7.3901863e-01  -3.0130816e+00  -5.5443494e+00   7.4667426e-01   2.8593982e+00  -7.5066067e-01  -3.4943144e+00  -7.7273981e-01   1.6426631e+00  -6.7302130e-01  -2.2674573e-01
   2.3872356e+01   1.1793830e+01  -6.7121643e+00  -1.2163668e+01   5.0171972e-02   8.2744018e+00  -6.5182907e-01  -1.1454502e+01  -5.8717043e+00   5.0229504e-01  -1.5717790e+00  -1.7186026e-01   1.7839371e+00   4.5311747e+00  -2.2685510e+00  -5.5669233e+00   9.3678227e-01   2.1686321e+00  -1.0288597e+00  -3.1986206e+00  -2.9556040e+00  -2.1516321e-01  -6.6235665e-02   3.5247219e-02
   2.0438920e+01   1.4083900e+01  -4.7886028e+00  -1.1559296e+01  -4.3711120e-01   5.8659243e+00  -3.1610364e+00  -1.0200093e+01  -9.2533800e+00  -2.2720629e+00  -1.4617626e+00   1.1383565e-01  -1.7037768e+00   4.2032159e+00  -6.7640238e-02   2.8899898e-01   1.7480830e+00   1.5141430e+00  -7.8673870e-01   8.4648881e-01  -8.7688810e-02  -4.1805440e-01   1.0108973e+00  -1.5210829e-01
   1.7857105e+01   1.6192705e+01  -2.4701942e+00  -6.8837084e+00   2.5375202e+00   5.6209065e+00  -4.1643274e-01  -6.6379574e+00  -6.6107492e+00  -2.0482055e+00   2.1600727e-01   2.7712740e-01  -6.3043705e-01   9.8726665e-01  -1.0390607e+00   1.0734926e+00   7.3525893e-01   2.6070160e+00   1.0451695e-01   1.8249069e+00   2.5856503e+00  -1.8305175e-01   1.3772256e+00  -3.4921002e-01
   2.0347669e+01   1.5162558e+01  -6.1327569e+00  -8.6460894e+00   1.1892659e+00   8.8696837e+00  -3.1713519e-01  -6.3319698e+00  -3.3201864e+00  -5.6202380e-01   4.2732320e-01  -3.9044172e-01   2.1429789e+00  -1.6434946e+00  -2.9590977e+00  -2.2300093e+00  -4.3079807e-01   1.7784946e+00   7.1898601e-02  -3.2262975e+00   1.2673115e+00   2.0494072e-01   1.2765380e-01  -4.5313162e-01
   2.2972326e+01   1.2735401e+01  -7.5986783e+00  -1.2010032e+01   3.3987183e-01   1.0683046e+01  -1.9170043e+00  -1.0651203e+01  -4.9598257e+00  -6.2730215e-01  -4.5048358e-01  -4.4353661e-01   6.9559790e-01  -5.2208859e-01  -9.5592435e-01  -1.4487518e+00  -9.0571707e-01  -1.1321638e+00   1.3829913e+00  -3.3030361e+00  -2.0099130e+00  -5.1245914e-01  -3.8223776e-01  -2.7667951e-01
   2.1095778e+01   1.3347310e+01  -6.6630073e+00  -1.2341148e+01   1.5515872e-02   6.0025963e+00  -2.3029028e+00  -1.3032916e+01  -8.1778746e+00  -2.6751035e+00  -9.3703646e-01  -2.0552978e-01  -2.5982041e+00   9.7215310e-01   1.6699957e+00   3.7254310e+00   1.2221775e+00  -3.9867557e+00   3.8178628e+00   1.3217575e+00  -1.1956014e+00  -1.1569982e+00   5.3351429e-01   2.9578788e-01
   1.8526447e+01   1.6317196e+01  -3.6389555e+00  -7.2093066e+00   1.7658196e+00   5.3562045e+00   2.6509379e+00  -8.2420383e+00  -7.1967746e+00  -1.7603544e+00   3.2483046e-01  -2.3034783e-01  -2.9462382e-01   1.0417714e+00  -1.8441714e+00   4.2110785e+00   2.1866953e+00  -2.0358153e+00   2.3427666e+00   4.2677441e+00   9.4680053e-01  -3.5873679e-01   1.0862400e+00   2.7982323e-01
   1.8673302e+01   1.4829890e+01  -5.6076247e+00  -5.4583058e+00   2.3095582e+00   5.5529709e+00   3.1256878e+00  -5.5539157e+00  -3.9951141e+00  -1.7309951e+00   8.3993761e-01  -5.3354283e-02   2.8357154e+00  -2.8539479e-01  -5.7548900e+00   5.1584739e-01   1.0127529e+00   1.0826225e+00  -2.7712392e+00   1.8202413e+00  -5.3277530e-01   5.5794406e-01   5.0286210e-02   9.3435778e-02
   2.3741628e+01   1.3556768e+01  -1.0892627e+01  -9.1348359e+00   2.4728936e+00   7.8541359e+00  -1.1171497e+00  -7.9890870e+00  -5.6310052e+00  -1.6374616e+00   2.9038934e-01  -9.9889510e-02   8.7366452e-01  -2.7965110e+00  -9.9734406e-01   1.1333657e-01  -7.6845777e-01  -1.6780505e+00  -4.2531443e+00  -1.6629532e-01  -1.5644370e+00  -7.8970105e-01  -9.9887878e-01   2.2270947e-01
   2.2741760e+01   1.4299432e+01  -1.1668507e+01  -1.0604613e+01   1.1811082e+00   6.3775644e+00  -4.5757177e+00  -1.0429030e+01  -9.7599223e+00  -1.8996338e+00  -8.4438659e-01  -1.3060528e-01  -3.9898861e+00  -1.9581801e+00   6.1909030e+00   3.2863888e+00  -8.5257918e-01  -2.5280810e+00  -3.5267334e-02   1.8457920e+00  -1.0286740e+00  -5.9871915e-01  -6.0602185e-01   4.0980040e-01
   1.7802715e+01   1.2387659e+01  -2.1045306e+00  -4.4661483e+00   1.1773579e+00   2.4268320e+00   1.2192431e-01  -6.0539241e+00  -6.6610260e+00  -2.8605866e+00  -3.3132561e-01   1.4234187e-01  -2.4995737e+00  -8.5994506e-01   5.4494611e+00   2.0010074e+00   4.6740035e-02  -9.0494769e-01   3.6139226e+00   1.1480092e+00   1.9742835e+00   1.2890443e+00  -1.9184536e-01   1.2525079e-01
   1.5657930e+01   1.2477174e+01  -7.1531827e-01  -2.8630665e+00   1.6784573e+00   4.4745012e+00   2.4532499e+00  -3.7528091e+00  -5.0231147e+00  -2.0175113e+00   2.4176231e-01   4.4023062e-01   1.9467110e+00  -1.2538264e+00   1.4530385e-01  -1.9847792e+00  -3.1520099e-01   1.3715716e+00   2.1485592e+00  -2.8828328e+00   2.6677573e+00   8.2425113e-01   1.8957580e-01  -1.7154665e-01
   2.3534183e+01   1.3177979e+01  -8.1950293e+00  -1.0004098e+01   2.2943291e+00   7.4482459e+00   7.8925037e-01  -9.6051838e+00  -5.0379837e+00   3.5504354e-01  -5.4045315e-01  -1.9743127e-01   3.0985958e+00   1.8802483e+00  -3.6479236e+00  -3.9526651e+00  -2.8450987e+00   2.0962839e+00  -1.7308426e+00  -4.0578294e+00  -1.0682271e+00  -1.6166080e-02  -7.1645545e-02  -2.1669579e-01
   2.2796093e+01   1.2023532e+01  -8.4053016e+00  -1.0812807e+01   1.4982113e-01   5.9242148e+00  -1.6865419e+00  -1.2977649e+01  -6.5698075e+00  -2.2710722e+00  -4.5545911e-01  -2.1803868e-01  -3.1847146e+00  -1.8908471e+00   2.7773243e+00   3.3711027e+00  -2.0723464e+00  -2.7776340e+00  -2.1132608e+00   1.0693205e+00   6.6490101e-01  -7.4913557e-01  -4.6969088e-02  -9.7810810e-02
   1.8881527e+01   1.5434852e+01  -3.7314244e+00  -6.4202759e+00  -2.3259721e+00   4.8464011e+00  -4.0444366e-01  -7.5282481e+00  -7.4900203e+00  -2.7580552e+00  -9.0183211e-02   1.4643284e-01  -4.4648920e+00  -9.6763884e-01   4.6156238e+00   3.4229755e+00   8.1500596e-01  -1.9463500e+00   1.7436681e-01   4.5958219e+00   2.0736485e+00  -6.2180621e-01   5.7597080e-01   2.1081407e-01
   1.3207186e+01   8.5124672e+00   1.2188657e+00   4.0167651e-01   8.8008828e-01   1.6089726e+00  -1.1979436e-01  -3.1872962e+00  -2.7997449e+00  -1.5846652e+00  -5.3826288e-02   1.2158235e-01   1.0770727e+00   1.0592424e+00  -1.4669073e+00  -3.2660977e+00   4.1589615e+00   1.1731237e+00  -5.5260313e-01   1.3952734e+00   1.2237403e+00   1.5596522e+00  -7.4713765e-02  -1.9530699e-02
   2.1631298e+01   1.3482054e+01  -6.0836772e+00  -1.0476876e+01   3.1517045e+00   6.6863421e+00   2.6742680e-01  -7.6066275e+00  -3.8125422e+00  -9.2086923e-01   1.2268663e-01  -5.1020678e-02   3.0815751e+00   1.2389497e+00  -4.2041429e+00  -5.5841697e+00   1.9823833e+00   4.5058073e-01  -2.1717896e+00  -3.1955586e+00  -1.5539833e+00  -1.9801840e-01  -5.2202289e-01  -3.0350221e-02
   2.3036816e+01   1.4588795e+01  -9.4295361e+00  -1.3683653e+01   3.6494252e+00   6.7639299e+00  -2.8513819e+00  -1.0845550e+01  -6.5729360e+00  -8.5018691e-01  -6.7396468e-01  -1.4860797e-01   5.2942791e-01   2.2487869e+00   6.9644793e-01  -4.2912397e-01  -1.8638391e+00  -1.1485232e+00  -9.0922285e-01  -8.2909091e-01  -2.6787103e+00  -1.4298021e+00  -3.8855244e-01   2.1794530e-01
   1.8589074e+01   1.4255113e+01  -4.7134379e+00  -7.7538657e+00  -7.3706552e-01   2.9447935e+00  -2.2963343e+00  -8.4924593e+00  -7.9343997e+00  -3.4223220e+00  -5.6314835e-01   2.3600267e-01  -3.4823743e+00  -2.5120320e+00   5.2302962e+00   6.7302459e+00  -3.6658365e+00  -1.3973870e+00   5.2741875e-01   4.3040274e+00   1.2892407e-01  -5.7181082e-01   3.9908229e-01   2.3326533e-01
   1.5522440e+01   1.1499118e+01   1.5784179e+00  -1.6035147e+00   2.8714555e-02   1.7569621e+00  -2.0174809e-01  -3.9880167e+00  -4.7568817e+00  -2.4786420e+00  -2.9373746e-01   3.0498863e-01   1.0892949e+00  -2.3753304e+00   8.4214445e-01   2.3828497e+00  -2.2972464e+00   3.8173581e+00  -4.8648961e-01   1.8340142e+00   2.4765565e+00   7.0202439e-01   4.8200973e-01   1.3133334e-02
   2.0164925e+01   1.1258844e+01  -3.7422099e+00  -6.4215767e+00  -5.3669503e-01   7.0937454e+00  -2.6626196e-01  -4.5793529e+00  -4.5271833e+00  -9.6435789e-01   5.3119645e-01   7.2079012e-02   3.2827489e+00   3.2333977e-01  -4.4971076e+00  -3.9370644e+00   3.6098840e-01   3.5619556e+00  -2.2897209e+00  -3.3746677e+00  -3.3940454e-03   3.3621508e-01   5.5186313e-01  -2.9715508e-01
   2.3882833e+01   1.2523934e+01  -8.6519334e+00  -1.0775523e+01   1.0337032e-01   1.0415491e+01  -4.5961524e+00  -1.0051082e+01  -4.5617094e+00  -1.0261324e+00  -4.9812248e-01  -4.6946137e-02   1.1132653e+00   4.1348352e+00  -3.3007327e+00  -4.6460597e+00   2.4253038e+00  -7.2825868e-01  -1.4657098e+00  -4.2681949e+00  -2.0172443e+00  -7.0420414e-01   5.0910668e-01  -1.5099518e-01
   1.9333001e+01   1.4227715e+01  -6.3439236e+00  -9.0734582e+00  -2.3291079e-01   3.9584625e+00  -3.5337135e+00  -1.0522928e+01  -8.0370769e+00  -3.6442542e+00   3.6683886e-01  -3.3762564e-02  -2.6944060e+00   2.4070910e+00   1.5597297e+00   1.9206927e+00   2.7248976e+00  -4.2822980e+00   1.8340353e+00   1.6140480e+00  -4.2903918e-01  -1.4460763e-01   2.6165877e-01   1.4605354e-02
   1.7608300e+01   1.6216935e+01  -2.0718243e+00  -7.2466636e+00   3.5147782e+00   2.2322156e+00  -7.6658707e-01  -7.4185213e+00  -6.0278013e+00  -2.1950001e+00   5.5210137e-01   1.3141665e-01   4.7675812e-01  -7.9415556e-01   1.8105750e-01   1.6826276e+00   1.8555657e+00  -2.1481516e+00   3.9951072e+00   3.6524858e+00   2.7807984e-01   1.9328292e+00   3.0821912e-01   2.2925959e-02
   1.9260583e+01   1.3022980e+01  -4.6926699e+00  -5.3049673e+00   1.8449475e+00   4.7619363e+00   5.7000837e-01  -3.4745611e+00  -4.4376961e+00  -5.9683547e-01   3.9857268e-01   4.8056473e-03   4.1401823e+00  -2.4604486e+00  -3.9999917e+00  -1.6417711e+00  -5.8451553e-02   1.3686080e+00   6.1819453e-01  -5.4393556e-01   2.4028268e-01   1.6575448e+00  -5.5045588e-01   6.0643603e-02
   2.4634179e+01   1.1935068e+01  -9.2059740e+00  -1.0135827e+01   1.8477897e+00   6.7915268e+00  -6.5535248e-01  -8.0965366e+00  -5.9442800e+00   3.4940212e-01  -5.1660708e-02  -3.1841305e-02   1.6389186e+00  -3.8886499e-01  -3.0078965e+00  -3.1272453e-01  -2.7233673e+00  -2.3836434e-01  -8.9089596e-01  -2.5629233e+00  -1.4579827e+00  -1.3320598e-01  -7.6587879e-01   2.4591787e-01
   2.2030334e+01   1.2677976e+01  -8.7768364e+00  -1.0091533e+01   5.1290615e-01   3.7317189e+00  -2.6620390e+00  -1.0999824e+01  -7.7184135e+00  -2.4301381e+00  -1.5696392e-01   1.3883182e-01  -2.5589221e+00   3.9182162e+00   1.3518192e+00   7.7317778e-01   1.2970139e+00  -1.5741061e+00  -9.9924789e-01  -9.2591439e-01   1.6599361e-01  -2.6335082e-01  -5.6711755e-01   2.5249405e-01
   1.8681802e+01   1.5806140e+01  -4.5415858e+00  -5.3224674e+00   9.5747981e-02   2.3897778e+00  -4.8690735e-01  -7.5002748e+00  -6.5744167e+00  -1.4781577e+00  -3.1894851e-01   4.3328037e-01  -1.8235235e+00   2.8236374e+00   7.8048457e-01   1.7678993e+00   1.1467018e+00   6.0274614e-01   1.8632268e+00   5.5525510e-01   2.8432557e+00   2.1725438e-01   2.0161302e-01   1.8647011e-02
   1.8398388e+01   1.6964768e+01  -4.9971353e+00  -6.5518804e+00   4.6664892e+00   4.6016516e+00  -1.0130860e+00  -5.1615636e+00  -3.8736373e+00  -7.8081761e-02  -3.1845974e-01   1.5098589e-01   1.7005669e+00  -3.6811448e-01  -2.1624513e+00  -1.2216438e+00  -1.2392715e-01   3.1383264e+00   8.5395525e-01  -1.0424434e+00   1.2851650e+00   9.3496215e-01   3.2480393e-01  -1.0426732e-01
   2.3714867e+01   1.4027128e+01  -9.9250977e+00  -9.2538045e+00   1.4910509e+00   7.2606796e+00   1.3150112e+00  -1.0182784e+01  -3.6017845e+00  -5.0074448e-01   3.3150673e-01  -9.9478217e-03   9.8020097e-01  -2.3357860e+00  -6.4171319e-02  -1.6219958e+00  -2.2410139e+00   8.5407681e-01  -1.7246414e+00  -1.4589986e+00  -1.0574247e+00  -1.0596008e+00   5.0886425e-01  -1.1619178e-01
   2.2064652e+01   1.3015310e+01  -9.3287574e+00  -9.9583304e+00  -3.7063603e-01   6.0037576e+00  -2.2820653e+00  -1.1222235e+01  -7.2769821e+00  -1.5164015e+00   5.0143451e-03   2.0404494e-01  -3.1525113e+00  -1.5018663e+00   5.6011018e+00   2.9823987e+00  -3.6964509e+00  -1.9268955e+00  -4.2307978e-01   9.8276560e-01  -9.0571178e-01  -1.7251695e+00   3.5855956e-01  -3.9620947e-02
   1.8318971e+01   1.4277190e+01  -2.4720318e+00  -6.0522362e+00  -7.4721027e-01   2.9698400e+00  -2.4393799e+00  -6.6584372e+00  -6.4588814e+00  -2.3483991e+00   2.8261081e-01   2.3246318e-01  -2.9492366e+00   6.7468397e-01   5.0683093e+00   1.4695869e+00  -7.7267994e-02   8.6450121e-01  -3.2082441e-01   3.2277899e+00   5.7164752e-01   9.4129619e-01   7.9140277e-02  -3.0010926e-01
   1.6367569e+01   1.4586937e+01  -3.2201554e-01  -3.6790666e+00   2.4094346e-01   3.8567282e+00   2.2948982e-01  -5.4495887e+00  -3.8036565e+00  -1.7420088e+00   2.4382756e-01  -2.9651036e-02   1.0702293e+00   4.8583496e-01  -1.1757604e+00  -2.4109908e+00   2.4197307e+00   2.1248764e+00   2.7982896e-01   8.5444182e-01   1.0686366e+00   1.8207763e+00   4.3924046e-02  -3.5183568e-01
   2.2139554e+01   1.4253340e+01  -6.8260047e+00  -1.0189056e+01   1.0693591e+00   9.6309461e+00  -4.2200299e-01  -8.2274222e+00  -4.4809760e+00   1.0240034e+00   3.3081054e-01  -3.4326372e-01   1.8264033e+00  -7.4087161e-01  -2.8172670e+00  -4.1728422e+00   8.6478056e-01  -1.6361239e-01  -7.9311685e-01  -1.7619169e+00  -1.4166581e+00  -3.5407902e-02   9.4279421e-03   2.5943469e-02
   2.1759705e+01   1.3755987e+01  -8.9154115e+00  -1.1506407e+01   2.3506752e+00   5.8605191e+00  -2.8710103e+00  -9.1560793e+00  -6.6629799e+00  -4.7143829e-01   4.6800553e-02  -3.5845123e-02  -1.3842221e+00   1.4957095e-01   2.6501733e+00   3.2599309e-02  -1.4596628e+00  -3.1245229e+00  -1.8964133e+00   1.1968909e+00  -1.4343890e+00  -1.8121007e+00   1.9799680e-01   3.4294718e-01
   1.8362508e+01   1.3581358e+01  -2.4012342e+00  -8.3978295e+00  -5.0490533e-01   1.7225260e+00  -2.0788050e+00  -7.4480672e+00  -7.1542069e+00  -3.0367962e+00   3.9526623e-01   2.7447543e-01  -3.4084096e+00  -2.3023863e-01   5.1206866e+00   4.2815649e+00  -1.4598922e+00  -3.1110841e+00   1.1828425e+00   2.8066052e+00   2.3741643e+00  -1.5383254e+00  -2.2377439e-01   4.2361676e-01
   1.6179759e+01   1.5147285e+01   1.4408592e+00  -4.5257809e+00  -1.1614184e+00   3.1241539e+00  -1.7867291e+00  -4.0439299e+00  -4.6186246e+00  -2.4297599e+00   5.0859492e-01   1.7590016e-01   6.0123521e-01  -1.3932550e+00   6.0334959e-01   1.6054360e+00  -1.5093653e-01   1.0551747e+00   1.8702858e+00   3.0906891e-01   4.2725251e+00   7.6598745e-01  -6.3596659e-01   2.3982372e-01
   1.9816912e+01   1.3212333e+01  -4.3231102e+00  -7.2570215e+00   6.3556767e-01   6.3325026e+00   8.1012016e-01  -6.5735891e+00  -1.9419072e+00  -3.0432379e-01  -2.3574823e-01   1.8628878e-01   2.0481547e+00  -1.6523846e+00  -3.1912799e+00  -1.3227233e+00   6.1942817e-01   1.1986707e+00  -8.0111082e-01  -2.3045683e+00   1.9157976e+00   4.7864965e-01  -5.6098364e-01   2.2003551e-01
   2.1934356e+01   1.1850617e+01  -7.0494492e+00  -9.6686566e+00   1.5540339e+00   5.1382928e+00  -1.5100443e+00  -9.1297150e+00  -2.8603420e+00  -6.8869332e-01  -5.9164209e-01   3.6798378e-01  -1.6822343e-01   1.4127119e+00   5.3484233e-01  -2.8732198e+00  -2.0986544e-01  -1.8547454e+00  -7.5474905e-01  -2.3807528e+00   1.2616770e-01  -1.7341663e-01  -3.0313450e-01   1.6591629e-01
   1.8557442e+01   1.2751115e+01  -2.9430000e+00  -7.8104765e+00  -9.3348927e-01   2.5134625e+00  -3.4188137e+00  -8.3620271e+00  -5.1596518e+00  -3.1893550e+00   1.0390928e-01   5.0848688e-01  -2.8069315e+00   3.6360479e+00   2.4034009e+00   8.9349408e-01  -1.7480955e-01  -1.7993890e+00   8.1482733e-01   2.0496002e+00  -7.2205128e-01  -8.2722027e-02   6.0242846e-01  -8.6233266e-02
   1.6557159e+01   1.7496962e+01   1.5530675e+00  -8.5588831e+00  -6.9168813e-01   2.2515558e+00  -8.0438574e-01  -6.7208402e+00  -2.8205008e+00  -1.2473693e+00  -1.1593558e-01   2.6367555e-01   1.6926851e-01   1.7162818e+00  -2.4230754e+00   2.0590392e+00   1.9041531e+00  -8.4158154e-01   3.0804642e+00   4.0788482e+00  -1.5251115e+00   1.7036664e+00   9.3913049e-01  -3.0992539e-01
   1.8295114e+01   1.5843233e+01  -5.0192672e+00  -6.4716671e+00   1.4962144e+00   5.0767876e+00   1.6795319e+00  -4.7036263e+00  -3.0449047e+00  -1.4906886e-01   4.3004120e-01   1.0909299e-01   2.6639723e+00  -1.4698394e+00  -6.1790992e+00   1.2528986e+00   1.9601528e+00  -5.4811819e-01   1.6255481e+00   2.0574160e+00  -2.9121550e+00   1.5491755e+00   7.7829354e-01  -4.5260736e-02
   2.2319423e+01   1.2878981e+01  -9.6459286e+00  -7.2495025e+00   3.1954118e+00   2.5942580e+00   5.6147920e-01  -4.8406430e+00  -6.2053829e+00   3.4666318e-01   6.5398768e-01   1.0279263e-01   3.1289243e-01  -4.8493491e-01  -1.0307484e+00   9.6706176e-01  -2.3619133e+00  -5.8155681e-01  -1.3299792e+00   1.1122439e-03  -2.5277377e+00  -1.0818725e+00   7.5929625e-01   2.7414422e-01
   1.9672268e+01   1.2855346e+01  -6.6121508e+00  -6.5858189e+00   6.3190005e-02   1.5199341e+00  -1.6634240e+00  -6.2160017e+00  -7.8354433e+00  -1.6626080e+00   8.8638795e-01   5.2103723e-01  -3.1169837e+00   2.1632535e+00   6.1813123e+00  -2.4614121e-01  -3.4433259e+00  -2.3610632e-01  -6.7657884e-01   3.3862260e-02   1.6832422e+00  -6.9311239e-01  -1.2698759e-01   2.8119130e-01
   1.6337920e+01   1.8263503e+01   8.0338668e-01  -7.0512146e+00  -3.5180459e+00   3.1576473e+00  -1.1278766e+00  -5.9629841e+00  -4.2168381e+00  -2.1134084e+00   7.9483542e-01   4.6891976e-01  -1.8383679e+00   1.0215024e+00   4.0368542e+00   3.0110902e-01  -9.7905457e-01   1.6301120e+00   5.5805321e-01   9.9105024e-01   4.3224003e+00  -9.4167635e-02  -3.3324992e-01   1.5400876e-01
   1.6610389e+01   1.6395852e+01  -9.7195642e-01  -6.9400229e+00  -3.1204563e-01   4.4409334e+00   1.5093415e+00  -4.0916623e+00  -1.5143138e+00   4.1298337e-02   1.6913594e-01   3.4781638e-01   1.1616671e+00  -2.6941466e+00  -1.4246563e+00   1.1258836e+00   1.6913570e+00  -3.8186405e-01  -1.7386663e-02   1.1679277e+00   2.2960921e+00   3.7070544e-01  -1.0137419e-01   6.1937337e-02
   2.1092810e+01   1.2640982e+01  -6.4107444e+00  -6.6207370e+00   1.9144478e+00   3.5789263e+00  -1.8782373e-01  -4.4162373e+00  -2.8823471e+00  -6.4654144e-01   5.1273881e-01   4.2041620e-01   8.2468140e-01  -3.7834471e+00  -1.7490864e+00   3.0961810e+00   2.9200563e-01  -4.0411589e+00  -2.4494712e+00   1.0731567e+00  -8.4999882e-01   2.7726609e-01   2.2178929e-01  -3.6471934e-02
   1.9037324e+01   1.1625387e+01  -5.1420696e+00  -5.1122323e+00  -1.1602133e-01   7.3649857e-01  -2.1595304e+00  -5.2374836e+00  -5.0585506e+00  -1.8399833e+00   8.7537497e-01   6.3819502e-01  -1.9683382e+00   1.1438743e-01   3.4041797e+00   2.4672377e+00  -3.7078559e+00  -2.1564569e+00  -1.3649085e+00   9.0444173e-01  -6.3491633e-01  -6.4500953e-02   9.7976686e-01  -2.6016952e-01
   1.6361475e+01   1.4973565e+01   2.6481364e-01  -3.3208384e+00  -3.1780496e+00  -1.0518736e+00  -2.9676474e+00  -3.7803384e+00  -3.7197180e+00  -7.5686842e-01   7.7439984e-01   2.6902254e-01  -1.9025979e+00   1.2835965e+00   2.8084688e+00   2.0666911e+00  -2.1186103e+00   1.5541621e+00   1.6840885e+00   2.2429634e+00   7.6006949e-01   7.2580316e-01   7.6288841e-01  -2.4156554e-01
   1.6023550e+01   1.5401141e+01   7.9653407e-01  -4.8891155e+00  -3.3275807e+00   3.5216481e+00   8.5189065e-01  -3.0529492e+00  -2.0480029e+00  -2.8960196e-04   1.5079557e+00   3.3258939e-02   1.3764219e+00  -1.0601529e+00  -2.4811826e+00   1.1697646e+00   2.3492765e+00   1.4080674e+00   1.9003703e+00   2.1190265e+00   6.7888728e-01   3.6073264e-02   9.4761416e-01   2.9251870e-02
   1.9745800e+01   1.2678499e+01  -5.1673431e+00  -3.6322587e+00   3.4231195e-01   4.5175947e+00   8.3259855e-01  -2.1440595e+00  -3.2475167e+00  -4.7768356e-01   1.3407811e+00   3.6053592e-01   1.3831710e-01  -4.3669850e+00  -2.5726469e+00   2.0087111e+00   5.0385137e+00  -1.1308338e+00  -1.0259818e+00  -7.8887551e-01  -1.7205550e-01  -8.5998793e-01   1.0268639e+00   4.9544105e-01
   1.9409794e+01   1.1182690e+01  -6.1477651e+00  -3.2018752e+00   1.6477126e+00   6.3865519e-02  -1.2090980e+00  -2.8770832e+00  -4.2763203e+00  -1.9254659e+00   2.0136056e+00   6.3631613e-01  -3.2880293e+00  -1.0728399e+00   3.2990629e+00   5.8974442e-01   1.9728939e+00  -3.0285105e+00  -3.0301647e+00   2.8070671e-01   8.0198873e-01   5.8285019e-01   6.8022635e-01   3.6179150e-01
   1.4875828e+01   1.0532313e+01  -1.2200714e-01  -1.1513919e+00   1.8920742e+00  -1.0192330e+00  -3.4761258e+00  -5.0515846e+00  -2.8636425e+00  -1.0842622e+00   2.0618707e+00   7.1065552e-01  -3.2356375e+00   1.3526102e+00   5.7861767e+00  -1.5998690e+00  -3.9588518e-02   8.5627043e-01   1.0441982e+00   7.8755014e-01   1.2125399e+00   1.8111523e+00  -3.2530954e-01   8.5782044e-02
   1.3526492e+01   1.4864975e+01   3.2224605e+00  -5.2449323e+00  -1.1431209e+00   1.7472962e+00  -1.5389943e+00  -1.1781266e+00  -1.0369569e+00   1.1772750e+00   2.1677504e+00   4.0088639e-01  -1.8995390e-01   5.7191761e-01   2.2687975e+00  -1.6980409e+00  -5.0266537e-01   4.0452625e+00   3.8107373e+00   7.7324047e-01   9.9868717e-01   1.5222831e+00  -6.6145153e-01   2.0878292e-01
   1.7833995e+01   1.2866272e+01  -1.1731909e+00  -5.0105336e+00   1.6783460e+00   4.9602850e+00   2.5638440e+00  -1.8122126e+00  -3.0483885e+00   6.8767443e-01   7.7574434e-01   6.0692386e-01  -3.8011876e-01  -2.3208095e+00  -2.5042738e+00   1.7642025e+00  -1.7694152e+00   4.5882914e-02   4.0471419e+00   6.0641668e-01  -4.0276948e-01   1.1045351e-01   2.0005170e-01   3.8636477e-01
   1.7645780e+01   1.0873587e+01  -2.2189771e+00  -3.8193657e+00   1.0005787e+00   3.1420002e+00   1.4870232e+00  -3.3369086e+00  -2.6859165e+00  -5.2800956e-01   1.6644915e+00   1.0013563e+00  -3.9358099e+00  -3.0460444e+00  -1.6227044e+00   7.4276531e+00  -1.3077174e+00  -4.3936940e+00   1.3755646e+00   7.0976912e-01   7.7863151e-01  -3.1155983e-01   1.4261738e+00   4.6257956e-01
   1.2246006e+01   9.0467923e+00  -1.1576990e+00   7.8212856e-01  -1.8338984e+00  -1.6477607e+00   1.0815784e+00  -3.0625686e+00  -2.6433170e+00  -6.5939653e-02   2.6135777e+00   9.8996770e-01  -6.4712876e+00   2.6061373e+00   3.0686619e+00   5.9134030e+00  -2.0461133e+00  -2.5583584e+00   3.0042099e-01   1.7049963e+00   2.2964962e+00   8.2967648e-01   9.6213507e-01  -9.5379844e-02
   1.0416771e+01   1.2205648e+01   7.8065791e-01   3.0002162e+00  -1.3485749e+00  -1.5392220e+00   1.2654853e+00   5.1170514e-01  -7.1545424e-02   1.0867423e+00   3.3880944e+00   9.0323381e-01  -2.6583371e+00   5.1278504e+00   2.7845272e+00  -6.7461029e-01   1.4343106e+00   3.5557463e+00   3.9049034e-01   1.7157871e+00   1.8254756e+00   1.4172482e+00   4.4997218e-01  -5.0558166e-01
   1.1741568e+01   1.6109448e+01   1.9299844e+00   4.4977996e-01  -2.1624723e-01   3.4633586e+00   3.1252444e+00  -1.1790250e+00  -9.1082975e-01   1.1248132e+00   1.3571455e+00   5.1291535e-01  -4.4942603e-01   3.1860113e+00   1.7852530e+00  -4.4696609e+00   2.2917413e+00   6.7988354e+00  -1.7683902e+00   1.3950586e+00   9.6767116e-01   9.0116499e-01   6.5384762e-02  -4.1254301e-01
