  -8.1142555e-01  -1.9101614e+01  -2.0960102e+00   1.3679425e+01   9.4190646e-01  -4.7254222e+00   2.7343545e+00   1.1814206e+00   3.1396406e+00   4.2709103e+00   7.2685486e-01   6.7799491e-01   4.1510458e-01  -1.5807278e+00  -4.1926993e+00  -7.5208445e+00   3.4186892e+00   2.3994932e+00  -1.0531122e+00  -1.0862856e+00   1.0318054e+00   1.5275184e+00  -1.2367324e+00  -6.0098552e-01
  -7.2715520e-01  -2.0177755e+01  -1.8375308e+00   1.0813738e+01  -1.7445841e-01  -2.3966591e+00   2.6526928e+00   2.3735611e+00   3.7736916e+00   4.3301282e+00  -2.6587508e-02   2.3225136e-01   1.0029802e+00  -2.6849455e+00  -5.4075668e-01  -5.6304454e+00   2.1534425e+00   4.0922752e+00  -4.8281125e-01  -2.8527579e+00  -7.8094297e-01  -6.5436204e-01  -4.6371676e-01  -7.1688351e-01
   1.0478612e+00  -1.9317914e+01  -2.2273426e+00   1.0496465e+01   1.1913014e+00  -2.9488628e+00   2.8898374e+00  -9.3202325e-01   1.0216682e+00   4.3455565e+00   1.3375120e+00   2.7784054e-02   7.0197689e-01  -5.9688452e+00   2.0989920e+00  -2.7142822e+00  -1.3843997e+00   3.7689829e+00  -9.5347743e-01  -2.6947643e+00  -4.3087924e+00  -3.5878178e+00   8.1362632e-01  -5.0384241e-01
   5.8154542e-01  -2.3020013e+01   5.1828354e-01   1.1528096e+01   2.3501866e-01  -2.7515607e-01   1.8293557e+00  -2.0291640e+00  -3.1281266e-01   1.4846991e+00   1.0412845e+00   7.2072096e-02  -4.6530698e-01  -5.6358548e+00   3.5358779e+00  -1.6550181e+00  -8.6565899e-01  -1.6398517e+00  -1.9321731e+00  -1.6664742e+00  -4.6890054e+00  -4.3089732e+00   1.5460329e-01   6.0041667e-02
  -4.1281052e-01  -2.6633753e+01  -1.2542943e-01   9.2508229e+00  -1.3394316e+00  -1.3269946e-01   1.7158068e+00  -6.5936328e-01  -1.2802958e+00   3.1189824e-01   1.4133584e+00   2.3209194e-03  -1.9705550e+00  -6.6070532e+00   5.2904829e+00  -2.4868090e+00  -1.6882155e+00  -2.1411499e+00  -1.0593391e+00   8.5406736e-01  -2.3199596e+00  -3.0806346e+00  -4.6427163e-01   4.8962757e-01
  -6.9477982e-01  -2.4973617e+01   2.4153295e+00   8.9540316e+00  -2.0758041e-01  -6.2645183e+00   3.4144839e-01  -2.6248011e-01  -2.1088344e+00  -1.1650242e-01   1.6739425e-01   3.3504542e-01  -2.1578374e+00  -4.0042177e+00   6.3655749e+00  -3.4507377e+00  -2.3593586e+00  -1.9594671e+00   1.6530627e+00  -6.9931921e-01   5.1050258e-01  -2.3616894e-01   1.9375546e-01   4.5949880e-01
  -1.2698087e+00  -2.8251691e+01   4.7598588e+00   8.0532830e+00  -1.1197224e+00  -3.1659066e+00   2.0447823e+00  -5.3426417e-01  -1.5602604e+00   5.2520543e-01   1.0780497e+00   6.3073874e-01  -2.3330137e+00   2.9028578e-01   8.5593487e+00  -2.8948335e+00  -1.8228177e+00  -1.1730702e+00   2.0007905e+00  -1.9418910e+00   3.3243270e+00   1.4464415e+00   1.9453735e-01   1.5492914e-01
  -2.2267116e+00  -2.8217370e+01   7.6240019e+00   6.9507591e+00  -3.4138739e+00  -1.6977531e+00   4.1444620e+00  -3.1406924e+00   5.9292349e-01   1.0237921e+00   1.4995720e+00   4.4711139e-01  -1.7698093e+00   2.1002119e+00   5.9468915e+00  -3.4041528e+00  -6.5546005e-01   2.7386264e+00   1.2796730e+00  -1.4569929e-01   4.7013238e+00   2.0578576e+00   8.6356188e-01  -3.8720022e-01
  -3.1463652e+00  -2.4576448e+01   1.0109257e+01   5.9102089e+00  -2.4705114e+00  -4.1756874e+00   2.8154857e+00  -2.1330937e+00   2.3553157e+00   1.9114132e+00   1.0390755e+00   1.7868164e-01  -4.9007278e-01   4.0919925e+00   2.0443711e+00  -2.8616066e+00  -5.7215124e-01  -2.5183184e-01   5.0850226e-01   6.0026892e-01   2.0826517e+00   1.1207420e+00  -7.6309554e-02  -3.9885992e-01
  -2.4112155e+00  -2.3660921e+01   8.6609674e+00   4.9193395e+00  -5.1537601e-01  -1.6516883e+00   1.8756063e+00   3.1838570e-01   2.9853633e+00   2.2771801e+00   1.4822241e+00  -1.9726361e-02   4.1340420e-01   1.3316848e+00  -2.4520869e+00  -6.0272693e+00   2.0115221e+00  -3.7520788e+00  -2.2429814e+00   1.6284407e+00   5.6656759e-01   3.9968556e-01   7.1301647e-01  -4.4899052e-02
  -1.9126659e+00  -2.4391927e+01   7.3079327e+00   4.7765828e+00  -3.4271982e+00  -3.5666867e+00   3.9419636e+00  -1.3633999e+00   3.6749734e-01   1.5796243e+00   9.7225925e-01   2.6586774e-01   7.8545842e-02  -1.4904517e+00  -3.1463529e+00  -5.5096679e+00   2.8819279e+00  -3.9601977e+00  -5.5082638e-01   1.5568475e-01  -5.5607184e-01   2.5504626e-01   1.0863715e+00   2.4263691e-01
  -2.2234549e+00  -2.6312103e+01   5.3465338e+00  -1.5233319e+00   8.1752651e-02  -7.6303717e+00   2.1675102e-01  -1.0828782e+00   2.4366840e+00   1.7892149e+00   2.6025048e+00   3.3616976e-01  -2.0944114e+00  -3.1830299e+00  -2.5375548e+00  -5.6806710e+00  -4.1438667e-02  -4.9691950e+00  -1.8091905e-02  -1.1903910e+00  -9.2590658e-01   3.9929793e-01   3.5915501e-01   4.2970030e-01
  -3.1224267e+00  -2.5486534e+01   7.0469449e+00   8.6704271e-01   1.5538162e+00  -7.1266422e+00   2.8186738e+00  -1.1989346e+00   1.7955476e+00   2.5379652e+00   2.1084924e+00   3.6468894e-01  -3.0676110e+00  -2.0132965e+00  -1.0654236e+00  -5.9263497e+00  -2.1795426e-01  -2.2215433e+00  -2.4166135e+00  -1.6603983e-02   1.1083451e+00   3.6027060e-01   5.9794348e-02   2.3965115e-01
  -4.9479522e+00  -2.7888162e+01   4.9851291e+00  -1.6468969e+00  -3.0680412e+00  -7.3255030e+00   2.4101133e+00  -1.5494334e+00   8.8247832e-01   2.3969566e+00   1.4528401e+00   5.7541349e-01  -1.9697823e+00  -8.3421071e-02   4.3592688e-01  -2.1288275e+00  -2.4830908e+00   1.7745545e+00  -2.0919542e+00  -9.2022059e-01   3.1550014e-01  -1.0755274e+00  -1.0363614e+00  -1.5926597e-01
  -5.1518337e+00  -2.6623842e+01   5.8904997e+00  -4.0511591e+00  -2.1792327e+00  -7.0514360e+00  -7.7963774e-01  -1.1550283e+00   2.8071178e+00   1.8161594e+00   1.6367832e+00   5.0572260e-01  -5.5256028e-01   3.5550709e-01   1.0245042e+00   3.5473198e-01  -1.8198269e+00   3.1289296e+00  -4.0176392e-01  -5.7911475e-01  -3.4232093e-01  -1.1650202e+00  -8.4806576e-01  -4.4369202e-01
  -4.1634249e+00  -2.5868581e+01   6.5786468e+00  -2.2574721e+00  -1.7763592e+00  -5.0061430e+00  -1.1220245e+00  -2.4851623e+00   2.4041491e+00   5.3682664e-01   1.2838174e+00   2.6753973e-02  -5.8835838e-01   1.6256740e+00   3.6273282e+00   4.2836902e+00   5.4730006e-01   4.0981928e+00   1.8363293e+00  -9.5452862e-01   3.9955243e-01  -1.3796311e+00  -9.0379087e-01  -7.0175143e-01
  -4.3435308e+00  -2.5963065e+01   7.7869425e+00   1.7044283e+00  -1.8217653e+00  -3.5929278e+00   3.9820968e+00  -1.5997423e+00   5.2123076e-01   1.7205000e+00   9.2090511e-01  -2.6519333e-02  -1.5727827e+00   8.7530637e-02   1.3432729e+00   5.0471521e+00   2.3756504e+00   3.9919371e+00   2.8281551e+00  -3.2651450e+00  -1.1704466e+00  -4.8666519e-01  -8.7172419e-02   8.5561080e-03
  -6.2346412e+00  -2.5780040e+01   9.4779000e+00   1.9008446e+00  -2.4258248e+00  -2.9074679e+00   2.7837401e+00  -2.7588693e+00   2.6247505e+00   3.7533970e-01   4.5509278e-01  -2.1109269e-01  -2.7057444e+00  -1.8474002e+00   1.4761740e+00   3.9297403e+00   3.7897273e+00   2.1292604e+00   4.0464127e+00  -2.8690381e+00  -1.2745487e+00  -1.6954181e-01   8.9665497e-01   4.2521345e-01
  -6.4753996e+00  -2.6536817e+01   6.4557825e+00   1.4404107e+00   1.7089757e+00  -2.1128679e+00   1.5097127e+00  -5.9158922e+00   9.4114724e-01   1.1669051e+00   1.9203868e+00   6.3748009e-01  -2.6689827e+00  -2.9448272e+00   1.4060997e+00   2.8455587e+00   3.1165640e+00  -1.2227644e+00  -1.0855197e-03  -2.2704223e+00  -7.4344412e-01   9.4267208e-02   7.7442089e-01  -1.0454884e-01
  -7.1561072e+00  -2.8352805e+01   9.4584878e+00   3.7691472e+00   2.1428614e+00  -2.5522824e+00   6.1837866e+00  -4.6306444e+00   2.8236783e-01   5.5931137e-01   2.1290590e+00   3.3257444e-01  -2.0073272e+00  -4.4451243e+00  -4.5777222e-02   2.7674458e+00   2.1008586e+00  -1.5148600e+00  -8.5382361e-01   6.5782533e-01  -1.0373733e+00   8.1016834e-01   1.6948234e-02  -5.1522623e-01
  -7.8862720e+00  -2.9093923e+01   9.9057981e+00   5.0386151e+00   5.6873764e-01  -5.6046671e+00   2.2804453e+00  -4.0694881e+00   5.7725591e-01   1.7699149e+00   1.2455533e+00  -4.5517616e-01  -2.8130918e+00  -3.1498124e+00   3.4752214e+00   3.6752367e+00  -1.5338176e+00  -2.4220724e+00  -9.9907031e-01   3.3286219e+00  -1.1293899e-01  -3.0014531e-02  -1.2831769e+00  -9.8878204e-01
  -8.5401958e+00  -3.1169174e+01   7.6842263e+00   4.2529112e+00   1.2955821e+00  -3.4338583e+00   1.1176384e+00  -2.6953333e+00   1.2506362e+00   1.2890873e+00   8.1793188e-01  -4.3760392e-01  -2.1942977e+00  -1.6049515e+00   1.2350539e+00   1.4939309e+00  -5.0734281e-01  -1.4785237e+00  -4.1921951e+00   2.7301451e+00   1.3717196e+00  -1.0158075e+00  -8.2596901e-01  -5.5357767e-01
  -1.0002993e+01  -2.9853351e+01   1.2555745e+01   6.7113837e+00  -1.6811106e-01  -5.3051885e+00   2.5441813e+00  -1.8906149e+00   2.8760458e-01   7.5699532e-01   6.5118499e-01  -4.6060379e-01  -9.4823859e-01   2.9628557e-01  -1.9492974e+00  -1.9594280e+00   1.0166943e+00   1.4060244e+00  -6.4443979e-01   2.7161582e+00   1.6591008e+00  -2.8910664e+00  -2.0944679e-02   2.0981417e-01
  -9.3891932e+00  -3.0380518e+01   9.9860950e+00   5.1736593e+00   1.7502715e+00  -4.9198073e+00  -2.3637402e-01  -1.6248633e+00   2.4847730e+00  -4.5794014e-01   1.1872896e+00  -4.9507825e-01   1.5803842e-01   1.4672825e+00  -4.1524715e+00  -3.6686072e+00   9.8572525e-01   1.2397070e+00   1.4915698e+00   1.7242271e-01   7.3700469e-01  -1.0286205e+00   8.7145909e-01   2.2718675e-01
  -8.8841311e+00  -2.9043822e+01   5.8309176e+00   1.6390991e+00   1.8664344e+00  -2.7526560e+00   1.9907918e+00  -5.3048587e-01   2.4488387e+00  -1.6931710e+00   1.0294574e+00  -1.1171775e-01   1.2086392e+00  -6.8649279e-02  -4.9438474e+00  -4.9310898e+00   1.1022509e+00  -2.5490359e-01   1.6267785e+00  -1.5750198e+00  -1.0391686e+00   2.8657954e-01   1.4797390e+00   4.7774818e-01
  -8.8625691e+00  -2.9373014e+01   4.8179329e+00   1.2861427e+00   1.7568973e+00  -2.8505641e+00   3.6316879e+00  -3.1167638e+00   1.2755261e+00   9.7123970e-01   1.9359843e+00  -2.7126681e-01   4.2942880e-01   6.6912528e-01  -3.3807407e-01  -4.5567791e+00  -2.8624957e+00  -3.9259823e+00   1.7249741e+00  -3.2523009e-01  -2.9484025e+00   1.3599944e+00   1.1740650e+00   3.4919052e-01
  -8.4533463e+00  -3.0460077e+01   7.7240552e+00   1.2585073e+00   1.4819523e+00  -6.7221655e+00   3.0503182e+00  -3.5071944e+00  -6.6652489e-01   4.7227471e-01   2.4964462e+00   1.4411276e-01   1.2592347e+00   3.0736427e+00   3.5511900e+00  -1.2220648e+00  -2.9431128e+00  -4.9632549e+00  -2.0086134e+00   5.7812630e-01  -2.4765471e+00   7.9697596e-01   1.4019582e-01  -1.6621120e-01
  -8.9604424e+00  -2.8668703e+01   8.5324151e+00  -1.4712135e+00  -2.3512311e+00  -8.8240261e+00   1.8213239e+00  -6.2435420e-01  -3.8014894e-01   4.9932863e-01   2.2148928e+00  -9.9207729e-02   1.2366484e+00   2.7694894e+00   2.3993521e+00  -9.1762383e-01  -3.1255814e+00  -3.4336752e+00  -4.2951667e+00   8.6505921e-01  -1.8733739e+00  -1.3441069e+00  -1.2876357e+00   1.0061826e-01
  -6.9463424e+00  -2.4785514e+01   9.3004616e+00   1.1846800e+00  -4.9417059e-01  -7.2108073e+00  -1.1694635e-01  -9.0950122e-01  -4.3814442e-01  -2.6175153e-01   1.1002969e+00  -4.4706409e-01  -4.9099026e-01   6.8774649e-01  -1.7813006e+00   2.5233596e+00  -1.1944963e+00  -1.8101020e+00  -1.5236168e+00  -1.3680886e-01  -1.1808871e+00  -1.6074653e+00  -1.7518619e+00   3.6717408e-01
  -7.7610985e+00  -2.8056062e+01   7.6287579e+00  -5.3379390e-02  -1.9434134e+00  -7.7567559e+00  -1.2274299e+00  -3.1180216e+00  -1.6487250e+00  -6.7790747e-01   7.0260540e-01   1.7524900e-01  -1.5297939e+00  -2.1760159e+00  -4.2888814e+00   4.3544540e+00   3.9184219e+00  -3.0223116e-01   9.0788279e-01  -2.9290577e+00  -2.4754764e+00  -1.3369508e+00  -1.4303882e+00   5.2456753e-01
  -9.7895037e+00  -2.9734778e+01   5.5039329e+00   4.3346297e+00  -5.1370094e-01  -9.9709536e+00   2.2892699e+00  -2.4655740e+00  -1.8035675e+00  -1.3503053e+00   6.2479709e-01   5.5764552e-01  -2.9713344e+00  -2.5444907e+00  -3.6908594e+00   5.7769416e-01   1.4035571e+00  -3.3251931e+00   6.3609896e-01  -2.5715730e+00  -1.7690922e+00   6.9459085e-01  -7.2258622e-01   3.6085717e-01
  -9.8335527e+00  -2.9458095e+01   3.9973574e+00   3.4854926e+00   3.5361670e+00  -7.8972997e+00   1.9800399e+00  -4.2399044e+00  -3.4106521e+00  -9.6182065e-01   3.0706038e-01   1.8528876e-01  -2.7055930e+00  -7.1615402e-01   2.8476879e-01  -1.6029898e+00   2.1171762e+00  -3.1038923e+00  -1.1962324e+00  -2.8330702e+00   1.0678264e+00   1.3076817e+00  -1.3884335e-01  -1.0719005e-01
  -1.0367117e+01  -2.7901233e+01   5.5798728e+00   2.8178525e-01  -1.1286252e+00  -1.2128325e+01  -7.6653280e-01  -4.2059193e+00  -2.2108192e+00   9.2209134e-01   2.1419010e-01   8.9201784e-02  -1.1635708e+00  -1.0638141e+00   2.4713230e+00  -4.1562432e+00   2.2024363e+00   6.5903719e-01  -1.7862566e+00  -1.2089145e+00   2.9945064e+00  -4.2459370e-01   2.2390540e-01  -2.7487349e-01
  -1.1530681e+01  -3.0047065e+01   8.0179411e+00  -4.3144190e-01   1.5398130e+00  -1.1333909e+01  -1.4938772e+00  -6.4974542e+00   1.5664047e-01   1.4741673e-01   6.9964388e-01   2.4868579e-01  -2.9385049e-01  -1.8843374e+00   1.7031903e+00  -2.0247313e+00  -1.1223604e+00   4.6494469e-01   2.0324630e-01   1.9025115e+00   2.2473504e+00  -6.0524428e-01   6.8824352e-01   1.4163845e-01
  -1.0686296e+01  -3.1036014e+01   7.2006255e+00   5.8732181e-02   3.7881305e+00  -7.2640934e+00   1.3468435e+00  -3.1501709e+00   9.0454580e-01  -2.5418145e+00   7.6436345e-01   1.1363677e-01   1.0938885e+00  -1.4053744e+00   6.3403746e-01   9.5499085e-03  -1.4218989e+00   1.9978202e+00   2.7980368e+00   2.4152353e+00  -2.7928110e-01  -3.4253661e-01   1.1297852e+00   1.4338620e-02
  -1.0114739e+01  -3.0717211e+01   5.7417664e+00   5.5992216e-01  -6.0575136e-01  -9.6319986e+00   1.2282212e+00  -1.9140113e+00  -1.5973090e+00  -1.3773415e-01   1.0643390e+00   3.8552895e-01   1.7225737e+00   5.4393378e-01  -1.0653320e-01   1.5651987e+00  -1.2864542e+00   2.9431320e+00   2.3356291e+00   3.3764159e+00  -1.5952668e+00   2.0125101e+00   9.7355378e-01  -2.3386775e-01
  -9.4342553e+00  -2.9674222e+01   7.6690163e+00  -1.9957192e-01  -2.1886913e+00  -9.9825498e+00   2.0694732e+00  -2.8747879e+00  -1.7527661e+00   5.5086187e-01   1.7265204e+00   4.2288134e-02   3.4733114e-01   1.4822489e+00   2.0178081e+00   1.1185145e+00   7.1211807e-01   4.1247853e+00  -9.3819861e-01   2.6109760e+00   1.4590562e-01   3.3601748e+00   6.9188777e-01  -1.0503795e-01
  -9.5728409e+00  -2.9912060e+01   7.6239459e+00   2.0455081e+00   2.5985427e+00  -5.5599823e+00   1.6482517e+00  -1.5705218e+00  -9.0760371e-01   1.6198437e+00   1.6788961e+00  -6.6441514e-02  -8.3752011e-01   4.2094391e-01   1.5633815e+00  -6.0640365e-01   4.2674171e+00   6.8530040e+00  -6.6803799e-01   2.7951821e+00   1.1880390e+00   8.5300511e-01   5.0306285e-01  -1.9483181e-01
  -1.0436248e+01  -2.9215216e+01   9.2862478e+00   9.9371092e-01   3.2541606e+00  -3.1129235e+00  -2.7046965e-01   5.9454838e-01   7.7855162e-01   1.6196588e+00   1.4949165e+00   1.8206508e-01  -1.3719030e+00  -1.0144980e+00   2.4220221e+00   1.0977223e+00   1.8769702e+00   6.1073191e+00  -1.9328359e+00   4.1593247e+00   5.1464275e-01  -9.7495130e-01   4.4025645e-01  -1.4498910e-01
  -1.0870023e+01  -3.0315298e+01   7.2782229e+00  -9.4632474e-01   3.0739483e+00  -2.7873058e+00   1.3961356e+00   5.4409373e-01  -1.0809094e+00   6.0737506e-01   1.9347352e+00   2.3392768e-02  -1.5800496e-01  -1.0546415e+00   3.5548203e+00   1.6232947e+00  -1.6277887e+00   9.2366875e-01  -1.6438263e+00   2.2685036e+00   9.3237834e-01  -1.0843819e+00   4.8050863e-01  -2.8394617e-01
  -1.0843519e+01  -3.0994350e+01   1.1474911e+01   2.9429280e+00   3.8906115e-01  -2.2079095e+00  -7.0372261e-01   2.3068915e+00  -8.9414919e-01  -4.0533075e-01   2.2589855e+00  -2.2011266e-01   2.2175869e+00   6.3008108e-01   3.3389026e+00   4.7656907e+00  -4.8920136e-01  -1.3784192e+00  -1.2257815e+00  -9.7423313e-01   1.7463918e+00  -1.3172568e+00   1.0170083e-01  -2.7431782e-01
  -9.6062129e+00  -3.0604455e+01   1.1861845e+01   3.5058416e+00   1.5894094e+00  -4.6269862e+00  -6.0086127e-01   9.7606204e-01   1.3273142e+00   1.0057656e+00   2.0176246e+00  -2.9127191e-01   8.3516829e-01  -2.5919347e-01   2.3509615e+00   5.2894183e+00  -9.8247928e-01  -2.0681035e+00  -1.8675803e-01  -2.3276245e+00   3.3969979e+00  -6.5276364e-01  -3.1306535e-01   2.1371960e-01
  -7.7417725e+00  -2.8125516e+01   1.2002791e+01   5.9161638e+00   3.2626280e+00  -4.2607121e+00  -1.1106434e+00  -1.0827855e+00   2.1940276e+00  -5.5542168e-01   1.6060231e+00  -7.2079311e-02   2.0075595e-02   1.0580786e+00  -1.3471467e+00  -1.2147266e-01   1.5079197e-01  -2.4534165e+00   8.5122992e-01  -5.8512843e+00   8.9389485e-01   3.0505001e-01  -1.3127629e+00   4.1986732e-02
  -1.1168144e+01  -3.2138505e+01   1.0540725e+01   5.5011847e+00   1.6344595e-01  -4.8630598e+00   1.3194590e+00  -1.2525045e+00   2.4704991e+00  -2.9672494e-01   1.7916183e+00   2.6995549e-01  -2.1449527e+00  -4.0496559e-01   7.4563374e-01  -1.8992143e+00  -9.5809990e-01  -8.1815378e-01   3.4911433e+00  -3.8801850e+00  -8.6110198e-01  -2.7833086e-01  -9.5399987e-01  -3.4907114e-01
  -1.0032440e+01  -2.8640207e+01   1.0114751e+01   1.7630474e+00   1.3282308e+00  -5.7699975e+00  -3.8703785e-01  -5.3557517e+00  -1.2489939e-01   7.0348953e-01   4.0284422e-01  -4.3774626e-01  -4.9353986e-01   3.9461293e-01   2.6641681e+00  -1.2368099e+00  -1.8429106e+00   9.7361416e-01   3.1953246e+00  -2.1580569e+00  -1.8884575e+00   6.1244358e-01  -2.6886105e-02  -3.7925185e-01
  -1.1678308e+01  -3.0954558e+01   1.3924315e+01   2.7335783e+00   1.1194581e+00  -5.0995741e+00   4.2740508e+00  -2.7077323e+00   1.1951247e+00  -4.1186323e-02   1.1882142e+00  -6.3204515e-01   1.9917021e+00   1.8721247e+00   1.0840690e+00  -7.8160196e-03  -1.6395003e+00  -1.1145347e+00  -7.1839730e-01   8.2291910e-01  -1.3487224e+00   5.0563815e-01   6.4604571e-01  -5.1158371e-03
  -8.2270001e+00  -2.8125570e+01   1.4307248e+01   5.4447522e+00   2.0256073e-02  -2.6820337e+00   2.2050475e+00  -3.5922570e+00  -9.7153503e-04   2.3547438e-01   1.8673960e+00  -1.8995676e-01   1.0020237e+00  -7.6119921e-01  -5.5077878e-01  -8.0006495e-02  -3.8807346e+00  -1.9763817e+00  -2.5040110e+00   5.4395899e+00   2.2010014e+00  -1.0402713e+00   9.4074537e-01   4.9087085e-01
  -9.0833105e+00  -2.9587637e+01   1.0070580e+01   3.6486083e+00  -1.6418171e+00  -8.0788438e+00  -1.0541797e+00  -8.9987320e-01   3.8545161e-01   6.9573986e-01   2.0284110e+00   1.3838698e-01   4.9264286e-03  -1.8205274e+00  -3.4475511e+00  -2.7867057e+00  -3.9035195e+00  -1.9442113e+00  -2.0526908e+00   3.8598964e+00   2.8162067e+00  -5.7703373e-01  -1.6496259e-01   4.1061371e-01
  -9.8269033e+00  -3.0465466e+01   1.1215450e+01   1.1855227e+00  -3.1122334e+00  -7.2449352e+00  -1.4789390e+00   1.8997037e+00   3.5814393e+00  -1.2253805e+00   1.3938639e+00  -8.6656046e-02  -1.8770675e+00  -3.0553743e+00  -4.1105249e+00  -4.6550256e+00  -1.4574108e+00  -3.2305766e+00   5.5491439e-01   2.9083592e+00   1.7392214e+00  -1.1536460e+00  -3.9357847e-01   2.6074579e-01
  -1.0870967e+01  -3.2515401e+01   1.0298888e+01   6.8313455e-01  -3.1695764e+00  -5.7344403e+00   3.0370079e+00   3.3613193e-01   3.6282294e+00  -1.7630949e-01   1.1775364e+00  -6.7774944e-02  -2.0763722e-01   4.7030252e-01  -7.2299441e-01  -1.7857561e+00   6.5261875e-01   5.6430128e-01   3.4146207e+00  -1.2709138e+00   2.9445763e-01  -1.1348112e+00   5.0751627e-01   8.2643235e-02
  -1.0148773e+01  -3.1244750e+01   8.0273069e+00  -5.5049272e-02  -1.4019805e+00  -8.7001003e+00   9.9182534e-01   1.5227924e-01   9.8647166e-01  -1.0589699e+00   1.7024656e+00   3.0424289e-01  -4.5485295e-01   5.2274748e-01  -3.0814271e-01   2.3422972e+00   2.1095203e+00   1.7746482e+00   4.2384271e+00  -2.4825564e+00  -1.5417801e+00  -4.9615186e-01   9.6815575e-01   7.4080509e-02
  -9.2338314e+00  -2.8492542e+01   1.0580160e+01   1.5902601e+00  -1.5180154e+00  -6.5048093e+00   2.8323692e+00  -1.9325317e+00   2.1246219e+00  -1.0896823e+00   2.6353845e+00   6.6902366e-02   4.3964274e-01   2.5149207e+00   2.3111924e+00   3.7692723e+00   8.5661125e-01   1.8618875e+00  -1.8128320e+00  -1.5603064e+00  -2.6126521e+00  -1.4946499e+00   5.2423869e-01   2.8787219e-02
  -1.1327750e+01  -3.1692775e+01   1.0612600e+01   4.2454057e+00  -7.7373346e-01  -4.1977784e+00   4.9810209e+00  -6.8979905e-01   2.0205729e+00  -1.5129218e+00   2.1171734e+00  -4.2873938e-02   2.0615343e+00   1.9765991e+00   4.6087048e+00   3.7604666e+00  -1.1837750e+00   4.4630320e+00  -2.1827660e+00   1.6553541e-01  -1.8112651e+00  -8.8570656e-01  -5.3855297e-01  -1.3845374e-01
  -9.6220141e+00  -2.8519007e+01   1.2473030e+01   4.1868155e+00  -2.1987831e+00  -5.1927700e+00  -1.6768379e+00  -1.5832886e+00  -8.0779931e-01  -2.1913084e+00   1.7565405e+00   1.4896430e-01   1.9017623e+00  -1.4643490e+00   2.1057415e+00   1.5231171e+00  -1.6818078e+00   2.1189209e+00   7.5885597e-01  -6.9448198e-02  -1.7582945e+00   5.4716291e-01  -1.0593686e+00  -1.6104412e-01
  -6.8623804e+00  -2.8266618e+01   1.3993929e+01   4.2873730e+00  -2.8372592e+00  -2.6615721e+00  -2.7720139e-02   2.2596080e-01  -2.6421542e-01  -1.8367167e+00   1.3340582e+00   5.5531314e-02   1.3793052e+00  -2.4547117e+00   6.2701597e-01  -5.8576248e-01  -8.8147901e-02   2.5399506e-01   4.5783882e+00  -1.0779257e+00  -1.1344290e+00   2.0869393e+00  -8.0615306e-01  -2.3424402e-01
  -8.6138730e+00  -3.2402143e+01   1.2048108e+01   3.8539521e+00  -3.0089642e+00  -4.0945311e+00   6.4750237e+00  -2.4945839e+00   6.2957424e-01  -1.0704051e-01   1.4378893e+00  -2.2386644e-01  -9.8705940e-01  -3.9420780e+00  -2.2005589e+00  -9.9109685e-01   2.2135449e-01   8.9902243e-01   8.7015381e+00  -1.2797322e+00  -4.5062666e-01   2.2261452e+00  -2.3827324e-01  -3.5378810e-01
  -9.7628632e+00  -3.3433274e+01   1.1765585e+01   3.5331937e+00  -5.0086476e-01  -4.3659053e+00   7.7726725e+00  -1.8510399e+00  -3.9975737e-01   5.7535320e-01   1.0672694e+00  -2.0782459e-01  -1.4441357e+00  -1.1722675e+00  -2.7697362e+00   1.0455705e+00   7.7673753e-01  -1.3480074e+00   6.7840693e+00   5.9042013e-01  -1.6561747e+00  -1.1008426e-01  -1.2627825e-01  -1.5535425e-01
  -9.6523618e+00  -3.1848796e+01   1.0286364e+01   3.0772599e+00  -3.0349485e+00  -2.9920697e+00   7.4752729e+00  -2.4643865e+00  -1.4159683e+00  -5.8125514e-02   1.5325250e+00  -2.5003990e-01   9.3385911e-01   2.5771278e+00   1.0055680e-01  -2.5880618e-01   1.5642755e-01  -2.7588739e+00   4.4614935e+00   3.4621974e+00  -1.2221810e+00  -2.8704251e+00  -5.6867837e-01  -8.2900775e-02
  -8.5093395e+00  -3.0301693e+01   1.0720197e+01   6.2440748e+00  -1.6591607e+00  -5.2348138e+00   9.6482592e+00   1.0964923e+00  -1.7257063e+00  -2.0263006e+00   1.0973229e+00  -1.6441333e-01   1.2397444e+00   3.0236817e+00   1.1642060e+00  -2.9569427e+00  -3.2094028e+00  -4.5534440e+00  -1.8211731e-01   2.3827969e+00   9.4134418e-01  -1.9967189e+00   2.3551583e-01   2.9664225e-02
  -7.8398462e+00  -3.0102242e+01   1.2721637e+01   2.1103023e+00  -2.1951749e+00  -7.7983876e+00   1.2229471e+01   1.2249461e+00  -5.4072277e-01  -3.1118512e+00   5.6984497e-01  -3.6992324e-01   2.1039400e+00   2.7017057e+00   1.0483202e+00  -3.8918467e+00  -4.1995563e+00  -4.0160905e+00  -2.6290639e+00  -4.7269625e-01   2.7224335e+00   5.1864587e-01   5.3466264e-01   2.7062951e-01
  -8.8095044e+00  -2.9771029e+01   1.2294257e+01  -4.1874150e-01  -5.7348557e+00  -8.7929123e+00   5.1223977e+00  -1.2151084e-01   5.7463612e-01  -8.9286222e-01   1.9018832e+00  -1.0338659e-01   1.8909640e-01   2.5644397e+00   5.6182289e-01  -1.1494465e+00  -2.2336370e+00  -1.3222575e+00  -5.5591765e+00  -3.7731087e+00   3.0702206e+00   2.3749133e+00   1.2495202e+00   3.2082283e-01
  -6.3463694e+00  -2.8061570e+01   1.1071814e+01   5.7089795e-01  -7.2964354e+00  -7.2371562e+00   5.7946078e+00  -2.5644293e+00   1.5175107e+00   1.5312411e-01   1.9322389e+00   1.2539099e-01  -8.4141032e-02   7.1785309e-01  -3.2963201e+00   5.3897735e+00   1.7865856e+00   1.2720121e+00  -7.4307743e+00  -2.6256204e+00   1.7187097e+00   3.4075092e+00   1.6977482e+00   3.4490886e-01
  -8.9724333e+00  -2.7475370e+01   1.2387843e+01   5.2896072e+00  -2.4589859e+00  -7.4988158e+00   4.5269259e+00  -2.6684831e+00   1.8505080e+00  -9.6418241e-02   2.2904063e+00   6.9163795e-02   8.4385629e-01  -8.5539687e-01  -4.1999978e+00   6.7206752e+00   3.0306660e+00  -1.3377059e+00  -3.5198748e+00   5.4472919e-01   1.8472451e+00   2.2320892e+00   4.4039734e-01   1.0573119e-03
  -7.8845933e+00  -3.0173292e+01   7.7303638e+00   7.3407882e+00  -1.1532314e+00  -6.5374177e+00   1.3810450e+00  -1.4399984e+00   1.3994059e+00   1.6011905e+00   2.9222058e+00   6.1164861e-02   4.3041854e-01  -1.1878256e+00  -4.1653105e+00   4.2524522e+00   4.2062341e+00  -4.7395344e+00  -3.6336766e+00   2.7134418e+00   1.4073227e+00   8.7894236e-01  -6.3153609e-01   1.0283732e-01
  -6.7746080e+00  -2.9998263e+01   7.6649854e+00   6.2773261e+00  -4.2604587e+00  -1.1149340e+01   2.0493668e+00   1.3336746e-01   3.4045562e+00   1.7312384e+00   2.0674957e+00  -6.9687556e-02   2.0820832e+00   4.3925536e-01  -4.0821353e+00  -1.6254626e+00   1.3846565e+00  -3.6796012e+00   8.5415125e-01   1.6128933e+00   1.3136745e+00  -7.8849819e-01  -2.0472806e+00  -2.6444246e-01
  -6.7996542e+00  -2.8581862e+01   7.1852768e+00   6.4557167e+00  -8.6347899e-02  -1.2521195e+01   1.5828724e+00   1.0480815e-01   2.8514706e+00   5.5770934e-01   1.0963900e+00   3.4907266e-01   2.7499543e-01   1.3612694e+00  -1.3800812e+00  -4.0639237e+00   1.6401056e-01   1.4176871e-01   1.8460718e+00  -1.0889318e+00   4.5762866e-01  -2.3967775e+00  -1.9753827e+00  -1.6311498e-01
  -6.3917780e+00  -2.7612202e+01   6.5371833e+00   3.2939491e+00  -9.1544287e-01  -1.0026329e+01   5.7072391e+00  -1.0215463e+00   3.0949874e+00  -7.5742493e-01   1.3239332e-01  -4.7145379e-01  -1.6255743e+00  -1.5557766e+00   1.5582542e+00  -2.9105596e+00   2.1896054e+00   3.1525569e+00  -9.4297783e-02  -2.9871483e+00  -2.9453169e+00  -1.3149363e+00  -9.7629766e-01  -1.7880154e-02
  -7.6635151e+00  -2.9324418e+01   6.2241430e+00   2.7365911e+00  -2.5797234e+00  -6.8862705e+00   2.3212166e+00  -2.4959391e+00   2.2406333e+00  -7.4964414e-01   9.2668291e-01   1.7375508e-02  -2.5709168e+00  -3.0923248e+00   3.0839101e+00  -1.1859105e+00  -1.4382309e+00   2.8585306e+00  -1.3972384e+00   8.1423770e-01  -1.5968847e+00  -5.7644212e-01  -5.0452774e-02  -1.8582116e-01
  -8.7810390e+00  -3.1960649e+01   1.0482934e+01   3.7710495e+00   2.7063723e-01  -9.2379675e+00   1.5387480e+00  -3.0469813e+00  -7.0800043e-01   4.1251067e-01   6.8790281e-01   6.9340788e-02  -1.8918987e+00  -1.7211949e+00   4.6732952e+00   3.8995542e+00  -1.0930817e+00   1.0962175e+00  -2.3456701e+00   1.7364483e+00  -2.5665745e-01  -1.1398300e+00   5.4085341e-01   6.4319057e-02
  -9.4613990e+00  -3.1046125e+01   9.8382669e+00   4.4383007e+00  -2.8367344e+00  -8.6275802e+00   1.5712603e+00   2.3388822e+00   2.3576375e+00  -8.9192164e-01   7.4295610e-01  -2.0005637e-01  -1.1693731e+00   1.4143650e-01   3.7393740e+00   3.9588493e+00   1.1003290e+00  -8.0572252e-01   1.4403193e+00   1.4180958e+00   5.9989165e-01  -2.1057150e+00   6.0936877e-01  -1.8102352e-01
  -8.3306841e+00  -2.9333141e+01   1.1740064e+01   8.2924255e+00  -2.4265600e+00  -7.5113476e+00   2.5637120e+00  -8.3428450e-01   2.6514991e+00  -2.3960312e+00   1.0355368e+00  -2.6625927e-01  -1.7973817e+00   3.5257447e-01  -8.7678869e-01   2.1143500e+00   3.3159165e+00  -5.8854170e-01   2.6078526e+00  -5.6239930e-01  -6.8809890e-02  -1.4698228e+00   1.0177509e+00  -1.2178394e-01
  -9.6427523e+00  -3.0426018e+01   1.1204639e+01   6.4141771e+00   4.1936873e-01  -8.9581642e+00   3.9692135e+00  -1.4751438e+00   1.4607210e+00  -2.5039457e+00   1.6669190e+00  -8.6359745e-02  -1.8423125e+00  -1.8888654e+00  -3.2629882e+00  -9.3814434e-01   6.2621535e+00   2.3229786e-02  -1.0560185e-01  -4.1069060e+00  -2.2423840e+00   1.2602713e+00  -9.3317895e-02  -1.2074670e-01
  -1.1386435e+01  -3.1741841e+01   8.4845647e+00   5.9546364e+00   3.6164605e+00  -9.9554880e+00   4.2515504e+00  -1.9835672e+00  -3.6275703e-01  -9.8621158e-01   1.7525477e+00  -1.7018344e-01   4.0171230e-02  -1.5421956e+00  -2.7274397e+00  -1.6072630e+00   4.2327136e+00  -1.6439718e+00  -1.1776182e+00   9.1293954e-01  -1.4923609e+00   2.1548168e+00  -1.0119505e+00  -3.7755925e-01
  -1.0696992e+01  -3.2675073e+01   6.5715343e+00   4.1999788e+00   3.5349857e+00  -7.3706653e+00   5.6893839e-01  -3.2468355e+00   5.0118957e-01   2.9357554e-01   2.4447381e-01  -4.2921434e-01   1.0949560e+00   2.1691173e-01  -2.2420289e+00   3.2231524e-01  -5.5822039e-01  -4.1301401e-01  -6.6341682e-01   2.4993792e+00   1.5598418e+00   1.4616878e+00  -1.4876186e+00  -5.2010526e-01
  -7.7433072e+00  -3.0521907e+01   9.9654569e+00   6.9886302e+00   2.3647020e+00  -1.0771055e+01   2.4974223e+00   1.4209707e+00   8.9272348e-01  -5.6256660e-01   2.2883368e-01  -6.6117085e-01   4.0257237e-01   1.3065396e+00  -2.2947971e+00  -3.8645915e-01  -4.7941933e+00   1.3461540e+00   2.5013793e+00   1.8244719e+00   2.2178926e+00   1.9761291e-01  -4.2879635e-01  -2.0721444e-01
  -9.8218822e+00  -3.0710618e+01   7.1011491e+00   6.3806530e+00   2.0791740e-01  -9.1699019e+00   3.8511523e+00   5.7165598e-01   3.1727435e+00  -5.2323651e-01   1.9734822e-01  -6.2102392e-01  -5.6870745e-01   8.2268508e-01  -3.5448365e+00   2.7644566e-01  -1.7564711e+00   2.8669553e+00   6.1660037e+00   8.0419395e-01  -7.3501182e-01  -1.7272454e+00   4.3239878e-01   8.7390141e-03
  -1.1220131e+01  -3.0764259e+01   4.7775617e+00   4.2846105e+00  -1.9112954e+00  -7.0366388e+00   6.3625124e+00  -1.1561052e+00   1.6283049e+00  -2.8138618e-01   1.1329160e+00  -3.8510031e-01  -6.7125094e-01   5.6238973e-01  -3.9085911e+00   1.4268704e+00   2.9405724e+00   2.5023832e+00   2.5593864e+00  -1.0592519e+00  -1.6665846e+00  -2.3756366e+00   4.3383950e-01   5.2225220e-01
  -9.8116414e+00  -3.1319869e+01   3.8482271e+00   5.9666571e+00   3.0382777e+00  -4.9374403e+00   7.8853989e+00  -7.5200667e-01  -9.6911889e-01  -2.4378828e+00   4.4103081e-01  -5.5414109e-01   1.0403754e+00   1.4841370e-01  -1.2698550e+00   9.9416481e-01   2.1616014e+00  -1.8866790e+00  -1.9428532e+00  -7.0401695e-01  -2.2835798e+00  -2.6525648e+00   2.6376040e-01   5.1270133e-01
  -8.7553040e+00  -2.9373697e+01   5.7290312e+00   9.3359338e+00   5.3603805e+00  -9.1337108e+00   4.3193787e+00   4.9392406e-01   4.6377777e-01  -3.1686983e+00   7.5775164e-01   8.8766032e-02   1.9015973e+00   1.4980702e+00   2.5528874e+00   2.4093603e+00   1.4222273e+00  -2.4517725e+00  -6.4323656e+00   3.7459448e-02  -9.1899777e-01  -1.4783593e+00   4.3502919e-01   5.9091593e-01
  -9.4937328e+00  -3.1183279e+01   4.7206318e+00   5.3462386e+00  -1.8551841e-01  -1.0951384e+01   1.9584394e+00  -1.3093841e+00   3.2963743e-01  -3.0584276e+00   7.8057100e-01  -8.8905104e-02  -4.8986670e-02  -1.0373519e+00   1.6980438e+00  -5.4115563e-01  -6.5408284e-01  -1.7123214e+00  -4.3441500e+00  -8.1727465e-01  -2.0262741e+00   1.3082821e+00   1.2499694e+00   5.7096304e-01
  -8.5266898e+00  -2.8585449e+01   8.1706904e+00   8.2088602e+00   1.8339436e+00  -7.7073255e+00  -3.2255627e-01  -8.2122732e-01  -3.9956988e-01  -2.1886527e+00   1.6156897e+00   2.6865559e-01  -4.5175337e-01  -2.7574308e+00   4.9282173e-01  -2.3173476e+00   2.9240700e-01   1.3717157e+00   1.1588974e+00  -9.5811758e-01  -2.8382335e+00   1.8908782e+00   1.3749712e+00   3.8022168e-01
  -9.9994285e+00  -3.3270020e+01   5.1744632e+00   5.7184605e+00   3.8203718e+00  -8.2191151e+00   3.6901414e+00  -1.3203430e+00  -3.5768561e+00  -9.6548245e-01   1.8870159e+00   2.1235869e-01   7.0635154e-02  -1.8180336e+00   3.9620335e-01   5.9954851e-01   1.4683231e+00   9.9953245e-03   3.2049389e+00   1.7018902e+00  -5.3132254e-01   2.0013997e+00   6.4270564e-01   1.4019296e-01
  -9.1800863e+00  -3.2466472e+01   6.2413481e+00   5.6738016e+00   3.7960458e+00  -8.4422719e+00   5.1918737e+00  -9.3777287e-01  -1.8403256e+00  -1.3788537e+00   2.2669860e+00   5.0846666e-01   1.8187335e-01  -2.6609078e+00  -1.9088611e+00  -1.6106045e+00  -1.6592476e+00  -4.6111353e+00   3.8211919e+00   1.8282511e+00   1.9038916e+00   1.0193585e+00  -3.0064066e-01  -3.3470271e-01
  -9.0610819e+00  -3.1969818e+01   6.2796080e+00   7.5130907e+00   1.0359151e+00  -1.0568918e+01   4.0086328e+00   1.3017239e+00   2.5303149e-01  -4.6122764e-01   1.4189813e+00   1.4787990e-03   2.5423698e-01   1.0054524e+00   1.2491578e-01  -1.1975475e-01  -3.2962484e+00  -3.4110352e+00  -1.6803636e+00   1.0888637e+00   3.1097524e+00   2.7580737e-02  -5.1649827e-01  -2.7029323e-01
  -8.7230531e+00  -3.3226912e+01   4.7548264e+00   4.8956384e+00   7.3730067e-01  -1.3449127e+01   5.2499858e+00   6.1011588e-01   5.4132370e-01  -9.1174237e-01   1.3987460e+00  -1.2795852e-01  -6.5342147e-01   1.0512600e+00  -2.6330244e-01   5.5721860e-01  -2.9475673e+00  -8.6282822e-01  -1.4147477e+00  -2.2817475e+00   1.7628475e+00   1.1181259e+00   1.0745950e-01  -5.8869393e-01
  -9.8465896e+00  -3.1381621e+01   6.1050977e+00   5.9279099e+00   4.0537180e-01  -1.0832240e+01   1.1405399e+00  -4.6099172e-01  -1.0305226e-01  -1.1576670e+00   1.5463885e+00   1.2513143e-01  -5.9902935e-01   1.0996933e+00   1.4080348e+00   5.0921271e-01   1.7140185e+00   9.8003654e-01   6.0623659e-01  -3.6144284e+00   1.0380967e+00   1.5056995e+00   3.7110857e-01  -3.3703913e-01
  -9.7674646e+00  -3.1183680e+01   5.9336496e+00   7.3022198e+00  -3.1003349e-01  -9.6048531e+00   4.5037987e+00  -3.4790362e+00   9.8198758e-01   6.4655491e-01   2.3644716e+00  -4.3640055e-01  -1.7661091e-01   1.7385591e+00   2.1421020e+00   1.5465370e+00   4.9839637e+00   2.1368005e+00  -4.0216543e-02  -3.2243964e-01   6.7369812e-01   1.9286272e-01  -2.6397744e-01  -2.5235921e-01
  -9.4374201e+00  -3.1341894e+01   7.8022486e+00   7.0736190e+00   4.1306099e+00  -1.1021000e+01   5.2910812e+00  -2.0753426e+00   1.5898446e+00   1.0181730e+00   1.4927813e+00  -3.4985888e-01  -3.4103456e-01   5.3011837e-01   1.2520741e+00  -1.0471228e+00   2.7059948e+00   1.8188160e+00   1.3176348e+00   3.3213872e+00  -1.6234211e+00  -2.2317739e-01  -1.2343600e+00  -5.0324666e-02
  -9.1925542e+00  -3.0638937e+01   7.1194040e+00   6.6425893e+00   6.3506272e+00  -1.0149546e+01   3.1143903e+00   9.3363187e-01   7.0542245e-01  -1.7103683e+00   1.0295834e+00  -2.6900218e-01  -1.5499735e+00  -7.4377900e-01   5.2058866e-01  -1.0853787e+00  -6.5203013e-01   1.3478722e+00   2.1148072e+00   1.4986158e+00  -4.3166542e+00  -1.0630873e+00  -2.0060052e+00   4.2382213e-01
  -1.0645597e+01  -3.0858815e+01   7.3903317e+00   4.6870410e+00   1.1340337e+00  -7.8316698e+00   3.8116964e+00   2.3147550e+00  -2.3999014e+00  -3.1397149e-01   3.6229257e-01  -3.4054751e-02  -1.2384267e+00   8.9475541e-01  -5.6238440e-01   2.6831586e+00  -3.7309615e+00   1.1725269e+00   2.2241474e+00  -2.1968553e+00  -2.9216010e+00   4.6769817e-01  -7.0929155e-01   1.5418885e-01
  -1.1488337e+01  -3.2540888e+01   6.9204910e+00   6.8674408e+00   2.1020940e-01  -9.1777100e+00   8.4157018e+00  -3.4261614e+00  -3.4981207e+00  -2.8200372e-01  -7.9291708e-02   4.1430580e-02   1.4267743e+00   4.7558173e+00   1.2102162e+00   4.3941955e+00  -5.2797618e+00   3.2171271e-01   1.2335677e+00  -1.9844046e+00  -2.0809768e-01   9.2250435e-01   2.9967844e-01  -9.4941305e-02
  -1.0147169e+01  -2.9048786e+01   7.0581285e+00   1.0985931e+01   1.6043765e+00  -9.7481279e+00   5.9766467e+00  -3.1907290e+00  -6.9078532e-01   1.0055380e+00   9.8328157e-01  -2.7379198e-01   3.4496266e-01   1.6654765e+00  -9.1873009e-01   1.1789008e+00   7.7158962e-01  -3.2494837e+00  -4.8076264e-01  -2.4887142e+00   3.3813631e+00   1.3647476e+00   1.8014871e+00  -3.2229274e-01
  -7.3016065e+00  -2.4410226e+01   9.1008299e+00   1.0084437e+01  -1.8041869e+00  -8.7087481e+00   3.8822668e+00   7.0976699e-01  -4.6128209e-01  -9.8636650e-01   1.1686066e+00  -2.9154552e-01   1.4386219e+00   6.1692545e-01   4.0986584e-01  -2.5131839e+00   3.0850399e+00  -1.7378838e+00  -7.2878231e-01  -8.3892507e-01   3.1897688e+00   1.1534951e+00   1.9002707e+00  -2.5636590e-01
  -1.2221518e+01  -3.2425931e+01   4.9220671e+00   4.8468939e+00   3.2986162e+00  -1.2940376e+01   5.3572699e+00  -3.4862805e+00   1.1537240e+00   2.0853313e+00   2.4405741e+00  -3.5100581e-01   7.4562771e-01  -2.6518594e+00  -1.3466945e-01  -3.7536994e+00   3.3102149e+00   2.0820757e+00   7.6120125e-01  -3.5126628e-01   8.9598572e-01  -1.5087668e+00  -2.1223480e-01   1.4659063e-01
  -8.2932294e+00  -2.9926927e+01   8.6033205e+00   6.1671837e+00   3.9906493e+00  -1.0188411e+01   7.6322167e+00  -4.5367732e+00   3.6427790e-01   9.0834233e-01   2.0424681e+00  -3.0451135e-01  -4.3645924e-01  -2.9863661e+00   2.0622346e-01  -1.2680525e+00   3.7087721e+00   1.5659714e+00   6.5763651e-02  -8.2034271e-01   1.0092288e+00  -7.6875066e-01  -9.8578794e-01   1.2185838e-01
  -8.5329160e+00  -3.0268224e+01   7.1048790e+00   7.3140090e+00   3.6722808e+00  -5.8851827e+00   5.2434736e+00  -1.0943583e+00   2.4041327e-01  -2.2049666e+00   2.2799861e-01  -4.7423118e-02   1.8384626e+00   2.5132473e+00   3.9319995e+00   8.4936806e-01  -1.1804196e+00   1.0974044e+00  -2.1030527e-01   2.8492022e+00   4.2386479e-02  -1.9526584e+00  -1.7638449e+00   6.8793531e-02
  -9.8005961e+00  -2.9968629e+01   8.3187591e+00   6.9488011e+00   3.5721390e+00  -9.8873878e+00   4.0378105e+00  -1.7167082e+00   1.5092165e+00   5.6564724e-03   7.9621240e-01  -2.6054930e-01  -2.3370853e+00  -1.0070130e+00   1.1975248e+00   1.4331863e+00  -2.7590529e+00  -5.3006906e+00  -9.4770313e-01   3.0844770e+00   1.0108036e+00  -1.1773512e+00  -1.5904474e+00  -4.7852908e-02
  -8.7101404e+00  -2.8635209e+01   1.0962347e+01   5.7301373e+00   1.7372420e+00  -1.1444782e+01   6.8390152e+00  -6.2250975e-01   6.4483444e-01  -3.9231339e-01   4.1793455e-01  -2.6979654e-01  -2.2345541e+00  -1.0461283e+00   1.0055517e+00   1.8508329e+00  -1.4756583e+00  -6.9488277e+00   1.0315951e-01  -1.0025520e+00   2.0381896e-01   1.8736144e-01   2.7231569e-01   7.8675159e-02
  -1.1710245e+01  -3.2253954e+01   8.4708737e+00   9.1088990e+00   8.1958937e-01  -1.5359648e+01   5.4128912e+00  -1.4598194e-01   1.6782727e+00  -1.7640112e+00  -4.3817098e-01  -2.6510400e-01  -9.9525733e-01  -1.7176366e+00   1.2480782e-01   1.8855635e+00   1.8042216e+00  -4.2693386e+00  -6.2401417e-02  -1.2511080e+00  -2.3369799e+00  -1.4996364e+00   7.6464657e-01   2.0580483e-01
  -1.0929923e+01  -3.0694754e+01   8.5371492e+00   9.0102093e+00   2.8350682e+00  -1.3572294e+01   4.7106724e+00  -3.3835494e+00   4.6161361e-01  -1.0390907e+00   1.2536638e+00   7.2866974e-02  -2.4630632e-01   2.6812725e-01   4.2899904e-02   1.3825926e+00   1.1665990e+00  -1.1377341e+00  -1.2544334e+00   2.8893862e-01  -3.3498776e+00   6.1669299e-01   1.0122704e+00  -8.7659365e-02
  -1.0183591e+01  -3.1515311e+01   9.7185698e+00   8.1371104e+00   5.7295584e+00  -1.5227639e+01   5.0083797e+00  -2.2128504e+00  -1.9046430e+00  -1.9204095e+00   1.5253176e+00  -1.2317380e-01   1.6103808e+00   2.7247584e+00   1.8805616e+00  -9.0381768e-01  -7.0681780e-01   1.5347356e+00   4.0475185e-01   4.7848836e-01  -2.4071820e+00   1.1849411e+00   7.3525775e-01  -1.3199307e-01
  -9.8429270e+00  -2.8602340e+01   1.0402849e+01   8.2899206e+00   1.0321560e+00  -1.3217387e+01   5.1596209e+00   8.4433244e-01  -2.5885242e+00   6.1092528e-01   9.5459582e-01  -4.7225069e-01   7.2797337e-01   2.4032727e-01  -5.6289407e-02  -1.1307173e+00  -1.9367839e+00   2.1129770e+00   5.2043040e-01   8.0520262e-01   1.2814979e+00   7.0113463e-01   1.0754067e-01  -2.9146011e-01
  -9.8381719e+00  -2.9213024e+01   1.0358866e+01   8.1133169e+00   6.6081877e-01  -1.3234998e+01   5.7955448e+00  -1.5421903e+00  -4.0743147e-01  -8.1160743e-01   8.1424966e-01  -1.9053478e-01   1.3293765e+00  -9.9808276e-02  -2.2106027e+00  -4.2022723e-01  -1.7406923e+00   1.6194493e+00   2.7351111e+00  -5.8361647e-01   3.2207436e+00  -1.4589413e-01   5.8277716e-01  -9.0434036e-02
  -1.0010672e+01  -3.1485407e+01   8.1325669e+00   7.3260301e+00   2.4642621e+00  -1.1399149e+01   5.0977355e+00  -2.5110755e+00   1.6352546e+00  -5.4178979e-01   1.7705088e+00  -3.3064270e-01   3.8582347e-01  -1.8044962e+00  -2.1388361e+00  -1.4412795e+00   2.8231971e+00   1.7756686e-02   3.2779685e+00  -5.8314122e-01   1.0875207e+00  -2.0105254e+00   6.8464201e-01   2.9629048e-02
  -8.1056536e+00  -3.0223490e+01   7.5378068e+00   7.9887148e+00   2.4024669e+00  -1.3707584e+01   9.1419890e+00  -1.4105712e+00   8.1458302e-01  -1.5628932e+00   1.9915268e+00  -3.2962885e-01  -5.2973885e-01   3.4763189e-01  -1.6664583e+00  -1.2618667e+00   1.7874092e+00  -5.3961420e-01  -1.4995050e+00   2.3057230e+00  -1.6574561e+00  -3.3675562e-01  -6.3131567e-02   2.1845890e-01
  -1.0130451e+01  -3.0803851e+01   8.6051245e+00   6.1903023e+00   4.3961276e+00  -1.2954459e+01   8.4033515e+00  -9.6188942e-02  -1.5682504e+00  -2.0292199e+00   1.3929203e+00  -3.5826008e-01   2.1689705e+00   3.5311956e+00  -5.1128931e-01  -5.1503438e-01   2.2976821e+00  -3.2344100e-01  -3.2857942e+00   2.3053693e+00  -2.4303684e-01  -7.0344463e-01  -1.1297329e+00   1.6279215e-01
  -1.0572891e+01  -2.9032354e+01   7.6228999e+00   6.7883807e+00   2.3759998e+00  -1.3266765e+01   1.8934793e+00   7.0895097e-01  -1.2918631e+00  -5.7302579e-01   9.0834659e-01   1.5096227e-01   1.1694184e+00   1.2849569e+00   1.1315501e+00   1.5801907e+00   3.1488023e+00   5.7288215e-01  -5.6306188e+00   7.0034551e-01   2.4876890e+00   8.1029287e-01  -1.3693366e+00  -2.3132341e-01
  -5.5235978e+00  -2.6784182e+01   7.3230863e+00   7.1536455e+00   5.9240187e+00  -1.2104721e+01   3.7932990e+00  -1.1278268e-01   2.3239224e+00  -2.0918904e+00   6.1749953e-01  -3.2675003e-01   1.5429851e+00   6.1509839e-01   2.6589099e+00   2.6799746e+00   2.0332205e+00   1.0268431e+00  -2.9423665e+00  -1.5703663e+00   2.2788466e+00   1.2473044e+00  -7.6769771e-01  -2.6797604e-01
  -8.6549525e+00  -3.0305889e+01   9.8761510e+00   9.8773292e+00   6.3617248e+00  -1.3273130e+01   3.0010870e+00  -3.5175606e-01   2.6000302e+00  -3.1611861e-01   3.2523235e-01  -6.9236899e-01   6.5739168e-01   7.0404932e-01   1.6793490e+00  -7.9884766e-01   1.0331002e+00   9.8878739e-01   2.8992124e+00   7.0102528e-01  -2.3462749e-02   5.8546455e-01  -9.1717431e-01  -2.4491862e-01
  -8.7749424e+00  -2.9244436e+01   1.1466864e+01   8.6657899e+00   5.4530958e+00  -1.1411012e+01   3.4359979e+00  -1.9213849e+00  -9.5927164e-02  -2.8671692e-01   5.3293081e-01  -3.3855851e-01  -8.4205427e-01   1.5738583e+00   1.7505066e+00  -1.6448133e+00  -3.0908321e+00  -1.3987926e+00   1.3087555e-02   1.6198739e+00  -2.7780291e+00   1.2475844e+00  -2.2195606e-01   6.0048692e-02
  -7.9611310e+00  -2.6746153e+01   8.0700347e+00   4.8340370e+00   4.1611116e+00  -1.2130438e+01   6.4209484e+00   2.6647900e+00  -1.1713244e-01  -5.9741570e-01  -4.2513051e-01  -2.1051142e-01   8.2664719e-01   1.6427846e+00  -1.0540049e+00  -1.7736492e+00  -3.7573917e+00  -1.4550111e+00  -1.4722129e-01   8.1200397e-01  -3.1967920e+00  -4.5269450e-01   1.3130380e+00   3.3057793e-01
  -7.1335900e+00  -2.6203263e+01   1.0851904e+01   7.2080717e+00   2.3880772e+00  -1.4774256e+01   2.1029996e+00   8.0875517e-01  -4.8453985e-01  -7.9865214e-02   6.5974687e-01  -4.7760578e-01   1.9335182e-01  -1.4257194e-01  -1.5549932e+00   1.2875094e+00  -3.1534887e+00  -2.0841722e+00   2.3071432e+00  -7.3504757e-01  -1.2189514e+00  -5.5542968e-01   1.1154817e+00  -1.2286173e-01
  -8.2356580e+00  -2.9362299e+01   8.6026235e+00   7.9457145e+00   2.2581466e+00  -1.3774025e+01   3.4467542e+00  -4.9882013e-01  -2.0008515e+00  -1.0985862e+00   2.2313814e+00  -1.2697845e-01  -1.1735136e+00  -2.5960470e+00   7.2521592e-01   2.1970717e+00  -5.6174373e-01   2.5405280e-01   9.2638004e-01  -3.0389846e+00  -1.2706394e+00  -1.5900340e+00   7.7472147e-01  -1.9194983e-01
  -8.3476512e+00  -2.8150221e+01   8.8680797e+00   9.0412153e+00   1.6743452e+00  -1.3715476e+01   8.3838099e+00  -1.4421512e+00  -9.8249471e-01  -8.6927619e-01   8.7789735e-01  -5.6461759e-01   2.7100384e-01  -5.7319020e-01  -6.8073388e-01   3.9699551e-01   1.8355331e+00   2.1987645e+00   5.8041539e-02   9.3097332e-01   3.9129825e-01  -9.7553632e-01  -7.5221184e-01  -3.2291821e-02
  -9.1143709e+00  -2.9666744e+01   1.0149771e+01   7.2130727e+00   3.6753620e+00  -1.2278748e+01   4.6701133e+00  -7.6823378e-01  -1.7741141e+00  -2.5877612e+00   6.2787646e-01  -4.5493026e-01  -6.3991190e-01   3.8648166e-01  -1.3294045e+00   9.5199665e-01   3.8084540e+00  -4.0036666e-01  -2.7299939e+00   2.5271516e+00   1.7323603e+00   2.6704562e-01  -9.8533010e-01   2.2133626e-03
  -6.2877278e+00  -2.6910825e+01   9.0572298e+00   8.1698858e+00   4.4327691e+00  -1.2223747e+01   1.5783823e+00   2.3399220e+00  -1.0961157e-02  -7.9858221e-01   3.3318157e-01  -3.6206760e-01  -1.5720720e+00  -1.3566650e+00  -3.6416735e+00   6.6348690e-01   2.6429509e+00  -1.5055184e+00  -2.8797439e+00   2.0187727e+00   7.5918076e-04   6.3024784e-01  -7.1491104e-01   5.1512931e-02
  -1.0225488e+01  -2.9402274e+01   6.5139416e+00   9.8093742e+00   6.5916157e+00  -1.5120440e+01   2.7544771e+00   1.4008706e+00   1.1192215e-01  -7.3336478e-01   1.0257441e+00  -2.2493340e-01  -7.0552795e-01  -7.8015928e-01  -3.0415940e+00   9.1114059e-01  -4.4090969e-01  -3.4266870e+00   1.3218999e+00  -5.4061381e-01  -1.1174022e+00   1.4717068e+00  -9.8844903e-01   1.2877186e-01
  -1.0150201e+01  -3.0317453e+01   5.2234840e+00   8.7382949e+00   4.1806448e+00  -1.4552909e+01   5.0220122e+00   5.0145569e-01  -1.9243741e+00  -8.5110264e-01  -3.9340304e-01  -6.0234662e-01  -1.7720524e+00  -3.2548205e+00  -2.8110829e+00  -1.5175546e+00  -2.4294750e+00  -2.3876403e-01   3.4149830e+00  -4.6091977e+00  -1.5120125e+00   6.7441073e-01   3.1959660e-01   1.9800570e-01
  -8.2414263e+00  -2.9133669e+01   7.5042528e+00   8.2955791e+00   3.1400597e+00  -1.6254198e+01   4.9311483e+00  -6.5992135e-01  -2.4935110e+00  -3.5394076e-01  -4.9150477e-01  -1.4163297e-01   7.5348468e-01  -1.5390703e+00  -1.6952097e+00  -3.3794854e+00  -5.7017414e+00   2.3739846e+00  -4.0101364e-01  -3.4658380e+00   1.2331023e+00  -6.7198107e-01   7.0683146e-01   1.3666865e-01
  -9.9378370e+00  -3.1927358e+01   4.3454498e+00   6.6504515e+00   2.5143347e+00  -1.2015014e+01   5.6125212e+00  -3.5434786e+00  -9.7626332e-01   2.3321876e-02   1.5712009e+00  -1.0670927e-01   1.8740013e+00   7.5447331e-01   4.1609399e-01  -1.5913343e+00  -2.5968031e+00   3.1760675e+00  -4.2099148e+00   1.3355180e+00   2.8764534e+00  -1.7488337e+00   1.3235491e+00   3.0171025e-01
  -9.2014424e+00  -3.0905927e+01   4.4101441e+00   5.7840678e+00  -1.1278414e+00  -1.2828410e+01   1.8577021e+00  -1.7754192e+00   1.4875202e+00  -2.1785486e+00   1.1036893e+00  -2.6774911e-01   5.4392965e-01   6.1177988e-01   1.6494146e+00   4.1445300e-01  -1.1119825e+00   2.7237794e+00  -9.9627889e-01   3.1355654e+00   2.0346335e+00  -1.6070728e+00   7.0037958e-01   5.1487662e-02
  -6.8591908e+00  -2.8299614e+01   7.3946794e+00   7.6070492e+00   2.4193907e+00  -1.1501701e+01   2.4386315e-01   3.0624817e+00   3.9979040e-01  -2.5620492e+00   7.9432362e-01  -8.6723187e-02   9.6810553e-01   3.4401019e+00   4.5319541e+00   1.8146791e+00   1.8060582e+00  -1.2459932e+00   3.0578789e+00   3.7801387e+00   8.6648823e-01  -7.7558108e-01  -8.3912109e-01  -5.8934505e-02
  -8.9648549e+00  -3.0029871e+01   8.4537599e+00   8.4389597e+00   1.5195579e+00  -1.2425185e+01   6.1210590e+00   7.4044662e-01  -1.2958753e-01  -1.4718645e+00   9.4750325e-01  -7.4394516e-02  -1.6322244e+00   9.2423871e-01   2.7480447e+00   1.2789237e+00   3.0294340e+00  -2.5383651e-01   3.8551426e+00   1.7276679e+00  -2.0770650e-01   1.6140313e+00  -1.1547516e-02   8.5791680e-02
  -8.6039725e+00  -2.7205233e+01   9.1215731e+00   8.0450242e+00   3.8997224e+00  -1.4085616e+01   8.0676612e+00   8.6879654e-01   1.1320229e+00  -1.4933918e+00   3.9061233e-01  -2.9178832e-01  -2.5326630e+00  -1.1108283e+00  -9.8707071e-01  -2.2561967e-01   8.0455069e-01   6.7825743e-01   9.8064061e-01  -1.7123005e+00   7.9297201e-01   7.3272573e-01   5.4948297e-01   1.4979367e-02
  -1.0777388e+01  -3.0066759e+01   7.6687644e+00   7.4834658e+00   2.6761438e+00  -1.1917208e+01   3.7285171e+00   1.9129253e+00   8.0984421e-01  -2.9183043e-01   1.2882237e+00  -3.6529019e-02  -1.4841429e+00  -2.1893927e+00  -3.2047440e+00   3.7845673e-01   2.0536752e+00   2.3096297e+00  -2.3099627e+00  -6.7623414e-01  -5.6449558e-01  -9.4943493e-01   3.6100688e-02  -9.7402875e-02
  -9.7519187e+00  -2.9947413e+01   6.3065711e+00   7.7463666e+00   3.0479238e+00  -1.0738304e+01   2.9110950e+00  -9.2208410e-02   1.1195325e+00  -2.0529776e+00   1.4481878e+00  -8.3186884e-02  -7.2112224e-01  -2.4567243e+00  -2.9471252e+00  -3.1417331e-01   2.8063036e+00   1.6449245e+00  -5.6889536e-01  -2.5978090e-01  -1.4462140e+00  -7.4188622e-01   4.1983366e-01  -4.8010216e-01
  -1.0617096e+01  -3.1942871e+01   5.0541449e+00   9.1559736e+00   5.0259700e+00  -1.0634397e+01   5.2343979e+00   2.0659789e-01  -9.7008573e-01  -2.6162240e+00   4.7286653e-01  -3.2479955e-01   1.2365407e+00   8.4900671e-01   2.7125619e-01   2.6953311e-01   8.4974016e-01  -3.9774809e+00   3.2978069e+00   1.3956257e-01  -1.7075728e+00  -6.7659372e-01   4.1207107e-02  -5.8118497e-01
  -9.7658018e+00  -2.9952264e+01   6.0081950e+00   6.7375103e+00   6.9342646e+00  -1.2259635e+01   6.4613777e+00   1.3322889e+00  -1.4733308e-01  -1.4440244e+00   1.4280414e+00  -8.6780630e-01   2.0554317e+00   3.7921546e+00   2.6557182e+00   1.1007461e+00  -2.3850415e+00  -5.4010217e+00   2.3258847e+00   1.8278318e+00  -6.8596731e-01  -5.2103197e-03   2.4505055e-01  -1.2587880e-01
  -8.9156355e+00  -2.8790824e+01   8.2248367e+00   8.3921936e+00   2.0075836e+00  -1.7122764e+01   6.9000860e+00   1.4100205e+00  -1.1180822e+00  -1.6111976e+00   1.3601076e+00  -5.1599676e-01   3.1637880e+00   5.5923533e+00   4.3879724e+00  -7.6851694e-01  -4.7546845e+00  -1.7993474e+00   9.3626238e-01   1.8425950e+00   1.6331499e+00  -5.4824464e-01  -3.1485017e-01   2.6656341e-01
  -7.5195015e+00  -2.5835204e+01   8.7048025e+00   9.7793757e+00   9.7955464e-01  -1.5595653e+01   5.5670780e+00   2.0478280e+00   1.6457982e-01  -2.5633063e+00   1.3721431e+00  -1.7640648e-01   2.8539023e-01   1.6389932e-02   1.2237667e+00   4.5269816e-01  -3.3331072e+00   3.5317262e+00  -3.9377183e-01  -1.9127189e+00   2.5705782e-01   4.2204890e-02  -8.0405134e-01   7.3154753e-01
  -6.9945644e+00  -2.5612871e+01   1.0287800e+01   6.4822655e+00   8.7129815e-01  -1.1665409e+01   7.0859414e+00   2.6127208e+00   1.3236827e+00  -2.8789500e+00   2.8540405e-02  -2.7065434e-01  -1.3113949e+00  -3.4435101e+00  -2.3657841e-02   1.3758588e+00   1.4973896e+00   6.5265580e+00  -1.8214257e+00  -5.4306927e+00   1.6485121e+00   2.5710217e+00  -2.6307852e-01   6.6944829e-01
  -1.0298252e+01  -3.1516656e+01   6.8123635e+00   8.3715216e+00   2.5027465e+00  -9.6907230e+00   5.7777923e+00  -2.1381397e+00  -9.8262883e-01  -7.4684089e-01   8.8774799e-01   1.0684378e-01  -1.1735389e+00  -3.8913386e+00  -1.2262181e+00  -6.1323945e-02   2.0949552e+00   3.4240225e+00  -3.4885378e-01  -4.3616838e+00   9.7423827e-01   2.8214973e+00  -4.3139471e-01   4.0400327e-01
  -9.4933526e+00  -3.1115363e+01   9.1355694e+00   1.1159909e+01   3.4920721e+00  -1.0285392e+01   4.0625904e+00  -4.6430348e+00   1.9282903e+00   1.3371023e+00   1.2076874e+00   3.4655054e-01  -4.1216178e-01  -3.8993966e-01  -2.3618944e+00   2.9634466e-01   1.7914145e+00   2.6765502e-01  -1.5610172e+00  -1.5357491e+00  -9.5993857e-01   3.0040385e+00   3.6710007e-01   4.8196336e-02
  -8.0304158e+00  -2.8920966e+01   7.4415906e+00   7.3485681e+00   2.8116004e+00  -1.1149628e+01   6.5554728e+00  -8.6681985e-01   1.3236334e+00  -4.3908652e-01   1.3547759e-01   1.2099599e-01   7.6339413e-01   3.5397694e+00   2.3423086e+00  -3.8099881e-01   3.2128912e-01  -1.9145920e+00  -3.0773592e+00   3.0694732e+00   2.0190948e+00   2.0868526e+00   1.9888503e-01  -3.1983804e-01
  -8.7467252e+00  -2.7495625e+01   6.4303447e+00   7.4382592e+00   3.4039929e+00  -1.0534474e+01   4.3555753e+00  -3.2656280e-01  -1.2693563e+00   1.4732305e+00   9.5532571e-01  -2.0543594e-01   7.1831511e-01   1.7369782e+00   1.1972779e+00   8.1252977e-01   7.8144608e-01  -4.3198165e-01  -2.2384583e+00   1.3953257e+00   2.4786557e+00  -2.8260719e-01   3.2554907e-01   1.0301284e-01
  -9.5264745e+00  -2.8016871e+01   1.1678439e+01   9.6608482e+00   3.0287197e+00  -1.2438070e+01   1.0152610e+00   3.0783414e-01   3.6448367e+00   2.3153738e+00   1.3122564e+00  -9.6920040e-02   7.8638730e-01  -7.6089352e-01   2.0904422e+00   3.7358169e+00   2.2204930e+00   2.3179952e+00  -5.2168618e-01  -1.1451045e+00   3.2761393e+00  -2.1281727e-01   6.7131493e-01   6.5767789e-01
  -7.6678506e+00  -2.8961943e+01   8.8130622e+00   1.1222563e+01   4.5556815e+00  -1.0289143e+01   3.4750088e+00  -3.1373732e+00   4.4856723e+00  -4.6403869e-01   1.1076216e+00   6.1002781e-01   1.6863740e+00  -9.2102593e-01   2.9756015e+00   2.5411708e+00   1.2550714e+00   2.6869073e+00   6.9462442e+00   2.2463821e+00   2.8396778e+00  -1.4150999e+00  -1.9685119e-02   4.4141741e-01
  -7.3902722e+00  -2.9329147e+01   9.3858951e+00   1.1060141e+01   5.5664956e+00  -7.7953003e+00   6.2132268e+00  -1.1790714e+00   3.3603281e+00   2.1032218e-01   1.0663020e+00   6.9978095e-01   5.0172491e-01  -1.0423780e+00   1.3848268e+00  -4.8265368e-01   1.5511961e+00   3.5900508e+00   8.2353111e+00   3.8915911e+00  -1.0538855e+00   5.4253019e-01   3.5285111e-01  -1.0131079e-01
  -7.2852653e+00  -2.8221026e+01   1.2040019e+01   1.0550369e+01   4.0177121e+00  -8.8254975e+00   1.2175959e+01   3.7864632e+00   3.1324147e+00   4.0310657e-01   1.0487752e+00   5.8339684e-02   3.3547352e-01   1.1913230e+00   3.9448148e+00  -2.4003714e+00   1.3746276e+00   1.4509749e+00   1.8461883e+00   3.9724109e+00  -1.3091430e+00   1.2480378e+00  -1.1245767e-01  -6.8456380e-01
  -8.9651798e+00  -2.9950897e+01   1.2142201e+01   9.2729650e+00   5.6244986e+00  -7.7848166e+00   9.0177526e+00   2.6833026e+00   2.7406372e+00   2.6955965e+00   1.8709562e+00   2.6957842e-02   2.5122443e+00   2.8158884e+00   1.1472815e+00  -1.5262071e+00   1.0641101e+00   1.8378732e-01  -1.2419620e+00   1.2577304e+00  -6.2396326e-01  -7.2457343e-02  -4.4381098e-01  -5.5317238e-01
  -6.3771865e+00  -2.6864084e+01   1.3352132e+01   8.5155946e+00   6.5886214e+00  -8.1179224e+00   4.8420283e+00   8.9005609e-01   2.8318032e+00   1.6538090e-01   5.3660799e-01  -8.0406338e-02   2.0293337e+00   1.5077628e+00  -1.9129286e+00  -5.5632486e-01   1.4327135e+00   1.3673273e+00  -1.3404828e+00  -4.7664589e-01   2.3882085e-01  -8.4781917e-01  -2.8517453e-01   1.5541302e-01
  -4.0759451e+00  -2.5783785e+01   1.0450761e+01   9.7882178e+00   5.8772061e+00  -7.8734068e+00   8.0172489e+00   2.1557277e+00   2.5746890e+00   2.2049901e-01   6.5666918e-01  -6.0604601e-02   3.1692647e+00   2.7672123e+00   7.8993475e-01   5.6075767e-01  -2.3247009e+00  -2.2555285e+00   2.1624434e+00   2.6964581e+00  -1.0898616e+00  -2.4312094e+00  -4.1797155e-01   2.7047264e-01
  -6.6858821e+00  -2.8042937e+01   1.0016346e+01   9.4582552e+00   6.0404286e+00  -6.7302115e+00   1.0665486e+01   3.3352818e+00   3.5736201e+00   3.6892656e-01   1.2281569e+00   3.3524044e-01   3.3000789e+00   2.8707102e+00   1.4734777e+00   7.8350987e-01  -5.5094150e+00  -1.5670645e+00   2.6946148e+00   3.3595634e+00  -4.5195040e+00  -7.2737146e-01   7.2599131e-01   2.6095403e-01
  -4.0569349e+00  -2.5210652e+01   1.4994996e+01   9.6427712e+00   2.4115437e+00  -1.1861965e+01   9.3496886e+00   5.5053769e+00   7.3493626e-01  -1.0529904e+00   8.9822443e-01   2.2484342e-01   1.3175376e+00   3.6398382e+00   3.2322322e+00   1.3126078e-01  -4.6651338e+00   4.1754281e-01   8.2316322e-01   4.8301824e-01  -5.2187465e+00  -6.4544586e-01   8.0154542e-01  -3.5633657e-01
  -1.4365732e+00  -2.2844586e+01   1.3290231e+01   9.7635827e+00   5.7330124e-02  -8.4742402e+00   8.2177306e+00   4.2545766e+00  -3.0275764e+00  -2.8893159e-01   1.5048173e+00   1.6830070e-01   6.9768346e-01   2.3695591e+00   2.9105914e+00   6.8524554e-01  -7.5642512e-01   1.2152529e+00   7.5391824e-01  -2.4981711e+00  -4.6698058e+00   5.5132895e-01   7.2578232e-01  -6.8700987e-01
  -4.7242931e+00  -2.2923204e+01   1.3662167e+01   9.8324452e+00   1.8710547e+00  -6.3750783e+00   1.0475872e+01   2.4206077e+00  -1.9528325e+00  -4.1874071e-01   1.7206571e+00  -5.1163959e-01   1.3909875e-01   8.0147144e-02   5.5495104e-01  -1.9095453e-01   1.3824086e+00   3.6738487e+00   9.7804275e-01  -3.7051220e+00  -1.5273262e-02   1.5251236e+00   3.3758890e-01  -5.4149900e-01
  -5.3056778e+00  -2.5632322e+01   1.5048647e+01   1.0391286e+01   5.1760354e+00  -7.6507755e+00   1.1233272e+01   1.1304097e+00  -2.0872042e+00   8.7879514e-01   1.9056141e+00  -3.2703287e-01   3.6671050e-02  -1.8661061e-01  -1.1499135e+00   3.2287808e-01   1.3175733e+00   1.6276588e+00  -1.7664426e+00   2.9423751e-01   4.4466824e+00   1.7092230e+00  -1.4953802e+00  -5.1095375e-01
  -1.9137345e+00  -2.3696563e+01   1.4948214e+01   9.0424875e+00   1.9258040e+00  -6.7629243e+00   9.3089819e+00   1.5097773e+00   2.4184027e-01   6.5083169e-01   1.2042094e+00  -3.3973830e-01   1.8576837e+00  -9.8796616e-01  -9.2821337e-01  -1.0927543e-01   2.3503324e+00   5.7860537e-01  -5.6578820e+00   1.9881754e+00   3.4913965e+00   1.3789196e+00  -1.4832610e+00  -1.2452768e-01
  -2.7868459e+00  -2.2737822e+01   1.0922337e+01   1.0642879e+01   2.0063154e+00  -5.8388290e+00   6.1515116e+00   5.1513481e+00   2.5451108e+00   1.7401167e+00  -4.8002905e-01  -6.8408057e-01   3.3115330e+00   1.2179047e+00  -8.4650926e-01  -3.4341439e+00  -4.0101172e-01   1.5451595e+00  -5.0358188e+00   1.7082123e+00   1.6670451e+00  -7.1540681e-01  -1.3201888e+00   3.6320098e-02
  -3.1971835e+00  -2.5852403e+01   1.4333002e+01   9.5427360e+00   6.9814133e+00  -6.4131434e+00   4.5299290e+00   3.3924016e+00   9.6810478e-01   1.2189779e+00   6.8858722e-01  -5.1990726e-01   2.4780203e+00   2.3161609e+00  -3.0509418e+00  -4.0891738e+00  -9.4325251e-01   2.8750517e+00  -1.9507860e+00   3.9498372e-02  -2.7152844e+00  -1.9824797e+00  -1.7368919e-01   4.1820730e-01
   3.0334621e-01  -2.2727545e+01   1.4086490e+01   4.9899464e+00   2.0467132e+00  -5.5079266e+00   6.0690704e+00   2.7514160e+00   5.0231165e-02  -4.7838820e-01   1.8314201e-01  -1.8246825e-01   3.8331552e-02   1.5484686e+00   5.6808772e-01  -4.3727658e+00   8.9991208e-01   1.4740169e+00   4.7019202e-01  -2.0667612e+00  -3.9024569e+00  -2.2128552e+00   2.2813287e+00   4.4151093e-01
   2.5819997e-01  -2.0227460e+01   8.7897249e+00   5.7351930e+00   4.9072628e-01  -2.6157979e+00   6.4240234e+00   2.7689909e+00  -2.5836465e+00  -1.2136354e+00   6.1209009e-01   3.6766483e-02   1.6536057e-01   2.6795514e+00   7.3714619e-01  -4.2383735e+00   2.2734223e+00  -5.6284154e-01   2.6041035e+00  -1.0295658e+00  -8.6213160e-01  -1.2820693e+00   1.3932421e+00  -2.8445934e-02
  -4.4570404e+00  -2.3227591e+01   1.4546107e+01   5.9875015e+00   6.6015270e+00  -5.5264765e+00   5.9097524e+00   2.3629117e+00  -1.5326989e+00  -3.6285956e-01   2.9802126e+00  -3.0015105e-01   1.5807317e+00  -7.9024942e-01  -6.9157229e-01  -1.5896268e+00   5.5014422e+00  -2.5262939e+00   2.1724509e+00  -9.7629936e-01   1.6104481e+00  -4.2033543e-01   9.5976774e-02  -6.0821193e-02
  -5.6894937e-01  -2.1583053e+01   1.5208912e+01   2.6863982e+00   8.1141398e+00  -7.2481308e+00   8.5157433e+00   2.0423051e+00   4.6637239e-01  -7.6189028e-01   1.3799151e+00  -5.0373476e-01   1.3319518e+00  -4.1783663e+00  -1.8135922e+00  -8.7820816e-02   1.5777453e+00  -1.7940977e+00   5.5757701e-01  -2.1857483e+00   2.7547040e+00  -1.0027699e+00  -9.6983238e-01   1.4792663e-01
   3.0880184e+00  -2.3235123e+01   9.8395373e+00   4.1299036e+00   6.4871698e+00  -6.9812010e+00   8.2818868e+00   1.6503098e+00   9.4089386e-01  -1.3347639e+00  -5.6805350e-02  -3.4494159e-03   1.4573380e+00  -1.8304055e+00  -2.1842338e+00   2.3745613e+00  -4.2527533e+00   8.5291768e-01   2.2728725e-01  -5.7936752e-01   1.8835333e+00  -2.3439480e+00  -1.9759373e+00   5.3264952e-01
  -1.5164018e+00  -2.6491243e+01   8.4226215e+00   6.5322607e+00   2.9145229e+00  -4.5795821e+00   6.0743218e+00  -1.5333065e-01   3.1161316e-01  -2.2318381e+00   6.7585046e-01   1.1030561e-01   6.7090827e-01  -5.7689218e-01  -1.4937301e+00   3.1390708e+00  -5.1891141e+00   1.4724630e+00  -5.0754416e-01   8.3101570e-01  -3.6810506e-01  -2.5545550e+00  -3.3043535e-01   3.0780037e-01
  -1.7973071e+00  -2.3519104e+01   1.4662902e+01   7.6264121e+00   2.8222055e+00  -5.5813743e+00   7.4713940e+00   2.5916783e+00   1.3699807e+00  -3.1438076e+00   3.6833893e-01   1.9180306e-01   2.0844575e-01   5.7988099e-01  -3.7378390e+00   2.9935408e+00  -2.1955516e+00   2.1547875e+00  -2.8562266e+00   2.6242785e+00  -1.6362341e+00  -8.4503301e-01  -1.6997709e-02   6.2379668e-02
   2.8800758e+00  -2.2306401e+01   1.0556635e+01   5.6467501e+00   2.1629508e+00  -5.7393496e+00   8.1596734e+00   2.8181445e+00  -3.0032862e-01  -3.6892009e+00   6.7168995e-01  -1.3966044e-01   1.1233200e+00  -7.8390992e-01  -1.5069259e+00  -9.0044689e-02   2.9164926e+00   2.8494028e+00  -1.9545039e+00   4.4363920e-01  -5.9169860e-01   4.4353567e-01   1.0774518e+00  -1.0991166e-01
   1.2024483e+00  -2.4457722e+01   3.1657721e+00   9.0629701e+00   3.5696284e+00  -3.1691360e+00   2.9548710e+00   4.1009901e+00  -1.2074864e+00  -1.8736320e+00  -8.0221656e-02   2.1510311e-01   1.8921920e+00  -2.1449368e+00  -2.3977738e+00  -1.8993177e+00   1.9565212e+00   3.5846398e+00  -1.9295389e+00  -1.8466425e+00   2.6674506e-01  -1.2042781e-02   1.8737038e+00  -3.3958201e-01
  -1.3312994e+00  -2.7197799e+01   1.1910798e+01   5.6789146e+00   6.9155504e+00  -1.5115970e+00   5.4008275e+00  -2.4252775e-01   7.1279881e-01  -2.2016224e+00   2.5163085e+00  -6.6211910e-02   2.7098464e+00  -1.3531877e+00  -2.2807981e+00  -5.4557545e-01   3.3773385e+00  -2.7867354e-01  -5.6633076e-01   1.3312648e-01   1.2561872e+00  -1.0973451e+00   7.5233936e-01  -1.9791131e-01
   3.1466685e+00  -2.4290810e+01   1.0389160e+01   4.7613533e+00   3.3806876e+00  -2.3182910e+00   5.9565086e+00   1.3520507e+00   1.2635346e+00  -3.9056610e+00   2.2565853e+00  -3.5429422e-01   2.2920085e+00  -1.1907339e-02   3.8209384e-01  -3.4778792e+00   2.7393716e+00  -2.4222456e+00   1.7010320e+00   1.6250882e+00   1.7322981e+00  -2.5477302e+00  -2.1356974e-01  -1.4030476e-01
   5.9727353e+00  -2.4419638e+01   3.5237440e+00   6.9791953e+00   7.3234289e+00  -6.5827824e+00   5.8093585e+00   4.3923039e+00   3.4844166e-01  -4.3192040e+00   6.3179551e-01  -1.5182873e-01   1.3794732e+00   4.0852950e+00  -1.8689287e+00  -2.4638651e+00  -9.1788793e-01  -1.2191634e+00   9.8608660e-01   2.8396117e+00  -3.1633838e-01  -6.6388969e-01  -1.4832090e+00   1.2973638e-01
   9.8844362e-01  -2.5864664e+01   7.9324396e+00   3.1960110e+00   7.4747466e+00  -4.2669117e+00   5.3021535e+00   4.2212066e+00   1.5731394e+00  -4.6364364e+00   5.4168023e-01   4.7454390e-02   4.8973135e-01   2.8531548e+00  -8.8735419e-01  -2.2710351e+00  -3.4846073e-02  -7.1028335e-02   1.3374533e+00   9.8716755e-01  -1.1266483e+00   3.1197437e-01  -1.3660629e+00   4.2959941e-01
   1.8170228e+00  -2.0282930e+01   1.0335765e+01   2.7657881e+00   3.4916890e+00  -2.3660318e+00   7.2071350e+00   2.5823118e+00   8.3488846e-02  -2.8320692e+00   1.1489475e+00  -7.2481648e-02   5.4513560e-01   1.1765998e+00  -1.8031295e+00  -5.4124633e-01  -1.8302467e+00   3.2569524e+00   4.3259791e-01  -1.2587266e+00  -2.6282490e+00   2.5292903e-01  -1.3320691e+00   3.1172672e-01
   5.9591218e+00  -2.2079432e+01   5.6521184e+00   3.4615043e+00   5.2442884e+00  -4.5332088e+00   7.2638003e+00   3.7377980e+00  -2.9396153e-01  -4.1812669e+00  -5.1084957e-02   2.5043136e-01   1.0638958e+00   1.8837186e-01  -6.4281666e-02   2.3474215e+00  -1.2721674e+00   1.0956960e+00   1.2297282e+00  -1.8557775e+00  -2.4124425e+00   9.4336307e-01  -1.9586026e-01  -4.9998895e-02
   4.3050997e+00  -2.4547354e+01   1.9592103e+00   6.0345792e+00   5.6932880e+00  -1.5642053e+00   5.4774319e+00   2.7459183e+00  -2.6603814e+00  -4.1673953e+00  -1.0699255e+00   2.1427287e-01   1.0510223e+00  -2.2463063e+00   1.2470331e+00  -2.9011336e-01   5.4984064e-01   1.0471005e+00   6.0278248e-01  -6.2467079e-01  -1.6925720e+00   6.7166729e-01   2.6603948e-01  -1.2498165e-01
   1.3402489e+00  -2.3449894e+01   1.2024294e+01   5.0827478e+00   4.4656960e+00  -3.0242810e+00   8.0115973e+00   1.3557371e+00  -6.7358931e-01  -2.5537288e+00   1.3573263e+00  -1.7092121e-01   2.4688881e+00   1.3557323e-01  -1.4433400e+00  -4.4151043e-01   3.0060936e-01   1.5206430e+00  -1.5631879e+00   2.0871087e+00  -1.9271299e+00   2.7120522e-01   3.6124724e-01   1.7184798e-02
   5.7029926e+00  -2.2967158e+01   9.0202264e+00   1.5199963e+00   4.7057462e+00  -1.5498449e+00   7.7374102e+00   2.8363360e+00  -2.2655552e+00  -2.6383373e+00   8.4380105e-01  -4.9277842e-02   2.3760147e+00   3.3526796e-01  -3.1411029e+00  -2.4379573e+00   2.7272812e+00   3.8655337e-01  -2.1679488e+00   3.1007706e+00  -5.8707927e-01  -1.3346299e+00   3.9596353e-01   3.4117466e-01
   8.9635075e+00  -2.2666170e+01  -4.3399639e-02   5.0565301e+00   6.1889734e+00  -2.2594244e+00   3.7890294e+00   6.8232522e+00  -3.3820695e+00  -4.5389880e+00  -4.6607739e-01   4.0798391e-01   6.2193289e-01   1.1608006e+00  -2.5179124e+00  -8.7546368e-01   1.7626082e+00   8.5840883e-01  -1.2957733e+00   2.0265840e+00  -2.7193471e-01  -1.4680183e+00  -2.7858787e-01   1.9440543e-01
   4.0574925e+00  -2.4436314e+01   3.2814030e+00   2.3907521e+00   8.9225710e+00  -1.3668035e+00   4.3367927e+00   4.6633167e+00  -2.1867602e+00  -5.1767105e+00   4.3572163e-01   4.3658230e-01  -5.8613383e-01   2.3953282e+00   2.1304865e+00  -9.5955514e-01  -8.3210325e-01   1.2347111e+00   1.9278622e+00  -1.8567621e+00   4.3393727e-01  -7.1184532e-01   7.2115514e-01  -6.1030161e-02
   3.0958983e+00  -2.0974115e+01   1.1116837e+01   3.3341744e+00   5.0011959e+00  -1.8281884e+00   7.7682461e+00   3.4821227e+00  -1.1208889e+00  -3.4865697e+00   1.1434842e+00  -1.2224313e-01   1.0575705e+00   2.8729791e+00   6.0489307e-01  -1.8780987e+00  -2.2945289e+00   2.3061758e+00   2.2482528e+00  -2.7212350e+00   7.9392352e-01  -1.1525666e-01  -7.6299474e-03   7.1667084e-03
   7.7575965e+00  -2.0220194e+01   6.6358377e+00   9.4184146e-01   4.0514801e+00   8.6603748e-02   8.6395951e+00   1.7217576e+00  -2.7452396e+00  -4.2323145e+00   1.1207530e+00   1.2429043e-01   1.1197909e+00   3.5200196e+00  -1.2830107e+00  -1.2054651e+00  -1.3564586e+00   2.5276891e+00   2.3875369e+00  -1.8613124e+00  -6.9062424e-02   1.2503497e+00  -7.6336397e-01   1.4365061e-01
   8.6998112e+00  -2.0464762e+01  -8.1327740e-01   2.9638373e+00   5.1827254e+00   4.7313571e-01   5.0100074e+00   4.2121792e+00  -1.9119445e+00  -5.1840711e+00  -8.2003798e-01   5.7487990e-01  -4.6047595e-01   2.9994782e+00   3.8079586e-01  -4.5751145e+00   1.1537191e+00   2.1275267e+00   1.8083842e+00  -1.0758777e+00  -1.4360152e+00   1.2825513e+00  -3.4277714e-01   3.1793259e-01
   2.9352223e+00  -1.9410961e+01   7.3219443e+00   7.6772298e-01   6.7971183e+00   1.2740680e+00   9.2972174e+00   1.5063198e+00  -1.8948260e+00  -2.4524353e+00   2.7243678e-01   3.0349670e-01  -3.9972406e-01   1.7505644e+00   3.8486117e+00  -3.7041994e+00   3.1937506e+00   3.7690533e-01   5.4044104e-01   1.1685193e+00  -1.4424082e+00   5.1157889e-01  -3.6195789e-02   1.2807194e-01
   4.8163715e+00  -1.6879514e+01   1.1344978e+01  -3.4414381e+00   5.3589553e+00   7.6936947e-01   1.0152011e+01   1.9760251e+00  -3.7001185e+00  -2.4526823e+00   1.0534766e+00   2.6505263e-01   1.6591685e+00  -1.0259000e+00   1.0120376e+00  -1.1689527e+00   7.9300300e-01   2.4009022e+00   1.4562361e+00   5.2709574e-01  -1.8565822e+00  -1.9287808e-01  -4.2849477e-01  -5.8128257e-02
   9.0997302e+00  -1.9386971e+01   6.3296276e+00  -1.4118199e+00   8.7539910e+00   5.0384486e-01   6.8792548e+00   4.5926136e+00  -4.0147649e+00  -4.8306405e+00   1.2970197e-01   4.7131198e-01   1.2019478e+00  -2.4780511e+00  -1.4382681e+00   9.2356174e-01  -6.5501887e-01   4.5043473e+00  -7.6575937e-01  -1.0673857e+00   1.3596791e+00  -1.5464913e+00   1.5841792e-01   2.4361075e-02
   8.1063101e+00  -2.2015607e+01   1.2009373e+00   2.3001796e+00   5.3937936e+00   4.4596007e+00   8.4033429e+00   3.4596760e+00  -3.6368484e+00  -4.2842856e+00  -1.3914127e+00   4.0377987e-01  -3.2370518e-01  -2.7788762e+00   2.6606245e-01   1.1712899e+00   1.3920691e+00   2.9550169e+00  -2.2825928e+00  -3.0113908e+00   4.5324574e+00  -1.9369420e+00   7.7352348e-01  -1.3638946e-01
   3.0931747e+00  -2.0559992e+01   1.0236562e+01  -7.1774329e-01   5.7971709e+00   6.1854733e+00   9.0229125e+00  -8.3658414e-01   1.1305755e-01  -3.8563707e+00   1.7325083e+00   2.7067469e-01   1.4517898e+00  -1.0556240e+00   1.7321838e+00   2.2432854e-01   2.0613650e+00   1.2997654e-01  -2.1236473e+00  -1.8397908e+00   2.7445402e+00  -1.4486558e+00   1.1267774e+00  -1.1227582e-01
   7.3340915e+00  -2.0461318e+01   9.7906041e+00  -2.0315415e+00   8.9254691e+00   2.3610806e+00   5.6562932e+00   1.7353785e-01   1.0346564e+00  -5.8452303e+00   1.4123587e+00   1.6078709e-01   2.6011528e+00  -6.4453992e-01  -1.7527710e+00   1.2454998e+00   1.4180964e+00  -1.6898370e+00  -1.2774622e+00   1.0470370e+00  -5.5791085e-01  -3.7542500e-01   8.4274630e-01   2.5214933e-01
   1.1663524e+01  -2.1747552e+01   4.6330699e+00   1.0905335e+00   1.0080201e+01   1.7480697e+00   5.0673086e+00   3.4759964e+00  -2.2337071e+00  -6.2231519e+00   4.1798235e-01   4.2439464e-01   1.4929443e+00  -9.3085896e-01  -4.5092019e+00   5.1418971e+00  -2.8327232e-01  -3.1947022e+00  -1.0470183e+00   2.6891355e+00  -2.7220217e+00   1.7250436e+00  -8.6973058e-01   1.6922503e-01
   7.7228645e+00  -2.2388637e+01   1.3735270e+00   3.2642909e+00   5.3794233e+00   4.1435469e+00   8.4649516e+00   2.8739412e+00  -3.3003324e+00  -3.6640325e+00   5.2996972e-01   7.0514389e-01  -7.4972741e-01   1.1058561e+00  -1.6177506e+00   3.3873539e+00  -1.3674836e+00  -2.5322999e+00   6.8768528e-01   6.4877990e-01  -1.6639438e+00   2.5663268e+00  -6.9019052e-01  -1.1053841e-01
   5.1382047e+00  -2.0992621e+01   7.6812981e+00   4.3471862e+00   7.1452853e+00   5.0218683e-01   6.0480559e+00   1.8469174e+00  -1.8024806e+00  -2.3594042e+00   8.6910693e-01   2.5233383e-01   7.0117066e-01   3.2671166e+00  -7.7849717e-01   1.3963454e+00  -2.3406556e+00  -1.7594850e+00   1.6451700e+00  -5.9035636e-01  -2.2815312e+00   2.3768251e+00  -6.8369106e-01  -2.7800580e-01
   9.4721601e+00  -1.9179999e+01   5.8398641e+00   1.4211630e+00   8.3417014e+00  -8.1442784e-01   6.1974474e+00   1.9612472e+00  -1.6768726e+00  -3.9276139e+00   1.5151060e-01   8.1009887e-02   3.4767231e+00   2.4112381e+00  -1.8625721e+00  -4.3807455e+00  -1.3986975e+00   1.5892749e+00   6.9147540e-01  -3.5199663e-01  -1.9751593e+00  -4.8248671e-02  -1.1555151e-02  -6.7595181e-02
   1.1840632e+01  -1.8451195e+01   1.2321556e+00   4.1066156e+00   5.0880783e+00   1.5878295e+00   8.6688156e+00   3.0468089e+00  -6.4677338e+00  -2.5261235e+00  -4.1832467e-01   3.1945293e-01   1.4132555e+00   1.2614065e+00   5.6347783e-01  -5.3725725e+00  -3.5463519e+00   2.3139607e+00   1.9223798e+00   2.6900362e-01  -1.5081483e+00  -1.6994993e+00   1.1954229e+00   2.4957571e-01
   9.5867353e+00  -2.0042492e+01   1.8042401e+00  -3.1865420e+00   4.3099806e+00   5.9846379e+00   8.1917848e+00   1.7460005e+00  -3.9304447e+00  -3.6530458e+00   1.1563528e+00   5.7019157e-01  -1.1045326e+00   1.3901547e+00   4.7308256e+00  -3.9009865e+00  -3.7527600e+00   2.8673637e-01   2.1036713e+00  -4.0135308e-01  -2.2088078e+00  -1.5636445e+00   2.3442081e+00   1.9757190e-01
   7.2008003e+00  -1.8669265e+01   1.0544327e+01  -1.4078201e+00   3.8416179e+00   5.7359506e-01   7.9344569e+00   2.3580462e+00  -2.9379170e+00  -5.0459372e+00   2.1598201e+00   3.8210655e-01   3.3947981e-02   1.3919728e+00   3.5417612e+00  -8.4449878e-01  -1.6254691e+00  -1.2541420e+00   6.1748720e-01  -1.4337409e+00  -2.1271657e+00  -6.4472885e-01   6.0164919e-01  -1.1560290e-01
   1.0135277e+01  -1.6985733e+01   8.2800169e+00  -1.6730989e+00   3.3357915e+00   1.2279395e-01   9.7201337e+00   1.7035989e+00  -6.7549927e+00  -5.0131738e+00   2.3787503e+00   3.4604092e-01   2.8129566e+00   1.2983182e+00  -3.7499653e+00   5.8961048e+00  -2.6055700e+00  -2.9320777e+00   4.9465112e-01  -2.4669596e+00  -3.5380396e+00   1.1209198e+00  -1.9649468e+00  -5.1499831e-02
   1.1617283e+01  -1.7891616e+01   3.3069089e+00   2.0831459e+00   3.1369692e+00   2.6375385e+00   8.8308720e+00   9.1739843e-01  -8.2462083e+00  -2.8131528e+00  -1.2704966e-01   2.5812390e-01   1.3976289e+00   1.2619565e+00  -6.1718249e+00   3.6823286e+00   3.5039931e-01  -9.7047655e-01  -4.0836292e-01  -3.5088940e+00   2.4111221e+00   1.1096415e+00  -2.0055713e+00   1.4236279e-01
   1.1597929e+01  -1.8483839e+01  -2.0199889e-01   3.9121321e+00   7.5395000e-01   5.5454960e-01   8.4855540e+00  -1.2341149e+00  -6.5833585e+00  -3.0880583e+00  -6.4763250e-01   5.5493314e-01   2.4595436e-01  -5.4875734e-01  -3.2845448e+00   3.2277112e+00   1.3140973e+00  -1.9195136e+00   2.2974946e-01  -1.2685946e+00   4.0885861e+00  -6.8104360e-02  -8.4474181e-01   3.6394288e-01
   8.5659179e+00  -1.6027277e+01   5.5275974e+00   1.3230573e+00   5.6581376e+00  -1.0979976e+00   7.9392024e+00  -1.4364378e+00   5.9294904e-01  -4.3440326e+00   6.6465454e-01   4.9120462e-01   1.3983291e+00  -3.3212091e+00  -2.9764598e-01   2.3402141e+00   2.7184006e+00  -2.1681272e+00   1.0920309e+00   1.4646393e+00   5.7651228e-01  -7.9552209e-01   1.9455420e-01   1.9062502e-01
   1.2029892e+01  -1.8741039e+01   2.2428554e+00   3.5485121e+00   4.0463533e+00  -8.8870836e-01   1.0510593e+01   9.7762508e-01  -5.0416922e+00  -4.3498904e+00   7.1578551e-01   7.7541489e-01   3.3261815e+00  -4.2682910e+00  -3.0849634e+00   3.7069370e+00   6.8766944e-01   1.1761876e+00   1.2482137e+00   1.1942776e+00  -3.1627361e+00  -6.3963859e-03  -6.3772318e-01  -3.1881191e-01
   1.3498796e+01  -2.2744830e+01   1.6380128e+00   5.7752770e+00   5.5683684e+00   1.0697679e-01   9.4563989e+00   2.0084874e+00  -8.1522731e+00  -3.3755199e+00  -5.1692737e-01   4.3382056e-01   2.5556440e+00  -2.2002065e+00  -4.2802931e+00   2.9094046e+00  -3.0333663e+00   2.8984140e+00  -1.9670310e-02  -7.2746153e-01  -1.8990920e+00   7.5178704e-01  -1.4068947e-01  -4.3316770e-01
   1.4120762e+01  -2.1527499e+01  -2.8846518e+00   7.2464278e+00   1.8303387e+00   1.7163438e+00   9.5992763e+00  -1.1651611e+00  -6.9548516e+00  -3.5819092e+00  -1.0134263e+00   1.0540731e-01   5.7908323e-01   5.0643046e-01   4.7451876e-01  -5.8881369e-01  -2.7561193e+00   1.1777268e-01  -1.1088526e+00   3.8387942e-01   2.0427456e+00  -2.3257087e-01   1.3923819e+00  -4.3452046e-01
   1.1353949e+01  -1.7934356e+01   1.6709113e+00   3.8382063e+00   2.2160954e+00   1.9470974e+00   8.3653551e+00  -1.4562371e+00  -1.2991092e+00  -3.6003427e+00   1.3182263e+00   1.7645686e-01   5.6757360e-01  -4.4200733e-01   3.1037907e+00  -1.8244060e+00  -1.8496053e+00  -1.7045303e+00   3.9510156e-01   3.3939020e+00  -3.6990917e-01  -3.3773481e-01   1.7197149e+00  -2.1701538e-01
   1.3970940e+01  -2.0386630e+01   2.9381843e+00   3.6338270e+00   1.5883109e+00  -1.6321096e+00   9.3928358e+00   3.2858064e+00  -5.4041557e+00  -4.5863353e+00   1.8867815e+00   2.5231605e-01   1.4783195e+00  -2.1548093e+00   2.8380568e+00  -1.0632010e+00   2.3107421e-01  -1.0192100e+00   1.7054905e+00   4.5610670e+00  -5.5941214e+00   1.6079540e+00   3.7935049e-01  -3.1351795e-01
   1.4425067e+01  -2.3978276e+01   3.3822808e+00   4.8449685e+00   2.9149744e+00  -7.7559202e-01   1.0152272e+01   4.8738566e+00  -9.4824848e+00  -3.3799091e+00   6.1254108e-01   3.4843119e-02  -6.3726643e-02  -7.6206495e-02  -1.8254586e+00   1.6239942e+00   2.1364963e+00   4.8980643e+00   1.1584713e+00   7.4471965e-01  -4.7492228e+00   3.4315947e+00  -9.9111630e-01  -1.5616770e-01
   1.4802682e+01  -2.1737753e+01   5.1674868e-01   5.1482452e+00   1.8275105e+00   1.5488735e+00   1.1264054e+01   2.5113926e+00  -1.1254346e+01  -1.2801950e+00  -9.1557996e-02  -2.9406275e-01  -2.7575187e-01   2.6338201e+00  -5.0443692e-01  -1.0512890e+00   2.8784667e+00   3.5243721e+00  -2.4071820e+00  -1.5042107e+00   1.0420501e+00   1.9965380e+00  -8.3084224e-01   3.6960578e-01
   1.0842488e+01  -1.7373104e+01   1.4344117e-01   5.5169885e+00   5.3012400e+00   7.7037023e+00   9.1674531e+00   4.8049353e-02  -5.4978483e+00  -1.0602075e-01   8.2072154e-01   2.1539471e-01   1.8514267e+00   1.1843022e+00  -1.1677891e+00   5.9542609e-01   1.8936667e+00  -1.2581776e+00  -2.1256191e+00  -1.2686481e+00   3.3174944e+00  -1.0130030e+00   1.5091019e-01   6.1007283e-01
   1.5348602e+01  -1.9738485e+01   3.8009488e+00   1.7208835e+00   4.7128781e+00  -5.8519856e-01   6.2744720e+00   3.4423941e+00  -5.8333988e+00  -3.2284725e+00   5.3642789e-01   7.1644893e-01   2.3508115e+00  -1.1933162e+00  -2.4391724e+00   3.9012155e+00   8.0967293e-01  -2.9353896e+00  -2.6544616e-01  -1.9276049e-01   3.0988836e-01  -2.0906291e+00  -3.3920758e-01   3.3911462e-01
   1.6929247e+01  -2.3201456e+01  -1.1502866e-02   7.4517885e+00   4.3127908e+00  -1.5958224e+00   9.4586337e+00   2.5053838e+00  -7.2167168e+00  -3.9252749e+00   5.2491342e-01   4.4469652e-01   3.8227236e+00   1.5313262e+00  -5.0835911e+00   4.7063045e+00  -2.4107862e+00  -2.1460904e+00   2.1209401e+00  -9.5695742e-02  -2.7937345e+00  -3.5832816e-01  -1.4243678e+00  -2.2174900e-01
   1.5285520e+01  -2.0613551e+01  -3.0645379e+00   1.0032668e+01   3.5362446e+00   1.7955515e+00   1.0720294e+01   9.9358461e-01  -9.9300791e+00  -2.5065117e+00  -4.5246531e-01   9.9958275e-02  -2.0372595e-01   6.2482461e+00  -3.3263112e+00   1.8424915e+00  -1.6084634e+00   3.2181838e+00  -7.8771447e-01  -1.1611453e+00   1.2865765e+00   1.3589199e+00  -5.1837261e-01  -4.8752235e-01
   1.6608114e+01  -1.4638582e+01  -4.0492021e+00   8.4205527e+00   2.2733775e+00   3.2941917e+00   1.0125952e+01   1.1289105e+00  -7.6401098e+00  -1.0044934e+00  -8.2138350e-01   1.9101653e-01   1.4592085e-01   6.7536411e+00  -3.7155651e-01  -4.4773195e+00   1.1670799e+00   1.5313630e+00  -4.7386112e+00   1.6838660e+00   2.9735768e+00   5.2961438e-01   3.9702579e-01  -2.9028394e-03
   1.5203580e+01  -1.4647554e+01   8.3033157e-01   4.0002387e+00   3.3198897e+00   1.7970701e+00   4.7592411e+00   2.3889128e+00  -3.6918376e+00  -2.6504834e+00   4.3201744e-01   1.1200540e-01   7.7955641e-01   2.9440153e+00  -8.1756593e-01  -5.2966890e+00   6.1533873e+00  -4.6170652e-02  -6.2455743e+00   4.8840688e+00   2.4237716e+00  -1.6689581e+00   8.2008251e-01   1.2318040e-01
   1.7189099e+01  -1.6053994e+01  -2.5162724e+00   3.7520242e+00   6.1715880e+00   7.0046280e-01   5.3312435e+00   4.3335187e+00  -5.8754724e+00  -3.0588675e+00   6.7821073e-01   4.3431870e-01   4.4903592e-02   1.4602545e+00  -3.4588511e+00  -3.5254033e+00   6.2195290e+00   2.3854033e+00  -3.1640181e+00   2.9815035e+00   5.5254304e-01  -2.5939458e+00   1.6793743e-01   5.5170339e-02
   1.6164362e+01  -1.5489822e+01  -5.0573517e+00   4.4218991e+00   1.0817220e+01   3.0231599e+00   3.7492871e+00   6.7173838e+00  -7.1767404e+00  -3.9827617e+00   2.7861345e-02   1.6307779e-01   1.3300107e+00   3.2779784e+00  -4.6051296e+00   2.4264046e-01   2.5888790e+00   5.0122756e+00   1.0594170e+00  -3.3081066e+00   2.1654565e-01   5.1955070e-01  -1.0817632e+00  -2.4426997e-02
   1.6195078e+01  -1.2027065e+01  -6.2936371e+00   2.9216176e+00   7.8540057e+00   6.2592517e+00   5.8849019e+00   3.4369303e+00  -5.0688438e+00  -4.2292729e+00  -3.6739930e-01   2.4823585e-01   8.3482502e-02   1.5212380e+00   9.1954120e-01   3.7009576e+00  -3.0759693e+00   1.4104961e+00   2.7927337e+00  -8.0419969e+00   2.2258828e+00   3.0245368e+00  -1.1339399e+00  -1.0916250e-01
   1.7695606e+01  -1.1744050e+01  -4.1886805e+00   4.7794027e+00   6.3619993e+00   6.5360891e+00   6.0715374e+00  -2.1249529e+00  -3.7703334e+00  -1.2859546e+00  -6.6782238e-01   1.6840633e-01   1.3454470e+00  -4.3796450e+00   3.5854825e+00   5.7163784e+00  -5.8152903e+00  -2.9168303e+00   5.1913043e+00  -8.7659237e+00   1.4870303e+00   3.8560567e+00  -3.5906329e-01   4.7754394e-02
   1.6548700e+01  -1.5645023e+01  -1.5712962e+00   9.1247089e+00   3.7852445e+00   1.0597424e+00   8.3592189e+00  -3.3083083e+00  -4.2398516e+00   1.2953416e-01  -6.7485723e-01   2.6791069e-01   1.5081126e-01  -5.8816733e+00   1.2963330e+00   7.9208485e+00  -2.2537573e+00  -2.7839906e+00   5.1407366e+00  -3.9937793e+00  -2.4357188e+00   2.2882419e+00  -9.5810220e-02  -2.8622704e-01
   1.8005721e+01  -2.0250311e+01  -2.0402984e+00   9.8949211e+00   4.1286654e+00   1.2476691e+00   1.0299085e+01  -3.0588826e+00  -5.3606911e+00  -3.7808018e-01  -3.5700462e-01   2.2487196e-01  -1.0781946e+00   1.9318895e-01  -1.9847980e+00   2.0425957e+00  -1.4747521e+00   2.9533265e+00   4.9139084e+00   5.8677747e-01  -4.5544751e+00   1.9526105e-01   6.7377023e-01  -4.5044819e-01
   1.6266237e+01  -1.6596445e+01  -5.4233286e+00   1.2245131e+01   5.5900367e+00   4.7274757e+00   1.1482233e+01  -2.0867738e+00  -7.9272432e+00  -1.2508473e+00  -6.6652351e-01  -2.0933753e-01  -1.1614193e+00   5.0939398e+00  -5.6629907e+00  -2.5135110e-01   1.2927197e+00   4.9349167e+00   1.2841654e+00   2.4389934e+00  -2.1966614e+00  -6.0930530e-01   1.1401595e+00  -3.3025465e-01
   1.6219545e+01  -1.0978556e+01  -5.2398613e+00   6.2830852e+00   3.2474750e+00   9.1322122e+00   1.1880893e+01  -1.8555539e+00  -8.7583502e+00  -3.0287226e-01   3.3866610e-01  -2.6864186e-01  -5.5417861e-01   6.7611497e+00  -2.2539699e+00  -1.3677357e+00   6.5474387e-02   1.3082661e-01  -2.0552006e-01   2.3821180e+00  -7.7328409e-02   1.0223719e+00   9.3127211e-01  -1.2868927e-01
   1.5699659e+01  -1.2639991e+01  -8.4660009e+00   1.0553600e+01   6.1649193e+00   4.5198460e+00   9.4945630e+00  -2.5148254e-01  -5.8360142e+00  -8.2202774e-01   6.8754672e-01   1.9285613e-02   9.4787260e-01   1.5221480e+00   1.9889165e+00  -3.9020783e+00  -9.7534946e-01  -4.0805816e+00   1.8568067e+00   8.2595097e-01   7.2292596e-01   1.3446899e+00   4.6559275e-01   2.3273410e-01
   1.7457742e+01  -1.2086814e+01  -3.8999171e+00   8.6890831e+00   3.9394357e+00   1.5477239e+00   1.0984640e+01  -4.0335118e-01  -6.5222982e+00   9.4106786e-01   3.6286843e-01  -8.2473525e-02   1.6651141e-03  -2.1475963e+00   3.5211354e+00  -1.3438779e+00   1.4782309e+00  -2.4315480e+00   4.1638015e+00  -1.6017497e-01  -4.4479746e-01  -7.1683780e-01  -1.1961370e+00   7.3386257e-02
   1.7068948e+01  -1.3759094e+01  -3.1099260e+00   5.1890147e+00   3.7810322e+00   2.3988474e+00   1.4715570e+01  -1.5739487e+00  -7.9608803e+00   1.4421744e-01   1.9764457e-02   4.6679462e-02  -2.9127528e-01   2.5458820e+00   3.8929249e+00  -5.2928877e+00  -6.3384452e-01   6.0994878e+00   5.7080035e+00  -2.2317073e+00  -3.2465448e+00  -6.7943179e-01  -7.3256847e-01  -3.0044533e-01
   1.5537399e+01  -1.3640399e+01  -2.6361955e+00   6.9495611e+00   6.6567649e+00   6.5453895e+00   1.5516092e+01  -1.4345832e+00  -8.3631134e+00  -1.8612516e+00  -1.1216482e+00  -1.7225939e-01  -1.4031080e+00   2.9184089e+00  -2.5228703e+00  -2.2531571e+00   1.6820057e+00   4.6730583e+00  -2.8974628e-01  -2.3407261e+00  -5.5821944e-01  -2.0511093e+00   1.2569962e-01  -2.3633947e-01
   1.6222918e+01  -8.0443753e+00  -3.2584743e+00   3.4840297e+00   3.8554879e+00   1.1170245e+01   1.5790842e+01  -3.0834275e+00  -9.7854239e+00  -4.4001572e-01   3.3095234e-01  -3.8648945e-01  -1.2507117e+00   2.6079274e+00  -3.8162270e+00   1.5792589e+00   2.3968953e+00  -5.7077869e-01  -6.4368290e+00  -2.8562157e-01   2.2900514e+00  -7.1599007e-01   1.1944808e+00   1.9696088e-01
   1.5776095e+01  -1.0566560e+01  -7.6099484e+00   6.1618399e+00   6.4252164e+00   4.1716127e+00   1.0012384e+01  -3.1597009e+00  -6.4473556e+00  -1.8434794e+00   3.9582391e-01  -2.2039827e-01   7.5334170e-01  -8.8387810e-01  -1.2841439e+00   1.6182153e+00  -2.0701422e+00  -4.0480740e+00  -6.1889954e+00   1.8964477e-01   3.8464607e+00   1.0902302e-01   1.3680491e+00   5.2780873e-01
   1.5073532e+01  -1.1384122e+01  -6.3473901e+00   7.9517636e+00   7.4921493e+00   2.7295678e+00   7.8121799e+00  -1.1398223e+00  -5.4836821e+00  -9.3865372e-01   1.0527496e+00   3.6619022e-01   3.4807504e-01  -5.4260561e+00   2.4942578e+00   3.0013157e+00  -8.3782412e-01  -2.9140866e+00  -3.3654119e+00   3.3317012e-01   3.4301832e+00  -1.2534663e+00  -5.4311254e-01   6.6860916e-01
   1.7242104e+01  -1.3296342e+01  -3.0179534e+00   7.1430172e+00   1.7332209e+00   4.6936170e+00   1.0221930e+01  -2.1219187e+00  -4.7442932e+00  -1.4483980e+00   5.6952684e-01   2.4311387e-01   5.5193110e-01   5.8532368e-01   4.6833798e+00   7.8377022e-01  -2.3556181e+00   4.0593738e+00   1.8890005e-01  -2.6049724e-01  -9.8251557e-01  -4.8050526e-01  -6.7913662e-01   3.8427796e-01
   1.6012026e+01  -1.4818568e+01  -1.8130851e+00   7.4954145e+00   4.9447495e+00   6.5381127e+00   1.0637952e+01  -3.1025634e+00  -5.4916803e+00  -2.5177559e+00  -5.7056794e-01   3.8466822e-01   1.2704073e+00   5.3753217e+00   1.0350753e+00   1.0445047e+00  -4.8035286e-01   3.5224973e+00   1.2218143e+00  -5.1500959e-01  -1.8627470e+00  -3.2870903e-01  -4.9598677e-01  -1.8520890e-01
   1.6134745e+01  -7.9713511e+00  -2.8520312e+00   7.5656698e+00   4.1654892e+00   8.3564009e+00   8.8828483e+00  -2.5690762e+00  -7.9171298e+00  -1.7746862e+00   1.8877778e-01   3.4677967e-01  -3.1817469e-01   5.2883848e+00  -2.0627481e+00   4.3876710e+00   6.0002796e+00   1.0401200e+00  -1.4278453e-01   1.7047165e+00  -8.5746852e-02   7.5123032e-01  -2.6288749e-01  -2.0850316e-01
   1.7532823e+01  -5.9836352e+00  -4.8777383e+00   9.3071943e+00   5.5554859e+00   6.1819218e+00   1.0314442e+01  -1.6887579e+00  -6.6913843e+00  -1.2685732e+00   4.9914401e-01   3.6543959e-02   7.9672741e-01   2.8410359e+00  -1.5006361e+00   1.1034536e+00   1.5521344e+00  -3.2313049e+00   3.9271564e-01   2.3504978e+00  -2.0765702e-01   1.5278422e+00   3.0559930e-01  -2.8359792e-02
   1.6004444e+01  -9.7812317e+00  -4.5797490e+00   1.2818634e+01   1.0428272e+01   6.4318925e+00   1.0169508e+01  -2.7174675e-01  -4.2730615e+00  -9.4614391e-01  -3.5966036e-01   1.0442125e-01   4.2416627e-01  -4.9169887e+00   1.3473143e+00  -2.1970507e+00  -5.4997385e-01  -3.8783816e+00   2.1418556e+00   1.4721938e+00  -1.0557507e+00   5.8690420e-01  -2.6495974e-01   2.3941190e-01
   1.7272268e+01  -9.6520738e+00  -3.2001804e+00   6.5241129e+00   4.1415596e+00   2.6534096e+00   1.0583695e+01  -7.2548149e-01  -7.6252000e+00  -6.4026373e-01   1.6205008e-01   4.6330775e-01  -8.6500357e-01  -4.9099714e+00   5.0498574e+00  -4.6141182e+00  -2.7113331e+00   2.3923647e-01   4.2365906e-01   5.0293168e-01  -3.7622963e+00  -5.7877899e-01  -4.5691743e-01   3.8664658e-01
   1.6901272e+01  -1.3512615e+01  -1.6698387e+00   5.6616345e+00   4.0474916e+00   4.3030846e+00   1.1961005e+01  -8.4242368e-01  -9.0338480e+00  -1.2084847e+00  -4.0114871e-02   4.9251564e-01  -1.7058186e+00   3.5199093e+00   4.6565063e+00  -5.5236355e+00  -4.4190489e+00   3.9552042e+00   2.7736601e-01  -1.3368251e+00  -4.7595543e+00  -7.9011561e-01   4.5085460e-01  -3.6685724e-02
   1.5786904e+01  -1.1482901e+01   1.2420928e+00   5.9645166e+00   4.6788765e+00   7.6051805e+00   1.0054182e+01  -6.4902195e-01  -9.9544356e+00  -2.0055713e+00  -3.4600488e-01   4.2246664e-01  -1.2036077e+00   6.0886477e+00  -1.1979283e-02   1.3008184e+00   1.5686659e+00   3.2925979e+00  -6.1416242e-01  -9.8577947e-01   6.5906359e-01   1.5385278e-01   1.2234047e-01  -7.2195851e-01
   1.4188398e+01  -3.5859543e+00   1.8387390e-01   4.8129787e+00   3.5310404e+00   9.8888135e+00   1.0850314e+01  -2.3152142e+00  -1.0247775e+01  -1.4486636e+00   5.7064902e-01   6.9813221e-02  -3.1184930e-01   5.2203638e+00  -3.4995405e+00   3.6510327e+00   6.7780047e-01  -5.4084651e-01  -1.9302284e+00  -1.7860779e+00   4.3546819e+00   4.0840820e-01   4.4630226e-01  -8.1918816e-01
   1.6823293e+01  -5.4824325e+00  -4.1450056e+00   8.8996685e+00   6.7527840e+00   4.7994420e+00   1.0217797e+01  -1.4677554e+00  -6.0296411e+00  -2.8939510e-01   4.0178837e-02  -4.0827881e-01   1.8774008e+00  -2.4686346e-01  -3.1111090e+00   1.7567488e+00  -3.6477156e-02  -4.2357940e+00  -7.5822568e-02  -1.1918946e+00   4.6591096e+00  -7.8625007e-02   1.0320007e+00  -3.1935165e-01
   1.5915303e+01  -8.6823034e+00  -4.2256002e+00   9.6706077e+00   4.0272385e+00   4.8946840e+00   8.9838548e+00  -3.1121738e+00  -4.4642224e+00  -1.4539604e+00   4.3624666e-01  -3.2089388e-01   2.5157618e+00  -6.7878334e+00   1.2682170e-01   4.7250899e-01  -1.5475156e-02  -3.6333848e+00   5.8615198e-01  -6.5818132e-01   3.3744219e+00  -2.1220309e+00   2.1056459e-01   4.8895962e-01
   1.7739552e+01  -9.3050215e+00  -1.2198336e+00   6.1708254e+00   4.3760617e+00   3.7485541e+00   1.0873678e+01  -2.0383840e+00  -5.8575475e+00  -2.1208603e+00   1.2691974e+00   1.3879271e-01   1.5184221e-01  -1.6666790e+00   4.3284747e+00  -1.2905920e+00  -1.1385247e+00   2.9525961e-01   8.8776052e-01  -6.0975818e-01  -1.0633305e+00  -3.0990634e+00   3.0956503e-02   1.0562253e+00
   1.7503911e+01  -1.1856410e+01  -1.0884795e+00   6.8861637e+00   4.6961888e+00   4.9641802e+00   1.1401601e+01  -3.0171719e+00  -5.2721890e+00  -3.7159773e+00   2.7198664e-01   5.2971689e-01  -4.6227694e-01   5.2564374e+00   3.8971702e+00   6.5542349e-01   8.4841398e-01  -7.0759986e-01   1.0811281e+00   2.3255788e+00  -4.5049698e+00  -1.3625241e+00  -1.4064808e-01   7.8383914e-01
   1.6256752e+01  -6.3953976e+00   7.7914616e-01   8.3560024e+00   4.7105218e+00   5.2075833e+00   1.0340565e+01  -2.4298937e+00  -7.2206535e+00  -3.8069818e+00   1.6874360e-01   7.5075370e-01  -2.4502756e+00   6.7837937e+00   5.5456735e-01   4.1373922e+00   1.0411382e+00  -3.4404758e-01  -1.4431213e+00   1.4638405e+00  -1.7435604e+00   1.5667180e+00   3.4973398e-01  -2.1008321e-01
   1.5963288e+01  -2.2524592e+00   6.2066529e-01   9.5611544e+00   5.1326294e+00   3.1037696e+00   1.0872103e+01   5.7194925e-01  -1.0540124e+01  -2.6546859e+00   7.7550143e-01   5.4888433e-01  -3.9046406e+00   4.1964039e+00  -1.8406478e+00   4.3851452e+00   2.9370215e-01  -1.3884456e+00  -2.1840008e+00   9.7675943e-01   4.7903676e-01   4.9300081e+00   1.0310154e+00  -7.0288957e-01
   1.4834451e+01  -3.9313062e+00  -1.2425550e+00   1.1039418e+01   5.7195486e+00   4.1626881e+00   8.9737448e+00  -1.6371839e+00  -5.8389206e+00  -3.0142899e-01   1.5420410e+00  -1.8591583e-01  -6.3264164e-01  -3.4261257e+00  -5.4077807e+00  -1.0466883e+00   1.3971054e+00  -4.4502338e+00  -1.3434458e+00   1.5246920e+00   1.3548951e+00   3.8138105e+00  -2.9025075e-01  -2.1580241e-01
   1.2358101e+01  -6.7938498e+00  -2.8386007e+00   1.2122173e+01   4.6322286e+00   3.4039595e+00   8.8090104e+00  -1.9483876e+00  -5.2445003e+00   1.9262585e+00   1.1318611e+00  -5.6282697e-02   1.8872389e+00  -9.6411851e+00  -4.5432637e+00  -4.4867068e+00   1.2865997e+00  -3.4106582e+00   6.2613966e-01  -1.3842116e+00   6.6290986e-01   1.0290867e+00  -1.6854487e+00   4.4776464e-01
   1.7110383e+01  -9.2638908e+00  -5.6028919e+00   5.5054603e+00   7.0563802e+00  -1.6178623e+00   9.3569426e+00   1.1173128e+00  -7.8361227e+00  -3.7673817e-01  -4.4481237e-01   7.2963359e-01   2.4991247e+00  -6.1802494e+00  -2.3627198e-01  -4.5723950e+00   1.3651731e-01  -8.6486266e-01   1.1876607e+00  -1.8851297e+00  -3.1899040e+00  -1.9645880e+00  -1.7935367e+00   7.6481740e-01
   1.7656180e+01  -1.4047945e+01  -4.0140619e+00   5.5980733e+00   6.3941132e+00   8.7805747e-01   1.1619714e+01  -2.8816165e+00  -8.5471583e+00  -1.0734012e+00  -7.5924494e-01   7.6275658e-01   1.6875617e+00   1.1870665e+00   4.2335958e+00  -1.2596237e+00  -1.8316112e+00   2.7809999e+00  -1.6844514e+00  -2.1724981e+00  -3.1128904e+00  -3.0759369e+00  -5.4404220e-02   1.3243803e-01
   1.5934098e+01  -9.5746329e+00  -1.0092324e+00   7.4428759e+00   5.0433823e+00   4.1283451e+00   9.3498841e+00  -3.9982640e+00  -8.9724476e+00  -1.7484812e+00  -2.0271113e-01   5.5179063e-01  -2.6420676e+00   6.7492414e+00   4.0208444e+00   5.5861268e+00  -3.0513936e+00   6.2747469e+00  -4.6344776e+00  -3.7595461e+00  -5.4112815e-01  -8.3942588e-01   1.0418007e+00  -8.3559362e-01
   1.5477586e+01  -4.8578790e+00   1.2149632e+00   9.2640301e+00   2.8913108e+00   4.7023557e+00   6.2858627e+00  -2.6493464e+00  -9.3456736e+00  -2.0017754e+00   9.2920417e-01   2.3129583e-01  -3.7113233e+00   5.5334084e+00   9.5751536e-02   6.4007529e+00   1.9699154e-01   5.0302467e+00  -5.6247994e+00  -4.6951364e+00  -1.1174451e-02   8.1413385e-01   7.6524752e-01  -7.7573082e-01
   1.4236579e+01  -3.7350616e+00  -2.1861379e+00   1.2051672e+01   4.2306911e+00   5.8821090e+00   5.0721518e+00  -4.6381414e+00  -8.2485573e+00  -1.1716899e+00   2.7366419e-01  -2.5802646e-01  -1.4553930e+00   1.4506325e-01  -1.8883897e+00   2.8095525e+00   1.0115935e+00  -1.3009073e+00  -8.6310045e-01  -3.1981241e+00   1.9418644e+00   2.3544752e+00   8.4017281e-01  -1.7853380e-01
   1.2937954e+01  -8.6676176e+00  -3.2819818e+00   1.2894805e+01   7.0959461e+00   7.5465456e+00   5.3213810e+00  -9.6043823e+00  -8.9258651e+00  -1.4059606e-01   1.5043867e-01   4.0688902e-03   1.0404748e+00  -5.3411970e+00  -1.3710262e+00  -1.5049143e+00   1.2596149e+00  -2.9260415e+00   3.7130509e+00  -2.6811945e+00   2.1620546e+00   2.7463336e+00  -2.7250496e-01   4.5061844e-01
