   1.0685281e+00   9.9816692e+00   7.7298261e+00   8.8069521e+00   8.5282147e+00   1.2117083e+01   1.0188853e+01   7.9515779e+00   4.1013335e+00   2.0243308e+00   2.5960268e-01  -2.2976378e-01  -4.3701327e-02   4.4815237e-01   3.2358660e-01  -4.2329473e-01   7.3883396e-01  -2.1154127e+00   6.8627517e-01  -3.4849476e+00  -2.7928262e+00  -3.3906834e-01   1.9320823e+00  -2.0342340e-01
  -2.4719326e-02   1.0026609e+01   5.0836090e+00   9.2417221e+00   1.0450762e+01   9.0227102e+00   9.8137798e+00   6.1691968e+00   3.5718594e+00   1.1539019e+00   1.5908839e+00  -3.0932174e-01   4.0191346e+00   1.5030691e+00  -6.2344824e-01  -4.7338312e+00  -1.6561744e+00  -2.7783814e-02   4.6473835e-01  -2.3561769e+00  -8.5224163e-01  -9.9776094e-01   8.1711354e-01   2.6379385e-01
   2.8520076e+00   1.2023829e+01   8.6106354e+00   4.7017843e+00   4.4660089e+00   7.2880910e+00   6.8146095e+00   1.8155272e+00   1.5181464e+00   1.9275256e+00   2.6212043e+00  -1.5969721e-01   4.6459346e+00   1.2974431e+00  -2.2843425e+00  -6.0019089e+00  -4.7287492e+00  -1.6191421e+00  -1.8293747e+00  -3.6311194e+00   2.1058090e+00  -1.0909590e-01  -3.8913197e-01   3.6270695e-01
   6.2664470e+00   1.1739630e+01   5.7775133e+00   2.3111036e+00   3.3766120e+00   1.1688110e+01   8.9975178e+00   3.8650094e+00   4.0596020e+00   1.9947246e+00   9.9214653e-01   8.6966101e-02   2.1570309e+00   1.1958302e+00  -3.9001770e-01  -2.0629481e+00   3.8631274e-01  -3.9675569e-01   1.0661582e+00   3.5711085e-01   3.1107355e+00   3.2451632e-01  -1.1701858e+00   1.8704174e-01
   4.8918469e+00   1.1071323e+01   3.9563603e+00   3.2693980e+00   4.9721656e+00   8.3556700e+00   7.8529224e+00   3.6569926e+00   7.0161758e+00   1.4402756e+00  -2.4726606e-02   1.1615272e-01  -3.3291874e+00   1.8220549e-01   1.7439375e+00   5.9129675e+00   7.5906248e+00   1.1224659e+00   1.9505267e-01   2.6477339e+00   2.0099202e+00  -6.0614522e-01  -1.1912052e+00   8.9744467e-03
   2.1909074e+00   1.2296607e+01   6.8257200e+00   6.8634931e+00   1.0777152e+01   7.8937871e+00   1.0893861e+01   5.7841304e+00   5.4889479e+00   1.8843014e+00   1.1585706e+00  -1.6668410e-01  -3.4124996e+00  -6.5105652e-01   3.7938629e+00   6.1531177e+00   3.4634683e+00  -1.9013366e+00  -3.0311795e+00   9.8100833e-01  -2.4136975e+00  -1.4804668e+00  -2.0492354e-02   8.3118611e-02
  -1.0400359e-01   1.2018649e+01   1.0702438e+01   1.1295041e+01   1.2151676e+01   1.0868951e+01   6.1590170e+00   4.8275675e+00   3.8183538e+00   1.0735194e+00   7.5118445e-01  -1.9410442e-02   2.0164620e+00   5.2770456e-01   6.7279842e-01   1.4911767e-01  -1.3149590e+00   3.4346725e+00  -1.8732024e+00  -3.1681617e-01  -4.1026607e+00  -1.1919397e+00   1.6654506e-01   3.4309273e-01
   3.6456228e+00   1.0289383e+01   8.0952686e+00   7.5279588e+00   4.9820593e+00   7.5794641e+00   5.2977012e+00   4.7512344e+00   2.0379667e+00  -4.2597508e-02   5.7345247e-01   2.7942560e-01   4.8273122e+00   1.1827222e+00  -5.6900606e+00  -5.1612656e+00  -5.2144173e+00   2.9534593e+00  -3.4037731e-01  -1.3483121e+00  -8.0682529e-01  -9.2027201e-01  -7.0982828e-01   3.0815113e-01
   7.1891821e+00   1.2866492e+01   4.3307836e+00   3.1608416e+00   5.8972736e+00   1.3664840e+01   7.8411985e+00   3.6982163e+00   2.5876753e+00   6.1581551e-01   5.1765006e-01   4.0773697e-01   3.4035320e+00   1.7837921e+00  -4.3588082e+00  -4.4522522e+00  -3.5543161e+00   9.5846889e-01   4.1027686e+00   6.3290084e-01   1.7000183e+00   9.7817670e-01  -5.7230577e-01   7.8503256e-02
   5.7852828e+00   1.3646768e+01   1.4764564e+00   3.1886942e+00   6.0827276e+00   1.0926032e+01   9.5422040e+00   4.3263378e+00   4.8940492e+00   7.3274535e-01   2.1059541e-01   8.1968889e-02  -1.9452464e+00   1.9271694e+00   4.4593281e+00   3.1594520e+00   2.4293373e+00  -1.3528675e-01   2.4319644e+00   2.9427149e-01   1.7971048e+00   1.6721572e+00  -1.4209388e+00  -2.6563596e-01
   3.9314643e+00   1.3015644e+01   7.4736321e+00   6.7862947e+00   6.2698677e+00   1.0633371e+01   1.0190918e+01   5.9893671e+00   4.9403400e+00   2.1531130e+00   7.4154327e-02   1.9707280e-01  -2.9670247e+00  -5.4762929e-01   6.0397561e+00   3.2207610e+00   1.0602092e-01  -3.4277072e+00  -6.8893976e-01  -1.7669938e+00  -2.5135595e+00   7.7552683e-01  -6.9539822e-01  -1.3761055e-01
   2.3566121e+00   1.3105561e+01   1.3212837e+01   1.0454410e+01   8.4397682e+00   8.8922687e+00   7.7707878e+00   4.0470662e+00   3.5572916e+00   1.6969895e+00  -1.3362079e+00  -1.3696259e-02   1.4202013e+00  -1.3758837e+00   2.6368085e+00  -1.5572371e+00  -2.0693718e+00   2.6252474e+00  -6.6133871e-01  -2.5399206e+00  -4.4967696e+00  -9.9162479e-01   7.7701022e-01   1.6485208e-01
   4.4529804e+00   1.2315652e+01   7.5222277e+00   4.3591251e+00   4.8777847e+00   9.5401608e+00   7.6934969e+00   1.1873613e+00  -5.1428509e-01   1.2969837e+00   2.4795438e-01   2.4915371e-01   3.9157858e+00  -2.4404069e+00  -5.2112952e+00  -4.3211158e+00  -3.8684660e+00   4.2279402e+00   1.4897965e+00  -2.4993541e+00  -2.1174042e+00  -1.6549533e+00   1.1502196e+00  -7.9554447e-02
   7.6548268e+00   1.1932939e+01   5.4073714e+00   2.0664234e+00   3.6747114e+00   1.5410508e+01   9.7989067e+00   2.9174598e+00   8.7620731e-01  -3.2662716e-01   1.2892107e+00   3.0320656e-01   2.6220235e+00  -2.2613304e+00  -6.1420315e+00  -3.7825799e+00  -2.1979886e+00   3.8920749e+00   3.5264882e+00   6.3976362e-01   5.9599587e-01  -4.8010765e-01   1.7793861e+00  -8.5951131e-02
   7.1560357e+00   9.9413445e+00   3.5594219e+00   4.4986144e+00   2.8496971e+00   1.3716162e+01   1.1411554e+01   2.8051391e+00   3.1047758e+00   6.8249148e-01   4.8677450e-01  -8.0710280e-02  -8.2329097e-01   7.0965358e-02  -1.0092661e+00   2.2695345e+00   4.8669923e+00  -4.9178773e-02   4.2317437e-01   1.8182782e+00   2.4978775e+00   5.7261472e-01   3.2537491e-01  -5.8379073e-01
   4.9381198e+00   1.0900719e+01   5.9811922e+00   4.7107957e+00   6.1568291e+00   1.2642381e+01   1.1201492e+01   4.1978228e+00   2.6417550e+00   1.2840742e+00   1.2134613e+00   2.2309040e-02  -2.2420393e+00   1.4218629e+00   3.6323705e-01   1.9529553e+00   6.0198613e+00  -6.5859182e+00  -3.5357282e+00  -8.5965015e-01  -9.0164193e-01   7.4819922e-01  -4.8007880e-01  -5.1312658e-01
   4.5763974e+00   1.2938210e+01   5.7214182e+00   6.4412407e+00   1.0937214e+01   1.0850456e+01   7.6269660e+00   3.2745971e+00   2.3497573e+00   1.3505551e+00   7.7389146e-01  -4.8608363e-01   8.9518823e-01   2.7550773e+00  -6.9563240e-01  -2.0184731e+00   4.9521995e+00  -2.2283977e+00  -2.7828806e+00  -9.0917625e-01  -4.0236256e+00  -3.2818026e-01  -4.6947700e-02  -4.0591265e-02
   5.5815869e+00   1.2567301e+01   4.8712288e+00   4.0245432e+00   8.6607449e+00   6.9644832e+00   6.3876084e+00   1.3932556e+00  -9.8746326e-02   4.6163987e-01   4.2553404e-01  -2.6379663e-01   2.4738662e+00   8.2612051e-01  -2.6073348e+00  -3.0982728e+00  -4.4573457e-01  -2.1012322e-02   4.9015289e-01   8.3877288e-02  -2.4928824e+00  -1.0672547e+00  -4.8184999e-01   1.1802394e-01
   8.1770845e+00   1.3240670e+01   3.0709550e+00   1.8140309e+00   9.0260385e+00   1.3212514e+01   9.6441746e+00   2.8436583e+00  -1.5604120e+00   6.0143823e-01   8.1031657e-01   1.4556577e-03   1.3266985e+00  -1.5542953e+00  -4.5888901e-02  -3.2393021e+00  -2.6626764e+00   3.0983221e+00   3.1352731e+00   1.0012553e+00   6.2483859e-01  -3.2547642e-01  -6.1212933e-01   5.3522235e-01
   6.8485755e+00   1.1988670e+01   3.3954216e+00   2.3769914e+00   6.4438152e+00   1.1429833e+01   1.0928117e+01   4.5391081e+00   8.5751595e-01   5.7750600e-02   4.7247373e-01  -4.4424702e-02  -2.9468229e-01  -1.9029091e+00   3.0511896e+00   7.0737632e-01  -2.7219757e-01   3.9293228e+00  -3.3395075e-01  -2.1552489e+00   2.5485956e+00   1.0643954e-01  -9.5199427e-01   4.2475703e-01
   5.9329509e+00   1.0896082e+01   6.3904885e+00   2.4060635e+00   8.0516645e+00   1.3265264e+01   1.0059621e+01   3.2035538e+00   2.8088840e+00   1.0642851e+00  -1.6777238e-01   2.0706393e-01  -1.0836640e+00  -2.9608510e+00   3.7527987e+00   2.4265270e+00  -1.7919010e+00  -6.5953165e-02  -5.0151849e+00  -6.0254557e+00   2.1819040e+00  -3.5399747e-01  -8.9330141e-01   1.5609560e-01
   6.2616303e+00   1.0885231e+01   7.7882465e+00   4.7895914e+00   8.7396355e+00   1.2832092e+01   5.6789589e+00  -2.0195656e+00   1.5394991e+00   3.8987575e-01  -5.1341288e-01   2.7053479e-01   1.7063839e+00  -9.9380823e-01   5.9344882e-01  -5.9659103e-01  -9.9631204e-01   2.7088480e+00  -2.5410895e+00  -5.0968749e+00  -4.4418586e-01   2.5619669e-01  -1.3255601e-01   1.2771659e-01
   6.8450610e+00   9.3511128e+00   6.5037407e+00   4.2475213e+00   5.1902768e+00   1.2412455e+01   4.7459762e+00  -2.9151884e+00   1.3714524e+00  -9.5620553e-02  -3.6692232e-02   7.8119316e-02   1.9373563e+00   7.4441897e-01  -2.9412672e+00  -3.7957868e+00  -2.6103490e+00   1.9043828e+00   1.5966926e+00   3.9006988e-01  -2.6113797e+00   9.5740893e-01   8.1335850e-01  -2.2043290e-01
   8.9520963e+00   1.1270442e+01   4.2289687e+00   5.6137594e-01   6.3800410e+00   1.5919510e+01   9.7733052e+00  -4.6833126e-02   9.0995298e-01   1.0219985e+00   2.0809965e-01   2.1162249e-01   1.4584294e+00   1.5192046e+00  -2.7429532e+00  -4.0336344e+00  -1.3297649e+00  -6.3029997e-01   4.9102188e+00   4.5320370e+00  -3.1090388e+00   1.6369876e+00   1.8003066e+00  -1.5928297e-01
   7.4937524e+00   1.1820105e+01   3.7582265e+00  -1.1735089e+00   5.3159382e+00   1.4578129e+01   1.0407487e+01   2.8022924e+00  -7.9341243e-01   2.1843371e+00   6.9150910e-01  -9.4129274e-02   1.1100106e+00   1.5973765e+00   1.8580169e+00  -3.5719305e-01   2.4802505e+00  -4.3405316e+00  -5.7777489e-01   5.1148899e-01  -3.5384478e+00   5.5065378e-01   1.2461193e+00  -9.1761942e-02
   8.1249287e+00   1.1929541e+01   5.0465737e+00   1.4496550e+00   6.6821575e+00   1.0803805e+01   1.0213532e+01   1.9197495e+00  -2.0416267e+00   1.7053783e+00   1.8229463e+00   1.1773463e-01   9.0425265e-01  -5.5417113e-01   3.1551717e+00   8.0709228e-01   2.0828364e+00  -6.7745448e+00  -5.2065494e+00  -2.1805008e+00  -1.5740148e+00  -1.7622383e+00   3.9756168e-01  -7.4735747e-03
   8.9236608e+00   1.1417628e+01   8.8819635e+00   3.2675922e+00   8.7595943e+00   8.4595099e+00   3.6592006e+00  -3.1312462e+00  -2.4604295e+00   3.8867022e-01   1.0250635e+00  -1.2579665e-02   2.6047331e+00  -8.1174612e-01  -5.0828942e-01   3.8123210e-01   1.1294764e+00  -1.0514550e+00  -2.0517343e+00  -5.6738295e-01   8.7185787e-01  -1.4371989e+00  -5.9547575e-01   1.4646666e-01
   9.5935211e+00   1.0640424e+01   6.3998577e+00  -4.4853621e-01   7.7824676e+00   8.8170027e+00   5.3376243e+00  -3.5081497e-01  -6.1756065e-01  -7.2352556e-01   6.3766498e-01   1.5963733e-01   8.2668122e-01  -1.2221251e+00  -4.4414092e+00   3.3340721e-01  -3.4910918e+00   3.5186067e+00   1.0085601e+00   2.7619271e+00   3.8559495e+00   4.3405152e-01  -1.5315943e+00  -8.2097451e-02
   1.0666556e+01   1.1247044e+01   2.3191504e+00   3.4743484e-01   6.4599979e+00   1.3994348e+01   9.7678393e+00   3.0865002e+00  -1.9765866e-01   1.2429907e+00   3.9093613e-01   1.0461936e-01  -9.8385602e-01   6.1072346e-01  -2.9748614e+00  -2.7963264e-01  -5.1371171e+00   4.7055080e+00   3.7997209e+00   3.3857710e+00   2.6382544e+00   2.0907275e+00  -6.4604950e-01  -6.2649882e-02
   8.4935030e+00   1.0181646e+01   1.6658665e+00   3.4098445e+00   2.5953180e+00   1.3314296e+01   8.6720525e+00   2.9537669e+00   2.6109120e+00   1.9292953e+00  -1.5738151e-01  -6.4011066e-02  -1.5920093e+00   9.8597976e-01   4.3919097e+00   1.8151212e+00  -3.7000037e+00  -1.4112036e+00  -4.4580693e+00  -2.6607220e+00   1.2558776e+00   1.2466837e+00  -4.3689022e-01  -1.4729597e-01
   7.9978858e+00   1.2563102e+01   6.7866670e+00   9.1895292e-01   3.6474934e+00   1.3269125e+01   7.6915678e+00   2.9511932e-01  -1.1728420e-01   2.1983511e+00   4.5351245e-01   5.2697079e-03  -8.1890591e-01   9.5529071e-02   5.7718201e+00  -7.0429898e-01  -1.5714253e+00  -4.9614743e+00  -4.7499114e+00  -4.9470692e+00   4.8155937e-01  -1.0645175e+00  -7.3462311e-01  -1.7367992e-02
   8.5398421e+00   1.1461365e+01   1.0753964e+01   1.9883865e+00   3.6387142e+00   7.0628086e+00  -3.1134387e-01  -2.9462075e+00   1.2260686e+00   6.6881977e-01  -4.8958515e-02  -1.1631803e-02   1.6319853e+00  -7.7444171e-01   2.7213995e+00  -4.0373023e+00   7.1045313e-01  -5.8401332e-01   1.9845835e+00  -1.8555578e+00   3.8431898e-01  -7.2092964e-01  -1.6217908e+00   2.6498743e-01
   9.4150274e+00   1.0750478e+01   6.4328318e+00   1.7153679e-03   3.5811617e+00   9.6778801e+00   7.1346703e+00  -1.3841164e+00   1.2171021e+00   2.7645216e-01  -7.6521003e-01   5.2377744e-02   1.0597212e+00  -2.7999592e+00  -2.1599555e+00  -2.0374024e+00  -1.8421093e+00   2.3419158e+00   6.1612919e+00   3.2400121e+00   2.7210955e+00   7.0329354e-01  -2.3406199e+00   2.4310504e-01
   1.0232910e+01   9.9262950e+00   5.9248834e+00  -2.1874902e+00   3.6941635e+00   1.4233899e+01   1.1927376e+01   1.0100481e+00   2.5201973e+00   1.8088503e+00  -1.9807064e+00   3.0991607e-01   7.3343549e-01  -5.4075883e-01  -2.6724032e+00  -7.4945943e-01  -1.7440847e+00   5.3238356e+00   7.0338358e+00   2.7946951e+00  -2.4347542e-02   1.9148052e+00  -1.6377456e+00   1.8445535e-01
   8.7409337e+00   9.1306985e+00   5.9612740e+00  -4.9212278e-02   8.5660485e-01   1.3196454e+01   1.0814145e+01   3.1770096e+00   3.3172947e+00   2.6832761e+00  -2.0915435e+00   2.0915333e-01   7.9319712e-02   1.8852475e-01   1.1199702e+00   2.4527627e+00  -4.6852720e-01   8.1622907e-02  -2.2090142e+00  -2.9039675e+00  -1.7514981e+00  -3.3860754e-01  -5.8419469e-01   1.3356934e-02
   9.9770422e+00   1.1460116e+01   6.9811381e+00   8.8966117e-01   2.3848656e+00   1.3289275e+01   8.3996723e+00  -1.0347279e+00   1.3945098e-01   2.3376156e+00  -1.8424102e+00   1.8666342e-01   1.3996917e-01   2.3340618e+00  -5.8696850e-01   1.4059537e+00   2.4137732e-01   7.8929086e-02  -4.6375467e+00  -3.0822949e+00  -2.2034159e+00  -2.3057659e+00   1.0583730e+00   8.2018240e-02
   9.6619409e+00   1.0266355e+01   7.5846598e+00   2.1422837e+00   3.5330199e+00   1.0272626e+01   5.5850011e+00  -4.7176797e+00  -2.1977181e-01  -4.9584178e-01  -1.7106502e+00   1.3403947e-01   4.1684427e-01   1.0575732e+00  -1.9096235e+00  -2.2050713e+00   2.7526927e+00   3.8853204e+00  -9.1271641e-01  -1.6004552e-01  -4.3082240e-01  -1.2525651e+00   7.3702763e-01   2.7210145e-02
   9.9823602e+00   1.2859559e+01   4.2327378e+00  -1.1743076e+00   2.7180220e+00   1.5814206e+01   7.5856286e+00   3.3395045e-01   9.8360666e-01  -6.0239689e-02  -5.8359363e-01   4.7050036e-01  -1.3371940e+00  -2.0378645e+00  -1.8934723e+00  -2.7984628e+00   1.6558796e+00   3.5538558e+00   4.0076524e+00   4.2314687e+00   3.3382618e+00   8.3874930e-01   2.8155414e-01  -7.8166932e-02
   9.3635411e+00   1.0017337e+01   4.4710389e+00  -2.3248349e+00   4.8190657e+00   1.7761969e+01   9.8520927e+00   2.2526022e+00   2.2489832e+00   2.0033561e+00  -1.6154104e+00   1.0805008e-01  -7.7859522e-01  -5.1582838e-02   5.5178277e-01  -6.9668835e-01  -2.1975443e-01   1.1188837e+00   2.8140030e+00   1.4263856e+00   1.3219067e+00   5.0380153e-01   2.4302121e-01  -2.2468576e-01
   8.1204512e+00   8.5278287e+00   5.6977400e+00  -1.0744738e+00   4.2256620e+00   1.4875387e+01   1.2277605e+01   1.8273342e+00   3.9124661e+00   2.3461406e+00  -1.4676989e+00   8.2407720e-02  -7.3771651e-01  -6.1147072e-01   3.4933993e+00   2.7532930e+00  -2.1629916e-01  -4.3693934e+00  -5.5904338e+00  -3.7326923e+00  -2.3536607e+00  -2.9388067e+00   7.0576096e-01  -3.0947565e-01
   9.4250026e+00   1.2354846e+01   7.6798328e+00   1.0473342e+00   2.4495682e+00   1.2420361e+01   7.4600174e+00  -3.3247932e+00   2.9865845e-01  -9.4332961e-01  -9.0406571e-01  -8.9428495e-03   8.0342264e-01   1.7348512e+00   1.6455448e+00   1.5209937e+00  -1.0549480e+00  -4.7351905e-01  -4.6104627e+00  -2.3312926e+00  -3.4958273e+00  -2.9384323e+00   1.6830685e+00  -1.1097255e-01
   8.8450547e+00   1.0773599e+01   7.8684398e+00   1.2695473e+00   3.5783220e+00   1.1930920e+01   3.9601547e-01  -2.4763903e+00  -1.5717219e+00  -2.9951069e+00   1.1937549e-01   6.4783343e-02   7.2303642e-01   1.0682969e+00  -7.7823451e-01  -1.3935541e+00  -4.0932040e-02   4.0806249e+00   1.7008682e+00   1.4496742e+00  -2.9948966e+00   1.2759321e-01   9.0124718e-01  -2.6960768e-01
   1.0206373e+01   1.1496729e+01   5.8540062e+00  -1.2153549e+00   3.5603138e+00   1.8523924e+01   8.8771935e+00   9.0752552e-01  -2.5266363e-01   2.6633141e-01   1.1565513e-01  -4.9596556e-02  -1.0656878e+00  -1.0703829e+00  -2.6488504e+00  -1.4404227e+00   1.2295920e+00   4.6006544e+00   7.1082676e+00   4.3879623e+00   2.2286550e+00   3.1682873e+00  -6.0970935e-01  -1.0052857e-01
   8.8143205e+00   1.0559333e+01   5.4433015e+00  -2.0334604e+00   3.6088911e+00   1.7944543e+01   1.4120319e+01   1.8856862e+00  -3.0421772e-01   1.9326999e+00  -6.2568857e-01  -3.0167694e-01  -5.2333901e-01  -3.3197726e-01  -9.4847093e-01   1.4635099e+00   1.7938729e+00  -2.2307242e+00   3.9902389e+00   5.2805646e-01   1.4526117e+00   1.9468728e+00  -1.3456458e+00   1.6891202e-01
   7.8418380e+00   1.0856405e+01   4.9191264e+00   5.3820402e-01   4.2786716e+00   1.6314531e+01   1.1260267e+01   1.0761120e+00   3.0078889e+00   1.3451979e+00  -1.4460977e+00   2.3494442e-02  -7.2751624e-01  -9.9546801e-01   8.8772517e-01   4.6326697e+00   1.5256648e+00  -9.6517061e+00  -5.9336395e+00  -3.3732908e+00  -5.0005677e-01  -1.6961780e+00  -5.9816565e-01   4.5336432e-01
   9.2423139e+00   1.0595795e+01   6.9131733e+00   2.5880327e+00   5.9099523e+00   9.6895299e+00   5.1898372e+00  -1.7685989e+00  -1.0230807e+00  -6.1423093e-01  -1.1182168e+00   2.8160587e-01   1.4417017e+00  -1.1841990e+00   5.8273646e-01   2.9412622e+00   1.3927592e+00  -4.5260620e+00  -3.8918582e+00  -2.6722808e+00  -5.7287645e-01  -1.4349701e+00   7.8647249e-02   5.1925310e-01
   8.9011022e+00   9.9852955e+00   6.4506581e+00   3.4229032e+00   4.6982804e+00   8.1738717e+00   4.4419754e+00  -2.3252681e+00  -6.4331729e-01  -1.0044702e+00  -5.3532921e-01   3.3880852e-01   1.4830360e+00  -1.7383664e+00  -3.0801288e-01  -8.5069096e-01  -3.5103612e-01   2.9956060e+00   2.0105806e+00   4.0928078e-01   3.9193817e-01   5.5002520e-01  -3.2449140e-01   2.4460328e-02
   1.0447241e+01   9.2185888e+00   5.5516404e+00   9.3608336e-01   5.4882255e+00   1.5225780e+01   1.1691678e+01  -4.2204501e-01   6.6207067e-01   9.5507876e-01  -9.6310194e-01   3.1954566e-01  -4.5031617e-01  -2.7081500e-01  -1.1992640e+00  -1.7381317e+00  -2.7595199e+00   7.5393546e+00   6.6932739e+00   2.7475620e+00   2.7905929e+00   1.6854187e+00  -7.4461665e-01  -1.6751193e-01
   9.4639284e+00   8.9374581e+00   5.1378735e+00   8.8142246e-02   3.9629809e+00   1.8039815e+01   1.1025218e+01   1.0167563e+00   2.7532204e+00   1.3855809e+00  -2.0103923e+00   4.1215036e-02  -2.1743511e-01   1.9064009e+00  -1.1900275e+00  -2.9939925e-02  -2.8499348e-01   2.3120378e+00   1.3106860e+00  -4.7014829e-01  -1.4609060e+00   5.6625259e-01  -5.3252910e-01  -1.9225992e-01
   8.2854265e+00   1.0713491e+01   5.7706697e+00   1.6482156e+00   2.1383222e+00   1.6065590e+01   1.1938127e+01   6.8173190e-01   1.4645398e+00   7.1887163e-01  -1.4976103e+00   1.7913471e-01  -6.1897575e-01   1.9856462e+00   8.9213412e-02   9.2404920e-01   1.8721860e-01  -3.8972281e+00  -6.2526163e+00  -2.2064397e+00  -3.5176965e+00  -9.1845076e-01   3.0419499e-01  -3.2924264e-02
   9.6558567e+00   1.2097446e+01   4.5561022e+00   3.0219272e+00   5.9457418e+00   1.1222023e+01   6.2847799e+00  -3.5823790e+00  -3.2359108e+00  -3.6987769e-02  -1.0668687e+00   1.2062412e-01   2.1169885e-01   3.6015839e-01   2.4681177e+00  -3.2500675e+00   2.0506286e-01   1.6945095e+00  -2.7541228e+00  -1.7058882e+00  -1.7997642e+00  -2.1165651e-01   6.0783585e-01   6.5610405e-02
   9.4228131e+00   1.0617064e+01   5.9763462e+00   8.5526468e-01   4.7776729e+00   1.2788834e+01   4.6829722e+00  -1.4321369e+00  -1.6199085e+00   2.8868695e-01  -9.7857125e-01   2.3045473e-01  -7.8851767e-01  -2.0607050e+00   3.4195686e+00  -5.0005131e+00  -2.4736514e+00   6.1706037e+00   2.4658486e+00   8.4100918e-01   2.1212634e+00   1.0962732e+00  -3.6349890e-01  -8.6991407e-02
   9.2127834e+00   9.5259091e+00   8.7372118e+00  -4.3904836e+00   2.9508998e+00   2.2219958e+01   1.0521611e+01  -4.8514157e-01   1.5957982e+00   1.2831885e+00  -1.3581580e+00   1.1397064e-01  -2.1993135e+00  -1.5742252e+00   4.3025117e+00  -3.8433367e+00  -4.4706289e+00   5.8388681e+00   5.0037466e+00   3.3456552e+00   4.1130118e+00   1.3133452e+00  -8.7495807e-01  -8.1447924e-02
   7.3241867e+00   8.9082018e+00   8.8094679e+00  -2.1463487e+00  -7.4733808e-02   1.9822528e+01   1.3518484e+01   3.9462696e-01   2.2305804e+00   1.7031933e+00  -1.8972140e+00   5.1974339e-02  -1.8393431e+00   7.8309101e-01   4.3466630e+00   1.9356754e+00   1.4845202e-01  -4.6824883e+00  -1.2486755e+00   8.3912569e-01  -8.5293215e-01  -1.6119414e+00  -4.5357650e-01  -8.2368145e-02
   7.4061997e+00   1.0590539e+01   9.5933089e+00  -1.2422711e+00   1.6660018e+00   1.6463478e+01   9.3726436e+00   5.2272185e-01   1.0083625e+00   1.2257768e+00  -1.9199844e+00   8.7692424e-02   4.4736016e-01   1.0577602e+00  -1.0689095e-01   4.4922024e+00   2.6260258e+00  -1.1129360e+01  -5.1587330e+00   1.4996178e+00  -2.4976415e+00  -3.4347154e+00   1.7580718e-01   2.6549526e-01
   7.5670902e+00   1.1259386e+01   1.2068292e+01   2.1846716e+00   5.6427999e+00   8.6433411e+00   3.3844425e+00  -6.7738007e-01  -2.6055889e+00  -2.1005193e+00  -1.3780228e+00   1.2004162e-01   3.0369718e+00  -3.8604334e-01  -3.4640974e+00   9.0049511e-01   2.8274786e+00  -2.2917351e+00  -1.8776925e+00   2.5708487e+00  -9.1070713e-01  -2.3699417e+00   4.9817028e-01   3.6655762e-01
   9.7623719e+00   9.9369575e+00   6.9474632e+00   1.8230980e-01   4.0311716e+00   1.1115511e+01   7.8505322e+00   2.3002887e+00   2.6742061e-01  -1.9670284e+00  -1.3540428e+00   4.7817989e-01   2.1885467e+00  -2.0642255e+00  -5.9493245e+00  -4.6528316e-01   4.0276266e-01   2.4461788e+00   4.0730050e+00   2.9315182e+00   2.5019165e+00   2.7278563e-01  -5.1657335e-02   2.3695359e-01
   1.0701558e+01   8.6559276e+00   4.9362446e+00  -1.5078965e+00   2.9838992e+00   1.9058909e+01   1.1463001e+01   3.3621166e+00   1.2349906e+00  -2.5531663e-01  -1.4329294e+00   4.0656704e-01   5.8310656e-01  -1.9523262e-02  -6.2689164e+00  -1.3952697e+00   5.5678516e-02   4.5233213e+00   6.3923502e+00   1.6130956e+00   4.3518605e+00   1.6585419e+00  -5.3872449e-01   6.0857785e-02
   9.1217857e+00   8.7959299e+00   4.2353459e+00  -9.3911820e-02   3.5995962e+00   1.4924962e+01   1.1442872e+01   2.9002509e+00   2.8409475e+00   7.1235394e-01  -1.9700171e+00   2.9986009e-01  -1.1660218e+00   1.9953732e+00  -4.2250086e-01   2.8734226e+00   1.1988694e+00  -4.8121569e+00  -4.5837441e+00  -3.7125087e+00   6.9855274e-01   1.0241249e+00  -1.1197873e-01  -2.8611367e-01
   8.7620431e+00   1.1800615e+01   4.0209762e+00   2.2987792e-01   5.9421054e+00   1.3523598e+01   1.1176798e+01   1.4422822e+00   2.6354384e+00  -9.5239766e-01  -1.8781224e+00   3.0048819e-01   5.3265036e-03   1.0318825e+00   1.3380485e+00   1.3006998e+00   1.6566723e+00  -8.1771576e+00  -4.8576352e+00  -2.0345163e+00  -1.5530140e+00  -6.8755650e-01   8.4101125e-01  -1.4003980e-01
   8.9830968e+00   1.1357674e+01   6.7713461e+00   3.6235564e+00   4.3503727e+00   6.6649318e+00   1.1180177e+00  -2.3085571e+00   6.1502583e-01  -8.2300587e-02  -1.2994144e+00   1.0204881e-01   1.5601794e+00  -8.8347707e-02  -3.8352360e-01  -2.4612904e+00   1.1327501e+00  -6.8064054e-01   1.5847972e+00   1.9166016e+00  -3.2687548e+00  -9.9776885e-01   1.7727838e+00   9.2429735e-02
   1.0778893e+01   8.9228795e+00   5.6753172e+00  -1.4155809e+00   5.0935194e+00   1.0923188e+01   9.3389755e+00   2.9147461e+00   1.8430521e-02  -8.8932411e-01  -5.0671384e-01   2.9541298e-01   1.2966437e+00  -2.4037372e+00  -2.4460572e+00  -2.2249054e+00  -3.5661511e-01   2.6702043e+00   5.7309604e+00   5.1934094e+00  -1.8735210e+00   3.4388082e-01   1.6694932e+00  -6.0764329e-02
   1.0453630e+01   1.0102276e+01   2.8328900e+00  -2.9631180e+00   5.7230143e+00   1.5204207e+01   1.4738979e+01   5.0389213e+00  -7.5368081e-01  -8.1583611e-01   3.4542445e-03   4.4104230e-01  -3.5073011e-01   2.4963629e-01  -3.1171372e+00  -2.8718798e+00  -2.5058889e-01   5.9247345e+00   7.9159993e+00   6.1890648e+00  -8.2805230e-01  -4.3077629e-01   1.0491079e+00  -6.5844918e-02
   9.9717421e+00   8.8227077e+00   2.3211185e+00   1.8585709e-01   4.7208619e+00   1.3259267e+01   1.2962758e+01   5.5586571e+00   5.0951026e-01  -6.9808672e-02  -2.5316859e-02   3.9844952e-02  -2.8099247e+00   1.2767500e+00   9.2959639e-01   3.4636903e+00  -1.3810172e+00  -2.4834927e+00  -3.0025236e+00  -2.1761014e-02  -1.6808422e+00  -4.2392238e-01  -2.3628116e-01  -4.6793964e-01
   8.8605769e+00   1.1782214e+01   3.7727396e+00  -1.4849823e+00   4.1608181e+00   1.4383994e+01   1.1180125e+01   5.6530845e+00  -8.7259249e-01  -1.1382227e+00   3.3548880e-02   1.3106545e-01  -8.9275676e-01  -8.5430692e-01   2.0136520e+00   3.2011068e+00  -1.2350684e+00  -3.0596992e+00  -4.1708101e+00  -2.5894172e+00  -9.3285505e-01   7.1232724e-01  -7.1107784e-01  -3.1915107e-01
   7.3605321e+00   9.9980355e+00   6.5997870e+00   3.0408867e+00   3.8030917e+00   7.6080548e+00   6.6146167e+00   2.5750230e+00  -2.4433770e+00  -1.3640144e+00  -8.7618289e-01  -2.5150806e-01   6.6881960e-01  -1.0821558e+00   4.4319654e-01  -1.6750242e+00   5.7087556e-01   2.2826621e+00   1.3468121e+00  -2.0160179e+00  -7.7295640e-01   7.8443392e-01  -4.9242573e-01   1.5781367e-01
   1.0420100e+01   8.2331517e+00   3.7140338e+00   4.1102740e-01   4.3292968e+00   1.3440264e+01   1.1656834e+01   2.6466125e+00  -6.7651975e-01   8.9975759e-01  -6.3772949e-01   1.0799220e-01   1.0403256e+00  -1.9764480e+00  -1.9849209e+00  -2.4338530e+00   2.3412862e+00   3.9031101e+00   2.3450471e+00   6.5962415e-02   2.8639896e+00   1.5617177e+00  -5.7663993e-01   1.3744547e-01
   1.0195210e+01   8.9740051e+00   3.0152662e+00  -3.2746841e+00   5.4929359e+00   1.7155125e+01   1.4744622e+01   4.0378662e+00  -7.4796071e-01   8.7852035e-02  -4.2831626e-01   2.8810209e-01  -2.3645561e-01   2.2260738e-01  -4.7439277e+00  -3.8556568e+00   2.5144067e+00   6.7564983e+00   3.5406350e+00   1.1001494e+00   3.2993446e+00   2.5128591e+00   4.8201603e-01   1.1451232e-01
   9.0037264e+00   9.3295572e+00   2.5876186e+00  -1.9779763e+00   6.8278253e+00   1.5465124e+01   1.0632693e+01   5.0206065e+00   2.5756838e+00   4.7842067e-01  -1.0553443e+00   6.7428589e-02  -4.0083144e+00   8.0741551e-01   1.4752198e-01  -7.3709165e-01   1.5550295e+00   4.0213281e-01  -3.6412063e+00  -2.6496295e+00   8.5809899e-01   6.8326264e-01   4.9663484e-01  -5.3302717e-02
   7.7140355e+00   9.7837437e+00   4.7102938e-02  -1.5480966e+00   6.3254375e+00   1.6730372e+01   1.2437639e+01   3.0382500e+00   8.7953806e-01   2.6159428e+00   5.5648577e-02  -5.9457776e-02  -9.5990790e-01  -5.8223010e-01   3.8110925e+00   2.9852693e-01  -2.0480990e+00  -1.4687155e+00  -4.0831190e+00  -2.7815976e+00  -7.3255808e-01  -3.9566728e-01   5.4255532e-01   1.8103943e-01
   5.6482156e+00   9.0394056e+00   5.4193984e+00  -1.5579038e+00   6.2455903e+00   1.4255839e+01   7.3485160e+00  -8.2802375e-01  -2.0312065e-01   6.6060618e-01  -1.3475965e-01   2.0181805e-01   1.8230347e+00  -1.0065148e+00   3.7397193e+00  -1.2920333e+00  -2.5396603e+00   1.1115981e+00   1.6686474e+00  -1.1930816e+00  -2.0426933e+00  -1.6570067e+00  -1.3797740e-01   4.2925837e-01
   1.0433103e+01   8.2457358e+00   7.3160151e+00  -3.0369299e+00   2.7119050e+00   1.5556694e+01   1.0262032e+01   2.7897850e+00  -4.5739562e-01  -5.9674163e-01  -7.4775628e-02   4.9246651e-01   2.6634649e+00  -1.6030667e-01   2.2232725e+00  -1.0970697e+00  -1.5467649e+00   5.2001155e-02   2.7849100e+00   1.1612808e+00   1.1622846e+00  -1.6603461e+00  -1.2187290e+00   9.7119350e-03
   1.0378744e+01   8.5887890e+00   4.5627415e+00  -3.1716097e+00   4.8251012e+00   1.7719360e+01   1.4223468e+01   3.3552166e+00   1.8011070e-01  -4.0074719e-01  -1.1970983e+00   4.3535400e-01   7.2165128e-02  -2.0451172e-01  -5.0103281e+00  -9.9834257e-02   3.2366259e-01   2.4908164e+00   6.0171271e+00   4.5604545e+00   2.9887848e+00   4.5886340e-01   2.5399726e-01  -4.4943982e-01
   9.3439685e+00   9.7685920e+00   3.8103401e+00  -2.3868482e+00   4.7155347e+00   1.5076613e+01   1.3177528e+01   2.6885510e+00   2.4313493e+00   6.5610033e-01  -1.2412756e+00  -1.6165785e-01  -5.4482660e+00  -1.1326708e+00  -5.9059753e+00   2.0128276e+00   1.2497299e+00   7.9880114e-01   1.3120803e+00   8.2207494e-01   1.7049708e+00   5.7088380e-01   1.7393823e+00  -7.7068300e-02
   6.3010308e+00   7.9712099e+00  -3.4325623e-01  -2.0326960e+00   5.7292693e+00   1.8232104e+01   1.4916459e+01   6.0632750e+00   2.8356841e+00   7.2248030e-01   8.2948622e-01  -1.4527949e-01  -2.0865232e+00   8.7046663e-01  -1.4663664e+00   2.7800184e+00  -2.0032577e+00  -2.9356181e+00  -2.0154364e+00   7.4336611e-01  -1.1314688e+00  -4.4847700e-01   1.5428532e+00   1.0284105e-01
   4.2995613e+00   6.8555192e+00   9.1005093e-01  -5.8714535e-01   4.1344157e+00   1.6498524e+01   1.1883657e+01   2.6688682e+00   7.7227390e-01  -3.0202968e-01   1.5210056e+00   6.6718080e-01   1.6003835e+00   1.6881919e+00   6.4572898e-01   2.2558812e+00  -2.4353548e+00  -1.7518680e+00  -1.9110030e-01   1.8390191e+00  -3.2040271e+00  -9.2238606e-01  -2.7898261e-01   2.3413569e-01
   9.7711633e+00   1.1351025e+01   3.8133365e+00   9.8566553e-02   2.1107742e+00   1.2604978e+01   1.1847249e+01   4.4801071e+00  -6.8755474e-01  -5.9439769e-01  -2.6395903e-01   1.7519626e-01   3.8240189e+00   2.6835056e+00   2.9674958e+00   1.7429022e+00  -1.3350778e+00  -4.0520063e+00  -1.2349577e+00   2.3349698e+00  -1.4053444e+00  -4.5513755e-01  -2.0513619e+00  -1.4396213e-01
   1.0009478e+01   1.0610972e+01   2.7006372e+00  -6.8657697e-02   2.8717501e+00   1.5262374e+01   1.4425483e+01   6.2386636e+00  -6.1307188e-01  -6.9039773e-02  -1.1130269e+00   2.9307813e-02   8.5873027e-01   8.6633560e-01  -3.5264474e-01  -1.3787424e+00   3.2880868e+00  -2.2709011e+00  -5.3448183e-02   6.0909906e+00   2.0125216e+00  -1.1549000e-01  -6.1074094e-01  -3.7381286e-01
   9.1821011e+00   1.0118742e+01   3.2126944e+00   3.2241350e-01   4.3579854e+00   1.2772170e+01   1.1793109e+01   7.7808321e+00   1.4203404e+00  -7.6720983e-02  -9.3054039e-01  -4.2286195e-02  -5.5744349e+00  -3.6839897e+00  -2.5091625e+00  -2.7073566e+00   3.6570345e+00  -1.5625913e+00  -1.9619278e+00   9.5708644e-01   2.6584593e+00   1.4007774e+00   1.5146457e+00   2.1553293e-01
   5.8821878e+00   8.7711643e+00   6.8140487e-01  -2.7671824e+00   7.9429404e+00   1.3008576e+01   1.1830555e+01   1.0154992e+01   2.7371088e+00  -7.3410303e-01   9.3818483e-01   2.1520274e-01  -2.3264516e+00  -1.8202605e+00  -1.3345993e-01  -1.3558548e+00   2.0531696e-01  -1.2747561e+00  -2.3983305e+00  -4.1877616e+00   1.8455426e-01   4.6209990e-01   1.2492562e+00   2.7284948e-01
   3.4731557e+00   6.7449448e+00   1.0592089e+00  -2.6132060e+00   5.0607307e+00   1.1387990e+01   1.0201821e+01   3.9575728e+00   1.6250439e+00   1.8393000e+00   9.8240370e-01   4.0554820e-01   1.4851908e+00   7.7319379e-01  -6.5523362e-01  -1.2502905e+00  -6.5716602e-01   3.7014453e+00   1.7264109e+00  -5.9356896e+00  -1.9871912e+00  -3.1067721e-01  -4.4885790e-01   3.3149917e-01
   9.3742727e+00   9.5674799e+00   3.5771900e+00  -6.3463017e-01   2.8283528e+00   1.4042330e+01   1.1623631e+01   1.8686508e+00  -4.3859222e-01  -3.3390040e-01  -1.9561462e-01   2.1466483e-01   3.6035829e+00   3.1382212e+00  -3.9392492e-01   1.3594150e+00  -7.2323945e-01   2.6964800e+00   3.8314963e+00  -3.9347593e+00  -2.5859929e+00  -4.2494321e-01  -1.8945741e+00  -4.5009237e-02
   9.6638449e+00   1.0880375e+01   7.8195135e-01  -2.6192984e+00   5.9295301e+00   1.7807461e+01   1.4486188e+01   3.0204681e+00   2.7404070e-02  -7.4283811e-01  -1.0369275e+00   4.5523150e-01   1.3694385e+00   2.6193331e+00  -1.6756601e+00   1.4811338e+00   3.4342231e+00   1.3723278e+00   5.7222956e+00   2.1271955e+00  -8.0207084e-01  -1.1348928e+00  -6.8454880e-01  -2.0759903e-01
   8.1922176e+00   1.1410781e+01   2.2914624e-01  -7.2501365e-01   6.4236815e+00   1.3843561e+01   1.5435616e+01   4.7214050e+00  -3.4306067e-01  -8.0448812e-02  -8.9401073e-01   1.2284723e-01  -4.5731968e+00  -1.8975974e+00  -2.0254150e+00   1.8654573e+00   5.0834607e+00  -5.0301888e+00  -1.9958234e-01   4.3829057e-01   1.6369722e+00   1.1713305e-01   3.8253376e-01  -1.1154297e-01
   6.1183410e+00   9.7522937e+00   2.1974060e-01  -3.4631356e-01   8.4144010e+00   1.3545866e+01   1.6879272e+01   5.7219890e+00   3.7417185e-01   1.0235019e-02   3.0477855e-01   1.4005846e-01  -1.9511579e+00  -2.7983361e+00   2.5193895e+00   1.7984963e+00   1.3030946e+00  -6.6993882e+00  -4.6904919e+00  -1.3413495e+00   2.7238474e+00  -4.6664838e-01  -1.9586898e-01   1.0408502e-01
   4.2872295e+00   7.2851244e+00   8.2017287e-01   1.0270633e+00   9.2111084e+00   8.6278440e+00   1.0127715e+01   1.1753262e+00   1.8434822e+00  -5.3473740e-01  -2.9266701e-01   2.0493690e-01   2.2411172e+00  -1.1314784e+00   3.2435579e+00  -2.8521554e+00  -6.7386185e-01   1.1606839e+00  -4.0426105e+00  -1.8943817e+00   1.9712938e+00  -1.7466087e+00  -7.2447573e-01   4.0239260e-01
   8.6896021e+00   8.7456991e+00   4.2655224e+00  -7.9759245e-01   6.4904585e+00   1.0366237e+01   1.0104400e+01   2.7814833e+00   3.0199037e+00  -1.2156664e+00  -1.6314028e+00   5.7031420e-01   3.7297300e+00   7.5253372e-01   2.9008154e+00  -5.5091740e+00  -1.0461642e+00   5.2108627e+00  -1.8596558e+00   1.3851397e+00   4.0549826e-01  -1.3535250e+00  -1.0365733e+00   1.4044939e-01
   1.0268263e+01   1.0216861e+01   3.0715922e+00  -4.7776073e+00   6.3748600e+00   1.7174401e+01   1.2759136e+01   3.3500853e+00   1.2910141e+00  -2.0874112e+00  -1.0126336e+00   5.1130825e-01   1.3072781e+00   1.9212381e+00   5.4611098e-01  -3.2490219e+00  -7.2558068e-01   6.7769408e+00   4.0015051e+00   5.7918685e+00  -1.0370305e+00  -2.9816368e-01   7.4284531e-01  -2.0526811e-01
   8.7224194e+00   9.4152260e+00   3.4452540e+00  -5.7077393e+00   8.2632788e+00   1.7088882e+01   1.2774078e+01   6.7123189e+00   1.2586533e+00  -1.2437156e+00  -8.9009805e-01   1.9754686e-01  -5.3245273e+00  -2.2080739e+00  -1.4925080e+00   9.0216305e-01   2.9058785e+00   1.5318117e+00   5.4764559e-01   3.4392987e+00  -2.6589646e+00   6.8221192e-01   1.9964371e+00  -1.7855383e-01
   6.2317380e+00   9.8322180e+00   2.0494735e+00  -1.3913962e+00   7.2363272e+00   1.5431933e+01   1.4795134e+01   7.8977111e+00   1.1685616e+00  -9.6795832e-01   4.5094856e-01   8.3418395e-02  -3.9651819e+00  -2.6580756e+00  -8.7451044e-01   5.0244449e+00   1.8211820e+00  -4.8211552e+00  -4.5892968e+00  -7.0460614e-01   1.0403985e-02   1.5368193e+00   8.4490167e-01  -1.5294018e-02
   2.7210736e+00   5.6259097e+00   2.5378197e+00  -1.1374534e+00   1.0418543e+01   1.3535189e+01   9.9078697e+00   5.6666185e+00  -9.0731702e-01  -7.5207496e-01   6.3146172e-01   5.1642838e-01   1.9762268e+00   7.7042189e-01  -3.1269605e+00   1.2986954e+00   1.1286692e+00  -2.0474595e+00  -2.4363684e+00  -4.4806891e+00  -6.3503995e-01   6.3736641e-01  -1.3501481e-01   1.3732984e-01
   7.3211629e+00   8.1244057e+00   2.2135437e+00   4.7391714e-01   8.0290010e+00   1.1719515e+01   7.3082951e+00   2.8160263e+00   2.3896052e+00  -2.8002597e-02  -5.0606099e-01   3.2892646e-01   5.3321511e+00   2.3083266e+00  -3.2202374e+00  -2.6042421e+00   1.6942430e+00   2.1498797e+00   1.6238499e+00  -2.4467075e+00  -8.9485121e-01  -3.1752397e-01  -1.2794595e+00  -1.9463991e-02
   1.1142047e+01   1.1424765e+01  -1.3272218e+00  -4.6923528e+00   9.5599458e+00   1.5873901e+01   1.2862945e+01   2.5321277e+00  -3.0442849e-01  -7.5764385e-01  -6.1411549e-01   2.8078758e-01   4.0776630e+00   4.5281006e+00  -2.6204006e+00  -8.7055039e-01   8.6219730e-01   2.2843889e+00   4.3947847e+00   3.3905764e+00   2.0959381e-01  -6.3966904e-01  -9.3923559e-01  -2.2862459e-01
   1.0019478e+01   1.0395280e+01  -8.4836184e-01  -3.5203096e+00   1.0206990e+01   1.7487396e+01   1.5753371e+01   5.7948952e+00  -4.7515951e-01  -1.4414598e+00  -8.4545204e-01   1.7204281e-01  -2.6081768e+00  -1.0441896e-01  -7.0327001e-01   2.6206234e+00   1.3963690e+00  -1.3505694e+00   2.1550684e+00   5.6810690e+00  -1.8763592e+00  -1.6387239e+00   7.3073021e-02  -2.3495787e-02
   7.4884106e+00   1.1282623e+01   1.3817152e-01  -4.4616563e-01   1.0622844e+01   1.4077832e+01   1.2277509e+01   9.2630487e+00   8.3945607e-01  -1.0048499e+00  -6.0769613e-01   2.5193332e-01  -5.5032902e+00  -3.9173869e+00   3.9917655e+00   7.1943425e+00  -9.5494059e-01  -7.3094387e+00  -2.9667933e+00   2.8594918e+00  -3.3090717e-01   2.3959377e-01   6.0477101e-01   4.9121615e-02
   5.2357160e+00   8.0388481e+00   4.2594206e-01   2.2817586e+00   9.5921053e+00   1.0591696e+01   1.0833616e+01   7.9721694e+00  -9.9687590e-01  -2.3624855e+00  -3.9966114e-01   3.0810991e-01  -5.1879742e-01  -1.5356934e+00   1.2907486e+00   1.6547555e+00  -1.6159956e+00  -5.0506430e+00  -2.6977324e+00  -2.0173748e+00  -1.5152009e+00   6.4362025e-01   8.0034337e-01   5.9628800e-02
   5.2789929e+00   6.7269007e+00   4.0232746e+00   3.1981267e+00   8.4349773e+00   8.3575934e+00   1.0872633e+01   5.7327282e+00  -5.3993104e-01   6.2259621e-02   7.0145579e-02   2.8643645e-01   3.7342598e+00   6.8561813e-03  -7.3589777e-01  -4.4079601e+00  -7.7292387e-01   3.2867727e+00   2.7160514e+00  -3.0367541e+00  -2.8867176e+00  -1.6282466e-01   5.2444545e-01  -3.8889072e-02
   1.0345991e+01   1.0369601e+01  -8.5479045e-01  -2.8603226e+00   8.8769301e+00   1.2771551e+01   1.2409211e+01   4.5339932e+00  -2.0582674e+00  -1.0095842e+00   1.6142167e-02   2.4423444e-01   3.7950551e+00   1.6863374e+00  -6.0256709e-01  -5.5896239e+00   2.5587574e-01   7.3647280e+00   2.9478013e+00   4.0688709e-01  -1.2121119e+00  -2.7852989e-02   1.6179797e-02  -7.1380908e-02
   1.0534663e+01   1.0127531e+01  -3.2530889e-01  -4.4870652e+00   9.8210458e+00   1.7918063e+01   1.5563788e+01   6.4270057e+00  -2.9599245e+00  -1.9255375e+00  -2.8929616e-02   2.2553744e-01  -4.1578396e-01   7.3223769e-01  -8.5845512e-01   2.0370110e-01   2.4223668e+00   4.9170739e+00   2.5884568e-01   2.5314128e-01  -7.1853780e-01  -1.9092368e+00  -5.0242732e-01  -1.5810553e-01
   8.3004637e+00   8.8680390e+00   1.6963832e+00  -2.2600812e+00   9.2828847e+00   1.6858553e+01   1.2909740e+01   8.2353613e+00  -1.6050470e+00  -1.4103664e+00  -3.2585385e-01   2.3148805e-01  -5.5298669e+00  -9.5536841e-01   4.1172300e+00   6.7019582e+00   1.4573415e+00  -1.7153455e+00  -4.6283071e+00  -3.9937262e+00  -1.6823212e+00  -6.5990056e-01  -1.8714670e-01  -2.3248626e-02
   5.6780804e+00   8.5760384e+00   1.4600051e+00   3.2035577e+00   1.1865550e+01   1.3689703e+01   1.1010637e+01   4.2617561e+00  -1.8443479e+00  -2.6012045e+00  -5.1249740e-01   5.5651351e-02  -3.0507920e+00  -6.7705688e-02   2.0807287e+00   4.6595475e+00  -1.9292207e+00  -3.7648204e+00  -6.5965255e+00  -5.0033736e+00   8.1335504e-01   1.0068256e+00   1.8970418e-01  -8.0274029e-02
   4.4794815e+00   9.7122951e+00   4.4283976e+00   3.3473032e+00   1.0040690e+01   1.2312713e+01   7.7433259e+00  -3.7397122e-01  -5.1395375e+00  -1.6616015e+00  -2.2793994e-02   2.9430455e-01   2.1738551e+00   9.2263635e-01  -7.8071759e-01  -2.0934767e+00  -3.5429756e+00   1.9589135e+00  -6.9040552e-01  -3.9759852e+00  -1.3742443e-03   1.6114993e+00   5.1975522e-01  -3.1513928e-01
   7.8689660e+00   9.6038444e+00   1.4297770e+00  -3.0143617e-01   6.5483121e+00   1.4543753e+01   8.2522071e+00   3.2266116e+00   2.7353283e-02  -2.8968158e-01   1.0409673e-01   7.3718153e-02   3.5865266e+00  -4.1070766e-01  -9.9712364e-01  -5.6341380e+00  -4.4420404e+00   6.8512619e+00   4.5009452e+00   1.9647959e+00   1.6620474e-01   9.9325100e-01   4.3639034e-01  -3.2151302e-01
   1.0465804e+01   9.7380906e+00   5.4042083e-01  -3.6477994e+00   6.6270403e+00   1.9369898e+01   1.3253347e+01   2.7889557e+00  -2.5429590e+00  -1.4887889e-01   1.4548191e-01  -2.5025427e-01   1.0253618e+00  -1.7261375e+00  -8.1339221e-02  -9.3206155e-01  -8.3893302e-01   3.2049722e+00   6.6225426e+00   4.9315915e+00   1.4083566e+00  -1.1918343e+00  -3.0167246e-01  -1.5575801e-01
   8.0647093e+00   7.9470792e+00   1.9083080e+00  -1.7500981e+00   6.9093145e+00   2.0438003e+01   1.5007044e+01   5.6274865e+00  -2.8933301e+00  -1.8676894e+00   5.7950152e-02  -1.5433877e-01  -2.6647611e+00  -2.0517038e-01   2.4202312e+00   4.5463167e+00   2.5686747e+00  -4.9722344e+00   2.3532394e-01   6.8927101e-02  -1.6962707e+00  -2.9558246e+00  -7.3380044e-01   1.0809066e-01
   5.9196526e+00   7.9514714e+00   4.0671232e+00   2.6735418e+00   8.6017894e+00   1.4173046e+01   1.4299721e+01   5.8229786e+00  -1.5666610e+00  -2.6603491e+00  -4.5222940e-01   1.7469600e-01  -3.9604308e+00   1.5508051e-01   5.7713882e+00   8.2674917e+00   8.4347997e-01  -9.7889344e+00  -7.7169272e+00  -3.3220729e+00   5.2023448e-01  -2.3075785e+00  -1.2935549e+00   4.5658955e-01
   6.1448998e+00   1.0189398e+01   3.2967726e+00   3.3573682e+00   9.4139496e+00   9.6838274e+00   8.0820056e+00   1.8129908e+00  -3.0052017e+00  -3.4676834e+00  -6.9774827e-01   2.3379007e-02   8.7106017e-01   7.9378538e-01   2.5883275e+00  -4.8852853e-01  -2.4205693e+00  -4.4061553e+00  -5.4109745e+00  -3.9720865e+00   6.1581716e-01   1.3311648e+00  -7.1177651e-01   3.5413473e-01
   5.4850621e+00   8.8495517e+00   8.5032709e+00   6.1997050e+00   6.6399427e+00   1.0063585e+01   5.1404749e+00  -2.8690577e-01  -1.7066714e+00  -2.8102496e+00  -1.4170013e+00   3.4577116e-01   3.4103359e+00   1.7851755e-01  -2.1808744e+00  -6.1941554e+00  -3.4775770e+00   5.5703041e+00   6.5835021e-02  -6.6361491e-02  -4.5206115e-01   1.7438722e+00   2.1019035e-01  -2.7501743e-02
   9.5885949e+00   8.6887171e+00   3.5727254e+00  -4.2459724e+00   4.2593838e+00   1.5883501e+01   1.1470205e+01   2.7242989e+00  -1.8995991e+00   2.0400812e-01  -5.2732867e-01   2.9132574e-01   1.4821169e+00  -1.3592980e+00  -4.4293115e+00  -4.5790510e+00   4.2799900e-01   8.1543951e+00   5.1787479e+00   5.7818397e+00   2.2397564e+00   2.0850898e-01   5.9319185e-01  -6.6536661e-02
   9.3133089e+00   8.9695884e+00   6.5783525e-01  -2.8160210e+00   5.9627068e+00   1.9428666e+01   1.2704374e+01   5.2677823e+00  -2.7975540e+00  -1.8803864e+00  -2.2215367e-01  -5.2997957e-04  -2.0687597e+00  -1.0326272e+00  -3.9178133e+00   1.2427092e+00   4.3360986e+00   3.3503646e+00   2.5793081e+00   4.7109500e+00   8.1358047e-01  -1.2631002e+00   3.2690617e-01  -3.0845312e-01
   6.4539517e+00   8.0904330e+00   5.7552309e-01   9.9665467e-01   1.0394566e+01   1.7232880e+01   1.2068178e+01   7.7084064e+00   8.9987417e-01  -3.6198515e+00  -4.0538430e-01   9.6724586e-02  -3.9264617e+00  -1.9119877e-01   2.8300145e+00   9.2012529e+00   4.7963920e+00  -2.9788680e+00  -4.9738681e+00  -2.8981607e+00  -3.2770296e-01  -2.2302284e+00  -6.4275765e-01  -1.7155048e-01
   3.9492441e+00   7.5997529e+00   4.1251521e+00   5.4424552e+00   1.0076500e+01   1.4414442e+01   8.7104508e+00   4.2874654e+00  -1.8860374e+00  -2.7929702e+00  -9.8761421e-01  -1.9607940e-02  -2.0212015e+00  -4.4583284e-01   5.2943847e+00   6.5674747e+00  -1.8147135e-01  -7.2486591e+00  -6.5221692e+00  -6.9245672e+00  -1.0333706e+00   6.4030713e-01  -5.1654442e-01  -1.9482687e-01
   6.3809347e+00   9.0868367e+00   6.0840887e+00   5.4266688e+00   9.3970755e+00   1.3922310e+01   6.0063648e+00  -1.1327838e+00  -2.8469119e+00  -2.6850426e+00  -1.1087349e+00   4.3539004e-02   2.8804698e+00   6.6482410e-01   7.5298076e-01  -1.7263918e+00  -5.6569427e+00  -2.3466628e+00  -8.4436900e-01  -5.0760681e+00  -1.5046178e+00   2.0916022e+00   3.9015833e-01  -1.2558115e-01
   6.3180152e+00   7.8026373e+00   5.8451295e+00   4.8201840e+00   6.1892451e+00   1.0210961e+01   5.9520267e+00  -6.9847332e-01  -2.4742169e+00  -1.3873302e+00  -6.4529502e-01  -2.6617750e-01   4.2173485e+00   2.6951071e-01  -2.5089846e+00  -7.7020530e+00  -5.0229599e+00   5.4474606e+00   5.6513927e+00   2.0860042e+00   6.3984025e-01  -1.9363241e-01   9.3047711e-01   1.9273697e-01
   9.5902709e+00   8.9862270e+00   8.4500552e-01  -1.2817974e+00   3.8527793e+00   1.5814626e+01   1.2180837e+01   2.5872736e+00  -1.0629628e+00  -1.1852682e+00   8.6935991e-03   3.1637647e-02   3.3553707e-02  -9.2607641e-01  -1.5412407e+00  -5.4402576e+00  -9.6872004e-01   6.5667570e+00   7.9577929e+00   7.1501499e+00   2.3847044e+00  -1.5650138e+00   4.3659773e-01   2.4861644e-01
   8.6705987e+00   8.0543238e+00   2.9812168e+00  -2.7563912e+00   5.3142077e+00   2.1639475e+01   1.4100304e+01   5.5564430e+00  -1.8182515e+00  -3.8333059e+00  -1.5061277e-01   2.7544819e-01  -3.5436755e+00   7.8663921e-01   2.5832791e+00  -7.6206810e-01   2.3778785e+00   3.9626457e+00   5.0054589e+00   4.1888143e+00   1.7038221e+00  -1.0659308e+00  -1.2755758e-01  -5.3605897e-02
   5.2549735e+00   7.5718788e+00   5.2041839e+00   1.0545700e+00   8.3815141e+00   1.8058189e+01   1.3868916e+01   6.4649829e+00   4.0216209e-01  -3.8095754e+00  -7.0117940e-01   1.4565081e-01  -4.0248490e+00   2.1162760e+00   6.1559556e+00   4.1436151e+00   3.5614293e+00  -2.7531721e+00  -3.3968264e+00  -2.0195306e+00   1.4832406e-01  -4.3886716e-01   1.9100907e-01  -5.9619678e-01
   3.1701506e+00   9.6897702e+00   7.5404589e+00   2.5088982e+00   7.4916954e+00   1.5033148e+01   1.2616176e+01   3.6458935e+00  -6.5104620e-01  -1.6740729e+00  -4.8169489e-01  -4.0359293e-01  -2.0986716e+00   3.7645053e+00   3.6258667e+00   2.8205810e+00   3.1499837e-02  -7.8839832e+00  -7.8484820e+00  -5.1334015e+00  -3.8686340e-01   1.3894369e+00   2.3346522e-01  -4.4997348e-01
   6.3032214e+00   1.1342918e+01   7.7993179e+00   2.3009806e+00   8.1061794e+00   1.4988031e+01   7.8276611e+00   5.1325248e-01  -1.4240794e+00  -2.9231855e+00   4.6074827e-01  -5.2313697e-01   2.8647529e+00   3.8088643e+00  -3.4006746e+00  -4.1880520e+00  -1.7548729e+00  -3.1015396e+00  -4.2311725e+00  -3.1007001e+00  -5.8969767e-01   1.7465515e+00   1.8358347e-01   2.6020555e-01
   4.9984674e+00   1.1815562e+01   7.1224500e+00   8.5127492e-01   5.4991248e+00   1.1348579e+01   5.3482081e+00   8.3220586e-01  -1.4854259e+00  -2.1923455e+00  -3.8137878e-01  -6.5118139e-02   3.5027565e+00  -2.0989385e-01  -4.9802558e+00  -6.8151270e+00  -4.2377084e-01   5.0421392e+00   1.5800871e+00   4.0901329e-02   1.4279947e+00   6.6798349e-01  -9.7450549e-01   6.6607270e-01
   8.6379444e+00   1.2222279e+01   3.1217647e-01  -4.3986963e+00   6.7454900e+00   1.5248164e+01   1.1156141e+01   3.2207765e+00  -6.5194561e-02  -9.3061172e-01  -4.7596225e-01   3.6672174e-01  -8.2082779e-01  -2.1725157e+00  -1.3162779e+00  -2.0642220e+00   2.0215380e+00   7.1635682e+00   5.9233933e+00   1.9277003e+00   2.5206669e+00   6.3814591e-01  -1.5314500e+00   3.8714777e-01
   7.2569240e+00   8.9352487e+00   3.8136458e+00  -4.3639539e+00   7.5363839e+00   2.2466291e+01   1.3322067e+01   2.3534835e+00   8.1150338e-01  -1.6683845e+00  -1.4750979e+00   1.5058677e-01  -4.2780300e+00  -2.4131313e-01   3.6084028e+00   3.9378477e+00   4.6676832e+00   3.9779097e+00   4.5996181e+00   1.9877155e+00   1.3972405e+00  -2.3499802e-01  -4.3168709e-01  -2.2314877e-01
   3.9427514e+00   9.5243010e+00   7.4793031e+00   1.8122621e+00   1.0119857e+01   2.0174528e+01   1.2725822e+01   2.6441641e+00   1.2084563e+00  -2.2279472e+00  -1.2895672e+00  -5.0267759e-02  -5.5813593e+00   1.8709101e+00   8.7094162e+00   1.1909291e+01   2.7649805e+00  -4.0551339e+00  -4.3121347e+00  -1.2445983e+00  -1.1289854e+00  -2.8142928e-01   5.8718617e-01  -5.8067558e-01
   9.2901890e-01   1.2802582e+01   8.9514909e+00   3.6525673e+00   1.0813466e+01   1.4852262e+01   1.1462795e+01   4.1020853e+00  -2.6390530e-02  -1.8961748e+00  -6.2210691e-01  -1.9134655e-01  -3.2319376e+00   3.9777149e+00   5.3135532e+00   1.0263422e+01  -1.5879776e+00  -1.0600777e+01  -7.9894116e+00  -3.1112348e+00  -1.8541948e+00   6.1584809e-01   1.3622725e+00  -2.6517927e-01
   3.4298580e+00   1.3094978e+01   1.0807378e+01   9.4569801e+00   9.2544195e+00   1.2972477e+01   5.6175745e+00   4.7957815e-01  -1.3397257e+00  -1.2388605e+00  -2.1678476e-02  -3.3332498e-01   3.1512353e+00   3.1321738e+00  -1.5546154e+00  -6.7709484e-01  -5.0461192e+00  -7.3071276e+00  -4.4368415e+00   1.5072820e-02  -7.5697350e-01   4.7948746e-01   9.6411891e-01   1.3809954e-01
   2.6654643e+00   1.3116483e+01   1.0119938e+01   7.2088199e+00   5.5871361e+00   1.0166150e+01   4.8920727e+00  -1.2310757e+00  -6.9569780e-01  -1.2391557e+00  -6.5633553e-02  -1.0565353e-01   5.0875882e+00  -3.7061597e-01  -4.8238364e+00  -6.0065295e+00  -2.9281394e+00   2.7341555e-01   5.1505982e-01   4.2185372e+00   1.2792316e+00  -1.9648374e+00   1.4013625e-02   3.9881133e-01
   7.8013817e+00   1.4065611e+01   4.5631564e+00  -9.8150649e-01   5.1638431e+00   1.1556893e+01   9.3559205e+00   5.3333539e+00   4.0764971e-01  -1.8372255e+00  -1.2162556e-01   1.1403504e-01   1.3666727e+00  -2.8736596e+00  -4.4204392e+00  -5.2804721e+00   2.7070839e+00   4.5228486e+00   4.4698361e+00   8.1519081e+00   2.4491760e+00  -2.8944568e+00  -8.4252167e-01   1.2931619e-01
   6.3746393e+00   1.1761341e+01   4.8378472e+00  -1.3798365e-01   8.4665454e+00   1.5970178e+01   1.0366211e+01   8.0030033e+00   1.0187692e+00  -4.5442485e+00  -5.5111294e-01   1.8319044e-01  -3.1427873e+00  -4.4796170e+00   1.2319947e+00   3.2241266e+00   3.1821197e+00   3.1293203e+00   4.3179737e+00   6.1020906e+00   2.6250588e+00  -1.0490582e+00  -6.6856197e-01  -6.3113195e-02
   3.6252796e+00   9.4620592e+00   6.8177648e+00   5.2096738e+00   1.1875341e+01   1.6854736e+01   9.5852593e+00   8.0904008e+00   1.4768048e+00  -3.9279994e+00  -1.0427213e+00  -2.8377267e-01  -5.3861044e+00  -2.1803970e+00   5.7738347e+00   8.3671363e+00  -1.4425248e+00  -1.8702682e+00   2.1780829e+00   9.7996149e-01   1.1355717e+00   5.2181715e-01  -1.5929867e-01  -2.0805258e-01
   3.9334469e-02   8.6988331e+00   1.0840626e+01   8.9494197e+00   7.0045668e+00   1.2211208e+01   1.1254364e+01   6.5435367e+00   2.7073129e+00  -1.7673562e+00  -6.0792864e-01  -1.4194631e-03  -2.2424406e+00  -6.0750161e-01   4.6127671e+00   5.8126741e+00  -3.4903731e+00  -8.0831133e+00   4.3039555e-01  -2.4510321e+00  -1.7629600e+00   2.1614829e+00   2.4042462e-01  -7.6024753e-02
   2.8898775e+00   1.2326270e+01   1.0222519e+01   7.0254963e+00   3.7310452e+00   1.0630975e+01   1.2178969e+01   7.5330294e+00   1.2667355e+00  -2.4429460e+00  -3.3216571e-01  -1.0573889e-01   2.9724913e+00   1.0683627e+00  -6.7190227e-01  -2.2823739e+00  -3.1504299e+00  -6.4668602e+00  -1.0520762e-01  -4.8240460e+00  -2.7189303e+00   1.8375934e+00   9.5030042e-01   1.6700883e-01
   3.3786795e+00   9.4179833e+00   1.0054621e+01   7.6731162e+00   7.3031335e+00   6.9573886e+00   9.7149500e+00   4.6051409e+00  -1.5206362e+00  -2.0445508e+00  -5.4575380e-01  -1.9863584e-02   5.8462961e+00   1.0556644e+00  -4.7836488e+00  -7.9223428e+00   2.0871000e+00   4.8318040e+00  -8.8984060e-01  -4.9888222e+00  -2.9040990e+00   5.6752383e-01   7.4760651e-01   4.8980917e-02
   6.4143441e+00   1.0705028e+01   6.2029140e+00   2.4242646e+00   7.0004125e+00   9.7813558e+00   1.0197155e+01   1.8235297e+00  -4.8761611e-01  -1.0330120e+00   3.5164191e-01  -2.4037371e-02   1.5527808e+00  -1.0184504e+00  -3.5446255e+00  -6.0768729e+00   4.4689385e+00   1.2066908e+01  -3.0673136e-01  -3.8785208e+00  -7.7677743e-02   1.0391086e+00  -3.3841071e-01   1.8029625e-01
   7.0465454e+00   1.1092951e+01   5.6749553e+00  -6.3347863e-01   8.5005331e+00   1.9883724e+01   1.0910510e+01   1.9150532e+00  -7.7165980e-01  -1.6210374e+00   1.7157731e-01   3.1201154e-02  -3.1594149e+00  -5.5166211e-01   1.9086484e-02  -1.8164937e-01   3.8308479e+00   1.3317447e+01   7.8121540e-01  -2.3801661e+00   4.8396790e-01   8.9749488e-01  -1.1834859e+00   1.4253685e-01
   3.3851158e+00   9.9611104e+00   7.0954136e+00   2.0634843e+00   9.8357531e+00   2.2268169e+01   1.1121092e+01   3.0602920e+00   7.7573069e-01  -1.0960397e+00  -1.1984473e+00   1.3917312e-01  -6.2891774e+00  -1.5514177e+00   4.8706993e+00   6.4484188e+00   2.2352801e+00   3.0427229e+00  -2.2207657e+00  -1.9499828e+00   7.6694450e-01   1.4248334e+00  -1.2372465e+00   1.4094462e-01
   1.5417124e-01   8.9624491e+00   9.6370006e+00   7.5810323e+00   1.1631735e+01   2.0690152e+01   1.0424805e+01   4.1651067e-01  -1.4263577e+00  -6.6679461e-01  -1.5459381e+00   1.1233645e-01  -5.3813485e+00  -1.4734092e+00   2.9130701e+00   8.7977547e+00   1.4278009e+00  -6.4348312e+00  -2.5009073e+00  -1.8680880e+00   9.4519541e-01   6.3076256e-01  -3.9873475e-01  -5.8633387e-02
   4.2676502e-01   9.4431523e+00   1.1527940e+01   7.9896373e+00   8.7877317e+00   1.3942226e+01   7.1088588e+00  -3.5217314e-01   9.9014960e-01   6.2711670e-01  -6.4547021e-01   1.4681192e-01  -7.0901696e-01   1.0588807e+00  -1.4439014e-01   1.7874016e+00  -2.3083094e+00  -9.1966468e+00  -2.3626656e+00  -1.8012404e+00   4.3686246e-01   6.1625276e-01   8.1570735e-01  -4.7523964e-02
   4.5369805e-01   9.1418157e+00   7.8282972e+00   9.6000770e+00   1.1166245e+01   1.4394449e+01   9.1652652e+00   8.1915375e-01   5.3892386e-01  -1.5364718e+00  -7.0301338e-01  -6.0568327e-02   4.9896156e+00   3.8529613e+00  -5.3277389e+00  -6.1922761e+00  -3.2655498e+00  -4.4045519e+00   2.4948625e+00   8.3034781e-01  -4.8155864e-01  -1.9589719e-01   6.9819797e-01   3.0455636e-03
   2.1718270e+00   1.1459748e+01   7.7831801e+00   3.7350644e+00   6.6060339e+00   1.1621051e+01   8.2068629e+00   1.5710982e-01   4.4838358e-01   2.6317799e-01  -3.9634865e-01   1.5433956e-01   4.6148342e+00   1.1246159e+00  -4.7495889e+00  -6.1273209e+00   8.2433009e-01   4.1663440e+00   7.2947134e+00   3.2665786e+00  -2.5926761e+00  -2.0789723e+00  -2.9045061e-01  -1.4766435e-01
   6.7660637e+00   1.3733593e+01   3.5177723e+00   4.1990453e-01   7.8242592e+00   1.5243912e+01   1.3618097e+01   1.4073909e+00  -1.8778127e+00  -7.7867103e-01  -6.2320189e-01   1.1314097e-01   1.7623224e+00  -7.8942715e-01   1.0530044e+00  -4.1669543e+00   3.0752785e-01   3.4318299e+00   4.4547544e+00   3.5446263e+00  -1.4011385e+00  -8.9369188e-01   2.0322134e-01  -6.2573831e-02
   4.1928335e+00   8.8341875e+00   6.5588194e+00   3.3887422e+00   1.1695220e+01   1.9767011e+01   1.5824513e+01   4.2535762e+00  -1.6904963e+00  -2.8702422e+00  -1.1210519e+00  -1.6153926e-01  -3.4921366e+00  -1.9244185e+00   2.9990842e+00   3.3353406e+00   3.4174666e+00   2.6431064e-01  -7.1877701e-01   1.8012085e+00   2.3216364e-01  -8.7839833e-01  -3.6649876e-01  -2.1518701e-01
   2.0866784e+00   9.2704553e+00   1.0019984e+01   3.5228066e+00   9.0829440e+00   1.5469214e+01   1.2038572e+01   4.0878599e+00  -4.9334397e-01  -1.3102995e+00  -3.5829750e-02   3.5103351e-03  -6.0796245e+00  -3.7852353e+00   9.9544949e-01   5.7694558e+00   4.2512764e+00  -2.2583066e+00  -5.5367854e+00   1.7051736e-01   1.2220834e+00   9.6789328e-01  -1.1236851e-01  -1.6880852e-01
  -7.2668531e-01   1.0804689e+01   9.0307004e+00   7.1866244e+00   1.1102891e+01   1.1904866e+01   7.9184598e+00   1.5186880e+00   1.0439468e-01  -7.8860527e-01  -1.2397829e+00  -1.1362564e-01  -4.0627324e+00  -3.6841483e+00  -3.9198275e+00   3.2213022e+00   1.5815938e+00  -4.3161243e+00  -5.9320094e+00  -1.4081264e+00   2.0180125e-01   1.4409347e+00   4.6977171e-01   1.7513855e-01
   1.0638631e-01   7.0704894e+00   3.7750060e+00   7.1751472e+00   1.4497338e+01   1.5787524e+01   9.2659452e+00   3.0306111e+00  -9.4213310e-01  -3.6764958e-01  -7.3238917e-01  -1.6402862e-01   1.4828253e+00  -1.7703167e+00  -5.4596662e+00  -2.0035755e+00  -5.3645253e-01   2.8873911e-02  -1.4686669e+00  -1.1862633e+00  -1.2573623e+00   3.3711072e-01   5.8806048e-01   1.2165344e-01
  -9.1111911e-01   4.4079481e+00   3.8015673e+00   6.3945252e+00   1.1360413e+01   1.3133669e+01   8.3128125e+00   2.6700110e+00  -1.1633998e+00  -1.1801651e+00  -6.8114605e-02   1.8493805e-01   6.5222849e+00   2.3242091e-01  -4.7788251e+00  -5.5257658e+00  -2.9590894e+00   3.5609950e+00   5.1133215e+00  -1.3380186e-01  -3.0344569e+00  -1.5987898e-01   1.4588819e+00  -1.0145813e-02
   4.4031333e+00   9.8133508e+00   4.4450515e+00   9.1349288e-01   8.1495042e+00   1.4898123e+01   9.6383950e+00   1.7328035e+00  -1.7454902e+00  -6.0885352e-01   2.6042684e-01   3.6708651e-02   4.5081999e+00   3.2378913e+00  -1.4138072e+00  -4.0935682e+00  -1.5360069e+00   2.9536582e+00   7.3618599e+00  -3.6418412e-01  -2.3018965e+00  -1.3248623e-01   2.4655452e-01  -2.1589431e-01
   6.9083686e+00   9.7818898e+00   1.5274401e+00   2.0288029e+00   9.8381743e+00   1.7691059e+01   1.5402217e+01   1.9668890e+00  -4.0456122e+00  -9.0782177e-01   4.5213194e-01  -2.2921299e-01   4.4991684e-01   2.6322206e+00   8.3552056e-01   6.4321411e-01   2.8265990e+00   1.4634823e+00   5.4128465e+00   1.0473782e+00  -8.5786910e-01  -3.8744873e-01  -3.7990206e-01  -4.3762027e-01
   2.9589423e+00   9.2403555e+00   2.7913588e+00   3.2176561e+00   1.2954447e+01   1.7939317e+01   1.6764033e+01   2.8358959e+00  -2.9538717e+00  -7.0255058e-01  -6.2268066e-01  -2.8079456e-01  -5.3099689e+00  -1.7903693e+00   3.6798609e+00   5.7231766e+00   2.3631267e+00  -4.1125999e+00  -2.5044209e+00   2.3624886e+00   4.1469042e-01  -9.5104016e-01  -5.6285053e-01  -4.2512348e-03
   4.8585162e-01   8.6427767e+00   5.8816944e+00   6.2072648e+00   1.3197840e+01   1.3808295e+01   1.2869263e+01   3.6895321e+00  -1.8460127e+00  -1.7144897e+00  -1.9641394e-01  -3.1274075e-01  -6.6286166e+00  -2.1350237e+00   4.9466637e+00   4.9432817e+00  -2.5531507e-01  -4.8300488e+00  -7.1500746e+00   2.7148299e+00   2.7517547e+00  -1.2363199e+00  -1.2043584e-01   4.9985710e-04
  -3.5056159e-01   7.6973535e+00   7.7877157e+00   7.4090268e+00   1.0014361e+01   1.0670605e+01   7.1482405e+00   4.4152148e+00  -2.2232543e+00  -1.6320798e+00  -2.5957600e-01   7.2095677e-02  -4.3444240e+00  -1.4263381e+00   3.1504524e+00   3.2118789e+00  -3.0021699e+00  -4.8240404e+00  -7.1808406e+00   3.4757894e-01   1.8949147e+00  -1.0775386e+00   5.7861656e-01  -1.3728360e-02
  -1.3798043e+00   7.3508553e+00   6.4492573e+00   7.3480400e+00   1.0925245e+01   1.4080342e+01   9.4850013e+00   5.2494744e+00  -2.8328877e-01  -2.2975370e+00   8.9925845e-02  -4.0490832e-01   1.3758283e+00   1.2202010e-01  -8.4911892e-01  -1.2393211e+00  -2.3066242e+00  -1.3343143e-01  -5.3574059e-01  -1.4857262e+00   1.6127168e-02  -5.0992505e-01   8.0202866e-01   9.2294816e-03
  -2.6248657e+00   7.7468090e+00   7.2332561e+00   7.4650868e+00   9.5874902e+00   1.0567233e+01   7.6849028e+00   2.5772931e+00  -8.9286159e-01  -2.0273348e+00   1.0207428e-01  -2.5530331e-01   4.8540481e+00   7.6698305e-01  -2.3134309e+00  -3.3292483e+00  -4.8008686e-01   6.7984607e+00   6.0985717e+00  -2.9303458e+00  -8.3132864e-01  -3.2085255e-01   3.9356911e-01  -8.3740272e-02
   3.6867461e+00   8.8010791e+00   4.8852459e+00   4.3202531e+00   9.9513397e+00   1.3659834e+01   1.1797321e+01   2.3799037e+00  -2.4870183e+00  -2.2817498e+00   8.2580391e-01  -1.3519703e-01   3.6844071e+00  -6.7055462e-01  -3.6259066e-02  -1.2043572e+00  -1.5205642e+00   6.0537896e+00   5.5002308e+00  -2.2619775e+00  -1.4600131e+00  -4.4682701e-01   1.8786693e-01   3.4323646e-01
   4.3972354e+00   8.1227161e+00   5.0995750e+00   3.9290477e+00   9.7811834e+00   2.1078550e+01   1.5139938e+01   1.4544815e+00  -2.3683825e+00  -2.1212523e+00  -3.7161373e-02  -1.8837038e-01   9.5375853e-02  -1.8025927e+00   1.1871831e+00   2.4984669e+00   6.1788389e-01   3.6547572e+00   3.5621829e+00   1.3898688e-01   3.1516732e-01  -7.3132692e-01  -2.0456024e-01   3.2264666e-01
   6.3575570e-01   6.1570697e+00   7.4617092e+00   7.3095236e+00   8.5475518e+00   1.7905368e+01   1.4007830e+01   2.4179141e+00  -1.7355480e+00  -2.9208188e+00   4.4134407e-01   7.6479899e-02  -4.6019459e+00  -1.2537528e+00   2.7118472e+00   6.0336636e+00   1.8321105e+00  -5.5261961e+00  -4.6221031e+00  -4.8452383e-01   2.4005741e+00   6.5771302e-01  -5.9906409e-01   3.8741579e-01
  -9.5630673e-01   6.3649246e+00   7.7257990e+00   9.7181519e+00   1.1216210e+01   1.3926602e+01   1.1922923e+01   2.7667682e+00  -7.9584579e-01  -2.8047906e+00  -1.2536169e-02   1.2282821e-01  -4.5054314e+00   6.5186666e-01   1.8199812e+00   3.7186485e+00   3.8677653e+00  -8.3931845e+00  -9.0606618e+00  -1.3086624e+00   3.4990278e+00   1.4461276e+00  -4.3745653e-01   5.7458436e-02
  -5.3940166e-01   7.7993457e+00   7.6399047e+00   1.0476196e+01   1.1981992e+01   8.9465139e+00   6.4726742e+00   9.9697452e-01   3.2757444e-01  -9.5341105e-01  -8.5104823e-02   2.9032737e-01  -2.0216853e+00   2.7141118e+00   7.8948495e-01  -1.0522913e-01   1.0987098e+00  -6.5301706e+00  -6.3963357e+00  -1.7676244e+00   3.3580333e+00   2.7513204e+00  -1.0199340e+00  -2.1306602e-01
  -1.7733330e+00   8.2793782e+00   7.7404490e+00   7.9236841e+00   1.3865611e+01   1.2968200e+01   5.3165232e+00   2.0195769e-01   1.8485981e+00  -9.3576469e-01  -4.3012172e-01  -2.0910646e-01   2.9366982e+00   2.8889912e+00  -2.0328592e+00  -4.6861069e+00  -2.7646338e+00   1.3930283e+00   1.0254748e+00   4.8552489e-01  -2.8757820e-01   1.0526851e+00   2.1558186e-02  -2.1264109e-01
  -1.9882590e+00   9.2710107e+00   8.6386116e+00   8.0489138e+00   8.8709158e+00   8.5893128e+00   7.7165261e+00   1.0488827e+00   1.9792800e+00   2.7164887e-01  -8.7976412e-01  -7.7151801e-02   4.7093233e+00   1.8534044e+00  -4.3137849e+00  -5.9485102e+00  -1.4229564e+00   9.5273331e+00   7.7835941e+00   2.1545141e+00  -2.3163468e+00  -1.3990172e+00   4.3655346e-01  -3.4516628e-01
   4.1731693e+00   9.9625788e+00   4.1771567e+00   3.9026328e+00   8.6247974e+00   1.6194745e+01   1.2839209e+01   3.4691015e+00  -2.0530659e+00  -1.8382930e+00   4.1713076e-01  -1.2393839e-02   3.7097859e+00  -6.2896961e-01  -3.5773899e+00  -3.5367791e+00   1.5719381e+00   7.6483269e+00   6.8379562e+00   2.6335358e+00  -2.8880103e+00  -8.1478214e-01   5.7282822e-01   6.8784111e-02
   3.5513321e+00   9.7378519e+00   2.9508735e+00   3.5639568e+00   1.2467964e+01   2.1624241e+01   1.4386722e+01   2.5951737e+00  -1.1961138e+00  -2.6006728e+00   1.4609913e-01  -3.2577836e-01  -4.8416614e-01  -1.9257636e+00  -1.0562868e+00  -5.5323165e-01   4.4721059e+00   4.2054269e+00  -3.1650701e-01  -9.8401869e-01  -2.1207868e+00   1.0565456e-01   1.3799564e+00   2.8212499e-01
   1.0215502e+00   7.1025032e+00   5.2182332e+00   4.8609939e+00   1.4424994e+01   1.7923226e+01   1.2238359e+01   3.3791159e+00  -8.9572046e-01  -7.2177709e-01  -8.3811016e-02   1.8382991e-02  -4.1419097e+00  -1.1694056e+00   1.1889229e+00   2.1090119e+00  -5.0284850e-01  -3.8707330e+00  -2.7409220e+00  -1.9353044e+00   2.3096054e+00   1.9344616e+00   1.1740175e-01   1.1851415e-01
  -1.1386987e+00   7.8124032e+00   6.5336432e+00   6.7398858e+00   1.2678976e+01   1.4033213e+01   7.5421905e+00  -3.8215256e-01  -1.7805729e+00  -1.2812725e-01   1.4406414e+00   3.3064727e-01  -3.1571214e+00   8.8930923e-01   1.5628545e-01   1.2855854e+00  -5.0907442e+00  -5.7774909e+00  -1.3104497e+00  -1.8518187e-02   1.7238235e+00   1.4303887e+00  -4.1378430e-01   1.3337020e-01
   3.0532015e-01   9.1711948e+00   4.1691562e+00   5.4781861e+00   7.7650187e+00   1.4184160e+01   1.2150092e+01   2.0548081e+00   1.7035718e+00  -1.7287336e-01  -5.4037748e-02  -1.6283543e-01  -2.2470223e-01   2.0514957e+00   1.4099592e-01   2.6271685e-01  -3.9966293e+00  -3.7800865e+00   2.3388061e-01   6.6584804e-01   9.9324293e-01  -8.0060493e-01  -9.9052448e-01  -6.5430576e-02
  -8.2623506e-01   1.0037470e+01   3.7098402e+00   5.1837387e+00   8.1618357e+00   1.4827538e+01   1.2465181e+01   3.2295504e+00   8.9975297e-02  -7.2954158e-01  -4.8946395e-01  -3.5113844e-02   4.0287230e+00   1.7956704e+00  -5.7125198e-01  -1.0207496e+00   7.1088653e-01   7.1066413e-01   3.8613553e+00   8.2946829e-01  -6.3194967e-01  -1.7415216e+00  -1.1528714e+00  -1.6924058e-01
   5.2826507e-01   9.0672133e+00   6.8416286e+00   6.0331428e+00   1.0688621e+01   1.1855934e+01   1.0127685e+01   2.5720365e+00  -3.4113016e-01  -1.6219773e+00  -6.0454506e-01   1.0311768e-01   2.6985924e+00   1.6583202e-01   1.3065480e+00  -4.3083162e-01   5.5003054e+00   4.4097146e+00   1.6621923e+00  -1.4356945e+00  -2.4774620e+00  -1.3707590e+00   1.8074548e-01  -7.9077854e-02
   4.7929133e+00   1.0557900e+01   4.3405290e+00   4.9312831e+00   1.2283505e+01   1.6263322e+01   1.4345427e+01   6.0343566e-01  -1.7061464e+00  -2.0158577e+00  -1.3412096e-02  -5.6190156e-02   1.0950014e+00  -1.0784792e+00   1.8070801e+00   1.5247001e+00   3.1341506e+00   1.1538325e+00   2.5024259e-01   6.0593424e-02   1.4277398e-01  -2.2421508e-01   4.4375502e-01  -1.0671384e-02
   1.5436346e+00   9.1597280e+00   5.8136338e+00   4.9581665e+00   1.3954642e+01   2.0080840e+01   1.3703258e+01   1.2143237e+00  -1.1145604e+00  -1.5858538e+00  -2.0945459e-02  -2.7091406e-01  -2.7740920e+00  -3.0362557e-01   1.6581000e+00   1.5317376e+00  -1.7818695e+00  -1.1776817e+00  -4.7704736e-01   6.3447734e-01   1.6622673e+00   9.7712797e-01   3.3734893e-01   1.2526376e-01
   3.0858221e-01   8.3734938e+00   6.9344578e+00   8.0082770e+00   1.1230051e+01   1.2445834e+01   1.1052759e+01   3.9992969e+00   6.9085139e-01  -1.0839259e+00  -1.1563123e-01   1.3589495e-01  -4.1781197e+00   7.4818869e-01   4.8353648e+00   2.0331105e+00  -5.2542530e+00  -5.2877092e+00  -3.4026848e+00   4.7250592e+00   2.5281983e+00   1.2146239e+00  -6.5290531e-01   1.9232303e-02
  -1.3907074e+00   9.7039778e+00   8.0318142e+00   6.7922521e+00   8.5425435e+00   1.1998155e+01   1.1058448e+01   1.8258219e+00   9.5377186e-01  -6.2225124e-01  -4.7412101e-02   1.9497077e-01  -2.5393247e+00   1.6947277e+00   3.6015981e+00   2.4976727e+00  -5.7578757e+00  -7.9862401e+00  -3.3682380e+00   3.2817392e+00   2.2751994e+00   8.5329992e-01  -1.1210935e+00  -2.4730405e-01
  -7.0952926e-03   1.1408058e+01   1.0484486e+01   7.0639060e+00   7.1081750e+00   1.2373100e+01   1.0563805e+01   7.3852754e+00   1.0519849e+00  -6.7572316e-01  -9.7953674e-01  -2.6028412e-01   1.9395923e+00   1.4465179e+00  -5.1086279e-01  -1.8868476e+00  -4.2579606e-01  -1.2413086e-01  -3.9131211e-01   5.0612927e-02  -1.6253121e+00  -6.9024668e-01  -8.2768648e-01   8.9033257e-03
  -2.1075137e+00   1.0184538e+01   9.4410167e+00   9.1768610e+00   7.3787664e+00   8.1378461e+00   8.8953778e+00   4.4439433e+00   2.1176720e+00  -5.1000532e-01  -1.2706330e+00  -4.4378060e-01   5.0462491e+00  -5.2364083e-01  -4.1288254e+00  -2.4882381e+00   3.1885760e+00   6.3333065e+00   1.8304049e+00  -1.1122509e+00  -3.5117282e+00  -9.6835724e-01  -4.7634057e-01   2.7523639e-01
   3.5763738e+00   1.0302991e+01   5.4635623e+00   3.9857012e+00   1.1173245e+01   1.4189792e+01   1.1547326e+01   2.7661556e+00  -2.3290668e+00  -2.1754189e+00  -7.4555052e-01   4.6862562e-01   2.7346530e+00  -2.8957869e+00  -5.1964918e+00  -8.3996584e-01   5.4693465e+00   5.8010679e+00   3.1686697e+00  -1.9214745e+00  -2.7273017e+00  -1.1018023e+00   6.0414408e-01   4.8627300e-01
   4.3869317e+00   9.4710500e+00   4.3490379e+00   4.5989974e+00   1.1292872e+01   2.0589769e+01   1.3312295e+01   2.4670054e+00  -2.6232947e+00  -1.3249392e+00  -8.7891607e-01   2.4337048e-01  -5.8727035e-04  -2.9345053e+00  -2.5614555e+00   2.1016255e+00   4.5657149e+00   3.8403146e+00   1.1379684e+00   1.0704918e+00  -8.1720633e-01   1.2880284e-01   7.9451626e-01   1.0034978e-01
   8.4766149e-01   7.4211211e+00   5.2357377e+00   8.0928891e+00   1.3355142e+01   1.4848740e+01   1.3108351e+01   5.4915326e+00  -6.6848427e-01  -1.9209597e+00  -2.6917907e-01   1.2554985e-01  -4.1000537e+00  -7.1928881e-01   2.3338507e+00   5.3184406e+00   3.1052363e+00  -1.5244167e+00  -2.5349239e+00   1.7622445e+00   2.6985903e+00   6.1322467e-01   1.0117117e-01  -6.9670777e-01
  -7.4403842e-01   7.2237145e+00   5.7127457e+00   1.0275705e+01   1.3136391e+01   1.3568844e+01   9.8218179e+00   4.6869925e+00   6.1571264e-02  -4.4403069e-01  -3.1704430e-01  -1.2171804e-01  -2.5758511e+00   1.3416255e+00   5.6023280e+00   2.4927206e+00   9.4426593e-01  -4.7425156e+00  -7.8038415e+00  -1.2890712e-01   1.9072746e+00  -2.7746460e-01  -7.8526730e-02  -3.2210442e-01
  -8.2216252e-03   1.0347725e+01   8.2824846e+00   9.1250082e+00   1.4909341e+01   1.5413630e+01   9.4901784e+00   4.2995287e+00   3.7638572e-01  -1.6960362e+00  -8.7472965e-01  -3.9389177e-01   2.3139897e+00   1.8287799e+00   2.8710395e+00  -3.7063844e+00  -3.2399390e+00  -7.8414947e-01  -5.6297855e+00  -1.1785726e+00  -1.4746995e+00   1.0882397e-01   3.0291268e-01   1.4649656e-01
   9.5109655e-01   1.0020186e+01   1.1229157e+01   7.8220188e+00   1.1932172e+01   1.3193551e+01   3.4156188e+00   2.8696467e+00  -2.8481773e-01  -1.8535979e+00  -6.9393087e-01   1.9934663e-02   5.8371107e+00   5.3914920e-01  -2.1522507e+00  -6.3877783e+00  -3.7064826e+00   3.6659494e+00   1.8839144e+00  -1.3796432e+00  -3.3752763e+00  -7.2815471e-01   1.2388757e+00   1.1645467e-01
   3.4710786e+00   8.7660553e+00   6.7840915e+00   3.7601557e+00   9.0973427e+00   1.3860163e+01   7.8667721e+00   4.6323466e+00  -2.7073390e+00  -1.0529401e+00   3.7363324e-01   2.7446834e-01   3.6094614e+00  -2.3313128e+00  -4.3922686e+00  -5.1145270e+00  -9.7908427e-01   5.8380076e+00   5.3453737e+00  -2.3167982e+00  -1.9380187e+00  -2.7005731e-01   1.1695331e+00  -5.2860409e-02
   6.2719775e+00   8.8232733e+00   3.2335662e+00   3.3764641e+00   1.0482666e+01   1.9844501e+01   1.3459393e+01   2.4511188e+00  -3.4594809e+00  -1.8578108e+00   9.1708782e-01  -2.8121610e-01  -1.1977776e+00  -1.9458945e+00  -1.3369043e+00   2.7493419e+00   3.8546974e+00   2.2433789e+00   6.9591607e+00   4.6526927e-01  -1.2629928e+00  -1.0662829e+00   5.3757587e-01  -2.7319494e-01
   2.7455300e+00   7.4492124e+00   5.6918769e+00   3.6759951e+00   1.4165467e+01   2.0845166e+01   1.2486352e+01   1.0335954e+00  -9.4331082e-01  -2.0990157e+00   7.4060657e-02  -3.2260701e-01  -3.3655609e+00  -1.1217855e+00   9.5663046e-01   6.2998172e+00   3.8279750e+00  -1.2863857e+00   1.4562206e+00   2.1304226e+00   1.0146373e+00  -1.2389529e+00  -5.5963488e-01  -3.0766550e-01
  -4.8279557e-01   7.7597657e+00   9.7699074e+00   1.1988112e+01   1.5180155e+01   1.3066118e+01   1.1544570e+01   5.3669262e+00  -3.0613211e+00  -2.9299844e+00   2.6221923e-01  -9.1320074e-02  -2.0190643e+00   6.7914789e-01   1.5290318e+00   4.6834682e+00  -8.4975041e-01  -3.6534681e+00  -1.9112373e+00   1.9099642e+00   4.3734678e-01  -6.8635088e-01  -1.2511093e+00   1.0761623e-01
   1.8001238e+00   7.6151308e+00   4.9508666e+00   8.9040576e+00   1.2490560e+01   1.5319776e+01   1.1008514e+01   6.3700768e+00  -1.3844630e+00  -2.3752827e+00  -1.3838478e-01  -2.8197792e-01   1.6653945e+00   2.8062587e+00  -1.8324438e+00  -5.0003782e-01  -5.6288607e+00  -3.1167505e+00  -2.2588329e+00  -1.4093706e+00  -6.3290297e-01   1.2587465e+00  -4.5196781e-01   4.0447101e-02
   3.7160841e+00   9.7590360e+00   5.8976191e+00   7.7876352e+00   1.0045494e+01   1.7126994e+01   1.1331456e+01   2.6478243e+00  -2.5828846e+00  -2.7492036e+00  -8.5335347e-01  -1.4010630e-01   5.6493571e+00   3.2020035e+00  -6.1985511e+00  -6.8702931e+00  -4.0666528e+00   2.0148245e+00   1.1251965e+00  -4.1360128e+00  -3.9124210e-01   2.2751053e+00  -2.7247672e-01  -6.9868230e-02
   3.1441819e+00   1.0658965e+01   4.8793553e+00   5.0261766e+00   8.2895073e+00   1.4139602e+01   9.2046598e+00   2.7909048e-01  -2.1318835e+00  -3.0128632e-01  -4.6104707e-02  -2.3754324e-01   3.6120938e+00   1.9165645e+00  -4.2791910e+00  -4.1367060e+00   2.6256213e+00   9.0280148e-01   2.1525490e+00  -9.2315114e-01  -7.5230126e-01   9.5131174e-01  -5.5867411e-01   1.8467308e-02
   7.3192110e+00   1.1040854e+01   5.0783647e-01   3.6216127e+00   1.1180703e+01   1.6678442e+01   1.4134292e+01   2.2084002e+00  -3.2744740e+00  -5.5432467e-01  -1.9263589e-01  -2.1833976e-01   6.3832104e-01   8.3418455e-01  -1.9281575e+00   3.5209459e-01   5.2856823e+00  -2.8159583e-01   2.1868235e+00   2.6415935e+00  -6.3413556e-01   1.0160295e+00  -5.3373228e-01  -1.2688568e-01
   5.4167010e+00   9.8490687e+00   1.2269714e+00   4.7820099e+00   1.5861388e+01   1.6898254e+01   1.2835920e+01   5.2050622e+00  -2.1671202e+00  -2.0457545e+00  -1.3067547e+00  -2.1516023e-01  -1.6423788e+00   7.4390312e-01   3.8628113e+00   4.9263473e+00   4.4028932e+00   1.1265291e+00   1.0347135e+00  -6.4013705e-01   5.2872059e-01  -2.4081927e-01  -5.3439921e-01  -2.3219180e-01
   3.5373061e+00   1.1415261e+01   4.8315748e+00   8.4378605e+00   1.4188077e+01   1.5325274e+01   1.2796061e+01   4.1472288e+00  -3.5164696e+00  -3.5292523e-01  -1.0236269e+00  -3.4162632e-01  -3.0458894e+00   1.1168627e+00   8.1964379e+00   5.2280033e+00   7.9365692e-01  -1.7890287e+00  -3.0628914e+00  -4.5751610e+00   9.0571889e-01   1.1637585e-01   5.0008012e-01  -1.6295104e-01
   2.5715662e+00   1.1587616e+01   8.5117032e+00   1.0007574e+01   1.3390160e+01   1.6505979e+01   1.1425846e+01  -1.6505294e+00  -1.2178048e+00  -7.6321493e-01  -4.3220803e-01  -5.2418766e-01   2.2829012e-01   1.3817703e+00   4.5980991e+00  -4.4784451e-01  -3.6033544e+00  -3.4495173e+00  -5.6109640e+00  -5.9546629e+00   1.5895400e+00   4.2704760e-01   1.2181104e+00   7.2228019e-04
   4.1729443e+00   1.1846874e+01   9.1601275e+00   8.8508357e+00   1.3606802e+01   1.4191036e+01   1.0244992e+01  -1.2265455e+00  -2.3905534e+00  -1.0210307e+00   1.2021094e-01  -3.0825261e-01   4.3146504e+00   3.4084342e-01  -2.1257878e+00  -7.0066548e+00  -4.0597446e+00   1.3461224e+00  -2.8177193e+00  -1.6412962e+00   7.0669002e-01  -1.2515036e+00   1.2588824e+00   6.7786161e-02
   5.4413171e+00   1.1705918e+01   5.9598437e+00   3.9037555e+00   1.0746993e+01   1.2291098e+01   5.6950083e+00  -1.0400451e+00  -3.4576840e-01  -1.0711304e+00  -5.1508053e-02  -2.3076367e-01   4.2549635e+00  -1.8956240e+00  -5.0777342e+00  -6.6648024e+00  -2.0292049e+00   4.9892449e+00   6.2258890e-01   4.2340591e+00  -1.0219439e+00  -1.2829705e+00  -3.1456840e-01   6.0205300e-02
   8.5744063e+00   1.1867375e+01   2.9188229e+00   9.7978734e-01   9.4200434e+00   1.9451899e+01   1.1434900e+01   1.3800423e+00  -2.8924528e+00  -2.0762229e+00   6.7434680e-01  -3.8665908e-01   4.2057560e-02  -2.5837940e+00  -6.2509236e-01  -4.9207791e-01  -1.2368695e+00   7.6008199e+00   5.5336808e+00   3.6591480e+00  -2.2308141e+00  -7.5537912e-01  -1.2884051e+00  -5.1498787e-02
   6.7532805e+00   8.7339294e+00   4.0157542e+00   3.9458942e+00   1.2439732e+01   2.1359415e+01   1.1764775e+01   3.3972653e+00  -2.4997711e+00  -2.1600746e+00  -1.1811286e+00  -3.9467648e-01  -2.1196766e+00  -3.6397634e-01   2.9357568e+00   2.9998338e+00  -8.8088559e-01   3.3584790e+00   5.7426152e+00   2.9033845e+00  -2.2359724e+00  -8.2098768e-01  -5.4870906e-01  -7.3124091e-02
   3.5800489e+00   9.4571770e+00   9.1945337e+00   8.0916495e+00   1.0905128e+01   2.1058107e+01   1.5510630e+01   2.0435213e+00  -4.6597732e+00  -1.6096273e+00  -1.2475865e+00  -3.0354438e-01  -1.6394350e+00   1.7520230e+00   3.9952194e+00   1.1445939e+00  -5.8789040e-01  -3.9338429e+00  -1.2925405e+00   2.8067250e-01   7.6585470e-01  -6.1416660e-01   1.8246797e-02   7.8186912e-02
   4.7589809e+00   1.2365053e+01   7.2256235e+00   4.8475751e+00   8.6831225e+00   1.6525712e+01   1.2271066e+01   2.9832922e+00  -2.8160667e+00  -2.5359097e+00   8.6395000e-02  -3.8200715e-01   4.4947157e-01   4.9984258e+00   2.9417653e+00  -2.8707022e+00  -3.0497619e+00  -7.0724936e+00  -4.9916181e+00  -3.2185297e+00   1.1790762e+00  -8.9128364e-02   1.1139969e+00   1.4357846e-01
   7.1124037e+00   1.2679848e+01   7.3067173e+00   2.2458378e+00   1.0416512e+01   1.5967986e+01   9.2429437e+00   2.0080376e+00  -1.5855229e+00  -2.8095553e+00   6.7955213e-02  -2.7571337e-01   2.3046556e+00   3.9991829e+00   5.9153002e-01  -3.4284131e+00  -2.7968661e-01  -4.0152451e+00  -4.8961276e+00  -2.5431816e+00   1.1866792e+00  -2.7309281e-01   3.0049370e-01   4.6886044e-01
   5.6613105e+00   1.4620232e+01   9.3723105e+00   2.5627467e+00   8.1093971e+00   1.3295735e+01   7.4111904e+00  -1.4127875e+00  -2.2682819e+00  -1.6938032e+00  -1.6790402e-01  -1.9322430e-01  -8.0780152e-01   6.5485885e-01   2.7652929e+00   2.3722956e+00   2.0183177e+00   1.0923168e+00  -1.0866572e+00  -2.2266765e+00   3.5320248e-01  -5.6576694e-01  -1.3034751e+00   4.2741356e-01
   6.5858676e+00   1.4328361e+01   9.0084853e+00   4.0914441e+00   1.0772461e+01   1.6650228e+01   1.0596376e+01   4.2678869e-01  -3.1536468e+00  -2.4403198e+00  -6.6969641e-01   3.0535484e-01  -3.8711139e+00  -1.8860356e+00   4.3139678e+00   8.1624674e+00   2.2197675e+00   2.3043956e+00   2.1140199e+00  -1.4291929e+00  -2.1804159e-01  -1.2136047e+00  -1.6347039e+00   1.7325354e-01
   3.8105467e+00   1.2523084e+01   1.0522679e+01   7.4832154e+00   1.1532625e+01   1.7823066e+01   9.9643643e+00   4.3390193e-01  -1.5022011e+00  -3.5691779e+00  -1.4999919e+00  -3.1420924e-02  -2.2761682e+00  -3.9148668e+00   1.9065571e+00   5.9691086e+00   2.3540124e+00   4.8204503e+00   2.2660551e+00   7.3477547e-01  -9.9432872e-01  -9.1434248e-01  -8.4616539e-01  -2.8237166e-01
   2.2311147e+00   1.0899369e+01   1.3202485e+01   1.2029305e+01   1.2034550e+01   1.7160914e+01   1.1137387e+01  -1.0590964e+00  -2.2956257e+00  -3.6922750e+00  -1.7180567e+00  -9.6734752e-02  -2.2650397e-01  -1.9713339e+00  -1.1124240e-01   1.2660725e+00  -1.3653973e+00  -1.6099703e+00  -1.0572810e+00  -7.4231932e-01  -6.0385795e-01   7.5955578e-01   7.3243817e-01  -3.9465632e-01
   4.4244346e+00   1.0462428e+01   1.0135146e+01   7.5474794e+00   1.1009371e+01   2.0271068e+01   1.0539768e+01   4.3231826e-01  -4.1887856e+00  -2.4393393e+00  -9.1297195e-01  -4.1573698e-01   5.5856969e+00  -3.8912598e-02  -4.2247727e+00  -7.7704175e+00  -6.7045578e+00  -4.9007376e+00   1.4441463e-01   2.4313809e+00   9.3867836e-04   8.0154293e-01   1.3624304e+00   2.0868686e-02
   5.9391676e+00   1.2401689e+01   9.0353879e+00   5.9584209e+00   8.9859918e+00   1.3011272e+01   8.7227531e+00  -6.8589845e-01  -2.7161415e+00  -1.8659054e+00   1.3545089e-01  -9.4471614e-02   7.0197293e+00   1.1688103e+00  -6.9834444e+00  -1.1920435e+01  -5.9580832e+00  -2.1978260e+00   1.2776587e+00   5.0691056e+00   2.2747588e+00  -8.8587936e-01   5.3710130e-01   2.3802941e-01
   1.0335066e+01   1.1713556e+01   6.2690682e+00  -1.1369691e+00   3.0000671e+00   1.2546781e+01   1.1388303e+01   3.8943742e+00  -1.2905352e+00  -3.2800483e+00  -3.8310004e-01  -1.2494650e-03   2.6860666e+00  -4.0586286e-01  -4.3026754e+00  -4.6078912e+00  -3.6732213e+00  -8.2450558e-01   2.6983555e+00   5.2369764e+00   2.7509824e+00  -2.4968162e+00  -7.7174006e-01   1.2739950e-01
   9.8053932e+00   1.2027021e+01   4.6603574e+00  -1.5091242e+00   7.1020773e+00   1.7726318e+01   1.2629607e+01   4.8135340e+00  -3.3261271e-01  -4.6007395e+00  -1.1773407e+00   5.3065612e-02  -1.7653158e+00  -1.8544710e+00  -5.6568305e-01   1.7249493e+00  -6.3786194e-01   2.0775740e+00   2.2992493e+00   2.9384753e+00   2.5461628e-01  -1.9039148e+00  -1.3816461e+00  -2.4273148e-01
   6.5204218e+00   1.0040968e+01   5.8686485e+00   4.3694152e+00   6.4414967e+00   1.6676786e+01   1.2633874e+01   5.5380667e+00  -1.2540764e+00  -4.8171464e+00  -1.4141862e+00  -2.9840634e-01  -4.4233482e+00  -5.7686008e-01   4.0551618e+00   7.4519068e+00   4.6108449e+00  -2.0909733e+00  -2.5241811e+00  -1.8448505e+00  -4.4777219e-01   4.8306228e-01  -8.6567031e-01  -3.5801052e-01
   5.1985159e+00   1.0456276e+01   8.3870732e+00   5.7926526e+00   6.3084842e+00   1.4062630e+01   1.1548842e+01   2.8999682e+00  -2.3524464e+00  -3.9532285e+00  -1.4214752e+00  -3.0999040e-01  -1.3046223e+00   6.0945118e-01   1.7314482e+00   3.4080543e+00   6.1490960e-01  -6.7106798e+00  -4.7255035e+00  -1.8750218e+00  -1.7893609e-01   1.4882816e+00   1.8531418e-01  -1.6472474e-01
   6.0034819e+00   1.1633638e+01   1.0488453e+01   6.3900026e+00   1.0313131e+01   1.1242165e+01   8.1424143e+00   2.0838814e+00  -9.5227656e-01  -2.8792104e+00  -1.5595383e+00  -3.5673724e-01   4.2511610e+00   2.1741467e+00  -4.6260409e+00  -3.7386756e+00  -9.8936370e-01  -1.3886213e+00   4.6164782e-01  -2.0005970e+00  -4.5482334e-01   1.6293195e+00   1.0385398e+00   1.8427853e-02
   8.1069296e+00   1.2144863e+01   4.9476275e+00   2.5926636e+00   6.0886245e+00   1.0377609e+01   7.7870819e+00   3.7280940e+00  -7.5191676e-01  -3.3372851e+00  -8.2669344e-01  -1.6485605e-01   4.3318138e+00   2.5997172e-01  -8.1327388e+00  -3.7953780e+00  -9.0660041e-01   6.7166238e+00   5.5584521e+00  -9.2497071e-01   3.2227568e-02   4.8752653e-01   8.0167615e-01  -3.5948090e-01
   1.1442956e+01   1.2457895e+01   6.4931005e-01   3.6139631e-01   5.0673809e+00   1.6436365e+01   1.5207226e+01   2.1231083e+00  -2.7365763e+00  -2.6811389e+00  -1.5376745e-01  -3.4333173e-01   9.0731120e-02  -1.9553087e+00  -5.1688192e+00  -1.0375381e+00  -3.6915337e-01   1.0543112e+01   7.0242891e+00  -1.1988980e-01  -2.1406053e+00  -2.2735232e-01   4.8145010e-02  -4.6311663e-01
   8.9764994e+00   1.0434105e+01   1.1075365e+00   3.1138888e+00   7.5714586e+00   2.1540466e+01   1.6354114e+01   1.4928987e+00  -1.4119552e+00  -3.3209745e+00  -9.2184637e-01  -8.5591450e-01  -3.3119012e+00  -2.6740016e+00   2.1280971e+00   4.6675650e+00   2.9507652e+00   3.7729906e+00   1.2318325e+00   2.4964527e-01  -1.2310423e+00  -1.2646096e-01  -6.8420508e-01  -3.6281473e-01
   5.7047937e+00   9.5560537e+00   4.6552698e+00   4.5730829e+00   9.0179839e+00   2.1475405e+01   1.4395332e+01   3.0216444e+00  -3.8331653e+00  -3.2283942e+00  -1.4397443e+00  -7.0588296e-01  -3.9920979e+00  -9.8971092e-02   6.6160671e+00   5.3269831e+00   2.3257260e+00  -6.2103713e+00  -6.6247817e+00  -1.2692937e-01   2.7006651e-01  -2.8931195e-01  -5.2975554e-01   1.6997636e-01
   6.0081592e+00   9.5847807e+00   6.1367932e+00   7.4881679e+00   8.5394708e+00   1.3517575e+01   1.0040778e+01   3.6532939e+00  -2.0501857e+00  -3.2533489e+00  -1.2100126e+00  -5.2780253e-01   1.5884929e+00   2.0760581e+00   2.4733191e+00  -3.3053651e+00  -2.3603414e+00  -7.0941709e+00  -3.6800379e+00  -2.0748443e+00   9.0091188e-01   4.7462716e-01   4.7487045e-01   6.7055018e-01
   6.9389797e+00   1.2734100e+01   8.0587824e+00   6.1647314e+00   8.0719638e+00   1.1132253e+01   8.4267213e+00   8.5251666e-01  -2.0123613e+00  -3.1489196e+00  -8.0431763e-01  -2.5242317e-01   5.3143933e+00   1.5075239e+00  -2.0362350e+00  -8.6324831e+00  -1.9011018e+00  -4.9111032e-01   2.9228028e+00  -2.2890623e+00   1.0233423e+00   9.7867921e-01   3.4156321e-01   4.8204708e-01
   1.0742146e+01   1.1959169e+01   3.1157589e+00  -2.6399832e+00   4.5039566e+00   1.6070785e+01   1.3818362e+01  -5.3480398e-01  -9.7098941e-01  -2.6487710e+00  -5.2725404e-01  -7.6819130e-02   3.1784068e+00  -1.2940386e+00  -3.1915571e+00  -7.8550790e+00  -4.9220893e-01   7.0108317e+00   5.2193224e+00   6.9597325e-01  -1.8192263e+00   1.2873849e+00   2.3488227e-01  -1.5240442e-02
   1.1309390e+01   1.0630145e+01   3.1114345e+00  -3.3115662e+00   8.1840883e+00   1.9462134e+01   1.6890744e+01   1.6820998e+00  -2.8377500e+00  -2.0626643e+00  -1.2687788e+00  -2.0830404e-01  -9.3407870e-01  -4.3122495e+00  -2.0560701e+00  -3.4798709e-01   9.5299565e-01   5.5171086e+00   2.4318502e+00   2.2090015e+00  -3.3036544e+00   4.1533832e-01   3.3259384e-01  -4.2230449e-01
   8.5905641e+00   8.6957002e+00   3.8231316e+00   4.4369816e-01   7.7450952e+00   1.9868882e+01   1.3637750e+01   4.2824622e+00  -4.3663307e+00  -1.8653993e+00  -6.2545866e-01  -5.7272276e-01  -4.0630366e+00  -2.4647571e+00   1.5736332e+00   8.2446925e+00   3.3848677e+00  -1.5941620e+00  -6.7926023e+00   2.8229494e-01  -2.8555806e+00   8.5414693e-02   8.3137316e-01  -2.6811927e-01
   6.6136524e+00   7.8974604e+00   4.6209909e+00   4.1009101e+00   7.8808880e+00   1.7508868e+01   1.2164803e+01   1.7573858e+00  -5.2701722e+00  -2.9175980e+00  -2.5632456e-01  -6.3792809e-01  -1.0606105e+00   9.7239275e-01  -3.2840715e-01   3.5674138e+00  -1.6319546e+00  -4.7799549e+00  -7.4281444e+00  -1.6781952e+00   9.2908579e-01   3.1634480e-01   7.3784689e-01   1.7830308e-01
   6.9954598e+00   9.6283759e+00   4.7214306e+00   6.0208174e+00   9.7328582e+00   1.4656175e+01   5.9924294e+00  -1.4900458e-01  -4.0381492e+00  -2.0931822e+00   2.1357860e-01  -2.6418601e-01   3.6309479e+00   2.1161932e+00  -1.2715260e+00  -4.9962107e+00  -1.6309215e+00   4.1887307e-01  -6.2726666e-01  -3.6301725e+00   4.1365777e+00   4.0965994e-01  -5.4795303e-01   6.0313124e-01
   1.0516027e+01   1.1622397e+01   2.1696742e+00  -7.4900508e-01   4.7422748e+00   1.4898555e+01   9.5711873e+00   1.3805404e+00  -1.6082121e+00  -1.4742557e+00  -5.8152707e-01  -9.5117800e-02   3.4252202e+00   6.4248912e-01  -1.2341850e+00  -8.4787744e+00   1.3549184e+00   6.4610163e+00   4.9584264e+00  -1.4086615e+00   5.0442778e+00   2.9018152e-01  -1.6227409e+00   3.5956403e-01
   1.2085799e+01   1.0007522e+01   3.1415010e+00  -4.6256603e+00   6.8680194e+00   2.1802348e+01   1.3993658e+01  -9.7437382e-01   7.5558065e-03  -1.9725805e+00  -1.2847869e+00   6.0568958e-02   1.0931180e-01  -1.4234285e+00  -5.6932832e-01  -4.2876241e+00   2.3221156e+00   5.6175650e+00   5.8096584e+00  -3.6154334e-01   1.8344724e+00  -1.1735548e+00  -1.2808082e+00   1.4213213e-02
   9.2063132e+00   8.6716211e+00   3.5596782e+00  -3.2940127e+00   1.1345685e+01   2.3627306e+01   1.5601828e+01   5.7078209e-02   2.7339201e-01  -2.5426266e+00  -1.9412531e+00  -2.6095952e-01  -4.0684355e+00  -1.4671272e+00   2.8591617e+00   5.1301219e+00   3.2669785e+00  -1.5440778e+00  -9.6370843e-01  -9.2657830e-01  -2.2507048e+00  -7.1280224e-01  -5.8788284e-02  -2.1242326e-01
   7.8142842e+00   8.9686209e+00   3.1724361e+00   8.6188499e-01   9.9143266e+00   1.8718147e+01   1.1691597e+01  -2.9588497e-02  -2.2272427e+00  -3.3193290e+00  -1.0277707e+00  -1.5994533e-01  -2.9319210e+00   2.1900664e+00   6.0730378e-01   5.2345255e+00  -3.1553528e+00  -9.0963940e+00  -3.7670877e+00   1.0800075e+00  -3.3763985e+00   9.0348005e-01   1.1987351e+00  -3.0449277e-01
   6.5491307e+00   9.9411564e+00   6.4429492e+00   4.2024052e+00   8.1195889e+00   1.4124538e+01   9.2766553e+00  -4.8171972e-01  -3.8668700e+00  -1.8700848e+00  -7.9821763e-01  -3.0349554e-01   3.1855520e+00   1.5529547e+00  -1.3675263e+00   1.9973451e-01  -7.4103986e+00  -3.4487695e+00  -1.2686519e+00   4.0925357e-01  -1.7574576e+00   1.0698907e+00   1.5889625e+00  -3.9322185e-02
   9.0165086e+00   1.2657854e+01   2.6108212e+00  -5.2208097e-01   3.7480381e+00   1.2909141e+01   1.1505613e+01   9.1503636e-01  -2.9869110e+00  -9.5363132e-01  -5.8201994e-02  -3.7490219e-01   4.0298462e+00  -3.9041352e-01  -3.0487495e+00  -3.3972511e+00  -2.4235509e+00   6.0184563e+00   2.9496284e+00   2.3039456e+00   1.6655152e+00   1.2532114e-01   4.3756613e-02  -4.9290359e-03
   1.3383529e+01   9.1564367e+00   1.7891962e+00  -2.3024280e+00   3.3132312e+00   2.1358655e+01   1.3791842e+01   1.9864613e-01  -1.9829603e+00  -2.1206393e+00  -4.2593772e-02  -2.1246437e-01   2.0509693e+00  -1.2457234e+00  -4.2650014e+00  -2.6865440e+00   3.1675075e+00   8.7537932e+00   1.6981081e+00   1.7463240e+00   2.1247494e+00  -1.3291341e+00  -6.9951918e-01   5.2557234e-03
   1.0441854e+01   8.7753604e+00   9.2618830e-01  -9.8157506e-01   8.6821791e+00   2.4128774e+01   1.3858446e+01   3.0861470e+00  -6.7092483e-01  -3.0060700e+00  -1.3399477e+00  -2.1285447e-01  -3.1547749e+00  -1.9063259e+00   1.4733461e+00   2.2787522e+00   6.4326639e+00   4.2632517e-01  -1.8899025e+00  -2.6953960e-01  -3.5735105e-01  -1.4492845e+00  -1.1406704e+00  -7.9843820e-02
   8.9129118e+00   1.0013818e+01   8.8776351e-01   4.0233629e-01   1.0403780e+01   2.1645412e+01   1.0647401e+01   1.0522110e+00  -1.8377390e+00  -2.8375665e+00  -1.2066235e+00  -3.7663582e-01  -3.9341150e+00   8.6241015e-01   3.3397297e+00   1.5518672e+00   2.0164669e+00  -1.0499404e+01  -4.5459118e+00  -7.9757804e-01  -9.7815071e-02   4.9492638e-01  -4.9171939e-01   1.5278028e-01
   6.5196549e+00   9.3696743e+00   5.2715566e+00   1.5436651e+00   9.8517597e+00   1.3405250e+01   1.0242980e+01   8.3944534e-02  -3.5955482e+00  -2.7690945e+00  -1.1871927e+00  -4.1258220e-01   2.2963424e+00  -2.6746355e-01   2.1814561e+00  -4.0522877e+00  -3.1601573e+00  -5.8326833e+00  -2.0885061e+00  -2.6651834e+00   3.6469168e-01   1.2636284e+00   8.2517466e-01   2.2378811e-01
   9.4434563e+00   1.0152895e+01   4.6261066e+00  -1.2372473e+00   5.7531413e+00   1.0971311e+01   8.7807077e+00   5.0338033e-01  -6.6737120e-01  -1.4967375e+00  -8.5655035e-01   1.1656992e-01   3.6574104e+00  -2.2933707e+00  -6.9684588e-01  -4.0221094e+00  -2.4757758e+00   4.1576187e+00   4.6599628e+00   4.7451913e-01   7.2793891e-01   6.5562175e-01   7.3928298e-01   5.1130612e-02
   1.3621096e+01   8.3046266e+00   2.3292009e+00  -6.2402148e+00   6.2672624e+00   2.0716799e+01   1.1659033e+01  -6.3721273e-01  -7.0907120e-01  -1.7810420e+00  -2.7722230e-01  -1.2377517e-01   2.1961656e+00  -1.8900026e+00  -4.2954663e+00   3.0080923e-01   8.8434992e-01   6.9260079e+00   7.4835455e+00   2.1132329e+00  -1.6227866e+00  -4.4288457e-01   1.2749066e+00  -2.7513426e-01
   1.0848307e+01   7.1062857e+00   1.3136725e+00  -1.7388878e+00   8.4823646e+00   2.4226065e+01   1.6929318e+01   2.1245683e+00  -2.1890691e+00  -2.3481602e+00  -5.5268427e-01  -4.4434341e-01  -2.6550538e+00  -2.0812081e+00  -3.4166082e+00   4.5124132e+00   2.3407719e+00  -4.1853192e-01   4.2085156e+00   9.3719861e-01  -4.0075852e+00  -9.4946972e-01   7.9900309e-01  -4.5472583e-01
   9.1114780e+00   8.0579750e+00   4.8457412e-01   2.2456993e+00   9.8136729e+00   1.7166885e+01   1.7393992e+01   2.4431999e+00  -5.2688791e+00  -3.0077100e+00   5.7323419e-01  -5.4482693e-01  -4.3177641e+00   1.0523427e+00  -9.8552507e-01   5.1886332e+00   1.6555677e-01  -1.1115640e+01  -2.3603143e+00   4.8741445e-01  -8.3632220e-01   3.1698840e-01   4.7022946e-01  -5.3052618e-02
   7.7156844e+00   7.1544086e+00   4.2350761e-01   1.2884156e+00   7.4910939e+00   1.2118470e+01   1.2226001e+01   3.6897192e-01  -4.3988451e+00  -2.3076080e+00  -8.3273958e-02  -3.5499295e-01   1.6669991e+00   1.5882911e+00  -2.6487714e-01  -3.5250581e+00  -1.1840134e+00  -7.1349275e+00  -5.1207075e+00  -1.0010035e+00   1.5799073e+00   1.2522002e+00  -8.2679101e-02   3.0772209e-01
   8.7107608e+00   9.8590792e+00   1.2959958e+00   2.9083302e-02   7.0112329e+00   1.0097137e+01   1.0470220e+01   9.7170715e-01  -8.5866651e-01  -1.3258355e+00   1.9341673e-01  -2.4802932e-01   3.6298855e+00  -9.9137594e-01   5.1242853e-01  -5.8861780e+00   1.0623219e+00   4.3827536e+00  -1.0123604e+00   1.4001190e+00   3.0362897e+00   2.2852149e-01  -7.0770575e-01   1.4585320e-01
   1.3549164e+01   8.5881703e+00   5.1064597e-01  -5.9181670e+00   8.1075645e+00   1.7058548e+01   1.2710143e+01   1.3588095e+00  -2.0243144e+00  -1.3107972e+00  -4.8679419e-01  -1.3115908e-01   2.6693691e+00  -2.5397912e+00   8.9738891e-01  -8.1046562e-01   4.0204114e+00   7.7058884e+00   3.3308879e+00   3.3504798e+00   9.2717500e-02  -1.5073079e+00  -3.1989339e-01  -4.4094417e-02
   1.1639566e+01   5.8540303e+00   1.2096477e+00  -2.9802764e+00   1.1098920e+01   2.1270976e+01   1.5633381e+01   4.0484596e+00  -1.9017099e+00  -3.1633333e+00  -2.8656432e-01  -4.3796406e-01  -1.5080718e+00  -4.4335256e+00   7.7910799e-01   4.5855328e+00   3.2070978e+00   1.4406713e+00   6.4301624e-01   1.9989351e+00  -3.1460310e+00  -1.5838282e+00  -3.2801243e-01  -1.3006552e-01
   1.0255335e+01   5.3472462e+00   1.8127650e+00   1.5773970e+00   1.1477867e+01   1.8090383e+01   1.4640753e+01   3.8563154e+00  -3.7382471e+00  -3.6498210e+00  -3.2312353e-01  -3.2616721e-01  -4.4776532e+00  -7.1743384e-01   9.8827162e-01   8.6954537e+00  -2.6640581e+00  -8.5365328e+00  -2.8075425e+00   5.6117312e-01  -1.1240252e+00  -2.0012717e-01   4.6084812e-01  -2.8576250e-03
   8.0955675e+00   4.8292529e+00   1.8135983e+00   3.1596006e+00   1.0136728e+01   1.1742226e+01   1.0469440e+01   2.7213569e+00  -4.7207466e+00  -2.5320658e+00  -3.8043725e-01  -3.4562354e-01   6.4617773e-01   1.1912770e+00  -3.7714199e-01   8.5455824e-01  -6.8607100e+00  -4.7434845e+00  -1.9332615e+00  -2.5007803e+00  -1.0931326e+00   1.8211543e+00   8.5806353e-01   8.5863528e-02
   8.6046839e+00   8.0244082e+00   1.6910781e+00   4.0550751e+00   4.5925735e+00   9.0181239e+00   1.1080800e+01   2.8641205e+00  -2.3008338e+00  -1.9266217e+00   2.5141447e-01  -1.8161577e-01   2.4889885e+00   7.4469408e-01  -1.1014333e+00  -4.5146488e+00  -3.3219862e+00   4.9337681e+00   3.9144300e+00  -1.1226174e+00  -1.3019250e+00   2.3612593e+00   2.1174608e-01  -4.5097064e-02
   1.3434159e+01   6.3023647e+00   7.0477817e-01  -2.9372781e+00   4.2505023e+00   1.8691879e+01   1.4513465e+01   7.9338654e-01  -4.2601154e+00  -1.2932015e+00   7.1326199e-01  -3.8144449e-01   2.0123793e+00  -1.1277710e-01  -7.6104000e-01  -2.3658237e+00   1.5901444e+00   8.5836459e+00   6.3014941e+00   9.5529184e-01  -2.1455983e+00   1.8679044e-01   1.1130868e-03  -5.7700583e-02
   1.1319523e+01   5.7277314e+00   7.1502504e-01  -2.1461368e+00   9.4380010e+00   2.2016209e+01   1.8490385e+01   3.1363744e+00  -5.9214503e+00  -7.2736422e-01  -5.5235402e-01  -3.7590233e-01  -1.7955725e+00  -1.9394578e+00  -1.2567496e+00   2.9111158e+00   4.4406048e+00   2.8256327e+00   2.6345491e+00   2.6042429e-01  -3.5279332e+00  -1.3353970e+00  -1.7614607e-01   1.4650798e-01
   9.7567171e+00   5.8084257e+00   1.1600648e+00   2.7114710e+00   1.0099231e+01   1.8118653e+01   1.6216888e+01   4.0181677e+00  -6.1288358e+00  -2.8515089e+00   2.3116620e-02  -3.3503114e-01  -3.8560068e+00   3.4712723e-01  -3.9404526e-01   7.1856462e+00  -9.7232746e-01  -7.0246759e+00  -3.5408585e+00   4.8729714e-02   1.4472166e+00  -7.3356233e-01  -3.1423967e-01   4.5127806e-01
   7.7500458e+00   5.3621911e+00  -4.2168953e-01   5.5973742e+00   8.3291163e+00   1.3543186e+01   1.4180912e+01   1.6423664e+00  -6.6583735e+00  -3.1505635e+00   3.3226805e-01   1.4939524e-02   1.8272819e+00  -3.4765732e-01  -3.5368139e-01   1.0950447e+00  -6.9942253e+00  -3.8430851e+00  -3.9158958e+00  -3.7370608e+00   3.9935406e+00   1.2091487e-02   1.4577725e-01   3.2631054e-01
   9.4348867e+00   7.0058257e+00   6.8206758e-01   3.9694356e+00   3.3464535e+00   1.2391376e+01   1.1356914e+01   1.6134851e+00  -1.7208290e+00  -1.1819454e+00  -2.0040855e-01   1.0005167e-01   3.4316725e+00  -2.2305964e+00   3.2551829e-01  -4.1170805e+00  -3.0555907e+00   4.3355902e+00   9.6815630e-01  -1.7181517e+00   3.7658168e+00   9.0543116e-01  -9.3970632e-01  -1.1931141e-02
   1.4221361e+01   4.6075454e+00   4.2350158e-01  -1.1325521e+00   2.3230519e+00   1.9115219e+01   1.5046529e+01  -1.2668755e+00  -2.1351428e+00  -1.5440087e+00  -2.2192557e-01  -1.0397793e-01   2.6061535e+00  -2.3439739e+00   8.9682784e-01  -1.5912027e+00   1.0676092e+00   6.3407322e+00   3.4123355e+00   1.6670463e+00   8.5725400e-01  -6.1316332e-01  -4.5397670e-01  -4.2197615e-01
   1.1668568e+01   2.8398540e+00   1.2257467e+00  -9.9186654e-02   8.5188773e+00   2.1836021e+01   1.7236314e+01   2.8955611e+00  -2.7417260e+00  -2.2966395e+00  -1.1093461e+00  -2.9346913e-01  -2.5769091e+00  -2.4504665e+00  -8.6732622e-01   2.5292335e+00   6.7134544e+00   1.2076726e+00   1.1715187e+00   1.9230085e+00  -3.6512726e+00  -2.0006546e+00   8.5987572e-01  -2.1951265e-01
   1.0542435e+01   3.9292161e+00   6.5171267e-01   5.2448813e+00   7.3443181e+00   1.8331962e+01   1.6359715e+01   3.5018978e+00  -4.8620439e+00  -3.5129614e+00   1.0577175e-01  -4.2126430e-01  -5.0546608e+00   6.1678752e-01   4.6376799e-01   3.4654238e+00   3.2751628e+00  -6.3395719e+00  -5.1733301e+00   1.3135488e+00  -7.8389212e-01  -1.0475137e-01   9.5740852e-01   1.8927946e-01
   7.4089857e+00   3.6692906e+00  -7.3302729e-01   4.5745692e+00   1.0906002e+01   1.4594514e+01   1.2457599e+01   2.1136112e+00  -5.8342873e+00  -3.1984509e+00   9.2555636e-01  -7.0574123e-02  -5.4783615e-02   2.2828594e-01   2.3706164e+00  -2.7525950e+00  -5.1021297e+00  -1.5631889e+00  -5.8299971e+00  -2.1398477e+00   1.6964219e+00   7.2310161e-01   4.2109844e-01   4.0208284e-01
   8.7691607e+00   5.1180084e+00   2.0985406e+00   1.7287057e+00   6.0422338e+00   1.3226615e+01   9.6758914e+00   1.0944226e+00  -1.7647003e+00  -1.2502301e+00   1.9673601e-01   6.8493769e-02   1.2388146e+00  -2.5620004e+00   4.9852419e+00  -6.9683963e+00  -3.5745942e+00   6.8858765e+00  -1.3477911e+00  -3.7623162e-01   2.9811120e+00   6.1703173e-01  -1.2725067e+00   1.1594324e-01
   1.2473030e+01   2.5878867e+00   4.0582573e+00  -2.4699913e+00   1.5167250e+00   2.2043911e+01   1.1833230e+01   8.8952721e-01  -1.7457649e+00  -2.3433527e+00  -5.2318052e-01   6.4776100e-02   1.2570683e+00  -3.4940077e+00   6.0882108e+00  -2.4500693e+00  -2.1468125e+00   7.5927971e+00   3.4396633e+00   1.4343988e+00   1.0991596e+00  -1.2297058e+00  -1.3319056e+00  -3.2859535e-01
   9.8686349e+00   6.2691738e-01   5.7339332e+00  -1.6854329e+00   6.6770653e+00   2.4936078e+01   1.4650213e+01   3.5495924e+00  -2.4346372e+00  -3.0149629e+00  -1.0786199e+00  -3.1502456e-01  -2.3713413e+00  -3.3961029e+00   2.0713124e+00   4.6048566e+00   2.7907624e+00   2.5744167e+00   3.0952884e+00   7.4923671e-01  -1.6159940e+00  -2.5182416e+00  -1.0159301e-01  -4.0580166e-01
   8.7448510e+00   6.7382461e-01   6.5815925e+00   2.6065345e+00   7.3683675e+00   2.0128978e+01   1.5129933e+01   3.0376246e+00  -3.8505794e+00  -4.1606432e+00  -4.3462406e-01  -3.7170798e-01  -2.7925132e+00   1.0464105e+00  -1.2786685e+00   5.8955103e+00   1.0843855e+00  -7.4921118e+00  -2.2860608e+00  -5.0063596e-01  -1.1785977e-01   3.1345356e-02   8.6640394e-01  -1.6648667e-02
   7.0762384e+00   9.8088512e-01   3.9438415e+00   6.0977276e+00   7.3025561e+00   1.8045707e+01   1.2670473e+01   1.1442290e+00  -3.1362840e+00  -4.1189473e+00   6.8262865e-05  -3.2196668e-01   2.1715938e+00   1.1313039e+00  -8.3569870e-01  -2.1178022e+00  -2.9034758e+00  -5.5623060e+00  -3.7480750e+00  -2.1390625e+00   5.5362413e-01   1.5167771e+00   4.7218702e-01   4.6176557e-01
   9.6804587e+00   3.9805186e+00   3.0353004e+00   2.4816939e+00   2.8305578e+00   1.4250929e+01   9.3940092e+00   1.3412550e+00  -1.5717311e+00  -1.7443425e+00   2.3708134e-01   4.3274158e-02   2.4622430e+00  -1.4059721e+00   1.4073816e+00  -6.4907106e+00  -6.2977147e-01   2.4349534e+00   2.3209631e-01  -5.9460108e-02   5.5420093e-01   1.2103591e+00  -3.4668147e-01   2.9416737e-01
   1.2658222e+01   6.7052621e-01   6.2535312e+00  -4.7997158e+00   4.5907565e+00   1.9531643e+01   1.1896062e+01   1.1891835e+00  -2.7436251e+00  -1.9479475e+00  -7.0619202e-01   1.7013273e-01   1.0569213e+00  -3.2734872e+00   4.0409445e+00  -2.4356672e+00   1.2744603e+00   3.0482993e+00   3.2880388e+00   1.9103023e+00  -1.6059376e+00  -5.2897299e-01  -1.9636662e-01  -1.5877053e-01
   9.6472238e+00  -1.2799541e+00   7.5378200e+00  -1.6808096e+00   7.7796101e+00   2.3038440e+01   1.5865283e+01   2.9259572e+00  -3.2156075e+00  -3.4306044e+00  -6.0151611e-01  -1.7650663e-01  -3.2724125e+00  -3.3113985e+00   1.7803979e+00   6.2935682e+00   2.4845556e+00   1.5748937e+00   4.7142212e+00   1.5260231e+00  -2.7971964e+00  -1.8652500e+00   2.6675091e-01  -4.7750200e-01
   8.6782378e+00  -1.2991094e+00   7.7539985e+00   4.5254785e+00   6.7397204e+00   1.8224400e+01   1.4366894e+01   3.2173313e+00  -4.7232523e+00  -4.0692759e+00   1.2481707e-01  -4.5023208e-01  -2.7808234e+00   1.4494468e+00  -1.7344825e+00   7.4532379e+00  -2.7117842e+00  -6.3619588e+00  -1.4231390e+00   1.0463953e+00  -8.7847954e-01   2.6665092e-01   9.0810787e-01  -9.3181529e-02
   6.7618320e+00  -1.7613891e-03   4.9556636e+00   7.2594489e+00   5.4829092e+00   1.7266891e+01   1.5229925e+01   2.6162157e+00  -4.7777122e+00  -3.4815533e+00   2.2170316e-01  -3.6279643e-01   2.1505643e+00   2.5726470e+00  -9.9596179e-01  -2.8688386e+00  -5.3537967e+00  -3.8647873e+00  -3.3686258e+00  -2.6443875e-01  -1.3371429e+00   2.4198221e+00   1.7581933e-01   3.9419298e-01
