   3.7329516e-01  -7.0428508e-02   1.7224075e+00   2.4664953e+00   2.3534589e+00  -8.7485297e-01  -3.1740878e+00   4.8165087e-01   3.5960850e+00   3.6594190e+00  -7.0413547e-01   2.2704150e-01  -8.4471975e-01   5.1084568e-01   1.5961242e+00   3.4669363e+00   5.4756689e+00   3.7311405e+00   4.8263508e+00   3.3381244e+00   2.7833432e+00  -1.2658630e+00   9.4364590e-01   2.0710942e-01
   1.3034830e+00   1.1766817e+00   4.0856569e+00   5.8924623e+00   4.8280644e+00   1.5512155e+00  -1.6999862e-01   1.7804712e+00   3.7306576e+00   2.1869862e+00  -3.5531344e-01   4.2986111e-01   2.5184395e+00   2.9822181e+00   2.6659365e+00   4.9673241e+00   3.6284625e+00   2.3206982e+00   3.3613846e+00   4.2305793e-01   2.4382435e+00  -1.9789186e+00   2.0585531e-01  -1.8156652e-02
  -4.6531891e-01  -1.5985774e+00   4.2052663e+00   7.6349096e+00   8.0819795e+00   3.0572451e+00   2.4582621e+00   2.5879267e+00   7.4373864e+00   3.7169128e+00   5.6643681e-01   3.2211067e-01   4.8669658e+00   5.3031015e+00   2.6720748e+00   4.8385387e+00   2.7602900e-01  -1.0877010e-01   1.1172151e+00  -1.2668110e+00   7.6640112e-01  -8.7444937e-01  -2.7216525e-01  -1.5916313e-01
   4.9084319e+00   4.6894872e+00   5.7681190e+00   8.5567224e+00   3.4559528e+00  -5.9613635e-02  -4.7176265e-01   1.8522610e-01   4.9856605e+00   1.7653538e+00  -8.1701429e-01   1.4977543e-01   5.2666949e+00   5.9491504e+00   1.1045690e+00   1.7363655e+00  -3.9649393e+00  -2.8273640e+00  -2.8470458e-01  -1.6317567e+00  -2.4625312e+00  -3.0623827e-01  -2.9181177e-01  -1.1925808e-01
   5.8712694e+00   6.1278209e+00   4.8892886e+00   8.3921733e+00   3.4535582e+00  -2.3259353e-01  -1.3473831e+00  -6.2094310e-01   4.1181852e+00   2.5585612e+00  -8.8153292e-01   1.2833965e-01   4.7686493e+00   5.4602796e+00  -1.5534166e+00  -7.4342954e-01  -3.5819446e+00  -3.4093787e+00  -1.6317103e+00  -1.9354573e+00  -4.8175686e+00  -4.3123994e-01  -7.0611412e-02  -9.3980451e-02
   6.0352312e+00   6.2372081e+00   5.4004992e+00   8.1183787e+00   1.1948661e+00  -1.0449111e+00   1.3057671e+00   9.3727099e-01   1.6964613e+00   2.3068046e+00  -6.9046231e-02   3.4785950e-01   3.3141752e+00   6.3136707e-01  -3.9417802e+00  -5.1322126e+00  -8.1989642e-02   8.2674183e-01   9.9862854e-01  -4.2030179e-02  -3.1243534e+00  -5.3339364e-01   1.2317363e+00   1.1498099e-01
   6.1242554e+00   5.8179816e+00   2.0589513e+00   6.7389371e+00   3.8396060e+00  -1.5641742e+00  -8.7806827e-01  -6.9128159e-01   1.8556331e+00   2.7993275e+00   8.6535663e-02   8.2097954e-02   5.6568819e+00   1.7420779e+00  -4.7913448e+00  -7.2844411e+00   1.6226395e-01   2.8541065e+00   1.5221807e+00  -3.2957191e-01  -1.8385682e+00  -1.7451681e+00   8.2071080e-01   9.9772793e-02
   9.7532017e+00   5.7914575e+00   1.2706174e+00   1.6850216e+00   3.1399445e+00   1.8462895e+00   7.9152274e-01   1.5735008e-01   1.4304064e+00   8.4488017e-01   5.4655590e-01   3.4536776e-01   6.1990126e+00   2.2260882e+00  -4.1889820e+00  -6.6437538e+00   7.0362268e-01   3.4073182e+00   7.2611447e-01  -1.0195627e+00  -6.9875371e-01  -2.0250266e+00   3.2652181e-01  -3.8040346e-02
   1.2497607e+01   8.9638131e+00  -2.3278772e-01   6.8219024e-01   2.7244149e+00   2.6029660e+00   1.1930102e+00  -7.2534051e-01   1.4933604e+00   6.7177122e-01   4.1732227e-02   2.7924471e-01   3.7855294e+00   3.5419523e+00   2.0013592e-02  -4.5370539e+00  -2.0187185e+00   2.5719307e+00   1.6001327e+00  -1.3443014e+00  -3.2780961e+00  -2.8199870e+00  -2.0709522e-01  -7.1090798e-02
   1.2147074e+01   8.0034247e+00   2.6289575e-01   1.1811215e+00   2.8078957e+00   1.9824960e+00   1.3593996e+00  -5.7504366e-01   8.2946711e-01   3.3304276e-01   4.4313821e-01   1.9222560e-01   2.4547808e+00   3.3820802e+00  -7.0646673e-01  -3.1558247e+00  -2.1368204e-01   2.4804998e+00   7.0321395e-01  -1.0909979e+00  -3.2750411e+00  -1.8458241e+00  -2.3924231e-02  -1.7236025e-01
   1.0605613e+01   1.0024926e+01   2.5928325e+00   1.8530623e-01   9.7755263e-01   2.2256185e+00   1.2381924e+00  -2.3415368e+00  -2.7610415e+00  -1.1747343e+00  -1.7239832e-01   5.2032836e-02   3.4857595e+00   1.7120448e+00  -1.3570089e+00  -3.3922659e+00   3.6666211e-01   2.4608021e+00   1.6715928e+00  -5.7010665e-01  -3.3564660e+00  -6.3294964e-01   5.3645670e-01   1.3642938e-01
   1.4381370e+01   1.0334021e+01  -1.2018928e+00  -2.8002734e+00   3.6928526e+00   5.7557130e+00   1.8237525e+00  -6.7104863e-01  -1.3549543e+00  -1.0006032e+00   6.1773483e-01   2.0043332e-01   2.8179589e+00  -5.0934188e-01  -8.1654394e-01  -1.4966828e+00  -5.2365394e-01   1.5364105e+00   1.2346797e+00  -4.6522367e-01  -1.7637501e+00   4.2929349e-01   3.0905203e-01   2.6652920e-01
   1.6609098e+01   1.0366582e+01  -1.5359068e+00  -2.4155111e+00   2.8319296e+00   4.4075606e+00   3.4682229e+00  -1.5324980e+00  -2.4491279e+00   3.8916974e-01   7.5911897e-01   4.7978492e-01   5.6088508e-01  -2.7090471e+00   1.6752483e+00   2.9008900e+00  -5.8506194e-01  -1.0145164e+00  -6.9941155e-01  -1.1696670e+00   7.6692872e-01   1.3303323e+00   2.2323997e-01   1.0431139e-01
   1.3372270e+01   7.0685840e+00   1.1024495e+00   2.3650595e-01   1.0952262e+00   3.1961407e+00   2.0964039e+00  -1.6773985e+00  -1.9721149e+00   1.9503099e-01   4.4095761e-01   3.7814337e-01   3.7149930e-01  -1.8805436e+00   7.5918886e-01   2.8295324e+00  -8.0627624e-02  -1.7137645e+00  -1.0127104e+00  -1.5163300e+00   2.8363908e-02   7.5550347e-01  -2.8368380e-01  -3.3379257e-01
   1.1951491e+01   7.5940742e+00   3.9535339e+00   3.0182515e+00   1.3987729e+00   1.9836300e+00   5.2749421e-02  -3.5928623e+00  -1.3020681e+00   2.2294708e-01   2.5085024e-01   1.1964489e-01   1.2319940e+00  -9.9397842e-01  -8.6263849e-01   6.6949436e-02   7.4269008e-01   4.6454719e-01  -9.8685626e-01  -3.2299840e-01   2.3065911e-01  -2.7496870e-02  -1.2576078e-01  -3.1207065e-01
   1.7267423e+01   8.8994596e+00  -2.8078298e+00  -1.2728561e+00   4.2884895e+00   4.3970314e+00   2.0124237e+00  -1.9153614e+00  -1.8859384e+00   2.1576331e-01   4.4634349e-01  -1.2018553e-01   4.1724422e+00   2.1394824e+00  -3.2058178e+00  -3.9443158e+00   7.0531647e-01   2.4762814e+00   1.2100355e+00  -6.0439069e-01  -3.3454879e-01  -4.2091535e-01   1.8330743e-01  -2.3711155e-02
   1.6509513e+01   7.9601767e+00  -8.7472487e-01  -1.5604060e+00   2.3493331e+00   4.5039360e+00   2.0299286e+00  -1.8980141e+00  -2.1462275e+00   3.3755827e-01   5.6778486e-01   2.6084339e-01   2.5196680e+00   2.6373036e+00  -2.9481784e+00  -4.5068256e+00  -2.2117616e+00   2.2298529e+00   1.8806440e+00  -3.0836421e-01  -5.3970208e-01  -3.6839684e-01   2.0321355e-01   1.0580035e-01
   1.7351922e+01   1.0094756e+01  -1.2921478e+00  -3.3906391e+00   1.6779208e+00   5.6504098e+00   2.9228675e+00  -3.4314087e+00  -2.0518584e+00  -4.9364764e-01   5.5745144e-01   2.7197738e-01  -1.8563122e+00  -6.1561927e-01   1.5463855e+00   5.5486035e-01  -1.9187081e+00   1.4576197e-01   3.5344570e-01  -1.0320229e+00   2.3308587e-01   1.5306873e-01   1.8985235e-01   1.9471474e-01
   1.5688743e+01   1.0952381e+01  -1.2265746e+00  -2.6830954e+00  -6.1358525e-01   4.7017201e+00   2.4184936e+00  -3.2973850e+00  -2.0286612e+00   2.5057299e-02   5.0011659e-01   8.2263972e-02   1.0962224e+00   1.8911905e+00  -1.8649215e+00  -1.5278067e+00   3.4559394e-01   1.2575290e+00   9.0221316e-01  -1.4164782e+00  -3.8383301e-01  -4.7591019e-01  -1.5601576e-01   4.3686938e-02
   1.4893340e+01   6.4799284e+00  -3.1232673e-01   1.2077918e-01   2.8918865e+00   4.5167823e+00   2.3483098e+00  -2.7637104e+00  -1.5950927e+00   6.0161689e-01   7.6495615e-01   2.6117630e-01   2.1507214e+00   1.2465915e+00  -2.2773374e+00  -1.7526259e+00   4.9439868e-01   1.3610341e+00   9.8175401e-01  -7.8026658e-01  -1.2619889e+00  -5.2131003e-01  -3.2750731e-01   7.5738983e-02
   1.9383138e+01   1.2604376e+01  -4.1620176e+00  -5.6078252e+00   2.2607412e+00   6.9570433e+00   3.6705272e+00  -4.3565805e+00  -2.9503598e+00  -9.2393928e-01   2.3000886e-01   3.3177434e-01  -1.3310665e+00  -1.5150508e+00   7.8790067e-01  -5.2279018e-01  -1.0485812e+00  -2.3671499e+00  -6.3154473e-01   1.2473865e+00  -3.6966973e-01  -9.5958480e-01  -7.3347298e-01   1.2575883e-02
   1.8730807e+01   1.1138646e+01  -3.2404324e+00  -4.5572130e+00   9.8235565e-01   6.5642994e+00   3.7694817e+00  -4.0722108e+00  -3.4839924e+00  -8.0111439e-01   2.0124434e-01   2.6083067e-01  -3.8592028e-01   1.0186164e-01  -6.9957331e-02  -9.1295109e-01  -2.7096003e-01  -2.9714348e+00  -1.6840547e+00   2.2841761e+00   1.8185610e-01  -7.7344317e-01  -2.1059992e-01  -6.6120134e-02
   1.1773410e+01   6.3504463e+00   1.4193292e+00  -1.1282846e+00  -1.2316916e+00   1.2723674e-01   7.6059051e-01  -7.7205500e-01  -1.6387160e+00  -7.1295426e-01  -3.1823697e-01   1.0130061e-01  -1.0305120e+00  -1.3780513e+00   1.0219316e+00   3.7250954e-01  -7.1869133e-01  -1.3459019e+00  -1.5596454e+00   1.1049064e+00  -1.0362306e-01  -6.0564945e-02  -1.2961617e-01  -7.7524070e-03
   1.8119323e+01   9.7596859e+00  -3.2079361e+00  -3.4884178e+00   4.2316629e+00   3.4745333e+00   1.2771961e+00  -1.1297090e+00  -1.9781305e+00  -6.6404037e-01   7.2317919e-01   2.7723297e-01   1.2177025e+00   4.5962968e-01  -1.1630249e-01  -2.1163366e+00   2.2623504e-01   6.2443294e-01  -7.9538454e-01  -6.3700536e-01  -4.9193057e-01  -7.6255049e-01  -1.9263237e-01   4.0410159e-02
   1.8143112e+01   1.1226779e+01  -2.6453683e+00  -5.5834585e+00  -4.4194944e-01   6.4830734e+00   2.5772019e+00  -4.1704718e+00  -3.8587254e+00  -1.0833237e+00  -2.2538281e-01   3.1194458e-01  -1.3012337e+00  -1.5650470e+00   2.4292592e-01   2.8387351e-01   5.2997409e-01   5.4947072e-01  -1.8464063e+00  -2.0986262e+00  -9.7461688e-01  -5.1394640e-01  -2.8400167e-01  -1.4431552e-02
   1.7372509e+01   9.3899239e+00  -1.3825374e+00  -5.5041309e+00   9.2683712e-01   4.3230304e+00   1.6680992e+00  -3.3285104e+00  -3.1118836e+00  -1.7597554e+00  -1.3413129e-01   2.1612392e-01  -2.3941082e+00  -2.0450903e+00   1.6225258e+00   2.4145899e+00  -8.2506849e-01  -2.5271947e+00  -2.7159792e+00  -5.3894616e-01   6.5975970e-01  -7.0922219e-01  -6.4091877e-02  -2.3443419e-01
   1.0194966e+01   4.1877568e+00   8.7101871e-01   3.0538225e-01   1.2156824e+00   5.2719427e-01  -2.2044706e+00  -2.8205936e+00  -2.5337648e+00  -9.3601634e-01  -3.1558424e-01   1.1020780e-01   9.5482004e-01   1.4394000e+00  -8.6942153e-01   1.4116566e+00   3.2181213e-01  -2.1674142e+00  -1.1937348e+00  -6.4519555e-01   5.8334677e-01  -9.7701217e-01   4.8521998e-01  -1.2607562e-01
   1.8502234e+01   1.0211562e+01  -2.5323409e+00  -2.8109533e+00   2.1652442e+00   2.6616809e+00  -4.0593645e-01  -2.6130673e+00  -1.6509713e+00  -1.8015273e+00   6.7214209e-01   2.6450066e-02   2.9748023e+00   3.2530545e+00  -1.3953288e+00  -2.7621981e-01  -2.4814269e+00   8.9606721e-02   5.0424948e-01  -1.5456045e+00  -8.8686983e-01  -1.0668777e+00   8.2987506e-02  -9.1798825e-03
   1.9010479e+01   1.2975061e+01  -3.3745988e+00  -4.8125624e+00  -5.7843480e-01   4.0626270e+00   1.8236175e+00  -5.4959867e+00  -3.7141614e+00  -2.5279560e+00   9.9310473e-02   2.1766809e-01   3.6445176e-01   4.3846903e-01   4.1972588e-01   2.1304305e-01  -9.9856982e-01   6.3225649e-01   5.4072196e-01  -1.7736339e+00  -1.8589389e+00  -7.3051428e-01  -1.8447513e-01   8.3716723e-02
   1.7426956e+01   9.8758538e+00  -1.3527218e+00  -3.3594883e+00  -1.8982446e+00   2.6897242e+00   4.1042940e-01  -4.3092206e+00  -3.8519900e+00  -2.5641021e+00  -2.1709738e-01   1.4862396e-01  -4.8064373e+00  -2.1878077e+00   4.9976106e+00   2.9732632e+00  -2.4214697e+00  -3.5291918e+00  -2.5348226e+00   4.8085306e-01  -3.4328614e-01   5.1698204e-01  -8.9935259e-01  -7.5377705e-02
   1.1279283e+01   5.0133144e+00   9.1079797e-01   8.9921433e-01   1.7495721e+00   1.4615574e+00  -1.8015705e+00  -4.6329677e+00  -4.2216638e+00  -1.6505004e+00  -1.4767720e-01   1.7469594e-01  -1.3274663e+00  -2.9276920e-01   4.4091287e+00   1.0297423e+00  -1.1548290e+00  -3.0517084e+00  -2.8365954e+00   2.0769548e+00   5.3795758e-02   5.8684095e-01  -4.7320701e-01  -2.4503171e-01
   1.5158176e+01   1.0910723e+01   2.8213766e+00  -1.2069467e+00  -2.6309638e+00  -1.3315720e+00  -2.3955764e+00  -2.3232972e+00  -1.9121493e+00  -1.4647821e+00  -5.5339297e-01  -6.5130419e-02   2.3315101e+00   4.2361385e+00   1.6122616e+00  -2.8633565e+00  -2.2781528e+00  -1.6117482e+00   3.5530910e-01   3.0203225e-01  -6.6538472e-01  -4.1628860e-03  -5.5953136e-01  -1.0669054e-01
   1.8153670e+01   1.2018472e+01   1.1520450e+00  -4.3442196e+00  -1.9443187e+00   1.4957124e+00  -1.0282727e+00  -3.3735162e+00  -4.6033881e+00  -2.1973546e+00  -4.4235225e-01  -4.3002290e-02   5.7884759e+00   3.2671753e+00  -3.6035690e-01  -3.7420850e+00  -9.6786005e-02   5.8575250e-01   2.0066105e+00  -1.1017975e+00  -8.2712990e-01  -8.4861148e-01  -8.9657881e-02   1.3971401e-01
   1.7487028e+01   1.2727483e+01   9.4504707e-01  -5.0328060e+00  -3.4685285e+00   2.5502443e-01   5.5674412e-01  -4.4858980e+00  -4.6592049e+00  -2.2969193e+00  -9.0905690e-01   9.7437272e-02  -2.2941267e+00  -4.3941354e+00  -7.7154038e-01   7.5938924e-01   2.0838198e+00  -2.7517024e-01   7.9856902e-01  -4.1399569e-02   5.7432209e-01   5.7020989e-01   1.9991250e-01   9.0141887e-02
   1.8797571e+01   9.0056976e+00   1.3084274e+00  -2.8009835e+00   2.0231755e+00   1.5468879e+00  -2.6781498e-01  -5.2043636e+00  -4.0888308e+00  -2.5073490e+00  -1.0433206e-01   3.0298311e-01  -8.5014324e-01  -1.2347920e+00  -1.1976689e+00   9.7755044e-02   8.9391427e-01   1.3364775e-01   4.5386489e-01  -1.8208120e-01   1.4388450e+00   1.4190095e-01   3.9896938e-01  -8.7325571e-03
   1.1395036e+01   5.8259073e+00   1.5858749e+00  -8.3948093e-01  -1.4889812e+00  -1.7699151e+00  -1.5779517e+00  -1.4699728e+00  -1.3079448e+00  -4.5447001e-01  -4.2253432e-01  -1.0291029e-01   7.9890821e-01   1.8319867e+00  -2.1452486e+00  -1.6164594e+00  -1.3493722e-01   1.1412625e+00  -3.2430683e-01   2.8529238e-01  -1.0080935e+00  -1.1680384e+00   1.4103337e-01  -7.1166003e-02
   1.9924451e+01   1.3617072e+01  -9.6487229e-01  -6.2942496e+00  -1.5932209e+00   2.7086538e+00   7.1987257e-01  -5.1546006e+00  -4.1207507e+00  -2.9057278e+00  -8.7159461e-02   4.4072653e-02  -1.9051481e+00   1.0673129e+00  -9.6426139e-01  -1.5501868e+00  -3.6880070e+00  -1.4016675e+00  -4.6258857e-01   6.7361011e-01  -9.8881950e-01  -1.2921445e+00  -9.6907937e-01  -2.9419942e-01
   1.8121950e+01   1.3169776e+01  -1.1361760e+00  -5.7108620e+00  -1.8627361e+00   1.3860352e+00  -4.2355990e-01  -4.0828409e+00  -6.1553852e+00  -3.8497875e+00  -7.0609314e-01   1.2014349e-01  -3.2343801e+00  -2.6606983e+00   7.1318704e-01   1.9727865e+00   2.0198693e-01  -9.6875885e-01  -7.5863147e-01   5.3599147e-01   8.3750179e-02  -2.8753831e-01  -2.9175113e-01  -3.5278233e-02
   1.2576392e+01   6.9347327e+00   1.2230608e+00  -2.6905732e+00  -3.3219575e+00  -2.1335886e+00  -1.5388937e+00  -2.8875144e+00  -3.1483398e+00  -2.7479070e+00  -1.4161717e+00  -2.4984292e-01  -6.1333222e+00  -5.3672702e+00   2.1204441e+00   3.9370956e+00  -6.4060651e-01  -2.8076895e+00  -1.0664460e+00   2.2297401e+00   1.8372170e+00   1.2078704e+00  -1.9217712e-01  -1.7427487e-02
   1.0217495e+01   5.1760294e+00   1.5616889e+00   3.1786066e-01  -3.2163252e-01  -8.0193219e-01  -1.5865158e+00  -1.7995287e+00  -1.6685250e+00  -9.6468786e-01  -1.9565489e-01  -8.8698503e-03  -1.3644355e+00  -1.9853879e+00   9.2387756e-01   1.4618504e+00  -3.5680182e-01  -7.5434282e-01   1.7456950e-01  -1.4328959e-01   7.8124998e-01   4.9948453e-01   1.0180777e-01   6.4853806e-02
   1.4676695e+01   9.5630396e+00   8.6686146e-01  -3.4029675e+00  -3.3246825e+00  -4.0889677e-01  -2.9831843e-01  -2.9516466e+00  -3.6083553e+00  -2.5364721e+00  -6.3064427e-01   8.2438094e-02   2.8629213e+00   2.2841666e+00  -1.0703402e+00  -2.3154569e+00  -1.4043218e+00   2.9360514e-01   2.8575488e-01  -2.4915334e+00  -3.0914171e+00  -1.8614955e+00  -1.9413787e-01   1.4429630e-01
   1.5025145e+01   8.8775404e+00   4.2773995e-01  -3.1618893e+00  -2.3965764e+00  -6.0782491e-01  -7.8199330e-01  -4.2657092e+00  -4.7535025e+00  -3.2062782e+00  -9.4614520e-01   5.1283696e-02   4.6053353e-01   9.6965232e-01   5.9488848e-01  -1.2853496e+00  -2.4045513e+00  -2.6490223e+00  -1.2618468e+00  -1.7485629e+00  -1.2897380e+00  -1.2060090e+00  -7.5082227e-01  -2.0603711e-01
   1.4466949e+01   8.5102271e+00   1.8452492e-01  -4.4238836e+00  -4.3909683e+00  -1.7902345e+00  -1.5125226e+00  -5.3917243e+00  -6.2429767e+00  -4.4193550e+00  -1.3321333e+00  -6.3475235e-02  -3.1597384e+00  -2.9840248e+00   4.8758439e-02   1.8723718e+00   9.8636363e-01  -1.0848457e+00  -1.0878514e+00   8.5345202e-02   8.8073915e-01   8.2116012e-01   2.3001166e-01  -1.3290646e-01
   1.1013169e+01   7.1569142e+00   2.7951899e+00  -1.0997057e+00  -3.3953166e+00  -4.0847967e+00  -2.8721838e+00  -3.2023342e+00  -2.2858214e+00  -1.8322599e+00  -9.7114377e-01  -2.4496886e-01  -4.2142151e-01  -6.7424573e-01  -9.6331101e-01   6.6556410e-02   6.8261052e-01   1.3708758e+00   6.4451102e-01   1.3156146e+00   7.0519463e-01   1.1680368e+00   6.4203008e-01   2.8769739e-03
   1.1943075e+01   5.9473155e+00  -2.4372584e-01  -1.6255016e+00  -1.3457669e+00  -2.9767943e-01  -8.8500020e-01  -3.3553163e+00  -3.5210872e+00  -1.9917410e+00  -2.7312750e-01   3.1204685e-02   2.9487722e+00   1.4688812e+00  -2.4764436e+00  -2.1693526e+00   9.0239588e-01   3.5369491e+00   1.5888616e+00   2.9636602e-01  -1.0007360e+00   2.2743348e-01   4.9605061e-01   8.4364242e-02
   1.5654949e+01   9.1476276e+00  -8.0310118e-01  -4.4612457e+00  -2.8952613e+00   7.0221120e-01  -1.2898798e-01  -3.3104914e+00  -5.0566553e+00  -2.6680299e+00  -5.1260301e-01   8.2591974e-03   5.2628005e+00   2.7188359e+00  -1.7050064e+00  -1.5249302e+00   1.4125929e-01   2.7328547e+00   5.1704620e-01  -1.3849343e+00  -2.7167258e+00  -1.4746708e+00   3.1651262e-01  -3.5622535e-02
   1.6569217e+01   9.7181921e+00  -1.7309950e+00  -5.9971425e+00  -3.2874021e+00   1.1216851e+00  -5.0082822e-01  -4.8930966e+00  -6.3586638e+00  -3.6603198e+00  -8.1732781e-01  -6.3542898e-02   5.5273649e+00   2.2207751e+00  -1.4880767e+00  -1.3846795e+00   1.3519153e+00   1.7149841e+00   3.3583845e-01  -1.3259319e+00  -2.3641415e-01  -1.0539372e-01   4.5915830e-01  -5.9644950e-02
   1.6594299e+01   9.3497297e+00   9.8131491e-01  -1.2012806e+00  -2.2126101e+00  -6.9519698e-01  -2.2887005e+00  -4.5108455e+00  -4.9421218e+00  -3.2099768e+00  -2.2427469e-01  -2.5102887e-01   3.5999271e+00  -4.0528004e-02  -2.3879908e+00   5.0936555e-01   2.9755860e+00   2.1757061e+00   3.3955836e-01  -7.3110535e-01   5.2274691e-01   8.9541869e-01   5.6168550e-01   1.4536176e-01
   1.9764448e+01   9.1774271e+00  -3.3680489e+00  -5.3325035e+00   3.4078043e-01   2.9735008e+00   6.9861375e-01  -4.7440371e+00  -3.9329752e+00  -1.8788582e+00   2.7144579e-01   7.1381291e-02   2.0860300e+00  -4.0522210e-01  -2.5812910e+00  -2.4086480e-01   1.5972668e+00   2.7973503e+00   2.9470728e-01  -4.9289019e-01   2.5168239e-01   1.0373279e+00   2.7160453e-01   1.9888175e-01
   1.9457224e+01   9.3572181e+00  -3.5665604e+00  -4.0295169e+00  -2.4597351e-01   3.0398625e+00  -2.1937142e-01  -4.4816791e+00  -5.4853793e+00  -2.2156327e+00  -2.1446155e-01   1.5883974e-01   1.5624559e+00   2.5637027e+00  -3.5650272e+00  -1.5540551e+00   7.2294410e-01   3.3299891e+00  -7.6694070e-01  -2.6725915e+00  -7.5432189e-01   3.2458657e-01  -5.9848896e-01   1.0985953e-01
   1.8266799e+01   9.1066148e+00  -3.3289938e+00  -4.9443216e+00  -1.8748202e+00   3.4501809e+00  -1.0934319e+00  -5.6470151e+00  -5.7095114e+00  -2.6015000e+00  -4.1482757e-01   2.9845426e-02  -3.2899016e+00  -2.5428393e-01   8.9605828e-01   1.3515379e+00  -9.2169613e-01  -4.0919606e-01  -1.3285817e+00  -3.3297381e-01  -1.2343799e-01  -4.2134023e-02  -6.5012456e-01   1.1801109e-02
   1.9686807e+01   1.3230690e+01  -4.3857534e+00  -3.7264542e+00  -2.0393598e-02   4.0614467e+00  -2.5430888e+00  -8.0682437e+00  -5.1853365e+00  -2.3617760e+00  -7.7887145e-01  -6.5471645e-02  -3.6874790e+00  -1.7318751e+00   2.0480894e+00   2.2086942e-01  -7.1388111e-01  -1.1709476e+00   1.6915006e-01   1.1810456e+00   5.8135989e-01   1.1447679e-02  -2.2823639e-01   5.4037870e-02
   1.4714804e+01   6.8592653e+00  -1.6143650e+00  -3.4567280e+00  -1.1545537e+00   1.8489146e+00  -1.3240018e-01  -3.4502155e+00  -4.2681535e+00  -1.8689876e+00  -4.2153609e-01   2.0123865e-01  -3.8368810e-01   5.6375736e-03  -3.5559337e-02  -1.2181211e+00  -2.4148200e-01   1.2517298e-01   2.2977064e+00   2.7457881e-01  -8.2552401e-02  -2.2338196e-01   5.4758308e-02   1.9014388e-01
   1.5702003e+01   7.8830802e+00  -1.3517408e+00  -4.4420096e+00  -1.6769284e+00   2.0840742e+00  -4.4616216e-01  -3.8085105e+00  -5.3340184e+00  -2.5647174e+00  -5.5346187e-01   1.5419994e-01   6.6573647e-01   1.9221472e+00  -6.7080395e-01  -2.0116124e+00   1.7535373e-01  -3.7240157e-01   1.4374601e+00  -1.3267531e-01  -5.6317946e-01  -9.1411212e-01   1.9298592e-01   1.3952961e-01
   1.9683669e+01   1.1788876e+01  -4.8993391e+00  -6.4137256e+00  -1.4087758e+00   4.6266266e+00   1.3046644e+00  -7.3650135e+00  -5.7589991e+00  -2.8351022e+00  -4.4539490e-01   2.0522546e-01   4.1181912e+00   4.9025918e+00  -2.5319643e+00  -3.3289815e+00   1.8055148e+00   2.2933176e+00   3.8554198e-01  -2.6433404e+00  -1.4719560e+00   3.2252220e-01   1.4693288e-01  -2.1056148e-01
   1.8200980e+01   1.3649105e+01  -3.7494723e+00  -5.2653740e+00   3.6974805e-01   2.1139883e+00  -1.1054309e+00  -6.3098577e+00  -5.2846829e+00  -3.2498869e+00  -4.7746317e-01   1.4182936e-01   2.8101932e+00   1.1421331e+00  -1.4752505e+00  -1.7894328e+00   1.0739173e+00   1.5187136e+00  -2.8763601e-01  -8.2040357e-01  -3.5650662e-01   8.1128776e-01   9.0769326e-02  -1.1129968e-01
   1.9642603e+01   1.1330141e+01  -4.2134456e+00  -8.0385181e+00   5.3038020e-01   5.2739338e+00   7.7554715e-01  -6.1645525e+00  -6.5007552e+00  -1.0426195e+00  -2.3913613e-01  -1.0841828e-01   1.0811786e+00  -1.3927011e+00   1.1791357e-01  -1.4390562e+00   4.1385710e-01   6.6707420e-01  -6.0047726e-01   1.2578581e-01  -1.1326035e-01   7.7961561e-01  -1.5884137e-01  -7.7559146e-02
   1.9937826e+01   9.8256476e+00  -3.9075633e+00  -6.3137625e+00  -1.0356305e+00   4.0384910e+00  -6.1305755e-01  -5.6393463e+00  -5.4979002e+00  -2.2440271e+00  -5.2043727e-01   1.4407229e-01  -4.6577378e+00  -5.2978482e+00   3.4804934e+00   4.2220060e+00   4.5461929e-02  -2.6189564e+00  -1.0751007e+00   1.5789639e+00   1.6160976e+00   9.3135574e-01  -1.2029054e-01  -4.6399749e-02
   2.0437013e+01   1.1611553e+01  -4.6434233e+00  -8.0481157e+00  -8.5300880e-02   4.6649866e+00   1.5776184e-01  -7.5115905e+00  -5.8222810e+00  -2.1686087e+00  -6.6216990e-01   8.7765274e-02  -4.6514542e+00  -2.3155323e+00   3.1949942e+00   3.2455302e+00  -8.3928023e-01  -2.3937388e+00  -5.1050030e-01   1.9681055e+00   1.5051600e+00  -1.5806659e-01  -1.8276989e-02   1.6469541e-01
   1.0817167e+01   5.5616268e+00   1.6862567e+00   1.0724338e+00   7.4578148e-01  -1.5099727e+00  -2.4091893e+00  -3.2678929e+00  -3.1997736e+00  -1.2898587e+00  -4.4638209e-01  -2.5862041e-02  -1.3018107e-02   1.6053182e+00  -1.3302676e-01  -2.1409113e+00  -5.5646121e-02   2.5125166e+00   4.4522789e-01  -9.9859119e-01  -3.4059638e-04   9.8935674e-01   1.2362375e-02  -7.5053920e-02
   1.7225751e+01   9.9888524e+00  -2.2178642e+00  -6.8633209e+00  -1.6192461e+00   4.4575574e+00   9.0786259e-01  -4.3981210e+00  -5.3920786e+00  -1.7568036e+00  -3.0357920e-01   2.2359200e-01   1.1734370e+00   3.7747872e-01  -7.6922869e-01  -2.4014958e+00  -1.1368714e+00   1.5347252e+00   1.9598185e-01  -4.6100205e-01  -5.8659984e-01  -4.0873826e-01   7.7850440e-03  -2.7889028e-02
   2.1523930e+01   1.3044975e+01  -5.3198829e+00  -1.0117527e+01  -3.5212708e-01   7.9109804e+00  -3.2026609e-01  -8.6939679e+00  -5.7135123e+00  -9.6589453e-01  -6.8118905e-01  -3.6421952e-02   2.5522219e+00   6.6460823e-01  -2.0894501e+00  -3.2837607e+00  -1.6846885e+00   1.3601690e+00   1.2016897e+00   7.1905136e-02   9.7735776e-02  -6.3456884e-01  -4.0361953e-02   4.5919400e-03
   1.6843787e+01   8.4360970e+00  -2.2941965e+00  -6.0553790e+00  -1.2416537e+00   2.2565978e+00  -5.9272700e-01  -5.4900560e+00  -5.4453114e+00  -2.9436982e+00  -5.3308885e-01   5.1211689e-02  -5.9746535e+00  -4.7577280e+00   3.6056882e+00   6.4332889e+00  -2.8695728e-01  -6.1006220e+00  -1.4592726e+00   4.1285734e+00   4.3357669e+00   7.4637606e-01  -8.5044880e-03  -1.9024439e-01
   1.4836482e+01   7.3349169e+00  -1.4097523e+00  -4.2571782e+00  -1.9700475e+00   1.6307606e+00   1.4364007e-01  -2.6140676e+00  -3.0265536e+00  -1.6482647e+00  -3.9217020e-01   6.7216023e-02  -3.1865621e+00  -2.9271870e+00   1.7205667e+00   4.0971347e+00   3.2251321e-01  -3.8892679e+00  -1.0527767e-01   3.2176017e+00   1.0430935e+00  -1.1450439e-01   3.8451743e-01  -7.9048627e-02
   1.1607495e+01   5.7072896e+00   1.2356027e+00  -1.4356188e-01  -1.2407219e+00  -1.5532657e+00  -1.5129994e+00  -1.2452110e+00  -2.3190757e-01  -2.9605445e-01  -4.6084536e-01  -1.1359358e-01   3.4957991e+00   1.9904850e+00  -2.6470936e+00  -2.2876281e+00   7.3069093e-01   2.7995251e+00  -4.0989691e-02  -2.4670768e+00  -2.2772532e+00   1.1304546e-01  -4.5436094e-02  -7.6348659e-02
   1.9362234e+01   1.0018598e+01  -4.5039325e+00  -6.9277334e+00   1.3117684e-01   3.9820103e+00  -1.8046378e-02  -5.9899878e+00  -6.7555740e+00  -2.4614730e+00  -1.4053465e-01  -7.2592260e-02   4.8300342e+00   7.3116145e-01  -2.8939840e+00  -1.8002636e+00   2.3640719e+00   3.8911230e+00  -4.7865761e-01  -3.6899108e+00  -3.9570472e+00  -1.2471675e+00   9.3932470e-02   2.0622268e-01
   1.9824610e+01   1.0079984e+01  -4.7177467e+00  -8.1515436e+00  -1.1962294e+00   5.2802607e+00  -5.7336832e-01  -7.5027112e+00  -6.9966810e+00  -2.3675258e+00  -7.2706076e-01   6.5928425e-03  -1.4818680e+00  -1.5183217e+00   1.7503111e+00   2.7883463e+00   1.9476671e+00   1.5925991e+00   1.2067624e+00   2.3407863e+00   6.6266570e-01   4.2086618e-01   1.6233006e-01   1.0713841e-01
   1.7972975e+01   6.2453120e+00  -2.7740535e+00  -2.9535828e+00   1.5538141e+00   4.0506819e+00  -1.0441619e+00  -5.0201837e+00  -5.5797376e+00  -2.4832802e+00  -1.1816379e-01   3.1645683e-01  -4.8903264e+00  -3.0229643e+00   3.4879554e+00   4.7435502e+00   4.5266449e-01  -1.8772659e+00   9.5037108e-01   4.3788223e+00   3.7926670e+00   9.1927964e-01   3.1180370e-01   1.2484994e-01
   1.0079322e+01   5.3164503e+00   2.9961300e+00   2.0518823e+00   9.6946020e-01   8.0129722e-01   8.1020186e-01   1.7810664e+00   1.7417281e-01   3.4614842e-01  -2.2853571e-01  -1.4741051e-01   1.6014029e+00   2.9153727e+00  -4.0247201e+00  -8.3671533e-01   1.4833038e+00   4.1722326e-02  -1.2651679e-01   2.4264755e-01   3.4384535e-01  -2.3367837e-01   5.2552787e-01  -9.1610340e-02
   1.6899388e+01   7.8659187e+00  -3.1289377e+00  -4.9141211e+00  -2.7267122e-01   3.4055931e+00   7.1572516e-01  -4.0636432e+00  -4.6520004e+00  -2.4393906e+00   7.7908373e-02   1.9168433e-01   1.4188360e+00   2.7083609e+00  -4.8728651e+00  -5.4813014e+00  -3.1196373e+00  -7.9272592e-01  -1.8643262e+00  -4.1194399e+00  -3.0857779e+00  -1.6224884e+00  -2.3468820e-01  -1.0033817e-01
   2.2763508e+01   1.3642739e+01  -1.0577385e+01  -8.4263474e+00   1.9419690e+00   5.6653885e+00  -1.6430870e+00  -7.6170101e+00  -6.9447816e+00  -2.7399881e+00  -3.6805037e-02  -6.8436417e-02  -1.6625792e+00  -1.2466266e+00  -1.9030469e+00  -2.5922825e+00  -3.6293723e+00  -2.7130775e+00  -2.7433999e+00  -3.2661586e+00  -2.2723864e+00  -1.7236577e+00  -5.8379972e-01   3.8456009e-02
   1.3759136e+01   6.1447088e+00  -3.2965938e+00  -5.9364201e+00  -3.6118963e+00   4.2954732e-01  -2.6140067e+00  -6.5003053e+00  -6.6489273e+00  -3.3739445e+00  -5.6606143e-01   1.2646253e-01  -8.0339855e+00  -4.9071422e+00   5.2087155e+00   3.8452065e+00  -1.8181544e+00  -4.3766075e+00  -1.0425918e+00   2.4303218e+00   2.2045630e+00   7.1825816e-01  -4.7103696e-01  -4.8743745e-02
   9.1555788e+00   4.3071154e+00   2.2538777e-01  -1.3253920e+00  -2.8049857e+00  -1.7802962e+00  -1.6400321e+00  -1.8998405e+00  -2.2359433e+00  -1.7720612e+00  -7.8225039e-01  -5.7115594e-02  -5.0427724e+00  -3.9830569e+00   6.4838323e+00   2.9104335e+00  -1.0641275e+00  -2.3386517e+00   1.2922240e+00   3.0244420e+00   1.4666162e+00   5.3091154e-01  -2.1970598e-01   1.7279728e-01
   1.1652375e+01   5.1730175e+00  -7.1725066e-01  -2.6967891e+00  -6.2642552e-01   5.6352421e-01  -8.4969003e-01  -3.2767453e+00  -3.6995750e+00  -1.8459668e+00  -2.5592439e-01   1.1290830e-01   6.1654487e+00   3.8921936e+00  -1.7484626e+00  -1.8309784e+00   2.2479394e+00   3.3366812e+00   2.1473367e+00  -8.7560697e-01  -1.3151815e+00   1.4613672e-01   5.0186747e-01   1.7061679e-02
   1.6252730e+01   8.1539997e+00  -2.1413080e+00  -5.6805126e+00  -1.1469577e+00   2.0904225e+00  -5.8690940e-01  -4.6921270e+00  -6.2195335e+00  -2.7076097e+00  -5.2143253e-01   1.9753662e-01   9.0714023e+00   7.9598490e+00  -3.2567277e+00  -2.9545298e+00   1.6184143e+00   3.2246236e+00   3.5386463e-01  -3.7464218e+00  -2.7241229e+00  -1.4450097e+00   2.0839485e-01   1.7091182e-01
   1.9458734e+01   1.0059557e+01  -4.7359399e+00  -6.5053274e+00  -1.0690012e+00   3.4992098e+00   8.0436983e-02  -6.4175725e+00  -6.6299044e+00  -2.6869652e+00   5.6330849e-02   2.4728940e-02   3.6539618e+00   3.3487722e+00  -1.0365672e+00   4.8889523e-02   1.2794373e+00   1.4586111e+00   1.1163236e-01  -1.2420328e+00   1.9710429e-01  -5.9730707e-01   7.9966267e-02   2.1215913e-02
   1.8859503e+01   1.3803619e+01  -2.6503592e+00  -3.8529176e+00  -1.5607646e-01   1.5887964e+00  -1.5742986e+00  -5.9490596e+00  -4.8569629e+00  -3.5190765e+00  -6.2578574e-01   2.4334182e-01  -1.8769348e-01   5.5588066e-01   1.9487677e-01   3.9707917e-01   1.1749681e+00   6.5791843e-01   5.8240914e-01  -3.6773378e-02   1.3977965e+00   2.0101565e-01   2.4452674e-01   6.7784585e-02
   1.5829931e+01   7.3713660e+00  -2.0175759e+00  -3.5372523e+00   7.9728986e-01   3.0022540e+00  -1.8854687e-01  -4.5113282e+00  -4.0852038e+00  -2.3361940e+00  -8.3798387e-02   1.2182957e-01  -4.4060013e-02  -6.3666303e-01   5.8328635e-02  -1.2936521e+00   1.0033416e+00   9.7441759e-01   2.3081064e-01   2.7601080e-01  -1.0722459e-01   5.8182130e-01   3.6681874e-02   1.3036374e-01
   1.7785591e+01   1.0331916e+01  -3.2081748e+00  -6.5689314e+00  -3.1765104e-01   3.3257781e+00   4.2119624e-01  -5.7004092e+00  -5.3951890e+00  -2.5814718e+00  -8.4577810e-02   2.5066318e-01  -1.9541487e+00  -1.2856795e+00   2.1910679e+00  -1.1113904e+00  -2.6697332e+00  -2.8821273e-01   1.2604045e+00   6.4412329e-01  -1.2352236e+00   6.2578787e-02  -5.8756284e-02   1.6141248e-02
   1.9929599e+01   1.0840414e+01  -4.3695391e+00  -7.0877986e+00   5.1679852e-01   4.0923454e+00  -5.7109450e-01  -6.1278815e+00  -6.5216283e+00  -2.2830356e+00  -1.5925030e-01   2.1661386e-01  -2.2101044e+00  -3.8553150e-01   2.0890910e+00   1.0986817e+00  -1.6962192e+00  -1.4274203e+00  -7.3944098e-02   6.3164485e-01  -5.9305426e-01   7.7459636e-02   5.5460730e-02   1.4451714e-01
   1.3878446e+01   1.0140576e+01   1.8122243e+00  -3.7447301e+00  -4.0204306e+00   6.1143156e-01   5.0758187e-01  -4.1745980e+00  -5.4915862e+00  -3.4517875e+00  -6.7619420e-01   2.2016155e-01  -6.5297517e-01  -9.6099047e-01  -8.6828361e-02   1.1899385e+00   2.4396822e-01   3.0626221e-01  -9.2250960e-01   3.3183504e-01   1.7907416e-01   4.1961970e-01   5.0277109e-01  -4.9226374e-02
   1.4468347e+01   6.8887389e+00  -1.3941388e+00  -3.3013305e+00   1.0435081e-01   2.2182968e+00  -3.4265583e-01  -4.3267666e+00  -4.9265866e+00  -1.7848467e+00   2.9520091e-01   3.5385611e-01   1.0468979e+00  -9.4760149e-01  -1.3642321e+00  -5.3704254e-01   2.2617087e-01   1.0171204e+00  -6.7005448e-01  -4.4844014e-01   2.3518569e-01   4.1845998e-01   5.7711425e-01  -1.0259187e-01
   1.9536754e+01   1.0866268e+01  -4.8261175e+00  -6.6772577e+00   2.5452514e-01   4.7221957e+00  -1.0767875e+00  -6.1032141e+00  -5.9240986e+00  -2.2011367e+00   4.4235321e-01   1.0820250e-01   2.5451590e+00   1.4540695e+00  -2.4448208e+00  -4.2714179e+00  -2.9388532e-01   2.5507938e+00   9.1515184e-01  -4.6965041e-01   4.8628978e-02   9.5443103e-01   8.9774395e-01  -4.2717367e-02
   1.8670792e+01   9.0561657e+00  -3.0967164e+00  -6.4270986e+00  -1.2814230e+00   3.5626439e+00  -7.8399154e-01  -5.8362336e+00  -5.9525935e+00  -2.2806711e+00   1.4714736e-01   1.1870558e-01  -5.9108857e+00  -3.0760096e+00   2.3916798e+00   2.3657810e+00  -4.3911898e-01  -1.1615076e+00   5.8824365e-01   2.7409535e+00   2.8931942e+00   1.0429958e+00  -1.9414799e-01  -1.9755696e-01
   1.5594962e+01   1.1237967e+01  -1.0037181e+00  -8.5889729e+00  -3.7683716e+00   3.7654488e+00   2.1009775e+00  -4.1243401e+00  -4.9056393e+00  -1.7722288e+00   7.4444849e-01   2.7366076e-01  -5.2850975e+00  -3.8619116e+00   2.5905675e+00   3.0047317e+00  -1.3463666e-01  -2.3148243e+00   4.8453961e-01   2.7416303e+00   1.8942960e+00   1.0903332e+00  -3.2075596e-01   5.5925438e-02
   7.5729150e+00   2.0888750e+00   2.8218110e-01   1.2031986e+00   1.4571207e+00   9.5440889e-01  -1.0491728e+00  -1.2047733e+00  -1.0960250e+00  -4.3480699e-01  -1.4706872e-01  -2.5208458e-02   3.1633839e+00   1.5469541e+00  -4.5305176e+00  -7.7241046e-01   1.5846793e+00   1.0115614e+00  -8.3708571e-01  -1.9050691e+00  -5.8376225e-01   9.1284137e-01  -2.8707346e-01  -7.8094067e-02
   1.7158047e+01   8.5570460e+00  -2.6297150e+00  -5.9853088e+00  -1.3167017e+00   2.5540767e+00  -2.1738742e-01  -4.3064988e+00  -5.5109388e+00  -1.4885689e+00   1.0832732e-01   2.6404767e-01   4.5388074e+00   3.1275804e-01  -4.7196221e+00  -1.2719510e+00   9.3923497e-03  -9.3068903e-01  -2.8135881e+00  -2.8802034e+00  -1.4758399e+00  -3.9494384e-01  -5.2128391e-01  -1.8963291e-01
   2.2634325e+01   1.2717057e+01  -9.0794944e+00  -8.8875463e+00  -1.3023905e-01   5.6856720e+00  -8.8043764e-01  -8.6027580e+00  -6.5255871e+00  -1.0532390e+00   3.4597754e-02   6.3710207e-03   1.5520805e-01   7.6324648e-01   5.7251517e-01  -3.3589476e-01  -1.6235321e+00  -1.7185325e+00  -7.2513793e-01  -4.5313897e-01   2.3861889e-01  -1.5872364e-01   3.4885404e-02  -2.3624752e-02
   1.4872468e+01   6.3930129e+00  -3.4023135e+00  -5.4515269e+00  -2.9606032e+00   3.7836854e-03  -2.2037723e+00  -4.7456529e+00  -4.4046181e+00  -2.0554286e+00  -1.2831062e-01  -2.6578349e-02  -7.6209025e+00  -4.6798914e+00   4.9374028e+00   4.7543406e+00   7.8918446e-02  -3.0402298e+00  -3.6674914e-01   2.7244415e+00   2.6665260e+00   1.1874768e-02  -5.5974002e-02   6.7834001e-03
   8.9485165e+00   4.3157613e+00   1.5272531e+00   4.3246550e-01  -1.5622670e-01  -3.4824340e-01  -1.1436873e+00  -1.6649047e+00  -1.2912570e+00  -3.8946262e-01   2.3578358e-02   8.4667426e-02  -3.1986413e+00  -2.2616284e+00   4.3417805e+00   2.1178364e+00   7.9357704e-02  -8.3017814e-01   7.1076062e-01   1.8456369e+00   6.5271987e-01  -5.5320961e-01   1.6690714e-01   3.1574976e-01
   1.2569597e+01   5.7378568e+00  -5.2698456e-01  -3.5138038e+00  -1.1853302e+00   1.0106897e+00  -6.3588630e-01  -3.6887632e+00  -4.1283148e+00  -1.8026449e+00   2.9876016e-02   2.3507457e-01   4.7222543e+00   3.0844920e+00  -1.5313949e+00  -2.5102308e+00   7.1171940e-01   3.1964457e+00   1.0196776e+00  -1.8893303e+00  -2.1059577e+00  -8.1316112e-01   2.1981954e-01   2.1035061e-01
   1.8987799e+01   9.6521927e+00  -4.0044881e+00  -6.6796532e+00  -8.9883899e-01   3.9369517e+00  -5.9823971e-01  -6.3627474e+00  -5.6846589e+00  -2.0094452e+00   2.0586514e-01   3.4916920e-01   6.6869349e+00   4.8525967e+00  -1.4705279e+00  -2.3903236e+00  -1.4347302e+00   9.4486695e-02  -1.0136695e+00  -2.1015090e+00  -1.9976754e+00  -1.3005982e+00  -1.6698308e-01   3.9398225e-02
   1.6936208e+01   8.3515351e+00  -2.9335353e+00  -5.6608137e+00  -1.5217180e+00   2.6558547e+00  -9.4697962e-01  -5.2307270e+00  -5.3668537e+00  -2.4651790e+00   1.1027530e-01   1.5669667e-01   3.0839053e-01   6.1738874e-01   1.3488642e+00   2.2746363e+00   1.1023610e+00  -8.8556441e-01  -3.2590349e-01   9.0825082e-01   1.0292048e+00   1.9298058e-01   1.6851712e-02  -8.5219032e-02
   1.6795613e+01   1.0287817e+01   5.2473654e-01  -2.0795149e+00  -2.1401281e+00  -1.0290959e+00  -2.5086448e+00  -4.0461863e+00  -3.6685006e+00  -2.0090928e+00  -2.6709591e-01   1.8295371e-01  -2.2714511e+00  -1.3472508e+00   1.8849815e+00   2.1619438e+00   1.4598023e+00  -1.5129714e+00   3.5636324e-01   1.3658620e+00   1.1836404e+00   6.8616912e-01   6.5685168e-02  -3.4350635e-02
   1.4128276e+01   6.3461277e+00  -7.6830067e-01  -2.4019185e+00   1.0888559e+00   2.1653669e+00  -1.6953898e-01  -3.4846675e+00  -3.5925868e+00  -1.5133502e+00   2.9163411e-01   1.9035377e-01   1.7611013e+00   9.2593525e-01  -1.6889596e+00  -2.4456382e+00   2.2994672e+00   1.4747255e+00   4.3949066e-01  -2.8943952e-01  -1.1030719e+00   8.5944771e-01   4.7918502e-01  -6.8542789e-02
   1.6984588e+01   8.6340203e+00  -2.2596332e+00  -5.0661852e+00  -1.4422416e-02   1.9127386e+00  -4.5241517e-01  -5.1869841e+00  -4.7963318e+00  -1.4561059e+00   2.1371349e-01   2.8081470e-01   7.3438356e-01   3.8222274e-01  -1.2575647e+00  -1.6895235e+00   1.5131212e+00   1.4725389e+00  -1.0501416e+00  -1.6646333e+00  -1.8005325e+00  -5.6214264e-01   2.9278980e-01  -1.8129713e-02
   1.9483373e+01   1.0567336e+01  -4.0747898e+00  -7.8359358e+00   8.6463000e-01   3.3970257e+00  -1.3158585e+00  -5.0944873e+00  -6.4575459e+00  -1.4525009e+00   5.8864814e-01   4.9519957e-03   3.2545835e+00   2.4162867e+00  -1.7569731e+00   5.2462376e-02   3.1533357e-01   2.5374727e-01  -1.4054868e+00  -1.8086858e+00   7.4403165e-01   1.0872014e-02   1.8112122e-02  -9.2608463e-02
   1.5219640e+01   8.7505469e+00   2.9163398e-01  -1.8967915e+00   2.4166665e-01   5.6388308e-01  -3.5106974e+00  -5.7382263e+00  -4.9368199e+00  -2.8827315e+00   2.3581779e-02   2.4846003e-01  -8.3886471e-01  -6.3547315e-01   4.4062500e-01   2.2994664e+00  -8.6855167e-01   2.7746695e-03   5.0145578e-02   5.0505939e-01   1.9592934e+00   3.3971964e-01  -1.1483389e-01   6.7416454e-02
   1.9892625e+01   9.9122944e+00  -4.6793940e+00  -3.9079218e+00   1.4338117e+00   3.2204155e+00  -7.4862804e-01  -5.9220751e+00  -2.4062953e+00  -7.8372942e-01   4.1386815e-01   6.7618411e-02  -1.2781822e+00  -1.1368550e+00   2.7123510e-01   4.9683731e-01  -2.2268562e+00  -7.0969896e-01   1.5512570e+00  -2.2325167e-01   2.0216427e+00   4.1385541e-01  -4.0648216e-01   2.3501338e-01
   1.5521665e+01   8.0083316e+00  -1.2963936e+00  -3.5809927e+00  -1.6018408e+00   2.0052057e+00  -6.6081201e-01  -4.0156012e+00  -3.8830170e+00  -1.2809122e+00   1.2885265e-01   3.5060618e-01  -1.6638125e+00  -1.3539812e+00  -5.9209668e-01  -1.7569220e+00  -1.5623096e+00  -1.0860615e+00   1.7167910e+00   9.8073318e-01   7.7573420e-01   1.0692584e+00  -9.1686080e-02   1.1716151e-02
   1.7415087e+01   9.2331616e+00  -2.8739233e+00  -6.2485793e+00  -1.5539006e+00   1.6118159e+00  -4.1391573e-01  -6.2906774e+00  -3.9519833e+00  -1.6326274e+00  -7.3710544e-02   3.0639900e-01  -2.4787757e+00   1.5206670e+00   2.1546428e+00  -3.2778761e+00  -2.9112167e+00  -1.5111054e+00   1.3094933e+00   1.7436072e+00  -7.9148984e-01   2.0219558e-01   3.1262874e-01  -1.5049160e-01
   1.3962690e+01   7.0591416e+00  -1.4992464e+00  -3.3618458e+00  -6.0794160e-01  -2.6090930e-01  -1.1028670e+00  -4.0828254e+00  -3.0003746e+00  -8.5439485e-01   1.2984200e-01   1.4664396e-01   3.0567500e+00   3.5922565e+00  -3.0318816e+00  -1.7178940e+00   1.6209295e+00   8.1795609e-02   1.9251791e+00   1.0094439e+00  -1.0112890e+00   1.0133598e+00   5.0739934e-01  -1.5962519e-01
   1.6953949e+01   1.2667890e+01  -1.3460034e+00  -8.9343094e+00  -3.4299630e+00   2.0868149e+00   1.4366395e+00  -3.2730522e+00  -4.0348513e+00  -6.9369470e-01   8.8231659e-01  -5.6137881e-02   2.6592935e+00   1.6381577e+00  -2.6174562e+00   1.9642896e-01   6.1362982e-01   1.8198705e+00   3.2452322e-01   8.2097703e-01  -1.1741923e+00   7.3825065e-01   2.6629224e-01   9.7467043e-02
   2.0337359e+01   1.1679352e+01  -6.6081760e+00  -4.8149686e+00   1.7675846e+00   1.8903996e+00   1.3016791e+00  -4.0102479e+00  -5.3585166e+00  -2.3033883e-01   4.1193810e-01   2.9243683e-01  -6.0231777e-01  -2.2180248e+00  -1.2643659e+00   5.7454375e-01   1.1320296e-01   1.5280352e+00  -4.4816526e-01  -1.7234337e-01  -6.3881783e-01  -3.5451767e-01  -1.9032532e-02   2.7735264e-01
   1.8216693e+01   9.3802928e+00  -4.2456428e+00  -5.2273744e+00  -1.8212190e+00   3.2659673e+00  -1.1294039e+00  -5.0955006e+00  -4.5342008e+00  -8.3727945e-01   1.8467976e-01   3.7970313e-01  -5.3015522e+00  -4.6119152e+00   5.2909295e+00   6.8831866e+00   6.6587961e-01  -2.3257839e+00  -2.1768794e+00   8.2546178e-01   1.8868542e+00  -2.4586288e-01  -4.8208227e-01   3.4102540e-01
   1.2427842e+01   5.3759029e+00  -1.9459755e+00  -4.3534977e+00  -1.2425092e+00   1.4415673e+00  -4.9209319e-01  -3.4301162e+00  -3.7089266e+00  -1.3143790e+00   4.5011162e-01   3.4475242e-01  -2.7037644e+00   9.1825708e-04   4.3975953e+00   2.2041685e+00  -3.8995790e-01  -1.0030217e+00  -1.7289359e+00   4.9246946e-01   2.3020038e+00  -5.5533676e-01   1.3170552e-01   9.8943431e-02
   1.2956379e+01   8.9017418e+00   4.2592907e+00   1.1597350e+00  -9.2609666e-01  -1.1774448e+00  -9.3179353e-01  -2.3249254e+00  -2.0293650e+00  -5.2046894e-01   1.4010642e-01   4.2924242e-01   1.9070308e+00   2.8877214e+00   2.6681596e-01   4.5961803e-01   2.0887489e+00  -7.4810723e-01   2.7208031e-01   9.0372459e-01   8.4594018e-01   2.0276257e-01   5.7858317e-01  -1.8487311e-02
   1.8911870e+01   1.1920005e+01  -4.2642499e+00  -4.7022706e+00   7.3508659e-01   2.6075731e+00  -1.3905300e+00  -4.6568314e+00  -3.1579287e+00  -1.2217492e+00   6.3178306e-01   4.1608233e-01   3.2282567e+00   2.7489919e+00  -2.9595968e+00  -2.5947285e+00  -4.2849443e-01  -8.7830370e-01  -1.1003105e+00  -1.5692415e+00  -1.3744372e+00  -7.1566347e-01   3.1435674e-01  -1.0473661e-01
   1.7835225e+01   1.0439824e+01  -2.6862817e+00  -4.3635609e+00   3.2310650e-01   1.5608035e+00  -2.7206506e-01  -3.1265562e+00  -3.5407895e+00  -5.7945048e-01   9.6171880e-01   3.1630721e-01  -3.0379484e+00  -2.8272584e+00  -1.8406102e+00  -2.7074029e+00  -3.1250816e+00  -2.3468991e+00  -5.6922370e-01   8.6598002e-01   6.0456796e-01  -3.6290585e-01  -3.3594309e-01  -3.9385503e-01
   1.4830804e+01   8.7303498e+00  -2.9125845e+00  -5.4839425e+00  -2.5098524e+00  -1.2450124e+00  -2.4724232e+00  -5.3831631e+00  -5.0148702e+00  -2.3583834e+00   5.1084054e-01   2.4411512e-01  -3.1085927e+00  -1.2337214e+00   2.0856816e+00   1.1439798e+00  -2.3257737e+00  -1.3471830e+00   1.0873329e+00   1.2163349e+00   8.3025366e-01   4.9194662e-01   1.4033348e-01  -1.0940788e-01
   1.0439990e+01   6.2556818e+00   8.2254274e-01  -2.5105334e+00  -3.9912496e+00  -2.7715007e+00  -1.2446825e+00  -6.6278945e-01  -1.9404233e-01  -4.9651062e-01  -3.0333695e-01  -7.5556512e-02   1.3856738e+00   1.7002037e+00  -9.0035894e-01   1.1815488e+00   6.2315490e-01   2.1105445e+00   1.2445382e+00   7.5389479e-01   8.8474904e-01   2.5549201e-01   7.8124617e-01   2.3585896e-01
   1.7946598e+01   1.2161494e+01  -2.8901396e+00  -3.9128146e+00  -5.9639583e-01   2.7529507e+00   7.2677808e-01  -4.0642123e+00  -3.5859217e+00  -5.2529923e-01   1.4748112e+00   4.4790237e-01   3.8871564e+00   2.0730399e+00  -1.2548626e+00   1.3988658e+00   2.7449600e+00   3.7365234e+00   1.4316541e+00   7.0013210e-01   5.5188383e-01   8.7452047e-01   1.1935009e+00   2.1114684e-01
   1.8355838e+01   1.1274557e+01  -4.0480426e+00  -3.3768016e+00   3.0111058e-01   2.7276388e+00  -4.8584347e-03  -2.6551894e+00  -2.9281401e+00  -1.1127546e+00   1.6516028e+00   5.6820202e-01   8.1508982e-01  -6.3380780e-01   7.6862500e-01   2.6366071e+00   2.9561530e+00   9.7735822e-02  -2.2887289e+00  -4.0219011e-01  -1.3001339e-01   4.5146990e-01   7.1052046e-01   2.6546960e-01
   1.6703614e+01   9.3304719e+00  -2.3595858e+00  -2.9525096e+00  -5.3859251e-01   1.6102030e+00  -9.4485413e-01  -3.3367650e+00  -2.8199956e+00  -7.3848075e-01   1.3236220e+00   2.3895611e-01  -3.4073624e+00  -2.5959967e+00   3.7006888e+00   1.7902004e+00   1.1605418e+00  -8.4431001e-01  -1.8504436e+00   7.1065787e-01   1.5236530e+00   1.7206499e+00  -3.1949601e-01  -1.3629483e-01
   1.2284116e+01   6.7204812e+00   1.7102033e+00   9.6422477e-01   4.1407829e-01  -2.0535231e+00  -3.8419597e+00  -1.6297983e+00  -7.7202551e-01   2.8728499e-01   8.3803832e-01   4.2712101e-01  -2.9650228e+00  -9.8681081e-01   3.5020197e+00   9.6227804e-01   5.6268589e-01   7.8587548e-01   9.7944353e-01   9.4689750e-01   8.2590574e-01   1.4790256e+00  -3.5164225e-01   7.4131747e-02
   1.5871416e+01   1.0544537e+01  -2.1822941e-01  -3.3980272e+00   1.0879331e+00   3.8770667e+00  -1.3033666e-01  -3.5109211e+00  -2.3784995e+00   1.3556559e+00   1.4023494e+00   3.1400062e-01   1.4741850e-01   1.3640902e+00   3.3740895e-01  -1.5971828e-02   4.8740610e-01   2.1896128e+00   3.6594629e+00   8.0893929e-01   2.7958282e-01   4.8706311e-01   3.3100688e-01   3.1017296e-01
   1.4324403e+01   9.1873085e+00   1.3430886e-01  -1.7106258e+00   3.3187661e-01   2.7730202e+00   1.0570481e+00  -1.1477651e+00  -1.9100296e+00   5.8715469e-02   1.0847757e+00   6.4187739e-01  -1.7672143e+00   4.1219899e-01  -1.4989350e-01   5.0765785e-01  -3.4633930e+00  -1.2683493e+00   2.9264501e+00  -2.5620311e-02   5.5969897e-01  -3.5651093e-01   2.5855926e-01   4.4057588e-02
   1.5904598e+01   1.0143194e+01  -1.0655251e+00  -1.6390421e+00   2.3361748e-01   2.4813505e+00   2.0948363e+00  -2.3643726e+00  -1.8316193e+00   1.0639867e-01   1.6967636e+00   5.9683736e-01  -4.7136720e+00  -1.9511739e+00   1.8170334e+00   4.8015528e+00  -6.8858941e-01  -4.2784649e+00  -5.1585266e-01   1.0635102e+00   2.5957532e+00   5.6221766e-01  -1.2795611e-01   6.3533836e-02
   9.6167038e+00   7.5394513e+00   1.9090109e+00   8.4621899e-01  -4.3538534e+00  -3.2581890e+00  -5.6487104e-01  -2.2415030e+00  -2.0591715e-01   3.7714719e-01   1.0786701e+00   3.5178903e-01  -3.0023124e+00   2.3929644e+00   1.5540646e+00   1.9965747e+00   2.1757483e+00  -1.0105567e+00  -1.4526398e+00   1.0343623e+00   1.9441791e+00   7.8197082e-01   3.7566918e-01   3.5845564e-02
   1.1154757e+01   8.4417047e+00   1.6199697e+00   2.5258797e+00   2.3979140e+00   4.7497388e-01  -9.3156064e-02  -1.3687868e+00   6.6307404e-01   2.0397665e+00   1.2134680e+00   5.5434556e-01  -1.6956922e+00   4.7265945e+00   1.1338181e+00  -1.7057436e-01   2.4605214e+00   2.9846034e+00  -7.6332944e-01   2.0530918e+00   4.6716846e-01   4.1152542e-01   8.9165455e-01   7.9195077e-02
   1.2195855e+01   1.3627500e+01   1.1226583e+00  -7.9822468e-01   2.5133508e+00   2.2603735e+00  -2.7915303e-02  -9.4014611e-02  -2.4110762e-01   2.6498779e-01   1.8899273e+00   7.1689163e-01   5.8477661e-01   5.2010735e+00  -2.1123756e+00  -4.1850145e+00   3.4794853e+00   5.8583438e+00   3.2909717e-01   2.2821938e+00  -1.6891709e+00  -1.0579267e+00   7.0616585e-01   1.2885884e-01
   1.2071484e+01   1.4189061e+01   1.0283783e+00  -1.0726818e+00   4.9079745e-01   4.1989744e+00   6.8136430e-01  -3.5847918e-01  -1.1132714e+00   7.7976651e-01   2.6286169e+00   5.3307867e-01  -3.3985692e+00  -1.4420263e+00   1.2799837e+00   3.0250947e-01  -4.5968316e-02   1.5471801e+00   1.0586686e-01   2.5041044e+00   3.3878764e-03  -5.2188642e-01  -5.3701926e-01  -1.2659630e-01
   1.0035505e+01   1.2467383e+01  -9.6375678e-01  -3.6320221e+00   1.8189329e+00   3.6673265e+00  -4.5848547e-01   6.7663391e-01  -1.8515007e+00  -5.7974281e-01   1.4303444e+00   5.5571073e-01  -4.7590888e+00  -4.7400008e+00   3.1509152e+00   4.9115630e+00   1.5255223e+00   1.6312102e+00   3.5141114e+00   4.0417352e+00   2.3151571e+00  -2.0955804e-01  -1.9207592e+00  -5.2838822e-01
   7.1370784e+00   6.8587233e+00   4.5831529e+00   4.3965426e+00   2.6761704e+00   2.0922676e+00   2.8092931e-01   2.0020456e+00   1.4733524e+00   1.6793022e+00   6.3773055e-01   4.4504156e-01  -3.7121984e+00  -3.8066478e+00   4.0031993e+00   5.5041378e+00   2.0629027e+00   2.1293778e+00   6.0363697e+00   4.3127171e+00   3.9219923e+00  -1.6080680e-01  -2.1797257e+00  -5.9928830e-01
   7.5244247e+00   1.0182667e+01   4.0716438e+00   3.8345076e+00   3.7089478e+00   5.7605422e+00   5.4434693e+00   4.7883258e+00   1.9383161e+00  -4.9911710e-01   4.2316530e-03  -3.1672137e-02  -9.1717755e-01  -2.4138660e+00   3.4395129e+00   4.3245376e+00   1.6798618e+00   2.3810163e+00   5.6713890e+00   2.3727432e+00   2.6159969e+00  -3.3949074e-01  -1.1578659e+00  -6.3699271e-01
   7.7587268e+00   9.6214475e+00   4.5154769e+00   3.4502601e+00   2.6401441e+00   6.3464333e+00   6.7849415e+00   4.0547506e+00   2.8748087e+00   4.9824345e-01   7.2084634e-02  -7.2162351e-02   9.4537021e-01  -7.1750569e-01  -5.1291317e-01  -2.3667175e-01  -3.7388240e-01   5.8346699e-02   1.1895295e+00  -1.0525588e+00  -8.2713093e-01  -9.7574710e-01  -5.5919614e-01  -2.4783169e-01
   8.3489149e+00   7.4652223e+00   4.2293506e+00   3.3279255e+00   4.3567387e+00   5.1117681e+00   4.7965919e+00   3.2093962e+00   1.3717664e+00  -4.9844957e-01  -2.3631433e-02  -1.4117639e-01   5.1634586e-01  -1.0759891e+00  -7.0331917e-02   3.4302057e-01  -7.6493049e-01  -2.9391195e+00  -2.7964782e+00  -1.6824211e+00  -6.5669624e-01   6.7883874e-01   1.0121644e-01   5.2206855e-02
   8.1428887e+00   7.1411873e+00   3.7349297e+00   4.2948260e+00   1.7914514e+00   2.5041747e+00   2.3886623e+00   1.2126722e+00   5.1593086e-01   2.1534776e-01  -1.8713212e-01   1.2804615e-01  -3.5865121e-02   5.4707890e-02   2.5047903e-01  -6.0423137e-02   7.9922458e-01  -1.8670830e+00  -1.9961153e+00  -1.6607586e-01   1.5829023e-01   5.1914400e-01   3.3969383e-01   7.9372318e-02
   8.1068626e+00   9.8088138e+00   4.3564195e+00   3.9267555e+00   2.9858984e+00   3.2729922e+00   3.4468916e+00   3.6857334e+00   2.1327107e+00   6.6058886e-01   2.8566469e-01  -5.3466107e-02  -1.5156947e-01   1.3752567e+00   5.1405664e-01   4.7260942e-01  -3.1618773e-01  -5.6739822e-01  -8.0256664e-01   4.3135972e-02   1.0347149e+00   1.1887694e+00   5.3795374e-01   9.6650009e-02
   7.8259552e+00   8.5317136e+00   4.8276610e+00   3.0602104e+00   4.5244011e+00   4.4651968e+00   4.4656187e+00   3.5674682e+00   2.7317719e+00   6.9744024e-01   4.2697731e-01   3.0409845e-03  -4.7868156e-02   4.4404679e-01   1.7834429e-01   2.8021468e-01   9.3468762e-01  -5.7811519e-01  -1.0867997e+00  -2.9725311e-01   2.4638243e-01   4.9302753e-01   2.9857262e-01  -9.9140180e-02
   8.2800274e+00   8.8328442e+00   4.4540699e+00   4.6541475e+00   2.5159822e+00   3.2801597e+00   2.5542637e+00   2.0967022e+00   1.8159181e+00   1.0436584e+00   4.7624447e-01   6.6301207e-02  -6.5905865e-01   8.6547319e-01  -3.4201519e-01   2.0331353e+00  -5.5154707e-01   3.6023065e-01  -6.3161960e-01  -1.3798997e+00  -4.9007172e-01   7.5974693e-02  -2.7215778e-01   5.2814746e-03
   7.9845040e+00   8.2952422e+00   3.9536210e+00   4.3514520e+00   3.4284409e+00   1.6334182e+00   1.2047767e+00   1.5613082e+00   1.0439008e+00   7.6335430e-01   1.6543692e-01  -8.0547775e-02  -1.5276635e+00   2.4349005e+00   8.8849337e-01   3.0054800e+00  -1.1684999e+00   2.3502230e+00   3.3949477e-02   9.5283460e-01   3.5768347e-01  -6.2414053e-02   2.8216570e-02  -4.1088216e-02
   7.0390002e+00   1.1225259e+01   4.2804167e+00   6.3308377e+00   2.7065579e+00   5.2292275e+00   4.1298832e+00   2.6189639e+00   2.2415387e+00   7.4159387e-01   8.1982128e-03  -3.7495152e-03  -1.3682118e+00   1.8360488e+00   7.7684390e-01   2.0902539e+00   7.4338589e-01   2.5546486e+00   1.5512631e+00   1.1349359e+00  -2.2821896e-01  -1.0382877e-01   4.6005152e-01  -5.3879148e-02
   6.1549736e+00   1.0987857e+01   6.2472276e+00   6.7300853e+00   2.6763634e+00   7.0159974e+00   3.7287332e+00   4.7355892e+00   3.0554869e+00   7.5485141e-01   7.0332529e-01  -2.3565978e-02  -4.7764560e-01  -6.5629114e-01   2.9402893e-01   5.1904266e-01   2.1838372e-02   2.2659813e-01  -1.5433272e-01   1.0825109e-01  -9.9938516e-01   2.4764672e-01   3.2120502e-01  -1.0449185e-02
   7.1424748e+00   1.0240610e+01   4.4725324e+00   6.6002116e+00   4.0070998e+00   4.4208429e+00   3.6191802e+00   2.2119655e+00   4.6779663e-01   8.9216666e-01   8.9737756e-01  -4.3008414e-02  -5.0462836e-01  -1.5527588e+00   1.1273422e+00  -6.5474135e-01   2.1413560e+00  -3.1494320e+00   3.9467837e-01  -5.3351139e-01  -1.5287501e+00  -1.0021355e-01   1.0727594e-01   2.5079702e-02
   7.2162983e+00   7.8031301e+00   4.2986065e+00   4.9953291e+00   2.8109275e+00   2.3775076e+00   1.2286291e+00   1.9271840e+00   4.3169404e-01   1.0595380e+00   2.0265477e-01  -7.6592103e-02  -1.2632185e+00   1.4358562e-01   1.9612998e+00   1.6124581e+00   1.5099781e+00  -2.0202098e+00   2.0210069e+00  -1.1992542e+00   3.0751129e-01   1.0488830e+00  -5.7339390e-02   4.0524259e-02
   5.7513953e+00   1.0488484e+01   6.9457406e+00   6.2161038e+00   5.8513099e+00   2.8243244e+00   5.9719528e+00   3.2228994e+00   1.2603099e+00   4.3893025e-01   4.1944739e-01   6.0383100e-02  -9.3295545e-01   1.5542101e+00   1.4846331e+00   2.0770931e+00   8.8882782e-01   7.2399233e-01   1.9723325e+00  -7.6167657e-01   1.7891594e+00   1.7556597e-01  -3.5033032e-01   2.8515907e-01
   4.9556856e+00   1.1079298e+01   7.9525732e+00   9.3408264e+00   4.0192256e+00   4.7839420e+00   5.5838573e+00   2.4312410e+00   3.1204972e+00   2.5547942e+00   8.5628130e-01  -1.4475346e-02   2.0302060e-01   2.8388346e-01  -7.5372651e-01   9.2849684e-01  -5.8872410e-01   1.9303219e-01   1.1308285e+00  -1.7241719e+00   2.5197433e-01  -2.2795256e-01  -2.2838367e-01   1.6279524e-01
   6.8733480e+00   1.0933841e+01   4.8724987e+00   7.5431026e+00   4.7361925e+00   4.3036142e+00   4.4000649e+00   8.1742219e-01   1.8071342e+00   4.0788751e-01   4.5068818e-02   3.5367181e-01   7.2990031e-01  -9.5540699e-01  -1.8079626e+00  -4.4242678e-01  -1.9832924e+00  -2.9875533e-02  -1.2226726e+00  -1.4510380e+00  -6.4319168e-01  -3.4815387e-01  -4.0095946e-01   8.8657181e-02
   6.9598529e+00   8.0062768e+00   4.2046377e+00   5.7245749e+00   2.4854000e+00   1.9274110e+00   3.7108158e+00   5.4366476e-01   5.3624336e-01   7.3313053e-01   4.7268557e-02   2.0956398e-02  -1.6517383e+00   1.5098058e+00   1.3998127e+00  -9.9010322e-01  -8.6773462e-01   1.6693319e+00   1.0123393e-01   1.2036391e+00  -1.9457221e-01  -5.2236065e-01   3.1905647e-02   1.1928710e-01
   5.8441621e+00   1.0591885e+01   6.1077644e+00   7.3605894e+00   3.6432841e+00   4.2077766e+00   5.0744645e+00   1.9901304e+00   1.5876493e+00   8.2753127e-01   2.2251456e-01   1.7565300e-01  -1.6952312e+00   1.2812926e+00   2.2163248e+00   1.9903698e-01  -3.4989263e-01   1.7240232e+00  -3.3074972e-01   2.3942646e+00   6.3392197e-01   4.9270813e-01   6.5996508e-01  -4.1726702e-02
   2.9926710e+00   1.3514985e+01   9.4346594e+00   7.9469282e+00   3.2640779e+00   7.3358586e+00   5.3985083e+00   3.6503455e+00   2.9383814e+00   1.5614313e+00   8.1541690e-01   2.5346470e-01   1.9461937e-01   2.8710207e-01  -5.7548641e-01  -5.8100709e-03  -2.8822378e-01   1.1163769e+00  -2.0874759e+00   7.0387368e-01  -3.7274101e-01  -4.0812223e-01   1.9615364e-01   1.0978254e-01
