  -7.5495913e+00  -4.0955721e+00   2.3918774e-01   6.0816430e+00   6.2067331e+00  -5.3812803e-01  -3.1184045e-01   1.0138944e+00   4.8044461e-01   1.3501652e+00   1.5702286e-01  -2.8772945e-01   1.5753002e+00  -3.3151496e+00  -1.6772829e+00   6.5599250e-02  -1.3534726e+00  -2.0678439e+00  -3.9541302e+00   4.6758413e+00   2.0498914e+00  -2.8888450e+00  -1.7343784e+00  -3.1893846e-01
  -4.9805404e+00  -4.2273293e+00  -2.3985597e+00   4.1823648e+00   2.9276650e+00  -1.5940053e+00  -1.8964343e+00   5.6788528e+00   4.0843838e+00   1.0757703e+00  -1.3018011e+00  -2.6377136e-01   6.0295638e-01  -3.8717183e+00  -1.8071455e+00   9.1193634e-01  -1.4292690e+00   2.6150402e-01  -3.7494337e+00   3.3483766e+00   3.5058748e+00  -2.2123033e+00  -6.6044267e-01  -5.2553677e-02
  -6.1297908e+00  -4.8550275e+00  -2.3841168e+00   6.9079159e+00   2.9324867e+00  -3.8890293e+00  -2.8712448e+00   5.5566820e+00   6.1123324e+00  -3.4240701e-01  -7.7195159e-01  -1.5605149e-01  -9.8995176e-01  -4.9137246e+00  -3.0503541e-01  -1.4043311e+00  -2.3227946e+00   1.6588591e+00  -2.8368617e+00   1.0753256e+00   1.4823598e+00  -1.1739514e+00  -1.1500173e-02   8.8178296e-02
  -7.0611962e+00  -8.3883270e+00  -1.5591337e+00   5.3972560e+00   4.0174993e+00   1.1761689e+00  -1.6925469e+00   2.2405725e+00   3.8178933e+00   1.0035442e+00   2.8053570e-01  -1.3658743e-01  -3.2460603e+00  -7.7020998e+00   9.6098878e-01  -5.7702528e-01  -4.5491678e-01   9.0527386e-01   5.4490605e-01  -2.6125541e+00   4.8378927e-01  -1.3646124e+00   2.2427283e-01  -1.2131768e-01
  -7.9941911e+00  -9.3856600e+00  -6.3807840e-01   3.3677007e+00   2.1776240e+00   5.6507358e-01  -4.6690767e+00   4.3460229e+00   2.8372296e+00  -3.7464889e-01  -6.5139581e-01  -2.1905397e-01  -3.0841932e+00  -7.1409710e+00   3.4485592e+00  -2.4714944e+00  -2.0047763e+00  -6.0357269e-01   2.6508780e+00  -3.2805580e+00  -9.5908310e-01   4.5679290e-01  -6.1641437e-01  -1.1450147e-01
  -8.9174307e+00  -1.3515163e+01  -1.8300958e+00   5.0869344e+00   2.6227212e+00  -2.4631459e+00  -1.8015929e-01   2.3653512e+00   6.4476192e+00  -9.5502737e-01  -1.0256698e+00  -4.1424664e-01  -3.3110466e+00  -5.4274336e+00   4.7469757e+00   1.8817433e-01  -1.5881995e+00  -1.7769383e+00   6.1216992e-01  -1.9218944e+00  -4.2489292e-01   3.9886144e-01  -1.1802988e+00  -2.0417179e-01
  -9.8279633e+00  -1.3003066e+01   2.9242031e+00   3.3558350e+00   6.2271127e-01  -2.9747309e+00   3.4887837e-01   5.7345557e-01   3.3588448e+00   1.3220682e+00  -1.0434704e+00  -1.8897409e-01  -1.7205145e+00  -2.6682709e+00   5.0405476e+00  -1.0881261e+00   6.1939432e-01  -2.0956992e+00  -9.2973394e-01  -8.3443024e-01  -2.5301748e-01   2.4582318e+00  -4.6399467e-01  -7.0922065e-02
  -1.1110880e+01  -1.4720774e+01   3.7801892e+00   5.6854504e+00   2.4126564e+00   2.8066374e-01  -3.2832695e+00   1.2440146e+00   2.9197463e+00   7.5347789e-01  -1.2938752e+00  -4.5788505e-01  -2.0493113e+00   2.5650351e-01   3.7347934e+00  -2.2408802e+00   2.5086673e+00  -3.4901196e+00  -4.6363242e-01   2.7613914e+00  -8.7468390e-01   1.8765928e+00   2.5950622e-01   7.7816958e-02
  -9.4782382e+00  -1.2785261e+01   4.1176005e+00   1.4362536e+00   3.2117479e+00  -3.9503800e+00  -4.5121225e+00   3.6550459e+00   4.2216398e+00   2.4584462e+00  -1.2132851e+00  -3.0361786e-01  -2.1213904e+00   8.8276500e-01   2.4997584e-01  -7.6752190e-01   5.9328033e+00  -6.8480896e-01   2.9793428e+00   3.0642429e+00   2.5225029e+00  -5.5245525e-01  -1.3811208e-03  -3.0025211e-01
  -1.2166260e+01  -1.3239310e+01   3.1753956e+00   2.6854049e+00   5.0912039e+00  -7.2105008e+00   1.5548925e+00   4.9666432e+00   4.7041958e+00   1.2916727e+00  -5.5150309e-01  -2.4019932e-01  -2.0384856e+00  -6.8898431e-01   2.2853597e-01  -1.9433936e+00   3.5191139e+00   3.1966375e-01   4.8423036e+00   7.5879730e-01   2.3125777e+00  -6.0598887e-01  -3.2148459e-01  -1.9222510e-01
  -1.2482359e+01  -1.2419651e+01   3.6015636e+00   3.7045749e+00   8.1826424e+00  -2.5636209e-01   2.3988115e+00   3.3085057e+00   6.2503744e+00   2.2428786e-01  -1.4167281e+00  -7.4819513e-01  -4.1357640e+00  -2.6432379e+00   3.0310253e-01  -1.7438018e-01   2.5820352e+00   2.5989490e-01   1.6195744e+00  -5.0121260e-01   1.4513703e+00  -9.6667846e-01   3.2437161e-01  -2.6471138e-01
  -1.2666548e+01  -1.5937056e+01   4.3810116e+00   1.6361993e+00   5.2058800e+00  -1.0868496e+00   5.2471889e-01   2.5554806e+00   5.3742454e+00   9.6157377e-01  -1.6743805e+00  -5.2393407e-01  -4.5528745e+00  -3.9695457e+00   5.4275698e-01   7.1631480e-02   1.5498946e+00   1.4586051e+00  -3.0109568e+00  -8.4732910e-01  -8.2892600e-01  -1.1631266e+00  -7.6310206e-02   8.9459095e-02
  -1.5431740e+01  -1.5401245e+01   3.9694463e+00   1.6992861e+00   7.0274627e+00  -6.6223632e+00  -1.5676741e+00   4.1088083e+00   6.0636705e+00   1.1734780e+00  -1.6528896e-01  -5.5881755e-01  -5.2593093e+00  -4.0898892e+00   1.0843830e+00   4.5721510e-01  -1.2856726e+00  -1.1175365e+00  -2.8025407e+00  -3.0981165e+00  -3.2934823e+00   7.4995737e-01   5.2758323e-01  -1.8473700e-02
  -1.7520881e+01  -1.7702832e+01   3.8055897e+00   3.7954965e+00   7.9936357e+00  -1.8395926e+00  -9.7829993e-01   3.2954982e+00   3.5541588e+00  -9.2761226e-01  -1.2916880e+00  -2.0069947e-01  -3.4237469e+00  -9.6070233e-01   1.7004132e+00   1.5614653e-01  -1.1426629e+00   5.3631003e-01  -2.9099338e+00  -4.6351578e+00  -2.5653344e+00   1.2985735e+00   1.0898356e+00  -2.4350027e-01
  -1.7944156e+01  -1.7671596e+01   5.5158491e+00   3.3107489e+00   4.8602557e+00  -1.5562953e+00  -1.0534901e+00  -1.7086778e+00   2.2201942e+00   2.2938169e+00  -8.1669956e-01  -9.3752298e-01  -3.5594844e-02  -6.1908725e-01   3.3384606e+00  -1.3975387e+00  -4.5496998e+00   2.5130519e+00  -1.0568095e+00  -5.8321268e+00  -2.4814066e+00   1.0808478e-02   6.2910807e-01  -4.7861205e-02
  -1.6545960e+01  -1.6242933e+01   6.1584299e+00   1.0646877e+00   4.5754891e+00  -2.8154185e+00  -4.0972738e+00  -1.4885129e+00   3.4479819e+00   2.3492646e+00   2.8607811e-01  -6.9983176e-01   1.0376657e+00   1.1038168e+00   3.1492042e+00  -3.8073390e+00  -7.8140684e+00  -2.5879440e+00  -1.9576479e+00  -5.4872051e+00   5.7064212e-02   3.6753651e-03   9.8103210e-01  -4.3840885e-02
  -1.5972593e+01  -1.7059825e+01   7.8007171e+00   9.6838249e-01   1.9119862e+00  -2.3648724e+00  -1.5934014e+00  -2.2473763e+00   2.3946490e+00  -4.4874771e-01  -1.0509900e-02  -3.8104321e-01   4.5197760e-01   4.0832529e-02  -8.3003180e-02   2.0127820e+00  -5.5219270e+00  -2.2192818e+00   5.1846445e-01  -5.7873625e-01   2.3214680e+00  -1.7344242e+00  -4.4469914e-02   2.3260341e-01
  -1.6950164e+01  -1.6352993e+01   7.3869620e+00  -7.4432883e-01  -2.2533322e+00  -5.3172201e+00  -3.6448161e+00  -4.6659602e+00   3.5525277e+00   4.4918310e-01  -2.2323467e-01  -5.4470068e-01  -1.0424021e+00   1.3771778e+00   9.2182367e-01   3.8921317e+00  -5.5210094e+00  -2.2436923e+00  -1.3534661e-01  -1.2069405e+00   5.2668492e-01  -1.8796168e+00  -1.4588358e+00  -4.9741026e-01
  -1.7064088e+01  -1.7555318e+01   4.7770783e+00   7.2344302e+00  -8.2241042e-03  -3.6343173e+00  -5.0202231e-01  -9.8805861e-01   5.6501234e+00   6.4222144e-01  -6.2874804e-01  -6.6618341e-01  -3.6809353e-01   2.3868085e+00  -3.3146170e-01   1.9103243e+00  -2.9755005e+00  -1.5519595e+00   1.1235922e-01   1.6464174e+00   1.2546605e+00   3.4845897e-02  -7.4048394e-01  -6.4304180e-01
  -1.7563816e+01  -1.3929420e+01   9.0529848e+00   3.7698614e+00  -2.7459199e+00  -5.5462345e+00  -4.8459832e+00  -3.9285826e+00   2.6102721e+00  -1.0156451e+00  -1.5930565e+00  -1.3033771e+00  -3.1010927e-01   3.1325854e-01   8.3699296e-01  -8.2332345e-01  -7.1538702e-01   1.6629195e+00   3.3102453e+00   1.3817475e+00  -3.8689743e-01  -2.1604005e+00  -5.7350836e-01  -1.9918620e-01
  -1.6217907e+01  -1.4691398e+01   6.4705131e+00   1.5767739e+00  -2.3049707e+00  -4.5783045e+00  -8.2427899e-01  -1.4643901e-01   4.7477675e+00   3.3593526e-01  -4.3632490e-01  -9.6626772e-01  -1.1686990e+00  -1.8757134e+00   6.5982950e-02  -3.5315994e+00   7.8695420e-01   4.1962938e+00   1.6073225e+00  -1.4715379e+00  -2.4996107e+00  -2.3167595e+00  -3.1814907e-01   1.8186153e-01
  -1.7838418e+01  -1.7315065e+01   7.7957340e+00   8.4951416e-01  -2.1780395e+00  -2.3508472e+00   1.4816802e+00  -3.0141488e+00   3.4233595e+00  -2.6382745e+00  -1.1797088e+00  -6.9343782e-01  -1.7935969e+00  -4.2122793e+00  -3.4150298e+00  -1.4823308e+00   2.4694366e+00   3.3663624e+00   4.1769657e-01   3.3110886e+00   1.0201563e+00  -7.7226669e-01   3.0581161e-01   7.5961264e-01
  -1.8679835e+01  -1.8676066e+01   5.5046781e+00   3.3972048e+00   8.8826698e-01   1.0624297e+00  -1.2548702e+00  -3.6525824e+00   1.4941636e+00  -2.0216031e+00  -1.3126455e+00  -6.9836074e-01  -2.1020357e+00  -1.2330764e+00  -2.9131595e+00   1.7701449e-01   1.3244586e+00  -1.0393137e-02  -4.0850481e+00   3.6070039e+00   3.2039424e+00   1.3629071e+00   2.6317154e-01   5.2005905e-01
  -1.9023247e+01  -1.8255505e+01   4.4133576e+00   6.3614980e-01  -6.3838388e-01  -3.3170580e+00  -4.0041428e+00   2.7911220e+00   5.7673085e+00  -9.9527602e-01  -6.9617876e-01  -2.9791160e-01  -3.0720177e-01   1.6838963e+00  -1.7771719e+00   2.4948505e+00   2.1245880e+00  -3.2486088e+00  -2.9146905e+00   4.3573846e+00   4.9774207e+00   3.4161522e+00   1.2932538e+00   1.2110285e-01
  -1.8778546e+01  -1.6070793e+01   3.7919621e+00   1.9489778e+00  -1.0881106e+00  -4.1107888e+00  -4.2089397e+00   2.3614315e+00   8.3817066e+00   1.5587967e+00  -2.8333260e-01  -3.8394226e-01  -5.0933161e-01   1.7880431e+00   3.2535584e+00   5.5592485e+00   3.3333806e+00  -4.4370972e+00   1.6708752e+00   2.6316388e+00   2.6658228e+00   3.5645406e+00   1.1074364e+00  -1.6160293e-01
  -1.8249866e+01  -1.6091857e+01   5.9863342e+00   5.3159034e+00   1.9970313e+00  -4.6371512e+00  -1.4133208e+00   5.1492117e-01   7.4457191e+00   6.9575400e-01   2.4551549e-01  -6.6899279e-01  -3.0804126e-01   1.4981926e+00   4.6117368e+00   7.0748233e+00   2.7711440e+00  -1.2506059e+00   1.3766323e+00  -4.8960634e+00  -2.8038014e+00   2.0488286e+00   5.5698731e-01  -4.5317828e-01
  -1.9830524e+01  -1.7075825e+01   9.5985275e+00   9.3962007e+00   4.5706303e+00  -4.9331694e+00  -4.3968351e-02   1.4329763e+00   4.6536924e+00   2.4796928e+00  -1.2233796e-01  -7.5522454e-01  -1.4646056e-01   1.0797452e+00   4.1291838e+00   4.8768568e+00  -5.8159897e-01   4.5806811e-01   6.7311832e-01  -5.4081979e+00  -5.2279362e+00  -6.4971321e-01   3.6825710e-01   4.1588239e-02
  -1.8959321e+01  -1.5505700e+01   8.4276801e+00   7.5247733e+00   6.8896161e-01  -4.7817765e+00  -4.0216799e+00  -4.0887455e+00   3.4256134e+00   1.6175188e+00   5.8804887e-02  -7.9203787e-01   2.4695238e-01   1.4717702e+00  -4.0451605e-01   1.3513697e+00  -1.8531310e+00   2.1002725e+00   6.2988533e-01  -4.0244548e+00  -1.4025268e+00  -2.1936797e+00  -4.8766247e-01   2.7807065e-01
  -1.8643510e+01  -1.4744253e+01   8.7650649e+00   8.1598281e+00  -1.3064742e+00  -3.3513739e+00  -1.8950826e+00  -3.4490320e+00   2.5498552e+00   1.2334447e-01   3.6240836e-01  -2.6003736e-01   1.2089864e+00   1.3536029e+00  -4.2493929e+00  -3.8163362e+00  -2.6819288e+00   2.6799294e+00   1.6802141e+00  -1.1400763e+00   2.3072640e+00  -3.7882764e+00  -9.7808859e-01   2.4464623e-01
  -1.8472944e+01  -1.5049987e+01   5.7962914e+00   7.9611443e+00   2.1558871e+00  -2.2776403e+00   4.5706435e-01  -3.0807569e+00   6.3938475e+00  -1.4165914e+00  -7.2835138e-01  -4.9948041e-01  -2.6525225e-01  -1.2800459e+00  -3.4833179e+00  -6.1998466e+00  -1.1570579e+00   4.9919949e-02   3.9544706e+00   7.7259995e-01   3.6154657e+00  -1.7256324e+00  -7.0759675e-01   1.5061284e-01
  -1.8260232e+01  -1.5273277e+01   4.5401325e+00   3.4535109e+00  -1.8572571e-01  -2.1653434e+00   2.3698071e-01  -7.8113245e-01   6.6304714e+00  -1.6856668e+00  -1.1958927e+00  -5.3453394e-01  -1.9144623e+00  -2.0194543e+00  -2.3318829e+00  -6.5247125e+00  -1.1944397e+00  -9.7487804e-01   1.6529499e+00   8.5875600e-01   5.7528966e-01   2.9874991e-01   8.2957284e-01   2.6170684e-01
  -1.9548838e+01  -1.7161257e+01   5.3151695e+00   5.7816212e-01  -1.6069995e+00  -5.2999119e+00   8.4399434e-01  -4.2637954e+00   6.8085038e+00  -6.6424132e-02  -2.2343969e-01  -4.2887031e-01  -3.8402785e+00  -2.5169993e+00  -1.0442007e+00  -4.8176050e+00   2.1098685e+00   1.7353915e+00   2.8745057e+00   3.0146012e+00  -8.2730653e-01   1.6271919e+00   1.7005710e+00   1.8132246e-01
  -2.0977256e+01  -1.6717800e+01   5.5078015e+00   2.0642505e+00  -1.2166904e+00  -3.3025552e+00   3.9087724e-01  -1.5693788e+00   3.2054616e+00  -1.0361430e-01   1.3543118e+00   9.7217853e-02  -2.0071159e+00  -1.4834419e+00   8.6111213e-01  -2.6394287e+00   2.3582369e+00   3.2937926e-01   3.3964544e+00   1.0745779e-01  -2.7686821e+00   1.0441639e+00   1.1496756e+00  -6.7275185e-02
  -2.2874850e+01  -1.8103225e+01   3.7461559e+00   1.4293669e+00   5.8361723e+00   8.9405281e-01   4.6918746e+00   1.8352680e+00   6.8653926e+00   2.3317021e-01   5.4740281e-01  -5.4337261e-01  -1.8015540e-01   2.0925094e-01   2.0648568e+00  -2.3230965e-01  -5.0321091e-01  -2.4660342e+00   3.8443059e-01   1.1376814e-01  -4.4241277e+00  -2.0076156e-01  -9.0498323e-01  -7.1663764e-01
  -1.9607900e+01  -1.7027456e+01   6.6163075e+00  -9.3123457e-01  -3.6995627e-01  -4.7682569e+00   3.4077222e+00  -3.6694775e+00   2.4490038e+00  -2.6921817e-01   1.4319944e-01  -5.7819557e-01   5.2803870e-01   1.4736486e+00   4.7733107e+00   2.0205496e+00  -2.8305751e+00  -5.5426079e+00  -1.2660722e+00  -2.8325243e+00  -3.7175237e+00  -1.4059327e-02  -1.5539196e+00  -6.1450799e-01
  -2.0503749e+01  -1.6692552e+01   7.8582018e+00   1.7274402e+00  -2.7851829e+00  -8.2661123e+00  -8.7782265e-02  -3.0430938e+00   5.5054123e-01  -2.8476454e-01  -9.7535837e-01  -1.1661201e+00   1.2528364e+00   3.8432263e+00   4.7805024e+00   2.7549705e+00  -2.3981831e+00  -4.9825290e+00  -5.9505901e+00  -2.8687604e+00  -3.7370815e+00  -2.2833138e-01  -5.4053096e-01   2.9250341e-01
  -2.1370749e+01  -1.5212663e+01   1.0611745e+01   4.9460383e+00  -1.1518754e+00  -7.0363844e+00   8.8159736e-01  -3.3789843e+00   7.8660164e-01   1.3426409e-01  -2.1518706e-01  -5.1317040e-01  -1.6084110e-01   3.7431012e+00  -7.9761564e-01   3.7597536e+00   3.4127300e+00  -2.8863022e-01  -3.9291569e+00   1.5656058e+00   2.9801207e+00   6.5886865e-01   5.2971855e-03   6.0065165e-01
  -2.0114171e+01  -1.3245782e+01   8.9191909e+00   2.6231863e+00   2.6298572e+00  -5.4456769e+00  -2.9709481e+00  -2.6131192e+00   2.0909715e+00  -3.1106799e-01  -8.4200380e-02  -1.3713007e-01   8.4134601e-01   1.0985450e+00  -3.4658512e+00  -1.2078223e+00   3.7672415e+00   1.7979107e+00   2.1311360e+00   3.8451564e+00   5.0817506e+00   5.7053488e-01   1.6331930e-01   8.7102449e-01
  -2.0043951e+01  -1.3136190e+01   4.8893895e+00   4.2605228e+00   2.0416187e+00  -6.6114199e+00  -1.0444301e+00  -1.5360562e+00   6.1489697e+00   7.3223653e-01  -2.9443377e-01  -1.9171309e-01   1.2795963e+00  -1.0719046e+00  -1.3775973e+00  -3.2655171e+00   6.7900553e-01   2.4812214e+00   4.2147858e+00   3.6643415e+00   2.9987707e+00  -7.3042365e-01  -7.7507854e-01   1.1736632e-01
  -1.9905129e+01  -1.6082972e+01   5.5206025e+00   2.5846456e-01   1.2689322e+00  -5.7817285e+00   4.0719355e+00   1.8031767e+00   5.4919831e+00   2.7205157e-01  -6.9075605e-01  -2.0311975e-02   4.5309478e-03  -1.4379963e+00   5.1612342e-01   3.3998215e-01  -1.2501376e+00   1.9048019e+00   4.4972075e+00   7.4680554e-01   1.0212977e+00  -2.8343668e-01   5.5745536e-02  -1.7607243e-01
  -1.9555875e+01  -1.5401925e+01   1.0244643e+01   1.2301235e+00   5.4709535e-01  -3.1465264e+00   3.6823342e+00  -9.0619941e-02   3.5842520e+00  -1.2529312e+00  -1.0745270e+00  -3.9552997e-01  -6.7709354e-01  -3.5534649e-01   9.1809023e-01   2.4614585e+00  -2.0907458e-01   2.1418111e+00   8.8977885e-01  -1.8189708e-01   1.2250087e-01  -4.5876047e-01   1.6706131e+00   1.9130214e-01
  -2.0351412e+01  -1.4269908e+01   7.0157493e+00   4.6483591e+00   1.5019124e+00  -4.3209208e+00   1.4114809e+00  -2.2156290e+00   4.9052769e+00   2.5636084e-01   3.8946455e-01  -2.9933027e-01   5.9277885e-02   1.9538771e+00  -1.8126343e+00   3.0666448e+00  -8.4540116e-01  -6.0922367e-01  -3.1769188e+00  -1.6016971e+00   1.1332075e+00   5.7682286e-01   1.3475796e+00   1.1225855e-02
  -2.0836449e+01  -1.4575741e+01   5.5189514e+00   5.7577633e+00   1.6115167e+00  -4.1291071e+00   1.6204655e+00   2.0050107e-01   6.6260741e+00   5.1941198e-02   1.6713755e+00   2.3474928e-01  -2.8697996e-03   4.8030432e-01  -3.7540333e+00   1.6696768e+00  -4.9148908e-01  -1.3745458e+00  -3.7936735e+00  -2.5735459e-01   7.8963508e-01   1.0736220e+00   3.4169330e-01  -2.0029941e-01
  -1.9175925e+01  -1.3565248e+01   5.1644967e+00   2.5946118e+00  -5.3138023e-01  -6.2042737e+00   3.3749169e-01  -7.4492939e-01   5.6708833e+00   4.8484967e-01  -4.2337903e-02  -3.1861282e-01   3.6811131e-02   5.6053403e-01   1.6193348e+00  -1.2527814e+00  -2.6287319e+00   1.8221368e+00  -1.3056923e+00   6.1552779e-01  -1.5581753e+00  -1.7985443e+00  -1.1582506e+00  -6.7499749e-01
  -2.0147924e+01  -1.5033799e+01   5.5392193e+00   4.7615124e+00   8.2650805e-01  -4.2666687e+00  -1.4711814e+00  -1.2120016e+00   4.3859014e+00   2.4325748e-01  -3.4608584e-01  -6.8633782e-01  -1.8178098e-01   9.3957086e-01   3.4040531e+00  -5.4442276e+00  -3.3196074e+00   8.4051670e-01  -1.3662414e+00   1.6069389e+00  -1.2258382e+00  -2.8892479e+00  -2.2477612e+00  -7.8936727e-01
  -2.0640458e+01  -1.3200079e+01   9.4346177e+00   3.2673125e+00  -2.0486811e+00  -1.5189348e+00   9.9876592e-01  -5.8608593e-01   3.6881004e+00  -2.5371138e+00  -3.3918070e-01  -8.5128296e-01  -1.1057038e+00   1.5018872e+00   2.3942950e+00  -4.3858236e+00  -2.0185481e+00  -5.1857795e-01  -1.2096297e+00   1.1232675e+00   1.0786578e+00  -1.7177496e+00  -1.5734128e+00  -2.8996879e-01
  -2.0376854e+01  -1.3348970e+01   8.4899706e+00  -2.7449284e+00  -2.6092440e+00  -5.2110015e+00  -7.5953382e-01   2.5314877e+00   5.7787082e+00  -2.7709489e+00  -1.5518449e+00  -6.8296655e-01  -4.0011866e-01   1.1952434e+00  -1.3635369e+00  -5.2963815e+00  -2.6948390e+00  -3.0840559e+00  -1.4328481e+00  -1.0323753e+00   1.3077124e+00  -5.2239997e-01  -1.6606338e+00  -1.7571705e-01
  -2.0720015e+01  -1.2154832e+01   7.2805636e+00  -2.3090318e-01  -1.8413263e+00  -6.5099743e+00  -1.8327766e+00  -9.3177286e-01   6.5924667e+00  -5.8467160e-01  -1.7995775e+00  -7.5525164e-01  -4.4880517e-01  -1.1817833e+00  -1.9089609e+00  -5.3492958e-01  -3.8859383e+00  -2.1453347e+00  -4.8346181e-01  -2.4974114e+00  -4.8948744e-01   2.0739132e+00  -1.2056677e+00  -5.3709503e-01
  -2.0708323e+01  -1.3763557e+01   4.5709410e+00  -1.4339520e+00  -3.3194279e+00  -6.3972328e+00  -2.2046823e+00  -2.5877211e+00   4.8952869e+00  -1.5165636e+00  -2.1068381e+00  -9.9792905e-01  -1.5916413e+00  -2.8319518e+00  -6.4402495e-01   3.2804891e+00  -4.4777706e+00   3.1794392e+00   2.4939944e+00  -2.9947256e+00  -3.1943220e+00   9.4579618e-01   1.3860511e-01  -6.4472539e-01
  -2.1147931e+01  -1.4765460e+01   8.5306912e+00   1.8094299e+00  -7.5224966e+00  -4.1438212e+00   9.9614745e-01  -1.7725985e+00   3.3955799e+00  -5.3436626e-02  -1.8701856e+00  -1.4994443e+00  -1.2520147e+00  -3.5821929e+00   1.6865204e+00   6.7322325e-01  -9.4427231e-01   4.4733984e+00   1.5136251e+00   6.2889181e-01  -2.9456086e+00  -1.5719942e+00   8.0778408e-01  -2.5075479e-01
  -2.2550358e+01  -1.6291584e+01   6.8988694e+00   1.1556387e+00  -6.4853147e+00  -1.6249192e+00   1.5669958e+00  -1.5401879e+00   2.5856685e+00  -1.6178721e+00  -1.3086332e+00  -1.2779583e+00  -5.4221758e-01  -3.5282241e+00   8.7281611e-01  -6.3573620e-01   2.3868980e+00   1.6176911e+00  -1.4213563e+00   2.8021185e+00  -2.7681861e+00  -1.3185040e+00   1.0712006e+00   3.3000827e-01
  -2.1677020e+01  -1.6264108e+01   8.6463800e+00  -5.1586369e-01  -1.6747913e+00  -2.1860334e+00  -1.4481780e+00  -5.1220176e-01   3.3288630e+00  -2.8920087e+00  -9.8700389e-01  -9.9136917e-01   1.0764910e+00  -1.0476508e+00  -3.0449970e+00  -8.9280224e-01   4.9900500e+00  -2.4283727e+00  -3.3225274e+00   3.4671649e+00   1.7037480e-01  -7.8270954e-01   7.8157545e-01   7.4263932e-01
  -2.1257105e+01  -1.8306569e+01   5.8223207e+00  -1.2249095e+00  -2.6629335e+00  -4.9495901e+00  -3.1145541e+00   9.8525828e-01   7.7636616e-01  -2.0750335e+00  -9.4162803e-01  -7.5695419e-01   1.4921120e+00   2.3000629e+00  -4.1032564e+00   9.7756317e-01   5.7825678e+00  -2.0299406e+00   4.2260934e-01   4.6840689e+00   2.2268450e+00   9.9567695e-01   2.7659659e-01   5.8956128e-01
  -2.0179821e+01  -1.5329444e+01   4.5014700e+00   1.6605007e+00  -1.9486121e+00  -6.1240448e+00  -1.6468687e+00   2.1654258e+00   4.5557933e+00  -9.9892021e-01  -8.8132500e-01  -6.4598735e-01   1.0382572e+00   3.2472237e+00  -2.4559405e+00   3.0185555e+00   5.1606635e+00  -1.4306020e-01   3.2402084e+00   2.6703085e+00   2.7769581e+00   1.7327523e+00   6.2651341e-01   1.4759634e-01
  -2.1060789e+01  -1.3308821e+01   2.8164397e+00   1.5338013e+00   2.3254473e+00  -2.7008244e+00   2.3002552e+00   4.1471017e+00   5.3124709e+00  -1.0709009e+00  -9.4657772e-01  -5.6630733e-01   1.0377909e+00   1.6126084e+00  -8.9687966e-02   1.6216861e+00   4.1511667e+00  -4.1758877e-01   2.7071512e+00  -7.8422520e-01   4.1287265e+00   2.1230543e+00   3.5915260e-01   4.4968169e-02
  -2.0217792e+01  -1.3892146e+01   6.4654099e+00   2.6326142e+00   3.5720135e+00  -3.5250065e+00   7.0473003e-01   1.9123393e+00   5.2262478e+00  -7.9494658e-01  -4.4758929e-02  -8.6529810e-01   1.0011369e+00  -1.6962565e+00  -1.0799755e-01   1.1627645e+00  -2.9379922e-01  -4.3692455e-01  -5.2073990e-02  -1.7128295e+00   1.6630410e-01   2.0803301e+00   7.8148741e-02   7.4229341e-02
  -1.9681433e+01  -1.6606305e+01   4.7058189e+00   7.2156288e-01   8.0350367e-01  -6.8754923e+00  -2.2962656e-01  -6.4536255e-02   6.6342287e+00   1.0075612e+00  -8.2118216e-01  -5.7984656e-01   1.1571199e+00  -5.4609066e-01   1.5117494e+00   3.7742316e+00  -1.2644330e+00   2.6788716e-01  -3.6824675e+00  -2.3927624e+00  -1.3436851e+00   1.0746129e+00  -5.0680415e-01   2.0115053e-01
  -1.9367794e+01  -1.6225087e+01   3.3947841e+00   3.8107666e+00  -1.6283391e+00  -4.6920977e+00  -4.6003882e-01   1.7020005e+00   4.1443705e+00   1.0823439e+00  -8.2679967e-01  -5.2787372e-01   7.6108520e-01   3.1753100e+00   1.1446075e+00   1.9846342e+00  -8.9493099e-01   1.9797055e+00  -3.6753027e+00   2.0908683e+00   5.0267258e-01   2.1084204e+00   2.4770327e-01   2.0294376e-01
  -1.9750109e+01  -1.2961487e+01   6.6193767e+00   6.6060725e+00   3.0289741e+00  -1.7154481e+00  -2.6410616e+00   6.6312753e-01   3.8378818e+00  -3.9762685e-01  -1.3157636e+00  -4.3329373e-01   1.9232742e+00   4.5535354e+00   1.4932227e+00  -1.3006229e-01   1.3566098e+00   2.8123324e+00   1.4201707e+00   2.7494463e+00   3.0218158e-02   1.7147633e+00   9.6276652e-01   4.8174062e-02
  -1.9041827e+01  -1.0951590e+01   7.2255422e+00   2.6673107e+00   1.1168818e+00  -3.1354704e+00  -3.6025065e+00   4.6848099e+00   7.3784301e+00   3.0702780e+00   5.7408669e-01  -6.3415888e-01   2.5012431e+00   1.6658359e+00  -2.9330664e-01  -5.6396496e+00   9.1601606e-01   9.6968171e-01   5.6848799e+00   5.6906823e-02  -2.1857488e-01   6.6031281e-01   5.0767552e-01   1.8399958e-01
  -1.6959506e+01  -1.2412750e+01   5.0302738e+00   1.0981974e+00   1.4658079e+00  -3.4353074e+00   3.4718633e+00   2.5682285e+00   5.0625261e+00   2.5857390e+00  -7.7475555e-02  -4.5444289e-01   2.0059864e+00  -1.6061307e+00  -3.6397492e+00  -7.0100457e+00  -9.8633842e-01   1.8927105e+00   9.4956669e+00  -1.6252481e+00  -3.1822914e+00   6.2275193e-01   4.8391485e-01  -3.5796013e-01
  -1.7011231e+01  -1.4000701e+01   3.7493756e+00  -1.8947702e+00   5.2726804e-01  -2.3776454e+00   5.0108185e+00   8.3481020e-01   3.2041861e+00   5.8113015e-01  -6.8443040e-01  -2.4129978e-01   7.5402068e-01  -3.0917779e+00  -3.4809093e+00  -4.5317181e+00   1.3677323e-01   3.7366148e+00   5.7188585e+00  -4.6748449e+00  -4.0438577e+00  -2.2132772e+00  -1.3272225e+00  -3.5333524e-01
  -1.7756427e+01  -1.3846128e+01   2.8978362e+00  -1.6279556e+00   1.8442733e+00   7.4470513e-01   7.2957762e+00   1.5025521e-01   1.1515667e+00   1.7810750e+00   3.9367225e-02  -1.1666635e+00   9.2181035e-01  -3.7748618e-01  -1.9951944e+00  -6.2929792e-01  -4.5897764e-01   2.2371800e+00   1.4689486e+00  -1.9698180e-01  -3.7348107e-02  -1.6831309e+00  -1.1825876e+00  -5.0331901e-01
  -1.7512335e+01  -1.4872568e+01   3.0703971e+00  -2.7671899e+00   1.1328089e+00   3.7944553e-01   3.0638249e+00  -1.1184708e+00   3.2681232e+00   1.5269423e-01  -1.4751685e+00  -8.0805145e-01   3.0055203e+00   9.0018552e-01  -4.1246368e+00  -3.7194454e-01  -1.0492618e+00   5.7829482e-01  -2.4638983e+00   4.6400706e+00   9.7157016e-01  -9.8329165e-01  -5.6295618e-01  -3.7943009e-01
  -1.5326238e+01  -1.2543046e+01   2.3769714e+00   5.9046040e-01   4.7457100e-01  -1.4580830e+00   6.6487830e+00   3.2493963e+00   4.9745354e+00   2.7526066e-01  -1.4559878e+00  -9.2604556e-01   4.0595350e+00   1.8442664e+00  -5.0762126e+00  -3.7627675e-01  -1.1181140e+00  -9.9324987e-01  -2.0080341e+00   5.7133328e+00   2.0163193e+00   3.8345816e-01   1.3065089e+00   4.7030476e-01
  -1.3718045e+01  -1.3301964e+01  -2.1771472e+00  -3.5618949e+00  -3.6177353e-01  -4.0880917e-01   1.6384677e+00   6.2453456e+00   2.7500570e+00  -1.4090018e-01  -7.8118713e-01  -9.3075386e-01   4.1659694e+00   4.5829637e+00  -3.0621950e+00   6.3054699e-01   3.2563810e+00  -1.5821738e-01   2.0672833e+00   3.3854938e+00   1.6887482e+00   7.5619033e-01   2.9207653e+00   6.3375696e-01
  -1.3564270e+01  -1.1865030e+01  -2.0927106e+00  -1.7950182e+00   9.1439362e-01  -3.5104233e-01   4.9964037e+00   5.0383462e+00   4.4350788e+00   2.5030594e+00   1.6521399e+00  -3.9985513e-01   5.7959234e+00   8.9146716e+00   3.9212853e+00   3.4179614e+00   6.9284388e+00  -5.2828092e-01   3.5063142e-01   9.4668577e-02   7.6627805e-01   5.6489712e-01   1.7108479e+00   4.9986158e-01
  -1.2144365e+01  -8.3371305e+00   7.1194558e-01  -6.2863016e-01   5.7974691e+00  -4.1140086e-01   6.9909394e+00   3.0652950e+00   6.0709738e+00   1.7308034e-01   1.3519156e+00  -1.2051122e-01   9.2098808e+00   1.1323628e+01   8.8409880e+00   5.7032015e+00   6.4066180e+00  -1.5875829e+00  -7.7742642e-02  -9.6126941e-01   7.2877212e-01  -3.3694224e-01  -7.6005437e-01  -8.0735681e-02
  -7.4191926e+00  -1.6534552e+00   6.8143531e+00   4.2507702e+00   7.7876079e+00  -2.2492085e+00   4.4984943e+00   4.9814245e+00   4.4634941e+00   9.6561608e-01   4.3732693e-02  -5.8137451e-01   8.6468612e+00   9.1550945e+00   8.9222974e+00   2.9996839e+00   4.6263024e-02  -6.0776381e-01  -2.1880430e+00   5.5560487e-01  -2.5763008e+00  -2.8281716e+00  -2.5856910e+00  -3.1423165e-01
  -2.9757622e+00  -1.4223093e+00   6.6308030e+00   1.9700132e+00   5.8115463e+00  -1.8411004e+00   1.7708084e+00   4.8319023e+00   3.8290075e+00   1.2240813e-01  -1.1170651e+00  -9.6109769e-01   7.8731649e+00   7.6540756e+00   4.6599046e+00  -1.2426078e-01  -4.5943197e+00   2.0285667e+00  -2.7928715e-01   3.1727047e-01  -3.7919346e+00  -3.0031185e+00  -1.2525886e+00  -2.8284069e-01
  -5.1782793e+00  -1.5897991e+00   8.3313067e+00   1.4051860e+00   9.7674955e-01  -5.4783827e-01   4.3244048e+00   4.9884499e+00   1.6916107e+00  -1.7138619e+00  -9.9190628e-01  -4.5090937e-01   7.6269134e+00   4.2471311e+00  -1.5370922e+00  -3.7030121e+00  -7.2038272e+00   3.7672653e+00   4.1063615e+00  -3.5583774e+00  -1.8798321e+00  -4.1904032e+00  -5.5816885e-01  -9.5891507e-02
  -1.4550744e+00   3.1121549e+00   6.9433256e+00   6.0777074e-01   2.3114187e+00   1.7807640e+00   6.6590534e+00   3.5376880e+00   1.7690135e+00  -2.9918584e+00  -9.1478213e-03  -6.1000483e-01   6.5506967e+00   4.1218835e+00  -3.0725910e+00  -4.0215891e+00  -4.3652349e+00   4.3450056e+00   3.4234749e+00  -3.7451298e+00  -9.7733507e-01  -2.1136453e+00  -3.0776159e-01   2.4399741e-01
   3.2608336e+00   2.4500093e+00   4.3524534e+00  -6.2262676e-01  -1.2680691e+00   1.5907573e+00   8.2139141e+00   2.9096549e-01   2.6737429e+00  -3.7628555e+00  -1.3474792e+00  -9.0075820e-01   4.7243160e+00   2.4880962e+00  -5.0462839e+00  -3.9291191e+00   7.7870865e-01   2.2944044e+00  -6.3617026e-02  -3.0805500e+00   2.4843472e-01   1.1905474e-01  -3.5675636e-02   2.6497888e-01
   2.6307264e+00   2.7406116e+00   4.0113432e+00  -3.0484641e+00   3.8610332e-01   3.6071103e+00   4.9612662e+00   1.5629498e+00   1.8719389e+00  -2.0235631e+00  -1.4009210e+00  -3.7017716e-01   2.0514103e+00   1.6741876e+00  -9.2863292e-01  -1.0147522e+00   1.1451018e+00   5.9378652e-01  -3.0805174e+00  -3.0261041e+00  -1.7387541e+00   7.1184254e-01  -1.4003660e-02   5.5456907e-01
  -1.3470572e-01   2.3281168e+00   2.2278720e+00  -2.6603752e+00   3.1074702e+00   1.9805951e+00   5.0778729e+00   1.3549940e+00   2.0128001e+00  -2.0194274e+00  -3.4953314e-01  -1.7335487e-01   1.2328735e+00   3.4944845e+00   2.7161145e+00  -2.4382447e-01   1.7243821e+00  -7.0076842e-01  -3.3653786e+00  -2.0047317e+00  -2.7288723e+00   7.5139836e-01   1.1834220e-03   5.0843871e-01
   3.3198107e+00   5.6843825e+00   6.6126669e+00   1.0451658e-01   1.8413017e+00   2.4765249e+00   3.6062980e+00  -1.5334824e+00  -5.0864633e-01  -2.7958086e+00  -5.2912635e-01  -1.4185289e-01   1.6150057e+00   4.9312371e+00   1.6122803e+00  -3.3307704e-01   7.0407946e-02  -2.3720576e+00  -2.4270093e+00  -3.8010942e+00  -2.5276614e+00  -2.8815204e-01   8.7082837e-02   5.1432829e-02
   4.7656017e+00   6.2198507e+00   7.1259633e+00  -2.5648538e+00   5.9090489e-01   1.1048973e+00   3.8433303e+00  -1.1679160e+00  -2.2927288e-01  -2.2496352e+00  -1.7816014e+00  -2.5226228e-01   1.7492103e+00   3.7443816e+00   1.5790537e+00   2.6181960e-01   9.1131694e-01   1.3093404e+00  -1.8730171e+00  -4.5980932e+00  -1.8947349e+00   7.1904486e-01  -1.2898843e-02  -1.4931448e-01
   2.6030813e+00   8.1916003e+00   3.9807180e+00  -3.5958403e+00   1.7499979e+00   4.8687272e-01   1.9380236e+00  -2.8772365e+00  -7.9851679e-01  -2.3406873e+00  -5.5426262e-01  -2.5357421e-01   1.9145976e+00   2.9753549e-01  -5.7517250e-01  -2.7406703e-01   1.3032017e+00   1.2150174e+00   1.1437849e+00  -3.9664689e+00   4.6038780e-01   1.0047103e+00  -2.2496405e-02  -4.8217035e-01
   2.8474745e+00   6.6910803e+00   5.9124270e+00  -4.1746733e-01   4.5200975e+00   4.9394318e+00   3.1024844e+00  -4.8702688e+00  -6.8436695e-01  -1.1684208e+00  -3.5631327e-01  -3.4146594e-01   3.5704846e+00   8.2680728e-01  -1.8064725e+00  -6.5271280e-02  -1.4740660e+00   1.0616405e+00   1.6543612e+00  -1.1374748e+00  -4.0724411e-01   5.5906092e-01  -3.3729049e-01  -2.9957959e-01
   7.1507707e+00   5.8950709e+00   6.3566762e+00  -1.3802772e+00   1.8315079e+00   2.3817838e+00   5.6923983e+00  -5.6320094e+00   4.0948240e-01  -1.8293503e+00  -1.2755150e+00  -8.2050658e-01   5.3091416e+00   1.8409286e-01  -2.4669882e+00  -8.0645478e-01   6.2749275e-01   2.7359315e+00  -1.8652634e+00   1.4445227e+00  -8.0475411e-01   5.3035767e-01  -1.0601481e+00  -3.3120671e-01
   7.8474839e+00   8.6083263e+00   3.2282754e+00  -3.7705423e+00  -1.6609492e+00   1.7499025e+00   4.4476848e+00  -1.4967417e+00  -1.4441386e+00  -1.6667123e+00  -1.9269109e+00  -4.1816548e-01   3.1976569e+00   7.8172303e-01  -3.4688325e+00  -2.0700348e+00   1.1466833e+00   1.7315593e+00  -3.5756462e+00   3.1324914e+00  -1.8929930e+00   8.7696766e-01  -9.6953048e-01   7.6115628e-02
   8.0667890e+00   7.5091166e+00   1.6223116e+00  -3.1289850e+00   5.7817604e+00   6.1855345e+00  -1.5324718e+00  -2.3972159e+00  -1.6257621e+00  -1.2960050e+00  -1.3591860e+00  -7.1203452e-01   2.3181344e+00  -2.5494253e-03  -4.1453210e+00   4.4817933e-01  -5.1872251e-01   2.3511550e+00  -2.0944780e+00   1.2918779e+00  -3.6854340e-01  -2.7022123e-01  -7.8706370e-01   2.6179026e-01
   7.1859507e+00   7.0566420e+00   3.0763606e+00  -2.6481657e+00   4.2649963e+00   5.6348954e+00   1.3514502e+00  -1.7889284e+00  -2.5062342e+00  -1.1964197e-01  -1.7687735e+00  -2.8152853e-01   2.8747788e+00  -4.0634201e-01  -2.4218809e+00  -1.0618072e-01  -3.7467836e+00   1.5844063e+00   1.0513343e+00  -9.3921853e-01   1.5296059e+00  -1.5440968e+00  -4.9979891e-01   9.2786481e-02
   1.0958739e+01   6.6670889e+00   2.1465216e-01  -1.2691965e+00  -1.9095486e+00   3.9660199e+00   4.0987985e+00  -3.5480993e+00   3.8771507e-01  -3.0082173e+00  -2.5351793e+00  -4.9613967e-01   2.6195264e+00   4.0209072e-01  -1.5763025e-02   1.9535254e+00  -5.4830896e+00  -1.1352486e+00   3.2651478e+00  -8.9391837e-02   1.7651940e+00  -2.1177685e+00  -1.1725333e+00   4.1893902e-02
   1.0713677e+01   8.4198271e+00   2.9928372e-01  -4.8597076e+00  -3.4354702e+00   5.2362694e+00   3.2090510e+00  -2.3301278e+00  -1.5646838e-01  -3.1267514e+00  -2.0886127e+00  -3.8693318e-01   1.4547047e+00  -2.9538325e-01   2.9792738e-01   3.3394063e+00   1.9131748e-01  -2.6851509e+00   6.1802620e-01  -1.4032774e+00   8.8656486e-02   2.7917606e-01   5.7570506e-02  -1.4136888e-01
   1.0232215e+01   7.4306601e+00   2.9872055e+00   9.0707402e-01   1.4073593e+00   4.6819746e+00   2.4364495e+00  -2.2607039e+00  -1.5285398e-01  -2.9691031e+00  -2.9580664e+00  -5.9649134e-01  -5.7126595e-01  -6.7502247e-01   7.0751824e-01   2.4217989e+00   2.1355033e+00  -3.7171215e+00  -1.2075908e+00  -1.5694208e+00  -2.2384034e+00   2.8658579e+00   5.9910313e-02   2.9102897e-03
   9.7312695e+00   6.2317815e+00   2.1369750e+00   1.2728085e+00   2.8935186e+00   1.2491916e+00   3.1096640e+00  -4.5375422e+00  -2.1029649e+00   2.7956502e-01  -1.4709742e+00  -4.4340602e-01  -3.4021202e-01   5.8115885e-01   5.2976856e-01   5.0004661e-01  -1.9998900e+00  -4.5098804e+00   3.2275764e-01   2.1207817e-01  -1.4965986e+00   1.5115371e+00  -8.4183132e-02   2.3718009e-01
   1.0593044e+01   6.7485780e+00   3.5708388e-01  -7.0275621e-01  -1.8707880e+00   3.8387656e-01   2.3371058e+00  -4.7985233e+00  -1.9966417e+00  -4.1258860e-01  -2.7541330e+00  -4.6353782e-01  -9.6121999e-01   3.6917375e-02   1.3725054e+00  -3.6875046e+00  -4.1725649e+00   1.6491053e-01  -4.5471232e-01   2.7707992e+00  -1.3596973e+00  -1.1755599e-01   5.2246434e-01   3.2558639e-01
   1.0022945e+01   9.6326064e+00   2.4089973e+00  -3.3047226e+00  -4.7962316e+00   6.2049781e-01   3.7428594e+00  -7.4310089e-01  -1.4794724e+00  -2.1377030e+00  -2.3168540e+00  -9.7639811e-02  -2.3700496e+00  -3.0001464e+00   2.6441653e+00   1.5595799e+00  -1.8675678e+00   2.4545572e-01  -2.9778046e-01   1.2143839e+00   7.5927568e-01  -1.3103401e+00  -1.8518622e-01   3.1997392e-01
   8.6445476e+00   5.7856237e+00   4.9099524e+00  -2.3354174e+00  -1.0066130e+00   5.2436873e+00   1.4377834e+00  -1.7257906e-03  -2.5041462e+00  -1.9368031e+00  -1.7514300e+00  -2.8099485e-01  -1.2135215e+00  -3.1735725e+00  -6.6540444e-01   2.0388644e+00   1.6550276e+00  -8.7721038e-01   1.1265118e-01  -2.6037727e+00   1.2800445e-02  -2.9423040e-01   2.9325318e-02   2.4477908e-01
   7.1504432e+00   2.2130391e+00   3.8267886e+00   4.4285089e+00  -3.3992063e-01  -8.1253022e-01   3.1126545e+00  -5.1143651e+00  -7.1029914e-01  -9.2383790e-01  -2.2501051e+00  -5.4716612e-02   5.4911705e-01  -8.0626103e-01  -2.8081066e+00  -6.9966184e-01   2.7163235e+00  -1.0936914e+00   9.3884042e-02  -3.3317592e+00  -4.1092685e-01  -3.1600957e-01   2.1425714e-01   3.9102632e-01
   1.0209012e+01   5.6980029e+00  -1.3499184e+00  -1.5110754e+00  -1.6164020e+00  -2.1542499e-01   2.8211850e+00  -6.5185502e+00  -2.3620277e+00  -1.4608667e+00  -2.7435195e+00  -1.1783080e-01   1.7150584e-01   2.1780458e+00  -2.7362747e+00  -2.6936232e+00   1.8830999e+00  -4.1933770e-01  -5.9911726e-01   2.2665373e-01   2.2894519e-01  -1.2643724e+00   3.5745323e-01   5.1624877e-01
   1.0064388e+01   8.4670253e+00   1.3267728e+00  -4.7663863e+00  -4.1685189e-01   1.7095169e+00   3.1919846e+00  -2.4823275e+00  -2.1669219e+00  -2.8496855e+00  -1.4994235e+00   4.0731764e-01   1.1914730e+00   3.8896582e+00  -1.9083412e+00  -6.5709707e+00  -1.6267244e+00   5.3467520e+00   1.8520197e+00   2.1035231e+00  -2.4283863e+00  -6.5824254e-01   7.8487379e-01   3.3643928e-02
   7.4448339e+00   5.9256993e+00   2.0555483e+00  -1.7784046e+00   1.8565025e+00   3.3536572e+00   4.9944242e-01  -9.7776403e-01  -1.4324171e+00  -2.8704379e+00  -1.5905909e+00   2.6236117e-01   6.1692042e-01   2.4612933e+00  -7.8337870e-01  -6.0633493e+00  -5.2705003e+00   4.0379568e+00   4.6949482e+00   6.5369184e-01  -2.9752456e+00  -3.9229281e-01   1.5429554e-01  -1.5060747e-01
   1.0319742e+01   7.9336783e+00  -7.3845649e-01  -5.2942825e+00  -4.5164594e+00   5.4230567e+00   7.0515554e+00  -4.7294735e+00  -4.8176839e+00  -1.2064161e+00  -1.6492587e+00  -1.9434671e-01   1.5733360e+00   1.8845496e+00  -4.3971981e+00  -3.6912300e+00  -4.7496923e+00   9.5517823e-01   3.7474923e+00  -1.8939762e+00  -1.4798472e+00   8.2199262e-01  -8.1615358e-01  -2.9400375e-01
   1.1006716e+01   9.6566163e+00  -1.4923718e+00  -1.0342151e+01  -7.4723487e+00   3.9847403e+00   7.9338219e+00  -4.4144394e+00  -5.4995150e+00  -2.8709407e+00  -2.4371586e+00  -4.2909829e-02   5.7451297e-01   2.3689912e+00  -3.8213644e+00  -1.6911308e+00  -5.4838115e-01  -4.8554440e-01   1.0441344e+00  -1.8516345e+00   9.3983426e-01   1.0477786e+00   6.2348425e-02   1.1151529e-01
   1.0643451e+01   9.4283911e+00  -3.4950643e+00  -6.0213580e+00  -2.8769648e+00   2.8267427e+00   5.0960333e+00  -3.6049541e+00  -2.3531437e+00  -1.6164452e+00  -2.3003700e+00   1.1894751e-01   6.1210050e-01   2.2713085e+00   6.9131736e-01  -2.8954984e+00   2.8344760e+00  -9.1464468e-01  -1.8588509e+00  -4.4589466e-01   2.6275739e+00  -1.0198560e+00   8.8049709e-02   1.4728923e-01
   8.1447488e+00   8.7318297e+00  -2.2981945e+00  -3.9515631e+00   2.1418344e-01   3.9234976e+00   3.0434050e+00  -4.3174755e+00  -1.2549358e+00  -1.0937555e+00  -1.1715126e+00   2.7298699e-01   1.4013035e+00   3.6849843e+00   2.3327360e+00  -4.7524648e+00  -1.1549865e-01  -8.0835275e-02   1.2070424e-03  -6.3982348e-02  -2.7643077e-01  -1.3356646e+00   1.9255320e-01   6.3839739e-02
   1.2668876e+01   1.1803034e+01   7.0143088e-01  -1.2832824e+01  -4.1080115e+00   4.0817110e+00   6.7084875e+00  -5.4467974e+00  -2.9986127e+00  -3.6247926e+00  -2.1500072e+00  -1.3136127e-01   1.0465401e+00   4.3781344e+00   2.6451982e+00  -6.2864191e+00  -4.8586743e+00   2.9141039e-01   1.4965975e+00  -5.0989896e-01  -3.6462032e+00  -1.3027783e+00   6.1052737e-01   1.6914747e-01
   1.2095959e+01   1.3996771e+01  -9.1515348e-02  -1.4065115e+01  -7.0300733e+00   3.2360032e+00   7.1294054e+00  -3.5894912e+00  -5.5914266e+00  -3.8702638e+00  -2.2235102e+00   1.7800417e-01   7.7366211e-01   2.9416517e+00   5.3983956e-01  -2.4466749e+00  -8.8521226e-01  -1.8749830e+00   1.2188297e+00   4.9626609e-01  -3.2101563e-01  -3.0091754e-01  -1.2503360e-01  -4.6424597e-03
   1.0237656e+01   1.3363122e+01  -6.3060656e-01  -1.0394210e+01  -6.5428478e+00   3.6076055e+00   5.2979293e+00  -4.7337947e+00  -5.6542031e+00  -2.1823585e+00  -8.5858017e-01   4.2016013e-01  -8.3218313e-01  -4.5149281e-01  -9.9574190e-01   1.7898315e+00   3.9189967e+00  -3.6468359e+00  -1.4956041e+00   5.0022323e-01   2.1030413e+00  -1.8391800e-01  -7.1423132e-01   3.0128254e-01
   1.0520852e+01   1.2364263e+01  -8.2241644e-01  -8.8408824e+00   1.0378325e-01   1.3480759e+00   5.5769286e+00  -3.9295778e+00  -4.0866402e-01  -2.2663489e+00  -2.0047765e+00  -9.7373912e-03   5.2429511e-01  -1.0326922e+00  -1.9508538e+00   1.0909819e+00   5.5432752e+00  -3.7904136e+00  -3.0009106e+00  -1.5204365e-01   2.6093325e+00  -1.5207859e+00  -7.9773164e-01   3.9780836e-01
   1.2208155e+01   1.1942049e+01  -4.2673143e-01  -1.2760193e+01  -1.7964447e+00  -4.4457918e-01   5.2413197e+00  -4.5264193e+00  -2.4354321e+00  -4.7026271e+00  -3.3307210e+00   4.1443333e-01   2.2358703e-01  -1.4830088e+00  -7.2021509e-01  -1.8096809e-01   3.4625975e+00  -3.6447971e+00  -3.7660764e+00  -1.5877716e-01  -2.4841231e-01  -1.1564553e+00  -2.7817490e-01   3.2037538e-01
   1.1897152e+01   1.3158269e+01  -3.1197336e+00  -1.1245651e+01  -1.0883621e+00  -4.2352488e-01   2.6563443e+00  -3.9212444e+00  -3.2868134e+00  -4.8913083e+00  -2.1840373e+00   7.7758010e-01  -1.4350525e-01   8.5382204e-01  -9.0472873e-01   6.2927635e-01   2.0310875e-02  -1.0756976e+00  -2.5876800e+00   1.1827063e+00  -2.2950482e+00   9.6779872e-02   1.2091182e+00  -1.4497151e-02
   9.8848868e+00   1.0741606e+01  -5.6227059e-01  -9.4632783e+00  -7.5287890e-01  -9.7378981e-01   1.1091069e+00  -4.9761271e+00  -4.5877469e+00  -2.6045618e+00  -1.1862121e+00   5.0706445e-01  -7.3934449e-01   2.5365625e+00  -1.6160255e+00   1.3376955e+00  -2.1135718e+00  -1.5337471e-01  -2.0521140e-01   1.4027430e+00  -1.2235448e+00  -1.3329478e-02   1.2025191e+00  -6.6913078e-01
   1.1467228e+01   1.4245218e+01  -2.1117399e+00  -9.5454255e+00  -3.8753336e-01  -8.6519928e-04   3.7615151e+00  -1.9306645e+00  -2.7750790e+00  -3.1702117e+00  -1.2633536e+00  -7.7798678e-02  -7.6136345e-01   3.1732850e+00  -1.2538979e+00   9.3830959e-01  -4.6076463e+00  -3.6051389e-01   6.5949311e-01   8.2173854e-01  -2.5520107e-01  -6.5141765e-01   2.5934414e-01  -5.3465737e-01
   1.1314100e+01   1.5203418e+01  -3.3547665e+00  -1.1603763e+01  -5.3172167e+00  -8.8597109e-01   4.3809173e+00  -3.4175948e+00  -4.5266166e+00  -5.5831696e+00  -1.9872842e+00  -1.6157344e-01  -1.4525703e+00   2.8981080e+00  -5.4628842e-01   2.5650668e+00  -2.9953752e+00  -2.7866921e-01  -1.3288230e+00  -5.7087669e-01   4.9126261e-01  -1.2273726e+00  -8.7531631e-04   1.9155306e-03
   1.0040500e+01   1.5687291e+01  -3.6043326e+00  -8.7679443e+00  -5.7176626e+00  -1.0082051e+00   2.0096788e+00  -3.4679027e+00  -3.7001802e+00  -4.3791308e+00  -1.3944850e+00   3.0991299e-01  -1.3681082e+00   1.3961901e-01   7.3234757e-01   2.4670655e+00  -2.1744365e+00   3.8431543e-01  -1.7969860e+00  -1.1067744e+00   6.2336728e-01   3.8950351e-01  -3.0007378e-01   7.9692516e-02
   8.4193954e+00   1.4367732e+01  -6.3540690e-01  -6.0044186e+00  -2.5808771e+00  -8.8812368e-01  -8.2094812e-03  -5.0638230e+00  -3.3883024e+00  -3.8411611e+00  -1.1219594e+00   3.1608191e-01   4.1824121e-01   1.4592635e-01   1.2394815e+00  -2.5787119e+00   5.5756731e-01  -4.6330010e-01   7.4638763e-02   9.9760443e-01  -1.0976472e+00   1.1743940e+00  -6.9749247e-01  -1.2314524e-01
   1.0862418e+01   1.4872490e+01  -2.3728984e+00  -8.6444993e+00  -5.0173580e+00   5.7668424e-01   3.2605995e+00  -2.7677119e+00  -2.4091852e+00  -3.4569607e+00  -2.1461267e+00  -1.9708758e-01   1.0637964e+00   7.8316082e-01   7.8026809e-01  -4.7519667e+00  -1.2597771e+00  -1.0810546e+00   2.3374100e-02   1.9594196e+00  -1.8305202e+00   2.8191158e-01  -4.4887839e-01  -5.1276818e-02
   1.1530503e+01   1.5829708e+01  -2.1112613e+00  -1.5533553e+01  -4.8310181e+00  -2.3733659e+00   3.8674151e+00  -2.2712836e+00  -6.8185849e+00  -4.2826636e+00  -2.6577021e+00  -9.2791023e-02   9.7686927e-01   2.6346426e+00  -5.0293260e-01  -1.6878853e+00   3.7347752e-01  -1.9413009e-01  -9.0235354e-01   2.4182944e+00   1.7464851e-01  -3.9982846e-01  -2.1363073e-01   6.2031767e-04
   1.0080641e+01   1.6131043e+01  -1.6960032e+00  -1.1131327e+01  -6.4822577e+00  -1.8871659e+00   1.0692767e-01  -1.9250431e+00  -4.7308192e+00  -3.7355122e+00  -1.2999313e+00   4.3743423e-01   2.0408455e-01   2.8314155e+00   1.3597563e+00  -1.5371720e+00   1.4269981e+00  -1.6515708e+00   2.1595354e-02   1.6702570e+00   1.6101536e+00  -1.5162285e+00  -1.6141232e-01   5.7537422e-02
   1.0275588e+01   1.7690419e+01  -1.7282534e+00  -7.2928327e+00  -1.2882109e+00   5.2606232e-02   2.1509613e-01  -1.8577159e+00  -1.9655126e+00  -4.3016280e+00  -1.8655032e+00  -2.4851866e-04   6.5190742e-01   1.9916487e+00   1.6711316e+00  -1.8717335e+00  -1.3744289e+00  -2.0957258e-01   2.7677498e+00  -1.0994450e-01   2.2603620e+00  -7.8924451e-01  -7.2832432e-01  -5.4078657e-02
   1.1796003e+01   1.8189258e+01  -5.2476793e-01  -1.5070618e+01  -4.6482645e+00  -3.1136580e+00   5.1191520e+00  -4.6911029e-01  -2.4204909e+00  -5.7218212e+00  -2.7843446e+00  -1.5705270e-01   1.7551224e-01  -4.7938967e-01   7.4080451e-02  -2.0792492e+00   5.7910176e-01  -6.6328176e-01   1.9517108e+00  -3.9760229e+00  -2.5869445e-01   1.6778274e+00  -1.5316763e-01  -3.3385165e-01
   1.1650683e+01   1.7788074e+01  -1.9018156e-01  -1.6371508e+01  -7.8096580e+00  -2.0744787e+00   5.5129276e+00  -3.1641667e+00  -4.5832061e+00  -4.4733759e+00  -3.0079819e+00   1.2333446e-01  -2.3035410e+00  -2.9770296e+00   2.2796893e+00  -2.0833018e+00   2.8162492e+00   1.0516531e+00  -2.2414736e+00  -5.6441962e-01  -4.5220287e-01   1.1138185e+00   1.4413270e+00  -3.3842879e-01
   9.6563617e+00   1.5363131e+01  -2.3539185e+00  -9.7108631e+00  -2.3528815e+00  -1.8185460e+00   3.8557814e-01  -7.2358521e+00  -3.8100141e+00  -1.1328972e+00  -9.5844338e-01  -1.2513472e-01  -3.9020455e+00  -3.2841687e+00   2.9058117e+00  -1.2527718e+00   5.6120827e+00   2.2356579e+00  -6.6582734e+00   2.8259035e+00   9.4719806e-01  -1.5349660e+00   1.8600862e+00  -3.0895213e-01
   7.8900968e+00   1.4637938e+01   2.6058559e+00  -1.3097663e+01   1.7884714e+00   9.8252994e-01  -7.8032736e-01   6.7902560e-01  -1.9490553e+00  -4.9253623e+00  -6.1646333e-01  -5.2385069e-01  -3.2230309e+00  -1.8395497e+00   2.1929847e+00  -2.9994830e+00   5.2336631e+00   2.3676893e+00  -6.7027443e+00   4.7130898e+00   2.6043070e+00  -3.3654537e+00   1.4069050e+00  -2.5911833e-01
   7.8232275e+00   1.4838073e+01   2.4359309e+00  -1.8586698e+01  -1.0292052e+00  -1.2886754e+00  -1.7216305e+00   1.8481488e+00  -2.3167692e+00  -7.7982770e+00  -1.1899746e+00  -2.9688832e-01  -2.0913251e+00  -2.3950034e+00   1.5244234e+00  -1.2263608e+00   3.4036783e+00   1.0891760e+00  -4.9556562e+00   1.7354235e+00   1.8690707e+00  -1.9198193e+00   3.1990881e-01   7.1920677e-02
   7.7327040e+00   1.5291278e+01   7.0437073e-01  -1.6432815e+01  -6.2100149e-01   1.2121199e+00  -3.4875844e+00  -6.3653243e-01  -1.4233680e+00  -6.1888665e+00  -7.8185881e-01  -1.7946624e-01   8.9612752e-01  -1.1570547e+00  -2.0789172e+00   2.2803656e+00   3.3491344e-01   8.7467467e-01  -7.5167485e-01  -3.6953837e+00   1.9663031e+00   1.8089859e+00  -5.5480606e-01   1.5603731e-01
   6.5980704e+00   1.1443956e+01   8.8345914e-01  -9.8828280e+00   3.9573724e+00  -2.9957704e-01  -5.6942776e+00  -3.9749378e+00  -1.2692516e+00  -3.3808740e+00  -3.9588243e-01  -1.8944594e-01   2.6748268e+00  -5.8559824e-01  -1.3326685e+00   1.8655554e+00  -3.4902400e+00   1.4911004e+00   2.2565525e+00  -3.4892162e+00   2.4148084e+00   1.5370433e+00  -1.3215811e+00  -7.1493512e-02
   9.8468666e+00   1.4599414e+01   2.6371593e-01  -1.4029049e+01  -2.0244724e-01   1.7999928e+00   7.8483907e-02  -1.9525067e+00   4.7664059e-01  -4.4205850e+00  -1.8457185e+00  -3.4351592e-01   2.7528282e+00  -1.2871189e+00   3.5823514e-02   5.4246176e-01  -4.5935070e+00  -1.1091683e+00   4.0520590e+00  -5.4699704e-01   3.9730243e-01   8.3981426e-01  -1.5947749e+00   2.6742964e-01
   1.0778386e+01   1.4305608e+01   6.5725554e-01  -1.6990248e+01  -6.4738423e+00   6.5403869e-01  -1.1983588e-01  -2.7276883e+00   3.5543913e-01  -6.3768528e+00  -2.6404164e+00  -3.2210374e-01   1.5116556e+00  -1.0341442e+00  -9.4348211e-01   3.6996755e+00  -2.3212031e+00  -4.7219535e-01   2.6253965e+00   1.4606669e+00  -1.4108390e+00   1.3312315e+00  -7.2044135e-01   1.3592598e-01
   9.7717883e+00   1.1929774e+01   8.7120780e-01  -1.2065413e+01  -2.2956547e+00  -9.2844037e-01  -1.9671681e-01  -2.0806528e+00  -1.6397598e+00  -3.4311558e+00  -2.0517541e+00   2.8800713e-01  -1.5318106e+00  -4.4557755e+00   2.5532107e+00   6.2301785e+00  -1.3150236e-01  -2.6263262e+00  -1.5263882e+00   5.2700211e+00  -3.8865909e+00  -3.5315736e-01   1.6842115e+00   2.3168924e-01
   8.9030930e+00   1.1227560e+01  -8.3550995e-01  -5.3151330e+00   1.5221715e+00   3.5634651e-01  -1.6185824e+00  -1.7198644e+00  -2.3273100e+00  -1.8787414e+00  -1.3735266e+00  -3.0131848e-01  -3.5024977e+00  -5.5258054e+00   5.0404293e+00   4.4662010e+00   1.0843852e+00  -7.7991427e+00  -1.1980589e+00   1.0057214e+01  -4.6827133e+00  -3.2089808e+00   2.7131821e+00   3.9840761e-01
   8.4867975e+00   9.4547751e+00   4.8399147e+00  -1.0521339e+01  -4.3977077e+00  -1.9906504e+00  -1.4617252e+00   5.4486131e+00  -4.0118712e+00  -7.1993767e+00   4.7153860e-02  -6.3746973e-03  -4.3413498e+00  -4.7901833e+00   4.8309505e+00   1.1672017e+00   1.4870302e+00  -1.0049578e+01  -1.4075433e+00   8.0228141e+00  -2.6599929e+00  -2.7726550e+00   2.0389842e+00   2.9835237e-01
   6.1671353e+00   7.2543993e+00   6.2335460e+00  -1.1062983e+01  -3.7962380e+00  -1.0513570e+01  -1.2844201e+00   8.5935004e+00  -5.4825751e+00  -9.3062135e+00   3.7990274e-01   4.2269858e-01  -3.2175133e+00  -1.2493892e+00   2.3677063e+00  -1.2163183e+00   4.2950987e+00  -6.1474395e+00   1.0221192e+00   2.6470325e+00  -2.9405112e-01   9.6221332e-01   6.4272209e-02   3.6448106e-01
   4.6277424e+00   6.7310793e+00   4.5831055e+00  -7.4406849e+00   2.5940954e+00  -1.0567848e+01  -2.4751129e+00   4.7968860e+00  -4.0521166e+00  -3.8764022e+00   1.3000756e-01   3.7352715e-01   1.3653989e+00   1.8932684e+00  -1.6693960e+00  -1.8036459e+00   3.7605038e+00   4.6734384e-01   2.1552241e+00  -4.6495498e+00   2.4734208e+00   3.7659792e+00  -2.3674187e+00   1.9158597e-01
   6.0063506e+00   1.0715324e+01   2.8444541e+00  -8.6799375e+00   4.4689181e+00  -4.5762139e+00   4.2129018e-01   2.5765478e+00  -2.7482640e+00  -2.0969087e+00  -1.3185452e+00   5.5452176e-02   4.3505533e+00   4.3416554e+00  -2.0226631e+00  -4.0251138e+00  -1.8818737e+00   6.2157344e+00   1.1617743e+00  -3.9541325e+00   3.1400300e+00   1.6823186e+00  -2.3006230e+00   6.7678228e-02
   1.0615288e+01   1.0564216e+01   4.0303667e+00  -1.4418331e+01  -2.8895300e+00  -4.2583129e+00   9.1825580e-01   1.4827646e+00  -1.6688956e+00  -5.1550602e+00  -2.6547502e+00   4.6462746e-01   3.3808371e+00   2.9013906e+00  -3.8181569e+00  -1.9219099e+00  -2.0558438e+00   2.9757393e+00  -5.4652045e-01  -2.4375418e+00   1.4729740e+00   7.4471989e-01  -6.4043663e-01  -3.0398841e-01
   9.6991924e+00   1.1850314e+01   3.4759208e+00  -1.3611831e+01  -3.8772359e+00  -4.3447364e+00  -1.2384430e+00   4.3193623e+00  -1.9641406e+00  -6.1434066e+00  -1.6786529e+00   4.7866578e-01   1.6758046e+00  -7.0673706e-01  -2.2043756e+00   1.3183569e+00  -1.2862821e+00   3.2970718e+00  -1.6737396e+00  -2.8705432e+00   1.1912918e+00   1.6068865e+00   5.5029406e-01  -3.9591367e-01
   7.8525772e+00   1.0515670e+01  -1.4598631e+00  -7.8576029e+00   3.6834066e+00  -6.2199780e+00  -2.4650270e+00   2.6916602e-01  -2.2347172e+00  -7.3607346e-01  -6.5059353e-01  -2.9406227e-01   5.9814101e-02  -1.4654661e-01  -2.6987053e+00   1.1069690e+00  -1.7520230e+00   6.1599225e+00  -2.7793163e+00  -5.2293004e+00   1.8239783e+00   2.6512278e+00  -2.1678196e-01  -5.8626260e-01
   9.9014130e+00   9.6794909e+00   2.2830057e+00  -9.9827660e+00  -7.4697348e-01   1.3502264e+00  -3.9767782e-01  -1.1224676e+00  -6.7841542e-01  -1.8960724e+00  -1.4951824e+00  -1.5907346e-01   1.4261104e-01   1.1801111e+00  -9.6613361e-01  -2.1689570e+00  -4.7019964e+00   5.7780463e+00   2.9320265e-02  -5.7797542e+00   1.5581649e+00   1.6621730e+00  -8.2214595e-01  -1.9842550e-01
   1.0603899e+01   1.1429807e+01   5.7876643e-01  -1.4572410e+01  -7.0826957e+00   2.1340894e+00  -3.6711012e+00  -3.6402710e+00   4.2420928e-01  -3.3018856e+00  -3.0716584e+00  -9.5896823e-02  -1.9442497e-01   1.4814413e+00  -1.1482135e+00  -1.8633342e+00  -1.3643931e+00   2.9180396e+00   5.9096955e-01  -5.5680407e-03  -3.1988845e-01  -1.1821393e+00  -3.2902701e-01   2.6484952e-03
   8.5374481e+00   1.3163412e+01   1.0074057e+00  -1.3507863e+01  -5.5471793e+00   1.4529934e-01  -5.9142553e-01  -2.3955505e+00  -9.5635650e-01  -2.3672410e+00  -1.7013394e+00   8.1944811e-02  -6.7771619e-01   1.3463062e+00  -1.6024553e+00   1.3647650e+00   1.3578850e+00  -9.9156391e-01  -1.3699038e+00   1.2246525e+00   1.6761355e+00  -4.6508152e-01  -2.5133288e-01  -7.5872594e-02
   8.2429222e+00   1.0995871e+01  -2.5443833e+00  -8.8900556e+00   4.0369198e+00  -1.2404551e+00  -1.4816988e+00   8.9735539e-01  -2.5755794e+00  -2.2736981e+00  -1.0410556e+00  -4.1059866e-01   4.5280395e-01   4.4527774e-01  -2.5143657e-01  -2.1922338e-01  -1.1670089e+00   2.0892520e-01  -7.3544888e-01  -3.3032399e-01   2.1670218e+00  -7.2025881e-01  -8.3896737e-02  -2.2223801e-01
   1.0065327e+01   1.1915918e+01   1.4408976e+00  -1.0776796e+01  -4.2699537e+00   1.5501528e+00  -3.5472348e+00  -1.5543020e+00   3.3356821e+00  -3.1077884e+00  -2.8874832e+00  -1.1553143e-01   7.0763253e-01  -1.4180637e+00  -1.5984970e+00  -1.2232197e+00  -3.5958974e+00   2.4424888e+00   1.0778571e-01  -1.9428741e+00   1.0756504e+00   4.1896494e-01   3.3857378e-01  -9.3279550e-03
   1.0519165e+01   1.2721471e+01  -1.5134395e-02  -1.6266778e+01  -9.4718218e+00   1.7450504e+00  -3.2963699e+00  -4.5563812e+00   1.5287226e+00  -4.0120001e+00  -2.6044316e+00  -3.3051572e-01  -4.9418936e-01  -1.4406041e+00   3.8250861e-01  -1.1419248e+00  -1.3235044e+00   3.0802579e+00   2.1234945e+00  -2.0765787e+00  -2.4312012e+00   1.1517277e+00   1.1822095e+00   2.7448748e-01
   8.4607753e+00   1.0173517e+01  -2.6549643e+00  -1.1654331e+01  -4.1866547e+00   2.3162798e+00   4.7758859e-01  -2.5829933e+00  -1.3950319e+00  -8.6964262e-01  -4.1179069e-01   2.7911409e-02  -7.0381304e-01  -1.8444868e+00   1.8042061e+00   2.6352023e+00  -6.8378806e-01   2.8445234e-01   3.3597296e+00   1.0899449e+00  -5.1125403e+00   1.0871960e+00   1.7531695e+00  -2.1157940e-01
   8.3039141e+00   9.7061659e+00   7.7310571e-02  -1.0164175e+01   2.0100137e+00   2.9968682e+00  -3.0886870e-01  -1.7031670e+00  -3.8570242e+00  -1.6651796e+00  -5.0558755e-01  -7.0588859e-02  -7.8921566e-01  -3.1069149e+00   4.8672375e+00   4.1653222e+00  -4.7765258e+00  -2.3259831e+00   4.2921628e+00   1.5323845e+00  -3.5772474e+00   1.2417864e+00   5.6976044e-01  -3.1243881e-01
   1.0117233e+01   1.0656841e+01   4.1009842e+00  -9.8752939e+00  -1.1036554e+01   1.3509224e+00  -1.3910433e-03  -1.3459918e+00  -1.6402549e+00  -2.6504047e+00  -1.3071510e+00  -5.6286397e-01  -1.3076129e+00  -2.1229504e+00   2.9556852e+00   2.6000587e+00  -4.7230072e+00  -2.3980024e+00   1.9657612e+00  -4.8235002e-01  -6.2194705e-01   1.2498229e+00  -2.3992196e-02  -1.8221667e-01
   8.5071129e+00   7.8194366e+00   3.9077476e+00  -1.0908314e+01  -1.3211661e+01  -1.2612455e+00   3.3813641e+00  -2.8763052e+00  -3.7145370e+00  -1.2589394e+00  -1.3021108e+00  -5.0378625e-01  -2.1567738e+00   3.1747847e-01  -7.9986597e-01   2.2505280e+00   1.6231053e+00  -1.6496607e-01  -2.0933418e-01  -3.0421655e+00   1.2402855e+00   2.0159181e+00   8.9947932e-01   4.0429349e-01
   6.3977565e+00   7.9324559e+00  -1.3665505e-01  -7.3821738e+00  -3.6603281e+00   8.4833314e-01   1.5811140e+00  -2.7199492e+00  -2.3991961e+00   8.0197170e-01  -4.9517349e-02  -2.8814902e-02  -6.2805696e-01   1.9960016e+00  -4.1204209e+00  -3.7728726e-01   7.3366906e+00   2.5468636e+00  -1.6002505e+00  -3.7049587e+00   3.8763736e-01  -3.0040138e-02   1.1786840e+00   4.6940481e-01
   6.9284917e+00   1.1544576e+01   9.9633123e-01  -8.0349430e+00   7.5655896e-01   3.0007138e+00  -1.4141225e+00  -5.5794365e+00  -1.6171254e+00  -3.6749058e-01   2.1481462e-01   2.6882684e-01   1.7742307e+00   3.8645624e+00  -4.6684199e+00  -8.6857998e-01   1.8690213e+00   2.3919218e+00  -1.9504311e+00  -8.8037207e-01   2.2538030e+00  -2.2363252e+00   4.8910036e-01   1.9307147e-01
   9.9644584e+00   1.1788273e+01  -6.2393900e-01  -1.1877910e+01  -7.0156276e+00   3.0402382e+00  -4.0234977e-03  -5.5518642e+00  -2.1075047e+00  -3.1411894e+00  -2.9758764e-01  -2.4506329e-01   1.9625912e+00   7.7147409e-01  -2.7095208e+00   3.1307436e-01  -3.0782371e+00   7.6018972e-01   1.6850737e-01   1.9275236e+00  -1.1359124e+00  -1.0903495e+00  -2.8800960e-01  -3.1439875e-01
   9.3851080e+00   1.1688371e+01  -2.8512404e+00  -9.9633157e+00  -8.7304793e+00   1.2306846e+00   1.2482863e+00  -2.7809058e+00  -4.7967823e-01  -2.6418466e+00  -4.4442513e-01  -1.0605485e-01   1.4383878e+00  -1.4177989e+00  -1.5805863e+00   2.7064203e+00  -2.7531313e+00   6.5237648e-01  -1.3640542e+00   2.4855967e+00  -1.3472004e-01   1.6109709e+00  -3.8880899e-01  -4.0466013e-01
   8.1133351e+00   9.0177693e+00  -2.2771505e+00  -5.9483759e+00  -3.5341646e+00   2.8736323e+00   5.0267065e-01  -1.2279291e+00  -4.6717883e+00   3.0362551e-01  -1.5191187e-01  -3.1297219e-01   1.3254982e+00  -1.4236243e+00  -3.8665868e-01   1.6030977e+00   5.1043294e-01   9.9753960e-01  -5.1798859e+00   2.3182503e-02   2.5650499e+00   8.5695245e-01  -1.3568596e+00  -6.0195089e-02
   1.0011635e+01   1.0803130e+01  -5.4794255e-01  -6.9400797e+00  -5.1138694e+00   4.0625814e+00  -3.7135509e+00  -4.0130090e+00  -5.3706362e-01   3.2655834e-01  -4.4123674e-01  -3.0420891e-01   1.2928939e+00  -1.3740503e+00  -2.0010957e-01  -8.2671629e-01  -6.0459864e-01   1.2027594e+00  -2.7318742e+00  -2.0966231e+00   4.1620185e+00   7.4599651e-02  -1.4703004e+00   3.6307964e-01
   1.1639442e+01   1.0095458e+01  -2.3555759e+00  -1.0984882e+01  -8.0582831e+00   3.1205992e+00  -5.2929337e+00  -4.9010389e+00   1.7687629e+00  -3.3399632e+00  -2.3344713e+00  -2.3627890e-01  -6.3463239e-01   1.4099452e-01  -1.7327556e-01  -2.7526879e+00  -6.8299677e-01  -2.4268128e-02   7.6486868e-01  -3.6362962e+00   4.0072923e+00  -4.6883860e-01  -5.6654572e-02   5.5113730e-01
   9.5613953e+00   9.0884517e+00  -3.1121920e+00  -8.6851373e+00  -7.3753180e+00   2.9113403e+00   4.8277193e-02  -4.0892856e+00   2.5430739e+00  -7.0815282e-01  -1.5585961e+00   4.0021797e-01  -2.0137961e+00   1.3371907e+00   7.4388619e-02  -3.0271764e+00   2.5377827e+00  -1.2695747e+00   3.9320715e+00  -2.0552871e+00   1.3554332e+00  -1.3614887e+00   1.4524635e+00   6.5630344e-01
   7.3865064e+00   1.0086600e+01  -1.2549391e+00  -9.2048790e+00  -3.4279355e+00   3.4128507e+00  -2.3094037e-01  -6.6442352e+00  -2.0091854e-01   1.1772319e-01   3.2178595e-01   1.6152033e-01  -1.3117798e+00   2.5288426e+00   3.4197478e-01  -4.1469392e+00   2.7259672e+00  -1.3470907e+00   3.6127903e+00  -2.8848720e+00   4.4910050e-01  -2.1401339e+00   1.8753239e+00   2.9473630e-01
   9.1174087e+00   1.2813344e+01  -9.8667804e-01  -1.2370846e+01  -3.6223692e+00   2.0120937e+00  -3.4644036e-01  -6.2243415e+00   2.4809269e+00  -3.4445179e+00   4.0932989e-01   4.8134663e-01  -4.4592084e-01   5.2527070e-01  -4.1128306e-03  -3.2627816e+00   1.2263506e+00  -4.0315267e-01   9.9584001e-01  -8.9327083e-01  -3.5444458e-01  -1.6673577e+00   1.1942453e+00   3.3609567e-03
   9.8937657e+00   1.2026275e+01  -2.9053708e+00  -1.5362436e+01  -5.8458067e+00   1.5495865e+00   3.2361050e-01  -8.1608189e+00   2.4734871e+00  -5.1819815e+00  -5.0544843e-01   1.6526122e-01  -9.5124902e-01  -9.2686446e-01  -1.3272506e+00   1.9989355e+00   2.3882733e+00  -9.5872473e-01   5.3416063e-01   1.0808330e+00   4.6570186e-01  -1.3033859e-01   1.0038485e+00   2.4321220e-01
   7.6388844e+00   8.9065201e+00  -2.2931454e+00  -1.0500531e+01  -4.3268564e+00   3.2382434e+00   1.2647618e+00  -4.6708999e+00   6.7420425e-01  -5.5933707e-01   6.4638907e-01   4.0338896e-01  -1.4615467e+00  -2.8571369e-01  -8.0073401e-01   4.4672073e+00   2.0667853e+00  -2.0282500e+00   8.3566399e-01   8.7074360e-01  -9.6451448e-01   1.7803369e+00   5.5281987e-01  -4.4238801e-02
   6.6988950e+00   1.0649716e+01  -2.5925813e+00  -7.1416331e+00   5.0671807e-01   1.3616887e+00  -2.3530049e-01  -5.7997065e+00   1.4009956e+00  -1.5203751e+00   1.7090290e+00   5.6531746e-01  -5.6550353e-01   9.5622102e-01  -1.1646912e+00   3.4966164e+00   1.6186682e+00  -3.5515635e+00   2.7800798e-01   2.4069305e+00  -1.3376587e+00   7.4901591e-01  -1.3460538e-01   3.3550696e-02
   8.5225240e+00   1.3073054e+01  -2.3441738e+00  -9.7804363e+00  -3.6984537e+00  -9.3633244e-01   1.1865111e+00  -6.0987823e+00   1.5704010e+00  -2.6048158e+00   1.3132095e-01   2.1496031e-01   6.1104140e-01   1.3220946e+00  -8.7831553e-01   2.9141649e-01   1.8956464e+00  -4.4700805e+00  -2.3248258e+00   1.4130173e+00  -7.7306155e-01   3.6350469e-01  -1.0724616e+00   1.5251121e-01
   8.6036906e+00   1.1377340e+01  -4.6268933e+00  -1.0477559e+01  -3.7320058e+00  -1.6904709e+00   7.7974780e-01  -3.8364820e+00   1.8900651e-02  -3.0357183e+00  -4.4982244e-01   3.0980159e-01   2.3862475e-01  -5.1418304e+00   2.5401150e+00   6.6965212e+00  -3.0566395e+00  -4.2710460e+00   1.9498452e+00   3.3113396e+00  -3.3368349e+00   2.9276070e+00  -8.2661870e-02   1.4349020e-01
   7.6030487e+00   1.0525850e+01  -2.5934627e+00  -8.3954434e+00   6.3597507e-01  -1.9407975e+00  -2.7300011e+00  -3.5329863e+00   2.0565940e-01   7.4359156e-01   1.1712239e-01   7.5991371e-01  -3.3031267e-01  -6.0099985e+00   3.1698691e+00   8.5959544e+00  -5.0497568e+00  -2.3498042e+00   3.3529960e+00   3.0713724e+00  -4.5879151e+00   2.1320860e+00   1.1188094e+00  -5.2907857e-02
   7.5165698e+00   4.2105720e+00   1.3422357e+00   2.2106523e+00  -6.2454555e+00  -4.5426477e+00   4.6477234e+00  -2.1155952e+00  -2.9218860e+00   1.1968318e+00   1.5921355e+00   5.0807606e-01   8.2886793e-02  -1.0631072e+00   2.2350632e+00   2.1801803e+00  -3.6703499e+00   8.6607823e-01   1.1499090e+00   3.2414341e+00  -2.6724187e+00   6.9276778e-01   1.0455132e+00  -9.1852034e-02
   8.5706154e+00   7.6414402e+00  -5.7393463e-01  -3.2306102e+00  -1.0016364e+01  -3.0349504e+00   4.2820174e+00  -2.3521672e+00  -3.8410783e+00  -1.5229619e+00   7.8855600e-01   3.6461291e-02  -7.3520926e-01   2.7256083e+00   1.5316395e+00  -2.0467404e+00  -3.4589427e+00   8.6432697e-01   3.3298267e-02   2.6137706e+00  -1.4266748e+00  -7.9473272e-01   4.1680215e-01  -1.3100401e-01
   8.2442374e+00   1.1224884e+01  -2.2840625e+00  -9.7897051e+00  -3.9113611e+00   1.5572293e-01  -1.0013979e+00   4.3525962e-01  -1.9663585e+00  -8.6328992e-01   7.8273059e-01   5.3374975e-01  -6.9350770e-01   7.3429962e+00  -1.3530675e+00  -4.8875145e+00   1.6452448e+00   3.1466846e+00  -2.0875630e+00   7.3918690e-01   2.1373444e+00  -1.5562020e+00  -1.2438206e-02   8.0881535e-02
   6.1364010e+00   1.1107106e+01   1.5171456e+00  -5.4653752e+00  -5.7194861e+00  -2.9934924e+00   1.4450699e-01  -8.8775774e-01  -2.4121166e+00   5.8155334e-01   1.1470281e+00   5.5057085e-01  -3.4076768e-01   4.3179911e+00  -2.6438914e+00  -7.2243684e-01   1.7697989e+00   1.8202529e+00   9.5253721e-01  -1.2545459e+00   2.4078135e+00  -1.4149112e+00   2.9996731e-01  -2.0393992e-01
   7.6934155e+00   1.3492233e+01  -1.7329057e+00  -4.0032369e+00  -5.9260272e+00   1.5665024e-01   3.5851340e+00  -1.7390195e+00  -4.3035031e-01  -2.1897288e+00   1.3942422e+00   3.7234359e-01  -4.7756641e-01   6.8573012e-01  -1.5825479e+00   1.8726368e+00   4.1142992e-01  -1.0585115e+00   4.0714276e+00  -1.6028129e+00   1.1907893e+00  -9.5617130e-01   2.3399071e-01  -2.3942106e-01
   8.3348749e+00   1.2984752e+01  -4.8153501e+00  -7.2074996e+00  -6.3543326e+00  -3.0503466e-01   3.4175572e+00  -3.1468464e+00  -9.9736213e-01  -2.9821092e+00   9.3275117e-01  -1.8874551e-01  -1.1868765e+00   3.0661822e-01   7.8121984e-01  -8.3738706e-02   1.3713206e+00   1.2760864e-01   2.2391219e+00   2.4003210e-01   1.8430428e+00   7.2091993e-02  -6.0588079e-01  -1.6945890e-01
   6.4286509e+00   1.1314656e+01  -1.4916365e+00  -6.1096878e+00  -2.9767930e+00  -2.7762732e+00   3.4692183e+00  -8.3941542e-01  -8.8755173e-01  -5.1571561e-01   1.2408551e+00   5.4427634e-01  -1.5907503e+00  -3.1482051e-01   3.5985493e+00  -2.0657163e-01   2.0472488e+00  -7.2092660e-01  -5.9084719e-02   1.3908758e+00   1.1000339e+00   2.0968402e+00  -1.7367055e+00  -8.3466443e-02
