   2.0007788e+01   4.8571556e+00  -5.9656355e+00   7.8603530e+00   6.8190523e+00  -1.1002641e+00   1.1719162e+00  -4.1624184e+00  -3.4376399e+00  -2.0971768e-01   2.8590066e+00  -1.3921580e-01   3.3712430e-01   7.8551178e+00   5.5794678e+00  -7.6725079e+00  -5.9789345e+00   3.1290085e-01   5.8745336e-01  -1.1162128e+00   2.0628283e+00  -9.5161330e-01   4.5078287e-01   3.0285397e-01
   1.8597691e+01   5.5859155e+00  -3.9640751e+00   2.2302782e+00   4.2693929e+00   1.7136858e+00   2.9663261e+00  -4.0143627e+00  -3.3859296e+00   2.2498520e-01   2.1000310e+00   1.3470279e-02   6.4036439e-01   7.7807213e+00   7.1026746e+00  -5.3895492e+00  -1.3293855e+00   2.2659138e+00   1.6816716e+00  -2.1120786e+00   1.0277164e+00  -1.3065763e+00  -7.7521715e-01   1.8864956e-01
   1.8418341e+01   6.2460829e+00  -1.4308108e+00   4.8870509e+00   7.4622889e+00   3.2180144e+00   3.9674860e+00  -3.7435743e+00  -1.9994166e+00   2.3462103e-01   1.5805614e+00  -1.3725271e-01   5.6719251e+00   6.2708095e+00  -1.6752069e+00   7.6209488e-01   1.8528551e+00  -2.8827354e+00   7.9935500e+00  -4.6459150e+00   1.0079630e+00  -1.5857522e+00  -1.3198946e+00  -1.8220490e-01
   2.0463036e+01   9.5015230e+00  -6.1789763e-01   4.4324911e+00   7.2461402e+00   2.1674888e+00   5.4697208e+00  -5.8730605e+00  -2.9176014e+00  -1.5832375e+00   1.0333321e+00  -2.5425395e-01   7.5921903e+00   5.4388486e+00  -5.6212652e+00  -1.6182885e-01   1.9208895e+00  -5.6356571e+00   4.0284590e+00  -3.9281418e+00   1.7974676e+00  -1.7343151e+00  -4.3100468e-01  -9.6421772e-02
   2.7583003e+01   1.2305566e+01  -1.0151535e+01   7.9023888e+00   8.1099613e+00  -5.6512687e+00   1.1910544e+01  -1.0201942e+01  -2.1598596e+00  -1.6842346e+00   1.4125141e+00  -2.7866104e-01   6.8047135e+00   4.4094373e+00  -7.0017277e+00  -3.6908337e+00  -5.4855250e-01  -5.4790028e+00   2.1178005e+00  -3.2837801e+00   1.9651868e+00  -6.0642045e-01   4.2259112e-01  -3.6140570e-02
   2.5403645e+01   1.0714447e+01  -8.0356111e+00   4.7986592e-01   6.8268909e+00  -2.3051584e+00   5.0374857e+00  -6.6773914e+00  -6.0950669e-01  -1.4170596e+00   1.5375476e+00  -6.0458216e-02   4.5873297e+00   3.2983044e+00  -4.6053665e+00  -6.2956733e+00   1.0885326e+00  -1.9328195e+00   4.3668213e-01  -3.0580494e+00   2.2016550e+00   8.6993357e-01   5.3548214e-01  -4.2517730e-02
   2.6155106e+01   1.2253777e+01  -8.2245456e+00   1.3271130e+00   6.8490848e+00  -2.7641663e+00   7.3603043e+00  -8.2670790e+00  -2.0568369e-01  -7.5809859e-01   1.9623403e+00  -2.8836143e-01  -3.6689474e-01   1.3753467e+00   2.6347343e+00  -7.7484129e+00   6.9931777e-01   4.6610390e+00  -3.4097766e+00  -2.2705986e+00  -5.1012901e-01   1.1176851e+00  -1.1521350e-01  -9.6535316e-02
   2.8057979e+01   1.4474874e+01  -8.4894419e+00  -1.7233808e+00   9.5093774e+00  -2.1752917e+00   8.3998638e+00  -1.1427566e+01  -5.9220684e-01  -7.4140513e-01   1.5616422e+00  -3.1318035e-01  -1.6752727e+00  -5.0860677e-01   1.8969897e+00  -2.9132149e+00   2.2089029e-01   6.1912963e+00   2.0184200e+00  -3.4101474e-01  -1.2818184e+00   9.6588256e-01  -4.7415479e-02  -7.0957499e-02
   2.5705494e+01   1.2488372e+01  -5.9725178e+00  -2.6186072e+00   7.8176947e+00   1.2753564e+00   5.1146900e+00  -1.1232753e+01  -2.9337030e+00  -3.4553417e-01   1.2276465e+00  -2.9710294e-01  -1.0302743e+00  -5.5838701e-01  -6.2570367e-01  -3.2456695e-01   2.5797160e+00   3.9351798e+00   1.7173845e+00   3.5754225e-01   1.5877409e-01   1.5357263e-03   4.2139888e-01   1.9873385e-01
   2.3115542e+01   9.8342391e+00  -6.3161404e+00  -1.9170964e+00   6.6739214e+00   4.9620247e+00   9.1879229e+00  -5.7060768e+00  -1.1682246e+00  -1.7451796e-01   1.8337712e+00  -1.6252371e-01   8.1621577e-01   3.2706486e-01  -3.6897238e+00   7.0096374e-02   8.9690000e-01  -2.6960511e+00  -4.6078230e-01   4.8264566e-02  -1.3327409e-01  -9.1334115e-01  -1.7912654e-01   3.3900874e-01
   2.7080913e+01   1.3736514e+01  -1.0249752e+01   9.3712032e-01   1.2136387e+01  -4.3005473e-01   9.5423515e+00  -1.0591510e+01   3.2048632e-01  -1.0392386e+00   2.4583741e+00  -6.5588974e-02   1.2972361e+00   3.9484400e-01  -3.1638056e+00  -2.8457757e+00  -1.6193324e+00  -3.4225842e+00  -3.6509640e+00  -1.4888664e+00  -1.8874775e+00  -6.1729745e-01  -4.5466516e-01   2.9506242e-01
   2.8594593e+01   1.4341401e+01  -1.1885411e+01  -3.3961000e+00   8.6953814e+00  -5.3666627e+00   5.4948596e+00  -1.1675790e+01  -2.4192126e+00  -1.7645646e+00   6.7758863e-01   7.9575778e-02   4.3961861e-01  -7.1504277e-01  -1.2958915e+00  -5.1965111e+00  -3.7288628e+00  -8.4891319e-01  -6.6553585e+00  -2.7451339e+00  -3.6069886e+00   6.5622110e-02  -6.6704924e-01   4.7521887e-02
   2.4911823e+01   1.0827058e+01  -7.9335912e+00  -6.1477688e+00   4.3779661e+00   1.3058238e+00   1.4847757e+00  -1.0481195e+01  -5.1394252e+00  -4.7645700e-01   1.1237401e+00   2.4440942e-02  -2.7582110e+00  -1.0366547e+00   4.7937693e+00  -4.1240591e+00  -5.6650698e+00   3.4135919e+00  -5.0424909e+00   1.7803983e+00  -2.0343946e+00   2.9207437e-01  -6.7164737e-01   1.1618655e-01
   2.4859515e+01   1.0216403e+01  -9.4180581e+00  -6.1694185e+00   4.9598375e+00   2.8207156e+00   3.2336731e+00  -9.8789351e+00  -3.8487518e+00  -3.5747559e-01   1.5005144e+00  -1.3625584e-01   9.3265275e-01   2.3231874e+00   1.0312224e+00   1.3285067e+00   1.0803956e+00  -1.4316001e+00   2.1261195e+00  -1.0179470e+00   5.9708377e-01   3.3223657e-03   5.6507830e-01   1.7004610e-01
   2.4811136e+01   1.4244031e+01  -4.2927741e+00  -3.8623091e+00   5.5065540e+00   5.9664396e-01   3.1092085e+00  -8.8193406e+00  -2.0163359e+00  -1.3046716e+00   1.0394402e+00   2.1660666e-01   2.7558841e+00   3.7116863e+00  -4.4006378e-01   2.5567457e+00   3.4215952e+00  -5.5284087e+00   1.5852642e+00  -3.9880718e+00   2.0023894e-01  -1.2776915e-01   2.4143119e-01   2.2574141e-01
   3.0043916e+01   1.6117695e+01  -1.2158985e+01  -2.5460698e+00   9.7516808e+00  -7.1594729e+00   7.8718224e+00  -1.4033638e+01  -3.0851316e+00  -1.3454738e+00   1.5673560e+00   2.3856207e-01  -2.2649688e+00  -4.3549905e-02   3.3169244e+00   1.6188099e+00  -8.8065362e-01  -1.0941148e+00  -2.9509707e+00  -1.7123295e-01  -5.1209257e-01   6.7206932e-01   1.5298006e-01   3.3056440e-01
   2.6453449e+01   1.3443941e+01  -7.2232232e+00  -4.1243246e+00   7.1144372e+00  -1.9966949e+00   1.5435973e+00  -1.4385951e+01  -5.2208769e+00  -1.7411161e-01   1.4524661e+00   1.7564411e-01  -4.7649407e+00  -2.8785009e+00   4.5856145e+00   8.7609543e-01  -3.2209369e+00   3.2824362e+00  -4.2418061e+00   2.8591585e+00  -1.3515367e-01   9.9436973e-01   2.6051341e-01   8.9216997e-02
   2.0640905e+01   1.0551123e+01  -2.9774469e+00  -3.6101960e+00   2.8349154e+00   2.4762129e+00  -4.0997743e-01  -7.3524791e+00  -3.0146202e+00   8.5348421e-02   1.5234715e+00   3.8007204e-01  -3.4610031e+00  -3.4136523e-01   5.0292611e+00  -1.2958388e+00  -3.4912369e+00   2.8742811e+00  -3.1198535e+00   2.7339795e+00   3.2019309e-01  -6.2880964e-01  -6.8912526e-01  -5.4864732e-02
   2.2365230e+01   1.2709565e+01  -2.0051216e+00  -2.0161029e+00   4.1335313e+00   7.0245528e-01   8.8739929e-01  -7.8711824e+00  -2.2543221e+00  -5.2852807e-01   1.4521526e+00   2.7967718e-01   2.3844314e+00   2.1489056e+00  -1.2304417e+00  -6.0113446e-01  -1.2689845e+00  -5.1982885e+00   3.6421544e+00  -8.6226332e-01  -9.6564069e-01  -1.6908879e+00  -7.3591585e-01  -7.1406958e-02
   2.6896521e+01   1.5972835e+01  -7.2241446e+00  -5.5439388e+00   6.0052784e+00  -4.1976264e+00   3.5201412e+00  -1.3190054e+01  -4.0881193e+00  -2.1114800e+00   5.3382490e-01   1.0424844e-01   1.4047819e+00   5.8312136e-01  -2.4529892e-01   1.1245256e+00   6.1746476e-01  -2.2893949e+00   1.0016908e+00  -2.7026867e+00  -2.8128647e+00  -1.0015337e+00  -4.5329412e-01  -1.4288862e-01
   2.6902288e+01   1.3956443e+01  -6.9455369e+00  -4.0591548e+00   3.6257789e+00  -6.4572080e+00   5.0417695e+00  -1.2760559e+01  -6.1325883e+00  -1.6120292e+00   8.4341559e-01   2.0644547e-01   1.6309817e-01  -2.3133770e+00  -3.4649277e-01   3.8812653e+00   1.6823647e+00   1.5066657e+00   2.9748631e+00  -1.6472208e+00  -1.2116262e+00   6.0493964e-01   5.3630736e-01  -3.1362092e-01
   2.0479549e+01   1.0802366e+01  -8.7518763e-01  -9.0188161e-01   4.0149888e+00   2.6219522e+00  -9.8462631e-01  -8.9618207e+00  -5.2947842e+00  -8.7520152e-01   1.1478988e+00   2.0235495e-01   9.9900956e-01  -1.0189472e+00  -1.0105879e+00   7.5808960e+00   7.8005226e-01  -3.0195411e+00   5.8250871e+00  -9.2204108e-01   7.6712507e-01   1.3332521e+00   3.7518114e-01  -4.0734226e-01
   2.5818363e+01   1.1824734e+01  -5.6993392e+00   1.4847664e+00   7.6522231e+00  -4.4733550e-01   7.6020776e+00  -1.2456130e+01  -3.4684289e+00  -2.3925787e-01   1.9495766e+00  -2.3980747e-01  -3.4225541e-01  -6.0103918e-01   1.3707046e+00   3.4225822e+00  -2.7117351e+00  -3.4993844e+00   3.9819128e-01   1.1331635e-01  -1.4347341e-01   2.4333770e-01  -1.5324998e-01  -2.5038746e-01
   2.8936998e+01   1.5510269e+01  -9.3631253e+00   3.0554446e+00   5.1621347e+00  -1.1731874e+01   1.0977618e+01  -1.4725330e+01  -4.2695114e+00  -7.9798759e-01   5.4351609e-01  -2.8363849e-01  -9.2069453e-01  -1.1664004e+00   2.5953997e+00   3.2020013e-01  -4.8013691e+00  -3.2624300e+00  -1.3577809e+00   1.9094440e+00  -3.1335724e-01   8.3085050e-01  -1.3114198e-01  -1.4050269e-01
   2.2160181e+01   1.0700933e+01  -6.4551120e-01  -9.0394456e-01  -1.0153967e+00  -4.5293713e+00  -3.4206563e-01  -9.7088301e+00  -6.8604348e+00  -1.2856296e+00   9.1573199e-01   7.3861004e-02  -2.7146362e+00  -3.9603919e+00   5.0240470e+00   1.8085963e+00  -3.9414593e+00   2.4800104e-01  -2.2168047e+00   3.3563006e+00   9.7896892e-01   1.2837706e+00  -3.8534734e-01  -4.4078518e-01
   2.0927598e+01   9.6146661e+00   4.9099797e-01   7.7277408e-01   1.1467450e+00  -2.3067488e-01   9.5077396e-01  -7.4713047e+00  -4.0688171e+00   8.9426011e-01   1.4681082e+00  -1.6523333e-01   1.4309776e+00  -3.3405008e+00   1.1702547e-01   6.4816790e+00   7.7363978e-01  -3.9655398e+00   6.8857697e+00  -9.5309941e-01   7.8805076e-01   1.7614359e+00   8.0599945e-02  -7.9696879e-01
   2.5751108e+01   8.8319480e+00  -3.0903304e+00   5.3389962e+00   3.7477291e+00  -5.8259337e+00   9.2902925e+00  -1.1048692e+01  -2.1003227e+00   8.4027418e-01   9.0925957e-01  -9.6018782e-01   3.4269486e+00  -1.2234634e+00  -2.3617630e+00   6.0755371e+00   1.9903204e-01  -8.3711297e+00   7.1933362e+00  -3.5372496e+00  -1.0212317e+00   3.5091466e-01  -3.9835623e-01  -4.7080617e-01
   2.9288000e+01   1.1434010e+01  -7.9651774e+00   9.6564927e+00   3.9410315e+00  -1.7031903e+01   1.6490093e+01  -1.5485048e+01  -5.4674913e+00   7.8121435e-01   6.6765222e-01  -9.6206727e-01   1.8138056e+00  -3.0657029e+00  -7.1119152e-01   4.1151754e+00  -1.5166033e+00  -4.6179878e+00   2.0893302e+00  -2.1278065e+00  -2.5207409e+00  -5.2922342e-01   2.5190408e-01   1.3802453e-01
   2.3120403e+01   7.9560659e+00   3.9931992e-02   3.7675017e+00  -2.1139919e+00  -8.6854518e+00   2.6782790e+00  -1.1007833e+01  -7.6929453e+00  -7.0273476e-01   7.1842563e-01  -2.3393128e-01  -2.6218380e+00  -3.5999704e+00   2.4106079e+00  -3.8134440e-01  -1.9660577e-01   5.2339739e+00  -6.2062599e+00   1.4726171e+00  -1.2387548e+00   4.4401776e-02   7.1425376e-01   5.4300077e-01
   2.4963659e+01   5.4540528e+00  -2.1409205e+00   7.7312844e+00   1.8027005e+00  -5.7278974e+00   7.3907760e+00  -1.0683444e+01  -5.0536172e+00   8.7192945e-01   1.9413813e+00  -3.2132480e-01  -1.7179574e+00  -2.8202848e+00   1.5279797e+00  -2.0551004e+00   3.1700772e+00   8.2189186e+00  -5.7047091e+00   2.0645713e+00   2.2436558e+00  -2.4055268e-01   1.7027503e-01   1.4124228e-01
   2.3980522e+01   6.4219713e+00  -2.3865471e+00   5.7295837e+00   4.5219859e+00  -3.6269755e+00   4.5305614e+00  -1.1240568e+01  -4.1653920e+00   8.6151929e-01   1.3437757e+00  -4.6605789e-01   2.3428416e+00   3.2685473e-01  -4.1901228e+00  -4.4542628e-02   5.3744750e+00  -1.3829622e+00   3.0142043e-01  -7.0372037e-01   2.1851749e+00  -8.4621243e-01  -6.5684962e-01  -6.0480255e-02
   2.6281005e+01   7.9706305e+00  -4.4599683e+00   5.5928011e+00   5.3781584e+00  -7.2327631e+00   7.0068884e+00  -1.2271823e+01  -3.8657843e+00  -3.6174169e-01   6.1038974e-01  -6.3414054e-01  -2.7902040e+00   2.6843676e+00  -1.8322925e-02  -4.8434962e+00   1.5460803e+00   2.4042227e+00  -5.6873242e+00   3.9759243e+00   6.1682863e-01  -2.4428837e+00  -1.1803038e+00   5.5998957e-01
   2.5975992e+01   7.1880591e+00  -5.0857283e+00   4.7699295e+00   4.1599916e+00  -1.0007462e+01   3.3223535e+00  -1.1269224e+01  -5.0090994e+00  -1.3552178e+00   3.9864697e-01  -1.6824380e-01   6.3959833e-01   2.8923230e+00  -2.2492592e+00  -7.1923189e-01   2.5000464e+00  -2.1223957e+00   1.6424415e-01   2.9657702e+00   1.3460980e+00  -2.2564354e+00   4.9430495e-02   8.3466631e-01
   1.9780618e+01   9.0975602e+00  -8.1881428e-01   9.4586721e-01   4.3028180e+00   1.0686801e+00  -5.3610624e-01  -4.7052298e+00  -3.7065206e+00  -1.6840275e+00   6.4348995e-01   3.6975250e-01   7.7836472e-01   2.7429983e+00  -9.8576033e-01   1.7516738e+00   4.1571406e+00  -2.0558928e+00  -4.8500747e-01   2.4063268e-01   1.6899818e+00  -1.0549822e+00   8.0451781e-01   5.9946067e-01
   2.8190113e+01   1.0196991e+01  -7.5810128e+00   6.9742028e+00   8.8097256e+00  -1.0961291e+01   8.5484249e+00  -1.0575210e+01  -2.2258768e+00  -1.8619909e+00   1.4013713e+00   2.8399505e-01   1.4074616e+00   1.5759471e+00  -1.2519235e+00   2.0110016e+00   5.2795127e+00  -1.8851773e+00  -2.8643421e+00  -3.6041266e+00   5.6901392e-01   3.9488014e-02   8.6904212e-01   1.9724277e-01
   2.6341492e+01   1.0580662e+01  -4.6909666e+00   7.1181751e+00   9.2890022e+00  -9.8396881e+00   3.6663415e+00  -1.2257881e+01  -2.7224229e+00  -1.6908284e+00   1.3158043e+00   3.8931043e-02  -9.6919147e-02  -1.5417099e+00  -3.5222087e-01   1.2927772e+00   3.6557375e+00   7.7263075e-01  -6.4555945e+00  -4.1513575e+00  -1.3487646e+00   9.9974046e-01   6.2607832e-01   1.1241741e-01
   2.4806748e+01   8.8104289e+00  -5.0275374e+00   4.7002779e+00   9.5861686e+00  -7.3810443e+00  -3.0753836e+00  -1.2899088e+01  -4.6476273e+00  -1.2925854e+00   1.3660530e+00   2.9303109e-01  -6.4476210e+00  -1.3454018e+00   5.7014133e+00  -2.9921274e+00  -1.6342834e+00   9.6846875e+00  -9.4357625e+00   3.2848470e+00  -5.6131367e-01   1.3547444e+00  -6.7793341e-02   6.8386307e-02
   2.1326922e+01   7.4782764e+00  -2.6238833e+00   4.0219955e+00   9.3982028e+00   4.3750304e-01  -4.4075938e+00  -9.7703270e+00  -4.5187922e+00  -4.6911957e-01   1.6002666e+00   5.3386059e-01  -2.1278999e+00  -1.4720676e-01   1.5580322e+00  -2.7558558e+00  -4.3450411e-01   6.6435671e+00  -9.5894023e-01   2.3103162e+00   7.5528596e-01   3.2026226e-01  -5.9276663e-01  -1.4306574e-01
   2.1025966e+01   9.7300811e+00  -6.2434471e-02   4.0341015e+00   6.3037002e+00  -1.5728550e+00  -1.5682513e+00  -6.8917165e+00  -2.1696627e+00  -4.4072878e-01   1.1574502e+00   1.3910973e-01   4.4835640e+00  -2.1802267e-01  -7.0371814e+00   4.1831322e+00   2.8281769e+00  -4.2140532e+00   9.8187339e+00  -4.0870113e+00  -1.2355831e+00   4.3897412e-01  -2.6820599e-01  -5.4963902e-01
   2.5040033e+01   9.9000258e+00  -4.8364697e+00   3.3174797e+00   1.0278480e+01  -2.7784321e+00   1.4743650e+00  -1.1796093e+01  -2.8284762e+00  -1.6363633e+00   5.3095575e-01  -9.8706891e-02   3.6281755e+00  -2.1945320e+00  -5.8369249e+00   1.7631624e+00   1.0124580e+00  -2.8420979e+00   6.3923177e+00  -4.0322391e+00  -3.1477049e+00   1.5348086e-01   2.3235121e-01  -3.5160982e-01
   2.9675538e+01   7.2725202e+00  -1.4477016e+01   1.1327234e+01   1.3388295e+01  -1.2094157e+01   8.7117379e+00  -1.8016722e+01  -7.3461600e+00  -5.0502283e-02   1.4983994e+00  -2.1514370e-01  -1.0003224e+00  -3.1890922e+00  -1.5316655e+00  -1.3774853e+00  -5.7992323e-01   4.5159084e+00   1.1975113e+00   9.3049717e-01  -1.5233104e+00   7.0706569e-01   7.6514242e-02  -1.9493405e-01
   2.2444399e+01   5.4152589e+00  -4.1719797e+00   3.0201728e+00   7.3745922e+00   1.4350069e+00   4.0888246e-02  -1.0256183e+01  -6.6521009e+00  -4.3401152e-01   1.7783188e+00   1.8357257e-01  -4.0819297e+00  -1.2280384e+00   4.2393019e+00  -2.8877003e+00  -2.1090024e+00   7.2929823e+00  -4.3243874e+00   3.4599685e+00   1.1177945e+00   1.3641593e+00   1.0386211e-01  -2.8096292e-01
   2.0823299e+01   7.1888262e+00  -2.6921777e+00   2.1165269e+00   6.8857594e+00   3.0942881e+00   9.4475402e-01  -6.2659255e+00  -2.5428159e+00   1.8693856e-02   6.4854000e-01  -2.9443107e-01  -4.0893825e+00   1.8915948e+00   6.6742934e+00  -5.9430194e+00  -1.1882037e+00   7.9843544e+00  -8.5684888e+00   1.0410622e+00   1.2114366e+00   5.6886885e-02  -1.5021400e-01  -6.5110258e-02
   2.3343258e+01   8.0998152e+00  -4.3699361e+00   3.5912828e+00   1.0366245e+01   5.6681913e-01  -1.1287242e+00  -1.2481538e+01  -3.5534565e+00   3.7527754e-01   1.1116786e+00  -4.8050759e-01   4.9228291e-01   2.2198316e+00  -7.3166741e-01  -2.2262201e+00   7.7771320e-01  -8.8506074e-01  -3.4498358e+00  -3.4425116e+00  -1.2666313e+00  -5.8826299e-01  -1.6186921e-01   1.4332555e-01
   2.3092035e+01   8.7676341e+00  -4.3665980e+00   2.1271500e+00   1.0110164e+01   3.1646897e-01  -3.5561891e+00  -1.5342451e+01  -7.0783272e+00  -3.6981649e-01   1.6063985e+00   1.9230997e-02   3.9830197e+00  -7.1785310e-01  -5.1022782e+00   1.5382317e+00   2.7448877e+00  -3.9710617e+00   2.9321117e+00  -1.6598031e+00   1.2320508e+00  -1.2566970e+00   3.1479401e-02   8.0298067e-02
   2.2048455e+01   7.9556023e+00  -4.4322707e+00  -3.2446897e-01   6.9289599e+00   1.4963253e+00  -2.8833939e+00  -1.0881687e+01  -6.2842922e+00  -1.1221508e+00   1.0565857e+00   2.4172986e-01   5.7214416e+00  -2.0175071e+00  -8.4428238e+00   7.4333463e+00   3.3204762e+00  -7.6711485e+00   1.0593111e+01  -8.5312995e-01   2.9523952e+00   1.7401217e-01  -1.4832750e-01  -3.0759433e-01
   2.7445230e+01   6.1841531e+00  -1.0314428e+01   6.3817504e+00   1.2721733e+01  -3.3270577e+00   6.2202564e+00  -9.5555555e+00   6.7067806e-01  -1.1176374e+00   7.2330556e-01  -5.3510270e-01   6.6887170e+00  -1.6043090e+00  -9.0413038e+00   1.0343501e+01   4.3026671e+00  -1.1368356e+01   1.1507930e+01  -4.6275358e+00   7.8353478e-01   7.3571961e-01   3.7933641e-01  -2.9707043e-01
   2.9748823e+01   6.3652951e+00  -1.4060257e+01   1.2614002e+01   1.4041174e+01  -9.1181403e+00   9.8727193e+00  -1.6654681e+01  -2.9993663e+00   1.0102063e+00   1.3307339e+00  -6.6473223e-01   3.0207102e+00  -2.4849081e+00  -2.4769525e+00   5.5012022e+00   4.6155226e-01  -7.7114556e+00   2.9888576e+00  -4.7902961e+00  -3.3058896e+00   4.6762784e-01   7.1578184e-01   1.4995598e-01
   2.9274927e+01   7.1563243e+00  -1.3114561e+01   1.1173166e+01   1.3008057e+01  -1.1428833e+01   7.3276498e+00  -1.9397258e+01  -7.5454880e+00  -3.3241562e-01   2.0383290e+00   2.6856397e-02  -6.7566761e+00  -8.5957676e-01   8.7904340e+00  -3.3497411e+00  -5.6986452e+00   4.1661890e+00  -8.3245820e+00   3.0946869e+00  -3.8561895e+00   4.7488333e-01   3.7363659e-01   6.0296638e-01
   2.5664672e+01   3.7421545e+00  -6.7476331e+00   5.5316265e+00   7.4781263e+00  -6.0199706e+00   1.0461957e+00  -1.3146280e+01  -7.1350435e+00  -8.1331997e-01   1.4727467e+00   1.8568428e-01  -5.7001817e+00  -9.0022377e-01   8.9925056e+00  -5.2110021e+00  -3.8385773e+00   7.1033973e+00  -6.8104531e+00   7.8402423e+00   1.7120018e+00  -9.2552445e-01  -3.0353139e-01   1.6657456e-01
   1.9352291e+01   6.2063582e+00  -7.8508868e-01   4.8983266e+00   7.4552893e+00   1.3731409e+00  -1.8533548e+00  -6.6677254e+00  -3.0457676e+00   5.0645069e-01   1.2127540e+00  -5.5861382e-02  -2.0389876e+00   1.8778769e+00   3.5560278e+00  -4.9391595e+00   1.9717282e-01   5.0227199e+00  -4.4992439e+00   4.7880459e+00   3.7003813e+00  -8.5621651e-01  -9.4587864e-01  -1.6680186e-01
   2.6159868e+01   5.4899425e+00  -6.7362344e+00   7.9349188e+00   1.1059692e+01  -4.8640311e+00   4.2475419e+00  -1.1259084e+01  -2.6812238e+00  -7.9751358e-01   1.2882243e+00  -3.7351151e-01   2.7053620e+00   1.8132267e+00  -2.7603525e+00  -1.2569229e+00   1.5050305e+00  -3.1499948e+00   5.3300969e-01  -2.3673571e+00   1.5804458e-01  -1.0121216e+00  -3.1704584e-01   9.1702530e-02
   2.5968848e+01   9.0992456e+00  -7.7862182e+00   2.5627807e+00   1.1513034e+01  -4.4727224e+00  -1.0218892e+00  -1.3158788e+01  -4.2218259e+00  -1.6246436e+00   7.1177230e-01   5.6251499e-02   1.1240240e-01  -7.3608629e-04  -3.0006195e-01  -1.1804342e+00  -1.5802688e+00  -9.5748750e-01  -1.0361746e+00  -1.3382117e+00  -1.9080687e+00  -2.1870077e-01   2.7313679e-01   2.9751992e-01
   2.6414437e+01   5.0155508e+00  -7.3875970e+00   4.8140151e+00   7.7068000e+00  -7.8220310e+00   1.4299775e+00  -1.3451785e+01  -6.3099475e+00  -1.2659552e+00   1.2476688e+00   2.6718164e-01  -1.6837027e+00  -2.0974244e+00   2.5027040e+00   2.8733706e+00  -2.3959477e+00   5.7348854e-01   1.8907335e+00   1.0736905e+00   2.3332599e-02   1.2167840e+00   6.1637321e-01  -2.1906898e-02
   1.9393610e+01   6.4424499e+00  -9.0950028e-01   4.6881271e+00   6.7613322e+00   1.4159097e+00  -1.9988345e+00  -7.5786925e+00  -4.0935087e+00   4.1262034e-01   1.6427369e+00   7.0071925e-02  -1.3123325e+00  -1.3340121e+00   3.0677410e+00   2.8747678e+00  -2.7692658e+00   4.1850591e-01   2.4246012e+00   2.5227343e+00   8.8512849e-01   4.7609550e-01   2.4404928e-01  -3.0878778e-01
   2.6921933e+01   3.6722037e+00  -6.4205373e+00   1.1182302e+01   9.8416213e+00  -6.9481143e+00   7.5721149e+00  -1.2438596e+01  -2.7103835e+00   9.0304943e-03   1.7473018e+00  -4.1328207e-01   2.7839429e+00   9.3076803e-01  -2.2222906e+00   2.1321096e+00   1.1185348e-01  -6.5380328e+00   3.2923832e+00  -9.7485028e-01   5.5199129e-01  -9.7213495e-01  -4.3069716e-01  -9.6137465e-03
   2.3746601e+01   7.7699010e+00  -3.6681366e+00   3.6907892e+00   6.2917241e+00  -4.2819219e+00  -4.5605606e-01  -9.8812807e+00  -4.6939152e+00  -1.5479932e+00   8.2802974e-01  -6.6698316e-02   7.2846967e+00   2.7645285e-01  -7.8849195e+00   4.6237264e+00   2.6636902e+00  -1.2438171e+01   6.9037287e+00  -4.2652196e+00   7.7807555e-01  -1.3457920e+00   7.8989878e-03   3.0492661e-01
   2.8413856e+01   5.7479773e+00  -9.3417148e+00   8.5108484e+00   8.1093843e+00  -1.4780164e+01   5.5971630e+00  -1.3762766e+01  -5.1817573e+00  -1.7438509e+00   1.0089767e+00   3.2114614e-01   1.7691209e+00   3.8349323e-01  -3.6705511e+00   1.6953519e+00   4.2574083e+00  -2.9500792e+00  -5.4188872e-01   4.2492350e-02   2.5436799e+00  -4.6867441e-01   3.4130270e-01   3.4194540e-01
   2.9574694e+01   5.8192424e+00  -1.1276291e+01   1.2959443e+01   1.1622986e+01  -1.3325321e+01   9.3442345e+00  -1.3314437e+01  -1.6907085e+00  -7.2962698e-01   2.0237479e+00   1.6024774e-01   2.6980712e+00   5.3865882e-01  -5.2304201e+00   2.4748869e+00   7.2005647e+00  -2.1218508e+00   5.0722072e-01  -7.2046774e-01   2.7954038e+00  -4.1434778e-01   4.7770743e-01   1.3429803e-01
   2.6661568e+01   5.2227729e+00  -8.1222868e+00   9.0910023e+00   1.3562103e+01  -6.8515334e+00   1.8591365e+00  -1.0658279e+01  -3.9646698e-01  -1.1031642e+00   1.6613967e+00  -1.3836997e-02  -1.7345912e+00   5.7842838e-02   5.4617314e-01  -2.4630185e+00   1.6551929e+00   4.0329968e+00  -6.2764598e+00   5.6853043e-01  -1.5915590e+00  -3.3380471e-01   6.9968287e-02   1.1869767e-01
   2.8669852e+01   8.8404915e+00  -1.2123481e+01   7.1130425e+00   1.4366212e+01  -1.1429014e+01   2.1737883e+00  -1.2514226e+01  -2.8934546e+00  -2.4898582e+00   1.2183809e+00   3.0224029e-01  -6.5709723e+00  -3.1372815e-01   7.3037436e+00  -5.3275585e+00  -6.3236697e+00   6.7269786e+00  -7.6591124e+00   4.3733054e+00  -3.4545896e+00   2.4002814e-01  -4.7515380e-01   9.4745884e-02
   2.6264390e+01   4.3241170e+00  -8.0988602e+00   7.7395211e+00   9.2205606e+00  -9.6788231e+00  -2.3230361e-01  -1.3310076e+01  -6.9677227e+00  -1.3644423e+00   1.5166127e+00   4.2819637e-01  -4.8882529e+00  -1.5382221e+00   7.2367176e+00  -1.0304803e+00  -8.6014711e+00   4.7893571e+00  -5.3936202e-02   4.1583139e+00  -1.4595175e+00   1.7239592e+00   2.3696822e-01  -2.1494381e-01
   1.9916824e+01   5.7979781e+00  -3.3238863e-01   5.6438461e+00   4.3082526e+00  -1.8212086e+00  -1.0987140e+00  -5.4285802e+00  -3.5869650e+00  -2.3894572e-01   1.3834093e+00   8.1349886e-02  -2.4909820e-01  -7.5890527e-01   3.3945943e+00   1.8679376e+00  -5.8821246e+00  -7.8755794e-01   7.1713132e+00   1.8787296e-01   1.0889222e+00   1.8714865e+00   5.1179181e-02  -7.0228153e-01
   2.3705702e+01   4.4366964e+00  -3.1627565e+00   8.2798801e+00   5.6888760e+00  -4.4714004e+00   3.4144833e+00  -7.9636310e+00  -2.2389880e+00   3.5731839e-01   1.9343349e+00  -2.2580751e-01   2.2338371e+00   1.6976180e+00  -1.1669036e+00  -4.8899888e-01  -9.2420102e-01  -2.8405276e+00   3.7817746e+00  -2.4981852e+00  -5.9904410e-03  -1.1608220e-01  -2.1092102e-01  -2.9160927e-01
   2.9575549e+01   7.6458439e+00  -9.4996411e+00   9.6447693e+00   7.3088673e+00  -1.5214062e+01   1.1107365e+01  -1.4905639e+01  -3.6244387e+00  -5.4350872e-01   1.0862885e+00  -4.2418006e-01   5.8426586e+00   2.0489992e-01  -4.5467931e+00   2.8076906e+00   1.7671930e+00  -7.6267439e+00   5.9106968e+00  -5.9147757e+00  -2.3004736e+00  -8.7593226e-01   1.9585647e-01   2.6312407e-01
   2.4785783e+01   5.9466112e+00  -5.2655894e+00   5.0055612e+00   6.3339517e+00  -7.2431879e+00  -6.6268095e-01  -1.2318824e+01  -6.9579715e+00  -1.3862841e+00   1.3487915e+00   2.4354743e-01  -2.4409564e+00   8.8914980e-01   3.0054997e+00  -1.6919124e+00  -1.3022600e+00   3.2350444e+00  -2.3985406e+00   2.0097788e+00  -1.2351001e+00  -2.7509541e-01  -4.9069928e-02   3.6086922e-01
   2.8140771e+01   5.3503705e+00  -6.1011618e+00   1.1492542e+01   6.6365042e+00  -1.1875431e+01   9.8059134e+00  -1.2123147e+01  -4.6781837e+00  -6.8104285e-01   1.9699657e+00   2.4135852e-01  -1.3131556e+00  -1.4390589e-01   2.0733809e+00  -1.1142969e-01  -5.7701931e-01   2.4038116e+00   1.7145664e+00   2.3297799e+00   4.9208093e-01   1.8015488e-01   3.4401956e-02  -5.4714736e-02
   2.0761656e+01   6.9181577e+00  -3.5374665e-01   4.8181254e+00   4.0716676e+00  -1.2881493e+00   4.6739801e-01  -6.3402086e+00  -3.5647657e+00   1.3442347e-02   1.4188914e+00  -1.7272967e-02   2.7867637e-01  -4.3778696e-01  -6.0208390e-01   3.5937432e-02  -8.4373354e-02  -5.4486145e-01   2.1085946e+00  -6.0943479e-01  -5.0610010e-01  -1.7065600e-01  -2.6281708e-01  -1.9625799e-01
   2.9617879e+01   6.9442118e+00  -8.8454911e+00   9.5713427e+00   7.5744804e+00  -1.4585864e+01   1.3114175e+01  -1.4400277e+01  -4.5829203e+00  -9.7313962e-01   1.1028415e+00  -3.7584196e-01  -4.1090871e+00  -6.5826982e-01   2.1359306e+00  -4.1989343e+00  -1.6487934e+00   5.6857417e+00  -6.0041678e+00   1.6975495e+00  -2.2612498e+00  -6.9706899e-01  -3.7767407e-01   8.6657540e-02
   2.4465244e+01   4.4930101e+00  -4.7965506e+00   6.0200668e+00   5.7384035e+00  -6.7052635e+00   8.4608031e-01  -1.2094412e+01  -7.7647534e+00  -1.4962197e+00   1.3881280e+00   2.5776068e-01   3.3614902e-01  -1.9380792e+00  -1.5701986e-01   3.8945817e-01  -3.7016372e-01   2.1821554e+00   1.8461797e+00  -8.1649537e-01  -3.4975612e-01   6.9355719e-01   6.6528215e-01  -6.3848066e-02
   2.0125347e+01   5.5755396e+00  -6.7586387e-01   4.5931694e+00   3.3299461e+00  -6.3826108e-01   6.1032050e-01  -6.6997212e+00  -5.9700646e+00  -9.7181530e-01   1.4188363e+00   2.3382800e-01  -1.2967222e+00  -1.1199903e-01   3.0147083e+00   5.8411518e-01  -5.6361240e-01   2.5026477e+00  -1.1997088e+00   8.9628925e-01   2.2523442e+00   1.4150641e+00   5.1964500e-01  -2.5956654e-01
   2.6012146e+01   4.6953750e+00  -4.6740901e+00   7.8913993e+00   5.6386891e+00  -4.9887176e+00   9.4885946e+00  -1.1415229e+01  -3.3958277e+00   1.0531160e+00   2.2588173e+00  -4.1788005e-01   4.4748652e+00   3.9875097e-01  -3.2335656e+00   4.9816267e+00   2.4450493e+00  -9.6845919e+00   5.3255085e+00  -3.7219771e+00   2.1058749e+00   7.4614236e-01   4.8404873e-02  -3.2760478e-01
   2.6899345e+01   6.6750308e+00  -4.3846590e+00   9.5118492e+00   6.7789190e+00  -1.1690165e+01   6.9933544e+00  -1.3395434e+01  -3.3888668e+00  -1.2521131e-01   1.4469644e+00  -4.2737141e-01   5.9958451e-01  -4.1380597e-01  -7.7363926e-01   2.2337564e+00   1.3109882e+00  -5.5552376e+00  -2.8673314e+00  -2.1927566e-01  -4.4536603e-01  -1.2876444e+00  -5.0465863e-01   3.3844871e-01
   2.7790543e+01   4.5413910e+00  -7.7925014e+00   1.1033167e+01   7.6814910e+00  -1.5706199e+01   5.6428261e+00  -1.4329521e+01  -5.8965399e+00  -8.0030819e-01   1.4466712e+00   9.6953214e-02  -5.5710081e+00   7.5410829e-01   4.0448963e+00  -3.3647852e+00  -2.6933270e+00   4.7735030e+00  -7.0089777e+00   7.7142005e+00   2.4721705e-02  -1.9227295e+00  -8.7776114e-01   6.5993675e-01
   2.0135525e+01   5.0318227e+00  -2.7711708e-01   6.3729202e+00   4.2750275e+00  -3.6123767e+00  -1.7677923e+00  -5.5714889e+00  -5.3877576e+00  -1.9765699e+00   1.0679214e+00   4.8408443e-01  -1.4782393e+00   5.6249116e-01   4.6382802e-02  -3.8639656e+00  -1.2110865e+00   5.8037545e+00  -7.0251438e-02   3.5906643e+00   5.4086663e-01  -4.4122489e-01  -1.7807620e-01   1.2095800e-01
   2.1037544e+01   6.6481415e+00  -6.6051659e-01   4.4136859e+00   2.8506444e+00  -1.8673573e+00   3.3557014e+00  -3.7559013e+00  -2.3592997e+00  -9.0529895e-01   1.1316971e+00   1.1629716e-01   2.5207129e+00   5.4397979e-01  -3.4289026e+00  -2.4584331e+00   1.2519835e+00   9.2502334e-01   2.5990563e+00  -2.6612510e+00  -4.1377552e-01   4.8162847e-02   1.4134731e-01  -2.0828578e-01
   2.8058485e+01   6.4653922e+00  -7.8810772e+00   7.0256412e+00   7.3777126e+00  -9.9039543e+00   8.0315396e+00  -1.3296247e+01  -4.3461869e+00  -7.3455326e-01   1.3373371e+00  -2.5560639e-01   4.6323799e+00  -1.2466156e+00  -4.9102959e+00   2.6052544e-01   2.0843419e+00  -3.3351959e+00   2.7638183e+00  -6.5334663e+00  -3.0142570e+00   3.0647189e-01   7.9042048e-01   7.0427138e-04
   2.7610132e+01   4.6405759e+00  -9.1338753e+00   7.0191568e+00   8.0081237e+00  -1.1172875e+01   4.6417446e+00  -1.4459018e+01  -7.0379885e+00  -1.3490722e+00   1.5239843e+00   1.5436995e-01  -2.3534240e+00  -7.5366346e-01   9.1928338e-01  -2.3920020e+00  -1.7888641e-01   4.4227588e+00  -3.8217740e+00  -3.4787112e-01  -2.0803473e+00   8.2360765e-01   5.8944211e-01   1.8221562e-01
   2.3797801e+01   4.1656820e+00  -3.4058815e+00   5.4609730e+00   4.8228006e+00  -3.9624115e+00   1.7349135e+00  -1.0020130e+01  -7.5697987e+00  -1.2949754e+00   2.0574085e+00   4.6610444e-01  -3.2948306e+00   1.2724577e+00   3.5436487e+00  -2.7799670e+00  -1.7729498e+00   5.4171585e+00  -2.3809866e+00   3.9781480e+00   1.5108685e+00   6.9337821e-01   4.0510163e-02  -5.2331420e-02
   1.9637750e+01   6.6675014e+00  -1.5191894e+00   1.6080171e+00   3.8597707e+00   1.7960094e+00   7.7135353e-01  -5.9157667e+00  -3.8680147e+00   6.1032358e-01   1.6558246e+00   2.8765180e-02   2.8071711e-01   3.6556695e+00   9.2036932e-01  -1.8937867e+00  -2.4058232e-02  -1.4724526e+00  -8.1085387e-01   2.4632371e+00   3.9029347e+00  -9.4928988e-02  -1.0223990e+00  -3.8300627e-01
   2.7102431e+01   7.3606160e+00  -6.3729472e+00   5.5612606e+00   6.7924643e+00  -8.2626590e+00   6.3952552e+00  -1.1600651e+01  -3.6648711e+00  -6.7418384e-01   1.3321822e+00  -2.7130113e-01   1.4742525e+00   2.2019079e+00  -1.3205965e-01   6.3144110e-01   3.8164272e-01  -6.0446166e+00  -1.8761122e+00   8.8673722e-01   2.1653005e+00  -1.1099983e+00  -1.0027500e+00  -4.1516850e-02
   2.6378893e+01   8.5266132e+00  -6.2697885e+00   4.1283330e+00   6.9872045e+00  -1.1231431e+01   1.0952929e+00  -9.9739019e+00  -3.1360502e+00  -1.8018615e+00   3.5299896e-01  -5.1436669e-02   1.2387125e+00  -1.3526343e-01   1.1527020e+00   2.0000122e+00  -2.5255944e+00  -4.8771520e+00  -6.9969185e-02   3.2892277e+00   1.2959162e+00  -1.2457655e+00  -3.1311474e-01   2.0788863e-01
   2.2638608e+01   6.5389880e+00  -1.2286714e+00   5.1479767e+00   3.8315478e+00  -6.5156164e+00  -1.2412246e+00  -6.6609565e+00  -4.6878302e+00  -1.7538803e+00   1.2046963e+00   4.4393009e-01  -6.7013504e-01  -9.5334357e-02   2.1185939e+00   1.5603163e+00  -2.5633886e+00  -1.6369807e+00   1.5863500e+00   3.2046793e+00   1.6431856e+00  -4.4382209e-02   7.3287255e-02   5.8724808e-02
   2.3727730e+01   6.8754203e+00  -2.3622742e+00   4.8146773e+00   1.5518375e+00  -6.3932399e+00   4.4846397e+00  -3.4517725e+00  -1.4126608e+00  -7.1847639e-01   1.2498954e+00  -1.7017490e-02   2.3789684e+00  -2.1736658e-01  -2.0508746e+00   2.8045741e+00   1.0237883e+00  -4.6221465e+00   4.1425076e+00  -2.1339981e+00   8.0378187e-01   1.7339671e-01   1.1582369e-01  -1.3991289e-01
   2.7422809e+01   8.0432109e+00  -5.1488135e+00   7.5585629e+00   5.6650650e+00  -1.3137225e+01   7.0801069e+00  -1.0054697e+01  -2.0617874e+00  -1.2824497e+00   9.9366490e-01  -2.0042351e-01   4.7748042e+00  -1.6051994e+00  -4.8955271e+00   5.5959885e+00   2.3980399e+00  -9.8407952e+00   6.2903818e+00  -6.4774105e+00  -1.4110355e+00   2.1999359e-01   2.1340198e-01  -1.8111036e-01
   2.7555245e+01   7.4484518e+00  -7.3860293e+00   7.1299010e+00   7.6061284e+00  -1.4853846e+01   3.1483886e+00  -1.1478029e+01  -3.2433988e+00  -1.7774817e+00   6.3225019e-01   6.0870803e-02   8.8352646e-01  -3.0126092e+00  -4.2829075e-01   2.6062237e+00  -7.2183346e-01  -1.8936495e+00   4.3048503e+00  -1.7316703e+00  -2.3263688e+00   6.3948134e-02   5.0776688e-01   3.4499024e-02
   2.7887057e+01   3.8446731e+00  -6.0600845e+00   1.2384347e+01   4.4014622e+00  -1.7046506e+01   8.8624737e+00  -1.2363944e+01  -5.8890144e+00  -8.9438723e-01   1.8336219e+00   1.3332041e-01  -8.8562666e-01  -3.2930580e+00   1.0754050e+00   2.3136210e-01  -2.6311755e+00   4.2558357e+00   4.4034756e+00   1.6744412e+00  -1.9612948e+00   2.5212303e-01   8.6265682e-01   3.4660466e-02
   2.4820896e+01   4.4557753e+00  -2.5490749e+00   6.3111205e+00   1.1008887e+00  -7.2790737e+00   1.0050732e+01  -4.8946545e+00  -2.9886005e+00  -8.1658542e-01   1.5915672e+00  -1.3214091e-01  -3.4492280e-01  -2.7204518e-01   7.8142181e-01  -2.1378988e+00  -1.8470016e+00   2.8409158e+00   2.1396428e+00   1.3053883e+00  -5.6945282e-01  -4.8373181e-01  -6.0606319e-02  -1.0895340e-01
   2.7461544e+01   4.5999622e+00  -5.9541832e+00   8.3149963e+00   4.9709216e+00  -1.0540858e+01   1.0234149e+01  -1.0834722e+01  -5.1311287e+00  -1.3847133e+00   1.8079916e+00  -5.1926952e-02   2.8398755e-01   1.2925597e+00  -2.9062623e-01  -3.1506137e+00  -1.1218032e-02  -4.2143995e-01  -3.1100032e+00  -6.0602810e-01  -3.8778112e-01  -8.8807563e-01  -8.3198955e-01   1.3188939e-01
   2.7250617e+01   6.6627396e+00  -6.2668472e+00   5.9577285e+00   4.5508962e+00  -1.3845296e+01   5.6720153e+00  -1.0284557e+01  -4.4765209e+00  -2.2579164e+00   5.5415586e-01  -9.9356173e-03  -2.5132298e+00   1.6942478e+00   1.7347873e+00  -2.9729015e+00  -1.6776634e+00   1.8112052e+00  -5.0141628e+00   1.6837449e+00  -4.7860187e-01  -2.0315791e-01  -6.1341419e-01   2.8806699e-01
   2.7098178e+01   4.6800306e+00  -4.6371376e+00   7.8351230e+00   2.6596314e+00  -1.4395555e+01   6.3868271e+00  -1.0578035e+01  -5.7267259e+00  -1.5058352e+00   1.1043433e+00   2.7005184e-01  -2.4707649e+00   1.0770341e+00   3.0529213e+00  -2.5529896e+00  -3.4962282e+00   3.6471990e+00  -8.3091855e-01   4.2273361e+00   9.2860274e-01   4.7873602e-01  -1.4497786e-01  -8.0458549e-02
   2.1232734e+01   6.9571128e+00  -6.0541667e-01   2.0917049e+00  -2.5996132e-01  -2.6349174e+00   4.4531484e+00  -2.4973809e+00  -3.4087047e+00  -1.0607613e+00   1.0232701e+00   1.3897018e-01  -9.8508267e-01   5.5366078e-01   8.6189442e-01  -2.6740188e+00  -1.2175284e+00   4.7614738e+00  -1.1184131e-01   1.2755075e+00   4.5660636e-01   6.3140535e-01   1.0412739e-01  -2.6824910e-01
   2.6764338e+01   6.0683266e+00  -4.2055165e+00   6.4185237e+00   2.1320081e+00  -1.0675249e+01   9.5972043e+00  -8.3873064e+00  -4.2721327e+00  -1.2651868e+00   1.3559677e+00  -2.4706767e-01   1.2377656e+00  -9.7145701e-01  -1.4367066e+00  -7.9139634e-01  -2.1054419e-01  -2.4190288e-01   5.7140823e-01  -2.5174957e+00  -1.7998541e+00   5.1135326e-01   2.6276281e-01  -1.7292423e-01
   2.5939913e+01   6.7990827e+00  -5.1898162e+00   2.6549999e+00   2.9884153e+00  -8.5632387e+00   3.8990647e+00  -9.4666603e+00  -4.5189080e+00  -1.4311326e+00   5.8453474e-01  -1.5374952e-01  -1.3538035e+00  -1.9913019e+00   1.0299383e+00   1.2784250e+00  -9.7059539e-01  -4.4084464e-01  -2.2854670e+00  -1.7251331e+00  -1.5286894e+00   1.4487817e+00   5.1509453e-01  -9.9536208e-04
   2.6601237e+01   3.3018602e+00  -4.4999978e+00   6.3663810e+00   7.1962678e-01  -1.1794249e+01   7.5209813e+00  -1.0869639e+01  -7.8714054e+00  -5.5361969e-01   1.7178552e+00   1.5702534e-01  -3.5262898e+00  -1.3451437e+00   3.3017936e+00   4.6189181e-01  -2.2399813e+00   4.5089165e+00  -2.3364651e+00   1.2443550e+00  -4.5024484e-01   1.7581694e+00   6.7119307e-01  -8.3296108e-03
   1.9283580e+01   5.3533932e+00   1.0867314e+00   4.0354137e+00  -1.0096638e+00  -2.7366845e+00   2.0630593e+00  -3.8439145e+00  -3.9021025e+00   7.5662763e-01   1.6149682e+00  -6.4569373e-02  -8.5360563e-01   7.3192318e-01   7.7002563e-01  -4.6994192e-01  -2.0325965e-01   2.6759728e+00  -1.6800441e-01  -8.1039444e-02  -2.1418268e-01   3.2233991e-01   4.2042699e-01  -6.0857483e-02
   2.4803070e+01   4.7734559e+00  -2.3910999e+00   6.4211545e+00   7.7107567e-01  -6.8251511e+00   7.0105093e+00  -9.3321467e+00  -5.2559027e+00   2.7818724e-01   1.8475406e+00  -3.0415216e-01   6.4671723e-01   2.1521185e+00  -2.6567688e+00  -3.9153757e+00   2.3307556e+00   2.6465669e+00  -3.8619358e+00  -2.3455527e+00  -7.4838218e-01  -9.5396993e-01  -1.1275641e-01   1.2395324e-01
   2.5558588e+01   7.1611696e+00  -5.0892267e+00   1.9227003e+00   2.6578014e+00  -7.0338281e+00   3.9022941e+00  -1.0356965e+01  -6.1479334e+00  -1.3635262e+00   1.1503325e+00  -1.4446988e-02  -1.9416709e-02   1.2622957e+00  -1.9191227e+00  -3.8203085e+00   8.0250127e-01   1.7580348e+00  -3.0237786e+00  -1.7500512e+00  -7.8595648e-01   4.0547386e-02   1.5077325e-02   1.1231008e-01
   2.4433808e+01   5.6261497e+00  -5.3971719e+00   1.5496742e+00   2.3820276e+00  -5.6758264e+00   8.0846013e-01  -1.1131442e+01  -7.8710633e+00  -9.2449770e-01   1.7810384e+00   3.1789402e-01  -1.0799689e-01   7.4263309e-01  -1.5010458e+00  -4.2382054e-01   1.3642274e+00   1.2403341e+00   7.3189319e-01  -1.3497518e+00   1.7047598e+00   1.9627894e+00   1.4092255e-01  -3.3337276e-01
   1.9439085e+01   6.8204899e+00  -2.8891665e-01   7.4069108e-01  -6.1138785e-01  -6.7429463e-01   6.2841594e-01  -5.5693435e+00  -3.7734569e+00   1.4187912e+00   1.6708353e+00  -2.0712734e-01   1.6931851e+00   7.4626249e-01  -2.1954909e+00   1.5563059e+00   2.8355338e+00  -1.0766012e+00   1.8244978e+00  -1.0651023e+00   2.9940240e+00   1.3808643e+00  -2.5612039e-01  -5.7710150e-01
   2.7700826e+01   6.0577454e+00  -7.0428236e+00   6.3764283e+00   4.4520113e+00  -8.1444168e+00   9.7452882e+00  -1.3750585e+01  -3.8860013e+00   1.8312126e+00   1.7986730e+00  -7.0787112e-01   3.0266994e+00  -1.4988550e-01  -3.6384800e+00   1.5525385e+00   3.0951249e+00  -3.3890056e+00   7.0572452e-01  -1.6102221e+00   7.2761694e-01  -2.0098468e-01  -3.7625038e-01  -2.2244381e-01
   2.6464857e+01   8.0647655e+00  -7.5596371e+00   1.8437821e+00   5.8761102e+00  -7.4144347e+00   2.1706268e+00  -1.0645047e+01  -3.6494284e+00  -6.7008491e-01   7.5733462e-01  -3.6721667e-01   3.6607852e+00  -1.8483363e+00  -2.6812502e+00   2.4830665e+00   8.1788675e-01  -5.0825966e+00   2.5742984e+00  -1.0120636e+00  -8.6192894e-01  -8.7160782e-01   2.5459372e-01   1.7726005e-01
   2.5460971e+01   4.7791837e+00  -7.2195317e+00   3.3269365e+00   3.7809660e+00  -7.3892647e+00   1.0959415e+00  -1.1008924e+01  -6.8416521e+00  -1.8153667e-01   1.6734131e+00   6.4272970e-02   3.5993427e-01  -6.3903361e-01   1.6908450e+00   3.2373457e+00  -2.3294793e+00  -4.9730559e+00   4.0124511e+00   2.4650532e+00   4.6908800e-01  -4.4403537e-01   3.9272896e-01   6.0304738e-02
   2.6050191e+01   4.6872664e+00  -4.2224380e+00   5.9900367e+00   9.5096494e-01  -8.6757655e+00   8.8145369e+00  -8.4582698e+00  -3.5885249e+00   1.1177541e+00   2.1153558e+00  -3.2730931e-01   1.1372539e+00   1.1987839e+00   6.6053671e-01   1.6905868e+00   5.4926434e-01  -2.4795572e+00   3.5237449e+00  -1.2651023e+00   1.5733354e+00   3.9959997e-01   1.6933172e-01  -1.7723614e-01
   2.8448061e+01   6.7879446e+00  -6.1751557e+00   9.1593195e+00   3.4203650e+00  -1.4973335e+01   1.2442010e+01  -1.1146394e+01  -3.2128210e+00   2.7124005e-01   1.7087559e+00  -6.3736769e-01  -1.2089864e+00   2.0707032e+00   6.5732786e-01  -3.0538680e+00   1.0801984e+00   2.4610953e+00  -4.3500927e+00  -1.1577692e+00   4.6264170e-01  -3.1965940e-01  -4.7429160e-01  -9.4401977e-03
   2.6677193e+01   8.8585609e+00  -7.0910201e+00   1.4634708e+00   6.8803072e+00  -7.3417353e+00   1.7832100e+00  -1.2473965e+01  -3.1038409e+00  -2.9707331e-01   9.9366082e-01  -2.8225055e-01  -6.7908576e-01  -6.0256067e-01  -9.8613996e-01  -1.7108523e+00   2.6008410e-01   2.6571833e+00  -3.5161595e+00  -1.0720782e+00  -1.3774510e+00   2.4500589e-02   6.0209743e-02   2.3563737e-01
   2.3333991e+01   5.7995912e+00  -4.7992489e+00   1.0094175e+00   2.4365925e+00  -4.3646369e+00  -1.9135340e+00  -1.0737730e+01  -6.3900316e+00   4.6387931e-02   1.5228232e+00   2.7583292e-02   1.4671824e+00  -2.0913868e+00  -2.1866305e+00   4.3812911e+00  -7.4075263e-01  -2.6343476e+00   5.8461704e+00  -5.1531207e-01  -1.5592450e+00   8.2009060e-01   6.3091901e-01   2.0369061e-02
   2.7588597e+01   4.2776021e+00  -6.3896013e+00   7.4987093e+00   1.8329774e+00  -9.9943397e+00   1.0718070e+01  -1.0270720e+01  -4.0660961e+00   1.2669310e+00   2.2986367e+00  -3.0632875e-01   4.7879879e+00   1.1057061e+00  -2.8499591e+00   5.9563435e+00  -1.7635977e+00  -1.2018766e+01   1.5768317e+01  -9.5348815e-01   1.8246628e-01  -5.2299918e-01  -1.1959314e-01  -4.4820354e-01
   3.0193132e+01   5.9413438e+00  -9.8058108e+00   1.2713637e+01   4.8329010e+00  -1.7598554e+01   1.6743836e+01  -1.3020985e+01  -5.0705609e+00   7.1937379e-01   2.0026464e+00  -5.9477500e-01   8.6902311e-01   4.2375024e+00   6.8424660e-01  -2.6495082e+00  -2.6101228e+00  -5.2485107e+00   3.3142106e+00   2.0392439e+00   1.2736356e+00  -1.8661021e+00  -1.3457554e+00  -1.5515817e-01
   3.0429604e+01   1.0446244e+01  -8.8626778e+00   4.5458763e+00   3.0367564e+00  -1.8752926e+01   1.6107001e+01  -1.2762570e+01  -3.4898768e+00  -1.4180650e+00   5.7435948e-01  -6.4337671e-01  -6.5839010e+00   3.8128056e+00   7.2488858e+00  -9.2450205e+00  -6.0463568e+00   6.5448346e+00  -1.0264479e+01   7.6604018e+00   2.1102711e-01  -2.5806559e+00  -1.6539638e+00   4.1880343e-01
   2.3217022e+01   9.0715239e+00  -2.5363407e+00  -1.4884283e+00  -2.0804813e+00  -7.8581099e+00   3.6331625e-01  -6.4329387e+00  -4.7676879e+00  -1.4102672e+00   3.6632869e-01  -3.6629985e-02  -5.5931546e+00   1.4810060e+00   8.6620090e+00  -5.0217812e+00  -5.2324276e+00   7.8888681e+00  -8.3381381e+00   6.6450156e+00   1.2594814e+00  -1.4495409e+00  -9.4756235e-01   4.1882100e-01
   2.1200801e+01   8.4317203e+00   8.4899228e-01   7.3221111e-01  -3.7798667e+00  -5.0473099e+00   3.5116105e+00  -2.0741401e+00  -3.9009919e+00  -1.5392323e+00   6.3584989e-01   4.2803890e-02  -8.7763075e-01   8.3411055e-01   2.7271496e+00   5.9888862e-02  -9.2346487e-01   2.9136974e+00  -9.3950234e-01   2.4654764e+00   6.2411964e-01  -7.0581890e-01  -1.2916382e-01   1.8430681e-01
   2.6417802e+01   9.1701145e+00  -1.6686323e+00   7.0877977e+00   3.9257111e-01  -1.2618060e+01   1.0534324e+01  -8.3976767e+00  -2.9757813e+00  -1.3943539e+00   5.5055771e-01  -3.0963381e-01   3.0936822e+00   2.1429259e+00  -2.4175247e+00  -6.6021456e-01   9.8720985e-01  -3.8199966e+00   3.9179522e+00  -1.1843432e+00   6.2475525e-01  -8.6529926e-01  -2.9846972e-01  -4.6953361e-02
   2.7512768e+01   1.1648114e+01  -5.2058076e+00   3.4759660e-01   4.1503288e-01  -1.2002405e+01   9.6122437e+00  -8.0819861e+00  -3.4496506e+00  -2.4847500e+00   2.8849924e-01  -2.3041459e-01  -1.2737697e+00   3.1252578e-01  -1.1808574e+00  -3.8481886e+00   4.9274249e-01   2.9512107e+00  -2.9987498e+00   3.1873220e-01  -9.5032564e-01  -5.1113747e-01  -1.5825060e-01   2.4165149e-01
   2.4701562e+01   1.0677716e+01  -3.1352278e+00  -2.2864428e+00  -2.6971162e+00  -1.0110557e+01   3.1899279e+00  -5.2055305e+00  -4.0562256e+00  -2.2354572e+00   9.2299438e-02   2.9549213e-02  -3.4152249e+00  -1.0399033e+00   1.5676309e+00  -2.8720516e+00  -4.0384367e-01   8.3406810e+00  -2.8898143e+00   1.7506416e+00  -1.7626234e+00   3.0597159e-02   6.0129746e-01   2.3085993e-01
   2.0148266e+01   8.1467083e+00  -1.8899603e-01  -3.5295153e-01  -1.4959092e+00  -1.8742452e+00   2.6856836e+00  -3.1921149e+00  -4.7862582e+00  -1.8853869e+00   6.2760312e-01   2.3568961e-01   8.7266061e-01  -1.9034831e-01  -9.2767561e-01   1.9330151e+00   1.5036382e+00   5.6082664e-01   3.8339550e+00  -1.4181233e+00  -5.0724426e-01  -9.8689642e-02   3.5928333e-01  -2.4872875e-02
   2.4977215e+01   9.3609626e+00  -1.8255917e+00   3.1299944e+00   7.4227666e-01  -5.1711183e+00   9.6628823e+00  -8.2166498e+00  -4.9514126e+00  -1.6481397e+00   1.2829520e+00  -1.9639601e-01   5.2928384e+00   1.6600968e+00  -5.0586340e+00   1.5392307e+00   1.7095303e+00  -8.3850017e+00   7.9841049e+00  -3.5266856e+00  -4.7201934e-01  -6.3254816e-01  -8.5839400e-02  -5.4668535e-02
   2.8683932e+01   1.2020968e+01  -7.2521391e+00   5.3890069e-01   9.5079377e-01  -1.3630884e+01   1.2126699e+01  -8.7036114e+00  -3.7629235e+00  -2.9264432e+00   2.3209797e-01  -1.5475129e-01   2.1713169e+00  -8.4609243e-03  -2.3166876e+00  -1.0808737e+00  -1.6578937e+00  -4.5207665e+00   1.6111770e+00  -5.1517144e-01  -4.9661447e-01   1.4400538e-01  -2.0647267e-01  -1.0726284e-02
   2.8372986e+01   1.1230731e+01  -7.1916073e+00  -4.2352288e-01  -1.3561723e+00  -1.6809741e+01   1.0445578e+01  -7.7398107e+00  -5.2759220e+00  -2.6637513e+00   1.6129291e-01   1.4276686e-01  -3.2014170e-02  -2.3733868e+00   8.3615218e-01   2.5572866e+00  -3.4611370e+00  -2.5673889e+00   4.9778078e+00   5.3513504e-01  -7.8217859e-01   1.0680702e+00  -2.2163235e-02  -2.5976511e-01
   2.1707356e+01   7.1991327e+00  -9.8101965e-01  -1.9750339e-01  -2.9335252e+00  -2.8360839e+00   4.7111015e+00  -4.2032917e+00  -5.3689252e+00  -1.1615730e+00   8.7872363e-01   5.0018749e-02  -1.3769065e+00  -1.6874058e+00   4.5442628e+00   1.5994807e+00  -3.5530567e+00   3.6016905e+00   3.8472550e+00   1.8732570e-01  -1.4208475e-01   1.1869775e+00  -9.2613437e-02  -4.9677365e-01
   2.8417482e+01   8.2118002e+00  -3.7069232e+00   7.3341264e+00  -2.5072694e+00  -1.4419602e+01   2.0837393e+01  -9.6641072e+00  -5.3216796e+00  -9.2846961e-01   9.2639427e-01  -6.8842870e-01   1.5416175e+00  -1.1670683e+00   5.9694805e-01   1.1834374e+00  -2.0146819e+00  -3.3078203e-01   5.2923117e+00  -3.4495976e+00  -4.9504038e-02   1.4103975e+00  -7.2531317e-02  -5.8753010e-01
   2.6596324e+01   1.0999325e+01  -2.1780869e+00  -9.4070293e-01  -3.8032428e+00  -9.4234178e+00   1.2701674e+01  -7.4604747e+00  -3.9531718e+00  -2.0136178e+00  -2.8937286e-01  -4.8431398e-01   3.1120679e+00  -2.0363369e+00  -2.7172207e+00   2.1896416e-01   2.5448640e-01  -2.5773351e+00   3.5250639e+00  -3.9848193e+00  -7.9355588e-01   1.5327505e+00   5.4159370e-01  -2.7327315e-01
   2.8240929e+01   7.5800323e+00  -5.6976515e+00   1.7232330e+00  -3.9433364e+00  -1.4012247e+01   1.4388759e+01  -1.1285616e+01  -6.0580547e+00  -1.2213261e-01   6.3654418e-01  -4.7136193e-01  -4.4856602e+00  -2.2826039e+00   3.3371392e+00  -2.3078821e+00  -9.4498896e-01   8.3458964e+00  -7.4096019e+00   3.2473209e+00  -8.3992803e-01   8.5940844e-01   5.3593832e-01   1.0999974e-01
   2.6463735e+01   4.4605113e+00  -4.0614865e+00   2.9363895e+00  -1.8337621e+00  -6.9057640e+00   1.3223014e+01  -9.3697664e+00  -6.1910715e+00   7.3438426e-01   1.8360392e+00  -4.6842436e-01  -1.2637206e+00  -8.5699871e-02   1.9559656e+00   2.0722638e+00  -9.2974620e-01   3.1204221e-02   1.2857344e+00   3.0372782e+00  -1.0009007e-01  -7.2204638e-01   1.8645290e-01   4.6700368e-02
   2.1755286e+01   8.0573013e+00   2.2404855e+00   1.9337570e+00  -4.9094932e+00  -3.1595840e+00   9.4623197e+00  -3.8384800e+00  -5.4626218e+00  -1.0133580e+00   6.6759571e-01  -5.3137390e-01   1.4835153e+00   2.4700904e+00  -1.5943162e+00   2.3035295e+00  -1.0378801e+00  -7.3713827e+00   3.6489602e+00   2.4915746e+00   1.6411647e-01  -1.7339827e+00  -8.4873771e-01   1.4400070e-01
   2.7943564e+01   1.0632141e+01  -3.2132071e+00   2.0624309e+00  -4.7147837e+00  -1.4802943e+01   1.7093495e+01  -6.6281252e+00  -4.4010234e+00  -2.6510747e+00  -2.5219277e-02  -3.8425744e-01  -2.6664811e-01   1.3353376e-01  -1.9456274e+00   1.1071542e+00   4.7246950e-02  -4.9371167e+00  -2.8565294e+00   1.9535769e+00   2.5402143e-01  -9.9783695e-01  -6.0560702e-01   4.0405229e-01
   2.9726287e+01   8.1993531e+00  -8.5132656e+00   5.6155066e+00  -4.0596458e+00  -2.1120731e+01   1.7926959e+01  -8.9190743e+00  -6.7069041e+00  -1.0303771e+00   2.9406687e-01  -2.9744434e-01  -6.7728858e-01  -3.2331548e+00  -1.3715055e+00   2.3826815e+00   2.9955189e+00   7.1594908e-01  -4.8140372e+00   4.9286763e-01   6.0811195e-01   5.1006708e-01   3.9974295e-01   1.9569037e-01
   2.2078262e+01   4.5897860e+00  -1.6030520e+00   2.7562460e+00  -2.1878154e+00  -5.3308654e+00   4.7059007e+00  -3.8991039e+00  -5.1878982e+00  -7.5386161e-01   1.1143931e+00   2.0689285e-02  -1.4889366e+00  -2.2335911e+00   5.5426840e-01   8.7558830e-01   3.8882022e+00   5.0798552e+00  -4.3445982e+00   3.8131552e-01   1.1499784e+00   1.7195846e-01   4.7464905e-01   4.7282052e-02
   2.3672005e+01   6.2287466e+00  -6.2185028e-01   5.1608716e+00  -1.6796990e+00  -6.8216991e+00   8.4350611e+00  -4.4636892e+00  -4.1570165e+00  -1.1968639e+00   6.9740393e-01  -4.4031172e-01   1.7970874e+00  -6.0606655e-01  -1.5548278e+00  -1.2770331e+00   3.3501243e+00   9.9035158e-01   3.7426246e-01  -2.8057310e+00   8.4784137e-01  -4.5052143e-01   1.7832045e-01  -1.2041832e-02
   2.8737301e+01   8.2670574e+00  -6.3275121e+00   3.6031308e+00  -7.2453783e-02  -1.4332676e+01   1.5322547e+01  -8.2838445e+00  -3.9509995e+00  -2.3098936e+00   4.8508576e-01  -2.4190067e-01   3.9120869e-01  -4.9121364e-01  -2.7395525e+00  -1.0710058e+00   1.3756851e+00  -3.2634991e-01   1.2179504e-01  -3.0940953e+00  -1.2366429e+00   3.4940176e-01   4.1153660e-01   1.4288367e-01
   2.9092399e+01   5.4516176e+00  -8.4832772e+00   3.2765146e+00  -9.2140114e-02  -1.5134299e+01   1.3180029e+01  -1.0935301e+01  -6.0535914e+00  -9.2814326e-01   8.7620123e-01  -1.8421211e-01  -4.8039145e-01  -2.8050887e+00   4.5783291e-01   2.7743605e+00   1.5085113e-01   8.4489011e-01   9.5319354e-01  -2.1655323e+00  -7.4264979e-01   7.3060191e-01   8.5241512e-01   8.7124357e-02
   1.9954878e+01   4.2415301e+00  -1.7816673e+00   2.0919158e+00  -9.1806716e-01  -1.6640905e+00   2.5161091e+00  -5.3044411e+00  -6.0945752e+00  -3.6411929e-01   1.6422994e+00   1.0696499e-01  -1.8677329e+00  -7.6655506e-01   4.0387799e+00   1.7952385e+00  -2.1540547e+00   2.8063668e+00  -9.6575474e-01   2.4904557e+00   3.7430434e-01  -4.2681810e-01   2.3839788e-01   3.4154773e-02
   2.7342629e+01   4.0338771e+00  -2.2080233e+00   1.0078020e+01  -1.0306156e+00  -1.1888657e+01   1.6268070e+01  -9.2016893e+00  -4.1992033e+00  -1.0738482e+00   1.3974198e+00  -4.8405801e-01   9.4823187e-01   1.9505767e+00   1.0804486e+00  -1.5423306e+00  -1.5157911e+00  -4.3774913e-01   1.9888847e-01   2.1150553e+00   5.8133409e-01  -1.5167223e+00  -2.6753743e-01   2.1456438e-01
   2.6810586e+01   7.8260950e+00  -3.4069692e+00   2.8952360e+00  -2.8342982e+00  -1.1745947e+01   1.2329894e+01  -5.4149665e+00  -4.3167370e+00  -2.8772683e+00   5.8207328e-01  -4.0745562e-02  -1.0144432e+00   1.1430510e+00  -1.3621322e+00  -3.9721773e+00   1.6986075e-01   7.1928526e-01  -3.7926612e+00   9.5553619e-01  -5.1804672e-01  -7.2482370e-01  -1.4486905e-01   3.4743446e-01
   2.7086893e+01   6.5852001e+00  -6.0499534e+00   5.6135852e-01  -1.4077113e+00  -1.0749994e+01   8.5714696e+00  -7.7074549e+00  -6.0705093e+00  -1.9466521e+00   1.0050081e+00   2.1148973e-01  -3.1447696e+00   1.5777547e-01  -9.4588598e-01  -2.6259416e+00   1.1400246e+00   4.7341435e+00  -5.3268603e+00   2.4665378e+00  -6.8436049e-01   5.9020469e-01   1.0713783e-01   1.3158508e-01
   1.8561082e+01   4.6804451e+00  -1.9039005e+00   8.9198046e-01  -4.7472815e-01  -1.1544939e+00   6.7541747e-01  -4.6182540e+00  -5.9359923e+00  -1.0149529e+00   1.6212016e+00   2.8034280e-01   1.9200234e-01  -1.4145247e+00  -1.3992769e+00   2.7208706e+00   3.2347035e+00   1.7421685e+00   6.5311090e-01  -6.9527679e-01   1.1919793e+00   1.4552061e+00   4.4156075e-01  -4.7047860e-01
   2.6750227e+01   5.8433653e+00  -4.3783866e+00   7.1407352e+00  -5.0036360e-01  -1.0083168e+01   1.4105018e+01  -5.9002389e+00  -4.4161164e+00  -1.1196989e+00   1.0385624e+00  -4.4722457e-01   2.3275531e+00  -8.4585540e-01  -2.5147422e+00   9.2039396e-01   2.3983692e+00   4.4663485e-01   1.4566717e+00  -1.0661402e+00   8.2911510e-01   6.9033183e-01   4.1809521e-01  -3.4289271e-01
   2.7266923e+01   6.0752254e+00  -6.3416679e+00   3.6868535e+00   1.5640832e+00  -9.4661072e+00   1.0542786e+01  -7.3614897e+00  -3.3559646e+00  -1.1079358e+00   1.2276373e+00  -4.1710631e-01   5.3585651e+00  -3.8146582e+00  -4.7223086e+00   1.3396828e+00   3.7178914e+00  -2.5398753e+00   2.9317712e+00  -4.7001283e+00  -6.2231614e-01   3.3125589e-01   9.5326085e-01   1.3094092e-01
   2.6225302e+01   4.6190268e+00  -7.6031831e+00   5.4451293e-01   1.1704368e+00  -5.9242352e+00   5.8227928e+00  -7.9350473e+00  -6.1168505e+00  -8.6466296e-01   1.8289331e+00   4.5875228e-02  -4.2489888e+00  -2.3522795e+00   2.0012456e+00  -1.7433767e+00   2.1564632e+00   7.4045840e+00  -6.9053866e+00   5.8669381e-02  -1.1577056e+00   2.5427139e-01   4.3771015e-01   3.8274369e-01
   2.6861392e+01  -4.2937296e-01  -7.3749652e+00   6.1996158e+00   4.2667088e+00  -7.0437732e+00   9.2141868e+00  -1.0651042e+01  -6.0190994e+00  -6.4558701e-01   2.6559075e+00   2.3020428e-01  -4.2503137e-01  -2.1001152e-02   1.2679779e+00   7.7846803e-01   9.7343115e-01   1.8139248e+00   2.6192333e+00  -1.7887017e+00   3.5146525e-01   4.8315196e-01   4.0182900e-01  -6.0724239e-02
   2.0579509e+01   5.5672452e+00  -8.5986960e-01   3.2692891e+00   1.3830185e+00  -1.8745884e-01   4.4112378e+00  -4.1674586e+00  -4.8211075e+00  -9.6946617e-01   9.8099247e-01  -1.9676433e-01   2.7320727e+00   1.6328843e+00  -2.0965745e+00   3.7822543e-02   4.3053876e-02  -2.1109875e+00   6.0108317e+00  -2.6136725e+00  -2.2125251e-01   7.5438652e-01   4.7073310e-01  -2.5725827e-01
   2.9452272e+01   5.5696145e+00  -7.8113579e+00   3.4921675e+00   2.9179391e+00  -9.6136081e+00   1.5177414e+01  -1.1928337e+01  -3.4766382e+00  -3.3080622e-01   2.2543511e+00  -3.8687290e-01   5.0791255e-02   1.1351832e-01  -2.9195304e+00  -2.2963811e+00  -1.6581516e+00   1.6090584e+00  -9.5056973e-01  -3.8020889e-01  -2.3893096e+00   7.0415696e-01   1.0191477e+00   1.5033850e-01
   2.9027971e+01   4.0688595e+00  -1.0529848e+01   1.9549709e+00   1.9094024e+00  -7.8057989e+00   1.1857427e+01  -1.1216909e+01  -7.7199599e+00   1.0952643e-01   2.7358110e+00  -3.1473586e-02   4.3516378e-01  -4.4443091e+00  -2.0359913e+00   3.0245549e+00  -1.8739520e-01   3.9945098e-01   5.8873757e-01  -8.0801331e-02  -2.2124376e+00  -4.4530075e-02   1.4333095e+00   3.2402540e-01
   2.2713348e+01   4.9009738e-01  -6.9192714e+00   3.4122032e+00   1.5162894e+00  -8.2101563e-01   4.0652377e+00  -7.6966304e+00  -8.1536375e+00  -1.2884787e-01   3.3072199e+00   3.7306665e-01  -2.3884260e+00  -1.6991558e+00   3.4482516e+00   4.0495226e+00  -1.7622161e+00   3.5460208e-01  -2.1521792e-01   3.2586927e+00   4.4172009e-01  -3.4749321e-01  -3.4110054e-02   2.3660648e-02
   2.4601717e+01   1.4405401e+00  -4.3598998e+00   7.8461036e+00   1.8027505e+00  -3.9845786e+00   1.0850432e+01  -6.4045136e+00  -5.8012642e+00  -1.1372405e+00   2.6045223e+00  -9.0696009e-02   1.7200227e+00   1.4623549e+00   1.1376618e+00   1.5327970e+00  -8.9213878e-01  -4.1706211e+00   5.2612665e+00  -5.5334341e-01   1.8764982e+00   5.6176480e-01  -2.9196322e-01  -4.6543818e-01
   2.8082760e+01   4.3350405e+00  -5.7239547e+00   6.6208851e+00   3.2794087e-01  -1.0992315e+01   1.5358084e+01  -9.4464951e+00  -3.7734059e+00  -2.2866259e-01   2.2688303e+00  -3.2177071e-01   3.1706396e+00   9.7708221e-01  -2.6812307e+00  -2.3743647e+00  -8.1909653e-01  -3.0080554e+00   2.7068619e+00  -2.3568958e+00  -7.3672445e-01   1.6177199e+00   3.4826268e-01  -3.4397906e-01
   2.8923298e+01   4.3399202e+00  -9.4210141e+00   2.6498255e+00   1.1653685e+00  -8.9760809e+00   1.4102903e+01  -1.1171992e+01  -7.0953283e+00   1.0020810e+00   2.8170609e+00  -3.8221217e-01   6.3576338e-01  -1.8856725e+00  -2.8447438e+00  -1.3164055e+00   5.5842038e-01   1.5769867e+00  -2.3382304e+00  -1.0573884e+00  -1.4729581e+00   1.6388959e+00   8.7194250e-01  -3.9502203e-02
   2.5308516e+01   5.0603066e-01  -8.4105604e+00   2.4487952e+00   6.0633556e-01  -2.8373476e+00   6.4992950e+00  -8.8482350e+00  -8.6116921e+00   1.2280712e+00   3.7233446e+00   2.8561340e-03  -3.4620664e+00  -1.1352384e+00   1.9227378e+00  -5.6102771e-01   5.1380639e-01   6.2087665e+00  -6.5839534e+00   3.7595731e+00   7.0730054e-01   4.5125020e-01   6.4310475e-02  -2.2885187e-02
   2.6942484e+01   5.2653635e-01  -7.2837127e+00   7.9575403e+00   2.5011837e+00  -5.6965824e+00   1.1772481e+01  -8.2897264e+00  -5.5915583e+00   5.9273650e-01   3.1851789e+00  -3.1226274e-01  -7.0505477e-01   1.5829282e+00   6.2411814e-01  -4.7567889e-01   1.6241063e+00   1.2023379e+00  -2.4412235e+00   2.8341550e+00   3.6413722e+00  -5.3085558e-01  -9.1640024e-01  -8.7918693e-02
   2.3880068e+01   4.5388748e+00  -3.9084987e+00   3.1254862e+00   4.3074285e-01  -3.3189146e+00   6.6473652e+00  -5.2482682e+00  -3.4643402e+00   6.5288496e-01   2.1812370e+00  -3.9107321e-01   2.8243105e+00   1.8101238e+00  -4.2110770e+00  -2.0013993e+00   1.4570761e+00  -2.7809800e+00   3.0222893e+00  -1.8988781e+00   1.1862118e+00   5.0913514e-01  -3.7533377e-01  -7.6518584e-02
   2.8579941e+01   4.6978904e+00  -1.0735868e+01   1.5979617e+00   3.6893243e+00  -6.9317905e+00   1.0367033e+01  -8.7207427e+00  -4.2069460e+00   4.9339076e-01   2.2135143e+00  -3.1712554e-01   1.4111911e-01   1.0103031e+00  -3.2626831e+00  -5.0054295e+00   1.0283228e+00   3.5556706e+00  -1.6127451e+00  -2.3364999e+00  -9.1820144e-01   1.6160501e+00   4.3277924e-01   2.0219244e-02
   2.8726254e+01   1.1355393e+00  -1.3001098e+01   2.6264856e+00   2.1978794e+00  -6.3912135e+00   1.1735453e+01  -1.1481044e+01  -7.5246806e+00   2.0414468e+00   3.6461762e+00  -1.0949034e-01   3.3978225e-01  -2.4423234e-01  -1.2165514e+00  -4.4328055e-01   2.0955928e+00   2.4928903e+00   1.0689002e+00  -1.4185883e+00   8.3199297e-01   3.9899743e-01   4.6930870e-01   1.5742469e-03
   2.4731069e+01   3.7436587e+00  -7.6314375e+00   6.9889629e-01   3.1600996e+00   1.1730729e+00   6.8093195e+00  -8.6780883e+00  -4.9386902e+00   2.3225308e+00   3.1018782e+00  -4.2272531e-01   9.2595689e-01   1.2563421e+00  -1.4316663e+00   1.5738111e+00   3.0733668e+00  -1.7711117e+00   2.6581103e+00   6.7559361e-01   1.8335541e+00  -1.6915787e-01  -3.0892272e-01  -1.9367351e-01
   2.6314177e+01   4.6496421e+00  -7.2855409e+00   2.9100980e+00   3.8387443e+00  -3.6320109e+00   1.0029572e+01  -7.3974779e+00  -1.8504786e+00   3.3681109e-01   2.4410181e+00  -3.3591196e-01   1.8875703e-01   4.9228485e-02  -1.8228915e+00  -6.3214926e-01   1.8893416e+00  -5.3656270e-02  -7.0579956e-01   2.0902536e+00   4.6623579e-01  -9.0666727e-01  -3.9959591e-01  -2.2608235e-02
   3.1174914e+01   4.8253522e+00  -1.5741146e+01   3.8168721e+00   7.4789421e+00  -1.0968059e+01   1.5207139e+01  -9.7491353e+00  -4.2937158e+00   1.0919718e+00   2.3527093e+00  -4.9442500e-01  -8.9588062e-01  -2.7711128e+00  -1.6010778e+00  -3.9573269e-01  -1.2976251e-01   1.7808701e+00  -9.9334324e-01   4.7262515e-01  -2.2095555e+00   1.5470991e-01   4.2183906e-01   1.6812572e-01
   2.5787467e+01   6.6853531e-01  -1.1680581e+01   1.1927381e-01   2.8724706e+00  -4.0113179e-01   6.4778441e+00  -7.8101401e+00  -7.1478141e+00   1.2967254e+00   3.4213668e+00  -1.0755284e-01  -4.6258536e+00  -2.4193791e+00   4.3562406e+00   4.8110535e-01  -1.9177069e+00   6.4489097e+00  -3.6158163e+00   1.9571071e+00  -9.6139426e-01   1.2541057e+00   3.1625105e-01  -1.9482270e-01
   2.3650604e+01   1.5775429e+00  -7.8355339e+00   1.5007094e+00   3.4485927e+00   2.2289385e+00   7.0951688e+00  -7.7628195e+00  -5.6043557e+00   2.0746385e+00   3.2444624e+00  -2.8471628e-01  -1.8426405e+00   2.0597152e-01   4.4685248e+00   2.3317236e+00  -1.8927015e+00   1.1881437e-01   9.1731830e-01   2.0026720e+00   2.4805413e+00   1.0085300e-02  -4.5869233e-01  -3.3565039e-01
   2.3137552e+01   2.6444782e+00  -4.7039861e+00   4.7898374e+00   2.9773587e+00  -5.5714530e-01   8.6618329e+00  -5.4549751e+00  -2.6372501e+00   1.7266364e+00   2.4695181e+00  -7.3300037e-01   1.5785147e+00   8.5204081e-01  -1.5441430e-01   1.9638447e+00   1.2959863e-01  -5.0453459e+00   3.3128070e+00   2.1110849e+00   1.9898399e+00  -1.0266464e+00  -7.1365173e-01  -1.3271412e-01
   2.9735911e+01   4.1463381e+00  -1.2526656e+01   4.9791757e+00   4.5874458e+00  -1.0711831e+01   1.5491122e+01  -7.9227098e+00  -2.8281859e+00   8.9214430e-01   2.1405951e+00  -6.8517682e-01   4.1071353e+00  -3.1038625e+00  -4.7349352e+00   4.8048524e+00  -3.1332097e-01  -8.9400551e+00   4.1376994e+00   1.4381152e+00  -6.9578885e-01  -1.7533859e+00   6.0631973e-02   2.6540751e-01
   2.5112585e+01   6.6219894e-01  -9.5666416e+00   1.3258077e+00   2.4974420e+00  -1.4987659e+00   7.2490781e+00  -4.5635676e+00  -5.5511392e+00   3.4800297e-01   2.9028229e+00  -1.0639376e-01   1.5070116e+00  -4.6096469e+00  -1.2088245e+00   6.0779119e+00   1.6001978e-02  -3.6467855e+00   2.8831948e+00   1.0706132e+00  -1.6627776e+00  -1.9624526e+00   4.2341290e-01   4.0094700e-01
   2.8823790e+01  -2.0871113e+00  -1.2506609e+01   1.0440003e+01   3.2185696e+00  -1.0710334e+01   1.4008095e+01  -6.0513504e+00  -5.1910944e+00   1.3387639e-01   3.1187580e+00  -1.9990832e-01  -9.3217159e-01  -3.4766100e+00   2.0199049e+00   7.2495920e+00   1.0508922e+00  -5.7444568e-01   4.7667274e+00   3.4590583e+00   7.5509791e-01  -1.6787892e+00  -2.8442531e-01  -3.1656039e-02
   2.5854130e+01  -1.1532675e+00  -6.5272466e+00   1.1176292e+01   3.6857998e+00  -6.0280721e+00   1.3728138e+01  -4.7847350e+00  -3.9499622e+00  -8.3790864e-01   2.6155560e+00  -3.7421412e-01   1.1370315e+00  -1.7686284e-01  -1.9258257e+00   4.2567759e+00   4.1534272e+00  -1.8316612e-01   7.3918418e+00   2.5005421e+00   4.0233428e+00  -1.4781788e+00  -1.1013836e+00  -2.0964188e-01
   2.7966881e+01  -1.6084372e-01  -1.1016497e+01   1.0928322e+01   5.5696052e+00  -9.3088465e+00   1.9401683e+01  -2.6235387e+00  -2.4961276e+00  -1.0330836e+00   1.8575906e+00  -5.9875070e-01  -4.2510604e-01   1.5481965e+00  -1.2638676e+00  -3.1172925e+00   2.4916835e+00   5.9190055e+00   1.0861974e+00   5.6652114e-01   1.0236891e+00  -9.8968872e-01  -1.1772948e+00   9.0305387e-03
   2.7246586e+01  -5.6622910e-01  -1.3200436e+01   7.4668120e+00   7.5520650e+00  -2.4742588e+00   1.5640047e+01  -2.5266603e+00  -8.6360843e-01  -1.2857852e+00   1.8813312e+00  -2.2143539e-01  -7.5700464e-01  -4.7210746e-01  -3.3137125e-01  -6.9040966e-01   9.0705329e-01   3.6473493e+00  -1.0673852e+00  -2.1949124e-01  -2.0540908e-01  -5.9460929e-02  -1.9090767e-01   1.9616764e-01
   2.7489903e+01  -5.8335725e-02  -1.1065815e+01   7.6188040e+00   5.0229623e+00  -3.6087323e+00   1.4681437e+01  -6.3306061e+00  -5.1987376e+00  -1.1267184e+00   1.7199282e+00  -2.6275188e-01  -2.6320889e+00   6.2380922e-01   5.8902901e+00   1.7743955e+00  -2.8426427e+00   1.2335440e-01  -3.3604016e+00   3.3265002e-02   2.5989318e-01  -6.5744060e-01   3.4944846e-01   1.8807991e-01
   2.4957112e+01  -1.9126827e+00  -6.9996441e+00   1.1795436e+01   5.3197012e+00  -3.4071053e+00   1.4487183e+01  -3.2604382e+00  -2.9067708e+00  -8.8028265e-01   2.3980257e+00  -2.4796207e-01  -2.6011935e+00   2.0149905e+00   6.0288444e+00   1.1904801e+00  -3.6168534e+00  -2.5922076e+00  -7.2122057e-01   2.8287087e+00   3.7723056e-01  -1.2410641e+00   4.1064116e-01   8.6214460e-02
   2.5163485e+01   1.4480969e+00  -5.2814577e+00   1.1425603e+01   2.4218232e+00  -8.6573916e+00   1.4937512e+01  -2.2067522e+00  -1.0847066e+00  -2.2219958e+00   2.1234160e+00  -3.0336749e-01  -9.9128287e-01   2.1675304e+00   1.4284628e+00  -3.2198817e-01  -2.1697739e+00  -2.9154147e+00   1.6048465e-02   2.8494703e+00   1.6989907e-01  -1.1100246e+00   5.3045207e-01   2.8487721e-01
   2.4508005e+01   1.7030404e+00  -7.0493486e+00   7.3491327e+00   3.4273544e+00  -3.8382405e+00   1.4430178e+01  -3.4552420e-01  -2.3547781e+00  -2.5997426e+00   2.2955491e+00  -7.1805893e-02  -1.0345224e+00   3.7924869e+00   7.7953668e-01  -3.6330913e+00   3.7957325e-01   1.4680481e+00  -2.9118841e+00   2.4579612e-02  -5.9208771e-01  -1.7909600e-01  -3.2731831e-01   1.2625187e-01
   2.6227532e+01   1.3850983e+00  -8.8982690e+00   9.3589734e+00   2.7144748e+00  -7.7662866e+00   1.4734012e+01  -3.5138576e+00  -5.2198854e+00  -1.9320254e+00   2.5668447e+00   7.6485847e-02  -3.1105841e-01   4.7944889e+00   4.1510597e-01   1.5411914e+00   1.3002890e+00  -1.9098495e+00  -5.8747445e-01   1.4739012e+00   2.1851947e+00  -7.6810297e-01  -2.8569272e-01   1.8559003e-01
   2.2873305e+01   3.8075469e+00  -4.0219334e+00   7.3791139e+00   5.7427353e+00  -1.6505857e+00   1.0221107e+01  -2.5700160e+00  -1.7273130e+00  -1.2939119e+00   1.6853339e+00  -2.4851093e-01   3.5885349e-01   6.2740938e+00   1.7089166e+00   2.5872207e+00   1.0024558e+00  -7.1348584e+00  -4.8129125e-01   4.6626285e+00   5.0929186e+00  -2.0354118e+00  -6.3834663e-01   9.4308854e-02
   2.5514247e+01   7.5875771e+00  -6.1725064e+00   1.3722400e+01   3.2145662e+00  -1.2615993e+01   1.6160836e+01   1.1163455e+00   1.8793529e+00  -4.0270656e+00   1.9999845e+00   6.3370076e-02  -2.4225139e+00   2.6649016e+00   2.2983287e+00  -1.8517337e+00  -8.6517476e-02  -1.0193258e+00  -3.4515036e+00   7.3273950e+00   4.1704272e+00  -1.6494574e+00  -9.1478707e-01  -1.2134695e-02
   2.5402927e+01   8.0129417e+00  -5.8488550e+00   9.0482507e+00   4.6809924e+00  -1.2115675e+01   1.2994830e+01   4.3333170e+00   1.7349807e+00  -4.6053401e+00   1.6214592e+00   7.6215274e-02  -4.2462530e+00  -1.4600970e+00   1.9528183e+00  -4.4756875e+00  -2.9896397e+00   2.8723946e+00  -3.2170532e+00   6.3909336e+00  -1.3699907e-01   3.9259987e-02  -3.7524527e-01   1.8352157e-01
   2.1328950e+01   3.2797533e+00  -4.5373152e+00   5.7468045e+00   3.1155700e+00  -4.0627308e+00   8.1698956e+00   4.0255684e+00  -6.9539134e-01  -2.7504974e+00   1.2266014e+00  -1.0407930e-01  -3.2413501e+00  -1.6591177e+00   2.5791718e+00  -3.2457578e+00  -2.6031733e+00   3.1503896e+00  -8.0770764e-01   1.9556297e+00  -6.5200695e-01   1.5997304e+00  -6.5737841e-01  -2.9246735e-01
   1.8596574e+01   3.7713133e+00  -1.9103015e+00   4.6533802e+00   1.3077738e+00  -1.6186250e+00   9.3909978e+00   5.5617729e+00  -6.4543945e-01  -1.8733060e+00   1.5091576e+00   1.1049611e-01   7.9171033e-02  -1.9187506e-01   1.5658724e-01   2.9100767e+00  -1.8840467e+00  -4.2388326e-01   6.0356524e+00  -1.6309760e+00   1.0353232e+00   1.0041871e+00  -2.8390943e-01  -1.8112476e-01
   2.4055399e+01   7.2197148e+00  -4.2730254e+00   1.1051198e+01   9.9641554e-01  -1.3138934e+01   1.6751191e+01   3.4355621e+00   2.0915526e+00  -2.9934870e+00   1.0700677e+00  -3.9247137e-01   1.9929667e+00   9.9688277e-02  -2.7545083e+00   2.9066401e+00  -8.3045667e-02  -3.0000234e+00   6.1892135e+00   8.5339768e-01   2.1866309e+00   4.3276708e-01   4.3226104e-01   2.3835423e-01
