   1.2181819e+01   1.6970392e+00   1.3404214e+00   1.0987865e+01   2.0057834e+00   9.5901629e-01   6.3771365e+00   2.4986298e+00  -2.8731982e+00  -1.0879634e+00  -9.2911378e-01  -5.0107406e-01   4.4182408e+00   6.4159833e+00   4.6688196e+00  -1.1364166e+00   4.0530142e+00   7.9483334e+00   4.7762844e+00   3.4680998e+00   1.3197989e+00  -1.7511905e+00  -1.2963650e+00  -4.4415389e-01
   1.6684126e+01   6.7168589e+00   8.1798430e+00   1.7124627e+01   4.1746767e+00   8.6523629e-01   1.0716256e+01   4.8131625e+00  -4.9873938e+00  -1.0966471e+00  -6.1523172e-01  -9.4215630e-01   5.2844477e+00   8.0818805e+00   6.1081429e+00  -4.1227451e+00   2.9456987e+00   6.8846846e+00   1.6263296e+00   4.5516390e+00   3.4344129e+00  -7.6854088e-01  -6.5505169e-01  -7.8747006e-03
   1.8123805e+01   8.2737179e+00   5.8123899e+00   1.2611264e+01   3.1167271e+00   3.8257826e+00   1.0227242e+01   5.6514560e+00  -2.7111045e+00  -2.7322362e+00  -9.8322079e-01  -7.3557493e-01   8.2935563e+00   8.1418044e+00   2.9199765e+00  -7.4163710e+00  -4.6123008e+00  -1.5713775e+00  -9.9455423e-01   6.9736971e-01  -7.5203389e-01  -3.2135015e+00  -1.7272032e-01   7.4889932e-01
   1.8441409e+01   9.1614353e+00   5.6403319e+00   5.7385758e+00   4.3929000e-02   2.0524801e+00   7.5208674e+00   4.5602272e+00  -2.0467987e+00  -2.2369809e+00  -6.7268186e-01  -4.8480180e-02   1.0824640e+01   4.9423640e+00  -4.4509917e+00  -7.4224580e+00  -8.4939204e+00  -5.3984538e+00  -2.6580397e+00  -2.2978748e+00  -3.3540943e+00  -3.2741830e+00  -2.5656967e-01   9.6782977e-01
   2.3743512e+01   1.2687458e+01   6.9901418e+00   5.5563340e+00  -2.8472940e+00  -1.9916719e+00   6.4829993e+00   3.6711520e+00  -5.4715466e+00  -5.3380487e+00  -1.1594692e+00   1.7543687e-01   4.7413349e+00   2.2649008e+00  -1.6750743e+00  -3.3777473e+00  -4.0995339e+00  -6.3558412e+00  -4.8876948e+00  -3.7899799e+00  -4.5428978e+00  -2.9694576e+00   4.6492105e-02   8.3919722e-01
   3.0111233e+01   1.1923535e+01   9.1447954e-01   9.5184049e+00  -5.5841934e+00  -4.3237171e+00   8.6013173e+00   2.3565022e+00  -8.6383141e+00  -4.7050152e+00  -9.1196203e-01   5.4082456e-02   1.1464144e+00  -3.8987100e+00  -2.1766750e+00   3.3280470e+00   8.1184933e-01  -4.2640832e+00  -2.0364731e+00  -1.7223156e+00  -5.0483970e+00  -3.5705328e+00   4.6459894e-01   3.7090055e-01
   1.9400895e+01   1.0290019e+01   5.6627046e+00   5.6547287e+00  -2.1851253e-01  -2.5198807e+00   2.3554743e+00   1.0683487e+00  -6.2296935e+00  -5.9524054e+00  -7.9384255e-01   4.7193958e-01  -2.3691599e-01  -1.0337827e+01  -4.0439847e+00   7.0809283e+00   1.7107664e+00  -1.6029395e+00   3.6703127e+00   1.6137050e+00  -2.8666867e+00  -1.5199753e+00   8.3199603e-01   1.4328592e-01
   2.2332339e+01   4.5120895e+00   3.0390379e+00   1.0681449e+01  -5.2687772e-02  -4.0795403e+00   6.5299201e+00   3.2781555e+00  -9.2403208e+00  -7.2856017e+00  -1.5859677e-01   3.5961929e-01   1.9103962e+00  -7.1333239e+00  -1.1535759e+00   6.7413943e+00   1.2354051e+00  -3.0201235e+00   2.9202108e+00   4.1750695e+00  -8.2013978e-01  -1.5686878e+00   1.0875645e+00   3.2432004e-01
   2.7277585e+01   8.8644034e-01  -1.3811445e-01   1.5596204e+01  -3.0468972e+00  -4.5181696e+00   1.3024167e+01   5.6308829e+00  -9.4705733e+00  -6.3277184e+00  -2.8815778e-01   2.3759733e-01   8.6065706e+00  -2.3055534e+00  -3.4904270e+00   5.6931014e+00  -2.5182184e+00  -3.4422652e+00   4.1088691e+00   3.2454078e+00  -1.9848076e+00  -7.3271781e-01   5.1249402e-01   1.2970449e-01
   2.9038482e+01   5.9253387e+00   2.0845252e+00   1.4659758e+01  -2.3168934e+00  -7.8547579e+00   7.6472872e+00   6.3378394e+00  -8.2480839e+00  -6.8703904e+00   4.6654228e-01   6.5773363e-01  -1.5171800e+00   4.0039581e+00   1.1451014e+00  -3.3500382e+00   1.1648597e+00   8.9284620e-01  -3.9412138e+00  -1.1748262e+00   1.7409802e+00  -4.3605090e-02  -4.8549164e-01   2.6308790e-01
   2.8957680e+01   6.1250646e+00   9.0432048e-01   1.2205226e+01  -2.8637373e+00  -5.7956697e+00   7.9600944e+00   4.4066185e+00  -9.7030233e+00  -7.2590878e+00  -3.3767105e-01   5.1743914e-01  -3.4954714e+00   2.6236194e+00  -1.8132462e+00  -3.4955618e+00   3.9500166e+00   1.9502822e+00  -4.0653098e+00  -9.0918724e-01   6.2328645e-01  -3.0692621e-01   5.3695064e-01  -3.3932106e-02
   1.9216522e+01   7.8987146e+00   4.2354725e+00   7.3518809e+00   1.6030219e+00  -2.1015210e+00   3.1501356e+00   2.1280485e+00  -6.5126255e+00  -6.8853246e+00  -8.6207759e-01   6.1433024e-01  -7.5817207e+00  -9.7808798e-01  -2.1190838e+00  -5.0896378e+00   5.1179650e+00   7.4987260e+00   2.5588521e-01  -1.2060459e+00   1.3323950e+00   4.8176459e-01  -2.5697472e-01  -2.1938242e-01
   2.6945358e+01   3.8351814e+00  -3.9334573e+00   1.4006801e+01   9.1817008e-01  -4.4693647e+00   9.1747780e+00   6.3719975e+00  -9.4033728e+00  -6.7806406e+00   1.1815781e+00   2.0840087e-01  -3.1564918e+00   2.4632427e+00   1.2392243e+00  -5.5335765e+00   2.0741726e+00   6.0913666e+00  -1.8960895e-01  -2.2688927e+00   2.0133842e+00   2.3502273e+00   2.8021044e-01  -1.4647637e-01
   1.8672062e+01   5.6031483e+00   1.3247885e+00   6.1245145e+00   3.4691004e+00   2.7301785e+00   7.4237732e+00   3.5460810e+00  -6.3993166e+00  -6.3869671e+00  -6.7854439e-01   4.8317914e-01   6.2676740e+00   3.2750633e+00   1.5151806e-02  -3.7124261e+00  -1.8483084e+00   2.1401756e+00   9.0070993e-01  -2.9549644e+00  -1.2570704e+00   2.4321631e+00  -2.2320929e-01  -1.0368798e-01
   2.4495172e+01   1.0967712e+01   4.2184989e+00   4.5185445e+00  -6.8551764e-01   9.2553048e-01   5.5388622e+00   2.9426313e-01  -6.7396014e+00  -3.9829257e+00  -9.1219828e-03   3.6330014e-01  -1.1980979e+00   5.8340874e+00   4.3126289e+00  -7.6545550e+00  -4.0473369e-01   3.4859869e+00  -4.4360256e+00  -6.2397900e+00   3.8890469e-01   1.3316569e+00  -1.4124414e+00   6.4083137e-02
   2.9843126e+01   9.2450444e+00   1.8222209e-01   6.5273698e+00  -3.6759691e-01  -1.5887051e+00   6.3191584e+00   7.3446910e-01  -9.7301168e+00  -4.6359375e+00  -6.0154147e-01   3.8134864e-01   4.5254807e-01   1.9164171e+00  -8.5382142e-01  -2.5118349e+00   4.1582432e-01   7.5488133e-01  -2.7542510e+00  -3.8243722e+00  -1.1941745e+00   4.4614586e-01   2.9229513e-01  -1.0257076e-01
   1.9562679e+01   1.0765365e+01   3.1067693e+00   2.3235404e+00   2.2294182e+00   2.9190576e+00   3.0730471e+00  -1.5818815e+00  -7.1546157e+00  -5.6586701e+00  -9.7558541e-01   3.5544083e-01  -1.5247552e-01  -3.2745783e+00  -5.0047042e+00   2.4312669e+00   2.9163828e+00  -6.7544316e-02   1.0810653e+00   5.9708727e-01  -2.0133842e+00  -3.6226444e-01   7.9356219e-01   7.1116662e-02
   2.1817130e+01   8.5789476e+00   5.9992117e-01   3.4542642e+00   2.6353690e+00   2.8657370e+00   4.5253043e+00  -1.2524049e+00  -7.9830711e+00  -4.8798761e+00   2.4313002e-01   3.3325266e-01   3.8721740e+00  -1.0956881e+00  -3.0258050e+00   5.3264145e+00   9.9282407e-01  -3.7552862e+00   4.8167035e-01   1.9998518e+00   1.0649028e-01   2.0751646e-01   1.7376311e+00   2.2166460e-01
   2.8279456e+01   6.3888928e+00  -3.4974069e+00   9.7019976e+00   2.1875735e+00  -1.4030071e+00   8.0573873e+00   2.1833310e+00  -1.0633200e+01  -4.4043530e+00   7.5888557e-01   4.9402312e-01   1.0012286e+01  -1.0334960e+00  -2.0296850e+00   7.9116312e+00  -2.0250056e+00  -7.1373435e+00   6.9759466e-02   2.3029756e+00  -1.9828688e+00  -3.4106876e-01   1.4779970e+00   3.2699745e-01
   3.1292998e+01   9.7897481e+00  -1.0543973e+00   1.0827763e+01   1.1425615e+00  -5.0606021e+00   4.5494938e+00   1.8516406e+00  -7.8310890e+00  -4.9518214e+00   1.1376696e+00   6.4455438e-01  -1.4411616e+00   1.8713629e+00   5.2053914e+00   1.8044943e+00  -2.1708262e+00  -3.4546241e+00  -3.6727677e+00  -1.0724313e+00   5.7411236e-01  -4.4829774e-01  -1.9659874e-01   8.9472610e-02
   2.9843174e+01   8.6097202e+00   8.8940093e-01   1.0504238e+01  -6.1686484e-02  -3.8237882e+00   3.1655915e+00   3.2055915e-01  -1.0204910e+01  -6.1343006e+00   7.9414027e-01   6.9028614e-01  -3.8147931e+00  -1.4271659e+00   3.2823396e+00  -8.9714168e-01  -3.3612441e+00   1.8206298e+00   7.3608994e-01  -4.4196683e+00   5.7095009e-01   5.1632416e-01  -4.7076088e-01  -4.4649078e-01
   1.8873529e+01   1.0275578e+01   6.2146043e+00   5.7598855e+00   5.0375966e-01  -1.1058085e+00   1.4620506e+00  -1.9296659e+00  -7.3360479e+00  -4.6873489e+00  -6.9395448e-02   3.6933006e-01  -7.4697763e+00  -3.6855077e+00   8.4505950e-01  -3.5126929e+00  -8.9754591e-01   5.5678645e+00   4.4914456e+00  -1.7817769e+00  -7.2563721e-01   3.9350838e-01  -4.5784572e-01  -2.4445853e-01
   2.8767001e+01   4.0052289e+00  -2.2083984e+00   1.0890224e+01  -2.5348917e+00  -6.4945913e-01   1.0705244e+01  -2.5555181e+00  -1.0024296e+01  -3.7621030e+00   6.5627679e-01  -3.8100894e-02  -1.5620924e+00  -4.7512113e-01   3.6445826e-01  -2.4766959e+00  -1.3324216e+00   4.7004028e-01   3.5498913e+00   1.8901229e+00   7.8800459e-01   3.0866961e-01   5.7835636e-01   2.5456782e-01
   2.0626420e+01   6.5637321e+00   1.7620916e+00   5.3657306e+00   1.0328453e+00   1.7040301e+00   7.5168361e+00   6.1701391e-01  -9.0098518e+00  -5.5476576e+00   5.1983278e-01   6.4206011e-01   8.5631563e+00  -1.3834596e+00  -1.0357068e+00   3.1620316e+00  -4.1113693e+00  -4.1674061e+00   2.1491730e+00   1.6741168e+00  -2.7980139e+00  -5.5985159e-01   1.3343347e+00   4.7898693e-01
   2.6623590e+01   9.7529615e+00   3.6623447e+00   6.9862713e+00  -2.3248616e+00  -4.5236471e+00   5.4630357e+00   1.8824035e+00  -8.1860011e+00  -5.2411418e+00   1.3670607e+00   9.3577285e-01  -1.8840609e+00   2.7269587e+00   5.8156502e+00  -1.2754726e-01  -2.7093408e+00  -5.6521621e+00  -5.5489518e+00   5.6897788e-01  -7.1905847e-01  -9.8916845e-01   4.0484808e-01   3.9858338e-01
   3.2789969e+01   5.3265225e+00   1.7256727e+00   1.2454909e+01  -5.7683092e+00  -5.4198236e+00   7.3069142e+00  -1.6374517e+00  -1.2452216e+01  -4.7876069e+00   1.5767147e+00   6.0087359e-01  -7.2578661e-01  -1.0806189e+00   1.1367231e+00   7.7893693e-01  -3.8686101e+00  -4.1631373e+00   4.6362396e-01   1.5004486e+00  -1.6118367e+00  -1.5015979e+00  -2.9644811e-01  -1.6064018e-01
   1.9859135e+01   8.7142717e+00   6.5332864e+00   7.1543137e+00  -3.1983257e+00  -5.5657754e+00   2.4867771e+00  -5.7481854e-01  -9.3817014e+00  -5.6258810e+00   7.3510794e-01   5.8036744e-01  -3.5292041e+00  -3.8010328e+00  -2.1786867e+00  -8.8024813e-01  -1.2205436e+00   2.5111379e+00   6.2164653e+00   3.6492412e+00  -1.2450260e+00  -1.9160933e+00  -8.1903974e-01  -3.9188283e-01
   2.2919968e+01   5.4621486e+00   2.0317054e+00   6.4501148e+00  -4.3333379e+00  -4.0196116e+00   9.7004013e+00   4.0962979e+00  -1.0829757e+01  -7.6076848e+00   3.9113699e-01   5.7880254e-01  -3.2152840e+00   1.3673451e+00  -4.6836946e-01  -4.7128145e+00   5.2557731e-01   3.6451568e+00   4.3644088e+00   4.0837799e+00   1.1840184e+00  -6.5401368e-01   6.3857512e-02  -3.1415188e-02
   2.6264784e+01   3.9835993e+00   2.4129824e-01   8.6682962e+00  -4.8731627e+00  -1.4570462e+00   1.3590990e+01   4.4893906e+00  -1.0864770e+01  -6.7052429e+00   7.3128994e-01   3.5898412e-01   7.4775866e+00   1.3540927e+00  -2.5517467e+00  -6.2265688e-02  -1.3659182e+00   1.3760375e+00   3.6998146e+00   6.3669811e-01  -1.9228984e+00  -8.4582445e-01   9.8326480e-01   2.6008777e-01
   2.4764219e+01   9.7428764e+00   4.1691125e+00   4.6286960e+00  -4.1425248e+00  -2.0064530e+00   8.3014210e+00   1.9561136e+00  -9.9346543e+00  -5.2289465e+00   1.6744100e+00   6.6444247e-01  -1.5733685e+00   3.5630911e+00   2.8369967e+00  -7.6782693e-01   1.1409359e+00  -5.4237269e-01  -5.6247098e+00  -3.8091830e+00   8.7632790e-01   8.0333233e-01   2.5307528e-02   2.1529599e-02
   3.0153389e+01   8.6050469e+00   1.6369628e+00   7.9716246e+00  -5.3426096e+00  -4.5082985e+00   8.7359892e+00   1.4503208e+00  -1.2713600e+01  -8.0839869e+00   1.5683686e+00   9.2767913e-01  -7.6187070e-01  -1.6341299e+00   1.2510812e+00   1.7017802e+00  -1.4579322e+00  -1.6379696e+00  -4.9342436e-01  -4.6629570e-01  -8.6069958e-02  -9.4125770e-01  -1.0856272e+00  -2.3577411e-01
   1.8615612e+01   8.4960614e+00   5.5893682e+00   5.6467103e+00  -2.3872106e+00  -3.3075445e+00   3.6908371e+00  -9.7941739e-02  -8.5908497e+00  -5.7133143e+00   1.0558931e-02   3.2674944e-01  -7.1357780e-01  -6.0086279e+00  -1.3061660e+00   4.7466147e+00  -7.5908698e-01  -5.0385878e-01   6.2945020e+00   5.3629457e+00   2.1052252e-01  -2.3286448e+00  -1.7967712e+00  -2.6359651e-01
   2.8196281e+01   2.1558119e+00   1.4077922e+00   1.0711959e+01  -7.9377181e+00  -3.2634549e+00   1.5156145e+01   4.8169747e+00  -1.1665777e+01  -7.8749455e+00  -6.5225280e-02   1.7416946e-01   8.1630943e-01  -2.1592346e+00  -5.8658319e-01   1.1189961e+00  -9.2175903e-02   6.6587844e-02   4.4383159e+00   4.3087125e+00   1.2666934e+00   2.9649786e-01  -3.1046250e-01   3.0015061e-02
   2.4672406e+01   3.9545521e+00   2.3244488e+00   1.0378451e+01  -3.9836010e+00  -3.3846630e+00   1.4533096e+01   8.3172051e+00  -1.0142782e+01  -8.8264344e+00  -2.0394984e-01   6.4580254e-01   3.6956435e+00   2.7797891e+00  -6.2073034e-01  -1.6394476e+00   6.6593694e-01   2.9768583e-01  -5.4522639e-02  -5.1953068e-01  -1.1050345e+00   3.9474850e-02   7.7676739e-01   3.6667372e-01
   2.8349457e+01   7.6369496e+00   2.3895477e+00   7.2842486e+00  -4.6826783e+00  -4.3698575e+00   9.9723337e+00   3.7058161e+00  -1.0037594e+01  -6.0826800e+00   1.2099293e+00   8.1317517e-01  -6.8596193e+00   7.4586851e+00   4.3745086e+00  -5.4495166e+00   4.5079114e+00   1.2106141e+00  -1.1193313e+01  -7.2877550e+00   2.0287541e+00   2.6901529e+00  -4.1318986e-02  -1.6238260e-01
   2.4082490e+01   9.9251761e+00   4.1673949e+00   4.9013943e+00  -3.0158251e+00  -2.3078145e+00   6.2009590e+00  -3.2165844e-01  -1.1062493e+01  -6.5502348e+00   5.3813274e-01   5.5725717e-01  -2.8677538e+00   3.0520168e+00   2.5958167e+00  -1.7506712e+00   1.4779703e+00   2.0620069e+00  -4.8694426e+00  -6.6887630e+00  -8.0860584e-01   1.5084682e+00  -7.3314925e-01  -7.7702872e-01
   1.8201811e+01   1.0358527e+01   7.0480820e+00   5.2762126e+00  -1.6597389e+00  -1.9859579e+00   2.5322449e+00  -1.7952260e+00  -8.1627905e+00  -4.9778159e+00  -4.9824505e-01  -2.5131747e-02  -4.6554494e+00  -7.9117687e-01   1.4709717e+00  -2.0382263e-02   1.1031724e+00   3.1802511e+00   1.4931150e+00   2.2999931e-01   8.1021661e-01   2.7683541e-01  -1.0576244e+00  -6.0722460e-01
   2.5444598e+01   7.1717884e+00   3.8889067e+00   8.7564618e+00  -3.2781152e+00  -1.4836024e+00   1.0948976e+01   1.0345817e+00  -1.2293093e+01  -7.1161642e+00  -4.4958655e-01  -1.0058708e-01   2.3838105e+00  -4.0992454e-01  -6.0642439e-01   1.1820931e+00  -3.7715727e-01  -3.5396719e-01   2.0663477e+00   2.7683998e+00   1.6390451e+00   1.4301471e+00   8.5309761e-01   7.2518080e-02
   2.0685228e+01   7.8268782e+00   4.7352493e+00   5.3261415e+00  -2.8967747e+00  -1.1586844e-02   9.8379975e+00   3.3726950e+00  -8.2069692e+00  -5.3844622e+00   1.1735233e-01   2.3126039e-01   2.4748697e+00   1.1910406e+00   5.7095962e-01   5.3018292e-01  -7.3627698e-01  -2.1416139e+00  -1.1915835e+00   1.1024544e-01  -2.7501536e-01   5.5604486e-01   1.5154464e+00   5.6478900e-01
   2.6416497e+01   1.0576114e+01   4.4141747e+00   6.6495695e+00  -2.9630431e+00  -3.8259508e+00   5.6476043e+00   1.2469807e+00  -8.5818360e+00  -4.2016909e+00   1.5099805e+00   5.3783822e-01  -5.0525906e+00   1.5527254e+00   3.5548341e+00   5.1652009e-01   6.2942038e-01  -4.1658923e+00  -8.2347586e+00  -2.6993913e+00   1.5067362e+00   5.6416369e-01   3.6582905e-01   3.3133778e-01
   2.1428166e+01   1.0442926e+01   7.6418874e+00   7.1249331e+00  -2.9216904e+00  -4.0272046e+00   3.3955557e+00  -1.7360573e+00  -1.0430942e+01  -5.6009853e+00   7.9514101e-01   5.0283911e-01  -1.3836366e+00  -2.7085324e+00   1.1470142e+00   4.1161996e+00  -1.1487881e+00  -4.6823337e+00  -1.6198755e+00  -4.7989696e-01  -3.3821645e+00  -3.3710300e+00  -7.2748202e-01   6.7752102e-02
   1.7494244e+01   8.1928528e+00   7.7678388e+00   8.6318461e+00  -2.3215267e+00  -5.7246320e+00   1.8180594e+00  -4.6012913e-01  -8.9210020e+00  -6.1616571e+00  -2.3973732e-01   2.6063022e-01  -3.5320784e+00  -5.3918578e+00  -9.2466816e-01   2.4788736e+00  -8.1455904e-01  -4.5035406e-01   5.0205537e+00   4.6224608e+00  -7.2255499e-01  -2.4964730e+00  -8.0480799e-01   7.1147091e-03
   2.3070900e+01   4.9557101e+00   4.7789385e+00   1.0509303e+01  -4.9407151e+00  -6.0857468e+00   9.3229567e+00   3.5064045e+00  -1.3110633e+01  -9.4610241e+00  -9.9011805e-02   4.7149254e-01   6.2129074e+00  -1.4652082e+00  -3.5926367e+00   5.3864848e-01  -2.7696235e+00  -9.2261780e-01   6.9235475e+00   4.8391891e+00   1.9507678e-01   3.0470604e-01   8.8527362e-01   1.8049649e-01
   2.0297012e+01   5.2319350e+00   4.4586469e+00   8.6756952e+00  -3.1753693e+00  -3.4722108e+00   1.0214734e+01   5.5594410e+00  -8.3258230e+00  -6.0163810e+00   7.4984490e-01   5.6418357e-01   4.9543858e+00   2.6540239e+00  -1.6960894e+00  -1.9860613e+00  -6.2230482e-01   2.9947599e-01   8.3915513e-01  -2.7811727e-01   2.0774870e-01   1.1205382e+00   9.6715313e-01   2.7133218e-01
   2.9346143e+01   9.7255722e+00   3.9075283e+00   7.9109813e+00  -6.6492044e+00  -6.5373419e+00   9.5825395e+00   2.5129412e+00  -1.0435916e+01  -5.2165643e+00   1.6282603e+00   6.2180717e-01  -2.5049187e+00   2.2984869e+00   6.0053092e-01  -2.8954083e+00   1.0441212e+00   1.0567612e-02  -5.6442310e+00  -4.2944932e+00   5.2003434e-01   9.0016402e-01   3.0562293e-02   1.2242760e-01
   2.1788201e+01   9.7889577e+00   5.6594097e+00   6.9519148e+00  -2.4007393e+00  -5.0496205e+00   2.9470007e+00  -3.8057339e-01  -9.9467373e+00  -6.6030798e+00   3.4735631e-01   5.9247117e-01  -9.1751249e-01  -3.3212210e+00  -3.2137742e-01   3.5889420e-01  -2.4574316e+00  -1.4880250e+00  -5.8556149e-01  -2.2743121e+00  -4.8722970e+00  -3.6364528e+00  -8.1571301e-01   2.1506718e-01
   1.8567927e+01   6.1249291e+00   5.0793534e+00   7.0280803e+00  -3.7618483e+00  -5.2811905e+00   4.4904771e+00   3.4671948e-02  -1.1520124e+01  -7.8174287e+00   1.4807593e-01   6.4099014e-01  -6.2282919e+00  -6.9197551e+00  -7.3872709e-01   2.4565153e-01  -1.9141857e+00   4.1626697e-01   3.6115492e+00   3.7957848e+00  -2.9633364e-01  -1.5728367e+00  -3.4852369e-02   3.0173213e-01
   2.4309851e+01   2.0504250e+00   3.3906682e+00   9.6554870e+00  -8.3051949e+00  -6.3323241e+00   1.1882423e+01   3.3871075e+00  -1.5092164e+01  -1.0170628e+01   2.6636759e-01   8.7719285e-01   5.1148705e+00  -4.4656912e+00  -7.9527499e-01   3.2401781e+00  -6.3293930e+00  -3.5112492e+00   7.1953720e+00   5.1374100e+00   1.1266054e+00   1.2547156e+00   9.4952668e-01   6.3900190e-02
   1.8742880e+01   3.2152059e+00   3.9338084e+00   6.9276725e+00  -6.5682552e+00  -5.2715896e+00   1.0532152e+01   6.3227779e+00  -8.3077031e+00  -5.7920453e+00   1.6164761e+00   9.3204452e-01   5.5247296e+00   1.5338493e+00   1.6928149e+00   1.7084622e+00  -3.8379203e+00  -3.6249590e+00   1.4444644e+00   1.7936616e+00   2.1467391e+00   1.4810296e+00   4.3268562e-02  -1.6729766e-01
   2.9373030e+01   4.5452825e+00   5.0392698e+00   1.1862386e+01  -1.0491625e+01  -1.0321295e+01   1.0719221e+01   4.1814886e+00  -9.8630398e+00  -5.7336981e+00   1.0374462e+00   5.4279427e-01   9.5109384e-01   4.4438060e+00   1.1951019e+00  -2.1629703e+00   1.9558043e+00   3.8497108e-01  -5.7708615e+00  -5.2585494e+00   7.6602703e-01   1.1363902e+00  -8.7518474e-01  -3.2982301e-01
   2.4323432e+01   7.1782743e+00   6.7942751e+00   8.4873242e+00  -8.4255136e+00  -8.7241437e+00   7.2387748e+00   2.3279739e+00  -1.0914578e+01  -7.8143492e+00  -1.7256055e-01   5.5724294e-01  -4.1845346e-01   3.9514467e+00  -1.4102113e+00  -6.2472506e+00   2.8459419e+00   6.1843283e+00  -4.2925269e+00  -8.7946701e+00  -3.5777328e+00  -9.6820211e-01  -1.8749087e+00  -4.9993996e-01
   2.2946216e+01   6.7345998e+00   3.7530877e+00   5.6312057e+00  -4.4428592e+00  -4.0285904e+00   4.8728197e+00  -2.5033146e+00  -1.2639686e+01  -7.4548907e+00  -1.5189117e-01   5.6985912e-01  -4.7773266e+00   7.5293526e-01  -4.6148663e+00  -8.5471765e+00   4.1892920e+00   9.0345511e+00  -3.3277692e-01  -2.5823828e+00   1.7358619e-01   1.1036241e+00   1.7401506e-01   7.8357969e-02
   2.1328607e+01   8.0477173e+00   2.4615825e+00   6.7238667e-01  -5.3237253e+00   8.5855069e-01   7.0165624e+00  -3.5268256e+00  -1.2285979e+01  -6.3837521e+00  -6.0121819e-01   1.6860215e-01   2.4740176e+00  -1.8034607e+00  -5.9550242e+00  -3.8431965e+00   1.2870181e+00   4.5675368e+00   3.4223843e+00   1.5341930e+00   1.0856560e+00   1.7303974e+00   1.1580953e+00   2.1959792e-01
   2.3704453e+01   5.2399639e+00   2.8331655e-01   2.9490899e+00  -5.7585815e+00  -1.5608153e+00   1.0331162e+01   3.2353141e+00  -8.9169600e+00  -4.7935605e+00   1.5127976e+00   8.5465162e-01   6.4099084e+00  -3.6908213e+00  -4.1766449e+00   1.9177067e+00  -1.7148145e+00  -1.8199266e+00   4.3108130e+00   3.4542780e+00  -2.2294960e-01  -1.8308564e-01   5.9277826e-01   2.0146051e-01
   2.7655340e+01   5.2204011e+00  -4.0337558e-01   4.0635874e+00  -5.8371253e+00  -3.1067260e+00   9.6431801e+00   1.7599491e+00  -1.1147457e+01  -6.5494182e+00   7.3223798e-01   7.4424357e-01   1.6622293e+00  -2.2374844e+00  -8.6690887e-01   2.9983634e+00   6.4229067e-01  -3.4667380e+00  -1.9227035e+00  -4.7302753e-01  -1.3170217e+00  -1.3781629e+00  -2.0082753e-01   2.9571021e-02
   2.9397712e+01   2.6120259e+00  -1.0794006e+00   6.8121654e+00  -6.7583809e+00  -4.7758420e+00   1.0025730e+01   3.4714961e-02  -1.3543372e+01  -7.6466861e+00   7.0548136e-02   5.8422918e-01  -3.9297007e+00   5.2647921e-01   2.0009727e+00   1.0227694e+00   2.5620515e+00  -5.0539969e-01  -5.6302097e+00  -5.2661500e+00  -1.9389861e+00  -1.3934044e+00  -1.6296501e+00  -5.4506460e-01
   2.0975322e+01   6.0054597e+00   1.8425778e+00   3.2383940e+00  -3.8603896e+00  -2.7340430e+00   4.2852231e+00  -2.6360674e+00  -1.1948306e+01  -7.0244336e+00  -1.8133474e-01   3.4816990e-01  -1.5009861e+00  -1.6111388e+00   8.7062669e-01   4.0586139e+00   1.0174077e+00  -1.1576710e+00  -1.0287648e+00  -4.6704286e-01   2.5372159e+00   2.9254312e+00   7.4420711e-02  -2.0913432e-01
   2.1149911e+01   5.6371534e+00   2.1617989e+00   4.8958406e+00  -2.9038720e+00  -2.5052563e+00   4.5648261e+00  -2.4659027e+00  -1.1425015e+01  -6.6461594e+00  -4.7489122e-01   2.3509156e-01   1.6261466e+00   2.1241130e+00  -2.1470819e-01   6.2817599e-01   2.3310767e+00   1.7802385e-01  -1.2390716e+00   1.9304999e+00   4.4745271e+00   2.9513920e+00   6.6899843e-01   9.6439563e-02
   2.9527761e+01   1.2911291e+00  -7.1803528e-01   1.1109671e+01  -6.2382682e+00  -5.9785254e+00   1.0830485e+01   2.3096936e+00  -8.4008118e+00  -2.6615348e+00   1.1165887e+00   6.0511091e-01   7.5149836e+00   6.9489358e-01  -2.5281848e+00   1.2116537e+00   1.3401535e+00  -6.4357125e-01   2.4174322e-01   1.7448755e+00   1.4690743e+00   5.7800529e-01   3.2238393e-01   2.5685663e-01
   2.7560712e+01   8.1553607e+00  -1.2115637e-01   3.8187911e+00  -2.0728266e+00  -2.8865650e+00   4.8944920e+00   4.5758438e-01  -8.6053281e+00  -5.4010476e+00   4.2508404e-01   6.0041802e-01  -1.0025346e+00   2.8000242e+00   7.6979698e-01  -2.0532332e+00   2.2489858e+00   6.0830571e-01  -4.7923383e+00  -2.3274918e+00   3.7455649e-01  -6.7642682e-01  -4.5808266e-01   2.0533470e-02
   2.9042396e+01   5.7886965e+00  -8.0822184e-01   5.5943992e+00  -2.2656820e+00  -3.5087455e+00   4.4830050e+00  -1.4804977e+00  -1.1154538e+01  -6.7799816e+00  -1.4774648e-01   5.5079162e-01  -5.3162222e+00   6.7884227e-01   2.2371594e+00  -1.2989271e-01   3.2950965e+00   1.5478023e+00  -6.1710392e+00  -6.4603511e+00  -2.8500591e+00  -1.6144013e+00  -7.7097301e-01  -3.7289577e-01
   1.9888792e+01   7.5884060e+00   3.3615876e+00   4.5736264e+00  -1.5166864e+00  -2.8276877e+00   5.5005870e-01  -4.0620447e+00  -9.4863172e+00  -5.6015762e+00  -5.2984761e-01   2.9305141e-01  -2.1771424e+00  -5.3441515e+00   2.8965894e-01   5.0966840e+00   2.0687210e-01   1.8019070e+00   2.4898066e+00  -1.6373641e+00  -3.5647726e-01   2.4205944e+00   8.4756774e-01  -3.3952735e-01
   2.5389388e+01   2.5928699e+00   8.9633178e-01   1.0537414e+01  -1.5736935e+00  -3.6862605e+00   3.7461429e+00  -5.1210185e+00  -1.2235406e+01  -4.9828724e+00   4.3759504e-01   1.9945056e-01   1.5628067e+00  -3.1717134e+00  -1.8176172e+00   2.0710063e+00   2.2938007e-01   2.1085856e+00   5.3011252e+00   2.7322379e+00   5.3985852e-01   1.7780402e+00   1.2771402e+00  -1.4631995e-01
   2.6121503e+01   1.7370467e+00  -5.3894478e-01   8.9923098e+00  -2.1085127e+00  -9.4946948e-02   8.9976330e+00  -1.7820135e-01  -8.5996099e+00  -2.6687106e+00   1.4037649e+00   2.6679753e-01   6.3548642e+00  -2.8990252e+00  -4.1794971e+00   5.4751149e-01  -4.6272404e-01   1.6207679e-02   5.7785609e+00   4.4945291e+00  -1.1668644e+00  -1.3689363e+00   4.0150318e-01   1.0502122e-01
   2.8270251e+01   3.9568060e+00  -1.5843815e+00   6.4915670e+00  -1.6256988e+00  -1.7122375e+00   8.2109056e+00   6.7593749e-01  -1.0788104e+01  -5.5793541e+00   8.0115751e-01   3.4443864e-01  -2.9688302e+00   2.6810662e+00   5.5482116e-01  -3.9300280e+00  -1.2257565e-01  -1.2483644e+00  -1.0943788e+00   3.0582612e+00   7.4710869e-01  -2.8470302e+00  -1.4352465e+00  -1.4950794e-02
   2.7980656e+01   2.5579000e+00  -1.6673013e+00   7.4178171e+00  -2.1847698e+00  -3.7903877e+00   6.9855188e+00  -2.1872901e-01  -1.1960265e+01  -7.3567398e+00  -1.0937408e-01   3.7808920e-01  -1.7250923e+00   1.1495592e+00   1.5905453e+00   2.3450458e+00  -2.6923394e-01  -3.8436527e+00  -4.2692790e+00  -1.8093363e-01  -2.2154430e+00  -3.0388165e+00  -1.8133112e+00  -2.7009379e-01
   2.0006566e+01   6.2040424e+00   2.2927418e+00   5.4296182e+00  -1.7194284e+00  -3.7110868e+00   3.1106318e+00  -5.1336291e-01  -9.4344153e+00  -6.9094031e+00  -9.5870525e-01   1.2137853e-01  -1.7495407e+00  -1.6059959e+00   9.8693051e-01   4.5509110e+00   6.5702641e-01  -1.0977084e+00  -7.7164686e-01   2.1387576e+00   1.9938854e+00   1.3330779e+00   7.4241217e-02  -1.0005486e-01
   2.7665707e+01   2.3377673e+00  -9.1688529e-02   1.3040853e+01  -2.4654988e+00  -4.8610013e+00   5.1438514e+00   1.4504840e-01  -1.2599618e+01  -6.5619109e+00  -4.3627052e-01  -2.6813101e-02   2.0563286e+00  -1.0783571e+00  -1.6786728e+00   2.5553162e+00   2.7579807e+00   2.1732171e-01   6.1985398e-01   3.4734091e+00   2.6003292e+00   1.5333484e+00   1.1169602e+00   2.1864747e-01
   2.5803415e+01   1.6578786e+00  -8.9179213e-01   1.0506416e+01  -4.9979465e-01  -2.8234933e+00   7.9742690e+00   3.7021852e+00  -7.4775988e+00  -3.9771517e+00   1.0759676e+00   3.9680750e-01   4.5416502e+00  -1.5843647e+00  -3.7254569e+00   5.9303645e-02   2.6564830e+00  -1.4391750e-01   1.0544988e+00   2.2816205e+00   1.9221557e-01  -1.0128007e+00   8.8164756e-01   5.5202485e-01
   2.8166725e+01   3.2134463e+00  -2.5930436e+00   8.7123926e+00   1.3423844e+00  -3.9082019e+00   5.4834811e+00   2.8836105e+00  -9.0381794e+00  -6.5228429e+00   5.4872984e-01   5.6834593e-01  -4.8382017e+00   2.8399178e+00   1.2381673e+00  -5.3425614e+00   9.7826183e-01  -4.9153031e-01  -2.5153238e+00  -9.8164229e-02   1.6036847e+00  -1.7644132e+00  -7.0394121e-01   2.3622973e-01
   2.6568532e+01   3.3896559e+00  -2.0447659e+00   7.6828038e+00   3.6135453e-01  -4.4033627e+00   4.5225651e+00   1.5397868e+00  -1.0926811e+01  -8.4481380e+00  -1.2873410e-01   6.5183628e-01  -2.3339371e+00  -3.6806920e-01   3.8610078e+00   1.2198314e+00  -4.2984415e+00  -4.2316111e+00  -3.8082509e-01  -6.4242221e-01  -1.8204602e+00  -2.1583046e+00  -1.9246892e+00  -4.9432430e-01
   2.0025846e+01   5.7317554e+00   2.3420493e+00   6.4388168e+00  -1.4286806e+00  -4.8083621e+00   3.0967177e+00   1.0790013e+00  -8.4694851e+00  -6.9730375e+00  -8.8983151e-01   2.0001710e-01  -2.2820931e+00  -2.3984726e+00   2.5183224e+00   2.7333017e+00  -2.1234001e+00  -8.7115026e-01   3.4676331e+00   2.4983181e+00   1.4118726e+00   1.6468608e+00   1.0279631e-01  -2.9558790e-01
   2.6372949e+01  -1.5337978e-01   2.4321731e+00   1.3472951e+01  -5.5619244e+00  -8.7208299e+00   8.5964131e+00   3.6408565e+00  -1.0492636e+01  -6.9895113e+00  -1.0917855e+00  -1.6051454e-01   2.6336450e+00  -1.8682825e+00  -1.5857393e+00   1.8457321e+00   1.5806147e+00   1.2635583e+00   2.9727024e+00   2.3178812e+00   1.5838670e+00   2.3354267e+00   1.3235081e+00  -6.2309740e-02
   2.4841377e+01   1.3872552e+00  -1.0540295e+00   9.9172716e+00   1.1189238e+00  -3.0561937e+00   8.6480067e+00   5.5805529e+00  -7.1374582e+00  -4.7818649e+00   1.1844500e+00   5.3113949e-01   6.2997646e+00  -1.9042989e+00  -5.5751936e+00   1.1532452e+00   3.5498920e+00   8.7710661e-01   4.0998818e-01   7.1428896e-01  -1.3678693e+00  -9.1185182e-01   1.1907838e+00   4.3607350e-01
   2.8111234e+01   2.7594822e+00  -2.7253355e+00   8.7121746e+00   1.4584744e+00  -3.3841095e+00   6.2059742e+00   2.7658328e+00  -9.2170243e+00  -6.0405842e+00   8.1938733e-01   3.9281048e-01  -2.4898002e+00   2.6386176e+00  -1.2544841e+00  -2.7746926e+00   2.2565618e+00  -4.7043251e-01  -3.9995269e+00  -3.2005932e-01  -4.8068083e-01  -2.7187281e+00   1.4734621e-02   6.1187576e-01
   2.8606350e+01   1.4188761e+00  -3.4419868e+00   1.0549073e+01   3.8595802e-01  -6.1610623e+00   4.9069194e+00   2.5879466e+00  -1.1159095e+01  -8.8152788e+00  -5.9242269e-02   5.7746483e-01  -1.3241079e+00  -1.9727751e+00   1.3017551e+00   3.9195130e+00  -3.5477976e+00  -6.1612329e+00  -7.5680459e-01   1.5953541e+00  -2.5237467e+00  -3.7459715e+00  -1.2153602e+00   4.9811897e-02
   2.0755762e+01   3.7887362e+00   1.7444256e+00   8.9950113e+00  -1.8105989e+00  -7.8740443e+00   4.4676664e+00   4.6570707e+00  -9.2028391e+00  -9.0508965e+00  -4.4783745e-01   7.3413643e-01  -5.9899453e+00  -1.8696138e+00   3.3024934e+00   2.5139723e+00  -1.4896684e+00  -1.2600879e+00   2.3251371e+00   3.8280171e+00   2.0263357e+00   5.7916693e-01   2.6211280e-01   9.3295385e-02
   2.6532951e+01  -2.0865345e+00  -1.3362774e+00   1.5655123e+01  -2.5682360e+00  -1.0053076e+01   8.3819538e+00   7.0279650e+00  -1.0930171e+01  -8.8956660e+00  -4.9778724e-03   4.3519436e-01  -2.4801767e-01  -7.8052982e-01   4.8930813e-01   8.3172079e-01   1.3260835e+00   1.7735728e+00   2.5442193e+00   1.7731669e+00   1.8874339e+00   2.8610326e+00   1.4691305e+00  -1.3559164e-01
   2.0163015e+01   1.7077667e+00   1.1755500e+00   9.9301080e+00   7.0106888e-01  -3.3282347e+00   7.9561627e+00   6.2878492e+00  -6.2919827e+00  -5.1316402e+00   1.1854243e+00   6.0388879e-01   4.1261816e+00  -5.9002476e-01  -2.6947009e+00  -3.8176202e-01   2.7043690e+00   2.3482430e+00  -2.2343194e-01  -2.3264974e+00  -8.6193735e-01   1.4202496e+00   8.1660555e-01  -1.8873645e-01
   2.8530696e+01   1.2885661e+00  -2.4235868e+00   1.1329105e+01   1.1192494e+00  -5.7736080e+00   6.9790001e+00   4.4323077e+00  -9.7833723e+00  -6.4833580e+00   1.3278225e+00   4.3920119e-01  -1.9918538e+00   4.0124112e+00   6.6462348e-01  -5.8937466e+00   1.2633097e+00   2.9804080e+00  -4.7245727e+00  -5.7018260e+00   7.4773188e-02   7.8769998e-01  -6.9129294e-01  -2.9117949e-01
   2.5946161e+01   1.2161488e+00  -1.7539710e+00   1.0585377e+01   4.0221189e-01  -6.4914136e+00   4.8339952e+00   2.4651533e+00  -1.1069144e+01  -8.1266761e+00   1.1067066e-01   4.4902833e-01  -4.0880408e-01   2.6814204e+00  -1.9226976e+00  -5.6368734e+00   6.9811331e-01   3.3498820e+00  -4.2717874e+00  -6.5629373e+00  -6.9976718e-01   2.7306990e-01  -2.0060115e+00  -8.4741421e-01
   2.0653597e+01   4.1778913e+00   1.1254183e+00   6.4868683e+00  -5.2384296e-01  -4.0008742e+00   2.8561785e+00   3.8657390e-01  -8.4294303e+00  -6.2165981e+00  -5.0454045e-01   7.5855355e-02  -6.3075479e+00   2.8273113e+00   2.8760352e-01  -5.7740728e+00   1.8191337e+00   6.8168333e+00  -5.1660796e-01  -2.1145643e+00   3.6310569e+00   2.8115328e+00  -7.5559373e-01  -4.0669021e-01
   2.3488359e+01   4.2852348e+00  -3.4829990e+00   3.8959164e+00   2.5697850e+00   8.1022138e-01   3.6098925e+00  -1.5336898e+00  -8.0186045e+00  -4.8554153e+00  -9.0741135e-01  -4.8555961e-01   3.2393282e+00  -2.1658030e-01  -3.1967573e+00   2.0940718e-01   2.3029802e+00   3.5645654e+00   2.8872265e+00   6.3194024e-01   1.6332669e+00   2.9892147e+00   1.0421474e+00  -1.1300335e-01
   2.0298276e+01   3.9949900e+00  -1.1276675e+00   6.0127264e+00   2.7641633e+00   8.0082453e-01   6.8161395e+00   3.2598828e+00  -5.8620568e+00  -3.9016892e+00   7.0347296e-01   2.9645984e-01   5.4879551e+00  -1.7250536e+00  -3.1535172e+00   2.3998875e+00   1.1458563e+00  -2.8220292e-01   2.2288054e+00   8.2643684e-01  -1.9326500e+00  -4.6397709e-01   8.3354409e-01   3.0269646e-01
   3.0982814e+01   9.8272900e-01  -5.4225641e+00   1.1136559e+01   2.2126791e+00  -3.5454148e+00   7.1848544e+00   1.9764093e+00  -9.9029309e+00  -4.8003086e+00   1.0698850e+00   1.6922107e-01   1.5147861e+00  -1.1821488e+00   1.6835129e+00   3.1009397e+00  -3.0576764e+00  -5.3624787e+00   8.0783994e-01   2.1838497e+00  -2.7632616e+00  -2.9673690e+00   7.1636738e-02   4.5448521e-01
   2.5138302e+01   3.2415637e+00  -2.6350749e+00   6.4663785e+00   1.3734945e+00  -2.2463605e+00   4.4119056e+00  -1.2882039e-01  -1.0386242e+01  -6.9401171e+00  -2.4287248e-01   2.0250971e-01   7.7726247e-01  -2.6491123e+00   2.3895680e+00   4.8813225e+00  -3.6091581e+00  -7.1071242e+00   2.0217203e-01   1.4693675e+00  -3.6119324e+00  -4.0146537e+00  -1.0264100e+00  -1.3153566e-01
   2.3340525e+01   2.8887247e+00  -2.0402591e-01   8.3204999e+00  -1.3213952e+00  -5.7099041e+00   6.0237694e+00   3.4364363e+00  -9.9014042e+00  -7.7872548e+00  -3.2678353e-01   2.4314328e-01  -7.6773557e+00  -6.5898396e-01   4.4192994e+00   1.1334718e+00  -9.2651150e-01  -1.1283995e+00   1.1242162e+00   3.7856893e+00   2.2731290e+00  -7.1590451e-01  -2.1112209e-01   1.9647028e-01
   2.5285314e+01  -9.3167637e-01  -1.5258457e-01   1.4742740e+01  -8.8253664e-01  -8.7776172e+00   7.6999401e+00   4.7339205e+00  -1.1280719e+01  -8.4301966e+00  -1.3780774e-01   6.2195251e-02   5.3093788e+00  -4.5216854e+00  -2.0522023e+00   5.0425874e+00   2.7282100e+00  -1.9727724e+00   1.5667663e+00   4.1125523e+00   2.2219665e+00   1.2698023e+00   1.5677407e+00   1.8073003e-01
   1.9393275e+01   2.0808731e+00  -3.4860215e-02   8.6985858e+00   1.9509274e+00  -1.9723857e+00   7.2271614e+00   5.2235728e+00  -6.0459990e+00  -5.1291256e+00   7.0066948e-01   5.3408372e-01   4.4598798e+00  -1.7966137e+00  -3.8845692e+00   2.8039907e-01   4.0717778e+00   1.1675598e+00  -2.0099863e+00  -6.7155071e-01   8.4873162e-01   6.0077548e-01   7.4053591e-01   2.6036097e-01
   3.5075995e+01  -3.1370385e+00  -5.7979612e+00   1.3841217e+01   3.8296482e+00  -7.0742783e+00   6.1603591e+00   5.1464397e+00  -8.9809950e+00  -6.3644783e+00   1.5950120e+00   3.2813453e-01  -1.8859130e+00   2.2747287e+00  -6.5898113e-01  -5.1124481e+00   4.2259425e-01   2.1205730e+00  -3.6224882e+00  -2.9537630e+00   5.3094269e-01  -6.8965906e-02  -5.5779685e-01   1.5135991e-01
   2.5135004e+01   1.2964852e+00  -3.2081913e+00   9.1918599e+00   2.4301790e+00  -4.8102338e+00   3.7785805e+00   2.2228506e+00  -9.7781687e+00  -7.9189508e+00  -8.2389547e-02   5.0071509e-01  -1.4418104e-01  -1.7595192e-02   6.3649720e-01   1.4080411e+00  -1.9709328e+00  -2.1367037e+00  -1.8067740e+00  -2.7736327e+00  -2.7166918e+00  -9.6371071e-01  -1.7281552e+00  -5.4958389e-01
   1.9585580e+01   2.8726106e+00   4.4560930e-01   6.8274303e+00  -4.8827109e-01  -4.1778336e+00   3.9904982e+00   1.8036371e+00  -8.6182200e+00  -7.1387328e+00  -5.8297350e-01   3.0591944e-01  -1.0474850e+01   2.7858750e+00   4.8289378e+00  -1.8656333e+00  -8.7336223e-01   3.7081990e+00   4.7309716e-01  -2.1614782e-01   2.8979974e+00   1.7641844e+00  -1.3425697e+00  -2.1044783e-01
   2.6922211e+01  -9.5034427e-01  -2.2018997e+00   1.4317541e+01   1.1534879e+00  -6.6256636e+00   5.6019308e+00   2.7345252e+00  -1.0302424e+01  -6.1875644e+00  -8.0257051e-01  -2.7918457e-01   4.9768394e-01  -3.4305324e-02   1.7281196e-01   1.4841135e+00   1.3372652e+00   8.9450714e-01   1.9794634e+00   2.8400954e+00   2.9328258e+00   2.0987803e+00   7.4104800e-01   1.8909141e-02
   1.8470116e+01   2.1651888e+00   9.4229966e-01   8.4799264e+00   3.1579504e+00  -6.0426489e-01   5.9583296e+00   4.5663807e+00  -4.3718712e+00  -4.5838948e+00  -5.8751988e-02   4.0241262e-01   9.5807893e+00  -3.1843253e+00  -5.1622486e+00   5.9560593e+00   1.0784793e-01  -3.3338618e+00   2.9454030e+00   2.2756653e+00  -9.6201352e-01  -3.4382754e-01   1.1271247e+00   1.9904353e-01
   2.6439262e+01   1.5987382e+00  -3.1973186e+00   1.0591782e+01   2.6129661e+00  -5.2552574e+00   5.7638598e+00   5.1016219e+00  -7.5021044e+00  -6.0481993e+00   7.6707169e-01   4.8083221e-01   2.9173207e-01   1.0587225e+00  -8.6272124e-01  -1.7066569e+00  -2.1791584e+00  -2.0175702e+00  -7.3508615e-01  -8.9126570e-03  -8.4568191e-01  -2.3709540e+00  -1.3897813e-02   5.1623222e-01
   3.4198239e+01  -3.1784186e+00  -6.8000542e+00   1.7624398e+01  -1.0562383e+00  -9.8638294e+00   8.3276383e+00   4.0335867e+00  -1.1461400e+01  -7.7241567e+00   3.2289241e-01   2.2447634e-01   4.6505564e+00  -3.0853035e+00  -1.8580789e+00   4.5736741e+00  -4.5043845e+00  -4.1225969e+00   2.4199958e-01  -9.8713284e-01  -3.6279891e+00  -2.7604002e+00  -1.2575569e+00  -2.1603713e-01
   1.9495748e+01   3.3095432e+00   3.7519541e-01   7.1853192e+00  -8.1552946e-03  -5.0222366e+00   3.3146473e+00   2.9875532e+00  -8.0261826e+00  -8.1738644e+00  -1.0142394e+00   5.8413191e-01  -8.2778241e+00  -8.4190796e-02   3.2105704e+00  -1.3273362e+00  -8.8231201e-01   1.9420520e+00  -2.4888060e-01   1.5571545e+00   3.3841321e+00   3.7767878e-01  -1.7018257e+00  -3.6207345e-01
   2.8917708e+01  -3.3181689e+00  -3.6310757e+00   1.7043669e+01  -2.2880656e+00  -6.9046706e+00   7.5459353e+00   4.1427158e+00  -9.5518158e+00  -7.6616625e+00  -1.0544318e+00   2.6707084e-02  -1.2181646e+00   7.3665576e-01  -7.5163004e-02   1.0753699e+00   6.2533744e-01   1.2119607e+00   2.1053168e+00   1.9310386e+00   3.6958109e+00   2.8485334e+00   3.2563244e-01  -1.7903424e-01
   1.6662791e+01   1.5423272e+00   3.4047780e-02   8.8911425e+00   1.9054118e+00  -3.8217588e+00   5.7813904e+00   7.3827891e+00  -3.3806985e+00  -5.5129282e+00  -1.0970048e+00   3.6606667e-02   1.0640838e+01  -3.2110147e+00  -4.3631318e+00   6.4130324e+00  -1.0740195e+00  -3.0237461e+00   4.4433029e+00   7.5524534e-01  -1.5891285e+00   1.6466958e+00   1.5310271e+00  -1.0400620e-01
   3.3787470e+01  -1.1898269e+00  -6.7422249e+00   1.8384542e+01  -1.0750157e+00  -8.6461272e+00   1.0252242e+01   4.7325266e+00  -8.2404258e+00  -4.7818248e+00   8.5272375e-01   2.2968759e-01   4.3034529e+00  -3.0603610e-01  -1.6194169e+00  -1.6806270e-01   5.0959568e-01  -2.5529201e+00  -1.0089944e+00  -2.3244591e+00  -2.8868306e+00  -7.8373411e-01   1.0964859e+00   3.2831412e-01
   3.3022124e+01  -2.5711500e+00  -4.6139277e+00   1.6134431e+01  -2.2257095e+00  -8.6871275e+00   8.6264484e+00   3.8255158e+00  -1.1065570e+01  -7.1437396e+00   3.2872350e-01   3.2663235e-01   5.5859299e+00  -4.2567038e+00  -1.2197732e+00   2.2849955e+00  -6.4842129e-01  -1.4872832e+00  -7.5436061e-01  -4.9166885e+00  -5.8976963e+00  -1.3081909e+00   7.3441597e-01   2.6367855e-01
   2.7193221e+01  -1.7204845e+00  -3.7362134e+00   1.3169930e+01   5.4188852e-01  -8.3013664e+00   4.6099147e+00   2.4346638e+00  -1.0039626e+01  -8.0218580e+00  -1.2256713e-01   3.7416543e-01  -8.5378525e+00  -2.4215810e+00   3.5768871e+00  -1.3154720e+00   3.4056372e+00   3.8499022e+00  -2.6389454e+00  -2.3806631e+00  -1.6880288e+00  -1.7523445e-01  -3.2843279e-01  -5.6318047e-02
   2.8338811e+01  -4.5773997e+00  -3.2986178e+00   1.4925941e+01   1.2432774e-01  -6.2250640e+00   7.4710131e+00   1.1566878e+00  -1.1327643e+01  -5.8551978e+00   4.9226461e-01   3.5988557e-01  -2.7289258e+00   1.6015208e-01   1.8133523e+00  -7.2905508e-01   1.1165700e+00   5.4792572e+00   1.9129139e+00  -8.3731516e-01   1.1235433e+00   3.2465788e+00   3.4549205e-01  -2.3341378e-01
   2.3322348e+01  -3.8190736e+00  -2.0345491e+00   1.7015579e+01   2.8584216e+00  -4.1023057e+00   6.8715415e+00   2.4959459e+00  -1.0641433e+01  -5.6889473e+00   2.7830401e-01   1.2858391e-01   4.9314363e+00   1.0966995e+00  -3.2948591e-01  -5.1863418e-01  -2.3313869e+00   3.3847633e+00   4.7330806e+00  -3.0981996e-01   1.7712056e-01   2.6828823e+00   1.7094532e-01  -3.6215471e-01
   3.0864172e+01  -1.2816273e+00  -2.7447313e+00   1.3118025e+01  -1.7091209e+00  -2.5677720e+00   1.0365006e+01   2.5389021e+00  -9.0793519e+00  -3.4403267e+00   6.4652601e-01   9.9302431e-02   3.2400667e+00   3.2887286e+00  -3.0814800e-01  -5.1037976e+00  -4.1260741e+00   7.5033790e-01   1.7445284e+00   3.2434914e-01   9.6417982e-02  -6.3956835e-01  -8.2671647e-01  -2.2507054e-01
   3.3327694e+01  -1.7233215e+00  -4.5073855e+00   1.3295937e+01  -2.0384676e+00  -5.0528674e+00   1.0262539e+01   1.2788268e+00  -1.0898090e+01  -5.2049701e+00   5.6720143e-02  -3.8775067e-02  -1.4056361e+00   3.5584906e+00   1.5677793e+00  -7.0039425e+00  -5.1774501e+00  -1.4621155e+00   1.7647244e+00   1.3131781e+00  -1.0274165e+00  -2.7267507e+00  -5.3338358e-01  -1.2397924e-02
   2.8196238e+01  -6.9218286e-01  -2.5244216e+00   9.1300655e+00  -3.6163389e+00  -4.6242763e+00   8.3923068e+00   2.2517711e+00  -1.1054687e+01  -7.0565390e+00  -6.3701816e-01   1.0595925e-01  -1.0667596e+01   1.4366255e+00   2.8718074e+00  -4.5146880e+00  -8.4273099e-02   1.5352414e-01   5.1100018e-01   3.0710880e+00  -8.4274743e-01  -4.2298956e+00  -9.2855845e-01  -7.9324952e-02
   2.2547861e+01   1.2239401e+00   2.0696500e-01   8.5036446e+00  -3.9541446e+00  -5.2672267e+00   1.0504978e+01   4.6092785e+00  -1.1194890e+01  -7.9709673e+00   1.2000073e-01   1.0665862e-01  -1.2202619e+01   3.7250054e+00   3.6885543e+00  -4.7306246e+00   3.7303442e+00   3.9332974e+00  -2.3782082e+00   1.8817991e+00   3.5034986e+00   4.2419836e-02   1.5748288e-01   1.9132250e-01
   2.0252694e+01  -6.0031983e-01  -7.9419555e-01   8.7421392e+00  -8.7769207e-01  -2.2303061e+00   1.1010287e+01   5.4803082e+00  -1.0195073e+01  -8.4021715e+00  -7.7795196e-01  -9.2401838e-02   1.4444070e+00   2.0616238e+00  -2.0174283e+00   9.9712771e-01   5.9243157e+00   1.2466967e+00  -3.7095456e+00  -2.0387566e+00   3.0194169e+00   2.1986352e+00   7.7549951e-01   2.5652559e-01
   1.8995538e+01   3.8182551e+00   1.6033294e-01   6.3939638e+00   2.1877254e+00  -3.4990640e-01   5.3862369e+00   2.4872569e+00  -6.0726494e+00  -4.4685241e+00   3.6341135e-01   3.4738923e-01   1.0660839e+01  -8.8950379e-01  -6.3868566e+00   4.8683874e+00   2.9635908e+00  -1.7999580e+00  -5.3156252e+00  -4.5471263e+00   4.7499548e-01   1.4416031e+00   1.5471955e-01   2.5888839e-01
   3.2139010e+01   1.1030953e+00  -5.5272480e+00   1.1680597e+01   2.1991997e+00  -5.2128914e+00   5.3873587e+00   2.5464694e-01  -9.0866821e+00  -5.5098078e+00   4.0452579e-01   3.7038233e-01   4.8028703e+00   5.8338085e-01  -1.9905044e+00   9.4988275e-01  -2.7642531e+00  -5.1178948e+00  -3.9903223e+00  -1.8277309e+00  -4.3240071e-01  -4.9931437e-02  -8.3282819e-02   1.4169903e-01
   3.2595962e+01  -9.6202315e-01  -7.0067936e+00   1.4336996e+01  -1.0472043e+00  -6.4758711e+00   5.3430040e+00   4.0141968e-01  -1.1036592e+01  -7.2547444e+00  -2.3915882e-01   2.6359912e-01  -6.5583449e-01  -2.5003870e+00   5.2136548e-02   5.7758317e-01  -5.2183149e+00  -5.5135335e+00  -4.5923209e-02   1.6017601e+00  -1.8632684e+00  -1.8580730e+00  -8.7982926e-01  -3.4419828e-01
   2.0656787e+01   2.6648906e+00  -1.9638888e-01   6.1954469e+00  -3.4066068e+00  -6.8441660e+00   5.0464200e+00   3.7816304e+00  -8.3617029e+00  -7.0839585e+00  -6.0159110e-01   1.6204176e-01  -1.2881011e+01   9.7166766e-01   5.2512434e+00  -4.6129826e+00  -6.4530294e-01   1.8017384e+00  -1.6258541e+00   1.7941988e+00   3.8484012e+00   2.2857094e+00   3.0444132e-01  -3.7856532e-03
   2.3752897e+01  -7.1322301e-01  -2.4268918e+00   1.0002914e+01  -2.8368437e+00  -7.8045694e+00   5.4878215e+00   3.1264053e+00  -9.2300416e+00  -6.4685582e+00  -4.5327409e-01  -6.4737910e-02  -1.3874265e+00   1.0570594e+00   1.3174004e+00  -8.1062855e-01   2.4026686e+00   2.3334454e+00   2.4525165e-01  -1.9963554e+00   2.0211101e+00   4.0819827e+00   1.6488299e+00   1.3737168e-02
   1.7239025e+01   2.4361967e+00   5.9666115e-02   6.9281650e+00   2.1260650e+00  -1.8459347e+00   2.8761688e+00   1.5834523e+00  -4.2173555e+00  -2.4743368e+00   9.6824540e-01   5.2887236e-01   7.5821983e+00  -5.6085730e-01  -2.4598255e+00   2.7835885e+00   2.4936794e+00   2.5283815e+00   5.4527238e-01  -5.3219121e+00  -2.5623164e+00   1.8857776e+00   1.7440231e+00   1.9920513e-01
   3.2223703e+01   7.3791282e-01  -5.1587205e+00   1.2754695e+01  -2.0953734e-01  -5.4748186e+00   6.7960071e+00  -1.4940244e+00  -1.0077101e+01  -3.4365811e+00   1.4491677e+00   1.0078957e-01   1.6443095e+00  -4.4172102e-01   1.0606093e-01  -4.5450358e-01  -1.0228556e+00   1.1695589e+00   1.3958988e+00  -2.7766249e+00  -4.2302324e+00  -1.1460383e+00   1.0454720e+00   4.1680832e-01
   2.7794682e+01   1.0980367e+00  -2.5202128e+00   8.9949392e+00  -9.7974081e-01  -4.2164691e+00   5.2102357e+00  -1.8910229e+00  -1.1781648e+01  -5.7712807e+00   1.0632226e+00   3.7808572e-01   2.6480829e+00  -5.8457104e+00  -1.9456149e+00   2.3432444e+00  -6.5251484e+00  -3.1604595e+00   4.1351412e+00   8.5099403e-01  -7.5163658e+00  -3.9924093e+00  -9.7692030e-02   1.0893914e-01
   2.0941533e+01  -7.0672452e-01  -9.7786097e-01   8.2877713e+00  -2.8182242e+00  -4.8649640e+00   6.4146362e+00   6.9870556e-01  -1.1793244e+01  -6.5391438e+00   1.0674453e+00   6.3586789e-01  -9.3715456e+00  -3.6175757e+00   1.6441801e+00  -2.2876412e+00  -3.5064793e+00   1.7444329e-01   2.9787569e+00   5.1280470e+00  -3.1770478e-02  -1.5550243e+00   6.7311701e-02   4.7985561e-01
   2.6852234e+01  -5.6100501e+00  -4.9491861e+00   1.2676493e+01  -6.3573141e+00  -6.8915513e+00   9.2695661e+00   1.7635784e+00  -1.4633833e+01  -6.9116695e+00   1.0125686e+00   4.2474191e-01   3.3895993e-01   1.4814323e-01   2.0225469e+00   1.4338530e+00  -3.8632050e+00  -5.6730979e-01   5.2800604e+00   3.6706642e+00   1.8000557e+00   1.1743056e+00   6.8541908e-01   4.2516648e-02
   1.8637608e+01  -1.3344073e+00  -1.4779638e+00   7.4824558e+00  -2.7804697e+00  -3.8756126e+00   9.2344773e+00   4.3707455e+00  -8.6986641e+00  -5.1989232e+00   1.5754623e+00   7.9724488e-01   6.9658908e+00   3.5840245e+00   2.8169783e+00   2.4750023e+00  -3.4997866e+00  -1.4913067e-01   3.5216703e+00   1.6990766e-01   1.3074711e+00   4.9917697e-01   1.4068388e-01  -1.5384077e-01
   2.9455084e+01   1.6340929e+00   7.6365894e-01   1.1548376e+01  -6.7934256e+00  -5.5621094e+00   1.1720406e+01   1.7789534e+00  -1.0628854e+01  -4.6799326e+00   1.8373427e+00   3.6117219e-01  -1.4903473e+00   6.2222830e+00   4.1497214e+00  -2.9991027e+00   1.2461905e+00   2.2502153e+00  -2.3783763e+00  -2.5579431e+00   2.4763522e+00   7.0042461e-01  -5.7204180e-01  -2.5409620e-01
   3.0088945e+01   1.0472406e+00   3.9118394e-01   1.2564333e+01  -7.8498484e+00  -5.7533809e+00   1.0471722e+01   9.4587953e-01  -1.1834526e+01  -6.9062468e+00   8.6608403e-01   4.3689159e-01  -8.0261770e-01  -2.5980065e-02  -1.4863901e+00   2.6376213e-02   3.8992810e+00   3.1921619e+00  -3.1395687e+00  -4.0289982e+00  -6.1298655e-01   7.0049608e-01  -5.6887823e-01  -5.8117820e-01
   1.8891045e+01   2.5325505e+00   3.4082210e-01   5.6369004e+00  -1.9533390e+00  -2.5773442e+00   5.0833794e+00  -3.6090335e-01  -9.3513732e+00  -5.0073708e+00   5.0919501e-01   2.2377427e-01  -1.0612047e+01  -3.2602965e+00  -3.3921927e+00  -2.3928862e+00   9.8043404e+00   7.1105200e+00  -2.2461641e+00   6.1435827e-01   2.9745444e+00   1.4145150e+00  -7.9764858e-01  -3.5651958e-01
   2.2715701e+01  -1.8226062e+00  -3.4961305e+00   1.0477758e+01   6.4840856e-01  -5.7975235e-01   7.8436375e+00  -6.0282336e-01  -1.0256885e+01  -3.9844600e+00   1.3862188e+00  -5.8234508e-03  -2.5352302e+00  -1.6427088e+00  -3.1635043e+00   2.8465958e+00   7.8366233e+00   1.8937970e+00  -4.6039188e-03   2.3064273e+00   3.4539658e+00   2.5463348e+00  -6.7502961e-03  -3.0602651e-01
   1.7223636e+01  -1.8214284e+00  -2.3809728e+00   9.0023347e+00   3.6639566e+00   2.5168562e+00   9.6652019e+00   3.4748423e+00  -6.9558587e+00  -4.0190535e+00   3.8080244e-01   4.7750339e-02   7.3823119e+00  -8.7291064e-01  -1.7359827e-01   8.2420111e+00   7.9252543e-01  -3.9165314e+00   2.8349874e+00   1.6895425e+00  -2.4213941e-01  -6.6276629e-01   1.2483253e-01   9.5440734e-02
   2.7119804e+01   7.6016678e-01  -2.9931750e+00   1.5151510e+01   1.0964388e+00  -5.4597856e+00   8.1739046e+00   2.4876477e+00  -7.8513349e+00  -3.5809032e+00   9.2015488e-01   6.5863780e-02   4.2867544e+00  -1.3896870e+00   2.9559724e-01   1.8298663e+00  -5.2891890e+00  -7.2705025e+00   1.5251113e+00   1.2979281e+00  -1.8727210e+00  -2.4803305e+00   1.3989589e-01   5.4871936e-01
