   1.1485725e+01   4.3655982e+00   6.1658748e+00   1.2679940e+01   6.8904227e+00   8.4816236e-01   2.4506942e+00   4.3321615e+00   2.6347106e+00   2.1014349e+00   1.5765223e+00   4.3414155e-01   1.0219394e+01  -1.3795095e+00   2.6640047e-01   1.0701615e+01   6.2496040e-01  -2.5375966e+00   3.6190049e+00   3.1595435e+00   4.9552020e-01   2.2852498e+00   1.7832383e+00   2.3347011e-01
   1.1689656e+01   2.6282136e+00   7.6754277e+00   1.4290514e+01   5.8956644e+00   1.7429213e+00   5.7013104e+00   5.9229324e+00   3.5195145e+00   3.6446959e+00   2.9828216e+00   5.5883196e-01   3.7240981e-01  -5.4412216e-01  -1.7723576e+00  -4.5306592e-01  -1.9159680e+00  -8.4071766e-01  -1.0427402e-01  -1.1213678e+00  -1.1164733e+00   1.1850336e-01  -1.4246943e-01  -9.3374562e-02
   1.4311085e+01   3.1274171e+00   2.9517801e+00   1.7642332e+01   4.5238598e+00   8.9913003e-01   8.4650603e+00   6.7646407e+00   1.7869296e+00   3.6435959e+00   2.5680864e+00   4.7133652e-01  -2.1500067e+00   2.1917547e+00  -1.3732947e+00  -8.1261161e+00  -3.2241283e+00   1.6786651e+00  -7.9295124e-01  -2.6188077e+00  -1.7130112e+00  -1.5771572e+00  -1.4320086e+00  -3.3626248e-01
   9.5995779e+00   5.0237927e+00   4.2874887e+00   5.2615278e+00   3.3390769e+00   1.9854804e+00   2.3071159e+00   2.0384092e+00   7.4122149e-01   7.4309470e-01   5.4636894e-01   1.4359440e-01  -1.8915417e+00   4.7617073e+00   1.6603336e+00  -8.0120517e+00  -8.4595106e-01   1.7609810e+00  -3.4729567e+00  -3.8041997e+00  -1.5718099e+00  -2.6084972e+00  -2.1128640e+00  -3.1846207e-01
   9.3057535e+00   6.4554407e+00   5.7999022e+00   5.0052593e+00   3.3325240e+00   3.2448804e+00   2.9583646e+00   2.3462116e+00   1.4543403e+00   1.1864997e+00   6.4673573e-01   1.3736660e-01  -2.0824399e+00   3.9942577e+00   4.6177968e+00  -5.9448483e+00   9.3018114e-01   2.5186806e+00  -2.4910831e+00  -2.6439010e+00  -3.0123919e-01  -1.5656705e+00  -9.5994604e-01  -1.1487894e-01
   1.1355009e+01   8.1067628e+00   8.7418672e+00   8.5909729e+00   5.2224057e+00   3.2115175e+00   3.2452233e+00   2.4258474e+00   1.3280943e+00   9.6049823e-01   7.7420085e-01   2.4812382e-01   6.4009226e-01   2.1899953e+00   2.4157536e+00   1.4342386e+00   1.8426829e+00   2.1708067e+00   1.7510604e+00   7.1475926e-01   3.7615562e-01  -1.6702205e-01  -2.4997188e-01  -5.8156584e-02
   1.0309710e+01   7.5773186e+00   7.6512861e+00   7.0603366e+00   4.9774671e+00   4.0641324e+00   4.2593819e+00   2.6050701e+00   1.0416344e+00   1.1863884e+00   1.0142513e+00   2.4675341e-01   5.0869692e+00   1.2152611e+00   8.3345125e-01   3.8200566e+00   6.7538304e-01  -1.0252064e+00   3.1148106e+00   2.1877629e+00  -4.9756735e-01  -9.8973736e-01  -6.5399921e-02  -1.8854462e-01
   1.0057738e+01   7.7478467e+00   6.9854271e+00   6.3853470e+00   5.2806296e+00   4.8320644e+00   4.2831979e+00   2.9811189e+00   1.5118079e+00   4.9261727e-01  -1.2346682e-02   1.6661248e-03   1.0589973e+01   1.3820842e+00  -2.8104503e-01   5.0840102e+00  -2.7466010e+00  -2.0515599e+00   2.7180358e+00   1.6151005e+00  -3.5261111e+00  -2.3798823e+00  -6.3478915e-01  -3.0465183e-01
   1.7584843e+01   8.4577904e+00   7.9282991e+00   1.1838157e+01   4.3164866e+00   8.9679738e-01   7.1115931e+00   5.3502201e+00   6.1613244e-01  -6.4165882e-02   9.4190961e-01  -2.2221481e-02   7.1767679e+00   3.1926805e+00   2.0487149e+00   4.1276864e+00  -4.0311735e-01  -4.2472257e-01   2.2162470e-01  -6.3005565e-01  -3.7809749e+00  -3.3303105e+00  -1.5766644e+00  -3.0957558e-01
   2.3602401e+01   9.7396532e+00   8.1817931e+00   1.3828078e+01   1.4329945e+00   1.7178452e+00   5.8961715e+00   3.4759232e+00  -3.7483214e+00  -1.9840481e+00  -1.4181201e-01  -7.4366486e-02  -5.8761178e-01   1.2175101e+00   5.2221875e-01  -1.2000315e+00  -1.1483410e-01   3.5488001e-01  -2.4196313e+00  -2.6652949e+00  -2.1708492e+00  -1.6652140e+00  -1.0428245e+00  -1.0639325e-01
   1.4302530e+01   1.1370436e+01   1.0126175e+01   9.5305007e+00   6.2966086e+00   4.9841582e+00   3.7853322e+00   1.4125845e+00  -1.9997633e+00  -2.5707446e+00  -1.2860126e+00  -1.7959365e-01  -8.8878246e+00  -1.2819683e+00  -2.0438358e+00  -7.5383101e+00  -4.7171963e-02   1.6641243e+00  -4.2203883e+00  -3.5589035e+00   3.9573822e-01   7.8260387e-02  -8.5287895e-01  -8.3998046e-03
   1.0817477e+01   8.1177890e+00   6.6698170e+00   5.7391279e+00   4.1183175e+00   3.3207040e+00   2.3168815e+00   9.5199431e-01  -4.3651812e-01  -7.5191439e-01  -4.6262237e-01  -7.9237664e-02  -9.6542543e+00  -3.0860712e+00  -2.9470950e+00  -6.3627894e+00   1.8652312e+00   9.4599987e-01  -2.7166961e+00  -1.6205143e+00   2.9299311e+00   1.4518690e+00   1.4849931e-01   6.5306976e-02
   1.0645568e+01   7.3457701e+00   5.6185334e+00   4.5751670e+00   2.9030672e+00   2.5915544e+00   2.5706556e+00   1.2738293e+00  -4.4616187e-01  -5.6284216e-01  -1.7700364e-01  -3.2385599e-02  -1.9614496e+00  -2.6314192e+00  -3.2275825e+00  -3.3880416e+00  -2.1372739e+00  -1.9066774e+00  -1.7406853e+00  -7.6131451e-01   1.0245495e+00   1.5442278e+00   9.4239298e-01   2.1079289e-01
   1.0949501e+01   7.1228793e+00   6.0149717e+00   6.7615607e+00   5.9276120e+00   4.3331468e+00   2.4284656e+00   1.1145293e+00  -1.3022553e-01  -8.1019579e-01  -4.7356753e-01  -5.0010047e-02   3.4659097e+00   1.6133414e+00   6.9970519e-01   1.5001167e-01  -6.0598490e-01  -1.1205650e+00  -1.2676332e+00  -1.7941216e+00  -1.7996985e+00  -3.2040493e-01   2.9358180e-01   1.0488616e-01
   1.1294344e+01   7.9207620e+00   5.6122243e+00   3.9372218e+00   2.1860506e+00   1.6179207e+00   1.1185121e+00   1.8934520e-01  -6.1608539e-01  -2.2526224e-01   1.3304946e-01   1.2198188e-01   3.5310682e+00   2.8865251e+00   2.1630467e+00   7.4537731e-01  -5.7091898e-01  -8.1557768e-01  -9.9424826e-01  -2.3732761e+00  -3.2088932e+00  -1.8369612e+00  -3.6208330e-01   6.3114577e-02
   1.5691953e+01   1.0250305e+01   7.7225294e+00   6.2831180e+00   3.5678484e+00   2.1266734e+00   1.1415034e+00  -1.1969460e+00  -3.0511041e+00  -1.4013117e+00  -1.7727621e-01   9.0784264e-04   1.2160623e+00   1.4091585e+00   7.1296049e-01  -1.3936433e+00  -2.6126884e+00  -1.9319618e+00  -1.4320042e+00  -2.2909686e+00  -2.3523728e+00  -7.2534279e-01   1.0804745e-01  -4.5878006e-03
   1.3570944e+01   1.0111845e+01   8.0093246e+00   5.9324544e+00   3.2265705e+00   2.4714246e+00   1.7227643e+00  -1.1303472e+00  -3.7990623e+00  -3.0227260e+00  -8.6827425e-01   3.6827322e-02  -1.8486962e+00  -2.4386835e+00  -1.2702037e+00   3.6647127e-01  -3.7316703e-01  -2.7031518e+00  -3.3065006e+00  -1.7466040e+00  -2.9430394e-01  -1.9724237e-01  -2.5536794e-01  -1.9239573e-01
   1.1635294e+01   8.1410756e+00   5.8858623e+00   3.6734794e+00   1.4883194e+00   1.0084522e+00  -2.1666758e-02  -1.6620774e+00  -2.0672963e+00  -4.9947809e-01   1.8916550e-01  -1.4314468e-02  -2.5239776e+00  -3.8574865e+00  -4.4961177e+00  -1.7007184e+00   3.9029990e-01  -1.5977292e+00  -2.9518499e+00  -3.8476166e-01   2.2961031e+00   1.4846439e+00   3.1748234e-01  -2.1285924e-03
   1.0549629e+01   5.3173516e+00   4.6252523e+00   5.7917480e+00   2.6660646e+00  -1.8776965e+00  -3.2596537e+00  -2.1979951e+00  -1.5494452e+00  -9.7204263e-01  -4.3322331e-01  -1.5900056e-01   2.4782503e+00  -1.7683397e+00  -4.9979822e+00  -1.0746479e+00   1.7239238e+00  -1.0549449e+00  -2.7895018e+00  -5.4531406e-01   1.2601592e+00   9.5882027e-01   2.9102826e-01   2.6855739e-02
   1.3416645e+01   6.8613220e+00   2.6703891e+00   3.8023936e+00   4.4335513e+00   1.9046402e+00  -7.9506249e-01  -1.2402645e+00  -7.3175807e-01  -1.9968757e-01   8.1421821e-02   9.5628892e-02   5.5082047e+00   1.0321866e+00  -2.8005291e+00   5.6661045e-01   3.2818026e+00   3.1904569e-01  -1.9098151e+00  -8.3566254e-01  -7.5354780e-01  -1.4026935e+00  -7.6637891e-01   4.2631595e-02
   1.6397644e+01   8.0992121e+00   2.1200879e+00   4.2560255e+00   4.3398403e+00   4.4091330e-01  -2.0747905e+00  -2.1592248e+00  -2.5765927e+00  -1.7343909e+00  -3.7786001e-01   2.2139250e-02   2.2475260e+00   1.1533502e+00  -3.4937086e-01  -3.9879159e-01   2.2256741e-01   4.2853068e-02  -8.6836216e-01  -1.3897678e+00  -1.7985311e+00  -1.5608003e+00  -6.9534278e-01  -4.3525474e-03
   1.6973593e+01   8.2984254e+00   2.9376509e+00   5.2912564e+00   5.5741354e+00   3.2771587e-01  -3.4788210e+00  -2.9349564e+00  -2.6840443e+00  -2.2223442e+00  -9.8808451e-01  -4.0936978e-02  -2.5447611e+00  -2.3348365e+00  -6.5301484e-01  -1.0744734e+00  -2.9979311e+00  -3.3960339e+00  -2.6611158e+00  -2.7824168e+00  -3.2089235e+00  -1.8617347e+00  -2.0383353e-01   1.0126610e-01
   1.2142444e+01   6.3288252e+00   3.9675651e+00   4.4491292e+00   2.4296236e+00  -1.0249547e+00  -3.2203177e+00  -3.4353009e+00  -3.2710987e+00  -2.3019148e+00  -9.4148432e-01  -9.7246441e-02  -6.7234977e+00  -3.9893962e+00  -3.1379242e-01  -2.3031831e+00  -4.5947480e+00  -3.3388301e+00  -1.6467253e+00  -1.1039133e+00  -8.1761292e-03   9.7599336e-01   8.7377224e-01   2.5072471e-01
   1.1727103e+01   4.2442607e+00   7.6712822e-01   2.0941316e+00   8.9176298e-01  -2.4564767e+00  -4.2139725e+00  -4.7758516e+00  -5.1978903e+00  -2.7085276e+00   5.7483685e-02   3.0722089e-01   2.9798136e+00  -4.0961511e+00  -3.3246283e+00   1.9493695e+00   1.4133439e+00  -1.9409669e-01  -1.5699032e-01  -1.1517239e-01  -1.1180923e+00  -2.8457851e-01   5.5103726e-01   3.1571361e-01
   8.9356427e+00   4.1422001e+00   2.7346606e+00   2.3998132e+00  -2.1109552e-01  -3.1752356e+00  -4.1773027e+00  -2.8946471e+00  -1.3319338e+00  -2.7309117e-02   4.1001425e-01   2.2414738e-01   1.5906687e+01  -3.1452376e+00  -7.7958465e+00   8.2721922e+00   6.4549901e+00   5.1774264e-01   1.8688255e+00   9.5428022e-01  -2.1598947e+00  -9.2881182e-01  -8.2949221e-02   1.0485589e-01
   2.3046714e+01   3.2475112e+00  -1.4328393e+00   9.2399686e+00   9.0145108e+00   1.1117113e+00  -3.2358139e+00  -3.3780419e+00  -5.3307652e+00  -3.7865148e+00  -8.3727790e-01   2.7193652e-01   1.7893405e+01  -3.7283329e+00  -4.6696343e+00   8.3420701e+00   8.1711832e+00   8.7242348e-01   1.4602949e+00   3.8924637e-01  -1.4323528e+00  -1.2489900e+00  -9.1052390e-01  -3.5119663e-01
   3.0342668e+01   2.1093435e+00  -6.6262209e+00   1.3284499e+01   8.0507349e+00  -2.0324348e+00  -9.0615870e-01  -2.7027855e+00  -6.4445034e+00  -3.1561389e+00  -6.1852736e-01   7.7679577e-02   4.2145591e+00  -9.8812943e-01  -1.1428848e+00   1.0821253e+00   2.1289593e+00  -6.2951910e-01  -1.8264579e+00  -2.0586964e+00  -1.2096933e+00  -1.3867061e+00  -1.5652751e+00  -7.1443008e-01
   2.7863698e+01  -3.3181030e-01  -1.5568825e+00   9.1648938e+00   9.0176226e+00  -1.7192419e+00  -3.6591022e+00  -4.2879129e+00  -4.7901348e+00  -3.0175976e+00  -7.9403136e-01  -1.4634015e-01  -1.3387229e+01   1.9124506e+00   3.3819960e+00  -9.5258760e+00  -8.2204341e+00  -3.1442136e+00  -2.7999885e+00  -2.0431772e-01   4.2459840e+00   2.2947060e+00  -6.1128922e-01  -6.6415903e-01
   1.2848989e+01   4.4496667e+00   1.0823550e+00   4.0605386e+00   2.9807875e+00  -2.7040377e+00  -6.7053454e+00  -5.5277562e+00  -3.4167889e+00  -2.4918269e+00  -1.9595217e+00  -6.3835940e-01  -1.2071060e+01   3.0446668e+00   4.4459086e+00  -7.7415651e+00  -3.5787057e+00   2.1769813e+00  -1.7646520e+00  -4.3696203e-01   2.9415448e+00   1.0030993e+00  -4.0498354e-01  -2.3276437e-01
   1.1712711e+01   4.9460256e+00  -2.1413328e-01  -4.3686519e-01  -7.8116659e-01  -3.2688076e+00  -4.5362034e+00  -2.2720331e+00  -4.7564640e-01  -6.7661185e-01  -1.0837146e+00  -3.6628254e-01  -1.8220164e+00   3.7451663e+00  -3.8459989e-01  -1.1546276e+00   1.6647147e+00   4.5340132e+00   1.3054190e+00  -1.8640436e-01  -6.6087551e-01  -5.1884974e-01   1.2891772e-01   2.2446672e-01
   2.0311572e+01   4.0374258e+00  -6.2873266e-01   6.4730308e+00   7.5820710e+00   2.0078200e+00  -3.1145862e+00  -4.3661684e+00  -4.1894304e+00  -2.8219829e+00  -1.0811611e+00  -1.6149578e-01   8.2048270e+00  -6.6759391e-01  -2.1587934e+00   5.3684702e+00   7.0480700e+00   3.3359931e+00   2.3431880e+00   6.2235707e-01  -3.0254054e+00  -2.5323287e+00   5.1162324e-01   6.2165675e-01
   2.1399382e+01   5.4920596e+00  -1.2782385e+00   6.2267063e+00   9.2140529e+00   2.7258491e+00  -3.4963533e+00  -5.1483134e+00  -5.3951274e+00  -3.6307943e+00  -1.0398351e+00  -4.8071872e-02   2.7400869e+00  -2.5859238e+00  -4.4376638e-01   6.7525610e+00   4.4802108e+00  -1.6661161e+00  -1.2954834e+00  -7.0999290e-01  -3.6415444e+00  -3.4417720e+00  -5.0235873e-01   1.9231360e-01
   2.0312894e+01   3.1752588e+00  -1.6237825e+00   8.7814582e+00   8.5552827e+00  -6.9737643e-01  -3.7104884e+00  -3.1560805e+00  -5.4951566e+00  -4.8132287e+00  -1.2140266e+00   1.3502039e-01  -8.6497766e+00  -2.5272596e+00   2.5883498e+00   1.4795902e+00  -3.5081811e+00  -5.8864106e+00  -2.7017816e+00   3.4116845e-01   9.9747726e-02  -6.7010498e-01  -4.0863355e-01  -4.9208804e-02
   1.5822180e+01   1.4982233e+00  -3.8225793e-01   8.5377626e+00   5.4525437e+00  -4.4153835e+00  -6.1814773e+00  -3.9420664e+00  -5.2850999e+00  -4.8436470e+00  -1.7708199e+00  -2.2607022e-01   2.6442568e+00  -5.4552181e+00  -3.3334068e-01   6.0768620e+00  -2.5331867e+00  -4.2012302e+00  -1.7970026e-01   1.0090812e+00   1.8660187e-02   2.6704711e-01   6.1359114e-01  -4.0746806e-02
   1.0125508e+01   2.2434545e+00   2.8058017e+00   7.5368880e+00   4.2005540e+00  -3.2511796e+00  -5.8246966e+00  -4.4575392e+00  -4.0948225e+00  -3.2207140e+00  -1.3286190e+00  -1.4630981e-01   5.0113210e+00   3.8890591e-01  -1.3080136e+00   1.3150629e+00   1.2195673e+00   1.3386362e+00   5.2045475e-01  -1.8424715e-01   3.4594891e-01   1.2639372e+00   1.0020298e+00   7.8548809e-02
   3.0459461e+01  -2.2248653e+00  -3.9930416e+00   1.5964284e+01   7.5916372e+00  -2.2990945e+00  -2.7087996e+00  -2.9839622e+00  -6.0673041e+00  -4.0264809e+00  -6.2152172e-02   3.1473018e-02   7.5355846e+00   3.0007097e+00  -2.8372292e+00   8.2542119e-02   4.7188272e+00   4.4498043e+00   1.1882949e+00  -8.1963937e-01  -1.8066911e-01   1.0821705e+00   1.0873733e+00   1.4061818e-01
   2.0511235e+01   5.6201620e+00  -1.7804111e+00   7.0407916e+00   9.3150869e+00   2.5243339e-01  -4.6661451e+00  -3.9115033e+00  -4.5851311e+00  -3.3259058e+00  -5.6531574e-01   1.2407198e-01  -1.3210193e+00   3.2313831e+00   1.0755667e-01  -2.8619524e+00   1.4975105e+00   1.5268644e+00  -1.6865716e+00  -2.0448883e+00   2.3228499e-01   6.3607900e-01  -3.5647980e-01  -2.1932797e-01
   2.1932693e+01   4.3109340e+00  -2.3449954e+00   8.9096240e+00   9.9735181e+00   5.0751640e-01  -4.9783106e+00  -5.4445434e+00  -5.3109493e+00  -3.1677953e+00  -5.2141152e-01  -1.5033385e-01  -1.2321196e+01   2.6010545e+00   3.9706983e+00  -5.4002775e+00  -1.3186483e+00  -5.2003511e-01  -4.1664453e+00  -3.1743301e+00   1.2925836e+00   1.3654497e+00  -9.5012426e-01  -2.9088214e-01
   1.2407363e+01   3.8226295e+00   2.1431136e+00   6.7712897e+00   5.2558793e+00  -2.3641886e+00  -7.2197985e+00  -6.2945810e+00  -4.1245724e+00  -2.6959383e+00  -1.6337090e+00  -3.8439832e-01   4.6767623e+00  -4.8089133e+00  -1.5405355e+00   5.6497336e+00  -3.1214904e-01  -3.4642551e+00  -1.3493798e-01   6.0538386e-01  -1.2073178e+00  -1.5984984e-02   4.0398641e-01  -3.5514485e-02
   1.6029602e+01   2.5754828e+00   1.2435384e-03   7.9986191e+00   7.6432685e+00  -1.7708362e+00  -7.6816408e+00  -6.5539185e+00  -4.3587081e+00  -2.2932902e+00  -9.5314194e-01  -1.5061504e-01   4.1389854e+00  -1.7008027e+00  -6.6304197e-01   3.7185626e+00   1.4916487e+00  -1.1421903e+00   1.3449640e+00   2.1001034e+00  -7.4278171e-01  -8.1740563e-01   3.7445675e-01   3.0643537e-01
   3.0477924e+01  -7.2548231e-01  -5.2643338e+00   1.5970894e+01   1.0011988e+01  -3.8047729e+00  -3.5168870e+00  -2.4487400e+00  -6.8722285e+00  -3.7871359e+00   2.5652909e-01   7.0940845e-02   1.2121111e+01  -3.8299625e+00  -2.9069084e+00   4.9275422e+00   1.7942573e+00  -5.5106017e-01   3.9902199e+00   3.4863995e+00  -7.2451050e-01  -1.1094717e+00   4.9319344e-01   3.6714151e-01
   1.9105891e+01   4.0337858e+00   3.6416537e-01   9.8876655e+00   9.8329367e+00  -4.8547690e-01  -4.8123204e+00  -4.2173089e+00  -5.0512938e+00  -3.8483049e+00  -9.0484544e-01   8.1649619e-02  -2.0032933e+00   1.7715726e-01   1.0846544e+00  -3.3047599e+00  -5.0707303e+00  -2.2109709e+00   2.5937704e+00   4.2408663e+00   2.7605399e+00  -1.2666827e-02  -6.4838297e-01  -1.1071494e-01
   2.9050885e+01  -2.6514658e+00  -2.3987100e+00   1.3218080e+01   6.8524312e+00  -3.8334585e+00  -2.6691288e+00  -2.2332865e+00  -4.8650453e+00  -3.5826384e+00  -9.1806709e-01   5.0181613e-02  -1.1424401e+01   1.0165356e+00   1.5299452e+00  -7.7044157e+00  -6.6236268e+00  -1.3353496e+00   1.9012609e+00   3.8524470e+00   3.6395915e+00   6.1565325e-01  -9.0285777e-01  -3.7507620e-01
   1.3738182e+01   3.8042104e+00   1.9541320e-01   4.4178866e+00   1.6169516e+00  -5.0729498e+00  -4.2148643e+00  -3.0034579e-01  -1.2214897e+00  -2.4145391e+00  -1.3384183e+00  -3.0630783e-01  -4.3048148e+00   5.3160876e-01  -2.0479303e-01  -2.3592275e+00  -1.8448837e+00   9.3764334e-01   2.0921823e+00   1.8001754e+00   2.9473289e-01   1.4793665e-01   1.9891433e-01  -1.7455408e-01
   1.6025177e+01   9.1410880e-01  -2.8850400e+00   7.1491602e+00   4.1845405e+00  -3.5140609e+00  -9.6372374e-01   1.3714490e+00  -3.3277432e+00  -3.5805389e+00  -8.8097114e-01  -2.9769473e-01  -2.5303224e+00   2.5429820e+00   1.0372793e+00   2.7972757e-01   3.1186921e+00   4.0838016e+00   1.0783248e+00  -1.5189782e+00  -2.2299926e+00  -6.1099621e-01   4.8052538e-01   1.0473050e-02
   1.9161522e+01   3.0484117e+00   3.0014085e-01   9.3832840e+00   8.3995566e+00   7.6128932e-01  -2.5267495e+00  -3.3194135e+00  -5.3778455e+00  -3.6274497e+00  -6.2502192e-01  -6.2433344e-03   6.1240592e+00  -1.8357246e+00   6.5803458e-01   6.5670855e+00   5.1673128e+00   3.1137722e+00   1.5459568e+00  -2.5429709e+00  -4.6021335e+00  -1.6113800e+00   6.7007025e-01   3.0950259e-01
   2.2543731e+01   1.5409065e+00  -8.9515478e-01   1.1154972e+01   8.1391670e+00  -6.2487558e-01  -1.8956991e+00  -3.0022200e+00  -6.1318563e+00  -3.8926774e+00  -5.5397721e-01  -8.4141059e-02  -2.1821447e+00  -7.2232748e-01   2.6204711e+00   1.8520200e+00  -1.9304513e-01  -6.2380913e-01  -9.9799352e-01  -1.7519462e+00  -8.8150243e-01   4.1166975e-01   7.6191476e-01   3.1618563e-01
   1.9664993e+01   7.3722468e-01   1.8752246e-01   1.2265609e+01   7.3906075e+00  -1.8468842e+00  -1.4299414e+00  -1.9279676e+00  -6.7226335e+00  -4.6755398e+00  -4.9680989e-01   5.1169221e-02  -8.7168685e+00  -2.6558235e+00   1.6941584e+00  -3.9776987e-01  -4.2426955e+00  -4.0758012e+00  -1.9530804e-03   2.2327760e+00   1.8784541e+00   1.2195614e+00   8.1462384e-01   1.2065246e-01
   1.2500224e+01   9.8621108e-01   1.1019759e+00   8.4860279e+00   4.3994473e+00  -3.1456878e+00  -3.0091181e+00  -1.9521932e+00  -3.9776029e+00  -2.4389892e+00   1.9779499e-01   1.4787743e-01  -5.6534728e+00   7.2846565e-01   1.6706900e+00  -2.4297247e+00  -3.1677273e+00  -1.4230305e+00   8.3167263e-02   1.4699525e+00   2.5620283e+00   1.6571948e+00   4.0432417e-01  -3.9893975e-02
   1.1107973e+01  -6.5797588e-01   1.8428132e+00   1.0121101e+01   3.9053731e+00  -4.0920063e+00  -1.9729696e+00  -4.9526296e-01  -3.6372910e+00  -2.5249517e+00   2.2102773e-01   5.8726104e-02   3.3450743e+00   2.7360271e+00  -1.5333366e+00  -1.1887666e+00   1.3813906e+00   4.6109687e-01  -3.9963741e-01   4.0882633e-02   8.2334752e-01   4.8426073e-01  -1.4314889e-01  -1.6489443e-01
   1.8342032e+01   3.3312053e+00   7.8323483e-01   8.5826389e+00   5.1301932e+00  -1.6368603e+00  -1.4994341e+00  -1.5136435e+00  -3.8314852e+00  -2.4821792e+00  -3.0640977e-01  -1.4776046e-01   9.3701932e+00   2.2958957e+00  -2.7155619e+00   1.0216619e+00   3.8676812e+00   2.2149531e+00   7.7720893e-01  -9.9754421e-01  -1.9870502e+00  -1.4657866e+00  -7.0580433e-01  -2.0007155e-01
   2.1761701e+01   3.6687683e+00  -1.9531119e+00   1.0434153e+01   9.0973205e+00  -1.9096527e+00  -2.7842395e+00  -2.0859185e+00  -5.5606711e+00  -3.9275537e+00  -4.5943086e-01  -4.8353477e-02   4.3441396e+00   1.8190212e+00  -2.8646679e+00  -1.9244793e+00   1.9180209e+00   1.8792121e+00   2.3532656e-01  -1.1044282e+00  -1.6367851e+00  -1.2999321e+00  -3.9170953e-01   1.3653680e-01
   2.1228650e+01   2.2666825e+00  -1.0734044e+00   9.8619947e+00   7.6049955e+00  -9.1443499e-01  -1.4376697e+00  -2.6531817e+00  -5.9964882e+00  -3.9363681e+00  -5.2068221e-01  -9.8690096e-02  -2.0559193e+00  -2.4737940e+00  -1.8431672e+00  -1.4499952e+00  -1.7074673e+00  -9.9369627e-01   1.9469319e+00   1.9468200e+00  -6.0745085e-01  -6.7382831e-01   1.7515212e-01   2.1060636e-01
   1.6180874e+01   2.6028172e+00  -1.5258689e+00   6.5947047e+00   5.5450033e+00  -1.6344008e+00  -1.6508620e+00  -1.5821361e+00  -5.0099672e+00  -3.7477554e+00  -2.5940034e-01   2.3899612e-01   1.3945517e+00  -2.0650591e+00  -1.2903687e+00   9.1751797e-01  -3.1050733e+00  -2.0809955e+00   2.9671125e+00   2.5107435e+00   5.5378773e-02   7.8462546e-01   8.9182467e-01  -5.1182618e-02
   1.8048567e+01   1.5348979e-01  -2.1951374e+00   8.3273704e+00   4.3451508e+00  -3.2650306e+00   8.5427504e-01   1.1546953e+00  -5.0180134e+00  -3.5828209e+00  -1.4369684e-01   2.4474270e-02  -5.1602059e-01   1.4899257e+00   1.3565777e+00  -6.6325999e-02  -8.4909899e-01   3.2536743e-01   1.4906262e-01  -2.8452978e-01   7.9676656e-01   1.4474246e+00   2.5720519e-01  -2.5644208e-01
   2.5443570e+01   1.6277760e+00  -3.3277985e+00   1.2577742e+01   6.0696329e+00  -3.8558481e+00   5.2045682e-01  -2.2374171e-01  -5.9668403e+00  -2.9273892e+00   6.8981347e-01  -1.8670959e-01  -6.1686111e-01   1.9804124e+00   2.4947145e+00   7.8399911e-01   2.8358497e+00   3.0903062e+00  -2.7155713e+00  -3.6739383e+00   3.3307538e-01   8.8210531e-01  -5.3440985e-01  -2.6394599e-01
   1.5823271e+01   4.9890917e+00   1.8624269e+00   6.7709869e+00   6.0690322e+00   6.8433980e-01  -2.2997352e+00  -3.7591736e+00  -4.3229018e+00  -2.1754143e+00  -6.0948133e-01  -2.7050036e-01  -4.9868662e+00   2.0740644e+00   9.4919465e-01  -4.4766901e+00   1.7446524e+00   3.4878675e+00  -5.5434943e+00  -4.9115836e+00   2.5618547e+00   1.7184674e+00  -9.3280346e-01  -2.0111838e-01
   1.6368230e+01   3.1556348e+00   1.8742063e-01   8.5488951e+00   8.9368371e+00   1.0263732e+00  -4.1472139e+00  -4.6361091e+00  -4.8579100e+00  -3.1283007e+00  -8.2812288e-01  -9.4355437e-03  -8.4449923e+00  -1.5374633e+00  -2.3173788e+00  -7.6304901e+00  -9.7548553e-01   1.6109548e+00  -4.0183820e+00  -1.9440938e+00   3.3889450e+00   1.6918010e+00  -8.0139317e-01  -1.0340158e-01
   1.5105938e+01   2.5006570e+00  -2.5289550e+00   3.6267589e+00   5.5285273e+00  -4.7434001e-01  -5.1271311e+00  -4.0064964e+00  -1.7296965e+00  -9.0466403e-01  -7.8393386e-01  -3.6584032e-01   3.0514551e+00  -1.8563218e+00  -6.1569596e+00  -1.9017839e-01  -3.7109165e-02  -3.6420377e+00  -4.9514576e-02   3.0819529e+00   1.9107666e+00   1.7307378e+00   1.0002231e+00  -1.6363742e-01
   1.3134748e+01   5.6579845e-01  -4.6081758e+00   2.7041213e+00   4.8766571e+00  -8.6007597e-01  -4.0934183e+00  -3.0162210e+00  -2.1800255e+00  -1.0250628e+00  -4.2505003e-01  -2.9414197e-01   2.8002969e+00   1.5619375e+00  -6.0971241e-01   3.2518202e-01  -1.2412911e+00  -1.4939869e+00   1.9896106e+00   2.2109119e+00   6.6482820e-01   1.2093451e+00   5.9395469e-01  -3.0791773e-01
   2.2017195e+01   3.4995272e+00  -4.9752143e+00   9.4081062e+00   8.0434585e+00  -3.8354921e+00  -2.4009048e+00   5.3811738e-02  -2.7956941e+00  -6.3092654e-01   6.8931686e-01  -3.7360328e-01   1.7926288e+00   1.3789161e+00   3.7863339e+00   4.1150241e+00   1.3209484e+00   1.5559381e+00   2.9767488e+00   2.2264993e-01  -2.8213227e+00  -1.8291804e+00  -2.2816062e-01  -9.2485704e-03
   1.7113047e+01   4.9991060e+00   4.9598167e-01   6.1459945e+00   5.8174349e+00   4.6596895e-01  -2.5259110e+00  -3.3498954e+00  -3.3276688e+00  -1.4511519e+00  -6.7381621e-01  -4.6743065e-01  -4.5351852e+00   9.5533796e-01   4.2949845e+00  -2.0795457e+00  -3.0405293e+00   1.6394303e+00   1.1726424e+00  -1.4506659e+00  -2.0923560e+00  -2.4567023e+00  -1.2196861e+00   1.4724474e-01
   1.5805732e+01   2.3523774e+00   5.9846716e-01   8.0783585e+00   7.0395611e+00   1.1965447e+00  -1.4457614e+00  -3.5056843e+00  -5.3878588e+00  -3.4353901e+00  -1.0017917e+00  -2.9306884e-01  -2.0256044e+00  -5.1710430e+00   7.9985532e-02  -3.2419113e+00  -3.3804840e+00   1.2666125e+00   3.3662285e+00  -5.8254657e-01  -3.9805825e+00  -4.1101961e+00  -8.2361111e-01   5.2205062e-01
   9.4377017e+00   2.5723803e+00  -9.5253976e-01   2.4967662e-01   8.1781184e-01  -9.1694901e-01  -2.8120263e+00  -3.4124718e+00  -4.0224771e+00  -3.3078844e+00  -1.4090249e+00  -1.1354209e-01  -1.3517797e+00  -3.3103052e+00  -1.6453751e+00  -2.1076564e+00  -2.1901728e+00   5.6958235e-01   4.2249005e+00   1.7286170e+00  -2.2348880e+00  -1.5768591e+00   9.2101762e-01   6.4881718e-01
   2.2816461e+01  -3.0436744e+00  -4.1309753e+00   7.4933982e+00   5.4725440e+00  -1.2441144e+00   2.7914956e+00  -7.8871992e-01  -8.4191638e+00  -5.8678544e+00  -1.7849545e-01   2.3252836e-01   6.6274030e+00  -3.6674193e+00  -2.0597634e-01   3.1175977e+00   4.9821287e-01  -1.9289592e-01   2.1224666e+00   1.3761018e+00  -1.0941149e+00   3.0977257e-01   1.0502956e+00   2.1417335e-01
   1.1580013e+01   2.7316741e+00   3.9264033e-01   3.2769900e+00   3.3156842e+00   2.5406720e+00   1.6928112e+00  -2.1154520e+00  -5.1643484e+00  -2.6002084e+00   2.9606209e-01   2.4299652e-01   7.0602773e+00  -7.0990177e-01   2.2568345e-01   6.5493789e+00   4.5143668e+00  -7.1182002e-02  -2.3991916e-01   7.5661801e-01  -2.0982403e-01   6.9417126e-01   7.0802641e-01  -1.5033189e-01
   2.4675681e+01  -3.2283985e+00  -3.8308739e-01   1.1241098e+01   6.5379442e+00  -8.2160969e-01  -5.1448027e-01  -2.0900415e+00  -6.4580955e+00  -3.3245693e+00  -2.7889185e-01  -1.5007812e-01  -3.8711971e+00   2.7133498e+00   1.7668645e+00   1.4459254e+00   3.3958203e+00   2.2622444e+00  -4.1057296e+00  -3.5160308e+00   8.4291410e-01   1.2660272e+00  -5.8123329e-01  -3.9628659e-01
   1.9098508e+01   1.5998897e+00  -2.4879586e+00   8.1998948e+00   7.0566620e+00  -1.2349744e+00  -1.5189171e+00  -1.6268840e+00  -5.3177473e+00  -3.5382701e+00  -2.9678710e-01  -1.4773668e-01  -1.2786988e+00  -1.2198481e+00  -3.8142901e+00  -2.6259351e-01   3.8595389e+00   1.2789569e+00  -3.4857945e+00  -3.4533043e+00  -4.6409717e-01  -3.6457668e-01  -9.2071632e-01  -3.4420041e-01
   1.3250418e+01   1.5922426e+00  -4.0379069e-02   7.2008338e+00   8.6957856e+00   4.0370754e+00  -1.7612346e+00  -6.3070501e+00  -7.0780932e+00  -3.4997827e+00  -7.5392079e-01  -1.6653493e-01  -6.0438231e+00  -2.0241645e+00  -4.9588117e+00  -4.1152879e+00   3.1284893e+00   4.5144566e+00  -1.0370870e+00  -2.9471252e+00   4.9334281e-01  -8.0566038e-02  -1.0124567e+00  -2.0812537e-01
   1.5374596e+01  -1.5084186e+00  -5.5001490e+00   4.9032320e+00   8.0260719e+00   2.0297649e+00  -2.9125034e+00  -5.1869042e+00  -5.5504953e+00  -3.0594667e+00  -8.4749792e-01  -2.6507569e-01  -9.7738995e-01  -1.8555063e+00  -1.0508438e+00   9.4184262e-01   2.8958993e+00   1.6417298e+00  -6.0702730e-01  -2.9589141e-01   5.5546330e-01  -3.8871621e-01  -6.6535431e-01  -3.1980910e-02
   1.7471902e+01  -4.7104912e+00  -6.3152097e+00   6.7164979e+00   1.0745973e+01   4.3177056e+00  -1.3733177e+00  -4.7307192e+00  -5.6017073e+00  -3.6848200e+00  -1.5222215e+00  -4.0359667e-01   7.7031302e+00  -1.6077720e+00  -8.2707899e-01   6.6968252e+00   1.1292182e+00  -4.4960699e+00   1.5838859e+00   3.7897753e+00  -2.0236103e-01  -1.0398588e+00   2.9719595e-01   4.6151762e-02
   1.5521680e+01   1.9679971e+00  -9.2680896e-01   9.8548267e+00   1.0375417e+01   1.0873052e+00  -2.6234165e+00  -2.8588865e+00  -5.2227453e+00  -4.0288258e+00  -9.1066820e-01  -7.7177171e-02   1.2719602e+01  -3.6604152e+00   2.7919443e+00   9.0594351e+00  -8.7541555e-01  -6.2386228e+00   1.6447153e+00   3.9318336e+00  -9.3162202e-01  -8.8418612e-01   9.6641738e-01   1.0168345e-01
   2.4731571e+01  -2.5576233e+00  -3.5676676e+00   1.4770274e+01   9.2149402e+00  -2.2357996e+00   4.7005089e-01  -1.7863960e+00  -7.5455097e+00  -4.5748914e+00  -2.7654172e-01  -1.9125655e-01   2.0813822e+00  -2.6373162e-01   2.4436913e+00   1.9641792e+00  -3.6972037e+00  -6.1739701e+00  -2.2471139e+00   1.3933985e+00   1.0115897e+00   5.0311040e-01   6.5753336e-01   9.1888646e-02
   3.0824165e+01  -8.0754752e+00  -2.6860037e+00   1.4465497e+01   7.4784651e+00  -4.0514168e+00  -1.3671148e+00  -7.6131535e-01  -5.9760271e+00  -3.9407102e+00  -2.0711749e-02  -2.1872058e-01  -1.9037597e+00  -2.8761615e+00  -1.7914020e+00  -1.9401783e+00  -3.5555014e+00  -4.5966337e+00  -3.8674837e+00  -9.3772528e-01   1.1206571e+00   8.2384570e-01   1.1351945e-01  -1.1991749e-02
   1.2942733e+01  -8.4352423e-02  -1.7700753e+00   7.3574319e+00   6.6486437e+00  -2.3738887e+00  -5.3721395e+00  -3.6894071e+00  -3.7076818e+00  -2.9742122e+00  -9.8089971e-01  -1.9499200e-01  -8.9223390e+00   5.3378393e+00   1.1052970e+00  -6.3830231e+00  -3.0693759e+00  -4.6837834e-01  -2.8973734e+00  -2.5396797e-01   2.7783951e+00   1.4773661e+00  -5.3097348e-02   5.9721227e-02
   1.8560460e+01  -3.5828806e+00  -4.5127081e+00   1.0650980e+01   6.3253133e+00  -5.7386008e+00  -5.5035469e+00  -3.3139688e+00  -5.4606736e+00  -3.5933968e+00  -3.8821004e-01  -9.3297067e-02  -4.2864426e+00   6.9972012e+00  -3.4767139e-01  -2.5165914e+00  -4.4975885e-01   2.9631237e-01   1.0817712e+00   1.1862972e+00   1.7979359e-01   1.3172780e-01   1.0875733e-01   8.6868999e-03
   1.7479915e+01   3.2028383e+00  -9.9636990e-01   7.1029976e+00   5.1874522e+00  -2.0947751e+00  -1.8077932e+00  -8.9102117e-01  -3.6355939e+00  -2.5324990e+00  -1.7243860e-01  -1.6438646e-01   1.0919757e+01  -4.4268513e-01  -2.6452621e+00   6.0382597e+00   1.5029407e+00  -2.1646543e+00   4.4555896e+00   4.2309473e+00  -3.3417931e+00  -1.6747308e+00   6.6653462e-01  -7.2956394e-02
   2.2125910e+01   7.7673121e-01  -3.5943635e+00   1.0817826e+01   7.5344226e+00  -3.7465051e+00  -1.5266312e+00  -3.8106253e-01  -5.7423807e+00  -3.9639751e+00  -2.6180631e-01  -2.2099300e-01   9.0044048e-01   9.6820863e-01   3.9297150e-01   1.1770605e+00   4.1591042e-01   6.6331147e-01   2.4242274e+00   1.0849189e+00  -2.2356023e+00  -1.4253310e+00   1.5527533e-01   1.9630209e-01
   2.7539643e+01  -2.9281860e+00  -6.1971408e+00   1.6331398e+01   8.2985002e+00  -6.6169179e+00  -6.7721284e-01   1.1905606e+00  -8.5795179e+00  -5.3010192e+00  -4.4299635e-02  -2.4057863e-01  -1.9858413e+00  -2.8087899e+00  -1.3091170e-01  -1.7248846e-01  -3.0582713e+00  -3.3252833e+00  -4.3070417e-01  -3.4020139e-01  -1.8036782e+00  -1.5095570e+00   2.9948743e-02   3.7167296e-01
   1.4881257e+01   9.3494454e-01  -1.3228654e+00   7.8023708e+00   5.3936550e+00  -2.4825622e+00  -2.4324960e+00  -2.7273814e+00  -6.3421150e+00  -4.3471332e+00  -2.1936652e-01   2.3925215e-01  -1.0872077e+01   3.3600270e+00   5.5833732e+00  -8.5047013e+00  -7.1825759e+00   1.7570124e+00   1.3806346e-01  -1.3103115e+00   3.1549828e+00   2.1179990e+00   1.3980027e-01   4.1029153e-01
   1.8123480e+01  -1.0894531e+00  -2.3284865e+00   8.3519928e+00   1.6704290e+00  -7.7146715e+00  -2.0009171e+00  -2.2816383e-01  -6.0412440e+00  -4.6052555e+00  -1.4873538e-01   1.6300040e-01  -1.7946233e+00   1.3593733e+00   4.3600464e+00  -5.6252891e+00  -2.7833905e+00   3.3352532e+00   8.3365849e-01  -2.1224989e+00   2.7380898e+00   2.3061193e+00   2.9910033e-01   5.3413176e-02
   1.0525876e+01   4.8974053e+00   2.8463691e+00   2.0504774e+00   7.4594288e-02  -5.6210969e-01  -6.5768392e-01  -1.6371675e+00  -2.2790435e+00  -1.1348585e+00   1.1197032e-04   1.9265478e-01   6.4528317e+00  -1.8161852e-02  -1.0582139e+00   1.4503644e+00   3.3223468e+00   2.7548538e+00   8.8979625e-01  -8.7001047e-01  -3.3508923e-01   6.3073580e-01   1.2566720e-01  -2.8192303e-01
   2.7025398e+01  -2.8703564e+00  -1.7416884e+00   1.0769411e+01   6.7829448e+00  -2.5742644e+00  -3.1413112e-01  -2.5382946e+00  -6.5039189e+00  -3.4479776e+00   2.9461162e-01  -1.3716018e-01  -3.8996994e-02   1.2702791e+00  -1.3322561e+00  -1.6318420e+00   3.0768983e+00   4.2659924e+00  -1.4029927e+00  -3.1349377e+00  -1.6315822e-01   6.5547664e-01  -4.6633784e-01  -3.3542843e-01
   2.0109545e+01   1.7981534e+00  -3.2035854e+00   8.7692081e+00   7.8209173e+00  -9.2048503e-01  -1.9411946e+00  -2.8773317e+00  -6.6134114e+00  -3.9796684e+00  -2.5253921e-01  -3.3552108e-02  -1.3321280e+00  -8.3245267e-01  -4.8600301e+00  -2.4801620e+00   1.0955455e+00   2.0834477e-01  -2.9345339e+00  -2.1999642e+00  -1.1386969e+00  -1.3020608e+00  -9.2588275e-01  -1.5970571e-01
   1.3273150e+01   2.3655915e+00  -1.3018934e+00   2.5448644e+00   2.4126150e+00  -1.1364952e+00  -3.4636508e+00  -4.3104883e+00  -4.1187974e+00  -2.1996355e+00  -7.2191654e-01  -2.2703879e-01  -1.2415056e+01   3.8197299e+00   3.5523742e-01  -7.7926982e+00  -3.7159259e+00   1.5143272e+00  -2.0115153e+00   6.6872613e-01   4.7759952e+00   2.3015112e+00  -2.2248158e-01   3.5633102e-01
   1.5403808e+01   1.0307523e+00  -4.6635734e+00   2.4425079e+00   3.9030774e+00  -9.6847714e-01  -3.4847249e+00  -4.0510169e+00  -5.1796497e+00  -3.7121207e+00  -8.8044808e-01  -1.9644821e-03  -3.1419392e+00   1.3749030e+00   2.3552016e+00  -2.3705065e-01   1.0878298e+00   8.7073989e-01  -1.8907627e+00  -4.7963973e-01   2.0729985e+00   1.0158769e+00   2.1637708e-01   3.6069905e-01
   1.0755683e+01   3.2429390e+00  -4.7883821e-01   2.2437143e+00   3.1679758e+00  -2.7877759e-01  -2.5596389e+00  -9.4836279e-01  -5.6806965e-02  -1.2948475e-01   2.7484369e-01   3.8154254e-01   2.6596395e+00   1.7785461e+00   1.8480467e+00   3.7936893e+00   3.9218916e+00   7.2987688e-01  -9.1356956e-01  -1.1074277e-01  -4.2465271e-02  -2.0000463e-01   2.5193885e-01   2.1614590e-01
   1.6655370e+01   3.4218342e+00  -8.2310574e-02   8.5642072e+00   9.0749815e+00  -4.3234000e-02  -5.2293446e+00  -5.2778540e+00  -5.5349089e+00  -3.4909285e+00  -4.2635370e-01   2.0320580e-01   8.7158098e-01   2.5996260e+00   3.3410596e+00   2.5455150e+00   2.6733245e+00   1.7943288e+00  -9.8514350e-01  -2.4427958e+00  -1.1023534e+00   7.1116376e-03  -4.4595894e-01  -3.6286365e-01
   1.6636828e+01   3.8378697e+00  -8.2045484e-01   5.1745487e+00   5.7095004e+00  -5.0430145e-01  -3.9616953e+00  -3.8631839e+00  -4.0048657e+00  -2.6102386e+00  -5.7105546e-01  -5.4050930e-03   5.0516359e+00  -1.4089780e+00  -2.8781982e+00   1.2688098e+00   3.5387568e-01  -1.5721794e+00   2.4653714e-01  -7.7960632e-01  -2.9542999e+00  -2.3841145e+00  -1.1581418e+00  -5.8471119e-01
   1.3770607e+01   4.6327261e+00   5.1882431e-01   4.7953632e+00   6.6423020e+00   1.8357780e+00  -4.2614120e+00  -6.2578001e+00  -4.8591505e+00  -2.4610763e+00  -1.1264369e+00  -3.5278615e-01  -4.1624177e-01  -1.7377260e+00  -3.9878469e+00  -5.6576331e+00  -5.8029891e+00  -2.8321348e+00   1.2260778e+00   2.9225008e+00   2.6432282e+00   9.7181944e-01  -4.9559937e-01  -3.7080593e-01
   1.9775518e+01   5.2402610e-01  -5.0967029e+00   6.0313510e+00   4.9151291e+00  -3.5765527e+00  -2.6737995e+00  -1.6277992e+00  -4.8261361e+00  -4.2205827e+00  -1.1123274e+00  -2.1752827e-01   9.2626349e+00  -4.0058017e+00  -1.9846824e+00   4.2618054e+00  -1.7514666e+00  -7.5170660e+00  -7.0018485e-02   5.1583021e+00  -1.9670027e-01  -4.9502847e-01   3.7451088e-01   5.3073235e-02
   1.4461662e+01   2.4721669e+00  -3.9259569e+00  -3.5064355e-01   7.6768349e-01  -2.7553105e+00  -4.0341758e+00  -2.0117951e+00  -1.1594314e+00  -1.2280273e+00  -8.9911677e-01  -2.4694150e-01   8.1296948e+00  -4.3210929e-01   3.0538199e-01   6.2268327e+00  -5.5094830e-01  -7.7566323e+00  -3.2431430e-01   5.2483551e+00  -8.2302905e-01  -1.3918255e+00   9.8275586e-01   4.6464209e-01
   3.0185253e+01  -1.0905534e+00  -1.5750879e+00   1.4140260e+01   6.0196097e+00  -9.4843563e+00  -4.1803411e+00   1.7512668e+00  -6.1497756e+00  -3.9693058e+00  -1.2294922e-01   2.1282436e-02   8.6732267e+00  -1.1939258e+00   4.7654849e+00   1.0172042e+01   1.4349407e+00  -4.6040969e+00   1.3522033e+00   7.5389840e-01  -3.1050586e+00  -1.4228617e+00   7.0686418e-01   4.0970900e-01
   2.0760282e+01   4.7918519e+00  -7.8391022e-01   1.0081158e+01   5.2636393e+00  -6.8452686e+00  -3.9946126e+00  -7.4800481e-02  -5.4318743e+00  -4.6744531e+00  -1.4699222e-01   2.2477163e-01   5.1024413e-02  -4.3412389e-01   3.1629674e+00   4.2575655e+00  -4.4604408e-01  -1.2340859e+00   2.4504706e+00  -4.5878681e-01  -2.8888936e+00  -1.9213961e+00   6.6028284e-01   5.5142527e-01
   2.9636048e+01  -2.4267051e+00   4.8050115e-01   1.6073513e+01   4.8195623e+00  -8.4377190e+00  -6.6527605e-01  -1.4654490e+00  -7.3475025e+00  -4.6316623e+00  -4.2809342e-01   1.6117866e-01  -1.1855592e+01  -1.0197649e-01   5.2135926e-01  -6.5144459e+00  -3.8298889e+00   3.1507145e+00   1.2518734e-01  -3.1704504e+00   1.3932933e+00   8.4876851e-01   3.0632755e-01   4.2298413e-01
   1.4812801e+01   2.4890569e+00  -2.0930028e-01   5.0690781e+00   6.9864105e-01  -5.1297581e+00  -2.1160025e+00  -1.0916175e+00  -4.8939083e+00  -3.7789432e+00   2.4387960e-01   5.1024829e-01  -6.8573346e+00  -1.4329544e+00  -2.0005474e+00  -6.2659511e+00   1.7056243e-01   5.6776840e+00  -1.0635176e+00  -2.9048129e+00   1.5196941e+00   1.3747433e+00  -3.9906775e-01  -1.1491000e-01
   1.5375606e+01  -9.2120628e-02  -1.0803540e+00   6.8746310e+00   2.5572754e+00  -5.6160397e+00  -4.9318651e+00  -2.4960004e+00  -4.3288187e+00  -3.1439080e+00   1.4110621e-01   5.1302030e-01  -4.9968639e+00   1.3210995e+00  -4.2898510e+00  -5.7697479e+00   3.4936005e+00   6.4281220e+00  -2.1008010e+00  -1.8712806e+00   1.4235838e+00   6.4908533e-01  -7.4154192e-01  -4.0277062e-01
   1.7604501e+01   1.4751280e+00  -3.0043038e+00   5.2816722e+00   6.6506264e+00   2.6041778e-01  -3.4565945e+00  -3.9167441e+00  -4.6616750e+00  -3.3562153e+00  -1.0301937e+00  -1.2351419e-01   1.1705574e+01  -4.2493252e+00  -6.7552646e+00   5.3195196e+00   6.9726960e+00   1.3226435e+00   9.4747839e-01  -3.0470524e-01  -1.7855738e+00  -8.8493236e-01  -9.7703984e-01  -6.2888691e-01
   2.0744902e+01   6.1908601e-02  -4.5567736e+00   7.3125945e+00   7.0839703e+00  -1.4906240e+00  -3.1461815e+00  -2.8598066e+00  -5.3282435e+00  -3.8693983e+00  -9.0336968e-01  -1.2609602e-01  -4.0107349e-01  -7.2190732e-01  -1.1355143e+00  -9.5766055e-01  -8.7795052e-01  -1.3484574e-01   8.2575069e-01   1.4277942e-01   9.4072410e-01   1.2798098e+00  -4.1367873e-01  -6.0142523e-01
   2.9686514e+01  -3.9619456e+00  -8.6039874e+00   1.2829376e+01   8.8943376e+00  -5.2085008e+00  -1.5876267e+00  -1.3667722e+00  -7.0725566e+00  -4.7435965e+00  -6.9944223e-01  -1.1352392e-01  -3.5256163e+00  -1.5238592e+00   2.6897132e+00  -1.1846421e+00  -5.2269834e+00  -2.8513306e+00   4.8539660e-01   5.7840340e-01   4.5737474e-01   8.1134620e-01   8.3512748e-01   2.1807798e-01
   8.7329891e+00   1.5435552e+00   1.6216382e-02   1.6642885e+00   1.1849394e-01  -3.0838490e+00  -4.6277230e+00  -3.5568172e+00  -1.7122917e+00  -5.3050261e-01  -6.4478760e-01  -3.9411268e-01  -9.3354709e+00   4.1575817e+00   5.4708081e+00  -6.5359530e+00  -5.1644784e+00   2.9665850e+00   1.2138986e+00  -1.2150430e+00   8.9443765e-01   1.3427458e+00   7.3048001e-01   3.0738449e-01
   1.8322033e+01  -1.5514842e+00  -1.2562289e+00   6.3288621e+00   2.2928894e+00  -3.2199656e+00  -1.9877289e+00  -2.7006337e+00  -5.7835888e+00  -3.8086438e+00   9.3206516e-02   3.3761110e-01  -4.8591067e+00   5.0012522e+00   2.4516162e+00  -4.5004935e+00   5.4473487e-01   4.5429368e+00  -4.6822432e-01  -1.2576783e+00   5.6246599e-01  -3.7828450e-01  -2.2935383e-01   2.2204340e-01
   1.2423936e+01   5.0930504e+00  -2.4440738e-02   7.5892187e-01   2.6379769e+00   1.9649860e+00  -1.1252825e+00  -4.0154403e+00  -4.6310709e+00  -2.3227560e+00  -2.0397403e-01   1.0941320e-01   7.8388245e+00   1.3646836e+00  -4.1514996e+00   2.7749524e+00   7.1128804e+00   2.7907786e+00  -9.9519486e-02  -1.7069044e-01  -1.9719163e+00  -2.6722567e+00  -9.0452304e-01   5.7645401e-02
   2.0552380e+01   1.7651852e+00  -4.9062346e+00   6.5313188e+00   8.4516985e+00  -9.1851314e-01  -4.0411834e+00  -3.0239781e+00  -4.7694680e+00  -4.4148966e+00  -1.2638798e+00  -3.2221755e-02   5.8778368e-01   2.1421088e+00  -3.0497452e+00  -1.8634966e+00   2.2521335e+00   5.7305739e-01  -2.1758946e+00   6.5426511e-01   3.2088995e+00   1.2944817e+00  -9.2577893e-01  -4.3635967e-01
   1.9376052e+01   1.9322460e+00  -4.3860302e+00   5.7254887e+00   7.7084099e+00  -4.8407326e-02  -3.7502749e+00  -3.6511806e+00  -5.1772266e+00  -4.2357613e+00  -1.3230290e+00  -1.2272815e-01   2.3838424e+00  -1.0273727e+00  -3.1147137e+00  -1.2870030e+00  -9.5055907e-01  -2.2245788e+00  -1.4460785e+00   1.2136529e+00   2.0962668e+00   1.0789415e+00   1.4876262e-01  -6.8248278e-02
   1.5727651e+01   3.2420812e+00  -3.6500520e+00   1.0503338e+00   3.1358731e+00  -1.3536828e+00  -3.9390745e+00  -1.9013659e+00  -6.9716163e-01  -9.1041867e-01  -7.3593438e-01  -2.0085773e-01  -5.6591265e+00   2.0283573e+00   3.0065891e+00  -5.1668866e+00  -6.2190536e+00   8.5857992e-01   3.4401686e+00   1.9065197e+00   1.8394675e+00   2.2439613e+00   1.2789013e+00   2.7187081e-01
   1.8412065e+01   2.8135433e+00  -5.3246027e+00   1.5689098e+00   3.8700510e+00  -1.1542973e+00  -3.3454548e+00  -2.7562670e+00  -3.5228240e+00  -2.4565827e+00  -2.4480279e-01   9.1358770e-02   5.4889558e+00  -4.0544439e+00   1.8474282e+00   1.1184852e+00   2.7666157e-01  -1.4084264e-01   2.9494971e+00   9.5925565e-01  -1.1143036e+00  -3.3693490e-01   9.3782769e-01   2.8783482e-01
   1.2545684e+01   4.3670724e+00   7.2935219e-02   8.5927828e-01   1.0422976e+00   9.2230172e-01   9.1665943e-01  -6.1165547e-01  -2.8374681e+00  -1.9385440e+00   1.1535906e-01   2.6854101e-01   9.9113448e+00  -4.3998630e+00  -2.3432397e+00   7.1760801e+00   6.0109431e+00  -7.4426146e-01   1.2898600e+00   5.5501348e-02  -4.5447862e+00  -3.1663081e+00   1.4793131e-01   1.8242603e-01
   2.9200469e+01  -4.7119155e+00  -3.4763815e+00   7.4987442e+00   9.1701900e+00  -1.3976636e+00  -1.7538963e+00  -2.8571524e+00  -5.7785288e+00  -4.2271010e+00  -3.4193420e-01   7.4324714e-02   3.7276824e-02  -1.6572361e+00  -1.7965413e+00   1.0202203e+00   1.1961379e+00  -1.7889261e+00  -2.4654131e+00  -8.6286593e-01  -2.6461861e-01  -6.2456015e-01  -7.5759064e-01  -2.2788663e-01
   2.5200466e+01   4.0501618e-01  -8.0890221e+00   8.8495367e+00   9.5022183e+00  -2.3483919e+00  -2.8000638e+00  -1.7676712e+00  -6.3864886e+00  -4.7746217e+00  -4.6547170e-01   8.1298349e-02   5.8867286e-01  -1.2009916e+00  -4.1556220e+00   1.4807599e-01  -3.3003775e-01  -2.9308156e+00  -3.5404960e+00  -6.0688908e-01  -1.8244784e-01  -5.3381219e-01  -6.5623718e-01  -1.4884518e-01
   1.2140589e+01   2.3087173e+00  -3.9384360e+00  -8.9588903e-01   1.4342974e+00  -2.2023396e+00  -5.1852129e+00  -3.4725581e+00  -2.1452417e+00  -1.9753840e+00  -1.0907734e+00  -1.5684985e-01  -1.3832097e+01   4.2119900e+00   1.4651755e+00  -7.3358415e+00  -7.5990716e+00   1.4651783e+00   1.3008860e+00   1.6889813e+00   4.0253900e+00   3.2134849e+00   3.5077018e-01  -1.6610894e-02
   2.1958634e+01  -9.4473136e-01  -5.9294705e+00   5.2787089e+00   4.4151873e+00  -3.0715837e+00  -2.6784263e+00  -1.2142862e+00  -4.9277834e+00  -3.8651208e+00  -4.9457712e-01   1.6086052e-01  -6.8232017e-01  -1.5475018e+00   1.6873188e+00  -6.5610277e-01  -2.0843198e+00   1.1129971e+00   2.5324364e+00   1.2441637e+00   1.4063442e+00   8.5324246e-01   3.6482762e-01   1.1517938e-01
   1.0073240e+01   2.2809432e+00  -2.3583941e+00  -1.7196041e+00   3.1509808e-01   1.1616998e+00   1.3661394e-01  -6.0037280e-01  -4.6979639e-01   1.3837583e-01   1.9877378e-01   9.6272850e-03   6.2876142e+00  -1.0758113e+00  -8.7490549e-01   5.4465728e+00   4.8338034e+00   1.0577764e+00   1.7637155e+00   8.7076539e-01  -1.9825469e+00  -1.8768411e+00   1.0202864e-01   2.4462686e-01
   2.5210660e+01  -1.9023494e+00  -6.3480649e+00   8.2772401e+00   6.9353382e+00  -2.3609159e+00  -1.6623227e+00  -1.3375182e+00  -5.1146949e+00  -4.5516380e+00  -5.6300384e-01   1.7082885e-01   6.6005767e+00  -2.0847140e+00  -4.7915442e-01   4.8421153e+00   4.2912409e+00   3.8100772e-01  -1.7611659e-01  -1.1646360e+00  -2.4911911e+00  -1.9239476e+00  -5.1383510e-01   2.6383072e-02
   1.9945997e+01   1.1738094e+00  -5.0414970e+00   5.7747046e+00   7.4249271e+00  -9.7100890e-01  -3.0476914e+00  -2.1047940e+00  -5.0256062e+00  -4.4473871e+00  -9.0351705e-01   2.0510628e-01   1.2184591e+00  -1.0562524e+00   1.6343042e+00   3.0693354e+00   1.3236831e+00  -8.8739097e-01  -1.7113539e+00  -2.7152787e+00  -3.5910252e+00  -2.4921822e+00  -8.4691488e-01   1.0288943e-01
   2.6923120e+01  -3.5182354e+00  -5.3066507e+00   8.7947274e+00   7.2971341e+00  -1.4337178e+00  -1.3504485e+00  -2.2090296e+00  -6.3866652e+00  -4.4581606e+00  -7.1418435e-01   1.0269564e-01  -4.2749299e+00  -6.8955055e-01   2.9612352e+00  -2.2366287e+00  -5.0428399e+00  -1.3833118e+00   6.4483655e-01   1.4137227e-02   5.5651626e-01   1.1524588e+00   6.8304974e-01   3.1888363e-01
   1.1044699e+01   1.5045077e+00  -4.2764484e-01   2.6256554e+00   2.1197247e+00  -6.3298573e-01  -2.5863540e+00  -4.2375351e+00  -5.2203490e+00  -3.6466362e+00  -9.9600829e-01   1.9802804e-01   5.4510644e-01   1.9219328e+00   9.4126039e-01  -1.1585615e+00  -2.6655193e+00  -1.1693751e+00   8.4561686e-01   1.5201677e+00   9.1144202e-01   7.1545259e-01   7.2176780e-01   1.8967475e-01
   2.3248915e+01  -3.1020244e+00  -4.2131383e+00   6.4968217e+00   2.0236796e+00  -4.6048952e+00  -9.2573658e-01  -2.4994183e-01  -4.1825491e+00  -3.2233252e+00   5.0781639e-01   6.5269341e-01   3.7595616e+00   3.9419388e+00  -9.9477806e-01  -9.5779492e-03  -1.8796263e-01  -4.3331139e-01   1.2183707e+00   1.7119422e+00   1.1005748e-01   2.3049204e-01   3.7261975e-01  -5.3185934e-03
   2.2600760e+01   3.8486031e+00  -4.1763626e+00   5.1858151e+00   6.0633754e+00  -1.1394828e+00  -1.9916221e+00  -8.0408629e-01  -4.7605012e+00  -3.9916259e+00  -4.3186571e-01   2.1461951e-01   6.6856835e+00   3.5245149e+00  -1.0719043e+00   1.2561899e+00   3.3869003e+00   2.7427662e+00   1.7649938e+00   2.7837718e-01  -1.2870779e+00  -6.5839641e-01  -2.7735108e-01  -2.9552016e-01
   2.6784432e+01   1.2226251e+00  -4.9244589e+00   7.5002806e+00   5.0433648e+00  -1.8304363e+00   1.7974163e-01  -1.3578407e+00  -6.4515029e+00  -3.9399277e+00  -4.3732601e-01   8.6422011e-02  -1.0153333e+01   4.1887675e+00   2.7932384e+00  -5.1568776e+00  -1.5272601e+00   3.3480984e+00  -5.4658072e-01  -2.5941043e+00   3.7604918e-01   9.6827005e-01  -5.5802643e-01  -3.2802775e-01
   1.9305465e+01   4.6289553e+00  -1.6798409e+00   4.0082108e+00   5.6902326e+00   2.0939342e+00  -4.9160246e-01  -3.2660199e+00  -6.0164890e+00  -4.2759296e+00  -9.3946371e-01   3.7883499e-02  -6.0628714e+00  -4.5953867e+00   3.9616713e+00  -3.0359717e+00  -3.8941441e+00  -1.4684148e+00  -9.9027604e-01  -2.2461457e+00  -2.7943002e-04   9.4276716e-01  -6.2266840e-02   3.0089001e-01
   9.6665629e+00   2.7909508e+00  -1.2715415e+00  -6.4969250e-01  -8.0639248e-02  -1.1994560e+00  -2.4956175e+00  -2.9101314e+00  -2.9904815e+00  -1.6287683e+00  -7.5424266e-02   2.4901979e-01  -9.4098529e+00  -8.2265974e-01   5.5672715e+00  -1.6236038e+00  -2.8531249e+00  -1.3438096e+00  -1.2025168e+00   6.4168543e-01   3.2556105e+00   2.4874073e+00   7.5498866e-01   2.6607566e-01
   2.2065387e+01  -3.8286398e+00  -6.0314396e-02   4.7068441e+00   2.7841613e+00  -3.6575951e+00  -2.1393566e+00  -3.3971595e+00  -6.4914310e+00  -3.7330549e+00  -7.0621684e-01   5.8465564e-01  -5.3240940e-01  -7.7901659e-01   2.5302324e+00   5.6484321e+00   6.7805026e-01  -3.9903568e+00  -6.4515787e-01   2.9262338e+00   1.6331174e+00   7.6740861e-01   8.5491866e-01   2.2642553e-01
   1.1289691e+01   4.2174331e+00   2.6166852e+00   4.7155583e+00   2.2167131e+00  -9.7038606e-01  -8.0015646e-01  -3.2974274e-01  -1.3306161e+00  -4.8025405e-01   5.7853354e-01   2.1214943e-01   3.2899810e+00   2.6561613e+00   1.2975985e+00   8.7343281e+00   5.1808425e+00  -1.3870279e+00  -2.0974641e-01   2.3590346e+00  -5.8324609e-01  -1.5658551e+00   3.0139886e-01   1.3742444e-01
   1.7695287e+01   2.7471892e+00   1.7139431e-01   9.7982336e+00   5.5586318e+00  -4.0061361e+00  -2.3070698e+00  -1.6686354e-01  -4.3967455e+00  -3.6990738e+00   1.5935379e-02   3.9595697e-01  -1.4790787e+00   4.9889068e+00   1.8525326e-01   3.5486094e+00   1.4661596e+00  -1.3202356e+00  -1.9886423e+00   1.2025742e+00   1.7789238e+00  -1.3585606e-01   9.4912738e-02  -1.0531869e-01
   1.6786585e+01   3.4872782e+00   5.5900195e-01   9.9061049e+00   6.3033893e+00  -3.1057274e+00  -2.7263805e+00  -9.8672748e-01  -4.9126934e+00  -3.9945415e+00   1.5597920e-02   5.4950578e-01  -1.1078242e+00  -4.6196556e-01  -2.2000774e-02  -1.3529888e+00  -1.3597148e+00  -2.1780800e-01  -1.5799877e+00  -2.3097723e+00  -6.6293183e-01   1.0046535e-01  -1.0002635e-01   2.6970182e-02
   1.7098323e+01   4.0197978e+00   1.2464071e+00   7.4344849e+00   2.9400625e+00  -4.5702778e+00  -4.1592080e+00  -1.2648058e+00  -2.0320067e+00  -2.1796952e+00  -2.8237993e-01   2.5799943e-01  -5.7189271e+00   1.7435254e+00   1.6580311e+00  -6.1687756e+00  -3.7091149e+00   2.3336084e+00   3.6498646e-01  -4.2730435e-01   3.2339105e+00   2.5324343e+00  -1.8834736e-01  -2.4618657e-01
   9.9264371e+00   2.8881804e+00   2.0461776e+00   3.8679494e+00   1.4864256e+00  -1.0150272e+00  -2.2440689e+00  -3.2454301e+00  -3.5073833e+00  -1.0892453e+00   5.7765167e-01   3.2158348e-01   1.2097017e+00  -2.4639053e-01  -8.0177448e-01  -1.6955021e+00  -1.0729609e+00   7.7587486e-01   9.2647649e-01  -2.1731338e-01   3.8775632e-01   9.2187836e-01   5.0216016e-01  -2.2603565e-02
   1.2546970e+01   5.6620262e+00   1.9148531e+00   3.5641480e+00   2.4034413e+00  -1.5510735e+00  -2.0007459e+00   3.2153122e-01  -2.4853482e-01  -1.3530705e+00  -5.4761254e-01   1.4063826e-01   8.4538172e+00  -2.0718462e+00  -5.5903320e+00   4.5331907e+00   2.9222182e+00  -4.9214199e-01   2.1783792e+00  -1.8859668e-01  -3.6702574e+00  -1.1622770e+00   7.4014074e-01   1.5432563e-01
   2.0876814e+01   2.2965781e+00  -9.7788280e-01   9.2980202e+00   4.9622585e+00  -3.4515172e+00  -2.4158968e+00  -2.1058661e+00  -5.2227949e+00  -3.0250364e+00   9.0145447e-01   5.7428102e-01   8.1687012e+00   6.6987953e-01  -3.5378318e+00   2.3168692e+00   2.1174324e+00   3.4495937e-01   1.1362840e+00  -3.0853395e-01  -2.7250297e+00  -1.7259330e+00  -1.3334643e-01   1.1240380e-01
   2.4303860e+01   1.2078297e+00  -5.6270607e+00   1.1519236e+01   5.5854733e+00  -4.0902458e+00  -8.0572519e-01  -2.1174828e+00  -6.6796869e+00  -2.9552152e+00   6.6592978e-01   3.6313910e-01   4.7233759e-01  -8.8192464e-01  -2.2357837e+00  -2.3403734e+00  -1.5969848e-01   2.3303230e+00   9.3824384e-01  -2.1689270e+00  -2.7487832e+00  -1.0205890e+00   2.2256328e-01   3.0297749e-01
   1.6301044e+01   6.1200980e+00   5.1038688e-01   3.3657095e+00   3.0715581e+00   7.7199802e-01  -1.1371533e+00  -2.4887240e+00  -4.3793518e+00  -2.8770725e+00  -2.2913914e-01   3.7893876e-01  -6.5113594e+00   3.8965943e-01   5.7128985e-01  -4.9491049e+00  -6.4017004e-01   2.6709115e+00   3.2828585e-01   9.4696225e-01   2.5349907e+00   8.9012935e-01  -1.1237468e-01   2.5884304e-01
   1.5543361e+01   2.4273793e+00  -2.1829572e+00   3.0197432e+00   3.1092438e+00  -1.6734661e-01  -1.2327519e+00  -2.7404303e+00  -4.7934312e+00  -2.9579359e+00   3.5152919e-01   6.9277562e-01  -7.2450189e+00   1.0904222e+00   3.6318730e+00  -4.2654770e+00  -1.3633533e+00   9.6912502e-01  -1.0944707e+00   7.0598193e-01   2.9142621e+00   9.8856979e-01   1.6988962e-01   2.2304934e-01
   1.5490024e+01   2.2712924e+00  -1.8429998e+00   6.1241089e+00   5.2401182e+00  -1.4065996e+00  -1.7099547e+00  -3.7394892e-01  -2.3634366e+00  -1.6884820e+00   8.9009275e-01   7.9772732e-01  -8.8207535e-01  -8.6693910e-01   2.9419904e-01   1.1842807e+00  -1.4900176e+00  -4.7059970e+00  -3.7372819e+00  -8.9987582e-01   4.1959449e-01   1.0883031e+00   1.0926801e+00   2.4172836e-01
   1.3841842e+01   4.7678657e+00   9.9744215e-01   3.7418204e+00   2.4561634e+00  -1.5472594e+00  -2.1610305e+00  -2.1158975e+00  -3.3162513e+00  -2.0666558e+00   3.6114827e-01   4.8831883e-01  -5.9658204e-01   2.6645285e+00   3.0445558e+00   7.8590910e-01  -1.0429941e+00  -1.9468012e+00  -3.0521608e+00  -3.0092751e+00  -1.4520872e+00   6.5142321e-01   7.3063257e-01  -1.2860751e-02
   1.5828690e+01   3.6494462e+00  -6.3851423e-01   4.7810920e+00   1.1630719e+00  -5.5970410e+00  -6.2789368e+00  -4.1508041e+00  -4.4885500e+00  -1.6902579e+00   1.4050714e+00   8.4375969e-01   5.1166830e+00  -5.7655676e-01   1.9657966e-01   2.5722035e+00  -1.9757599e+00  -3.4402765e+00  -1.0826176e+00  -4.3227017e+00  -3.0551606e+00  -6.8257906e-01   4.8306649e-01  -1.0167447e-01
   1.4479155e+01   5.7350952e+00   1.7816338e+00   4.8701153e+00   3.5832757e+00  -9.9232765e-01  -3.5265021e+00  -5.3659154e+00  -5.9090052e+00  -1.9799132e+00   1.1899887e+00   6.5046831e-01   1.0127256e+00  -1.3547064e+00  -4.9176149e-01   1.1689457e+00  -2.6961843e-01  -1.2818387e-01   1.8389968e+00   7.5557805e-01   1.0057682e+00   5.4215466e-01  -2.9478458e-02  -1.4224957e-01
