  -7.8904135e-01   6.2600785e+00   1.1699773e+01   7.8901734e-01   1.5936573e+01   4.8835427e+00   1.0241445e+01   2.1997828e+00   1.9855322e+00  -1.1865197e+00   1.2081071e+00   4.5731156e-01   2.3609906e+00   3.0007007e+00   3.2502287e+00   4.8645352e+00   2.8181532e+00  -4.7691978e-01   2.4836525e-01  -2.1395450e-01  -1.3332313e+00  -1.3431547e+00   5.1937985e-01  -4.2673259e-01
   1.7609186e+00   6.4034558e+00   1.1585266e+01   3.2864449e+00   1.6772307e+01   1.6816274e+00   7.4312614e+00   3.6301840e+00   3.3170542e+00  -4.8031218e-02   1.0891655e+00  -9.1068149e-02   4.6114248e+00   2.2713272e+00   9.7252065e-01   2.8225111e+00   2.8062948e+00  -6.9310729e-01  -1.8640183e+00  -3.7031154e-01  -1.1192485e+00  -1.0195680e+00   3.2133807e-01  -5.2230696e-01
   1.4282771e+00   7.7330377e+00   1.1309779e+01   3.4360195e+00   1.5071402e+01   5.7920941e-01   6.1003543e+00   1.1335260e+00   3.0481151e+00  -9.4003735e-01   1.0062244e+00  -3.1175004e-01   3.1362071e+00   1.5572954e+00   1.9071543e-01   1.3169286e+00   6.1899612e-01   2.2146747e-02  -3.4433116e+00  -2.6878482e+00  -2.8034129e-01  -3.1071229e-01  -2.0346659e-01  -3.6199339e-01
   3.1686158e+00   8.2789141e+00   1.1240138e+01   3.2501153e+00   1.9770904e+01   2.6706873e+00   5.5164483e+00   3.8268495e-01   3.0086092e+00  -5.0394866e-01   1.8602336e+00  -1.5301388e-01   1.4878101e+00   1.6318955e+00   8.3109607e-01  -1.1735661e+00   1.4392962e+00   3.8050595e+00  -1.0878093e+00  -4.5030593e+00  -1.0978093e+00  -1.0817963e+00  -6.5001653e-01   1.9114185e-01
   3.2114208e+00   7.6582924e+00   1.2158410e+01   2.7825751e+00   1.5365768e+01   4.4222329e+00   6.0338840e+00  -2.0823997e-01   1.7192428e+00  -1.4246294e+00   5.1737323e-01  -5.4705667e-02   5.8345766e-01   3.6014299e-01  -2.8764628e-01  -1.9967344e+00   3.3276199e+00   7.3429824e+00   2.1754495e+00  -3.1846491e+00   4.5138998e-01  -5.5656390e-01  -2.3694491e+00   8.7483650e-03
   3.1010620e+00   8.8886717e+00   1.2407594e+01   1.8528180e+00   1.8784068e+01   5.4677049e+00   5.8327826e+00  -2.4535220e+00   2.3347764e+00  -1.4284297e+00   3.5856632e-01   6.7122443e-02   1.0632771e+00  -7.6298239e-01  -8.5337937e-01  -2.4722959e+00   8.7209799e-01   5.1225665e+00  -1.5563990e-01  -3.6951964e+00   1.0666057e-01  -1.9274807e-03  -2.0918064e+00  -6.7947482e-02
   2.3372405e+00   7.9683733e+00   1.0294581e+01   1.1395665e+00   2.0556250e+01   1.0195174e+01   9.2053614e+00  -2.2253440e+00   4.0621164e+00  -1.3126427e+00  -1.7971156e+00  -4.0869566e-01   2.0354593e+00  -5.2941164e-01  -2.1073213e+00  -2.7964812e+00   2.7090988e+00   2.2531426e+00  -8.4542430e-02  -2.8833346e+00   3.2523197e-01   1.0337667e+00  -8.1198744e-01   4.1580276e-02
   5.2006216e+00   6.9794000e+00   1.0891984e+01   3.6317567e-01   1.8483811e+01   7.4680664e+00   3.6972498e+00  -4.1515577e+00   1.9971632e+00  -5.6283322e-01  -1.2023160e-01  -7.7940114e-02   1.0402762e+00  -2.3737728e+00  -3.3505375e+00  -2.6853092e+00  -2.7673228e-02   5.1486383e-01   1.4626062e+00   3.8793904e-01   7.7087042e-03   1.9933560e-01  -5.2237706e-01   1.1412615e-02
   5.2148299e+00   7.8188108e+00   9.7552335e+00  -6.6732561e-01   1.9579545e+01   6.8017661e+00   6.9748368e+00  -3.6842241e+00   2.3758973e+00  -3.0677759e-01  -4.6120897e-01   8.0196026e-02   1.1851016e+00  -1.1361392e+00  -1.3616332e+00  -1.9526508e+00  -4.6587323e-01  -1.9770751e+00   2.5431732e+00   1.9987827e+00   1.6062946e-01  -3.0318239e-01   9.3084086e-01   2.6816294e-01
   3.2226816e+00   5.4027937e+00   7.6514620e+00  -1.2716997e+00   1.9230910e+01   7.9367047e+00   9.1419542e+00  -1.1421734e+00   3.1894490e+00  -1.6323588e+00  -1.0929526e+00  -1.6020448e-01  -8.5955057e-01  -1.2312476e+00  -1.2210559e+00  -1.9992688e+00   1.4291919e+00  -2.5770737e-01   5.1219979e+00   4.7357124e+00   1.8271171e+00  -6.2352213e-01   4.1721242e-01   6.9037456e-02
   5.1038630e+00   7.0524677e+00   9.8723922e+00  -9.7197203e-01   1.9483890e+01   6.9952425e+00   1.0297769e+01  -7.3186211e-01   3.7069177e+00  -1.2326535e+00   8.5506199e-02   3.4680938e-02  -5.9819813e-01  -1.4200580e+00  -1.1227127e+00   6.4481754e-01   4.4227898e-01  -1.6454101e+00  -5.7809756e-01   3.8812047e+00   1.5169953e-01  -8.6346636e-01   1.3787505e+00   2.3150175e-01
   3.9667792e+00   5.5157002e+00   9.0018205e+00  -2.4834043e+00   2.0675426e+01   6.9847672e+00   9.7187806e+00   1.4758299e+00   4.0723287e+00  -1.0351785e+00   2.3222943e-01   4.8373615e-02   6.9266952e-01  -5.4597115e-01   1.4861780e+00   2.4790431e+00   3.6378985e-01  -4.2381125e-01  -3.8590056e+00   1.5540528e+00  -1.5459554e+00  -6.5895052e-01   1.7490274e+00   5.0422844e-01
   3.9454839e+00   5.6322705e+00   7.3959851e+00   9.0575296e-01   1.9520706e+01   4.8096196e+00   5.8192773e+00   8.2858127e-01   2.1620067e+00  -1.9005673e+00   9.4432583e-01   3.2315961e-01  -8.4660816e-01  -4.2125226e-01  -3.5136233e-01  -1.6999789e-01  -3.1522971e+00   2.7387279e+00  -1.0700160e+00   8.0289264e-01  -9.1711150e-01  -1.1349946e+00   2.5784520e-01  -4.3346008e-02
   4.8408754e+00   5.2939356e+00   1.1118933e+01   1.5080024e+00   1.9758187e+01   8.3937992e+00   5.5926917e+00   4.0868401e-01   1.6429715e+00  -2.2868277e+00   1.1011787e+00   4.5189885e-01   7.5513036e-01   1.3050958e+00   4.8335459e-01   1.5653684e-01  -3.5169754e+00   2.1426944e+00   1.8064713e+00  -2.5596825e-01  -5.0839488e-02  -1.4067047e+00  -2.2816874e-01  -5.2415704e-01
   3.3969027e+00   6.5314716e+00   8.2867926e+00  -3.2226722e+00   1.5214064e+01   1.0398818e+01   1.0755789e+01   1.0060498e+00   3.5459291e+00  -2.3093208e+00   3.7799358e-02  -2.3210069e-01   1.1702232e+00   6.4959476e-01   1.7111401e+00  -2.8632580e+00  -2.0870952e+00   6.3971659e-01   3.2094402e+00   1.4833967e+00   1.5093849e+00  -9.2543690e-01  -1.1168367e+00  -4.2623812e-01
   5.3737654e+00   7.0237433e+00   9.2814486e+00  -1.8438643e-01   1.7553284e+01   7.4042094e+00   9.9602315e+00   1.0031432e+00   3.3041083e+00  -2.9408588e+00   3.4323955e-01  -4.6023179e-01  -1.2430579e-01  -6.1745248e-01  -6.6626427e-01  -3.5018015e+00  -1.2060943e+00  -1.0998438e+00   1.1986238e+00   1.0297030e+00   6.4145526e-01  -5.5797278e-01  -1.1816644e+00   9.9320459e-03
   5.4343737e+00   5.7417587e+00   1.0881437e+01  -2.5429397e+00   1.7492515e+01   6.2639895e+00   8.4496677e+00   2.7564467e+00   3.5955157e+00  -2.9617071e+00  -3.5195969e-01   1.3986775e-01   1.3964071e+00  -1.4411810e+00   2.4328321e+00  -8.6875424e-01   2.1342130e-01   3.1293220e-01  -3.7566883e+00  -1.6690726e+00  -7.4832136e-01   5.7857230e-01  -7.2802439e-03   1.1096461e+00
   3.6356812e+00   4.7626133e+00   8.8222138e+00  -4.0845662e+00   1.6809820e+01   8.8114480e+00   8.5436883e+00   1.0780401e+00   2.5803611e+00  -2.7975937e+00  -4.7643837e-01   2.8081269e-01  -4.5348042e-01  -2.0571957e+00   2.3817102e+00  -2.8187744e+00  -1.3398283e+00   2.5869436e+00  -2.7977845e+00  -1.9746488e+00  -7.6489418e-02   6.1410667e-01  -2.7150532e-01   1.3334563e+00
   6.3605555e+00   5.5002651e+00   1.2165658e+01  -2.5757137e+00   1.5905927e+01   1.0164597e+01   5.8290286e+00  -1.5350075e+00   2.7853207e+00  -1.5130949e+00   4.3671796e-01   1.0618463e+00  -1.1855339e+00  -4.9172114e-01   2.1553567e+00   4.5478327e-01   5.4197687e-01   3.1784054e+00  -2.2524089e+00  -4.5163845e+00   9.8782312e-01   3.1508211e-02  -1.7664772e-01   7.5131606e-01
   4.2304539e+00   4.0586966e+00   1.2211904e+01  -4.3961611e+00   1.6336835e+01   9.3343209e+00   7.0738743e+00   1.8689721e-01   3.5944717e+00  -2.7440049e+00  -4.5835726e-01   1.0789634e+00  -3.1585945e-01   1.1500324e+00   2.3831142e+00   3.7562771e+00   1.8006387e+00  -1.9776562e-01  -1.0980702e+00  -2.8283481e+00   1.1844904e+00  -1.4380849e+00   6.9115720e-01   5.7345619e-01
   3.3586865e+00   5.3561354e+00   1.2419628e+01  -1.7049673e+00   1.8541973e+01   1.0770161e+01   5.8059614e+00  -3.5725587e+00   4.5701951e+00  -2.9412392e+00  -6.2597183e-01   8.6776652e-01  -1.7268292e+00   1.0710175e-01  -2.2822388e+00   1.4701693e+00   1.1603327e+00  -2.1441947e+00   1.7110757e+00   5.2989783e-01  -6.4460071e-02  -1.3620616e+00   6.0863449e-01  -4.6404523e-01
   4.6628265e+00   6.5597268e+00   1.2269900e+01   1.1144763e+00   1.8192756e+01   8.2120177e+00   6.9081165e+00  -2.1457065e+00   3.4646595e+00  -4.2406490e+00   1.0916423e+00   1.2380369e+00   3.7607991e-01   2.1212313e+00  -1.7816166e+00   2.1076066e+00  -1.1378929e+00  -3.5230571e+00   2.8260295e+00   2.2892760e+00  -3.2833638e+00  -2.2794813e-01   1.6368167e+00  -4.5327107e-01
   3.5541254e+00   4.4104026e+00   8.7133015e+00  -3.1257785e+00   1.6718466e+01   7.5094568e+00   8.4785210e+00   4.2614109e-01   2.7535366e+00  -2.8078652e+00   5.7466991e-01   2.8624167e-01   1.7407783e+00   1.8189765e+00  -9.5661049e-01   1.1953778e-01  -3.6529490e+00  -2.5190342e+00   3.1409286e+00   3.9024140e+00  -2.9161881e+00   1.4717193e-01   8.7949715e-01  -3.4574063e-01
   4.6968543e+00   7.7134099e+00   1.1392642e+01  -5.2434563e-01   1.5541749e+01   5.6800874e+00   9.9766388e+00   1.6214614e+00  -4.2224477e-01  -3.1526141e+00   1.3965469e+00   6.8981917e-01   6.6631737e-01   2.3363638e-01  -2.2890073e+00  -1.3774562e+00  -2.4850324e+00  -9.7091645e-01   2.0697133e+00   5.3087468e-01  -2.0158675e+00   1.0139826e-01  -8.5754893e-01  -3.7885914e-01
   5.9528400e+00   7.5077586e+00   1.1423341e+01  -7.0624968e-01   1.4388053e+01   8.2575749e+00   8.9830931e+00   3.9747837e-01   2.1393651e+00  -3.2644987e+00   5.4082162e-01   6.2326442e-01   9.9407658e-01   1.4014176e+00   4.0013842e-01   1.3964965e+00   6.4996016e-01  -2.2363453e-01   8.5753580e-01  -1.3537251e+00   5.3441740e-02  -9.2646809e-01  -7.3831143e-01   2.7363481e-01
   4.4629453e+00   5.3615034e+00   7.4813695e+00  -2.1614723e+00   1.5630414e+01   6.3815840e+00   9.7604004e+00  -1.3350632e+00   7.4794397e-01  -3.8602348e+00  -1.7775693e-01   5.0123678e-01   3.5037689e-01  -1.0161831e+00  -1.4389392e+00   2.4152517e+00   1.4323828e+00  -1.1357734e+00   2.6747776e+00  -1.5044466e+00   2.1929666e+00  -5.2491015e-01  -1.2453393e+00  -1.0901581e-01
   5.1621948e+00   7.6884823e+00   1.1269145e+01  -2.1247039e-01   1.7649074e+01   6.8232567e+00   9.8729439e+00  -1.2618433e-01   2.2486049e+00  -3.8437570e+00   2.5435466e-01   7.9098509e-01  -1.8522995e+00  -8.6879403e-01  -1.2968319e+00   4.0771887e+00   8.9483116e-01  -3.2685656e+00   1.8258063e+00   1.1088650e-01  -3.5306064e-01  -3.8261201e-01  -6.3049959e-01  -1.9076992e-01
   5.6177422e+00   6.0987735e+00   9.3113308e+00   2.8516423e+00   1.6059813e+01   4.6935865e+00   1.3543880e+01  -3.7337720e-01   2.8125853e+00  -3.6503502e+00  -3.2822861e-01   4.4243512e-01  -6.5554921e-01   7.5226368e-01   1.8376977e+00   4.0433698e+00   3.6145966e-01  -1.4965393e+00   7.1758632e-02   6.5381817e-01  -3.6957176e-01   1.4157776e+00  -4.8343614e-01   3.5850360e-02
   2.5969922e+00   5.8359325e+00   8.5631127e+00   2.9029760e+00   1.5515600e+01   4.1987254e+00   9.8300628e+00   8.2965138e-02   5.7745347e-01  -3.9433591e+00  -3.2969193e-01   3.6651036e-01  -7.3486263e-01   1.6346985e-01   1.6617516e-01  -3.5503152e-01  -4.4872753e-02  -2.1502829e+00  -5.8779804e-01   5.9147887e-01  -2.2203730e+00   1.3818152e+00  -4.4227501e-01   1.1611029e-01
   4.7622228e+00   7.4161738e+00   1.1590932e+01   2.3458591e+00   1.7239340e+01   5.4490407e+00   9.8894789e+00  -4.5891065e-01   1.0291620e+00  -1.6867673e+00  -6.1088783e-01   7.6724968e-01  -3.6941585e-01   8.4134660e-01   2.0403944e+00  -4.4936151e+00  -2.6362820e-01  -2.3405414e-01  -3.7249299e+00   5.8891254e-01  -1.8286548e+00  -4.3428129e-01   7.9132159e-01   3.9438952e-01
   4.4876606e+00   7.2749869e+00   1.0378607e+01  -4.9212611e-01   1.6992001e+01   3.2201052e+00   1.0818447e+01   8.0380070e-01  -1.9024307e-01  -2.7528256e+00  -2.6772823e-01   8.0274325e-01   1.3734211e+00   5.6170187e-01   2.9069075e+00  -2.9144410e+00  -6.4043164e-01   2.5494259e+00  -7.5701528e-01   1.0068248e+00  -4.0521258e-01  -1.4379673e+00   4.5911917e-01   4.2685440e-01
   4.1182842e+00   6.6412662e+00   1.1464175e+01  -2.1912293e+00   1.4926170e+01   4.8318153e+00   7.4622927e+00   1.4957383e-01   4.5345133e-01  -4.8970388e+00   8.2777193e-01   8.1590295e-01  -1.0594104e+00  -2.1420756e+00  -7.2169799e-02  -4.8381876e-01   3.4344713e-01   2.8427265e+00   2.0958822e+00   1.0903545e+00  -2.8827627e-01  -2.1763901e+00   1.8432915e-01  -3.4030267e-01
   4.9790932e+00   7.0659391e+00   1.2986852e+01   7.9985877e-01   1.5711538e+01   8.3314770e+00   9.9081330e+00   1.2889600e+00   2.5748996e-01  -4.4951743e+00  -3.6034307e-01   9.8246532e-01  -8.4505919e-01  -1.1781425e+00  -5.7259283e-01   1.2884226e+00   1.9906403e+00   3.0732221e+00   2.4569349e+00   2.3818955e-01   1.7871696e+00   4.9832105e-01  -1.7558405e-01  -6.8959317e-01
   2.9273909e+00   4.3075843e+00   1.0178555e+01   9.7413853e-01   1.8394743e+01   7.1574445e+00   1.3488459e+01   9.3404138e-01   3.7288112e-01  -4.0801782e+00  -2.8808669e-01   1.6693465e-01   3.2766691e-01   8.9484313e-03  -5.7511088e-01   2.6569673e+00   1.3242627e+00   8.8478623e-03   3.1800246e+00   1.4329634e+00   1.1783018e+00   2.1460494e+00  -5.7589343e-01  -5.8252851e-01
   3.8155185e+00   6.6746141e+00   1.0162528e+01  -1.4217616e-01   1.8243675e+01   6.6671238e+00   1.1490766e+01   7.6885124e-01   2.5307964e+00  -2.4137744e+00   2.6824997e-02   9.2837647e-02   3.8777620e-01   7.5890321e-01  -2.1707268e+00   2.4890008e-01  -1.8979333e+00  -5.0920040e+00  -1.1963804e+00   5.4750269e-01   7.0674479e-01   1.6611708e+00   6.3289405e-01  -4.5294281e-01
   5.1915719e+00   6.8503513e+00   1.2013671e+01   2.2652391e+00   1.5646495e+01   5.6772637e+00   1.1441013e+01   2.5590733e+00   1.0842508e+00  -2.7186646e+00  -2.2965225e-01   3.8692403e-01   1.3603047e+00   8.9766018e-01   1.3135052e+00  -1.3506132e+00  -5.4396635e+00  -2.1076795e+00  -2.2812817e+00   4.9795816e-01   1.9226260e+00   1.3400214e+00  -2.1229191e-01   2.3555078e-01
   4.4286670e+00   6.9329103e+00   8.8132042e+00   5.2765862e-01   1.4238761e+01   1.4335613e+00   9.1372855e+00   1.2976981e+00   9.6192231e-01  -2.6841749e+00   5.5978079e-01   1.9305641e-01  -6.0584390e-01  -1.5929273e+00   2.6692023e+00   1.1094773e+00  -4.6277781e+00   1.7542312e+00   1.0698801e+00  -4.4850876e-01   1.0534396e+00  -7.1736190e-01  -1.6186698e+00   3.1182563e-01
   4.6612737e+00   5.5249264e+00   1.2823475e+01  -1.3866986e+00   1.2237704e+01   6.6127066e+00   1.1243277e+01   1.4165552e+00   4.0412572e+00  -1.9349457e+00  -8.7300245e-01   4.7015143e-01  -1.5361656e+00  -1.5695908e+00   3.5712506e-01  -8.9723699e-01  -2.9904869e+00   1.2711809e+00   6.6098307e-01  -3.4635006e+00  -2.0534454e-02  -7.5463473e-01  -5.9162641e-01   4.9036675e-01
   3.1719018e+00   4.9479357e+00   1.3761430e+01   3.3480086e+00   1.3006403e+01   8.8307492e+00   1.3194454e+01   6.6734716e-01   2.6324527e+00  -3.8816767e+00  -2.0795046e+00   5.1896239e-01  -1.8654088e-01   8.3650786e-01   3.8393602e-01   6.8380996e-01   8.6214311e-01   2.4090048e+00   5.1911854e-01  -2.3973261e+00  -7.4009194e-01  -1.7547647e+00  -4.9261182e-02   7.6804913e-01
   3.5157061e+00   5.4884524e+00   1.0075246e+01  -4.9079140e-01   1.1776944e+01   3.8854411e+00   1.0403903e+01  -2.3210021e+00   2.1818394e-01  -3.2518658e+00   2.0255084e-01   9.5952116e-01   3.9370907e-02   1.7577112e+00  -2.6037400e+00   7.8686853e-01   4.7909522e+00  -1.3408960e+00   3.5040608e-02  -1.2323475e+00  -1.8927918e+00  -1.8920183e+00   1.2531630e+00   3.1430157e-01
   4.7216394e+00   8.2059091e+00   1.0763223e+01   1.1054200e+00   1.5762356e+01   6.4107013e+00   1.0335650e+01  -4.2951232e-01   1.7633210e+00  -4.6578619e+00  -5.1887626e-02   1.1004452e+00   4.2281975e-01   7.0751914e-01  -3.5043466e+00  -4.6582278e+00   4.2673774e+00  -3.5967411e+00  -2.0788733e+00  -3.7397180e-01   1.9624914e+00   2.5303143e-01   1.8457606e+00   8.2964610e-02
   3.9454613e+00   6.5325065e+00   1.0416968e+01   9.1489849e-01   1.8046156e+01   5.8113865e+00   1.2725240e+01   1.1646371e-01   1.6366353e+00  -4.3848806e+00  -7.0665221e-03   6.5086236e-01   8.1210362e-01  -3.2746593e-01   1.8179500e+00  -2.3385528e+00   1.6579570e+00   8.8736324e-01  -9.3748856e-01   1.0322192e+00   2.7552546e+00   2.9948427e-01  -2.3471241e-01  -2.5997798e-01
   3.5912538e+00   5.4871873e+00   8.3340488e+00  -4.3421782e+00   1.6272863e+01   2.4726649e+00   8.9154758e+00  -1.1123435e+00   4.8669641e+00  -2.9356221e+00   7.9394495e-01   7.9773871e-01  -1.2030355e-02  -2.7907798e+00   1.1433462e+00   3.3804620e-03  -8.9933330e-01  -7.6486478e-01  -2.5721858e+00   1.4286768e+00  -1.4740267e-02   1.5034212e+00  -2.6125966e-02  -2.5162678e-01
   5.2990544e+00   6.3566144e+00   1.4016758e+01  -1.2748215e+00   1.4008626e+01   7.1855041e+00   9.7077575e+00  -4.3125784e-01   2.7992443e+00  -3.6637593e+00  -5.7243406e-01   7.2090746e-01   1.5654975e-01  -1.7571406e+00   1.5528990e+00   3.5676440e-01  -2.0804249e+00  -1.5706658e+00  -1.7703908e+00   7.7375692e-01  -3.5913232e-01   2.4880741e+00  -4.9484281e-01  -3.6085529e-02
   4.0267973e+00   4.1076855e+00   1.0678347e+01   2.2053506e+00   1.6432121e+01   4.5763453e+00   7.9861129e+00   1.9873637e+00   1.1599061e+00  -2.7632908e+00   1.9160719e-01   6.8798253e-01   5.9213157e-02  -1.2592616e+00   4.0935675e+00   3.3762185e+00  -2.6186731e-01   8.8748210e-01   5.3215857e-01   9.4551366e-02  -1.0593596e+00   1.9254140e+00  -1.5397237e+00  -2.2804586e-01
   3.9625141e+00   4.5865465e+00   1.1574168e+01  -1.8237193e+00   1.4845890e+01   2.4035476e+00   1.0534335e+01  -2.7275448e-01   2.9514658e+00  -7.3893519e-01  -4.4816186e-01   6.5161216e-01  -3.8042808e-01  -1.9342651e+00  -2.7582964e+00  -6.2484620e-01  -1.3415122e+00  -6.8959453e-01   1.1742133e-01  -1.0826038e+00   1.2725507e+00   2.1574612e+00  -6.1808571e-01   4.0979923e-02
   4.3483437e+00   4.4833290e+00   1.5695695e+01   9.9659850e-01   1.5461430e+01   6.1948663e+00   9.3004248e+00  -1.0497681e+00   3.2018139e+00  -1.5099131e+00  -1.5777767e+00   4.9031758e-01   3.6244314e-01   9.9085324e-01  -8.2740555e-01  -1.8131297e+00  -3.4769087e+00   1.7523395e+00   3.1354691e-01  -2.1601664e+00   1.2692677e+00   4.4892556e-02  -8.0858656e-01   7.5357703e-02
   4.5676391e+00   3.2673951e+00   7.3706391e+00  -1.6077147e+00   1.2481703e+01   5.3418518e+00   9.2267336e+00  -5.3659764e-01   3.6871165e+00  -1.0542563e+00  -6.1487068e-01   8.8120982e-01   5.3960529e-01   1.3758589e+00  -4.3648904e-01   9.8359504e-01  -5.0831202e-01   3.3853647e+00   3.7453138e-01   6.4295491e-02  -6.6920525e-01  -1.8674052e+00  -2.7441125e-01  -3.9904271e-02
   4.2678996e+00   6.2535410e+00   1.1539003e+01  -6.2234618e-01   1.2398852e+01   5.7357025e+00   9.1102342e+00  -1.1209644e+00   2.6959824e+00  -2.5382914e+00  -9.3791824e-01   6.8622025e-01  -7.2716215e-01   8.2546693e-01  -3.2854332e+00  -2.6112173e+00   4.5373683e-01  -2.2152911e+00  -4.7134499e-01   1.0002028e+00  -1.1245615e+00  -5.6769427e-01   1.4849551e+00   2.6251299e-02
   4.8121441e+00   5.7652288e+00   1.2997780e+01   4.6114558e-01   1.5614711e+01   7.7111767e+00   1.1191228e+01  -1.4071310e-01   2.2005737e+00  -3.0258539e+00  -1.1797080e+00   4.9380442e-01   1.7079363e-01   2.1172606e+00   1.7701457e+00  -1.5933907e+00   3.4283603e+00  -5.0041031e+00   7.7773875e-01   1.4505254e+00  -1.2156943e+00  -6.7971978e-01   8.2030318e-01  -7.8099035e-02
   3.1353480e+00   4.4726125e+00   7.9539749e+00  -3.9546576e+00   1.4575531e+01   1.6872672e+00   7.6111602e+00   2.5259378e-01   2.2582431e+00  -1.3756558e+00   9.3207467e-01   7.2339723e-01   6.3486725e-02   1.0057810e+00  -7.2357254e-01   3.8639602e-01   2.5314768e+00  -5.1807667e+00   1.0557686e+00   1.8746874e+00  -1.1495277e-01  -4.4640834e-01   1.0374580e+00  -1.2479877e-01
   5.3901053e+00   7.3337503e+00   1.1818372e+01  -2.3316450e+00   1.6535904e+01  -1.4008521e-01   1.1142879e+01   9.5241136e-01   2.0824447e+00  -2.6551538e+00  -3.1941236e-01   7.4547278e-01  -8.2349724e-01   1.0345841e+00  -1.2021790e+00  -5.6170871e-01  -2.2844707e+00  -5.1739773e+00  -3.0235752e+00  -3.0619185e-02   2.5600453e+00   1.6102949e-01   6.8658213e-01  -9.7254837e-02
   4.0741491e+00   6.9779517e+00   1.1043348e+01   1.3536431e+00   1.5735471e+01   1.8901833e+00   1.0718062e+01   1.1445045e+00   2.5826178e+00  -3.3932539e+00   1.8812103e-01   3.7318792e-01   1.0562919e+00   7.6524136e-01   8.3226737e-01   3.0844501e+00  -1.4619930e+00   1.5635333e+00  -9.0945115e-01  -3.9396353e-01   2.1775385e+00  -6.8333225e-01  -8.7131203e-01  -8.8931851e-02
   3.1074977e+00   6.0644353e+00   9.6498250e+00  -3.0355679e+00   1.1608036e+01  -1.5124740e-01   5.1024142e+00  -6.3259724e-01   5.8784543e+00  -1.7755106e+00   2.2214205e-01   5.2302682e-01  -1.0622910e+00  -2.5450425e+00  -5.4808815e-01   3.7729343e+00  -7.6620774e-01   5.2009168e+00  -2.5516216e+00  -1.6088771e+00   1.8528048e+00  -1.7246877e-01  -4.0187018e-01   8.6963934e-02
   5.8610895e+00   6.2551321e+00   1.0286649e+01   1.0239789e+00   1.4846476e+01   4.0381482e+00   9.2672157e+00   4.5415277e-01   3.6265459e+00  -2.8404758e+00  -6.4567059e-01   7.0122243e-01  -5.2124924e-01  -1.7249171e+00   8.0831557e-01   2.3074211e-01   1.3967809e-01   4.5066184e+00  -3.4313009e+00  -2.5197440e+00   8.6468332e-01   1.0681976e+00  -8.1452481e-01   1.6826046e-01
   2.9031985e+00   3.8775964e+00   1.1374589e+01   3.4925886e+00   1.5831089e+01   6.5873076e+00   8.0408692e+00  -1.1157285e+00   4.3396877e+00  -3.1902461e+00  -5.0532182e-01   7.1190142e-01  -3.7985950e-01  -5.0804626e-01   2.4404153e+00   1.5301975e+00   2.3707153e+00   3.2177464e+00   1.6115903e+00  -7.1462465e-01  -1.8021162e+00  -2.2157138e-01  -4.3362539e-01   1.8916896e-01
   3.3944248e+00   5.4839955e+00   1.1393440e+01  -1.5643219e+00   1.3833461e+01   5.2808334e+00   4.1018828e+00  -2.3935459e+00   4.6490260e+00  -1.0835897e+00  -6.6993425e-01   5.3114131e-01  -2.2083445e+00  -1.2080350e+00   1.6598562e+00  -2.7892263e+00  -9.4729696e-01  -2.4057598e+00   3.1102153e-01   4.9044508e-01  -1.1095477e+00   1.2167857e-01   3.9326941e-01   1.2448322e-01
   3.7710408e+00   5.6879342e+00   1.2757053e+01   5.5387880e-01   1.5670616e+01   4.0540297e+00   1.0102466e+01  -2.8068486e-01   2.6640400e+00  -2.9863106e+00  -4.1616421e-01   8.9182082e-01  -3.8515499e-02   2.5218751e-01   3.8300719e-01  -4.2143678e+00  -1.0549975e+00  -1.1051390e-01   2.9538329e+00   8.4446213e-01  -6.5454401e-01   3.7584459e-01  -6.4660065e-02   8.7223799e-02
   2.1146516e+00   3.5379108e+00   1.2085202e+01  -1.6905056e+00   1.3505767e+01   1.6961474e+00   8.7029496e+00   7.7229859e-01   2.8000482e+00  -2.7599256e+00  -1.0034529e-01   7.9798757e-01   4.4898492e-01   4.9410705e-01   1.2339079e-01  -1.3115529e+00  -1.0464550e+00   2.6224042e+00   4.5488492e+00   8.8164004e-01   3.0084797e-01  -8.7607276e-01  -5.1853265e-01   9.1646049e-02
   3.4853119e+00   5.2289200e+00   1.1603219e+01  -2.7658713e+00   1.4412440e+01   8.2138797e+00   1.0171085e+01  -1.4319575e+00   4.2823606e+00  -1.7883112e+00  -8.8710640e-01   7.0931399e-01  -3.9374848e-01   7.6965885e-01  -2.8788488e+00  -2.3239480e+00  -9.6792114e-01   1.9580333e+00  -7.7357627e-01  -6.6742489e-01  -3.1932897e-01   5.4121560e-01   6.1442311e-01  -3.4137413e-01
   4.2107666e+00   6.4546632e+00   1.2155443e+01  -1.8717762e+00   1.2892867e+01   7.1345147e+00   1.0890847e+01  -4.9544953e-01   4.2911377e+00  -2.9966986e+00  -1.2122621e+00   7.5986380e-01   2.0088664e+00   8.5755505e-01  -1.6414066e+00  -2.5244582e+00   5.5763767e-01   3.4317816e+00   1.8379447e+00  -7.1686608e-01  -6.3730286e-01   9.2877099e-01   7.0082843e-01  -3.3140207e-01
   2.1323606e+00   5.3840462e+00   8.4036590e+00  -2.8414079e+00   1.4525185e+01   4.2718959e+00   7.8481530e+00  -6.4794813e-01   1.4395018e+00  -2.0561008e+00   1.0614289e+00   3.9882151e-01   1.5764207e+00  -1.4797112e-01  -5.6652794e-01  -1.7613986e+00   3.0613423e-01   1.8132285e+00   2.9842653e-01   1.5733498e+00  -4.3891023e-01   4.0474293e-01   1.1906823e-02  -2.4284588e-01
   5.8044269e+00   4.7466802e+00   1.1222872e+01  -5.4394246e+00   1.4285851e+01   8.8148118e+00   1.2621333e+01  -6.9500523e-01   3.2655233e+00  -1.2328744e+00  -2.3370285e-02   4.5613070e-01  -4.2694762e-01  -8.9209720e-01  -9.5632909e-03  -6.6479586e-01   2.0692013e+00   2.4241367e+00  -2.1814436e+00  -2.1938285e+00  -1.5409190e-01   1.0211419e+00  -7.5100087e-01   1.0474705e-01
   5.0531129e+00   5.8609548e+00   1.1219712e+01  -3.6241451e+00   1.4175149e+01   1.0093574e+01   9.7534822e+00   1.0278451e+00   4.1368024e+00  -2.0631090e+00  -1.4636921e+00   4.9691172e-01   3.5160233e-01   2.2699646e-01  -8.6920794e-02   1.5869654e+00   1.6062068e+00   2.8608495e+00   1.2880049e+00  -1.3847831e+00   2.5167789e+00  -2.1991729e-01  -1.9477509e+00   2.9005825e-01
   2.1099691e+00   4.8780631e+00   1.0733071e+01  -2.4776014e+00   1.6171686e+01   7.8598807e+00   6.6660170e+00  -4.6240888e+00   2.7113495e+00  -1.4614817e+00  -1.0762029e+00   8.6793927e-01  -1.8983609e+00   1.1087273e+00  -8.6861768e-01   2.7332504e+00   2.5722647e+00  -1.5353052e+00   1.5826015e+00  -1.0363510e+00   9.7142967e-01  -1.6781121e+00  -1.5011559e+00   8.1285224e-02
   4.5069930e+00   5.6588495e+00   8.5181780e+00  -1.9418715e+00   1.5991577e+01   9.0406357e+00   1.2757818e+01  -7.6058100e-01   5.4917570e+00  -2.2716730e+00  -1.3337811e+00   6.2800460e-01  -2.0922778e+00   5.5223850e-01  -8.7993519e-01   2.5991215e+00   1.8352837e+00  -1.4544393e+00   2.1200790e+00  -7.7943057e-03  -1.4551242e-01  -1.0827559e+00  -3.1360994e-01  -9.6266424e-02
   3.2299455e+00   6.5108239e+00   1.1270712e+01  -2.1806858e+00   1.7236034e+01   7.0383231e+00   1.3493067e+01  -1.3553187e+00   4.0451906e+00  -3.6457604e+00  -2.3400597e+00   5.1251210e-01   8.8577983e-01   2.2263714e+00  -1.6287723e+00   1.6129083e+00   8.4031716e-01  -4.9293281e-01   4.0301784e+00   5.1408470e+00  -1.8598972e+00  -1.5376703e+00   4.7094415e-02  -3.8478536e-01
   1.3547080e+00   5.8729322e+00   9.6309890e+00   1.2607943e-01   1.6395901e+01   8.3226938e+00   9.5200756e+00  -6.1823142e-01   3.2516133e+00  -2.5951035e+00  -1.3021786e+00   5.3022567e-01   3.3527840e-01   1.9385035e+00  -7.1255301e-01   1.6620435e+00  -1.3509804e+00  -4.4007362e+00   3.5879995e-01   2.4138887e+00  -4.3560166e+00  -8.9572462e-01   8.8872429e-01  -2.8254894e-01
   5.0147813e+00   8.1105788e+00   7.7335072e+00  -1.0922143e+00   1.7230000e+01   7.4794524e+00   1.4330156e+01   3.0160069e+00   1.0415756e+00  -3.6062718e+00  -1.0213626e+00   3.3965070e-01   1.3589778e+00   9.1352033e-01  -1.4369009e-01   1.1752418e+00  -3.6175735e+00  -4.2497594e+00  -3.1963796e+00   9.2639062e-01  -2.8660619e+00   9.1063290e-01   1.8537023e+00  -4.1303467e-02
   4.1174926e+00   7.7667273e+00   9.2179511e+00   6.9580351e-03   1.3968123e+01   2.2189667e+00   1.2877474e+01   6.7458924e-01   4.5953953e-01  -3.6350043e+00  -6.6004322e-01   2.9061188e-01   2.3561502e+00   3.3975676e-01   3.0428575e+00  -4.9109896e-01  -3.1542812e+00  -1.3457383e+00   4.7800644e-01   5.1542829e-01  -1.2056125e+00  -7.6126420e-01   5.0425067e-01   5.1288006e-02
   3.8870198e+00   6.9342068e+00   1.1261696e+01  -3.5826237e-01   1.3023562e+01   3.7155475e+00   7.0197985e+00  -6.1214313e-01   1.1421347e+00  -1.7598607e+00   1.1942601e-01   5.7036379e-01  -9.1519965e-02  -5.4395104e-01   4.1186147e+00  -7.0449388e-01  -4.4514582e+00   3.5570124e-01  -5.1561074e+00  -3.8191505e+00   1.0241659e+00   1.3133865e+00   3.6162638e-01   1.1979301e-01
   5.4528139e+00   6.9707533e+00   1.2431181e+01  -9.7754498e-01   1.3767698e+01   8.1860389e+00   1.3892264e+01   1.9689860e+00   1.3929150e+00  -4.6602054e+00  -1.1161969e+00   4.9180113e-01   4.8857743e-01  -4.0090014e-01   1.2431566e+00  -1.6786832e+00  -1.1708335e+00   2.7615686e+00  -2.6217741e+00  -4.0402115e-01   1.1116270e+00   1.0229649e+00  -1.3516735e-01   1.7446330e-01
   4.2098407e+00   7.6926393e+00   1.2304814e+01  -1.6567036e+00   1.0653026e+01   5.0294682e+00   6.0885997e+00  -3.3599172e+00   2.1111367e+00  -1.1235915e+00  -2.5084614e-01   4.1874558e-01   1.0884078e+00  -9.2563369e-01  -8.2942213e-01   3.6512376e-01   3.0881078e+00   2.2614216e+00   3.1550965e+00   1.9468384e+00  -1.4091374e+00  -1.0852497e+00  -1.3673798e+00   1.2705455e-02
   4.6889483e+00   6.7861609e+00   1.0561127e+01  -1.8618462e+00   1.3397141e+01   5.7043592e+00   9.4104119e+00   1.4424446e+00   1.6424790e+00  -2.4186915e+00  -6.7765816e-01   6.2811594e-01  -6.4690325e-01  -1.3644621e+00  -9.8995916e-01  -1.3266226e-01   1.7419877e+00  -2.1254482e+00  -4.4211964e-01   6.5129388e-01  -2.8145244e+00   4.0804579e-01  -2.4130997e-01   2.6576688e-01
   5.9015643e+00   5.6380525e+00   1.0952590e+01   6.3157387e-01   1.7841002e+01   8.3485196e+00   1.3993369e+01   2.5713852e+00  -1.0963535e+00  -4.5084922e+00  -2.1509131e+00   5.2126457e-01  -2.3923784e-01  -1.1285950e+00  -1.2388104e+00  -4.2993432e-01   3.4957368e+00   7.1224531e-01   4.6913863e+00   2.3965965e+00  -2.6143216e+00  -1.4300716e+00  -4.0075645e-01   2.8930651e-01
   3.6365973e+00   5.9513536e+00   1.1622354e+01  -2.3206771e+00   1.2786691e+01   3.3383408e+00   9.2766997e+00  -1.9724343e-02  -1.2251264e+00  -2.3556863e+00  -5.2812837e-01   8.3919196e-01   3.4980932e-01   2.2950906e-01  -4.6534270e-01  -6.2006309e-01   1.6246913e+00   2.2339380e+00   1.6080650e+00  -1.0216675e+00  -1.1507843e+00  -3.3331677e-01   6.2679929e-02  -1.5431871e-01
   4.3771595e+00   6.4171504e+00   9.9159851e+00  -2.0721896e+00   1.6201856e+01   7.2808454e+00   1.3192535e+01   9.6606193e-01  -3.7654294e-01  -3.3002014e+00  -9.2674571e-01   7.4716733e-01  -9.3543411e-01  -2.3654447e-01  -7.8671489e-01  -1.9596364e+00   4.9840585e-01  -1.1526987e-01  -3.1713621e+00  -3.3891402e+00   4.7668682e-01   1.7138179e+00   8.3913337e-01  -1.8546532e-01
   5.9758647e+00   6.7408755e+00   1.0381415e+01  -1.4400591e+00   1.6653751e+01   9.5891034e+00   1.2222926e+01   7.1260493e-01  -4.4360282e-01  -3.5228121e+00  -1.1957220e+00   2.8368650e-01   9.3019370e-02  -1.5848905e+00   5.7352794e-01   2.4692536e-01   2.3655480e+00   2.7192543e+00   4.1418498e-01  -1.9492201e+00   2.0424669e+00  -2.0059143e-01  -1.1261341e+00  -9.9322565e-02
   3.3287794e+00   4.8884748e+00   1.0392987e+01  -2.7481898e+00   1.6655081e+01   5.0502335e+00   7.7632128e+00  -2.8784897e+00  -7.7208504e-01  -1.3542025e+00  -5.5841626e-01   5.2081933e-01  -1.1269465e-01  -2.3348850e+00   2.8231908e+00   2.6177865e+00  -1.1096083e+00   1.1737541e+00  -6.5029569e-01  -2.4793554e+00   2.3301067e+00  -1.4115632e+00  -5.5879751e-01   3.1228617e-01
   4.3003164e+00   4.3383557e+00   1.2244145e+01  -1.6122890e+00   1.6108401e+01   8.5325281e+00   1.2612638e+01  -1.0212787e+00   2.0363450e+00  -3.6295729e+00  -2.4014942e+00   8.0338211e-01  -2.2651949e+00  -2.0570358e+00   2.6975919e+00   3.7143900e+00   1.3169600e+00   6.9455094e-01   1.1571479e+00  -2.9433371e+00   1.9460648e+00  -2.6681849e+00  -4.4897412e-01   4.0118275e-01
   5.0458917e+00   4.1160828e+00   1.3219406e+01   1.9406051e+00   1.4810119e+01   9.5697641e+00   1.2022236e+01  -1.8860294e+00   1.8786433e+00  -5.3641658e+00  -1.1620558e+00   9.5574878e-01   1.3304674e-01   1.7197217e+00   4.1545064e-01   1.5123483e+00   3.2383759e+00   3.2638580e+00   3.6847155e+00  -3.5263575e-01   1.2932331e+00  -3.0396116e+00  -2.7126998e-01  -2.9323237e-01
   1.7195163e+00   4.0415178e+00   1.3014593e+01   1.7871286e+00   1.9551672e+01   8.3711645e+00   1.1829137e+01  -4.1986308e+00   1.1501302e+00  -5.5201078e+00  -1.5673634e+00   6.6799589e-01   5.4796714e-01   4.3704214e+00  -8.5736403e-01  -3.0253745e+00   4.5951480e+00   4.9576179e-01  -2.0662258e+00  -4.4661100e-01  -1.3979455e+00  -5.2043819e-01   1.6848442e+00  -6.4847199e-01
   4.8187496e+00   7.6164763e+00   1.0630939e+01  -2.1793761e+00   1.9791009e+01   1.0026702e+01   1.3682037e+01  -1.8187673e+00   1.6108720e+00  -4.9683525e+00  -1.3823867e+00   1.4866388e-01   2.4961315e-01   3.6156846e+00   4.7366313e-01  -4.3087861e+00   4.0170953e-01  -2.0235337e-02  -2.4606837e+00   6.5179351e-01  -2.5934628e+00   1.4080592e+00   1.6395381e+00  -6.2286886e-01
   5.2358381e+00   9.1437911e+00   1.2252333e+01  -4.0903601e+00   2.0510678e+01   9.0477017e+00   8.6833992e+00  -1.7248263e+00   7.3312358e-02  -4.6081368e+00   2.3593745e-01   2.3421658e-01   1.7942958e+00   1.9202357e+00   2.8835108e+00  -1.1096830e+00  -5.4947240e+00  -1.5296684e+00  -2.8747497e+00   1.8303739e+00   3.6633647e-01   1.7299083e+00   1.7271257e+00  -8.2924384e-02
   3.6621505e+00   6.9884731e+00   1.4311031e+01  -1.5838297e+00   1.4933180e+01   9.2011425e+00   9.9040789e+00  -2.1452414e+00  -1.4731420e+00  -3.7080625e+00   3.9560096e-01   2.3833514e-01  -5.8969728e-01  -6.8963927e-02   4.8694730e+00   2.9128260e+00  -5.8782052e+00  -4.4871638e+00  -3.7913133e+00  -1.0814738e-01   2.2333413e+00   2.0000633e+00   4.6758935e-01   2.9617417e-01
   4.9892595e+00   7.2358730e+00   1.5499813e+01  -1.7516911e-01   1.3738501e+01   6.4894418e+00   9.4059913e+00  -1.2898329e+00   3.2416420e+00  -3.5553904e+00   1.3433139e-01   4.9877369e-01  -1.2497041e-01   6.7187090e-01   5.3521687e-01   2.0599531e+00  -3.7314028e+00  -3.8204716e+00  -2.4712986e+00  -4.6170151e-01   2.7097155e+00   2.9091505e+00  -1.0336765e+00   3.5838260e-01
   4.0574930e+00   8.4669894e+00   1.6311408e+01   2.3226735e-01   1.4359790e+01   4.5750867e+00   7.6337710e+00  -2.1984850e+00   3.3767192e+00  -2.4946307e+00  -6.3019960e-01   4.6064658e-01   7.0410040e-01   1.7618148e+00   1.3299404e-01  -4.5968120e-01   4.8753400e-01   1.9054368e+00  -1.5265624e+00  -1.0285766e+00   1.8429946e+00   1.0961516e+00  -2.1129718e+00   6.9166707e-01
   4.8507113e+00   9.4123392e+00   1.2054970e+01  -1.9084790e+00   1.5200269e+01   5.6300223e+00   6.1116053e+00  -2.3907567e+00   1.7129550e+00  -8.5112700e-01  -8.0167704e-01   6.6063477e-01  -9.5876320e-01   1.1370069e+00   1.0944998e+00  -1.3272724e+00   9.5125378e-01   4.6353682e+00   1.1719502e+00  -1.8601073e+00  -1.7787559e+00  -1.2278318e+00  -1.0826221e+00   6.8258552e-01
   4.7875752e+00   8.5429621e+00   1.6232944e+01  -1.4066966e+00   1.4933597e+01   1.2489007e+01   9.2614283e+00  -3.1376444e+00   2.0556934e+00  -3.4159668e+00  -2.3058525e+00   1.1949052e+00  -5.0260741e-01   1.1691149e+00  -2.5929795e-01  -2.0636997e+00   2.6751979e+00   3.2272285e+00   3.4794957e+00  -7.3862772e-01  -3.3732353e+00  -1.9104214e+00   1.0350904e+00   2.0252512e-01
   3.1860736e+00   8.9033970e+00   1.7180795e+01  -1.3465957e+00   1.4878478e+01   9.4855337e+00   1.0350088e+01  -3.6104141e+00   1.2340210e+00  -4.9364700e+00  -6.5177538e-01   1.1555227e+00  -3.7156403e-01   8.5684053e-01   1.0639809e+00   5.7909126e-01   1.4174297e+00  -1.0276571e+00   3.0946591e+00   3.8400188e-01  -8.8500736e-02  -4.6244597e-01   1.0375163e+00  -3.7736947e-01
   4.1359007e+00   1.0475133e+01   1.3359548e+01  -3.1442238e+00   1.8533482e+01   7.4881737e+00   1.0733773e+01  -2.6965979e+00  -1.4436668e+00  -3.3175914e+00   8.4748523e-01   5.1699031e-01  -3.3852608e-01   3.0376242e-01  -1.1271132e+00   3.7740751e+00   8.7831091e-01  -4.7264417e+00  -4.7982157e-02   1.3840497e+00   9.3633155e-01   1.3839947e+00   7.0555383e-01  -8.5610036e-01
   4.6192025e+00   9.7315146e+00   1.5087639e+01  -1.7107852e-01   1.5526471e+01   6.5889535e+00   1.0017421e+01  -2.0352771e+00   3.3298840e+00  -1.5939837e+00  -8.2207149e-01   4.3353801e-01   7.2534847e-01  -2.0063488e+00  -2.0104556e+00   4.5530960e+00   3.0255907e-01  -1.4656877e+00  -1.2934131e+00   4.4723520e-01   1.7715307e+00   1.9437644e+00  -9.5682631e-01  -4.1543731e-01
   3.5632216e+00   8.5845469e+00   1.5588853e+01   3.6666575e+00   1.5927067e+01   6.8476350e+00   9.3557883e+00  -1.8491382e+00   2.4122593e+00  -3.0112180e+00  -1.1623737e+00   2.7174699e-01   5.1407107e-01  -3.7630510e+00  -6.4227815e-01   5.8133419e+00   6.2890985e-02  -8.4891652e-01  -9.2532802e-01   1.0573918e+00   1.7372907e+00  -1.3932095e+00  -1.1417821e+00   6.1769513e-01
   4.5604358e+00   6.8391667e+00   1.3050460e+01   2.0776077e+00   1.6635524e+01   7.6072715e+00   9.0989608e+00  -3.3632912e+00   1.9633539e+00  -2.1740101e+00  -1.0820854e+00   6.5498835e-01   6.4257823e-02  -2.1199424e+00  -3.2107126e+00   3.4543316e+00   2.9764923e+00  -1.2811497e+00  -4.5813068e-01   2.6339884e+00  -1.6621896e+00  -2.5080449e+00   1.7052921e-01   7.9942766e-01
   4.9363906e+00   6.2767303e+00   1.3414721e+01   4.4514460e+00   1.8073292e+01   5.7056399e+00   9.8050116e+00  -4.4650318e-01   1.8455343e+00  -5.1173925e+00  -7.3518093e-01   1.3328078e+00   6.9627937e-01  -3.0117032e-01  -3.3326527e+00  -4.0698085e-01   2.5094222e+00  -1.7583808e+00   9.7756859e-01   3.5961580e+00  -1.6623623e+00   3.1937423e-01   8.4464848e-02   4.1190147e-01
   4.0290047e+00   7.7055094e+00   1.1358636e+01   4.6180247e+00   1.8918097e+01   5.2382265e+00   9.1056138e+00   1.2143880e+00   1.1199621e+00  -4.3029638e+00  -7.7987405e-01   1.1021491e+00   1.3552853e-01  -1.4260144e-01  -1.5194672e+00   1.3420756e+00   1.5219043e+00  -6.6350086e-01   3.6972668e+00   3.2683215e+00  -8.8560782e-01  -1.3627813e+00  -3.1445634e-01  -3.1252883e-02
   4.8733563e+00   7.6996201e+00   1.1435786e+01   1.7859777e+00   1.8549914e+01   5.3945862e+00   1.0818815e+01   1.2562593e+00   3.4041172e-01  -1.4676797e+00  -1.1867821e+00   6.6601882e-01  -7.0734136e-01  -1.0826439e+00  -6.3056516e-01   3.4243097e-01  -3.3718946e-01   1.4507135e+00   4.1954446e+00  -4.2509351e-01   5.7663796e-01  -2.3365765e-01  -4.1805116e-01  -2.5487539e-01
   4.7952458e+00   5.9138197e+00   1.1760727e+01   5.4234553e+00   1.8680069e+01   6.7675470e+00   1.4137959e+01   6.8780993e-01   1.3875035e+00  -6.0430383e+00  -1.3279694e+00   9.4150353e-01  -3.6776306e-01  -2.5291246e+00   3.3533973e-01  -1.5744609e+00  -1.3225317e+00   3.2699157e+00   1.2636038e+00  -2.6816848e+00   2.3590051e+00  -7.9210353e-01   6.3875666e-01  -1.3044922e-01
   3.4922580e+00   5.5486094e+00   1.2267828e+01   4.5623771e+00   1.7686522e+01   7.1170498e+00   1.3582006e+01  -8.2085444e-01   2.5767205e+00  -4.5978417e+00  -1.0882100e+00   1.0308175e+00  -2.8321877e-01  -1.6908939e+00   9.7088812e-01   7.4980078e-01  -1.7533230e+00   1.3899116e+00   2.8728836e-01  -2.2250700e+00  -2.2836152e-01  -1.2397831e+00   6.2075318e-01   6.4250032e-02
   4.1679093e+00   4.9873278e+00   1.1445624e+01   8.6813359e-01   1.7365995e+01   9.2818682e+00   9.6194239e+00  -1.7695824e+00   3.5403154e+00  -3.9260381e+00   1.2897492e-01   7.2407590e-01  -3.6355417e-01   9.8009987e-02   9.8717102e-01  -9.2736453e-01  -1.3861408e+00  -1.0548984e+00  -1.4434657e+00   3.9285584e-01  -2.4989073e+00   1.0957662e+00   8.8309515e-01  -2.2904709e-01
   4.7621964e+00   5.6265252e+00   1.3049669e+01   5.1883397e+00   1.6576967e+01   6.2222930e+00   1.3509015e+01  -8.5264953e-01  -1.0785365e+00  -4.3858545e+00  -9.8412443e-01   8.7110769e-01   4.9581114e-01   8.2690404e-01   1.3551586e+00   4.0552851e-01  -7.2183255e-01  -1.9666211e+00  -1.9715977e+00   2.5221184e+00  -2.1442393e+00  -6.2660397e-01   2.2600603e-01  -2.4662440e-01
   3.6149454e+00   6.0218768e+00   1.2850563e+01   3.7194272e+00   1.7155636e+01   5.6325779e+00   1.2009256e+01   1.2929912e+00  -5.3322898e-01  -4.5053826e+00  -5.5369418e-02   6.7778781e-01  -6.7892010e-02  -3.6918114e-01   2.8250382e+00   1.5873854e+00  -7.1781416e-01   9.2214032e-01  -2.6707105e-01   1.9001953e+00  -3.3125384e-01  -1.5205637e+00  -8.1453108e-01   2.3900724e-02
   4.5124567e+00   6.2716909e+00   1.3598097e+01   3.7450231e+00   1.6708953e+01   5.9917633e+00   9.4296929e+00   1.4310364e+00   1.3971338e+00  -5.2480754e+00  -6.5702880e-01   6.8402497e-01  -5.2614756e-01  -4.0384069e-01   2.5816551e+00  -2.9116928e+00  -3.1133397e-01   2.8118362e+00  -2.4067418e+00  -1.6541844e+00   1.8666549e+00  -5.5386624e-01  -4.9611957e-01   1.4133416e-01
   4.1909411e+00   4.1109732e+00   1.5408968e+01   3.9708700e+00   1.6223281e+01   1.0780344e+01   1.1258478e+01  -6.1132358e-02   1.8055995e+00  -5.7757732e+00  -1.2563695e+00   8.5346834e-01   5.2518513e-01   6.4017408e-01   1.9058286e+00  -3.7542944e+00  -1.6643745e+00   4.3796785e-01  -1.8709707e+00  -2.6383232e+00   2.1161300e+00   2.2627689e-01  -6.4906673e-01   3.3926326e-01
   3.6849772e+00   5.9762159e+00   1.5642949e+01   6.9507911e-01   1.6576143e+01   7.8661644e+00   1.0274291e+01  -2.6568643e+00   5.5203160e-01  -4.5814586e+00  -1.1278037e+00   9.9526866e-01   6.5177377e-01   1.1142173e+00   2.2781018e-01  -2.7836342e+00  -5.2058780e-01  -2.1386256e+00  -2.2037695e-01  -1.2845337e+00   1.5863929e+00   7.6657047e-01  -3.6057451e-01   3.8667930e-01
   4.8164628e+00   7.1298754e+00   1.4686879e+01  -3.8704242e-01   1.4725479e+01   5.3523292e+00   8.7805010e+00  -6.2054318e-01   3.0635171e+00  -4.4992757e+00  -7.9358205e-01   1.0310608e+00  -3.1001000e-02   1.6330694e+00  -1.1171080e-01   6.9231578e-01   2.4145183e+00  -5.4607778e+00  -1.9339213e+00   7.9685217e-01   1.1602411e+00   9.9715653e-01   1.7031868e-01  -3.3428098e-01
   5.1773565e+00   6.4335659e+00   1.4300856e+01   1.7485280e+00   1.6676972e+01   5.4978322e+00   1.0338116e+01  -2.1605867e-01   3.1477643e+00  -4.7364684e+00  -1.4292843e+00   1.1752477e+00   4.3738605e-01   7.7730849e-01   6.5044662e-01   2.0706477e+00   4.7477518e-01  -4.2846406e+00  -2.1942114e+00   2.2658718e+00   2.0742400e+00   1.7344019e+00   2.0049137e-01  -7.4386204e-01
   3.3982500e+00   6.3319023e+00   1.5912448e+01   4.4826192e+00   1.9794644e+01   3.7733429e+00   8.3256840e+00  -8.6256940e-02   2.2480947e+00  -4.2025335e+00  -8.5015121e-01   2.6205738e-01   7.9744424e-01  -1.6643841e-01   2.9728707e-01   1.7460432e+00  -1.1721213e+00  -1.9508427e+00   8.2963919e-02   2.0857508e+00   2.5095751e-01   7.7807085e-01   4.0829826e-02  -4.1931764e-01
   5.0501627e+00   7.5411652e+00   1.6005834e+01   1.3662199e+00   1.4753723e+01   2.2286966e+00   7.2103827e+00   4.7480025e-01   4.0711028e+00  -2.1282268e+00  -7.9878211e-01   2.6397734e-01   1.0600651e+00  -8.3163529e-01  -1.4355497e+00   7.6654894e-01  -2.5592618e+00   1.1360556e-01  -2.5755069e-01  -3.6891492e-01  -2.7569608e-01   3.7451874e-01   1.3645811e-01  -1.0385003e-01
   6.0762261e+00   6.3264181e+00   1.4280321e+01   2.4231765e+00   1.3928921e+01   4.0606329e+00   1.0468814e+01   2.1626536e+00   2.9782841e+00  -4.6362902e+00  -1.0475884e+00   8.5771954e-01   9.2801335e-01  -1.9129447e+00  -3.3138624e+00   1.8076228e+00  -7.8911931e-01   2.2319057e+00   1.0126341e+00  -2.0438073e+00  -7.0721318e-02   2.3906611e-01  -3.4272314e-01   5.5196321e-01
   5.4284661e+00   5.1888550e+00   1.2963595e+01   3.9280727e+00   1.5770941e+01   5.5245955e+00   8.8802253e+00  -1.8938863e+00   2.3691255e+00  -3.9578120e+00  -1.1258785e+00   7.2164154e-01  -4.1219024e-01  -6.0310347e-01  -3.0696057e+00   4.4963644e+00   3.3471026e+00   1.9674496e+00   1.0715841e+00  -1.8699217e+00  -7.6131373e-01  -5.2738930e-02   1.3645790e-01   1.2515811e-01
   4.6011183e+00   4.6386403e+00   1.2462774e+01   5.9131270e+00   1.8102356e+01   5.4732520e+00   9.0097139e+00  -1.9676246e+00   2.9930014e+00  -2.9291418e+00  -1.2006877e+00   8.6117009e-01  -1.3151417e+00   1.4670367e+00  -8.1459628e-01   3.0352183e+00   4.7318284e+00   3.0974520e+00  -1.8459715e+00  -2.2098450e+00  -1.5144433e+00   1.8442151e+00   1.7561809e-01  -6.9755451e-01
   5.1694312e+00   7.4803989e+00   1.2310199e+01   6.3657913e+00   1.7687660e+01   4.4735615e+00   9.5473086e+00  -2.6494331e-01   2.9217736e+00  -3.0609095e+00  -5.1754561e-01   4.4998923e-01  -1.0280855e+00   2.9654214e+00   8.8530317e-01   1.9968002e-01   2.8632887e+00   3.0802551e+00  -1.8211149e+00  -8.5140568e-01  -3.0220740e+00   2.0973934e+00   1.7701481e-01  -6.7245997e-01
   4.2330309e+00   7.3812012e+00   1.3385124e+01   5.7571447e+00   2.0068304e+01   9.2323279e+00   7.3663147e+00  -1.9665855e+00   4.3029502e-01  -2.3184189e+00  -1.0883277e+00  -5.2786071e-02  -3.9974987e-01   9.7225856e-01   2.4182709e-01  -1.3375661e+00   2.5094197e+00   2.0813822e+00  -2.1386998e+00   5.1136513e-01  -1.6741346e+00   5.8634712e-01   3.1044552e-01  -4.3064022e-01
   4.0703815e+00   8.2657067e+00   1.3830375e+01   4.3055839e+00   1.9082900e+01   8.2654402e+00   6.9702525e+00  -3.1715144e+00  -8.8263238e-01  -1.1170834e+00  -9.1653630e-01   1.6992967e-01  -1.0496304e+00  -6.4914898e-01   1.7137892e+00   5.7996530e-01   3.4730905e-01  -4.5616155e-01  -3.0027238e-01  -1.2826947e-01   2.5208530e-01   5.2909769e-01  -6.2589638e-01  -1.0908563e-01
   4.5510183e+00   5.7043742e+00   1.2065427e+01   4.9368815e+00   2.1168866e+01   6.6993859e+00   7.0901923e+00   2.5270864e-01   2.3840026e+00  -3.0215341e+00  -5.3552410e-01   3.5523954e-01   1.4715292e-01  -6.0839655e-02   2.6588166e+00   1.0197017e-01  -2.0011720e+00  -2.6270268e+00   1.8024096e+00  -1.2298919e+00   1.5265063e+00   4.3622322e-02  -9.0408461e-01   3.0396483e-01
   3.4359920e+00   7.3450889e+00   1.5540732e+01   7.6458708e+00   1.7658343e+01   5.0557901e+00   9.2349613e+00  -1.5669946e+00   2.3230477e+00  -1.9157053e+00  -1.7327920e+00   8.2347976e-02   8.5071383e-01   4.2401613e-01   1.4541579e+00  -1.8034511e+00  -2.1725620e+00   1.1421206e+00   5.0848740e+00  -1.5669795e+00   1.2331622e+00  -1.9660868e+00  -1.0443630e+00   3.8003228e-01
   4.7709551e+00   7.7502506e+00   1.6518171e+01   4.2399565e+00   1.7778825e+01   6.8966128e+00   8.9375748e+00  -4.6136832e+00   1.1172144e+00  -1.8536744e+00  -2.0363268e+00   4.4695201e-01   7.5733473e-01   2.5904837e+00   1.5118591e+00  -3.6811399e+00  -2.1342523e+00   3.1373532e+00   4.8605133e+00  -5.8919056e-01  -2.1666811e+00  -1.9398723e+00  -4.1564230e-01   9.8371535e-02
   5.2364839e+00   7.8787927e+00   1.3785240e+01   1.9488698e+00   1.7519077e+01   9.8800077e+00   1.3673872e+01  -3.0887877e+00   1.6005049e+00  -4.6501435e+00  -1.7326795e+00   6.9412184e-01   1.3159198e+00   2.2701652e+00  -1.0979553e+00  -4.7071165e+00  -9.7137485e-01   1.5307969e+00   1.5493913e+00   1.5389507e+00  -2.0391481e+00  -2.6844184e+00   3.9569043e-01   1.0211300e-01
   4.7867745e+00   9.3232479e+00   1.5210961e+01   2.2636722e+00   1.8037120e+01   8.9933069e+00   1.2161507e+01   1.2981937e-01  -5.0474766e-01  -4.5641234e+00  -1.1590438e+00   1.9690991e-01   3.8555161e-01   1.5366525e-02  -2.5780453e+00  -1.0547277e+00  -8.3143270e-01  -2.6702662e+00  -1.2106862e+00   5.2874101e+00   4.5572732e-01  -2.5059774e+00   7.7978973e-01   2.1374789e-01
   5.4019620e+00   9.9638380e+00   1.4547403e+01   1.5733381e+00   1.6072133e+01   6.3036385e+00   9.9470823e+00  -1.6303198e+00   7.5306597e-02  -4.5871084e+00  -1.5778978e+00   3.6053854e-01  -3.6052453e-01  -1.3116226e+00  -1.9273985e-02   2.3314746e+00   1.7535758e+00  -5.6148588e+00  -4.1783680e+00   2.8938388e+00   4.9974694e-01  -1.5055463e+00   3.0330144e-01   5.9578156e-01
   5.2665434e+00   6.7307777e+00   1.2270021e+01   2.8456309e+00   1.7255148e+01   4.6793981e+00   8.9849405e+00   2.5881980e+00   2.5634045e+00  -5.6441580e+00  -9.4403301e-01   9.3436550e-01  -1.0506669e-01  -2.2021547e+00  -1.2155371e+00   2.8077918e+00   3.2624777e+00  -6.2455751e+00  -1.9644006e+00   8.7618167e-01   6.0157776e-01  -1.5163339e+00  -1.7326780e-01   8.0367406e-01
   4.4558126e+00   7.2075939e+00   1.5226799e+01   5.1551024e+00   2.0540427e+01   3.6146739e+00   8.9946033e+00   2.2781193e-02   8.1604925e-01  -6.3684457e+00  -1.3852327e+00   1.2190664e+00  -3.8581428e-01  -1.3033569e+00  -5.2383611e-01   1.7044401e+00   2.0741148e+00  -1.8351710e+00  -2.5166171e+00   2.2583474e+00   1.7310624e-01  -2.7893587e-01   3.2602532e-01   1.3526966e-01
   5.1022491e+00   7.3981380e+00   1.3047958e+01   4.6844777e+00   2.0696689e+01   9.6942655e-01   9.6911452e+00   6.1754139e-01   2.7247660e-02  -5.9479557e+00  -1.5152781e+00   9.7315707e-01  -6.1030181e-01   4.3738068e-01   1.6779362e+00   1.6710158e+00   2.2983132e-01   2.8809009e+00  -2.3695760e+00   3.9146686e-01   1.0801632e+00   1.3895150e+00  -3.8642288e-01  -7.6783445e-01
   4.9053878e+00   7.6751225e+00   1.3372681e+01   3.2105749e+00   1.7462534e+01   5.4058677e+00   5.8190544e+00   2.7425296e+00   1.6030444e+00  -4.8536134e+00  -8.0323734e-01   5.4404724e-01  -6.8954282e-01  -2.6321128e-01   1.6953619e+00  -3.7467790e-01  -1.9677270e+00   4.2809063e+00  -3.2987948e+00   4.2274264e-01   2.6134918e+00   1.1880290e+00  -2.7263236e-01  -9.2648115e-01
   4.1263032e+00   7.1530844e+00   1.5713984e+01   6.3244182e+00   1.9138841e+01   8.1051527e+00   7.0183510e+00   1.8155241e+00   3.7901518e+00  -4.3173017e+00  -1.8146650e+00   1.2012340e-01   2.4354153e-02  -2.0023299e+00   4.5391692e-01  -3.3131620e+00  -2.5113580e+00   2.7045447e+00  -1.6359634e+00  -1.5530894e+00   1.7779465e+00   8.5154851e-01   3.4761101e-01  -4.2623968e-01
   3.9094714e+00   6.9353038e+00   1.6436829e+01   3.7731153e+00   1.8367760e+01   6.4681703e+00   5.3828083e+00   5.7903804e-02   2.8548349e+00  -5.4017292e+00  -1.6444878e+00   2.5586149e-01   1.2242570e+00  -3.2859193e+00  -2.9126230e+00  -2.5699829e+00   3.5067719e-01  -1.5379931e+00   2.5297023e+00  -1.8877419e+00  -4.9582890e-01  -1.1449360e+00  -4.2175965e-02   3.8275069e-01
   5.6367386e+00   4.7645524e+00   1.2196759e+01  -5.6653545e-01   1.6477039e+01   4.4950923e+00   7.4553231e+00  -3.6977977e-01   2.0682721e+00  -4.3965750e+00  -5.7323635e-01   4.7789042e-01   1.0897333e+00  -3.1381853e+00  -6.0279980e+00  -1.0443712e+00   3.7807779e-01  -1.2490237e-01   5.1311878e+00  -1.6067254e+00  -2.5179918e+00  -2.3123011e+00  -4.5663542e-01   7.9144956e-01
   5.9865556e+00   3.9405096e+00   1.0762359e+01   2.8010774e+00   1.9319451e+01   4.9039082e+00   9.3951218e+00   1.0035686e+00   1.7202409e+00  -6.5313807e+00  -1.4872156e+00   9.3928977e-01   7.5529363e-01  -1.6466996e+00  -4.6151710e+00  -2.0777319e-01   9.7718635e-01   3.0778351e+00   4.6158144e+00  -9.9665719e-01  -2.3243860e+00  -1.9210531e+00  -4.4937406e-01   5.8421253e-01
   4.7223609e+00   3.9432036e+00   9.5092223e+00   5.2438803e+00   1.9230113e+01   8.6999302e+00   1.2708976e+01  -1.0673964e+00   5.8046105e-01  -7.2209277e+00  -2.5782542e+00   9.6558360e-01  -8.3894049e-01  -8.4993852e-01  -5.4332974e-01  -7.5387706e-01   1.4660319e+00   5.3533398e+00   2.7763971e+00  -1.2722588e-01  -3.7167860e-03  -1.6847760e+00  -9.6843518e-01   2.5885606e-01
   5.4996006e+00   4.8759287e+00   1.0857841e+01   5.5624760e-01   1.8457003e+01   8.9825040e+00   9.6797035e+00  -1.0882737e+00   1.1216148e-01  -6.8711325e+00  -1.3160399e+00   8.8833370e-01  -9.5598144e-01  -1.0678698e+00   1.6440129e+00  -2.5354315e+00  -6.6794136e-01   4.0317355e+00  -1.7550869e+00  -5.0890033e-01   3.4555164e-04  -1.2174477e-01   1.3090753e-01  -3.2714744e-02
   4.6218053e+00   3.0219351e+00   1.1334024e+01  -5.7493615e-01   1.9107311e+01   1.0485804e+01   1.1477628e+01   4.8530254e-01   2.8667366e+00  -6.7538630e+00  -2.1114770e+00   8.9165254e-01   5.9352289e-01  -1.8431004e+00   3.0891229e+00  -1.6911303e+00  -2.9049199e+00   9.5621275e-01  -5.6987382e+00  -3.4358254e-01  -1.6322315e-01   2.9942935e-01   7.7174434e-01   2.8478904e-01
   4.6028613e+00   2.7993391e+00   1.2315977e+01   1.9073383e+00   1.8378940e+01   1.0058574e+01   7.3781653e+00  -5.3613135e-01   5.7762142e-01  -6.9475301e+00  -1.5242430e+00   9.2718318e-01   7.8542692e-01  -9.1554755e-01   4.5869637e-02   2.7300513e+00  -4.1372061e+00  -1.6546506e+00  -3.0417081e+00  -4.0129466e-01  -3.6815796e-01   2.6048774e-01   5.9758595e-01   3.6053770e-01
   6.0610150e+00   2.2168478e+00   1.3413838e+01   2.0316395e+00   1.4911765e+01   9.5962141e+00   5.3116376e+00  -1.8588414e+00   1.0289636e-01  -6.7335848e+00  -1.3165362e+00   1.3733424e+00   9.5695663e-01   1.2141880e+00  -9.3899073e-01   3.0804489e+00  -2.4995727e+00  -2.8885916e+00  -1.9230077e+00   1.8179471e+00  -1.6034223e+00   8.7254814e-02   2.1471484e-01   6.2315498e-02
   5.9581362e+00   3.9051510e+00   9.8867379e+00   3.3480367e+00   1.4348967e+01   6.9453232e+00   8.2001365e+00  -5.1814367e-01   9.4184467e-01  -6.4905400e+00  -8.1713139e-01   1.1882953e+00   4.3958021e-01   2.6504443e+00  -3.5303809e+00   2.1507415e+00   1.4121622e+00  -5.0400008e-01   2.5036822e+00   3.1901683e+00  -8.1759428e-01  -5.2264554e-01  -6.4118049e-01  -5.3952151e-01
   5.3796028e+00   4.2903112e+00   1.1140157e+01   3.3253880e+00   1.7372938e+01   7.7095424e+00   8.1821308e+00   3.2032294e+00   2.7949149e-01  -6.8514759e+00  -2.1429605e+00   8.5456972e-01  -7.4081291e-01   2.2513865e+00  -3.4000144e+00   1.8248916e-01   2.2837854e+00  -2.9284010e+00   3.8868289e+00   3.3137413e+00   5.6716331e-01  -4.2399177e-01   1.7441218e-01  -8.3553168e-01
   5.6029377e+00   5.7382740e+00   8.1572465e+00   4.4865763e+00   1.9266596e+01   1.0245910e+01   9.6984421e+00   1.7180857e+00  -7.3706756e-01  -7.6725529e+00  -2.0728015e+00   3.7728727e-01  -8.4332444e-01   1.1617204e+00   2.8004608e-01  -3.1986551e-01   3.0331789e+00  -3.8452962e+00   1.7447534e+00   2.7309135e+00   5.9774179e-01  -6.4424924e-01   5.5060468e-01  -2.8067916e-01
   5.1273949e+00   4.6773661e+00   9.1785624e+00   1.7361034e+00   1.5878628e+01   3.5533190e+00   1.0392728e+01   1.9936559e+00   1.7930974e+00  -6.7785660e+00  -4.2708284e-01   5.2554892e-01  -1.1157272e+00   2.4144399e+00   3.1592359e+00   3.8802357e-01   1.5799449e+00  -5.7575772e+00  -5.3053805e-01  -4.8573384e-01   1.3604929e+00   6.1333353e-01   1.4995269e+00  -8.3994610e-02
   4.8192535e+00   5.4542041e+00   1.1287604e+01   3.6628807e+00   1.9645891e+01   3.2554905e+00   9.7119679e+00   4.1830133e+00   1.0816544e+00  -7.4933688e+00  -8.4916318e-01   9.3178697e-01   4.0162079e-01   6.0619765e-01   3.5211753e+00  -2.3938189e+00  -1.6718129e+00  -5.3820963e+00  -2.0016956e+00  -1.0535910e+00   1.4360205e+00   2.8612448e+00   8.3798607e-01   4.1385035e-01
   4.0978541e+00   8.0540059e+00   1.4313832e+01   4.3192712e+00   1.9553208e+01   2.5683864e+00   7.3795608e+00   1.2421648e+00   1.4108698e+00  -6.0210677e+00  -5.0548931e-01   4.5132796e-01   2.3992371e+00  -1.3792290e+00   4.6361540e-01  -1.2989040e+00  -2.1702225e+00  -2.5094843e+00   2.1997481e-01  -1.1958779e+00   1.9486574e-01   2.2538361e+00  -2.8880211e-01   5.8607527e-01
   6.7201392e+00   4.9592505e+00   1.0871375e+01  -3.9573593e-01   1.4921587e+01   2.6652320e+00   8.2024823e+00   5.1344470e-01   1.6080770e+00  -3.7594349e+00  -7.7661921e-01   1.0351733e+00   1.9469871e+00  -3.9024508e+00  -1.7444311e+00  -4.2068315e-01  -2.3259694e+00   2.1361976e+00   1.6498213e+00  -5.6688865e-01  -5.6181610e-01   4.7461969e-01  -2.4149165e-01  -3.8149983e-02
   7.7758077e+00   2.8559994e+00   1.0082100e+01   1.8170557e+00   1.4985446e+01   8.4221849e-02   1.1477433e+01   2.0346233e+00   1.8221847e+00  -5.2647788e+00  -8.9655799e-01   1.3529687e+00  -5.9009206e-02  -4.0840724e+00  -1.5398045e+00   1.7005514e+00   6.4107852e-01   7.3967986e+00   1.6799690e+00   1.1734227e+00  -9.6301539e-01  -1.5066612e+00  -7.1920886e-01  -2.1881798e-01
   5.9007574e+00   2.1995312e+00   1.0786824e+01   4.2829637e+00   1.8440817e+01   7.7018692e+00   1.0137764e+01   2.9364511e+00   3.3272757e-02  -7.1595837e+00  -1.0158663e+00   4.2374164e-01  -1.7544684e+00  -1.9615114e-01  -1.3799392e-01   2.8532140e+00   2.9189101e+00   3.7248798e+00  -1.1556615e+00   3.0186966e+00  -6.9070387e-01  -1.2889349e+00  -5.0645032e-01  -5.4315468e-01
   4.4190312e+00   3.3077570e+00   1.2046401e+01   4.5307485e+00   1.8755211e+01   1.1145266e+01   8.9318736e+00   1.7907957e+00   7.5374883e-01  -6.5809851e+00  -1.4646790e+00   4.2881680e-01  -1.9713842e+00   2.1056973e+00  -6.1333244e-01   2.0177444e+00   3.7470839e+00  -8.6736097e-01  -2.2015965e+00   4.7493260e-01   4.1399574e-01   2.2534163e+00  -7.5684339e-01  -4.8708564e-01
   5.7668249e+00   4.4391449e+00   9.6822335e+00   2.5272387e+00   1.7415070e+01   2.7220297e+00   7.7417698e+00   5.1634034e+00   1.1062391e+00  -5.0347340e+00  -1.2522342e+00   6.8251720e-01  -5.0825466e-01   2.7993655e+00  -1.0983999e+00   2.1429918e+00   1.8832062e+00  -5.9002251e+00  -1.0416897e+00  -1.5679914e+00   1.9046361e+00   3.8848492e+00  -1.8763173e-01  -6.6093937e-02
   4.8856976e+00   4.8947385e+00   9.7143967e+00   5.7215349e+00   2.1118946e+01   1.2731001e+00   9.3730352e+00   1.6335460e+00   1.9066952e+00  -2.9470791e+00  -1.9136392e+00   4.9295243e-01   1.2712833e+00   1.3652966e+00  -2.7242427e+00   7.0984173e-01   3.2809470e-01  -3.7637311e+00   1.0355768e+00  -2.5959633e+00  -7.4766771e-01   2.7087381e+00   2.1330070e-01   3.6946617e-02
   4.9050422e+00   5.6050887e+00   1.0305226e+01   6.9020582e+00   2.0083759e+01   3.7876143e+00   8.3546483e+00   6.6308883e-01   2.3137537e+00  -3.1492629e+00  -1.0728339e+00   2.9253292e-01   1.1278578e+00  -8.1403776e-02  -6.1614922e-01  -9.5719828e-01   8.4426602e-01   2.8204334e+00   1.3485550e+00  -1.6124718e+00  -1.7756176e+00   2.9386161e-01   5.5043850e-01  -5.7399101e-02
   6.7568476e+00   4.7727301e+00   7.6485407e+00   3.4081013e+00   1.7913008e+01   4.9668767e+00   1.0178799e+01   1.4700811e-01  -9.7151002e-01  -3.4606136e+00  -1.2344282e+00   6.7922886e-01   8.9608418e-01   1.5477479e+00   2.0648351e-01  -5.4849023e+00   1.2620188e+00   4.4711504e+00  -7.6387871e-01  -4.9738290e-02  -5.3996198e-01  -2.0754895e-01  -2.9599574e-02  -2.2132872e-01
   6.5230367e+00   4.3780435e+00   9.7909377e+00   2.2481581e+00   2.0284438e+01   5.1057915e+00   9.3617202e+00   3.4879646e+00  -1.1808467e-01  -4.3371744e+00  -7.6618192e-01   5.0328033e-01   8.2827024e-01   1.1870630e+00  -1.2666077e+00  -6.3311733e+00   2.1324003e+00   3.1625350e+00  -1.7797345e+00  -4.0725977e-01   1.5717308e+00  -4.0098148e-01  -4.4956263e-01  -1.6135118e-01
   5.4208266e+00   7.8298829e+00   1.0281266e+01  -1.7886857e-01   2.2911635e+01   7.3207371e+00   7.7236812e+00   1.4650070e-01   2.3126714e+00  -2.6644468e+00  -2.1113645e+00   5.5585645e-02   3.0079846e-01   1.0859089e+00  -1.3759892e+00  -1.0197454e+00   2.9091172e+00   2.3507881e+00  -1.0841145e+00  -4.8479987e-01   2.2552812e+00  -7.3972477e-01  -5.8051300e-01  -3.1263053e-01
   6.8154581e+00   5.8571068e+00   7.0889516e+00  -8.0121684e-01   2.0783046e+01   7.3544867e+00   6.9126057e+00   5.2452871e-02   3.0292591e+00  -4.1488185e+00  -1.3087096e+00   3.6232776e-01  -5.2589194e-01   1.5459757e+00  -3.3161920e+00   2.5983228e+00   6.3377977e-02   2.2919749e+00   1.1779262e+00  -2.9419813e+00   1.2317927e+00   6.9392491e-01  -7.8901346e-01  -2.3616976e-01
   7.0618346e+00   5.6620618e+00   6.9355499e+00   3.4031707e+00   2.2027380e+01   7.3687112e+00   9.7771849e+00   1.1375642e+00   8.3773985e-01  -4.6643787e+00  -1.8339338e+00   2.8075935e-01   7.5935258e-01  -1.8280083e+00  -1.1362954e+00   3.8467012e+00  -2.2532708e+00   5.0674977e-01   1.5570387e+00  -2.0128200e+00   5.4260215e-01   8.7015485e-01   5.1998396e-02  -1.5259834e-01
   4.9136948e+00   7.7809176e+00   6.4895078e+00   4.3546227e+00   2.0821632e+01   8.5197668e+00   1.0101858e+01  -1.4205390e+00   2.4670702e+00  -2.2963211e+00  -2.0884175e+00   3.6438832e-02   9.3830033e-01  -1.4053024e+00   1.2204618e+00   1.7205103e+00  -1.0706331e+00  -2.4118937e-01  -6.8794536e-01   1.0324849e+00  -3.6407198e-01   4.0942444e-01  -1.0089851e-01   7.5014367e-02
   7.5107371e+00   4.1259651e+00   8.8765448e+00   3.0132635e+00   1.9512436e+01   7.4982217e+00   8.4646133e+00  -2.1362334e+00   3.4076691e+00  -2.2854632e+00  -1.6435130e+00  -1.0367395e-02   4.6506570e-01  -1.7842225e+00   2.1659029e+00  -9.1908298e-01  -1.9190610e-02  -9.4338891e-01  -3.5310210e+00   3.9065842e+00  -5.7547358e-02  -1.0904920e+00   9.0449005e-01   1.6267348e-01
   7.9984573e+00   4.5172016e+00   7.9491469e+00   1.9745022e+00   2.0434569e+01   6.9279474e+00   6.5369735e+00   3.2380790e+00   1.1981865e+00  -4.7241396e+00  -1.5552678e+00   6.2041268e-01   6.5445147e-01  -2.3243527e+00   3.0198890e+00   1.7067707e-01   9.3332353e-01  -4.1248906e+00  -3.2205758e+00   4.8031498e+00  -6.1120674e-01  -2.9773368e+00   1.4206687e+00   2.9843077e-01
   6.2170519e+00   4.6175860e+00   9.4545847e+00   3.2146065e+00   2.2192126e+01   6.7495376e+00   6.2630954e+00   4.6681315e+00   1.3858606e+00  -5.0862075e+00  -7.4377354e-01   2.3278264e-01  -4.4081144e-01  -5.5083007e-01   2.9622694e-01   1.8257218e+00  -5.3790004e-01  -4.3094517e+00   1.4641378e+00   3.5632587e+00  -2.2239766e+00  -2.6481710e+00   6.6093675e-01   3.2239529e-01
   6.5422146e+00   4.0485781e+00   1.0730321e+01   4.5099668e+00   2.0881773e+01   2.7067730e+00   6.3717529e+00   2.3820033e+00   2.5611643e+00  -5.3619541e+00  -4.0728416e-01   3.6250997e-01  -2.0871602e-01  -1.5573916e+00  -8.4687628e-01   3.5575996e+00  -6.6338170e-01  -3.6345028e+00   4.4760285e+00   1.1572664e-01  -1.0838231e+00   1.9689808e-01  -8.8286570e-01   5.2490437e-02
   7.5776413e+00   3.5340318e+00   7.9302980e+00   4.4841138e+00   1.8481984e+01   3.1446313e+00   1.0743430e+01   3.6366925e+00  -6.0978470e-01  -5.9388125e+00  -1.2260997e+00   6.0217691e-01   6.7246261e-01  -1.2551408e+00  -8.0506292e-01   2.8850939e+00  -2.3891347e+00  -2.6253194e+00   2.0032483e+00  -5.6928328e-02  -2.8187644e-02  -4.0452129e-01  -1.1752694e+00   2.4507797e-01
   7.0050886e+00   2.7228913e+00   7.4409758e+00   6.6761479e+00   2.1294567e+01   3.2786463e+00   1.1010849e+01   3.9273884e+00   5.7027458e-01  -4.0024900e+00  -2.6384033e+00   5.1445121e-01   9.9993131e-01  -1.4811721e+00  -1.4199283e+00  -1.2027451e+00  -2.9066078e+00   4.0047075e-01   6.5837486e-01   1.3879624e+00   8.5837809e-01  -1.6160896e+00  -1.0553417e+00   3.5124165e-01
   6.9943088e+00   3.3977181e+00   9.8916631e+00   6.4591567e+00   1.8402026e+01   2.5256218e+00   6.9484199e+00   3.8100465e+00   2.3390240e+00  -6.3727215e+00  -1.3911180e+00   5.2442898e-01  -3.6678341e-01  -1.2721849e+00   2.5545102e-02  -1.0280004e+00   4.1508026e-01   1.8392907e+00  -1.4001038e+00  -5.7255466e-01   1.6101473e+00  -1.8891512e+00  -4.9219937e-01   2.1137873e-01
   8.3337778e+00   1.8949767e+00   7.6197464e+00   1.7183276e+00   1.6561840e+01   3.6169839e+00   9.2568203e+00   4.3772699e+00   2.3743271e+00  -7.5691340e+00  -1.9077875e+00   9.2824640e-01  -1.6944286e+00   8.6476574e-02  -7.3467408e-01  -1.6851818e+00   1.1206238e+00   1.7964186e+00   7.2313462e-02  -1.6949268e+00   2.5462429e-01  -2.2795538e+00  -1.3038081e-01   2.7321006e-02
   6.3631215e+00   2.0397117e+00   7.8792304e+00   5.4210233e+00   2.1470968e+01   5.7343986e+00   9.5202889e+00   2.5529198e+00   9.0340995e-01  -6.9892173e+00  -2.3297066e+00   7.1234740e-01  -1.5031677e+00  -3.3575424e-02  -2.4726832e+00  -1.5922147e+00  -1.5279570e-01   1.6704200e+00   2.5360421e+00  -2.7532515e+00  -5.2775141e-02  -5.4447713e-01  -4.1964534e-01  -1.4117412e-01
   4.7790394e+00   3.5316094e+00   7.3451811e+00   4.6674418e+00   2.1441032e+01   4.3688857e+00   9.8333845e+00   2.0135616e+00   1.6700180e+00  -7.1135728e+00  -2.3646802e+00   4.6147351e-01  -6.0457176e-01  -7.1033503e-01  -4.4192464e-01   1.7568747e+00   1.3258472e-01   1.4136303e+00   3.6882478e-01  -2.6081774e+00  -2.6406310e-01  -6.6277962e-01   2.2756923e-01  -2.0306122e-01
   6.5169265e+00   2.5290386e+00   6.3199210e+00   2.5962776e+00   1.5733237e+01   4.6553009e+00   1.0464201e+01   8.6202343e-01   2.6120158e+00  -7.4172178e+00  -1.7921397e+00   5.4605425e-01   1.0274834e+00  -2.1923730e+00  -1.4998714e-02  -8.7041249e-02  -1.1296585e+00   2.1503367e+00   4.7265885e-01  -1.8871331e+00   1.4494779e+00  -1.2413337e+00   3.0654300e-05  -3.4541372e-02
   7.3500177e+00   5.8481069e-01   7.7365141e+00   5.7660125e+00   1.9629582e+01   6.2769782e+00   9.3381015e+00   1.3104520e+00   1.1239295e+00  -8.3493031e+00  -1.8352171e+00   7.0680115e-01   1.9283155e+00  -2.1309913e+00   5.8213622e-01  -1.6664035e+00  -2.0727487e+00   2.1659838e+00  -1.5925954e+00  -5.6281207e-01   5.7317048e-01  -6.5980855e-01   3.3785120e-01   1.1524403e-01
   6.6188575e+00   2.2455162e-01   7.6610658e+00   4.7411761e+00   2.0682205e+01   8.0058574e+00   1.0476919e+01   7.3774960e-02   3.3506711e+00  -8.2333526e+00  -2.5943922e+00   5.3787152e-01   1.5251645e+00  -1.9482835e+00   1.2595661e+00  -1.0390633e+00  -5.8307340e-01   2.3229730e+00  -3.0336060e+00   1.6907042e+00  -1.2053809e-01  -1.6277794e+00   5.8429778e-01   1.5981828e-01
   7.6205472e+00   1.4873659e+00   7.5478130e+00   1.0953874e+00   1.5857425e+01   5.9425832e+00   7.4381326e+00   1.5634677e+00   2.1604461e+00  -7.6952182e+00  -1.4567771e+00   6.3843093e-01  -1.4535577e-01  -1.7744317e+00   5.6799347e-01  -1.1286949e+00   7.8190269e-01   1.9768798e+00  -1.9989508e+00   1.8175660e+00   2.6395528e-01  -1.5037045e+00   3.6050638e-01  -1.3754147e-01
   8.6694086e+00  -8.4466423e-01   8.3036207e+00   3.3729952e+00   1.6744705e+01   8.3069580e+00   6.8637765e+00   3.2715718e+00   1.9129504e+00  -1.0185929e+01  -1.1049130e+00   8.1996678e-01  -1.0152332e-01  -1.3083463e+00   4.4801585e-01   5.6103074e-01   1.8214165e+00  -1.5858262e-01  -3.1204545e+00   2.2073554e+00  -1.7349667e+00  -3.0541394e-01   3.8936780e-01  -1.5186757e-01
   6.1067085e+00  -1.5422289e+00   8.2672269e+00   4.7570606e+00   2.2771186e+01   9.0917477e+00   8.1462464e+00   2.4379025e+00   2.2387228e+00  -9.6285715e+00  -2.0391971e+00   3.5944131e-01   3.3951916e-01  -2.2875013e-01  -2.3641325e+00   2.0685494e+00   3.6794214e+00  -4.2966765e+00   1.0470080e-01   4.3164756e+00  -3.0963317e+00   3.1320638e-03  -3.5993394e-02   2.1637374e-02
   7.2234919e+00  -2.2317041e-01   7.9733826e+00   3.7518856e+00   1.9957449e+01   6.1934012e+00   5.4421801e+00   2.9475907e+00   7.0908269e-01  -7.7247969e+00  -1.7191305e+00   4.4956496e-01   2.6203083e-02   1.8549468e+00  -4.4098891e+00   2.3003841e+00   1.9766852e+00  -5.9659004e+00   2.1738703e+00   3.1773503e+00  -3.3868569e+00   1.4536365e+00   2.6460407e-01   1.4143600e-01
   8.8527843e+00   8.3349384e-01   4.1667333e+00   4.0087663e+00   1.9770185e+01   5.5434681e-01   8.3059819e+00   8.2001717e+00  -1.8821176e+00  -8.9210863e+00  -1.2036585e+00   8.5608789e-01   6.5099465e-01   2.8464665e+00  -2.8086762e+00   1.3350397e+00  -9.4919649e-01  -4.5548973e+00   1.6196719e+00   1.3954769e+00  -2.9279322e+00   1.1006852e+00   6.9609251e-01   2.4232646e-01
   7.3356753e+00   7.4989456e-01   3.7390338e+00   7.1977186e+00   2.1210233e+01   3.6268079e+00   1.0044714e+01   5.1564626e+00  -1.1069148e+00  -8.3592172e+00  -1.1257762e+00   7.8379749e-01   2.1511530e-01   8.4627520e-01  -6.1277526e-01  -8.5290375e-01  -1.8981826e+00  -1.4737916e+00   2.0443157e+00  -4.4908169e-01  -1.1269869e+00  -1.1354780e+00   1.6397662e-01   2.3824507e-02
   7.0271088e+00   2.2409384e+00   6.1713870e+00   5.0367036e+00   2.0720999e+01   3.5426984e+00   8.2744871e+00   3.4266819e+00  -1.2451768e+00  -7.6603336e+00  -1.2917355e+00   5.5581474e-01  -3.4912759e-01  -9.6065471e-01   1.9779777e+00  -4.7152644e-01  -1.3728100e+00   1.9178062e+00   8.2643263e-02  -4.4776848e+00   9.0082079e-01  -9.2939275e-01  -4.7707916e-02  -1.1491948e-01
   8.4590026e+00   3.4252013e-01   6.0518928e+00   1.9585613e+00   1.6634768e+01   2.4885380e+00   8.5244011e+00   4.6607131e+00  -1.2998681e+00  -1.0058390e+01  -1.4291271e+00   6.3543830e-01  -3.8929291e-01  -5.1435790e-01   2.4601580e+00  -2.5502873e+00  -3.3126105e-01   3.7904776e-01  -1.5271024e+00  -3.3662655e+00   9.1578294e-01  -8.5290693e-01   3.0308166e-03   2.4536459e-01
   7.7674293e+00  -4.0380101e-01   5.9772703e+00   5.9210553e+00   1.9998703e+01   4.0001911e+00   9.1901034e+00   1.7315193e+00  -4.3440970e-01  -9.4655889e+00  -1.1235449e+00   7.5788827e-01  -5.8519207e-02  -4.4875568e-01  -1.9854674e-01  -3.5240933e+00  -1.3799219e-01  -2.0079221e+00   1.8577374e-01  -3.1308086e+00   4.6673040e-01  -4.8719410e-01  -2.1856476e-01   1.7899199e-01
   6.3815757e+00   1.3007274e+00   7.5263291e+00   2.9301119e+00   2.1074490e+01   3.9666332e+00   7.2962525e+00   9.5464563e-01  -1.3862390e-01  -8.7359499e+00  -1.2053253e+00   1.0508076e+00   2.2427264e-01   5.0629899e-01  -5.6220762e-01  -1.1440885e+00   1.0536640e+00  -2.3134940e+00  -1.5536385e-01  -1.3143717e+00  -9.5179547e-01   1.1778624e+00   2.4498862e-02  -1.5508623e-02
   7.9780434e+00   1.0887012e+00   5.1363488e+00  -7.3521166e-01   1.8294150e+01  -2.0823235e-01   9.1672221e+00   5.8350275e-01  -1.1257033e+00  -9.0523449e+00  -1.7314835e+00   6.1661807e-01   5.1538305e-01  -6.8346536e-02   1.6945458e-01  -1.0879509e+00  -1.1713539e+00  -6.4143404e-01  -3.0737926e-01  -4.1306726e-01  -3.7515602e-01   1.2328053e+00  -2.4449884e-01  -7.0333667e-02
   8.6901044e+00   3.5571751e-01   5.6290422e+00   3.5705620e+00   1.9067540e+01   1.1225087e+00   8.3027960e+00   3.2631638e+00  -2.3819145e+00  -8.4982186e+00  -1.0884095e+00   6.8281047e-01   6.5281701e-01  -1.0462688e+00  -1.8364593e-01   4.8829766e-02  -9.2222463e-01   2.3519095e+00  -1.1440857e+00   1.6115429e-01   8.7421146e-02  -6.5145978e-01   1.7365540e-01  -5.7525351e-01
   7.3862395e+00  -3.3815865e-02   7.1800956e+00   3.9689039e+00   1.9245147e+01   4.4601023e+00   8.2257627e+00  -4.2340714e-02   1.2450158e-01  -7.7352466e+00  -1.5487511e+00   8.3638635e-01   2.4911523e-01  -7.8784356e-01   2.2945102e-01   3.4157244e+00   1.7631613e+00   3.3852692e+00  -1.1288392e+00   2.3475304e+00  -9.0790867e-02  -2.1042218e+00   4.9160995e-01  -2.8415444e-01
   7.6567032e+00   2.9258268e-01   6.2289868e+00   6.5129875e-01   1.9215655e+01   5.1603302e+00   6.0508536e+00   1.5092988e+00  -6.3259462e-01  -1.0371689e+01  -1.0362084e+00   7.8043214e-02  -3.0813647e-01  -2.2184371e-01  -1.4671643e-01   2.6357327e+00   1.4786799e+00   3.2149787e-01  -2.2512402e-02   1.5850361e-01   7.8600587e-01  -5.1736381e-01  -2.3345675e-01   4.4701570e-02
   8.8684169e+00  -6.1496707e-02   5.1805530e+00   5.8480065e+00   2.0864835e+01   2.8507607e+00   8.5999344e+00   4.9817309e+00  -2.1365495e+00  -1.1271942e+01  -1.0201692e+00   4.9277005e-01  -8.2867178e-02   1.7278006e+00  -1.1061817e-01  -1.1230691e-01   1.8547362e+00  -2.1496235e+00   2.9609529e-01  -1.0117313e-01  -1.6824233e-01   8.9685456e-01  -7.9823526e-02  -2.2718282e-01
   7.4868110e+00   3.6792368e-02   6.4087388e+00   6.5846097e+00   2.0475716e+01   2.4094263e+00   8.0819415e+00   9.8888342e-01  -7.2380161e-02  -7.5059164e+00  -1.7028856e+00   9.2167097e-01  -3.7693735e-01   1.0395142e+00   1.5460149e+00  -7.7199948e-01   1.4520776e-01  -3.0463056e+00   6.1268558e-01  -6.2303481e-01  -9.2235376e-01   8.3332333e-01  -1.3581173e-01   1.1231802e-01
   7.3468848e+00   2.6857801e+00   6.9242924e+00   8.3378807e-01   2.1397220e+01   2.6111189e+00   7.6543617e+00   6.6107283e-02  -4.0796914e-01  -7.8228509e+00  -1.3351478e+00   7.3798239e-02  -1.6085344e+00   7.1588247e-01   2.0354796e+00  -1.7126959e+00  -2.8751660e-01   9.3527320e-02  -1.9415820e+00  -1.6619570e+00  -3.9578718e-01   3.8475241e-01  -4.0190100e-01  -4.3271561e-02
   7.8520632e+00   4.7821557e-01   7.6761395e+00   2.0004088e+00   1.9167274e+01   7.1069258e-01   7.4426684e+00   3.0325584e+00  -2.8804155e+00  -1.0846249e+01  -1.0824367e+00   4.5600615e-01  -1.7701491e-01   2.7019444e-01   1.9522131e+00  -2.1506841e+00  -1.4950104e+00   1.9608763e+00  -1.8426815e+00   4.3999703e-01  -1.1843581e+00  -6.6107942e-02  -2.0120325e-01  -2.5498238e-01
   6.2729892e+00   7.9161539e-01   7.6000720e+00   5.5710631e+00   2.1087781e+01   3.8404185e+00   6.0071980e+00   1.4669578e+00  -1.3262127e+00  -9.0246473e+00  -1.9332451e+00   6.6069511e-01   8.6080645e-01  -2.1368365e+00   6.2931165e-01  -9.5815319e-01  -3.6095050e+00   1.0634571e+00   5.4703111e-01   9.3288713e-01  -1.6646068e+00  -5.5279258e-02  -7.5148708e-01   2.7910786e-01
   7.7582365e+00   1.3891664e+00   8.9991686e+00   9.8994596e-01   1.8387920e+01   4.7360909e+00   6.1415011e+00   9.4845369e-01  -1.3897956e+00  -7.0041801e+00  -1.7056418e+00   2.4574896e-01   6.4868066e-01  -1.8142602e+00   1.7123129e-01  -1.5933009e+00   3.4427506e-01  -1.9994292e-01   1.0384988e+00   1.8527531e-01  -1.2334771e+00   1.4181500e+00  -5.8413215e-01   3.1693234e-01
   8.6850078e+00  -9.7494996e-01   7.2067453e+00  -9.8210304e-02   1.6372640e+01   2.1936054e+00   9.1254920e+00   2.5074903e+00  -3.6501893e+00  -9.8268045e+00  -2.1507759e+00   5.9758862e-01   7.0115639e-01  -1.2257728e+00  -5.9638062e-01  -1.8771331e+00   2.5659062e+00  -1.9214436e+00   7.8266002e-01   6.6297860e-01  -4.0510698e-01   6.6448087e-01  -1.2088946e-01   4.1067425e-01
   7.6190749e+00  -1.3598920e+00   8.1296498e+00   2.4450941e+00   2.2041257e+01   1.2341847e+00   7.4412695e+00   2.7902051e+00  -3.5686428e+00  -8.3179459e+00  -1.8498695e+00   9.6295790e-01   1.0715659e-01  -1.6343805e+00  -1.5234485e+00  -2.0651048e+00   3.0516176e+00  -1.0554097e+00  -1.0436363e+00   1.0270547e+00   7.5030765e-02  -8.5559082e-01  -6.1719414e-01   5.4859983e-01
   7.3943046e+00   3.2748544e-01   7.1402605e+00   2.0277894e+00   2.3109972e+01   2.7092062e+00   6.5313038e+00   1.5405500e+00  -8.4444952e-01  -7.3710431e+00  -2.0424654e+00   9.1810202e-01  -3.9252792e-02  -1.0311339e+00  -1.8190493e-01  -2.1379915e-01   3.5658663e+00  -2.8659649e-01  -5.6885601e-01  -4.5914824e-01   7.6304760e-01   4.2394762e-01  -1.5871140e-01   1.1729977e-01
   8.5643230e+00  -1.7136221e+00   6.7472382e+00  -3.1707111e+00   1.9596680e+01   2.8951759e+00   5.8731407e+00   2.9725059e+00  -2.6801194e+00  -9.5154470e+00  -2.6855882e+00   9.0839201e-01   5.5058197e-03  -3.4603744e-01  -7.7368490e-01   1.9992787e+00  -5.1327109e-01   6.6681391e-01  -3.4688208e-02  -1.0222462e+00   2.3281461e+00   5.1394007e-01   2.7039320e-01  -4.6099205e-01
   8.1535046e+00  -2.3447857e+00   7.6250937e+00   2.3889936e+00   2.2943727e+01   9.3321511e-01   9.0562724e+00   1.7276176e+00  -2.9498796e+00  -8.5921325e+00  -1.9709836e+00   8.0082122e-01  -2.3552037e-01  -1.5936406e-01  -1.7159605e-01  -1.3390892e-01  -1.7054128e+00   1.6791737e+00  -2.3529803e+00  -1.3208940e+00   8.6058294e-01   1.9119859e-01   4.0479398e-01  -5.6907569e-01
   7.2477336e+00  -5.4281257e-01   6.7267059e+00   5.2634100e+00   2.1354473e+01   3.1224012e+00   6.1267529e+00   1.1633020e+00   9.7629133e-01  -6.9364911e+00  -1.4800206e+00   3.3011023e-01  -1.0290706e+00   9.8814667e-01   1.8234463e+00  -1.6362494e-01   3.6234107e-01   3.1995981e+00  -2.6114207e+00  -2.4367733e+00   4.9900066e-01   1.5590191e+00   2.6038897e-01  -3.2011351e-01
   7.6993187e+00  -4.9696542e-01   6.8931326e+00  -2.3901346e+00   1.9672957e+01   5.1143542e+00   2.8750273e+00   4.6381097e-01  -1.3817805e+00  -8.3737232e+00  -2.0380583e+00   3.5362937e-01  -1.0408682e+00   1.4243274e+00   1.1781044e+00  -2.4151147e+00   4.6856134e-02   3.3656537e+00  -2.7779865e+00  -1.7025741e+00   2.9014581e-01   2.3426785e+00  -1.8134895e-01  -3.1275671e-02
   7.2478100e+00  -1.1553123e+00   9.8483881e+00  -1.0265844e+00   2.1775577e+01   5.6040036e+00   5.0466322e+00  -5.0750716e-02  -2.7156680e+00  -7.2861231e+00  -2.2614674e+00   6.5181767e-01   4.2864046e-01   1.3852112e+00   3.3421169e-01  -4.0789332e+00   1.1001234e+00   1.5713206e+00  -1.0884716e+00  -2.5427450e+00  -2.0096503e+00   2.4502488e+00  -3.0807225e-01   1.9627997e-01
   6.5921641e+00   9.7955196e-02   7.8314091e+00   1.9113188e+00   2.2803459e+01   4.7408945e+00   5.4293530e+00  -2.1921730e-01  -6.6868127e-01  -4.9032988e+00  -1.8522836e+00   5.9305399e-01   1.4389597e+00   6.4571084e-01   5.8648997e-01   1.0518587e+00   3.3750196e+00  -9.3937210e-01   1.2863764e+00  -7.0840641e-01  -1.5775980e+00   2.5594888e+00   2.7593800e-01   2.2494918e-01
   8.4442716e+00   1.2375440e+00   6.7588852e+00  -3.0057165e+00   2.1439406e+01   5.6661120e+00   3.2168827e+00  -2.3093013e+00  -2.3947337e+00  -4.9963300e+00  -2.0350163e+00   5.0481788e-01   1.2188342e+00  -9.7884683e-02  -8.4453518e-01   2.2172241e+00   2.3073142e+00  -3.8900393e-01   7.5369243e-01   1.7427787e-02  -4.9828103e-02   1.7959566e+00   4.9693705e-01   4.3933285e-01
   9.2595274e+00  -7.2482727e-01   9.3176191e+00   1.7721945e-01   2.4903571e+01   3.6742418e+00   5.7194666e+00   5.3047667e-01  -3.9086446e+00  -5.6793865e+00  -1.7373768e+00   7.6455304e-01   1.3918207e+00  -8.3155887e-01   1.3201598e+00  -1.7096164e-01  -1.0588753e+00   2.1033381e+00  -1.7795909e+00  -4.4762890e-01   3.3047586e-01  -8.0763392e-01   1.7058861e-01   5.0028374e-01
   7.7423797e+00  -8.9074805e-01   7.8384804e+00   3.1663014e+00   2.4186493e+01   5.5538240e+00   6.0321141e+00  -3.9945602e-01  -1.1704285e+00  -4.2041442e+00  -1.5735153e+00   1.2250674e+00   7.3403387e-01  -9.3995432e-01   2.2706009e+00   1.5625423e+00  -1.9278048e+00   2.3889376e+00  -1.6392593e+00   1.9718042e+00   6.9158821e-01  -2.3125388e+00   6.0688828e-01   4.0349412e-01
   9.0308411e+00  -8.5237096e-02   9.2718512e+00  -1.4311326e+00   1.9841603e+01   7.9520456e+00   1.3523510e+00  -1.8455833e+00  -7.8512013e-01  -6.5108426e+00  -1.8271512e+00   9.8335483e-01   8.0128458e-01   1.1319069e+00  -1.3569583e+00   1.0150520e+00  -1.8621433e+00   7.4110446e-01  -1.4620065e+00   1.4695600e+00   2.1632835e+00  -1.7199711e+00   1.3237447e+00   1.0094253e-01
   9.6596655e+00  -4.9218260e-01   1.0187671e+01   1.4227296e-01   2.1078683e+01   7.1106166e+00   2.9415516e+00   1.8364349e+00  -2.9191137e+00  -8.0494102e+00  -1.0797967e+00   1.0006582e+00   1.3898585e+00   2.7019348e+00  -3.7213851e-01  -9.2036800e-01  -7.4775645e-01  -1.6995259e+00  -1.1276786e+00   2.9725419e+00  -9.8919162e-01  -7.2049470e-01   9.7733388e-01  -3.3133060e-01
   9.5028113e+00   7.7375028e-01   6.1075865e+00   3.2118117e+00   2.3664261e+01   4.0075022e+00   5.0717382e+00   1.6168712e+00   2.1062316e-01  -6.3367102e+00   1.3809709e-03   1.0281715e+00   7.5322526e-01   2.4830172e+00   2.1790966e+00  -4.1220879e-01   1.0452698e-01  -5.6113755e+00   3.2137813e+00   6.6105820e+00  -3.4110724e+00   3.5485000e-01   6.8218698e-01  -2.9149324e-02
   9.5911823e+00   2.7326605e+00   8.8624050e+00  -5.3572276e-01   2.1153529e+01   4.9768069e+00   2.4809025e+00   2.3281296e+00  -3.1520875e+00  -5.3719525e+00  -1.0217806e+00   7.0566320e-01  -1.1836672e+00   1.9729522e+00   4.3657529e+00   9.4254973e-01  -2.2743645e-02  -3.5702017e+00   2.7456108e+00   4.0733414e+00  -1.4162348e+00   3.0214089e-01   1.5758285e-01   2.8330337e-01
   1.0194921e+01   2.0268671e+00   1.3203129e+01  -1.7104479e+00   1.9960971e+01   6.0188710e-01   6.4033475e+00   7.8244423e+00  -5.7852418e+00  -7.3172965e+00  -8.3287885e-01   1.0871283e+00  -7.3228474e-01   1.1209355e+00   6.0793027e+00  -8.6839318e-02  -2.9835407e+00  -2.0657530e-01   2.8784360e+00   8.5339554e-01  -1.1637771e+00   1.2283541e-01  -4.6443010e-01  -2.7017280e-02
   7.5381101e+00   1.8406873e+00   1.3188529e+01   4.0172274e+00   2.2896213e+01   3.4581216e+00   6.3941631e+00   4.8426615e+00  -2.0455334e+00  -7.1059058e+00  -4.2629250e-01   1.3961348e+00  -1.9800955e-01  -1.0390172e+00   3.0644684e+00   2.5018175e+00  -4.0688027e+00   9.5254697e-01   3.3916280e+00  -1.2515381e+00   9.4463769e-01  -4.6195432e-01   3.0375566e-02  -2.3895855e-02
   9.4309203e+00   2.9011402e+00   1.3063479e+01   8.0507764e-01   1.8317608e+01   4.4569819e+00   7.4327620e+00   1.6396986e+00  -2.0883196e+00  -5.2854805e+00  -9.9300820e-01   6.4240976e-01  -7.6145396e-01  -1.4796871e+00   1.1102568e+00   3.5443538e+00  -4.7946084e-01   4.6491778e+00   9.7843096e-02  -3.1963093e+00   1.1940577e+00   5.8882152e-01   4.8738327e-02   3.7761113e-02
   9.6761681e+00   7.3699810e-01   1.3528933e+01   1.9592407e+00   1.5872006e+01   4.4780800e+00   7.0536373e+00   3.5431944e+00  -3.5835921e+00  -7.0807920e+00  -8.9615253e-01   8.9217871e-01   2.6574547e-01  -7.2156456e-01   8.0725645e-01  -1.6630299e+00  -1.6588740e-01   3.0506522e+00  -1.9871747e+00   1.1043619e+00  -2.0911460e-01   6.7619596e-01  -1.8901260e-01   2.2585823e-01
   7.9837107e+00   3.5918106e-01   1.4698312e+01   4.6350760e+00   2.2753883e+01   7.0656746e+00   6.2203750e+00   3.6797118e+00  -3.2251259e+00  -6.4466211e+00  -5.2484135e-01   1.3957480e+00  -5.0723487e-01  -1.3258646e+00   1.8721128e+00  -1.2484195e+00  -4.0192392e-01   9.0651326e-01  -6.7432129e-01   2.2476275e+00   1.7581056e+00  -1.5307300e+00   2.3190572e-01   4.4121328e-01
   8.6603332e+00   2.0293200e+00   1.3581997e+01  -3.9231668e-01   2.0429244e+01   6.7297536e+00   4.0195945e+00   5.4791976e+00  -1.7908022e+00  -5.5110415e+00  -9.4389483e-01   1.3582530e+00  -1.0918763e+00  -1.1245761e+00   3.2499435e+00   4.2582775e-01  -3.8595473e-03   1.5350364e-01   1.8130231e+00  -1.1282874e+00   3.3091531e+00  -1.2343459e+00   8.6052010e-01  -1.3560470e-02
   9.1779854e+00   2.6618224e-01   1.5845116e+01   1.0822709e-01   1.5436103e+01   4.6909149e+00   7.9383014e+00   4.0431382e+00  -3.4755621e-01  -8.3664506e+00  -6.2127847e-01   1.0711925e+00  -1.6493760e-01   9.1448019e-01   7.9588216e-01  -5.6820950e-01  -3.3781566e+00  -6.2871748e-01   1.2804334e+00  -3.9133576e+00   3.4719957e+00  -8.7495569e-01   8.1333221e-01  -2.2574164e-01
   7.4412162e+00  -9.0336659e-01   1.7830446e+01   4.8614068e+00   1.9525107e+01   5.8957152e+00   8.9142086e+00   1.6690501e+00  -5.8647351e-02  -7.9723961e+00   4.4284619e-01   1.0341158e+00   1.6191448e-02   1.8718562e+00  -1.2265240e+00   2.7617523e-02  -1.0241684e+00   8.8463077e-02  -4.2775229e-01  -4.6245952e+00   1.5631412e+00  -7.7671114e-01   6.6504350e-01  -1.5146652e-01
   8.3458627e+00   3.1972447e+00   1.3767911e+01   1.1559000e+00   1.8138717e+01   6.5396176e+00   5.6937181e+00  -2.8525085e-01   1.1167902e+00  -6.5283774e+00   1.7864600e-03   1.2192042e+00   3.4957273e-02   2.0498736e+00  -3.0795057e+00   9.2840499e-01   3.2434423e+00   1.1751115e+00  -2.6275445e+00  -3.3552893e+00  -9.9928738e-01   1.6890674e+00   5.8957330e-02   7.8555461e-02
   9.1006817e+00   3.3715732e+00   1.2780813e+01  -8.7472685e-01   1.7541685e+01   5.9380969e+00   4.5002578e+00   7.0649934e-01  -1.7826361e-01  -7.5951449e+00  -2.5786205e-01   1.0570474e+00   1.0724801e+00   1.9406505e+00  -4.4571912e+00  -1.6768004e+00  -2.3158642e-01   3.7877147e+00  -2.9075389e+00  -2.5265046e+00  -3.4920803e-01   3.0159516e+00  -4.1817071e-01  -3.1366047e-01
   8.4006886e+00   1.2035228e+00   1.3750674e+01   4.3689014e+00   2.1292977e+01   6.4323914e+00   6.2039601e+00  -5.0852046e-01  -1.7866792e+00  -6.0214751e+00  -1.8248835e-01   1.1775599e+00   1.4750371e+00  -1.0637856e+00  -1.3319064e+00  -2.6740554e+00   4.4535591e-01   3.5710073e+00  -1.7578638e+00  -1.0014432e+00   6.1713236e-01   1.7153323e+00  -2.2062891e-01  -6.1523280e-01
   9.0225233e+00   3.0044701e+00   1.1153278e+01   7.3970561e-01   1.7600597e+01   1.1630900e+01   4.2977793e+00  -2.0090721e+00   8.6927528e-01  -3.7019197e+00  -9.2272470e-02   5.8444720e-01   1.0689615e+00  -7.5766324e-01   2.0079449e-01   1.4478371e-01   1.6716009e+00   4.3063996e+00  -1.7927256e+00  -2.0866622e+00   1.5150519e+00   1.2611044e+00   2.8092890e-01  -5.4032982e-01
   1.0597498e+01   1.7851179e+00   1.2583819e+01  -3.6623993e+00   1.8777295e+01   9.0497268e+00   3.1581617e+00  -4.2962989e-01   1.5187193e+00  -5.9019915e+00  -4.1195170e-01   5.3265509e-01   9.1359591e-01   7.3143155e-01  -2.4271448e+00  -3.6562617e-01   2.4759943e-01   7.9843456e-01  -1.9294570e+00   4.9387744e-01   1.8519553e+00   2.0164199e-01   4.9309733e-01  -4.0799672e-01
   9.6057195e+00   1.9442808e+00   1.3665432e+01   3.3580990e+00   2.1306928e+01   1.1089029e+01   3.3340686e+00  -2.4629392e+00   4.4161504e-01  -5.7632300e+00   2.7826298e-01   5.6900506e-01   8.5487100e-01  -2.1367899e+00  -1.6402351e+00   2.1518151e+00  -7.8243744e-01  -3.8547608e+00   1.6381326e+00   1.6281404e+00  -1.9786941e-01  -2.1424009e+00   7.1605061e-01  -4.7353582e-02
   9.4794844e+00   2.8307647e+00   8.8538791e+00   2.5112654e+00   1.9811211e+01   7.9009791e+00   3.7916299e+00   4.5922925e-01   1.2050839e+00  -4.6883570e+00   3.7188992e-01   5.7328589e-01  -3.2630130e-01  -2.4069777e+00  -1.3994329e+00   5.6427925e+00  -3.8975240e-01  -2.7298823e+00   3.5261692e+00   3.2720648e-01  -1.7382884e+00  -8.6447672e-01   1.0055690e+00  -2.1530615e-01
   1.0863836e+01  -7.2353824e-01   1.0557895e+01   8.8059589e-01   1.5909983e+01   6.4231329e+00   6.4382441e+00  -1.1291123e-02   7.2928887e-01  -7.5223384e+00   5.8988263e-01   4.9310143e-01   4.8898083e-03  -8.3510727e-01  -1.9444987e+00  -9.9021337e-01  -6.4303107e-01  -2.0590514e+00   2.3231372e+00   1.1831376e+00  -4.4233367e-01   8.1724862e-01   4.7300017e-01  -2.9783461e-01
   9.4789872e+00  -4.9143921e-01   1.2038438e+01   6.0405411e+00   2.0891139e+01   7.2878511e+00   6.8953277e+00  -1.1646442e+00  -1.2325502e+00  -6.3191524e+00   9.4059193e-01   2.4764768e-01   7.9380249e-01  -8.7936275e-01  -3.1458694e-01  -3.9391641e+00  -2.9346754e-01   2.8261639e+00   1.5444695e-02  -6.6276630e-01   6.4540647e-01  -1.6016294e-01  -2.5617889e-01  -7.9431502e-02
   9.6133028e+00   2.3527218e+00   9.1564048e+00   1.0814117e-01   1.9802417e+01   8.3070155e+00   5.2669256e+00   1.2370393e-01   9.9693160e-01  -3.7219594e+00   7.0341223e-01   2.8507226e-01   4.3363230e-01  -2.8519141e-01  -1.3839920e-01  -2.4819943e+00   3.2313460e+00   4.5699915e+00  -3.9740933e-01  -7.8757305e-01   1.7689531e-01   1.6252299e+00  -1.0227547e+00   1.3601983e-01
   1.1295455e+01  -2.6409422e-02   9.0827438e+00  -3.0112534e+00   1.7424792e+01   1.1198284e+01   4.4004562e+00  -6.0241772e-01   2.0393722e+00  -6.8287909e+00  -6.9143213e-02   5.5815322e-01   1.4065372e+00  -6.8211111e-01  -9.0295906e-01  -3.1340805e+00  -8.5239099e-02   2.5811244e+00  -4.7385298e-01   8.7601927e-01   2.1166816e-01   1.5911570e+00  -1.0846529e+00   3.2096062e-01
   1.0606051e+01  -1.3838402e+00   1.1828143e+01   1.6835017e+00   2.2490175e+01   1.1322904e+01   7.0895658e+00  -1.4737640e+00  -6.4132939e-01  -4.8296743e+00  -4.3938182e-01   5.4187840e-01   1.1021005e+00  -1.0757105e+00  -9.4594835e-01  -1.7968380e+00  -5.5501001e-01   2.0883289e+00  -8.4274779e-01  -2.1760637e-01  -1.3382309e+00   3.2136400e-01  -5.9155614e-01   6.0340915e-02
   1.1092419e+01   3.5367518e-01   9.3481303e+00   5.5174011e-01   1.9419401e+01   9.6515936e+00   5.2732281e+00   9.4811863e-01  -9.5917491e-02  -3.3785594e+00  -1.1499038e-01   6.0068554e-01  -2.0742083e-01   7.3906095e-01  -7.5247726e-01  -7.3429072e-02   1.2865821e+00   1.6987458e+00   1.7663966e-01  -1.8396539e+00  -1.7615518e+00   1.7661866e+00   2.1153408e-01  -9.4178753e-02
   1.1367972e+01   5.4911381e-01   7.6047890e+00  -4.3686127e+00   1.7972598e+01   1.2212854e+01   3.5664180e+00  -9.7797381e-01   5.7230061e-02  -4.9650291e+00  -1.6099840e-01   3.5431747e-01   1.0765050e-01   2.0239934e+00  -1.9108887e+00  -3.2181156e+00   6.6365092e-01   7.3911506e-01  -6.9849441e-01  -1.6941631e+00   1.0787517e+00   9.7053500e-01   6.3371349e-01  -2.8471007e-01
   1.0603363e+01   1.1570497e-01   1.0065705e+01  -9.5339819e-02   2.1613454e+01   1.3301427e+01   6.4269897e+00  -3.6097936e+00  -9.5223520e-01  -4.1118335e+00   1.0896621e-01   5.1066556e-01   5.8982841e-01  -5.1108786e-01  -4.7319503e-01  -3.2619403e+00   2.3147768e+00   8.3592077e-01  -4.2526794e-01  -5.1735527e-01   4.2694275e-02  -5.2864657e-01   4.9947218e-02  -1.4257806e-01
   1.1012054e+01   1.7711350e+00   8.6030230e+00  -2.8201318e+00   2.2388625e+01   1.0606660e+01   5.4649434e+00  -1.7360525e+00   1.4049570e+00  -3.0072347e+00   3.9921013e-01   1.5982328e-01   3.7461049e-02  -1.5249866e+00   8.1544639e-01   2.9394862e+00   2.4980389e+00   1.8540717e-01   3.5773364e-01   1.3953961e+00  -1.8157239e+00   6.1583601e-02  -7.1604993e-02   2.0654410e-01
   1.2155120e+01  -1.0239672e+00   8.1392208e+00  -5.1154108e+00   2.0683553e+01   1.1708572e+01   3.6860634e+00   5.5112507e-01  -7.0573957e-01  -5.1504265e+00  -3.2017382e-01   4.8406555e-01  -4.4643989e-01  -3.4330347e-01   2.0594812e-01   7.4670063e-01   1.4510705e+00  -2.4383407e+00  -4.1645452e-01   2.6574514e+00  -6.1986272e-02  -7.1595505e-01   1.8558004e-01   3.3286102e-01
   1.0648285e+01  -1.1685300e+00   9.7912007e+00   2.5506522e+00   2.2184607e+01   1.3287392e+01   5.4734815e+00  -9.6533894e-01  -2.7896036e+00  -4.3533573e+00  -5.3835877e-02   6.7743363e-01  -1.2174058e+00  -2.9918120e-01   7.5675267e-01   1.0850453e-01   2.5675413e-01  -1.0451537e+00   4.5460658e-01   1.4836755e+00  -8.2227947e-01  -1.8547094e+00  -1.8899252e-02   4.5757517e-01
   1.0115588e+01   1.0705823e+00   9.7805384e+00  -1.6606809e+00   2.3892069e+01   8.3035498e+00   5.7980388e+00  -8.9732656e-03   1.0520657e+00  -4.5127049e+00   6.1385926e-01   7.5115192e-01  -1.9747938e+00   1.2365787e+00   1.5023690e+00   1.9978762e+00   1.1617531e+00  -3.8614659e-01   1.9413360e+00  -4.2390216e-02   1.5306928e-01  -1.2053294e+00   2.4976960e-01   3.4367614e-01
   1.0205712e+01   2.7508844e-01   8.9174932e+00  -4.3847400e+00   2.1169498e+01   1.0741440e+01   5.0908656e+00   7.6950990e-01  -7.0736482e-01  -6.1081597e+00  -9.6155293e-02   7.1264286e-01  -5.1267385e-01   1.7690496e+00   6.1791604e-01  -1.2205832e+00  -9.3337096e-01  -1.6810537e+00   6.8154693e-01  -6.0616991e-01   2.0790704e+00  -3.9183118e-01  -3.0014362e-01   2.5097923e-01
   9.4142160e+00   1.0909156e-01   1.0829628e+01   1.3490996e+00   2.2933737e+01   1.2402328e+01   6.7893754e+00  -3.7988467e-01  -1.5172551e+00  -6.0810194e+00   7.5640295e-02   9.8197515e-01   4.5973060e-01  -1.8433654e+00   3.6115517e-01   7.8308776e-01  -2.1703526e+00   3.1251271e-01   4.1065707e-01  -1.9857245e+00  -3.4162743e-01   1.2162825e-02  -6.9006535e-01   1.9668469e-02
   1.0229960e+01   1.9657898e+00   1.0193530e+01  -7.8511289e-01   2.1263716e+01   8.7164226e+00   6.0001336e+00  -1.6891381e+00   1.6136624e+00  -4.1569467e+00  -2.3494183e-01   9.3849086e-01  -1.5203092e-01  -2.7587689e+00   9.5225372e-01   4.2885019e+00   9.9802712e-01   1.1363658e-01   4.4259276e-01  -2.2891046e+00  -2.0067133e-01   3.3390542e-01   1.0376501e-01  -1.3453221e-01
   1.0793060e+01  -2.5398165e+00   9.6842527e+00  -2.2858628e+00   2.0589431e+01   9.7848276e+00   5.9593904e+00  -1.7582360e+00  -6.2088901e-01  -5.4700671e+00  -3.5184550e-01   6.6773062e-01   1.0489595e-01  -2.0690171e+00   4.8886063e-01   5.0483459e-01  -1.3165412e+00  -3.2549781e-01  -1.5732147e+00  -4.5627016e-01   9.7242024e-01   6.7491751e-01   5.5515973e-01  -3.7637782e-01
   9.2882432e+00  -2.5386109e+00   1.0918561e+01   3.8654940e+00   2.3838692e+01   1.2220645e+01   6.1697472e+00  -1.9749713e+00  -1.4565548e+00  -5.9127777e+00   2.7323512e-01   6.6796680e-01  -7.7791940e-02  -2.7459449e+00   9.4662144e-01  -1.0900908e+00  -4.2748988e-01   6.3617671e-01  -1.3249094e+00   1.8828102e+00  -8.1570051e-01  -1.3039481e+00   8.3615130e-01  -2.0337135e-01
   1.0042418e+01  -7.4223374e-01   1.1200403e+01  -2.1895200e-01   1.9671437e+01   1.0161970e+01   4.3447465e+00  -9.2137333e-01   1.4764839e+00  -4.1907277e+00   6.5429141e-01   5.5267046e-01  -8.8878651e-01   3.0018473e-02   1.3114754e+00   4.4251763e-01   2.1548432e+00   1.2873208e-01   1.2182456e+00   1.2185788e+00   5.3583260e-01  -9.8489793e-01   3.9020277e-01   1.0449286e-01
   1.0488593e+01  -3.0519190e+00   1.0855387e+01  -3.4537044e+00   2.1081478e+01   9.4821164e+00   4.8200915e+00   7.1664584e-01  -6.5857486e-01  -6.7525386e+00   5.1621667e-01   6.9096392e-01   1.6691668e-01   1.1155445e+00   5.1446124e-01  -1.8916077e+00  -1.0615925e+00  -9.4240758e-01  -8.4073771e-01   1.9125736e+00   8.7710128e-01   1.6584943e-01  -2.0948174e-01  -7.6873084e-03
   8.8597052e+00  -2.2381347e+00   1.1683053e+01   2.0375129e+00   2.5200303e+01   1.1347190e+01   8.4615867e+00  -1.2761764e+00  -2.1613010e-01  -6.5275335e+00   1.1196787e-01   8.1297136e-01  -7.8614972e-02  -5.9867937e-01  -7.8803576e-03  -2.8522023e-01  -1.6934771e+00   1.1461781e+00  -1.5047744e+00   1.2820990e+00  -2.0038482e-01  -1.3602504e+00  -9.1109838e-03  -7.7980772e-03
   1.0129975e+01  -1.1734374e-01   1.1448928e+01  -1.0014993e-01   1.9481871e+01   1.0214424e+01   2.8502206e+00   1.0712906e+00   7.0540409e-01  -4.4956007e+00   2.3017428e-01   5.2628538e-01  -9.6304326e-01   5.2859218e-01   3.3898632e-01   2.7026968e+00  -1.5059077e+00   1.6571245e+00  -9.5494110e-01   8.7981102e-02   8.6423183e-01   4.3427380e-01  -1.7587205e-01  -1.1985478e-01
   1.0103805e+01  -3.1075404e+00   1.0891812e+01  -2.3235596e+00   1.7931025e+01   1.1515084e+01   3.0725204e+00   8.2445282e-01   4.9391720e-01  -7.3595722e+00   7.8364613e-01   6.2331261e-01   3.1194185e-01   1.0024920e+00  -5.7571497e-01   1.3157990e+00  -1.5285647e+00  -2.1831106e+00  -1.5484316e+00  -2.2159654e+00   1.1852664e+00   1.5615674e+00  -1.1667322e+00   5.0408201e-02
   8.4219783e+00  -1.8243279e+00   1.1759487e+01   2.7808771e+00   2.2457255e+01   1.1883856e+01   6.0822130e+00  -2.0169713e-01   2.8274924e-01  -5.6851086e+00  -8.3430529e-02   6.0601113e-01   3.2181212e-01   7.3720717e-01  -2.1368938e+00   1.4763782e+00   1.7431692e+00  -2.8290439e+00   1.4776068e+00  -3.3492003e+00  -5.6640227e-01  -1.0630976e-01  -8.9683310e-01   2.9402574e-01
   1.0181616e+01   1.1909537e-01   1.0664201e+01   2.5706979e+00   2.1419763e+01   7.2378080e+00   4.5229430e+00  -3.9636306e+00   1.7730969e+00  -3.5904285e+00  -1.4813281e+00   8.4872079e-01  -3.9492817e-02   4.1925647e+00  -2.0639948e+00   1.9699249e+00   4.7267276e+00  -4.0726581e+00   1.7423633e+00  -1.7909654e+00  -1.2904824e+00   1.4130331e+00  -8.2020595e-01   9.9063485e-02
   1.0573787e+01  -6.2485089e-01   8.3573929e+00  -3.3271143e-01   2.0352255e+01   8.1094959e+00   4.3414195e+00  -1.5584681e+00  -7.8378919e-01  -6.5396372e+00   1.7411725e-02   8.5461991e-01   5.2288434e-01   5.1349108e+00  -2.1091082e+00  -1.7285412e+00   3.5013466e+00  -5.0824650e+00  -4.4103500e-01  -9.8851524e-01  -1.3751361e+00   4.6542281e-01   1.8243579e-01  -4.2520601e-01
   8.9686613e+00   2.5815681e+00   9.4968668e+00   2.1881220e+00   2.6073617e+01   7.2932767e+00   6.5564620e+00  -1.1836098e+00  -9.0853724e-01  -4.8127583e+00  -4.9708392e-01   6.4760345e-01  -9.6126708e-01   5.0829348e+00  -3.6031131e+00  -5.0286712e+00   5.0768464e+00  -1.0851909e+00  -1.5672243e+00  -1.2358242e+00  -1.8803525e+00   1.0839983e+00   4.3240043e-01  -1.0039844e+00
   9.8127823e+00   4.6468020e+00   9.1794919e+00   3.7935318e-01   2.5382348e+01   4.2324245e+00   4.4039010e+00  -3.0744804e+00  -4.3913784e-01  -4.3758095e+00  -3.0189891e-01   6.8760789e-02  -1.7815511e+00   5.0467957e+00  -2.7790741e+00  -1.8989785e+00   4.2234510e+00   1.8589476e+00  -1.5633804e+00  -4.1857454e+00   7.5891625e-01   4.2227035e+00  -4.8351752e-01  -1.0644017e+00
   9.1202182e+00   5.1076712e+00   4.8484822e+00  -5.3283412e+00   2.6519987e+01   7.5485574e+00   2.1408658e+00  -5.0593608e+00  -1.2197574e+00  -3.0463449e+00  -6.7307210e-01  -2.6432628e-01  -3.6818698e-01   2.9561959e+00  -3.6719908e+00  -3.4260229e-01   1.7183035e-01   3.5969781e-01  -1.1135870e+00  -4.5685424e+00   1.6927401e-01   3.0336397e+00  -2.9088245e-02  -7.6102461e-01
   7.8256824e+00   5.6822911e+00   6.5129740e+00   5.7705237e-01   2.6464247e+01   1.0770277e+01   4.2041471e+00  -5.8992106e+00   5.1019530e-01  -1.0887886e+00  -6.1987047e-01  -2.8601777e-01   3.4269762e-01   1.5168543e+00  -4.9369662e+00  -6.6035710e-01   3.8095437e+00  -1.8765762e+00  -1.6448098e+00   2.9695792e-01  -2.0105254e+00   1.5682467e+00   1.1540523e-01  -1.4241244e-01
   9.4099307e+00   6.4981174e+00   5.3221396e+00   1.5753690e+00   2.5790413e+01   4.5638973e+00   4.9859585e+00  -6.6240582e+00  -1.1292928e+00  -1.9058092e+00  -3.8173051e-01  -3.1654418e-01   2.3589444e-01  -2.7186862e-02   9.7346883e-01   1.7511124e+00   4.2253188e+00  -2.0452444e+00  -2.8218487e-01   1.7645616e+00  -1.4600283e+00   6.6659550e-01   2.6477157e-01   8.4803142e-02
   1.0181972e+01   6.2268603e+00   1.5372139e+00  -4.0630375e+00   3.1461451e+01   2.9098903e+00   5.1413996e-01  -1.8466948e+00  -3.5001582e+00  -2.5937073e+00  -2.7446186e-01  -1.1874893e-01  -3.5185958e-01  -8.4491967e-03   3.9474189e+00  -3.5519238e+00   2.0687361e+00  -9.6648862e-01  -1.9382399e+00   2.3271751e+00  -2.1820489e+00  -7.2001244e-01   5.4644310e-02   2.9357530e-02
   8.2959149e+00   4.7946063e+00   8.7965655e+00  -3.8162764e-01   3.0359363e+01   8.4108840e+00   3.5625920e+00  -4.4387763e+00  -1.4046231e+00  -1.2939924e+00  -4.4861904e-01  -2.2075599e-01  -1.8334637e+00  -1.5099810e+00   3.6103615e+00  -4.8854218e+00   2.9421635e-01   3.6057208e+00  -3.5916983e+00   1.7111397e+00  -1.2269466e+00  -5.2806362e-01   4.1611960e-01  -2.7147796e-01
   7.8549009e+00   6.5213729e+00   1.0696889e+01  -3.7723351e+00   2.7282876e+01   7.3970506e+00   2.0084704e+00  -3.5010890e+00  -2.6252129e+00  -2.4747157e+00  -5.0445974e-01  -2.8987557e-01  -2.1102952e+00  -1.5914063e+00   4.6573295e+00   6.0584282e-01  -3.9425819e-01   4.5643436e+00  -2.6407283e+00  -1.9927759e+00  -1.0173213e+00   4.5121014e-01   7.9842123e-01  -1.6537084e-01
   7.8232710e+00   4.0858896e+00   6.1578441e+00  -5.8981150e+00   2.8321025e+01   7.7288984e+00  -1.1487542e+00  -3.2301516e+00  -3.4071854e+00  -2.7574004e+00   3.5744783e-01  -6.3819779e-01  -8.3454883e-01   1.1742800e+00   1.1180713e+00  -1.9201123e+00  -2.2365674e+00  -3.9985723e-01  -1.3832350e+00  -4.7022031e-01  -1.3644901e+00   7.8759097e-02   4.9426132e-01  -1.1929307e-01
   7.2528516e+00   4.1941092e+00   9.8425689e+00  -3.9602963e-01   3.1889232e+01   1.0097399e+01  -1.0912795e+00  -5.4401711e+00  -4.0248590e+00  -1.1851881e+00   5.2013655e-01  -1.5808429e-01  -1.4409162e+00   1.8270788e+00  -7.9859922e-01  -2.8226840e+00  -2.4249954e+00  -1.0985780e+00  -2.2884193e-01  -3.7386047e-01  -2.1332823e-01  -3.6070470e-01  -2.1034743e-01   4.6104337e-02
   7.3451163e+00   7.7196581e+00   1.0900833e+01  -4.9499488e+00   2.4701333e+01   6.4609242e+00   3.0376144e+00  -4.1745657e+00  -2.7515352e+00  -1.8206175e+00  -2.1952520e-01  -4.6559124e-01  -1.9880546e+00   2.7987202e+00  -5.5822134e-01   1.3443369e+00  -3.6079772e+00  -3.6707183e-01   8.4647294e-01   8.3714948e-01   6.9842652e-01  -6.2980275e-01  -4.9938473e-01   1.5182564e-01
   5.9326040e+00   7.4451068e+00   7.1274962e+00  -8.4804442e+00   2.5455229e+01   6.3831706e+00  -4.2797681e-01  -3.5896726e+00  -3.2730303e+00  -3.4841642e+00  -5.3149438e-01  -3.0702234e-01  -1.7457027e+00   3.0370692e+00  -1.9551998e+00  -3.2718251e-01  -4.7178661e+00  -9.1215634e-01  -1.0108157e+00   2.3966273e+00   9.9782485e-01  -2.3099830e+00  -1.4050878e-01   2.5244828e-03
   5.5013128e+00   6.6584711e+00   6.6780484e+00   1.6059771e-01   2.6126061e+01   9.0354046e+00  -2.1069611e-01  -2.8996766e+00  -2.7354600e+00  -2.5526165e+00   1.3418620e-01  -3.3599031e-01  -2.3968287e+00   1.0801474e+00   5.5493129e-01  -6.7030954e-01  -1.2777392e-02  -2.4724587e-01  -4.9959939e+00  -1.2155023e+00  -7.4183007e-01  -1.9889751e+00   1.2614802e+00   3.6475303e-01
   5.5561993e+00   9.2803065e+00   9.0211614e+00  -3.4420766e+00   2.4100070e+01   7.4419239e+00  -9.8334780e-01  -2.4826747e+00  -2.5361593e+00  -4.2841631e+00   1.3251768e-01  -2.1909803e-01  -2.4553551e+00   1.3022749e+00   4.1706509e+00  -1.1946995e+00  -4.3935897e-01  -9.5450904e-01  -3.3660614e-01  -3.9520823e+00  -1.3748779e-01  -1.9522667e-01   1.8677894e+00   3.3764030e-01
   3.9380756e+00   8.4222794e+00   1.0786397e+01  -8.4745968e+00   2.5359747e+01   5.5606787e+00  -4.1786909e+00  -6.5513182e+00  -4.2327158e+00  -4.4040808e+00   1.3406890e+00   3.7576145e-02  -1.3679488e+00   7.6822841e-01   2.9392172e+00  -4.2636635e+00  -6.3344442e-01  -4.5577236e+00   2.3824531e+00  -4.0507491e+00   7.3255636e-01   5.5327885e-01   5.5859402e-01   3.3530884e-01
   3.0311900e+00   8.5166150e+00   1.1329298e+01  -5.9548962e+00   2.5179347e+01   6.6887700e+00   1.0511114e+00  -7.6919752e+00  -2.7306341e+00  -2.8512720e+00   1.6669383e+00   1.2654877e-02   3.5542185e-01  -1.8458907e+00   5.2637197e-01  -1.6183782e+00  -1.8026923e-02  -4.5720631e+00   1.0454664e+00  -2.6846052e+00   1.0166566e+00   1.0283947e+00  -3.1953038e-01  -4.7544782e-03
