   1.2890184e+01   1.3232465e+01   2.8232935e+00  -2.7899040e+00   2.5481962e+00   7.3837724e+00   3.5668187e+00  -3.4948802e+00  -1.5690083e+00   9.1016258e-01   7.3983856e-01   2.2327909e-01   8.6283925e+00   8.0059060e-01  -3.7403368e+00  -5.7541077e+00   1.0838780e+00  -3.2097878e+00  -1.2943191e+00   1.5381661e+00  -2.3028302e-01  -7.2514938e-01  -8.1076708e-01   3.2877853e-01
   1.6193922e+01   1.2475272e+01  -1.8782874e+00  -2.9980562e+00   5.5505871e+00   4.6903785e+00   1.7770451e+00  -1.5718408e+00  -2.2827985e+00   3.2206238e-01   7.2858448e-01   5.6080581e-01   4.0065290e+00   2.6092553e+00  -3.2234433e+00  -1.7437519e+00   1.3872374e+00  -4.1275880e+00  -2.3589077e+00  -3.8007375e-01  -1.4380023e+00  -5.8133967e-02  -7.5734505e-01   2.7089104e-01
   1.2277515e+01   1.2023142e+01   4.0012573e-01  -1.3068837e+00   4.5498809e+00  -3.9299701e-01   5.7728544e-01  -3.0412176e+00  -2.2387999e+00  -3.8641570e-01   1.2214162e-01   3.8158869e-01  -2.9857470e-01   2.8609961e+00  -1.5846111e+00  -3.4307723e-02   3.0563271e-01  -3.9071952e-01  -2.3528279e+00   1.4322120e+00  -9.2029364e-01   5.0463835e-02  -1.6057283e-01   2.9742856e-02
   1.1897946e+01   1.5502884e+01   1.3691753e+00  -4.3191228e-01   5.0796944e+00   3.7584913e+00   8.2840462e-01  -2.3314260e+00  -2.2613764e+00   9.9322221e-01   6.3127578e-01   5.2583168e-01   2.5924879e+00   8.5429286e-01  -2.1364657e+00  -2.3363868e-01  -2.4321080e+00   3.8139200e+00   7.1713998e-01  -2.2422605e+00   5.1811612e-01  -2.1409768e-01  -7.6216315e-02  -8.7988303e-02
   1.4590310e+01   1.6010153e+01  -1.1773544e+00  -4.1244376e+00   3.2420916e+00   7.2636368e+00   5.1189708e-01  -9.6676962e-01  -2.9601597e+00   6.5027842e-01   5.4763367e-01   2.8538044e-01   5.3952406e+00  -1.8899745e+00  -2.7267055e+00  -6.5634681e-01  -3.2329956e+00   5.2291053e+00   5.8642625e-01  -2.7870313e+00   3.9232788e-01  -1.0468248e-02  -3.5517531e-02   6.3767052e-02
   1.8926256e+01   1.1763206e+01  -4.2942458e+00  -1.9397373e+00   2.5563197e+00   6.5829416e+00   2.8854492e+00  -5.9724555e+00  -1.1449444e+00  -5.1743120e-01   4.0151398e-01   4.7692748e-01   1.9341953e+00  -2.8182752e+00  -9.1299403e-01   2.2508365e+00  -2.0924751e+00   1.2186889e+00  -1.6812049e+00  -3.0580996e+00   7.5818104e-01   1.3972690e-01   5.7689355e-01  -1.7386174e-01
   1.6856221e+01   1.1058019e+01  -8.5822201e-01  -1.5374914e+00   9.6207479e-01   6.0384358e+00   4.2840250e-01  -5.4012498e+00  -2.2085241e+00   3.5320864e-01   1.8374623e-01   5.0169137e-01  -1.7171226e+00   3.1369930e-01   6.7638476e-01   9.6205097e-01   7.4087730e-01  -1.6305208e+00  -3.0773707e-01  -1.9704304e+00   1.4460050e+00   1.4102646e+00   5.3001615e-01  -3.6705334e-01
   1.3666283e+01   1.3751538e+01  -1.5988192e-01   1.6508693e+00   3.0809902e+00   6.1991252e+00  -1.6516555e+00  -4.7013353e+00  -1.4999227e+00   1.3513475e+00   1.6785598e+00   1.5688360e-01   8.4658087e-02   2.3729647e+00  -1.5862554e+00  -3.2599630e+00   1.2308466e+00   2.8108612e-01   5.1559969e-01  -5.4899925e-01  -5.8152184e-03   1.0830867e+00  -4.1542274e-01  -2.6629782e-01
   1.4644613e+01   1.5486536e+01  -2.2299592e+00  -4.4766645e+00   4.0910723e+00   5.0097638e+00   2.3188438e+00  -4.5579753e+00  -6.1366303e-01   1.8312860e+00   7.0413497e-01  -1.0517764e-01   3.3503354e+00   1.3149353e+00  -3.9110860e+00  -4.2783889e+00   3.4046419e-02   1.0763496e+00   1.7104241e+00  -1.6279093e+00  -1.0898072e+00  -8.0157578e-01  -1.2531199e+00   9.9790060e-02
   2.0159047e+01   1.3108394e+01  -5.9877604e+00  -5.3600952e+00   2.8380908e+00   7.5189068e+00   2.7136281e+00  -7.2175916e+00  -1.9510978e+00   3.6816019e-01  -4.8181450e-01   3.8091525e-01   3.0619553e+00   1.2812814e+00  -1.0783530e-01  -4.0203053e+00  -3.6180378e+00   1.2206401e+00   5.2937907e-01  -1.4915054e+00  -1.4357951e+00  -2.8743876e+00  -2.2250786e+00   3.0799346e-01
   1.8635342e+01   1.3351994e+01  -3.8109118e+00  -4.4495925e+00   1.1345941e+00   6.9930694e+00   8.1139682e-01  -6.5849856e+00  -3.6176474e+00  -3.5756141e-01  -6.1574642e-01   5.3936063e-01  -9.3501416e-01   2.0722590e+00   3.0569994e+00   7.3328714e-01  -2.1465735e+00   1.3914622e+00  -1.5513385e+00   1.3090247e+00  -2.6513092e-01  -2.7735879e+00  -1.1563274e+00  -6.3774947e-02
   1.6263852e+01   1.6740731e+01   4.6884141e-01  -4.3931246e+00  -8.6782748e-01   7.0384326e+00  -1.0386337e-01  -5.9250882e+00  -2.1516232e+00  -1.8658103e+00  -9.9911736e-01   2.9660465e-01  -5.1780019e-01   3.0382263e+00   1.0120888e-01  -3.5725912e+00   2.1541914e+00   3.2326216e+00  -2.1748474e+00   3.1586935e-01   5.1166839e-01   9.0621760e-02   5.5356815e-01  -7.1647274e-01
   1.5189689e+01   1.6778756e+01  -8.7276107e-01  -3.8602191e+00   2.7241713e+00   7.3371942e+00   1.4005818e+00  -3.2406899e+00  -9.1109670e-01  -1.2121107e+00  -7.7170470e-01  -1.5868476e-01   2.8044028e+00   4.5632643e-01  -4.1020017e+00  -5.4060528e+00   3.8738397e+00   3.8217575e+00  -1.5747054e+00  -2.8457332e+00  -3.2330802e-01   6.6563125e-01   8.5154543e-01  -6.3241077e-01
   2.1105173e+01   1.5952353e+01  -7.3050224e+00  -1.1013669e+01   5.2745893e+00   1.2195777e+01  -8.4323548e-01  -8.4159354e+00  -2.5368705e+00   9.3136748e-01   4.2651687e-01  -3.4477116e-01   2.4005974e+00   8.1052041e-03  -2.9390318e+00  -3.1234959e+00   4.7959492e-01   8.1332274e-01   6.5310555e-01  -2.0971976e+00  -3.8850342e+00   3.7169258e-01   5.7291677e-01  -2.3529713e-01
   2.0421285e+01   1.4430673e+01  -6.0769823e+00  -9.2483995e+00   3.8741452e+00   1.0147034e+01  -1.1809752e+00  -9.6081617e+00  -3.9099858e+00  -7.5770340e-01  -5.1245387e-02  -8.8567620e-02  -4.3291919e-01   2.0216559e+00   2.2949011e+00   1.1350895e+00  -2.8382553e+00  -1.9888209e-01   6.6432377e-01  -1.1580365e+00  -3.1662435e+00  -1.2726888e+00  -7.7996464e-01  -8.4466848e-02
   1.7248950e+01   1.7926931e+01  -1.3375956e+00  -6.3842782e+00  -7.2342206e-01   6.8534970e+00   2.1665735e+00  -5.8871487e+00  -6.4797300e+00  -1.5354750e+00  -4.9997187e-01  -9.1399612e-02  -1.5040806e+00   9.8311736e-01   2.2612186e+00   3.5583527e+00  -2.0135992e+00  -8.6627353e-02   6.2109693e-02   2.0731830e+00   1.5937706e-01  -5.3505438e-01  -1.1809027e+00  -3.1771629e-02
   1.6468422e+01   1.8823951e+01  -4.1412279e-01  -4.4722801e+00   1.4657940e+00   9.7100110e+00   8.9216302e-01  -6.2421381e+00  -3.6890322e+00  -1.8877226e+00  -1.4784073e+00  -4.1207080e-01   1.5217491e+00  -8.9643769e-01  -2.1277953e+00  -9.8095474e-01   6.5814355e-01   2.3248140e+00  -1.2825294e+00  -7.6403425e-01   7.8125647e-01   1.1117258e+00  -3.4975762e-01  -1.5585286e-01
   2.0825484e+01   1.5230390e+01  -6.7446243e+00  -8.0641995e+00   3.4583661e+00   1.2284347e+01  -1.7866400e+00  -6.9891727e+00  -2.4082817e+00   6.9379554e-01  -6.3125624e-01  -2.3067701e-01   1.9282269e+00  -1.1432469e+00  -2.3127945e+00  -3.9418820e+00   6.8054544e-01   1.4764513e+00  -1.3779143e+00  -2.6595878e+00  -1.7137263e-01  -2.6315770e-01   5.2934002e-01   1.0341334e-01
   2.0915642e+01   1.4434287e+01  -6.5651610e+00  -9.8798710e+00   2.7704664e+00   1.0918830e+01  -1.1281625e+00  -1.0203201e+01  -4.7738252e+00  -2.0474999e-01  -5.1023962e-01  -2.5270822e-01  -9.9513240e-01   4.1758663e-01   1.7795647e+00   1.7834682e-01   1.3755517e-01  -1.7862782e+00   4.0988390e-01   3.8855480e-01  -1.9006162e+00  -1.7658911e+00  -5.6913472e-01   1.0810285e-01
   1.7917680e+01   1.8406892e+01  -1.7312683e+00  -9.5933057e+00  -3.5494013e-01   8.4637646e+00   1.1098648e+00  -7.8959989e+00  -6.1943924e+00  -2.7716979e+00  -1.9004567e-01  -1.5960900e-02  -1.5003462e+00   8.4621296e-01   2.2246216e+00   2.0007419e+00   1.2942216e+00  -2.0837021e+00   1.5534656e+00   2.0332222e+00  -7.2394346e-02  -8.7310828e-01  -8.8329899e-01   8.2088425e-03
   1.6429626e+01   1.7862080e+01  -2.5145380e-01  -3.4402067e+00   3.5787799e+00   8.9408850e+00   5.8736439e-02  -5.2058928e+00  -4.6469012e+00  -2.8038126e+00  -2.5527147e+00  -3.5727459e-01   1.6992639e+00  -1.2668498e+00  -3.6772555e+00   8.0182089e-03   3.4144933e+00  -3.4446093e-01  -8.3945291e-01   9.9412639e-01   1.8262836e+00   1.0521643e+00  -4.8026458e-01  -6.9890000e-02
   2.0817973e+01   1.4785813e+01  -6.5645456e+00  -8.2829187e+00   4.9955418e+00   1.0147766e+01  -4.9891147e-02  -6.4379935e+00  -2.5803352e+00   6.8366441e-01  -9.3496722e-01  -1.6608056e-01   2.6329318e+00  -3.0720124e+00  -5.1106794e+00  -1.9351653e+00   1.8516600e+00  -2.1375359e+00  -1.3315938e+00  -1.3874754e+00   1.3634964e-01   5.5622162e-01   3.8109759e-01  -4.0826885e-02
   2.2014391e+01   1.4344552e+01  -9.6644057e+00  -1.0523037e+01   5.2169654e+00   9.5601373e+00  -1.8074639e+00  -9.4410142e+00  -3.8414284e+00  -3.5418465e-01  -8.5817571e-01  -2.8248339e-01  -8.3850937e-02   2.1188386e-01  -6.0046389e-02  -1.0587889e+00  -3.5526965e+00  -3.7446928e+00   1.2389523e+00  -1.3024617e+00  -1.6487318e+00  -1.9751292e+00   1.4659735e+00   3.8775238e-01
   1.9074695e+01   1.5557638e+01  -4.6908115e+00  -8.9546385e+00   1.6034571e+00   4.9478346e+00   4.5574336e-02  -7.8596513e+00  -6.3926044e+00  -3.1621795e+00  -4.6566875e-01  -1.1459683e-01  -3.2696547e+00   2.2798880e+00   4.3282384e+00   3.7189680e+00  -4.8178608e+00  -3.3738765e+00   3.6884349e+00   1.8783589e+00  -1.0326086e+00  -2.0119615e+00   5.8824182e-01   1.2003115e-01
   1.7175488e+01   1.7793993e+01  -1.2783904e+00  -4.6925302e+00  -5.4222507e-02   5.9238117e+00   1.8694322e+00  -6.4487564e+00  -5.2138644e+00  -3.8435844e+00  -5.8840362e-01   1.9861212e-01   2.5506365e-01   3.8508319e-01  -1.2276703e+00   2.0651525e+00   2.1102546e-01  -6.4593667e-01   7.9077133e-01   4.6328857e+00  -3.0890560e-01   6.6917311e-01   7.7214988e-02   1.6960067e-01
   1.8332943e+01   1.6480924e+01  -4.2651955e+00  -5.6197202e+00   4.0434460e-01   6.9051144e+00   3.6443131e+00  -5.1165841e+00  -3.4430301e+00  -5.8957795e-01  -1.8749053e-01  -2.2658159e-01   2.8031302e+00  -2.8228725e+00  -5.9611106e+00  -5.4388570e-01   2.5506746e+00  -4.4478773e-01  -1.8788101e+00   1.6887018e+00  -1.1476125e+00   1.5536875e+00  -8.4082466e-01   1.1489592e-01
   2.2767863e+01   1.4460534e+01  -1.1718719e+01  -9.0927675e+00   6.1330598e+00   7.6125924e+00  -2.4206763e+00  -3.8632192e+00  -5.7795739e+00  -6.3672575e-01  -8.8144234e-01   2.7909997e-02   1.3282249e+00  -2.4227268e+00  -1.6394121e+00  -2.4580832e+00   2.7639313e-01  -1.2039819e+00  -2.5472621e+00   4.1745623e-01  -1.5572825e+00  -1.0726446e+00  -5.8544904e-01   2.9787019e-01
   2.0483203e+01   1.2990059e+01  -8.4123131e+00  -7.5703484e+00   2.3358279e+00   3.4362626e+00  -6.2758665e-01  -6.6193672e+00  -7.8311684e+00  -2.4350775e+00  -1.5803864e+00   1.4309812e-01  -3.7770645e+00   3.9638539e-01   5.6792110e+00   1.4538195e+00  -2.5112489e+00  -1.6470220e+00  -1.4308961e+00   4.3702304e-01   9.8625794e-01  -3.0517790e+00   1.5312273e-02   3.8881374e-01
   1.8092695e+01   1.5905336e+01  -1.6639499e+00  -7.4043409e+00  -6.0537443e-01   5.8522648e+00   1.8448892e-01  -5.0711805e+00  -5.3557190e+00  -4.5298015e+00  -7.7012925e-01   4.6057755e-01  -2.7978996e+00  -4.6566650e-01   5.7542754e+00   6.6145317e-01  -2.4333565e+00   1.4717874e+00   1.9023224e+00  -3.4995858e-01   2.9449957e+00   2.3204258e-02   5.7784705e-01  -1.0003793e-04
   1.5004930e+01   1.6353101e+01  -7.7376368e-01  -4.2832042e+00   6.6883236e-03   5.3147452e+00   1.9538638e-01  -3.8570689e+00  -2.1755706e+00  -3.2207085e+00  -2.2017867e-01   1.4030524e-01   2.1550852e+00  -2.4973226e+00  -1.9626330e+00  -2.0624750e+00   1.2204856e+00   3.2664303e+00  -7.9702124e-01  -1.8912992e+00   1.5816138e+00   1.6210538e+00   1.2811436e-02  -1.1115529e-01
   2.1310150e+01   1.2080513e+01  -6.9065807e+00  -9.7441599e+00   3.6475948e+00   8.8810322e+00   2.1320867e-02  -5.7693063e+00  -4.1898793e+00  -2.0910385e-01  -6.9477563e-01   2.9156378e-02   2.9443447e+00  -1.9201169e+00  -4.9703626e+00  -8.9587073e-01   5.8207805e-01  -1.0933125e+00  -5.4436869e-01  -2.2246485e+00  -2.5116654e+00   2.9417341e-02  -4.0750629e-01   9.3007201e-02
   2.2107103e+01   1.1156486e+01  -8.7349471e+00  -9.4941513e+00   2.0400716e+00   6.8215243e+00  -1.7415345e+00  -9.1072531e+00  -6.0416676e+00  -2.1638457e+00  -1.5988460e+00   1.9207577e-01   3.2228847e-01   9.6366039e-01  -1.0295528e+00   6.4306854e-01  -7.1633845e-02  -2.6257108e+00  -1.1755185e-01  -4.4560595e-01  -3.2328176e+00  -1.5297452e+00   3.9520828e-01   2.1157226e-01
   1.8958126e+01   1.5623468e+01  -5.1389020e+00  -6.1426734e+00  -7.4894901e-01   3.4589064e+00   3.3639632e-01  -5.7830612e+00  -7.1901687e+00  -5.0141069e+00  -6.9205500e-01   5.7420309e-01  -3.0820045e+00   3.3159215e+00   1.1555577e+00   3.5915153e+00  -5.9363569e-01  -1.7847037e+00   7.2779427e-01   2.9470256e+00   8.8700434e-01  -7.3892195e-01   1.6429828e+00  -7.7342051e-02
   1.6664375e+01   1.6027114e+01  -3.2019322e+00  -5.1193446e+00   2.0975095e+00   4.0872419e+00  -1.3847912e-01  -4.5186003e+00  -5.5246522e+00  -3.1128247e+00   3.7127343e-01   1.8514027e-01  -7.8310970e-02   2.7058146e-01  -1.6286541e+00   3.3317357e-01   2.1082459e+00   8.1603027e-01  -4.8507987e-01   2.4675180e+00   1.6926593e+00   1.5853241e+00   1.1590550e+00  -3.8419460e-01
   1.9408508e+01   1.4619081e+01  -7.9397517e+00  -6.5442902e+00   2.7284223e+00   7.5711179e+00   3.1148459e-01  -3.6430942e+00  -3.1178804e+00  -8.4299727e-01   7.8463887e-01  -8.3388951e-02   2.2270363e+00  -2.4942504e+00  -2.2367597e+00  -2.9531782e+00   7.2967403e-01   1.4920037e+00  -3.5248190e+00  -1.1109290e+00  -3.4435086e-01   8.5290187e-01  -3.4585202e-01  -4.0775363e-01
   2.1764446e+01   1.2064552e+01  -9.7775035e+00  -8.7935826e+00   3.4637549e+00   5.9894640e+00  -2.4566984e+00  -6.4759595e+00  -5.5388228e+00  -1.8714143e+00  -5.9861052e-01  -5.5420115e-02   2.0581543e-01  -1.5142882e-01   3.3668143e+00  -8.0293072e-01  -4.3684450e+00  -2.6539177e-01  -1.3372735e+00  -8.2908237e-01  -1.4011160e+00  -1.8673908e+00  -7.7504253e-01   1.9008686e-01
   1.9748645e+01   1.3863373e+01  -5.2062560e+00  -8.7353218e+00  -3.3756068e-01   4.7458009e+00  -3.7917226e+00  -6.4707751e+00  -7.6996097e+00  -4.3554593e+00  -7.2589105e-01   8.2852833e-02  -3.2065910e+00   1.2102234e+00   6.9079017e+00   1.9210578e-01  -2.7019320e+00  -9.8204089e-01   1.0694120e+00   7.8912733e-02   1.7351578e+00  -7.0884540e-02  -3.6552915e-02   3.2567930e-01
   1.6803029e+01   1.6177825e+01   4.8154143e-01  -5.2282249e+00  -2.9221666e+00   5.1018127e+00  -9.2785760e-02  -4.3483834e+00  -5.3354615e+00  -4.1576799e+00  -3.6025405e-02   3.8714967e-01  -2.2654753e-02  -2.6745123e-01   1.6393975e+00  -3.3136113e-01   3.5496065e-01   2.6743689e+00   2.0184235e+00  -5.5857287e-01   3.6690578e+00   2.1677752e+00   4.5521324e-01  -4.2136685e-02
   1.7079329e+01   1.4377780e+01  -2.7074215e+00  -8.0388104e+00   1.8684851e+00   6.5418822e+00   7.3364630e-01  -4.5885131e+00  -6.1682441e-01   1.9380874e-01   4.4851694e-01   1.8384510e-01   2.2671609e+00  -2.8402203e+00  -4.4651717e+00  -1.8979316e+00   2.8763190e+00   1.8574455e+00  -7.9721961e-01  -3.2829950e+00   1.0787730e+00   1.7279281e+00  -5.7812382e-01  -1.6723010e-01
   2.3065121e+01   1.1406172e+01  -8.5678245e+00  -9.6388800e+00   2.8931730e+00   9.1029768e+00  -1.6917477e+00  -8.2549498e+00  -3.5766287e+00  -8.9438550e-01  -5.0299466e-01  -1.6912128e-01   1.6751727e+00  -3.2055654e-01  -3.6078422e+00  -1.3037170e+00   2.0265450e+00  -1.1395789e+00  -1.2542263e+00  -3.4873507e+00  -2.8621559e+00  -4.6570227e-01  -1.2416149e+00   2.4267168e-02
   2.0018340e+01   1.1988869e+01  -7.3793306e+00  -9.3768916e+00   1.0692480e+00   5.5313871e+00  -4.1880710e+00  -9.4419845e+00  -6.9608666e+00  -3.3952144e+00  -1.3595922e+00   1.1014316e-01  -3.1366537e+00   2.6349483e+00   3.8219186e+00   3.8329830e+00  -1.7180580e+00  -3.9754483e+00   4.8733583e-01   1.2365416e+00  -3.4498240e+00  -1.2019914e+00   5.6225892e-02   5.6623108e-01
   1.7846283e+01   1.6891445e+01  -2.5942673e+00  -6.5147598e+00   5.1726949e-01   3.8976919e+00   4.8673348e-01  -7.1526738e+00  -6.4566743e+00  -3.0617218e+00  -9.9439316e-01   4.6040139e-01  -1.7598522e+00   1.8490169e+00   1.6745033e+00   1.9925153e+00   2.1499744e+00  -2.0630036e+00   1.1019725e+00   3.8378062e+00   3.6819406e-01   1.5073169e+00   7.5898339e-01   1.7811737e-01
   1.4983768e+01   1.5587565e+01   3.8677709e-02  -3.8513959e+00   4.7934988e-01   3.1813522e+00   3.7540947e-01  -3.2848388e+00  -4.3515376e+00  -5.2551019e-01   7.7855503e-01   7.1843038e-01   3.2807353e+00  -1.3609338e+00  -4.8458376e+00  -2.2097182e+00   5.2534343e+00   3.0719024e-01  -4.8176901e-01   1.2670595e-01   7.3919908e-01   2.5654363e+00   2.4650550e-02  -4.6842053e-01
   2.2942629e+01   1.2380349e+01  -9.7650738e+00  -9.4128549e+00   6.4130836e+00   7.1834889e+00  -2.3205291e+00  -5.5768133e+00  -4.3290021e+00  -6.8262297e-02  -4.3359316e-01  -2.0608884e-01   3.1407535e+00  -2.2150215e+00  -5.1999288e+00  -2.6275414e+00   1.6847457e+00   4.1381425e-01  -2.5835680e+00  -2.9841324e+00  -1.1443035e+00  -6.0825208e-01  -5.2489445e-01  -5.4349633e-01
   2.2391270e+01   1.2203017e+01  -1.1062684e+01  -1.1242421e+01   6.0014924e+00   4.3492739e+00  -3.5070932e+00  -1.0039856e+01  -6.9159041e+00  -1.0437897e+00  -1.6030163e+00  -2.5924252e-01  -1.3627802e+00   2.0737149e+00   1.3741872e+00  -1.2158131e-01  -2.6435094e+00   1.7001244e+00  -4.0299759e-01  -2.1859810e+00  -1.3558542e+00  -1.4015054e+00  -4.9294775e-01  -2.9239635e-01
   1.8853662e+01   1.5261187e+01  -4.8434798e+00  -6.7605593e+00   2.8331680e-01   3.9344523e+00  -1.4473672e+00  -8.2513638e+00  -6.8909463e+00  -3.7149601e+00  -5.9094916e-01   1.3399335e-01  -4.2297133e+00   3.5845686e+00   4.2208360e+00   3.3129626e+00  -5.8491619e+00   3.4201309e+00   1.9229918e+00   1.3183488e+00   1.3227209e+00   1.1810300e-01   1.2259547e+00   1.1419656e-01
   1.4984081e+01   1.7257719e+01  -3.6083852e-01  -5.3599157e+00  -4.2103077e-01   7.3560571e+00  -6.6566790e-01  -5.2265351e+00  -5.1043468e+00  -8.0441931e-01   1.1781139e-01   1.0979476e-01   6.4417848e-01   2.4891414e-01  -1.7125520e+00   1.8208909e+00  -2.2377375e+00   3.5340653e+00   1.1013791e+00   1.5976893e+00   1.6559102e+00   1.0257268e+00   1.0140141e+00   1.3293050e-01
   2.0301653e+01   1.5229851e+01  -8.7847424e+00  -7.3846639e+00   8.5060234e-01   1.0810294e+01  -8.5675404e-01  -6.0059504e+00  -3.2506994e+00  -1.0793003e-02   5.4492510e-01  -2.1931263e-01   2.7678152e+00  -2.4269443e+00  -4.7513056e+00  -1.6523529e+00   4.7564920e-01   1.4109640e-01  -2.6934013e+00  -1.4250027e+00  -5.9230922e-01  -5.6133522e-01  -2.9668047e-01   1.2289635e-01
   2.2633542e+01   1.2592056e+01  -1.1660880e+01  -8.1990326e+00   2.3612434e+00   6.2124513e+00  -2.1503312e+00  -8.7660285e+00  -6.2521623e+00  -1.3572832e+00  -6.4993224e-01   1.1680622e-01   5.6316640e-01  -6.5914976e-01  -4.9424235e-01  -5.8614453e-01   3.2240173e-01  -3.9241045e+00  -1.9267361e+00  -1.8596782e+00  -6.9035801e-01  -2.4877096e+00  -3.5486174e-01   2.9196302e-01
   1.9180654e+01   1.3953602e+01  -6.3204174e+00  -7.8195301e+00  -3.9434646e-01   4.7178998e+00  -4.7451374e+00  -8.6191212e+00  -7.2055024e+00  -4.2805311e+00  -6.5209804e-01   3.1483215e-01  -4.0008775e+00   1.9260487e+00   5.9103607e+00   6.8224459e-01   1.0838754e-01  -3.2358755e+00   8.2394310e-01   1.1320988e+00   2.8016468e+00  -3.2403561e-01   6.3386476e-01   2.2271034e-01
   1.6389330e+01   1.6907119e+01  -2.3343646e+00  -6.0216994e+00   6.8504624e-01   4.5160971e+00  -1.6115804e+00  -6.7094670e+00  -4.1624823e+00  -2.4011147e+00   1.8403036e-01   2.8066690e-01  -2.6401036e-01   2.1539990e+00   8.8041437e-01  -1.7717776e+00   1.8428461e+00   2.5156391e+00   9.7307580e-01   4.5324521e-01   4.6250331e+00   1.4121783e+00   8.5215790e-01  -1.4990628e-01
   1.7422443e+01   1.5961393e+01  -4.5824591e+00  -7.4499637e+00   1.8512822e+00   6.8046575e+00   1.0978521e-01  -5.3360830e+00  -9.3069121e-02   2.5069373e-02   1.0787409e+00   3.2822546e-02   3.3233418e+00  -4.7180537e-01  -4.9249729e+00  -3.4998944e+00   2.3303860e+00   2.4133218e+00  -7.0696143e-01  -2.6127299e+00   3.2715017e-01   1.1711614e+00  -8.4120407e-02  -3.7374738e-01
   2.3116632e+01   1.4819159e+01  -1.1209238e+01  -1.1041482e+01   4.0026981e+00   8.9425312e+00  -3.1181788e+00  -9.7276798e+00  -2.8708292e+00  -1.3918160e+00  -2.3711488e-01   3.2951602e-02   1.9992508e+00  -3.3600097e-01  -2.2761301e+00  -1.2806384e+00  -1.9965700e+00  -1.3426969e-01  -9.1329467e-01  -1.8235192e+00  -5.3438196e+00  -5.7056022e-01  -8.7207787e-01  -2.0642450e-01
   2.0802016e+01   1.4289874e+01  -9.2704401e+00  -1.0559480e+01   1.4424065e+00   6.1246655e+00  -5.0522803e+00  -1.1029110e+01  -7.3606037e+00  -3.0284383e+00  -5.6770603e-01  -1.2193128e-01  -3.3044081e+00   1.3810010e+00   5.4610205e+00   3.2209160e+00  -3.6244919e+00  -3.4784945e+00  -4.0593663e-01   2.0305386e-01  -3.5183435e+00   5.5961400e-01  -5.5691705e-01   6.3874291e-02
   1.7698420e+01   1.7238877e+01  -3.4045693e+00  -6.3878987e+00  -2.1053709e+00   4.6546886e+00  -4.0048959e-01  -6.5982325e+00  -8.5444444e+00  -1.7302012e+00  -3.0086295e-01   4.8407055e-02  -2.9185473e+00   1.0024076e+00   5.2711827e+00   9.3322042e-01  -1.5507427e+00   4.3161986e-01   2.4518735e+00   2.0847110e-01   2.0604075e+00   2.9515585e+00   3.4917327e-01  -9.2394598e-02
   1.5174937e+01   1.6823036e+01  -2.9326277e-01  -4.9453815e+00  -5.3142110e-01   3.7308371e+00  -1.8579643e+00  -6.5962259e+00  -2.5337767e+00   1.0336830e+00   2.7523940e-01   1.2090626e-01   1.9056197e+00  -6.5529833e-01  -1.9051685e+00  -3.2845989e+00   4.4475580e-01   4.8097794e+00   8.4015605e-02  -3.4121390e+00   3.1012219e+00   2.2780051e+00  -4.9039788e-02  -1.3376749e-01
   2.1552351e+01   1.5056190e+01  -7.7910526e+00  -1.2448701e+01   2.6634980e+00   1.0786875e+01  -1.0375265e+00  -1.1631415e+01  -2.1936315e+00   1.0044611e+00  -1.3482769e-01  -2.2705906e-01   2.5327447e+00  -1.0610445e+00  -3.3747176e+00  -4.5618014e+00  -6.1942998e-01   4.3674187e+00  -2.3662386e+00  -5.5604464e+00   3.4414189e-01  -5.3889973e-01  -1.0173442e+00  -2.6637984e-02
   2.1733480e+01   1.4398270e+01  -9.9349512e+00  -1.2455977e+01  -2.7489417e-01   1.0273241e+01  -4.6077385e+00  -1.3630727e+01  -5.8841772e+00  -9.7876182e-01  -7.2428335e-01  -1.8484945e-01  -1.7990441e+00   1.6464095e+00   1.4602703e+00  -7.7689942e-01  -4.0981862e+00   2.5535110e-01   1.7689317e+00  -1.1899337e-01  -1.7336769e+00  -2.6721018e+00  -9.1148652e-01   4.2382238e-01
   1.8218265e+01   1.6859693e+01  -3.6458015e+00  -9.4753028e+00  -3.1627793e+00   7.9346146e+00  -2.5749604e+00  -1.1421652e+01  -6.3530313e+00  -1.5323284e+00  -1.3271179e+00   1.6132793e-01  -3.2463098e+00   2.5393871e+00   1.8571031e+00   3.0063785e+00   3.1055337e-01  -3.6189269e+00   3.2730299e+00   4.8647391e+00   1.3753597e-01  -8.9764758e-02   4.3280706e-01   3.0256978e-01
   1.4143413e+01   1.8390898e+01  -1.7548284e-01  -7.5974297e+00  -3.7655617e+00   5.5399940e+00   1.5641501e+00  -6.8795976e+00  -3.0545921e+00  -1.7060748e+00  -4.9584528e-01   5.6244632e-01   1.5987036e+00   6.5017436e-02  -4.4683852e+00   1.5252987e+00   4.6783279e+00  -1.7125380e+00   2.1749018e+00   3.3747348e+00   1.1290529e+00   1.1241121e+00   6.5413026e-01   9.3227067e-02
   2.0477919e+01   1.6868956e+01  -9.8851322e+00  -1.0368407e+01   4.8746618e+00   7.7251084e+00   7.8607405e-01  -7.7098709e+00  -3.4021201e+00   1.2334705e+00   4.0016387e-01  -1.4685227e-01   3.5871533e+00  -1.5123909e+00  -8.2968742e+00  -4.5008961e-01   5.4273284e+00  -2.6331956e+00  -2.0517005e+00   3.7328450e-01  -2.0308801e+00  -9.6885219e-01   6.4485817e-01  -8.0939218e-02
   2.3001709e+01   1.4491164e+01  -1.3517864e+01  -9.7214772e+00   2.7238771e+00   7.8091874e+00  -3.0259029e+00  -1.0424515e+01  -5.6660536e+00  -6.7549311e-01  -6.0672884e-01   1.0908125e-01   6.4860044e-01  -7.7812900e-01  -1.3956036e+00   7.8853436e-01   5.8713461e-01  -2.7673179e+00  -1.4506743e+00   9.0253727e-01  -4.7334070e+00  -2.6320114e+00   1.0250030e+00   1.0194624e-01
   1.9169848e+01   1.6540973e+01  -9.4199225e+00  -9.0884135e+00   1.7334939e+00   2.8502246e+00  -3.3574846e+00  -9.0892662e+00  -8.0936208e+00  -3.5008976e+00  -3.0438886e-01   2.6660164e-01  -4.4197982e+00   4.1511372e-01   6.7008064e+00   3.0948483e+00  -3.6520844e+00  -2.2533035e+00   9.7594234e-01   5.0429770e+00   3.0447529e-01  -1.8035526e+00   9.3465595e-01   4.4538293e-01
   1.5770350e+01   1.7387696e+01  -2.5014930e+00  -7.0546250e+00  -1.3142758e+00   3.8264590e+00   1.4599179e+00  -4.8360940e+00  -7.8089523e+00  -3.2869079e+00   1.3939356e+00   5.0863873e-01  -4.6624745e-01  -1.4802367e+00   4.9086741e+00  -7.7684576e-01  -3.1325359e-01   2.5302877e+00   4.3260499e-01   2.8364053e+00   3.4420086e+00   1.3438683e+00   3.2638650e-01   4.3028973e-02
   1.7463901e+01   1.6043361e+01  -5.3421079e+00  -7.0595607e+00   1.4156117e+00   6.3365173e+00   7.0771529e-03  -2.9396158e+00  -1.8739577e+00  -1.6615099e-01   8.0181560e-01   3.2144338e-01   2.7885654e+00  -3.6098835e+00  -7.8113127e-01  -2.9205155e+00   2.1195468e-01   3.8376849e+00  -2.4390282e+00  -2.9545565e+00   1.4078511e+00   2.0194567e+00  -9.4760871e-01  -3.0337443e-01
   2.3155311e+01   1.2519616e+01  -8.1937598e+00  -1.1901172e+01   2.4129379e+00   9.8614725e+00  -4.0592763e+00  -9.2447322e+00  -3.6128722e+00  -3.2706401e-01  -6.7025131e-01   1.4620384e-01   1.5806884e+00  -1.1819714e+00  -1.6151251e+00  -2.5835981e-01  -1.4733305e+00  -8.6019409e-01  -1.9084084e+00  -3.8021763e+00  -2.2214008e+00   1.0811378e-01  -1.0985924e+00  -2.7099018e-01
   1.9660215e+01   1.3560188e+01  -7.7454860e+00  -1.1045913e+01   1.8781904e-01   5.5892452e+00  -4.2564297e+00  -1.1316782e+01  -8.0798842e+00  -1.9516344e+00  -6.9370849e-01  -7.2425650e-03  -3.4264511e+00   2.0089359e+00   5.1204346e+00   2.2934498e+00  -2.7818225e+00  -5.5065916e+00   1.9277351e+00   2.0470708e+00  -3.2690487e+00  -9.9300814e-01   8.6850020e-01   2.2192047e-01
   1.7043226e+01   1.6856325e+01  -3.7224917e+00  -5.4489885e+00  -2.9103752e+00   2.9098039e+00   7.2905868e-01  -6.3507754e+00  -8.0380903e+00  -2.2319955e+00   4.9380903e-01   2.6649643e-01  -2.5910947e+00   2.6842071e+00   1.6982430e+00   2.4034457e+00   3.9663242e-01  -2.7853651e+00   3.2905452e+00   4.9625293e+00   5.7258281e-01   3.4432281e-01   1.5430335e+00   6.3156249e-02
   1.5380267e+01   1.6888410e+01   1.0290998e-01  -6.8454779e+00  -9.5465587e-02   1.5524642e+00   5.0451238e-01  -1.3159880e+00  -4.5649218e+00  -7.0319746e-01   1.5225357e+00   5.9417779e-01   2.5616324e+00  -6.2593349e-01  -4.3908359e+00  -1.1248723e+00   3.2532004e+00   3.5163351e-01   6.9066678e-01  -4.5712915e-01   2.4575942e+00   7.9075709e-01  -2.5615863e-01   6.0276923e-02
   2.1408643e+01   1.4881816e+01  -9.5705933e+00  -1.0396221e+01   3.1495288e+00   7.7018153e+00  -1.5039296e+00  -6.8013352e+00  -4.5114792e+00  -4.3479827e-01   5.3617675e-01  -5.9771965e-02   2.0737054e+00  -1.4901750e+00  -3.9701984e+00  -4.1135025e+00   2.5986196e+00   8.0821708e-01  -2.0736151e+00  -4.6183329e+00  -5.7613568e-02  -4.8534013e-01  -1.3813718e+00   3.9852926e-03
   2.1319956e+01   1.3608543e+01  -1.1407689e+01  -1.0259605e+01   2.0376677e+00   3.7206898e+00  -2.1039354e+00  -1.1777196e+01  -6.1567985e+00  -1.6640974e+00  -1.0991303e+00   2.4630702e-01  -2.0007128e+00   7.2951436e-02   2.9528091e-01   1.6432906e+00  -7.5628848e-01  -5.1363815e-01  -8.2763577e-01  -2.3851488e+00  -1.5928111e+00  -9.0986572e-01  -4.4548952e-01   2.3563240e-01
   1.7183940e+01   1.6260996e+01  -3.9224899e+00  -9.9121786e+00  -7.9012431e-02   3.0380168e+00  -1.0771401e+00  -8.0476709e+00  -7.3285723e+00  -2.4795557e+00  -2.6741565e-01   4.4640976e-01  -2.5992426e+00   1.0352054e+00   3.9956181e+00   2.0486813e+00   1.3985100e-01  -1.6432117e+00   3.0827649e+00   2.4063036e+00  -4.2857447e-01   1.7695380e+00   7.4715744e-01   1.0424551e-01
   1.4491550e+01   1.6308247e+01  -2.2782204e+00  -4.6225633e+00   3.8437230e-01   3.1139063e+00  -9.5033606e-01  -4.2705434e+00  -5.5455919e+00  -1.0456173e+00   1.2560977e+00   6.9453553e-01   2.0209527e+00  -5.2197376e-02  -1.3707566e+00  -8.6334132e-01   2.1014431e+00   2.1061080e+00   2.1030182e+00   4.2480084e-01   8.9776202e-01   2.5737357e+00   7.9669921e-01  -3.5238054e-01
   2.0923982e+01   1.5084772e+01  -8.1419006e+00  -1.0141720e+01   4.1859530e+00   5.5403895e+00   2.5434181e+00  -6.9452061e+00  -5.4599442e+00   1.9102687e+00   4.7929894e-01  -1.2751796e-01   3.7440633e+00  -1.3672718e+00  -4.0272506e+00  -1.8707772e+00  -1.0836635e+00   2.3106344e+00   4.6743382e-01  -5.0558177e+00   5.9128394e-03   1.0510254e+00  -3.4386551e-01  -4.6069638e-01
   2.2481364e+01   1.4118359e+01  -1.1354119e+01  -1.1439846e+01   3.0573496e+00   5.6286655e+00  -7.5968715e-01  -1.1691227e+01  -5.7444695e+00   1.5939987e-03  -2.7743879e-01   4.7000706e-03   3.1364983e-01   2.1943248e-01   6.0195887e-01  -4.6129130e-01  -3.2295339e+00   1.9968472e+00  -1.8358673e+00  -3.0779650e+00  -2.8145499e-01  -9.0497622e-02  -8.7041561e-01   5.9034220e-03
   1.8805128e+01   1.5305032e+01  -5.4254167e+00  -9.3097030e+00  -3.0409963e+00   5.2465888e+00  -4.7131379e-01  -1.1921056e+01  -7.2202642e+00  -1.4266233e+00  -1.6445702e-02   1.0028293e-01  -3.8080109e+00   7.7601957e-01   4.4645848e+00   3.9582271e+00  -3.0831100e+00   2.1186774e+00  -2.4362645e+00   2.4533783e+00   3.1223137e+00  -1.1441767e+00   2.1246940e-01   2.4272635e-01
   1.6021452e+01   1.6527265e+01  -2.7335240e+00  -5.7305089e+00  -8.4645392e-01   6.2560774e+00  -2.1967710e+00  -6.3995660e+00  -5.0876144e+00   4.8708224e-01   1.9834656e-01   5.8949023e-01   1.6639938e-01   1.8459801e-01  -8.4739168e-03   8.6901018e-01   2.7864867e+00   9.5282867e-01  -2.4115114e-01   3.2918046e+00   2.7941630e+00   2.7849531e-01   7.0364319e-01  -1.1094739e-01
   1.8441921e+01   1.5044348e+01  -5.7553206e+00  -7.0590484e+00   1.5131898e+00   8.4046996e+00  -3.9243665e-01  -5.9109691e+00  -1.1049013e+00  -4.8740423e-02   5.6011037e-01  -5.5823515e-02   2.7983764e+00  -1.5601305e-01  -4.7777479e+00  -2.9535904e+00   4.9990978e+00   2.4731534e-01  -2.3681966e+00  -6.1184444e-01   1.9095793e-01   4.9960765e-01  -4.3036338e-01  -1.7753177e-01
   2.2912566e+01   1.4525598e+01  -1.1201878e+01  -1.1261658e+01   4.9599866e+00   5.4788531e+00  -1.1608524e+00  -9.7585633e+00  -4.6109065e+00  -2.6960445e-01   4.8974797e-01  -8.3667797e-02   6.6976843e-01   1.2316471e+00  -7.0209776e-01  -2.3165606e+00  -1.6146218e+00   1.2994534e-01  -1.1227558e+00  -2.3763155e+00  -2.3900413e+00  -6.3324174e-01   1.9525162e-01  -3.4327892e-01
   1.9557135e+01   1.6071846e+01  -8.3578618e+00  -1.0974514e+01   1.5544301e+00   6.0061739e+00  -4.5415680e+00  -1.1159324e+01  -7.1721813e+00  -2.9886844e-01  -8.0769148e-01   1.7056429e-01  -3.0538776e+00   1.4483601e+00   5.3062923e+00   2.0883623e+00  -2.5950891e+00  -1.5861711e+00   8.6739576e-01   1.7836461e+00  -9.7571687e-01  -3.8317463e-01   1.0014146e+00  -6.5465898e-02
   1.6468497e+01   1.7860987e+01  -2.4854001e+00  -7.2476170e+00  -3.2890068e+00   7.6502583e+00  -1.8063391e+00  -7.3398620e+00  -5.6390363e+00  -3.3771636e-01   1.1751249e+00  -3.8622056e-02  -5.9097547e-01   3.6594226e-01   1.7137295e+00   2.7355149e+00  -2.7887751e-01  -1.5007434e-01   2.9572755e+00   2.1787439e+00   3.0051412e+00  -2.5191378e-01   6.8323194e-01   1.3431889e-01
   1.7083139e+01   1.5549194e+01  -2.1541209e+00  -5.9335256e+00   1.7450528e+00   4.9397403e+00   1.2314003e+00  -4.4448506e+00  -2.0544117e+00  -5.8944641e-01   1.7195438e+00  -1.7654523e-01   2.7910383e+00  -3.6878024e-01  -4.2704454e+00  -2.0981567e+00   3.0821047e+00   3.6834779e-01   8.7533648e-01  -1.2933230e+00   1.6408355e+00  -3.3538922e-01   1.2077977e-01   2.9299735e-01
   2.3263100e+01   1.5335838e+01  -1.1733154e+01  -9.6788802e+00   4.4463590e+00   5.7869584e+00   3.8857663e-01  -9.8476841e+00  -2.6620795e+00  -5.0218614e-01   2.5097823e-01   2.9136530e-01   1.3703139e+00   8.5907230e-01  -3.4926712e+00  -2.9852262e+00   1.7011390e+00  -9.6736742e-01  -1.3716267e+00  -2.4658424e+00  -1.9274230e+00  -6.8206578e-01  -9.1527086e-01   4.8936167e-01
   2.0346391e+01   1.6781250e+01  -1.0139653e+01  -1.2906117e+01   2.3099042e+00   7.4903456e+00  -4.3260212e+00  -1.1845397e+01  -6.1994064e+00  -7.1971738e-01  -1.6444849e-01   4.4506663e-01  -3.3363954e+00   2.1078544e+00   4.3235016e+00   2.4899318e+00  -3.3521086e+00  -1.2760537e+00  -2.5355481e+00   1.8120960e+00  -2.7917789e+00  -2.3507482e-01  -5.7344100e-02   3.5222196e-01
   1.6892342e+01   1.8533567e+01  -3.7316408e+00  -8.2391605e+00  -1.0197240e+00   4.9239045e+00  -1.0850683e+00  -7.3383523e+00  -6.4576734e+00  -1.2956795e+00   7.4421478e-01   3.8461452e-01  -2.1150897e+00  -4.4803700e-01   6.4227053e+00   2.5738334e+00  -1.5325671e+00  -4.5664812e-01   6.3453171e-01   4.9256229e+00  -8.1034176e-01   5.6984493e-01   1.2083316e+00  -2.9102932e-01
   1.5263925e+01   1.7112111e+01   3.3037497e-01  -2.9184877e+00  -5.5006855e-01   3.4571867e+00  -1.8350994e+00  -2.9813725e+00  -4.3442831e+00  -5.4531194e-01   1.3869094e+00   3.0516310e-01   2.4431213e+00  -2.9653231e+00   1.3705591e-01  -8.7183718e-01   2.4613313e+00  -9.8669508e-01   1.5247122e+00   1.9075277e+00   2.9524066e-01   6.8871801e-01   6.4066109e-01  -3.1127812e-01
   2.2631699e+01   1.4498352e+01  -7.3341098e+00  -1.0811945e+01   3.5774947e+00   7.1185656e+00   9.4913322e-02  -6.8912620e+00  -4.8051538e+00   2.6537853e-01   1.2877967e+00  -7.5226909e-02   1.7703045e+00  -1.3337441e+00  -1.3985199e+00  -4.5912779e+00   8.8103540e-01   2.9625409e-01  -1.3336226e-01  -1.9256020e+00  -8.3816203e-01   4.5401389e-01  -5.1085936e-01  -5.1584657e-02
   2.1141395e+01   1.4350873e+01  -8.1328346e+00  -1.2927481e+01   3.7032917e+00   4.9129724e+00  -2.6289437e+00  -9.2076507e+00  -6.5828052e+00  -4.6716940e-01   5.2475220e-01   2.0807017e-01  -2.4825128e+00   2.6728855e+00   1.8319908e+00  -1.6633366e+00  -1.5608496e+00   9.2149550e-01  -8.1112214e-01  -1.8044716e+00   2.3113357e-02   2.2263680e-01  -6.5736798e-01  -3.2939481e-02
   1.6609064e+01   1.7913570e+01  -1.5978158e+00  -1.0121581e+01  -1.8248510e+00   4.6403928e+00  -8.8818957e-01  -7.1136163e+00  -6.5956554e+00  -6.5372997e-01   4.0900434e-01   3.5578400e-01  -3.7926602e+00   2.5465790e+00   3.9456759e+00   3.1526495e+00  -3.5863234e+00   2.5496271e+00  -7.5545470e-01   2.0618988e+00   1.9925987e+00   5.5112260e-01  -2.7843353e-01  -7.4324985e-02
   1.4551473e+01   1.9413830e+01   2.1021423e-01  -5.7586746e+00  -1.9017008e-01   6.0785164e+00  -2.5602312e+00  -5.5769027e+00  -3.4143623e+00   2.4819751e-01   8.4025360e-01   4.0248425e-02   6.8572728e-01  -1.0889643e+00  -9.4076087e-01   2.6745623e+00  -1.0849040e+00   1.1114412e+00   4.3108954e-01   2.4832095e+00   2.5339413e+00  -5.0843099e-01   2.5396268e-01   7.7970065e-03
   2.0237669e+01   1.5786742e+01  -5.5871204e+00  -9.6673737e+00   1.4474046e-01   1.0360234e+01  -1.0726250e+00  -5.6137879e+00  -3.4004773e+00   7.3437898e-01   7.1239568e-01  -1.0280351e-01   1.5249705e+00  -2.6175268e+00  -2.1185561e+00   2.9309852e-01  -4.2527843e-01  -2.5784718e+00  -1.2284630e+00   1.6550380e+00   8.2026147e-01  -1.3868844e+00   1.8372019e-01   1.4388783e-01
   2.0355683e+01   1.3780841e+01  -7.5493236e+00  -9.1427410e+00   1.0911400e+00   3.7202134e+00  -1.8900917e+00  -6.2327507e+00  -4.3794823e+00  -1.9238704e+00   7.5400056e-01   4.4905944e-01  -1.1416083e+00   7.1709165e-01   3.0891621e+00   8.6932870e-01  -2.8750324e+00  -6.9623231e+00  -3.6716809e-02   1.6378911e+00   4.7389692e-01  -5.3330103e-01  -4.7986045e-01   2.7284970e-01
   1.5994415e+01   1.6803774e+01  -8.9588100e-01  -7.9898998e+00  -3.1034237e+00   1.9518366e+00  -3.0659538e+00  -4.3031353e+00  -4.8827031e+00  -1.6480227e+00   7.2771115e-01   3.6721024e-01  -2.6248261e+00   1.3905244e+00   3.9423375e+00   2.5713910e+00   5.1882326e-01  -4.6425995e+00   1.3028969e+00   2.0466612e+00   9.1490577e-01   8.2366685e-01  -2.3060941e-01   1.9662857e-01
   1.4960688e+01   1.9980952e+01   2.4983377e+00  -5.2934185e+00  -2.8786366e+00  -1.6076947e-01  -1.6186420e+00  -3.7753924e+00  -1.9624040e+00   6.3944678e-01   1.1280519e-01   2.1451610e-01   9.9552510e-01  -1.8850948e+00  -1.9467388e-01   3.1727019e-02   4.2511433e+00  -3.4546272e-01   1.2120788e+00   2.2583460e+00   3.2309865e-02   1.4793997e+00  -9.3758516e-02   1.6109291e-01
   1.8997928e+01   1.4772473e+01  -4.6974449e+00  -7.7349485e+00   2.9078636e+00   5.3368264e+00   7.4599555e-01  -3.7724753e+00  -3.2366578e+00   6.8822067e-01   6.8707926e-01   3.0941101e-01   2.4140000e+00  -4.6076338e+00  -2.8793651e+00  -1.0312740e+00   4.6376917e+00  -1.2306378e+00   1.0800612e+00   7.1676360e-01  -1.9736895e+00  -9.2077175e-01   9.2882403e-01   3.9044098e-01
   2.0347214e+01   1.1968849e+01  -5.9405525e+00  -9.2226261e+00   4.4622113e+00   1.5095244e+00  -1.9779482e+00  -3.1105618e+00  -5.1540402e+00  -8.7289247e-01   6.3367873e-01   7.1959843e-01  -1.7870854e-01  -3.5257753e+00   2.2613245e+00   1.1249571e+00  -6.3814711e-01  -1.5293726e+00  -4.0125136e-01   3.6445706e-01  -9.6657196e-01  -3.3136163e+00   1.3066987e+00   3.9913027e-01
   1.6922152e+01   1.3898375e+01  -9.9548358e-01  -7.5722070e+00   1.8268982e-01  -7.2926710e-01  -1.2662089e+00  -3.5604052e+00  -6.2474193e+00  -2.2730107e+00   1.8605104e+00   7.0033055e-01  -2.5913031e+00   1.9408962e+00   4.8804600e+00   2.4778463e+00  -3.3008224e+00   1.6913858e+00  -2.8574400e-01   5.1579886e-01   2.2574289e+00  -1.2792380e+00   6.9292339e-01  -5.3202389e-02
   1.5730513e+01   1.5129338e+01   4.0393439e+00  -3.6873535e+00  -2.4732704e+00   5.7821833e-01  -1.2144168e+00  -3.3347418e+00  -1.9068811e+00  -2.8503620e+00   1.4861377e+00   6.1775173e-01   8.7209403e-01   1.3314355e+00  -6.0585810e-01   2.4988908e+00  -1.2645075e+00   5.5282882e+00   8.3936685e-01   2.1040795e-02   3.0302455e+00   4.5124404e-01   5.2128594e-01  -1.5020034e-01
   1.7419324e+01   1.6103573e+01  -2.3667031e+00  -6.7858153e+00   1.4243709e+00   8.3395581e+00  -6.4386168e-02  -2.8866870e+00  -1.4740939e+00  -2.4190151e-01   1.3002349e+00   2.8053077e-01   1.8708405e+00  -1.3444661e+00  -4.2608061e+00   1.5631470e+00   4.8546933e-01   3.7702099e+00  -1.0113471e+00  -7.4312548e-01   1.0128993e+00   8.4942542e-01   3.1187114e-01   1.2770934e-01
   2.1406769e+01   1.2863403e+01  -6.1637299e+00  -5.8674858e+00   1.9446095e+00   5.2675441e+00  -1.3198093e+00  -3.4158597e+00  -2.9953347e+00  -1.2115810e+00   1.6957454e+00   7.0419781e-01  -1.7111063e+00  -1.5714767e-01  -2.5415835e+00   2.0903544e+00  -1.7253273e+00  -8.2023466e-01  -3.9675597e-01  -2.2256053e+00  -1.5777807e+00   1.0877574e+00   6.9152779e-01   2.8423864e-01
   1.6890284e+01   1.3014643e+01  -2.2851558e+00  -4.1374204e+00  -1.2980461e+00   2.5813848e+00  -2.7305334e+00  -4.6345345e+00  -4.1838436e+00  -1.8182630e+00   2.2235133e+00   8.4867153e-01  -5.8356025e+00   8.9035091e-01   5.4001667e+00   5.7214200e+00  -3.4321655e+00  -5.0218169e+00   2.2484159e+00   1.2067187e-01  -2.0077704e-01   7.5517883e-01   7.4354492e-01   1.5665946e-01
   1.3428373e+01   1.6438081e+01   1.8619495e-01  -1.8760194e+00  -3.7000528e+00   2.2269530e+00  -4.7647716e-01  -5.7992260e+00  -2.9186773e+00  -4.3054517e-01   2.0617902e+00   7.6003932e-01  -4.2418505e+00   1.7012848e+00   5.2064826e+00   2.9359582e+00  -7.9532578e-01  -1.2122627e+00   5.5709976e+00   1.1470314e+00   1.1683442e+00   1.5561378e+00   1.4184725e-01  -4.9569280e-02
   1.2655118e+01   1.5651760e+01   2.5585845e+00  -1.9941852e-01  -9.0154620e-01   2.3271283e+00   2.8865716e+00  -1.5139960e+00  -1.8135882e+00   5.0034884e-01   2.2325299e+00   4.8759920e-01  -1.1202052e+00  -6.8161810e-01   2.1519439e-01  -2.6140646e-01   2.7802288e+00  -5.5351499e-01   3.4768239e+00   4.5338079e-02   2.4217366e+00   1.0917977e+00   6.2475189e-01   1.5810242e-01
   1.7161577e+01   1.4096772e+01  -7.7587611e-01  -3.4325495e+00   5.5337089e-01   3.5762783e+00   4.2281346e+00  -3.2555818e+00  -2.4279460e+00  -3.6680258e-02   1.9040080e+00   8.1038005e-01  -2.9584040e+00  -1.8115620e+00   9.7640930e-02  -1.2673384e+00   2.8411226e+00  -9.8279616e-01   9.3059066e-01   4.8405091e-02   2.6217139e+00   1.8056638e+00   1.1023183e+00   1.7428436e-01
   1.3343375e+01   1.3162871e+01  -1.4813287e+00  -3.7512650e+00   7.4558512e-01   1.0764497e+00   1.3239658e-01  -5.8383494e+00  -7.9660429e-01  -3.7749898e-01   3.2395322e+00   1.0606548e+00  -6.5757736e+00   1.2345785e+00   4.7600045e+00   1.8305420e+00  -2.9429722e+00  -1.6878226e+00   5.2701398e-01  -1.6056407e-01   2.6976901e+00   2.1802878e+00   1.5968080e-01  -1.2581065e-01
   8.6466390e+00   1.4965183e+01   2.3526129e+00  -2.0011038e+00  -2.6193452e-01   1.3780980e+00   2.2964964e+00  -3.5644417e+00   5.0540156e-01   2.7168745e+00   3.2117664e+00   7.3493806e-01  -5.7051476e+00   2.7335379e+00   5.5833405e+00   3.5887097e+00  -3.5375562e+00  -3.7582877e-01   1.0893594e+00   4.0377864e+00   1.6670734e+00   1.5529422e+00  -7.3028247e-01  -3.5581619e-01
   7.0489267e+00   1.7069422e+01   8.1343466e+00   1.8306716e+00  -4.9083517e+00   8.9448446e-01   4.6429117e+00  -1.6004122e+00   7.6627317e-01   2.3940033e+00   1.8181719e+00   3.3660423e-01  -8.8817558e-01   1.1428302e+00   9.1133855e-01   2.7038967e+00  -1.7824201e+00   9.0237743e-01   4.5263617e+00   5.8488574e+00   4.5974496e-01   3.9269904e-01  -1.6453030e+00  -1.9023162e-01
   1.1751080e+01   1.6243803e+01   2.7912970e+00  -8.4045328e-01  -1.9259950e+00   3.1035177e+00   3.6069161e+00   6.8212920e-01  -7.0877465e-01   9.0698198e-01   1.5192645e+00   6.3868106e-01  -9.4191340e-01  -6.0866428e-01  -7.8840225e-01   1.4287523e+00   1.9270081e+00  -5.1127525e-01   1.2135467e+00   2.8648185e+00  -3.0436637e-01  -1.6757447e+00  -9.3093572e-01   6.4388067e-02
   1.0458891e+01   1.4237806e+01  -3.3366287e-01  -2.7574524e-01  -1.0960149e+00   1.5673060e+00   6.2667292e+00   8.1165125e-01   5.0010126e-01   1.1164958e+00   1.6178287e+00   8.2343588e-01  -2.9735027e+00  -1.0983751e+00  -7.5232202e-01  -2.0327714e-01   5.9205345e+00   1.3282099e+00  -8.9226562e-01   1.7252824e+00   9.6196486e-01  -1.1352588e-01  -2.1523499e-02   1.6012755e-01
   5.5287866e+00   1.5467995e+01   5.4040143e+00   1.1952331e+00   7.2240915e-01   2.7477440e-01   3.3049076e+00  -4.7324565e-01   1.8193796e-01   8.4201115e-01   1.9155344e+00   5.8810434e-01  -4.7117682e+00  -1.9016435e+00   2.9823790e+00   1.0380893e+00   3.5146425e+00   3.2930551e+00   2.5574300e+00   5.4613584e+00   3.5416683e+00   1.3816393e+00  -6.9333181e-01  -4.3261341e-01
   5.6998191e+00   1.5809764e+01   5.6995050e+00   5.0791273e-01   2.6482480e+00   4.3011710e+00   3.4555175e+00   1.5651988e+00   1.7638642e+00   2.2561998e+00   1.5877516e+00   6.0208391e-01  -1.0735206e+00  -1.1199994e+00   2.3381131e+00   6.1520796e-01   2.6015596e+00   6.2906207e+00   4.8626808e+00   8.7456819e+00   4.6146022e+00   1.1289462e-02  -1.8118758e+00  -6.5498602e-01
   7.0629632e+00   1.2605359e+01   4.2482816e+00   3.2485167e-01   1.4738373e+00   6.6761678e+00   8.8486669e+00   8.4973930e+00   3.9718463e+00   2.4095889e+00   4.9430529e-01   1.0043693e-01   6.1676985e-01  -1.5682584e+00   8.3497963e-01   2.5895093e+00   3.3600960e+00   5.6907801e+00   3.8415665e+00   5.4178759e+00   4.3921682e+00  -1.0555364e+00  -2.2332696e+00  -4.5570150e-01
   8.0815220e+00   1.3989125e+01   3.7513731e+00   1.0822574e+00   2.4306105e+00   7.8025403e+00   1.0788871e+01   9.4448548e+00   5.5270503e+00   3.4964114e-01  -3.8937047e-01   8.4790554e-02  -1.6874214e+00  -1.4832207e+00   1.7141046e+00   6.2927255e+00   4.3575289e+00   3.0872523e+00   8.8725404e-01   9.3932989e-01   2.5599368e+00  -2.8259428e+00  -8.5489823e-01   6.9959283e-02
   5.2630900e+00   1.4025926e+01   7.6305497e+00   4.7923247e+00   5.8713719e+00   7.0602599e+00   5.4005807e+00   3.7137402e+00   4.8885972e+00   2.1198583e-01  -4.4580893e-01   1.6319877e-01  -1.6321909e+00   8.9074348e-01   1.3346605e-01   6.0686577e+00   2.3151003e+00   1.5919322e-01  -1.3159599e+00  -7.0771220e-01   1.1260349e+00  -2.0054133e+00   6.7618506e-01   4.5010950e-01
   4.0686236e+00   1.2874649e+01   6.5795278e+00   7.7132644e+00   6.9857741e+00   8.7400035e+00   6.5104417e+00   5.3660201e+00   5.1453938e+00  -8.8391286e-01   7.7546140e-01   6.7564191e-01  -1.3357775e-01   4.7122507e-01  -2.5187741e+00   1.5574952e+00  -1.1685848e-01   1.6567116e+00   2.1122457e+00   2.1527697e+00   1.0172276e+00   8.2734980e-01   1.1900677e+00  -1.3969054e-01
   6.6211260e+00   1.4498712e+01   3.0344034e+00   6.1123346e+00   2.6689059e+00   6.4462261e+00   9.0139417e+00   9.4752420e+00   5.8517268e+00   1.8245985e-02   9.2616695e-01   4.8017550e-01   5.5577053e-01   3.7370757e-01  -1.8448392e-01  -3.2198941e+00  -2.4120918e-01   3.1015595e+00   3.7255696e+00   2.4316638e+00  -6.8162756e-01   2.1692167e+00   2.9301197e-01  -5.5453578e-01
   7.2021373e+00   1.4459570e+01   2.2712852e+00   2.7584953e+00   3.8565558e+00   1.0594625e+01   1.2150559e+01   9.7932585e+00   6.5713268e+00   1.6875358e+00   7.0974311e-01  -2.8323362e-01  -1.4796126e+00  -9.6623710e-01   4.8473877e+00  -2.6749785e+00   2.2513174e+00   6.2787077e-01  -3.3583877e+00  -3.0973339e+00  -1.8876788e+00   4.1305379e+00  -7.6685252e-02  -5.6805228e-01
   4.5299890e+00   1.3794027e+01   9.5079451e+00   2.4398681e+00   7.0741673e+00   1.0785289e+01   8.1688765e+00   5.1476167e+00   3.1531893e+00   2.1800866e+00   2.6568170e-02  -1.8916713e-01  -3.3514716e+00  -1.5500845e+00   7.7786258e+00   2.6820025e-01   3.3823687e+00   4.8646775e-01  -5.7871586e+00  -2.2071660e+00  -1.8847911e+00   1.8429213e+00   3.8636492e-02  -4.5743310e-01
   2.8947733e+00   1.1777635e+01   1.0613838e+01   5.5370300e+00   8.1601195e+00   7.5122784e+00   1.8953927e+00   2.8838319e+00   3.6631444e+00   4.2309737e+00   1.1102329e+00   1.5823481e-01  -1.7505658e+00   5.0871002e-01   3.9600930e+00   3.9025452e-01  -6.8883253e-01  -3.1941493e+00  -8.2249964e-01   2.8451355e+00   5.4241584e-02  -4.2805361e-01  -2.9297146e-02  -8.2023964e-02
   3.7476007e+00   1.3514553e+01   1.0531065e+01   5.1253676e+00   5.5906771e+00   8.7171008e+00   5.4607868e+00   9.6192064e+00   4.4786314e+00   1.5109089e+00   7.8387679e-01  -4.2670837e-01  -4.6530235e-01   1.5250017e+00  -7.0418897e-01   1.8101447e+00  -1.0222647e+00  -4.1440599e+00   3.6217188e+00   5.4796218e+00   2.1369235e+00  -1.7474115e+00  -9.5347070e-01  -3.5117032e-02
   4.9674828e+00   1.5362372e+01   7.6998645e+00   2.0011273e+00   3.5650521e+00   6.8374945e+00   1.2270854e+01   1.1825167e+01   5.9899682e+00   1.3800442e+00   2.8714309e-01  -2.8749894e-01  -5.5625829e-01   1.3770945e+00  -9.3319752e-01   4.2638302e-01  -2.8023199e+00  -4.2309778e+00   4.2290417e+00   9.0645559e-01   3.9596401e-01  -8.9757354e-01  -1.4815513e+00   2.8846435e-01
   2.7956807e+00   1.4289161e+01   9.9086487e+00   6.9230365e+00   7.8383040e+00   4.9065906e+00   8.4137240e+00   8.8963819e+00   5.1951626e+00   9.8443417e-01  -9.9209296e-01  -1.8975803e-02  -2.2435508e+00  -4.5732068e-01   5.0326490e-01   2.4004570e+00   6.3037329e-01  -2.4088878e+00   4.6219948e-01  -3.5418848e+00  -1.0500629e+00   1.3553529e-01  -4.7577077e-01   5.8495311e-01
   2.5363459e+00   1.3455973e+01   9.5252506e+00   5.2777701e+00   2.8328262e+00   3.0710669e+00   6.7624867e+00   4.6049275e+00   3.8988248e+00   3.1478508e+00  -2.2410918e-01   3.8706505e-01  -1.7450006e+00  -1.0326627e+00   1.3491291e+00   2.6270494e+00   1.7740760e+00   1.2165389e+00  -1.6512472e+00  -2.1957236e+00   2.7741185e-01   3.1934608e-02   6.0189364e-01   2.0870462e-01
   1.5978429e+00   1.3781771e+01   1.0373270e+01   7.0877318e+00   6.9023500e+00   6.9869829e+00   8.9082698e+00   7.9164988e+00   3.9491087e+00   8.3030857e-01   3.2584677e-01   1.1343930e-01  -8.3895187e-01  -1.1203565e+00   5.5523725e-02   2.0110635e+00   4.0684927e+00   4.1177642e+00  -4.9118680e-01  -1.8929967e+00   4.5784260e-01   4.0616506e-01   1.0520610e+00  -1.3071642e-01
   2.9489009e+00   1.4067073e+01   9.4912477e+00   5.8593538e+00   6.6941432e+00   7.6221066e+00   9.5467105e+00   9.0215230e+00   7.0291129e+00   1.5050089e+00   5.3101367e-01  -4.0649568e-02  -1.6843970e+00  -1.9272238e+00   3.3300806e-01   3.9446214e+00   3.3546535e+00   3.0172968e+00  -1.9952549e+00  -3.3381079e+00  -6.1591410e-01   1.8908803e-01   9.1747206e-01  -1.8524196e-01
   1.3309754e+00   1.2303076e+01   1.0008936e+01   9.6488400e+00   1.2010385e+01   8.8077171e+00   6.2848319e+00   3.8485891e+00   4.3167824e+00   2.4151027e+00   2.0843714e-01  -1.1931214e-03  -2.0454653e+00  -3.2752158e-01   1.6092530e+00   1.8474995e+00   8.8780698e-01   2.6764514e+00  -4.7106170e+00  -5.6677207e+00  -8.3922233e-01   3.6345853e-01   1.6518549e-02  -2.7829854e-02
