  -2.8507952e+00  -7.5281625e+00   3.9276040e+00  -2.1094235e+00  -8.0227417e-01  -3.4381015e+00   2.5563042e+00  -1.7571394e+00  -9.0795196e-01   2.8165559e+00  -9.0189365e-02  -1.3707940e-01   6.5613730e-01  -7.8924463e-01  -2.0634858e+00   1.2742683e+00  -3.8311199e+00  -2.5780765e-02  -3.5408598e-01   2.8850377e+00  -3.1591278e+00  -1.3926938e+00   1.9537814e-01   5.3961891e-02
  -2.9225430e+00  -9.0536393e+00   3.5527767e+00  -1.9069409e+00  -1.9401577e+00  -2.3796904e+00   2.3132693e+00   3.8162164e-01  -1.3232030e+00   3.2252873e+00   6.9217809e-01   6.5434307e-02   8.8608197e-01  -1.2725634e+00  -1.9075419e+00   3.4644918e+00  -2.5075890e+00   1.2258780e+00   7.3436137e-01   1.1724715e+00  -1.1250225e+00  -1.4477806e+00   7.1006114e-01   5.2088854e-03
  -2.6874845e+00  -9.1868002e+00   3.4168304e+00   1.7799538e-01  -1.0775469e+00  -1.4295730e+00   3.8956359e+00  -3.2174074e-01  -2.1337674e+00   2.2586833e+00   9.7291944e-01  -3.8653228e-02   1.4052167e+00   1.2187727e+00   6.2457630e-01   4.5849396e+00   1.6491469e+00   4.9236829e+00   2.6887416e+00   1.4235303e+00   1.7273811e+00  -7.4372815e-01   6.9461883e-01  -2.5132295e-02
  -1.9955698e+00  -9.0667515e+00   2.7374169e+00   1.4000801e+00  -1.5353628e+00   2.4189950e-01   3.4293882e+00  -8.0428706e-01  -3.5165558e-01   1.8336757e+00   9.3062875e-01  -2.6636209e-01   1.7041682e+00   3.9494421e+00   1.9362392e+00   4.5193219e+00   2.0289365e+00   3.7663962e+00   2.5764763e+00   5.3387699e-01   3.0499210e+00   2.8607969e-01  -2.9876564e-01  -9.6299938e-02
  -1.2064567e+00  -5.6934473e+00   5.2721484e+00   3.1144754e+00   1.4690488e+00   2.6366278e+00   6.0313572e+00   9.7111035e-01   1.1973460e+00   2.3967695e+00   8.3251355e-01  -8.8796451e-03   2.0657928e+00   5.5094411e+00   3.4057579e+00   3.7632291e+00   1.6014060e+00   1.6460515e+00  -2.9696155e-01   3.4771687e-01   1.9620107e+00   1.5388293e+00  -4.2262716e-01   1.1078635e-01
  -1.1068047e+00  -4.8761526e+00   5.5294765e+00   3.4038019e+00  -1.7005082e-01   1.2368035e+00   5.1101232e+00   5.3601158e-01   1.5861218e+00   3.5853638e+00   3.1423258e-01  -9.3902391e-02   3.8985185e+00   7.5930970e+00   3.8772704e+00   2.9707516e+00   2.2300368e-01   1.1640608e+00   5.4037811e-02   9.6651006e-02   2.5447357e-05   4.3573371e-01  -1.9650692e-01   3.5109572e-01
  -3.3177940e-02  -3.0179379e+00   7.1294375e+00   4.8209781e+00   6.4190609e-01   5.4205233e-01   2.6098261e+00  -4.7031476e-01  -1.5964000e-01   3.6910833e+00   6.4717679e-01   4.1296444e-02   5.6280809e+00   7.4014400e+00   1.8779608e+00   3.8075320e+00   1.7316781e+00   2.4929723e+00  -1.0506715e+00   1.9743636e-01  -1.2603563e+00  -1.3440239e+00   1.7945311e-02  -1.7312376e-02
   3.2655685e+00   9.8513924e-01   7.6246779e+00   5.0029562e+00  -7.8728595e-01   3.0352784e+00   5.2212104e+00   6.1402000e-02   3.2687557e-01   1.8401194e+00   7.2853675e-01   2.3519344e-01   6.3174560e+00   7.4745205e+00   1.4949514e+00   3.5456462e+00   5.6220223e+00   5.3255957e+00   1.9302894e+00   3.0644901e-01  -1.4895630e+00  -3.0503796e+00  -2.5946979e-01  -1.2929461e-01
   5.0494780e+00   2.4780667e+00   7.0414888e+00   8.0261963e+00   4.3751835e+00   5.4768488e+00   4.3998063e+00   1.5045697e+00  -6.3565432e-02   1.2533558e+00   6.5227943e-01  -1.9939613e-01   5.2926872e+00   5.6654880e+00   1.1961709e+00   2.2607403e+00   5.5508080e+00   6.2379673e+00   2.5466834e+00  -7.1491900e-01  -8.7684555e-01  -2.5200610e+00  -9.5652092e-01  -2.4524407e-01
   5.8280514e+00   3.5876259e+00   7.8158780e+00   7.1196621e+00   6.3963439e+00   6.7577988e+00   7.1105672e+00   8.2428695e-03  -6.9626005e-01   2.2865816e-01  -7.7523421e-02  -1.6749803e-01   4.1502186e+00   3.0363860e+00   1.0361722e+00   1.9100910e-01   2.9642400e+00   2.8706414e+00   6.4349375e-01  -1.0696709e+00  -6.7800734e-01  -1.3315414e+00  -1.3621170e+00  -3.7299077e-01
   6.6246114e+00   4.1790508e+00   8.8280939e+00   7.1537355e+00   5.3763032e+00   8.0377431e+00   5.4851728e+00  -1.5161137e+00  -9.6334051e-01   7.1672235e-01  -3.8457450e-01  -1.2522393e-01   4.8496482e+00   2.2221047e+00  -7.7830537e-01  -2.8617456e+00  -3.3431869e+00  -1.3444427e+00  -6.4512958e-02  -8.2766564e-01  -7.6334954e-01  -2.5233767e-01  -1.0171698e+00  -6.0457011e-02
   8.7033297e+00   4.6892263e+00   8.2856337e+00   5.7257002e+00   3.1585141e+00   6.0607934e+00   5.6437678e+00  -3.2762732e-02  -2.4024791e-01   1.1112411e-01  -7.9621180e-01  -3.6137881e-01   4.7927909e+00   9.8456432e-01  -2.0953793e+00  -2.2987320e+00  -5.2234808e+00  -3.4162529e+00   6.8779035e-03   6.8489995e-01  -7.6508667e-01   3.4187677e-01  -5.8130205e-02  -9.4263895e-02
   1.0886311e+01   5.2604235e+00   5.6391529e+00   4.4305589e+00   9.7931797e-01   3.8086875e+00   5.0364365e+00   2.8357402e-01  -1.4365958e+00   9.3361634e-01  -5.1413111e-01  -1.9314125e-01   3.8123310e+00   4.0089807e-01  -1.3184887e+00  -2.9141794e+00  -5.8586685e+00  -5.2325379e+00  -4.4423818e-01   1.8769646e+00  -6.0797522e-01  -3.2863873e-01   1.1993826e+00  -1.3018959e-02
   1.0886388e+01   4.5237860e+00   6.2672796e+00   5.0331525e+00   7.5961528e-01   3.7479472e+00   7.3452522e+00   1.3574895e-01  -1.6072624e+00   6.3302632e-01  -9.9940424e-02  -2.7493521e-01   1.6263207e+00  -8.8045881e-01  -1.8294151e-01  -3.4776123e+00  -4.7621973e+00  -1.8234299e+00   7.0452829e-01   1.2065334e+00  -1.9098615e-01  -6.7263636e-01   7.3964499e-01  -1.6805844e-01
   1.1251579e+01   4.8631180e+00   7.8595379e+00   3.1287403e+00  -2.2122502e+00   1.3453594e+00   3.9680734e+00   1.2150774e+00  -1.1917961e+00  -3.7186845e-02   1.0663638e+00  -1.8797417e-01   3.8582589e-02  -1.3217999e+00   2.8868816e+00  -4.1906121e+00  -4.4532362e+00   9.1742353e-01   2.7629834e+00   2.4965818e+00   9.6473647e-01  -2.8878154e-01  -4.7945256e-02  -3.0962525e-01
   1.0960177e+01   3.5671908e+00   6.9010290e+00   1.1601910e+00  -2.3889977e+00   4.5573126e+00   7.2347418e+00   1.3112857e+00  -6.4912698e-01  -4.1242884e-01  -4.7699176e-01  -6.1605000e-01   5.4035649e-02  -4.7805527e-01   1.5754001e+00  -4.2885072e+00  -4.0104882e+00   1.0421448e+00   1.1261272e+00   1.7830837e+00   8.6298870e-01   6.4686204e-01  -1.1536398e+00  -2.4418390e-01
   1.0907291e+01   3.7560212e+00   9.6526006e+00   8.1121369e-02  -4.1262299e+00   4.7801401e+00   9.2361669e+00   3.4406784e+00  -4.6855882e-01   1.0231716e+00  -3.9752332e-01  -4.8702173e-01  -6.8306118e-01   5.6885538e-01  -1.6396745e+00  -5.1843270e-01   6.1760072e-01   1.2564117e+00   1.2624649e-01  -1.1039709e+00   1.1011732e+00   4.8843898e-01  -2.1605319e+00  -2.1946520e-01
   1.1139585e+01   4.3602515e+00   7.7338483e+00   1.2420109e-01  -4.2991272e+00   3.5937741e+00   6.4003963e+00   1.6975740e+00  -6.7439798e-01   1.0731402e+00  -1.0984565e+00  -4.9168728e-01   1.3432169e+00   1.3546018e+00  -2.3847453e+00  -1.8806462e+00   1.8828356e+00  -2.1840996e-01   6.2332111e-01  -2.1308006e+00  -7.0761704e-01   8.5428457e-01  -1.2698885e+00   1.0728243e-01
   1.0137283e+01   5.3198708e+00   4.9836164e+00   2.8690862e+00  -3.3078435e-01   3.7117461e+00   4.5746159e+00  -6.3402303e-01   4.7259924e-01  -4.7312869e-02  -1.8637017e+00  -5.7935332e-01   2.3268826e+00   1.2411379e+00  -3.6131040e+00  -2.9913194e+00   2.7061016e+00  -7.8779575e-01   3.0583027e+00  -2.7032257e+00  -1.5381309e+00   7.9101234e-02  -1.0650866e+00   2.5690410e-01
   1.3360006e+01   4.8171688e+00   5.6584031e+00  -3.0547607e+00  -1.4624671e+00   4.7638947e+00   1.0500499e+01   1.5243550e-01  -2.1811316e+00   1.4042403e+00  -1.6487354e+00  -4.0896056e-01   2.2110213e-02   5.0378996e-02  -4.4405043e+00  -3.5018714e+00   1.9620545e+00  -1.5390756e+00  -2.5471374e-01  -8.0139738e-01  -8.1006270e-01  -4.8958508e-01   1.7660950e-01   4.3729337e-01
   1.3287404e+01   5.3892695e+00   5.2706672e+00  -2.8163769e+00  -1.4854075e+00   3.0133862e+00   1.1773570e+01   1.5840914e-01  -2.0223884e+00   9.7627340e-01  -1.7200138e+00  -1.4302895e-01   1.4109871e-01   3.1656980e-01  -2.3996837e+00  -1.5263880e+00  -8.2752376e-01  -3.1556472e+00  -4.5416811e-01   1.4529726e+00  -1.1247390e+00   2.0989991e-01   7.0683188e-01   5.4152766e-02
   9.5976901e+00   4.4011206e+00   9.2956647e-01  -2.2858745e+00  -7.7873380e-01   1.6343406e+00   2.4188488e+00   9.9261814e-02  -6.4199819e-01  -1.7303060e-01  -9.0538621e-01  -5.3909409e-02  -1.8202302e+00  -2.2540518e-01  -1.8958028e+00   2.3161315e+00   7.6345863e-01  -1.3889332e+00  -2.8013581e+00   2.0834847e+00   8.5418128e-01  -1.2185814e+00   4.6126068e-01  -1.2856951e-01
   1.2230089e+01   6.0027496e+00   3.7485092e+00   1.9506114e-01  -1.9139367e+00   5.4305240e-01   7.9341888e+00   1.5720227e+00  -1.9840760e+00   1.0561724e+00  -1.1751285e+00  -6.7564975e-01   1.0481452e+00  -9.1959631e-01   5.4015974e-02   6.9081399e-01   1.3687454e+00   4.2550503e-01  -7.9356438e-01   1.3818221e+00  -5.9870238e-01  -5.4941146e-01  -3.3115359e-01  -3.6410847e-01
   1.1158318e+01   4.1723209e+00   3.5757779e+00  -1.0862824e+00  -1.0301461e-01   3.9156617e+00   8.2181523e+00   2.5708558e+00  -9.1901589e-01  -4.6358140e-01  -1.2292870e+00  -3.3550442e-01   2.1708712e+00  -6.7726518e-01   1.3458511e-01   4.6361479e-01   8.4705159e-01   1.8905675e+00   9.8131345e-02  -5.5356928e-01  -1.0492169e+00  -1.7187963e+00  -5.0968000e-01  -1.9162507e-02
   1.4079308e+01   4.1242749e+00   4.0285855e+00  -2.3799520e+00   2.2985097e-01   2.5109832e+00   7.6835712e+00   9.9534533e-01  -2.7819332e+00   2.9743162e-01  -2.0547938e+00  -5.4839416e-01   1.1181657e+00  -9.8728227e-01  -1.6986815e+00  -1.0258628e+00   1.8934588e-02   2.7767403e+00  -2.4378650e+00  -2.5613125e+00   3.0988603e-03  -1.9208341e+00  -9.1338555e-01   2.3263874e-01
   1.1929387e+01   4.3244602e+00   9.9140604e-01  -3.0294573e-01  -5.8005022e-01   3.4862264e+00   2.6913546e+00  -4.4275340e-01  -1.8168950e+00  -2.3718547e+00  -1.2300735e+00  -1.4628096e-01   2.5033886e+00  -8.2700156e-01  -6.6656038e-01  -1.2442704e+00  -1.7653899e+00   2.0379468e+00  -1.3677404e+00  -2.0639180e+00   2.6698958e-01  -5.4341242e-01  -6.3532119e-01  -5.8480385e-02
   1.3521803e+01   4.4457565e+00   2.4926730e+00  -1.7354014e+00  -1.6470170e+00   4.9228804e+00   7.0407901e+00  -7.6314138e-01  -1.5304881e+00  -8.7094210e-01  -2.5448135e+00  -4.2130336e-01   1.8974243e-01  -1.4963438e+00  -1.2099852e+00   1.5921800e-01  -1.7966218e+00   1.8946595e+00  -1.2429472e+00  -1.4680707e+00   1.6553742e+00  -2.9207198e-01  -1.4493554e-01  -2.4842772e-02
   1.5192154e+01   2.7710778e+00   3.3438936e+00  -3.2749633e+00  -1.8126655e+00   5.7666333e+00   6.4879323e+00   3.5422214e-01  -1.1442540e+00  -6.9451317e-01  -1.9372589e+00  -4.8677039e-01   2.0158649e+00  -8.9594280e-01   1.7948683e+00  -8.4138620e-01  -1.2571565e+00  -1.3851579e+00   2.8225150e-01  -1.7789859e-01   1.2566731e-01   1.1217467e+00  -1.1394294e-01  -3.4740946e-01
   1.2732538e+01   2.6564504e+00   1.0373640e+00  -6.5511620e-01  -1.8487741e+00   4.2127691e+00   3.9208617e+00  -1.6052484e+00  -6.3519230e-01  -9.7934709e-01  -1.9186044e+00  -4.1541360e-01   1.1065607e+00   5.7362084e-01   5.1308860e-01  -1.6557307e-01  -1.8925087e+00  -2.8783761e+00  -1.9441933e+00   8.1117070e-01  -1.1435937e+00   3.1893447e-01   2.2792473e-01  -1.3519548e-01
   1.5347817e+01   3.8751991e+00   4.4113630e+00  -2.1051676e+00  -2.3649064e+00   1.7635452e+00   4.6746961e+00  -2.8854775e-01  -2.0760419e+00  -6.3503214e-01  -1.7140925e+00  -6.7034003e-01   5.2423239e-01   9.7700628e-01   1.2652034e+00   1.0996199e-01  -1.6264933e+00  -1.7714351e+00   4.3558712e-01   1.7915123e+00  -2.5334862e+00  -1.8727524e-01  -4.6933850e-01  -3.7553506e-02
   1.5103812e+01   4.7541271e+00   2.7285712e+00  -2.5686588e+00  -4.2096596e+00   2.6068603e+00   5.0311183e+00   7.7499961e-01  -2.7799847e+00  -4.2228091e-01  -2.3145096e+00  -5.3231176e-01  -1.3001465e-01   2.1276347e+00   1.0768749e+00  -2.9026837e+00  -2.6646081e+00  -1.1025128e+00   1.1717004e+00   3.3351864e+00  -4.9263763e-01  -1.2771310e+00  -3.1982787e-01   4.7626952e-01
   1.4792865e+01   3.1877488e+00   4.3960950e+00  -2.1532490e+00  -3.0719627e+00   3.9124350e+00   6.5861846e+00   1.8513665e+00  -3.8720871e+00  -1.2539591e+00  -2.4433141e+00  -4.8465157e-01  -9.2593039e-01  -2.1389070e-01  -1.3841604e+00   5.7361435e-01  -3.0640247e-01  -1.3850651e+00   6.2336379e-01   8.5468093e-01   1.1915952e+00  -7.4350013e-01  -3.1354170e-01   2.6521934e-01
   1.2814992e+01   6.1916275e+00   2.6603103e+00  -4.9851012e+00  -5.4921580e+00   1.4845550e+00   4.7226681e+00   2.3275740e+00  -4.7612616e-01  -2.5855802e+00  -2.0337354e+00   2.0614644e-01  -1.4406385e+00   1.4721253e-01  -9.8426541e-01  -7.0095361e-03   1.5804359e+00  -6.7872548e-01  -3.6041402e-01   4.8126954e-01   2.5000833e+00  -4.5023928e-01  -9.7646702e-02  -4.2428751e-02
   1.5103332e+01   2.8356128e+00   2.3692529e+00  -3.6524952e-02  -2.1832608e+00   2.4710025e-01   5.7639669e+00   2.1718646e-01  -1.4405784e+00  -6.6863270e-01  -2.3247922e+00  -6.4174013e-01   1.8026943e-01  -7.1471119e-02  -7.0204588e-01  -2.5064594e-01  -2.7822313e-01  -1.5194764e+00  -1.0363957e+00   5.1170462e-01   7.3410634e-01  -4.2859997e-01  -3.6452017e-01  -2.5364590e-01
   1.2787621e+01   5.1510139e+00   2.2655941e+00  -3.6375351e+00  -2.2833567e+00   3.4214395e+00   4.9016061e+00   2.3139939e+00  -2.4561416e-01  -1.3903030e+00  -2.5202406e+00  -5.1741060e-01   1.3230535e+00  -1.9340181e+00   1.2312043e-01   2.0229881e+00   1.7725996e+00   8.9876348e-01  -8.4175814e-01   2.8725228e-02  -1.9282425e+00   6.4103685e-01   2.2856229e-01  -4.8440701e-01
   1.5076955e+01   3.6008489e+00   3.5403843e+00  -3.2030009e+00  -5.0936981e+00   6.6477813e-01   4.9421221e+00   2.6257134e+00  -2.8861836e+00  -2.4944976e+00  -2.7468417e+00  -5.0334191e-01   1.3310317e+00   7.5084935e-01   8.7895697e-01  -1.1009869e+00  -6.4247386e-01  -1.3928190e-02  -1.3169889e-01   7.2145621e-01  -1.1813967e+00  -7.5475413e-01  -6.5413407e-02   2.2442019e-02
   1.4812761e+01   2.9079823e+00   2.2594252e+00  -3.6738105e-01  -1.3780400e+00   2.6238613e+00   3.8709533e+00   1.1663983e+00  -2.6456873e+00  -7.1109243e-01  -1.4798672e+00  -5.8966318e-01   2.0540720e+00   1.2300703e+00   1.2302676e+00  -3.7296838e-01  -1.4127403e+00  -9.5429971e-01   1.0906228e+00  -7.2267810e-02  -3.3483700e-01  -5.2508156e-01  -6.5397150e-01   7.2959769e-02
   1.6087309e+01   5.0834027e+00   3.6907728e+00  -3.3230823e+00  -3.5996300e+00   6.2499708e-01   6.0817450e+00   1.8731686e+00  -2.0126368e+00  -2.1403692e+00  -2.9430990e+00  -5.7195081e-01  -3.0409624e+00   1.9125958e+00   3.2387351e-02  -8.8643716e-01  -1.0620619e+00  -1.0206539e+00  -1.7414106e+00  -1.9446664e+00   1.4039201e+00   3.8641389e-01   3.7194875e-01   2.3552380e-01
   1.5363552e+01   6.2548425e+00   4.0358011e+00  -4.1369470e+00  -5.1495012e+00   2.0098805e+00   5.9677288e+00   2.5818647e+00  -1.1846430e+00  -2.3549896e+00  -3.4030693e+00  -3.7366650e-01  -2.9592013e+00   1.3176839e+00   8.6716907e-01   5.5297558e-01  -2.7147726e+00  -1.1907599e+00  -2.6996474e+00  -2.2084454e+00   8.0524697e-01  -4.1662596e-01   4.6829848e-02   2.8589155e-01
   1.0240116e+01   4.7963124e+00   2.7007773e+00  -2.6478736e+00  -4.8010604e+00  -5.5921238e-01   1.2816184e+00  -9.9901927e-01  -1.5108256e+00  -1.0929282e+00  -1.2273176e+00  -2.5805454e-01  -1.5095189e+00   2.1619717e-01   2.6795901e+00   1.7827623e+00  -1.2266365e+00  -2.7202906e-01  -1.9405281e+00  -1.1388665e+00   1.3141799e+00  -1.0506755e+00   9.8970182e-02   4.2341870e-01
   1.3297556e+01   5.0280532e+00   4.0551766e+00   1.2447798e-01  -4.8494837e+00   1.4298261e+00   2.2215454e+00  -7.1017583e-01  -1.6887224e+00  -1.8597519e+00  -2.2675132e+00  -3.1777399e-01  -3.1493126e-01  -9.9758758e-03   2.8516111e+00   1.7698590e+00  -1.1090317e+00  -1.4529658e+00  -1.5016138e+00   8.4327944e-01   1.1548984e+00  -1.7337199e+00  -4.7370799e-01   1.3870399e-01
   1.4856029e+01   6.0210931e+00   7.7004703e+00  -2.7796514e+00  -5.5895935e+00   5.0698067e-01   5.0440446e+00   1.8108891e+00   2.1067278e-01  -3.9640013e+00  -3.3624218e+00   3.5230976e-02   2.9831406e+00  -1.2239846e-01   2.9136943e+00   1.4777756e-01   4.7627585e-01  -9.9425740e-02   1.6180593e+00   2.5716869e+00   8.5997548e-01  -7.8976626e-01  -1.1098762e+00   9.8121071e-02
   1.2583198e+01   5.6274884e+00   5.8133714e+00  -1.4162696e+00  -6.4187821e+00  -7.0266476e-01   1.8340950e+00   2.4418296e+00  -3.1304468e-01  -3.5200330e+00  -3.0460792e+00  -3.1225328e-01   9.0544490e-02  -6.8247941e-01  -5.7189706e-01  -1.2396767e+00   1.9462247e+00   1.1141654e-01   9.3827496e-01  -5.2374348e-01  -2.9464701e-01   5.4141077e-01  -3.7374556e-02  -5.5182897e-02
   1.5072005e+01   4.3129972e+00   6.1922214e+00  -1.6558335e+00  -3.3019974e+00   3.5789444e-01   3.9024326e+00   1.2825084e+00  -9.0870124e-01  -1.4474370e+00  -2.5028488e+00  -1.1363329e-01  -1.3674521e+00  -1.5096786e+00  -3.9431581e+00  -3.8581714e-01   3.6667349e+00   3.9210624e+00  -1.1340183e+00  -3.1717800e+00  -1.5320730e+00   1.4870923e+00   4.3805990e-01  -2.6294677e-01
   1.3325385e+01   4.8583821e+00   3.9514554e+00  -2.2969460e+00  -3.0739447e+00   1.6714940e+00   4.1997639e+00  -1.2316007e+00  -1.5710059e+00  -2.3059179e+00  -2.7533615e+00  -3.2611620e-01  -1.1187229e+00  -1.4787274e-01  -3.0195392e+00  -3.1625680e+00   6.1543898e-01   2.2594549e+00  -7.3488912e-01  -3.4650925e+00  -3.2332220e+00  -6.5347237e-01   1.9371309e-01  -7.7409253e-03
   1.2433758e+01   4.1411283e+00   2.7166912e+00  -2.9180389e+00  -1.7619098e+00   5.2014949e+00   2.1601827e+00  -1.1100657e+00  -1.4584561e+00  -2.3404205e+00  -2.8516908e+00  -3.5225772e-01  -7.4488157e-01   2.3664742e+00  -1.3785809e+00  -4.5292766e+00  -1.4263023e+00   2.1536939e+00  -2.1657054e+00  -1.7454687e+00  -1.0238286e+00  -1.8338180e+00  -8.0793359e-02   2.0931258e-01
   1.2224238e+01   5.4916137e+00   3.0218277e+00  -5.5290189e+00  -6.2656674e+00   2.6471735e-01   1.6028862e+00  -1.5595221e+00  -4.8880003e+00  -4.0537498e+00  -2.5810886e+00  -2.0455245e-01   1.3607401e+00   2.0779986e+00  -2.3624135e-01  -2.5931557e+00  -1.2845891e-01   1.8488532e+00  -4.3072066e-01  -1.6472809e+00   5.6407530e-01  -8.5204624e-01  -4.8275857e-01   3.7809804e-01
   1.4505256e+01   7.5460927e+00   4.5891639e+00  -6.8337119e+00  -3.8455895e+00   4.2918236e+00   1.9523134e+00  -1.1717339e+00  -7.8594690e-01  -3.3242480e+00  -2.7101753e+00   1.3955370e-01   1.2370272e+00   1.2356827e+00   3.0049217e-01  -2.8107453e-01   1.0440290e+00   3.0929634e-01   2.0962448e+00  -2.3502651e-02   1.4987001e+00   1.7658303e-01  -2.5970697e-01   2.6646808e-01
   1.4330746e+01   6.2728977e+00   2.6608570e+00  -4.2288431e+00  -2.2247932e+00   4.8996095e+00   3.6576176e+00  -3.6716879e+00  -1.0611476e+00  -3.0920734e+00  -3.5482571e+00  -4.8748493e-03  -2.0633536e+00  -1.3871555e+00  -1.7810882e+00   4.9898543e+00   2.9996874e+00  -1.9289985e+00  -1.3106132e-01   6.3723587e-01   2.4248503e+00   2.2470801e+00   1.1385157e+00  -8.3660193e-02
   1.3236045e+01   5.6040103e+00   3.3479148e+00  -3.9897386e+00  -2.2163035e+00   3.3479933e+00   4.2771842e+00  -8.9236795e-02  -1.1238323e+00  -2.5563841e+00  -2.7576670e+00  -5.2394411e-02  -3.3528452e+00  -1.4957691e+00  -2.3670172e+00   3.4592984e+00  -8.7277460e-01  -4.4700685e+00  -1.7749029e+00   1.1566707e+00  -3.0760147e-01   1.0131725e+00   1.5195366e+00  -2.4868046e-01
   9.7638130e+00   4.3819217e+00   9.7082008e-01   5.3377584e-01  -2.5807794e+00  -2.1568652e+00   2.4385883e-01  -1.1449169e+00  -1.0817821e+00  -1.0670616e+00  -8.4956919e-01  -2.3406869e-01   2.9959886e-01  -9.4071693e-01   9.7956470e-01   1.0227459e-01  -2.6954833e+00  -2.8734649e+00  -1.0702522e+00   1.9819070e+00  -8.8687569e-01   2.4124274e-01   4.5190416e-01  -1.4215220e-01
   1.1759455e+01   6.2479270e+00   1.8836565e+00  -4.0260738e+00  -4.9767583e+00   1.1149581e+00   9.9683840e-01  -7.0011338e-01  -1.2370318e+00  -2.8169952e+00  -1.7802144e+00  -1.1887008e-01   1.7808754e+00  -1.3536401e+00   1.8763849e+00  -1.2704823e+00  -3.3343875e+00   5.7602616e-01  -8.5545509e-01  -1.0545871e+00  -6.2929066e-01  -1.4450524e+00  -1.3649508e+00  -4.8207317e-02
   1.5518439e+01   4.5398640e+00   4.8623332e+00  -4.0572636e+00  -4.8877907e+00   1.7059297e+00   3.6924121e+00  -3.9338910e-01  -2.3348614e+00  -2.5999038e+00  -3.3591271e+00  -1.8486531e-01   3.3790573e+00  -1.2121506e+00   4.3684906e+00  -2.5114614e+00  -9.3450050e-02   5.1688980e+00   1.3966536e+00  -9.5319555e-01  -1.4664726e-01  -1.7801661e+00  -2.0191471e+00   3.6990529e-01
   1.3030045e+01   3.4945790e+00   4.2167355e+00  -3.5999423e+00  -6.0643791e+00   2.2806351e+00   1.2697249e+00  -2.0468813e+00  -1.4412287e+00  -3.9575417e+00  -3.5503142e+00  -1.4930707e-01   1.1973746e-01  -4.7196836e-01   2.3898146e+00   4.7359293e-01   1.6180433e+00   2.2996395e+00   5.0314895e-01  -1.4620558e+00   4.9655662e-01  -1.0890296e-01  -5.8194517e-01   1.3986630e-01
   1.4197104e+01   3.9403697e+00   6.3570165e+00  -3.4464819e+00  -2.1771441e+00   5.0136433e+00   2.2023959e+00  -1.9013263e+00  -1.1996546e+00  -3.1670375e+00  -2.9932400e+00   3.3600775e-01  -1.1302662e+00   1.7323861e+00  -5.5414636e-01   7.6136619e-01   1.1598470e+00  -1.2600500e-01   1.2608505e+00  -6.7756192e-01   6.9985252e-01   7.6665087e-01   6.0407346e-01   1.5710418e-01
   1.2599729e+01   5.8397216e+00   4.7210369e+00  -3.6210752e+00  -3.9050167e+00   2.9105606e+00   2.4965699e+00  -2.1392284e+00  -1.0598003e+00  -2.6967828e+00  -2.8360757e+00  -1.6950715e-01   2.2923827e-01   4.1111193e+00  -8.6321892e-01  -2.2618475e+00  -6.6442671e-01  -3.1448515e+00   8.4639013e-01  -4.0905116e-01   3.5871878e-01   2.6222710e+00   1.7356152e+00  -3.9597137e-03
   1.4038198e+01   5.9658717e+00   3.7789630e+00  -2.9046478e+00  -4.2277014e+00   1.2019595e+00   4.9702654e+00  -1.3635584e+00  -1.4757968e+00  -2.0803069e+00  -2.8101361e+00   6.0890991e-02  -2.4595853e-01   2.4242660e+00  -1.5659657e+00  -1.6140148e+00  -3.6129813e+00  -3.8241212e+00  -3.7169582e-01  -4.1285194e-01   8.4197246e-01   6.8318342e-01   9.0249153e-01  -5.8612459e-02
   1.3453355e+01   8.6485069e+00   4.2109339e+00  -7.2636306e+00  -6.0357405e+00  -5.3080019e-01   1.1553754e+00  -2.9293420e+00  -7.6507940e-01  -5.6750043e-01  -1.0384433e+00  -1.7688261e-02   1.4021026e+00  -3.7816355e-02   1.3374467e+00  -2.2327518e+00  -1.7235491e+00  -6.8990766e-01  -4.9583530e-01  -2.3900528e-01   2.1765894e-01  -7.9627805e-01  -5.9286161e-01   3.4916149e-01
   1.3401353e+01   6.1723761e+00   4.2631194e+00  -4.0462265e+00  -6.5312542e+00   9.9814184e-01   2.3154495e+00  -2.1255474e+00  -8.4056340e-02  -3.2069036e+00  -2.5383189e+00   1.7217962e-01   7.0244234e-01  -1.7044603e+00   1.6428146e+00  -2.3769163e+00  -7.8789749e-01   8.5020739e-01  -1.5312599e+00  -8.4247205e-01  -7.6459935e-01  -1.9314778e+00  -1.6150174e+00   1.4605587e-01
   1.5021305e+01   5.6797449e+00   6.4851287e+00  -6.3994135e+00  -5.3385639e+00   1.9776079e+00   3.0802250e+00  -2.1167419e+00  -1.4291821e+00  -3.3279015e+00  -3.8612768e+00   2.9859076e-01  -7.1853745e-01  -3.5064323e+00  -6.1991574e-01   2.7877622e+00   3.2943883e+00   2.6609782e+00  -1.1853457e+00  -8.7598057e-01  -1.9499024e+00  -1.2028336e+00  -5.9497636e-01  -4.2236738e-02
   1.4307887e+01   4.8935622e+00   5.1060874e+00  -6.9021308e+00  -5.7581359e+00   1.2230665e+00   1.7109508e+00  -3.0335665e+00  -2.2906444e+00  -3.5973231e+00  -3.8212455e+00   1.2183529e-01  -1.3965879e+00  -5.5899475e-01  -1.0121787e+00   1.1775280e+00   1.8951568e+00   8.5001928e-01  -4.1854469e-01  -8.9466790e-01  -1.5394066e+00   9.7775510e-01   1.1431342e+00  -2.0912325e-01
   1.1922282e+01   4.0282654e+00   2.8595762e+00  -1.6540351e+00  -1.4807172e+00   3.3482048e+00  -3.2039379e-01  -3.7893032e+00  -2.5866389e+00  -2.1765411e+00  -1.2894446e+00  -5.5871204e-02  -1.8154515e+00   8.1979740e-01  -1.9682698e+00   2.2845196e+00   6.9395188e-01  -1.0193043e-01   4.6715561e-02  -4.6245689e-01  -4.3634115e-01   1.3298391e+00   1.6876861e+00  -2.2050872e-01
   1.2855982e+01   6.1596238e+00   4.5576276e+00  -4.6526238e+00  -5.6174424e+00   1.5878723e+00   3.3879418e+00  -2.6312686e+00  -1.8144379e+00  -2.3159511e+00  -2.1095337e+00   3.5725729e-02  -1.2802917e+00   4.7369383e-01  -4.4294119e-01   2.4792875e+00   1.4098513e+00  -4.4342156e-01  -9.2281008e-01  -7.9216700e-01   3.9281599e-02   1.8834587e+00   1.6377877e+00   9.8520008e-02
   1.3024080e+01   6.2764102e+00   3.8069539e+00  -4.0973877e+00  -4.3679829e+00   1.6423094e+00   2.3118028e+00  -3.0115762e+00  -2.3217971e+00  -1.9738288e+00  -2.1856036e+00   1.0882458e-02   1.3199046e+00   5.7713210e-01   3.1099612e+00  -1.0114680e+00  -2.1161169e+00  -2.5594488e+00   2.6102929e+00  -7.9882158e-01  -1.4018141e+00   2.3855398e-01  -7.0606442e-01   2.6904550e-01
   1.1836550e+01   4.4800306e+00   3.9679868e+00  -1.9615232e+00  -2.1997262e+00   1.4108819e+00  -9.8936260e-01  -4.6106806e+00  -2.3641429e+00  -8.7349121e-01  -9.1648446e-01   2.3623847e-01   1.1392985e+00   5.1812871e-02   4.2990942e+00  -1.0922320e+00  -1.8949264e+00  -1.6049627e+00   2.0818320e+00  -6.7912558e-01  -3.6833612e+00  -1.7328229e-01  -9.4023078e-01   1.6199538e-01
   1.4411855e+01   5.7337601e+00   7.8193385e+00  -4.5167874e+00  -6.3637507e+00  -4.0247320e-01   5.7836978e+00  -3.9978296e+00  -4.4145076e+00  -2.5399401e+00  -2.9450658e+00   2.4744067e-01   1.0292291e+00   2.5679417e-01   4.5237646e+00  -2.6820964e+00  -3.9653576e+00  -2.0964848e+00   3.2164462e+00  -2.6629421e-01  -4.5013406e+00  -1.2567085e+00  -1.4540716e+00   6.5463574e-02
   1.3871042e+01   6.5086681e+00   9.0000766e+00  -6.0812719e+00  -7.4619481e+00   2.0281958e-01   4.7747423e+00  -3.1568302e+00  -6.2931245e+00  -2.2928189e+00  -3.1401487e+00   1.6043969e-01  -4.6129058e-01   8.9204560e-01   1.2136278e+00  -3.8070572e-02  -1.8928444e+00  -3.9874779e-01  -3.2825304e-01   8.7887394e-01  -1.4485464e+00  -7.7627981e-01  -5.6387478e-01  -2.2247043e-01
   1.3550677e+01   5.6472827e+00   8.0765559e+00  -6.0606579e+00  -7.6849084e+00  -8.9838667e-01   4.2544197e+00  -4.1379427e+00  -7.1093173e+00  -3.1492277e+00  -3.2548789e+00   1.4697721e-01  -2.6646868e+00   8.9512967e-01  -3.8464779e+00   3.0930185e+00   1.8669479e+00   1.3592153e-01  -4.9946957e+00   3.2271902e-01   2.7872103e+00   1.3244200e+00   1.2179386e+00  -2.5361871e-01
   1.1575203e+01   5.8613377e+00   5.6598198e+00  -1.2466938e+00  -4.3784140e+00   1.0607170e+00  -7.1710311e-01  -3.2223131e+00  -3.1895577e+00  -1.7332671e+00  -1.6073901e+00  -4.7235451e-02  -2.1514030e+00   5.2661401e-01  -4.6390509e+00   3.5020802e+00   3.1864477e+00  -7.5301391e-01  -4.8003364e+00   9.6985645e-02   4.5124889e+00   9.4688465e-01   1.3046730e+00  -3.0477988e-01
   1.1562745e+01   7.4001198e+00   3.7197500e+00  -2.2945487e+00  -5.1050958e+00  -6.2753960e-01   1.0375769e+00  -3.4810096e+00  -1.7854755e+00  -8.3308606e-01  -1.8845373e+00  -2.9149831e-02  -6.0849861e-01   1.3088903e+00  -2.2015274e+00   2.4738498e+00   3.8768633e+00   3.4690963e-01  -5.1336413e+00  -6.1197647e-03   3.0068085e+00   1.0466318e+00   1.7847685e+00   3.1204371e-02
   1.1637904e+01   6.4221706e+00   4.2199032e+00  -2.7112062e+00  -3.9721829e+00  -1.0621248e+00  -8.1734086e-01  -3.3398183e+00  -2.1863121e+00  -2.0305628e+00  -1.8683100e+00  -2.0866661e-01   3.1340698e+00  -2.8596988e-01   2.4983641e+00  -9.3845339e-01   5.0503191e-01  -1.0690567e+00  -4.5387058e-01   8.1671940e-01  -1.4431242e+00  -1.1227134e+00   4.0734725e-02   1.5932102e-01
   1.2606579e+01   7.3302016e+00   5.4942230e+00  -1.6176269e+00  -2.0727290e+00   6.8339866e-01  -3.3959234e+00  -4.0883698e+00  -3.1007273e+00  -1.4306322e+00  -4.4726626e-01   2.7449935e-01   3.4632446e+00  -1.3502363e+00   3.7432707e+00   6.0473061e-01  -5.8639520e-01  -8.0195833e-01  -5.8014905e-01   1.2723268e+00  -3.4373849e+00  -1.4783639e+00  -4.8705577e-01   8.9455900e-03
   1.5754391e+01   5.4673420e+00   8.5201295e+00  -2.9928348e+00  -5.1370496e+00  -1.1983372e+00   8.1884118e-01  -1.6935540e+00  -4.6966181e+00  -3.1185640e+00  -2.2649235e+00   3.9921483e-02   2.1617229e+00  -1.5920967e+00   2.6589874e+00  -1.0637781e+00  -2.8130799e+00  -2.2985546e+00   1.1482482e+00   5.0913604e-01  -3.9492373e+00  -1.8703932e+00  -1.1947516e+00   7.3356721e-03
   1.4699368e+01   5.8521797e+00   7.1845429e+00  -1.2466385e+00  -5.4022553e+00  -1.7623709e+00  -6.5073770e-01  -2.3956515e+00  -5.6863999e+00  -2.5066313e+00  -2.4168142e+00  -1.4002549e-01  -1.1977038e+00  -8.5078500e-01  -6.3399760e-01   1.7250362e+00  -1.9877803e+00  -3.2766524e+00   1.3964540e+00  -4.3040599e-01  -2.2896301e-01  -4.8723443e-01  -8.9630036e-01  -1.2750844e-01
   1.3834094e+01   4.7730365e+00   7.3632243e+00  -4.4923677e+00  -6.5270396e+00  -3.2870719e+00  -4.6756139e-01  -3.4224733e+00  -6.8173318e+00  -4.2981531e+00  -2.6756635e+00   9.5993158e-03  -4.2880918e+00   4.8582189e-01  -3.0198621e+00   1.8907309e+00   1.1496267e+00  -1.0311474e+00  -1.0233854e+00  -1.1006227e+00   2.7874327e+00   1.7379992e+00   1.0418871e+00   5.3590969e-02
   1.1770172e+01   6.4011769e+00   5.1216792e+00   1.7196937e+00  -4.3594044e+00  -3.1872125e+00  -6.5804116e-01  -3.8695191e+00  -2.3838149e+00  -1.5716893e+00  -1.5863468e+00   9.8397776e-02  -2.8438469e+00   2.7567457e-01  -2.0368388e+00   1.3593725e+00   1.0327211e+00  -5.5713416e-01  -2.1547715e-01  -1.6758232e-01   3.1927732e+00   1.7628670e+00   1.0067622e+00   5.7549422e-02
   1.0786851e+01   5.9215762e+00   5.0217683e+00  -1.6399046e+00  -3.9340350e+00  -2.0326375e+00  -7.1258526e-01  -2.6075543e+00  -2.1667615e+00  -9.7903618e-01  -1.1173265e+00   1.0963010e-03  -8.9038290e-01   1.7594501e-01  -2.6169369e-02   2.1134189e+00   1.7845143e+00   8.1421316e-01  -1.1421733e+00  -8.1007849e-01   2.1312389e+00   2.1770252e+00   1.4255306e+00   1.9351918e-01
   1.1957219e+01   5.6914217e+00   5.3000127e+00  -6.3381132e-01  -5.1496759e+00  -3.2252893e+00  -8.5144149e-01  -3.0544845e+00  -3.2225252e+00  -1.5218892e+00  -1.6858393e+00  -4.9449854e-02   2.6876737e+00  -9.4178438e-01   2.6095498e+00  -9.6072461e-01   6.7752519e-01  -7.2671104e-01  -1.5902956e+00   1.6661682e-01  -1.0004209e+00  -7.9704987e-01  -4.7809773e-01   1.9395920e-01
   1.2404996e+01   5.3918316e+00   7.2348035e+00  -1.4548676e-01  -3.4551323e+00  -2.0467137e+00  -2.0841211e+00  -5.0451083e+00  -3.2011183e+00  -1.0575154e+00  -4.8762139e-01   3.7380190e-01   3.4100965e+00  -4.5257892e-01   2.6673138e+00   7.0715026e-01   1.2484904e+00  -2.7213784e+00  -1.9690839e+00   4.9982611e-01  -7.7924034e-01  -1.3986221e+00  -1.6360831e+00   1.2118755e-01
   1.4992610e+01   5.2533726e+00   7.9294863e+00  -4.6860207e-01  -3.5825679e+00  -4.2702410e+00  -2.3577166e+00  -2.4008168e+00  -3.3672679e+00  -2.7280245e+00  -2.6183459e+00   2.0298378e-01   1.6543984e+00  -2.6837185e-01   6.3766062e-01  -1.2223901e+00   5.4495907e-01  -4.5104781e+00  -2.3561642e+00   2.1533895e+00  -2.0194500e+00  -2.5143550e+00  -1.8947056e+00   9.4883346e-03
   1.4384301e+01   5.4617324e+00   7.7080023e+00  -6.6178379e-01  -2.8448533e+00  -5.5922293e+00  -2.9130736e+00  -2.1846490e+00  -3.2632507e+00  -2.4739017e+00  -3.1051978e+00   5.6660805e-02   1.1476634e-01   1.6975538e+00  -2.0352168e+00   1.8987551e+00   2.0814371e-01  -5.4455620e+00  -1.5973046e+00   2.8702834e+00  -1.0493013e-01  -1.2136845e+00  -4.6842619e-01  -4.3492030e-01
   1.3449164e+01   5.2539135e+00   6.0199043e+00  -2.2092480e+00  -4.6373768e+00  -8.2182487e+00  -3.9712115e+00  -1.2546300e+00  -6.2206341e+00  -4.5852285e+00  -3.2191095e+00   1.2335319e-01  -2.8261220e+00   2.3859743e+00  -2.5882020e+00   1.9208623e+00  -1.4094285e-01  -1.0827777e+00  -1.6146606e-01   8.1202897e-01   1.1783725e+00   1.1151789e+00   1.8909489e+00  -1.6929217e-01
   1.3348868e+01   7.9378919e+00   5.1367694e+00   3.5729689e+00  -2.6155123e+00  -8.2410529e+00  -3.6733306e+00  -1.3127767e+00  -1.9318304e+00  -1.9494401e+00  -8.8987890e-01  -2.3876326e-01  -2.8697978e+00   1.6555312e+00  -2.3701230e+00   1.3563246e+00   1.1852599e-01   1.3914728e+00   2.7106105e-01  -2.3414258e-01   1.9035931e+00   1.7189159e+00   2.0632155e+00  -8.2339118e-02
   1.1271143e+01   7.5942543e+00   5.3327997e+00   2.9531507e-01  -3.9086527e+00  -4.5699957e+00  -2.2197872e+00  -1.6187095e+00  -2.2654193e+00  -1.3174869e+00  -8.8958206e-01   9.6757547e-02  -1.6949240e+00   3.2147177e-01  -1.1149316e+00   4.5658233e-01   1.5911168e+00   3.7091146e+00   4.7137001e-01  -2.1766823e+00   2.4717135e+00   2.9611979e+00   1.3383389e+00   1.8623723e-01
   1.1168614e+01   6.7748589e+00   4.4963701e+00   1.2042160e-01  -3.0314264e+00  -5.3291466e+00  -3.3821942e+00  -2.3538231e+00  -2.3854684e+00  -1.5293987e+00  -1.1751382e+00  -5.3550049e-02   6.1786663e-01  -6.3064387e-01   1.4884213e+00  -1.7447689e+00   3.2039919e-01   2.3829154e+00  -1.6639861e+00  -2.5287646e+00   1.1266859e-01  -5.8796080e-02  -8.2263840e-01   4.4228047e-01
   1.1996905e+01   6.3176377e+00   4.6677065e+00   2.0189916e-01  -2.0427446e+00  -4.1105299e+00  -3.4097247e+00  -3.9991302e+00  -2.2862448e+00  -3.5345236e-01  -1.0689715e+00   3.1010244e-01   2.7103195e+00   5.7808132e-01   1.9448318e+00   7.7311107e-01   7.0293905e-01   6.3605148e-01  -4.0661468e+00  -2.0901846e+00   1.3967979e+00  -1.4581949e+00  -1.3424180e+00   1.4805169e-01
   1.3912787e+01   7.6302344e+00   7.7019479e+00   1.0025235e+00  -3.0678676e+00  -4.8964126e+00  -5.5743410e+00  -3.9157133e+00  -1.7524148e+00  -2.5196516e+00  -2.0341418e+00   3.1798500e-01   2.2277433e+00   4.8451159e-01   2.2431984e+00  -4.1083111e-01  -2.8360712e+00  -6.8087575e-01  -3.9051107e+00  -1.9599475e+00   2.3015310e-01  -3.7712084e+00  -1.6353136e+00   9.9901535e-02
   1.3964536e+01   8.0336886e+00   6.6472586e+00   1.0139307e+00  -2.8360236e+00  -3.8322855e+00  -7.2229340e+00  -3.9730413e+00  -4.8674930e-01  -3.0096529e+00  -2.4737073e+00   1.3306756e-01   6.7492513e-01   1.0789712e+00   3.0386330e+00   1.1907557e+00  -3.3326755e+00  -1.4301408e+00  -1.6992077e+00  -5.8145214e-01   1.2914424e+00  -2.0035674e+00  -5.1375123e-01  -3.4510197e-01
   1.3526414e+01   6.6436008e+00   6.8713917e+00  -9.0184083e-01  -6.8888938e+00  -6.4895825e+00  -7.3332555e+00  -5.3067889e+00  -2.9399865e+00  -5.8581110e+00  -2.9257407e+00   1.8481970e-01  -1.1893907e+00   9.8244810e-01   2.6024865e-01  -7.0643220e-01  -7.4956008e-01   2.2070708e+00   2.2365383e+00  -2.6541704e-01  -2.2326783e-01   1.2552312e+00   1.3191067e+00  -2.5675037e-01
   1.3202479e+01   8.4294113e+00   9.6409341e+00   2.9402149e+00  -5.1312447e+00  -5.4591562e+00  -5.0790790e+00  -4.1757706e+00   2.4470456e-01  -1.6895738e+00  -1.3937989e+00  -1.4096786e-01  -2.0144631e+00  -3.0052565e-01  -1.0427218e+00  -2.1816932e-02   7.7920301e-01   1.8326187e+00   4.3021862e+00   5.5203796e-01  -6.2433563e-01   2.9197042e+00   1.8946653e+00  -2.0291151e-01
   1.2509729e+01   8.9060452e+00   6.5954831e+00  -1.0202669e+00  -3.0445971e+00  -7.7237104e-01  -3.2914611e+00  -4.2124742e+00  -2.4530434e+00  -1.2968444e+00  -5.9543600e-01   6.9877161e-02  -2.1386850e+00   1.7983894e-01  -2.6050334e+00  -3.0098755e-01   3.9457267e+00   2.8231150e+00   4.0074037e+00   1.6561038e+00   4.9746451e-01   3.1856564e+00   1.7835702e+00   4.3371549e-02
   1.1451184e+01   6.4516779e+00   5.2211301e+00   1.0404183e+00  -3.5893674e+00  -3.9419632e+00  -2.7905519e+00  -3.6921417e+00  -1.6667243e+00  -9.1072984e-01  -7.9686168e-01  -1.1382844e-01  -8.3637438e-01  -1.5118713e+00  -2.3342888e+00  -3.6749814e-01   3.0577434e+00   1.3811300e+00   1.0472318e+00  -8.8072394e-01  -2.1973497e+00   2.0979234e-02   1.0939443e-01   3.4450666e-01
   1.1194034e+01   7.9022259e+00   5.1737436e+00  -4.0342385e-01  -1.7412425e+00  -3.0135065e+00  -2.4664135e+00  -3.0644476e+00  -1.2380753e+00  -1.4690483e+00  -5.4885403e-01   2.3630731e-01   6.6685080e-01  -1.0378721e+00  -8.1106862e-01   1.3044818e+00   7.6210021e-01   4.9210286e-01   8.5983857e-01  -2.0149732e+00  -2.0330357e+00  -5.9954357e-01  -5.7709064e-01   7.2281714e-02
   1.2605765e+01   6.6635140e+00   6.8503706e+00   2.0805462e+00  -1.1963070e+00  -2.2668934e+00  -3.9207551e+00  -6.0708698e+00  -3.6588041e+00  -1.5720029e+00  -1.2529982e+00   2.9257706e-01   1.7534790e+00  -4.3755960e-01  -1.1982608e+00  -7.2561010e-01  -7.5691435e-01   1.8834241e+00   7.7680458e-01  -4.6376133e+00  -3.7986380e+00  -1.3663445e+00  -1.1294879e+00  -8.7613445e-02
   1.2932715e+01   7.2433190e+00   4.5642599e+00   4.1639184e-01  -3.0979770e+00  -8.7175163e-01  -1.4366016e+00  -6.0455700e+00  -4.5065570e+00  -1.8655232e+00  -1.2330037e+00  -2.4903019e-02   1.6355598e+00  -3.1446443e-03  -4.1481891e-01  -4.1262006e-01  -1.3203563e-01  -5.8675334e-01   9.8489650e-01  -1.8428663e+00  -2.6850997e+00  -2.0428240e-01  -5.6428973e-01  -3.0723238e-01
   1.3212062e+01   6.1247920e+00   3.7284807e+00  -4.5790468e-01  -4.0463716e+00  -2.1877044e+00  -2.1402509e+00  -9.1580005e+00  -5.7304404e+00  -2.7620092e+00  -2.1490187e+00  -1.1464344e-01  -1.8059440e-01   6.7211665e-01  -2.0657754e+00  -2.2394498e-01   1.9023681e+00  -1.3088607e+00   1.6257754e+00   1.0000837e+00  -2.1835487e-01   3.6928715e-01   6.1981513e-01  -7.6371961e-03
   1.3344226e+01   8.1668699e+00   6.1124602e+00   2.4687151e-01  -5.1426359e-01  -3.9332310e+00  -1.8793208e+00  -4.2851817e+00  -4.2299068e+00  -1.1804688e+00  -9.4727838e-01  -2.0931000e-02  -1.3690944e+00   1.4158597e-01  -9.8506567e-01   2.9692390e-01   2.8516817e+00  -7.5541136e-01   2.7399713e-01   2.6754327e+00   1.0968072e+00   7.1079524e-01   1.0948259e+00   1.4035782e-01
   1.2129118e+01   7.2099135e+00   2.9776074e+00   1.8293889e+00   3.6538843e-01  -2.6994449e+00  -1.2607324e+00  -5.4509383e+00  -4.1246615e+00  -1.3605994e+00  -4.6613817e-01   2.7913526e-01  -1.4825513e-01   8.1580273e-01  -3.1588245e-02  -1.7953651e+00   2.4667302e+00   2.1488842e+00   1.1541770e+00   3.3245715e+00   2.3941651e+00   4.9828280e-01   8.0814849e-01   4.5433820e-01
   1.1420545e+01   6.9131372e+00   3.4620980e+00  -2.8186911e-01  -1.0263345e+00  -1.7489984e+00  -1.4653652e+00  -3.8859520e+00  -3.6642357e+00  -1.5000352e+00  -4.3220507e-01  -1.1255635e-02   9.2911149e-01  -1.8915528e-01  -3.3497100e-01  -3.7483850e-01  -1.7435507e+00   3.7095652e+00   1.2006117e+00   2.1020272e-01   4.0137785e-01  -1.8193634e+00  -3.2199970e-01   5.3658253e-01
   1.3951520e+01   7.9753624e+00   5.0062794e+00  -2.8865820e+00  -9.0240812e-02  -5.6494408e-02  -6.1596331e-01  -4.3707581e+00  -2.4220283e+00  -1.8548018e+00  -1.1943326e+00   5.6202617e-01   1.7605223e+00  -5.3408420e-01   3.7727276e-01  -1.8144996e-01  -2.9357405e+00   3.4987510e+00   1.1012505e+00   1.2128293e+00  -9.4821928e-01  -2.1823186e+00  -8.7955957e-01   2.2817678e-01
   1.3826692e+01   7.5004125e+00   4.5956677e+00   2.0425992e+00  -2.9017750e+00   3.0964153e-01  -4.0078779e-01  -4.5099678e+00  -4.4791566e+00  -3.6624127e+00  -1.0661807e+00   6.4249734e-01   9.4428747e-01  -1.5123308e+00  -1.6751356e+00   7.2167480e-01  -3.4751765e+00   1.5412679e+00   2.5659704e-01   2.7875631e-01  -2.9595359e+00  -3.6133796e+00  -9.0264787e-01   2.7258075e-01
   1.3566828e+01   6.1151495e+00   2.9767317e+00   3.9497982e-01  -3.1005021e+00   1.5193617e+00  -1.4114532e-01  -3.3196866e+00  -5.1395300e+00  -3.5528885e+00  -1.4684897e+00   2.9452394e-01  -1.2118698e+00  -1.7940667e+00  -1.9790813e+00   1.4731548e+00  -1.0660745e+00   4.4706084e-01  -3.0257300e-01  -1.2394947e-01  -2.1613871e+00  -1.6358221e+00  -4.5555879e-01  -3.0479291e-01
   1.3029322e+01   5.5747474e+00   1.9641684e+00  -8.4013779e-01  -4.7339686e+00  -2.2502465e-01  -1.3178786e+00  -3.9933533e+00  -6.7447887e+00  -6.0710611e+00  -1.6490983e+00   5.3136661e-01  -1.3193611e+00  -1.1320754e+00  -1.1491137e+00  -1.2023221e+00   2.5183376e+00  -5.3918997e-01  -1.3371698e+00   5.7588466e-02   2.0235618e+00   4.4242917e-01  -2.5093409e-01  -3.2835801e-01
   1.2532400e+01   6.2470949e+00   3.3534070e+00   7.6451879e-01  -7.7325575e-01   8.8142994e-01  -6.1127739e-01  -4.8149896e+00  -4.5312929e+00  -3.1042106e+00  -1.5862120e+00   1.6040217e-01  -2.0499603e+00  -5.7061363e-01   3.9910489e-01   5.4421018e-01   3.1831959e+00  -1.0542399e+00  -7.6044361e-01  -1.8837137e-01   3.2377980e+00   1.7758232e+00   1.9210438e-01  -7.4335361e-02
   1.2364865e+01   5.7363268e+00   2.6836594e+00   5.4346517e-02  -2.8789171e-01  -1.8017755e-01  -2.1714765e+00  -3.6759336e+00  -1.7479324e+00  -3.2231078e+00  -1.3837207e+00   2.1702120e-01  -8.0901285e-01   6.7893849e-01   7.8938374e-01   1.6202368e-01   2.3324243e+00   1.5899505e+00   1.0203107e-01   6.9979021e-01   2.9208379e+00   2.5190914e+00   6.0514960e-01   3.7979699e-02
   1.0824116e+01   5.1784394e+00   3.2156436e+00   7.6405294e-01  -5.4874661e-01  -8.4421708e-02  -8.5501182e-01  -3.7609535e+00  -2.7812612e+00  -2.3131303e+00  -1.3130219e+00   3.4019360e-01   1.0312368e-01   9.1079426e-01   7.6077587e-01  -4.7198984e-03  -7.0716785e-01   2.0692281e+00  -1.2406625e+00   5.1228450e-02   5.0355493e-01   8.5767991e-01   2.5133181e-01  -3.0710335e-02
   1.2669944e+01   7.1274829e+00   3.2171257e+00  -5.9686935e-01  -1.3475868e+00   2.6428269e+00  -1.0429648e+00  -3.4706860e+00  -3.2385476e+00  -2.6879642e+00  -8.7796894e-01   4.9844044e-01   1.8318962e-01   1.4796267e+00   1.2171074e+00  -1.4693418e+00  -7.0123886e-01   1.9487971e+00   7.8604088e-01   1.9550449e-01  -2.4766745e+00   5.1961009e-02  -4.8974988e-02  -3.1622259e-01
   1.2534546e+01   6.9177082e+00   4.2278377e+00   1.0830469e+00  -1.3041600e+00   2.5737698e+00  -3.0365270e+00  -4.8407707e+00  -3.0306529e+00  -2.0852626e+00  -1.4620901e+00  -2.6372952e-02   6.1013384e-01   1.2637777e+00   4.3251139e-01  -3.1957719e+00  -2.3330325e+00  -2.2789784e-01   1.3004201e+00  -2.3932636e-01  -2.8707727e+00  -2.1833145e+00  -7.7688996e-01  -3.6432650e-01
   1.1784434e+01   7.0861324e+00   4.0032234e+00  -2.3091632e+00  -9.6204330e-01   1.4139224e+00   9.8342458e-02  -2.8427682e+00  -5.3382483e+00  -3.2591002e+00  -1.3826491e+00  -7.4029401e-02  -1.6366484e-01  -2.1522989e-01  -2.4327505e-01  -1.4410056e+00   4.5616917e-01  -7.9788972e-01   1.1924568e+00  -8.5771969e-01  -1.3744245e+00  -1.4670209e+00  -4.1010416e-01  -4.0360847e-01
   1.2182072e+01   7.0947812e+00   3.4713618e+00  -3.1734580e+00  -4.2410670e+00   1.8818380e-01   5.2496477e-01  -4.4339019e+00  -6.0375699e+00  -5.3025340e+00  -2.2260168e+00   7.9938770e-02   4.4624741e-01   1.4911085e+00  -9.5045260e-01  -1.7794514e+00  -4.6326760e-01  -1.7290992e+00   3.2873677e+00   1.8924071e+00   2.9889934e-01  -6.9071896e-01  -7.8214905e-01   6.5868635e-02
   1.2600684e+01   6.7161016e+00   3.2304511e+00  -6.3012533e-01   8.0512052e-01   2.6387854e+00  -1.0350255e+00  -4.9606999e+00  -3.7967259e+00  -3.2798599e+00  -1.1111619e+00  -1.6012813e-01  -1.4973627e-01   5.9111415e-01  -1.2283937e+00   1.1551837e+00   6.1563285e-02  -6.5255319e-01   8.9309845e-01   2.1036126e+00   2.7416668e+00   1.3811951e+00  -1.7510160e-01   5.6337213e-02
   1.2795792e+01   9.3393864e+00   3.1885449e+00  -2.4256491e+00  -2.8826433e+00  -6.3231051e-01   2.4612085e+00  -9.4319411e-01  -3.3530651e+00  -3.1109612e+00  -2.7710573e+00   1.1547937e-01  -1.8415276e+00  -1.9168467e+00  -2.0486655e+00   2.7785532e+00   3.2779823e+00  -3.4197451e-01  -2.4869466e-01   1.8520892e+00   2.1583617e+00   2.5388739e+00   1.1820599e+00   1.5388145e-01
   1.1252970e+01   6.8505011e+00   2.3020413e+00  -9.5029202e-01  -1.5489102e+00   8.4533978e-01   4.6986827e-01  -1.4327033e+00  -2.5680005e+00  -2.2830939e+00  -1.3727812e+00  -7.2938792e-03  -2.2798997e-01  -9.9743214e-01  -1.4476419e+00   1.4733751e+00  -2.8060929e-02  -8.7330972e-01  -8.2600838e-01   7.8090583e-01   9.2411444e-01   7.8308248e-01   3.9432275e-01   1.8379673e-01
   1.0093638e+01   4.1523114e+00   8.6256843e-01   1.1544552e+00   1.8529218e+00   5.7194483e-01  -6.0052410e-01  -3.4197665e+00  -3.4143900e+00  -1.9926061e+00  -3.2211731e-01   2.3434382e-01   4.2724139e-01  -1.4781483e+00  -1.7621633e+00   2.0184737e+00   1.0947458e+00   1.3999774e+00  -1.4694668e+00  -6.6993919e-01  -3.6054244e-02  -3.6358636e-01   5.4862669e-01   3.3720790e-02
   1.3609776e+01   7.8134909e+00   2.2219765e+00  -2.1011476e-01  -1.6047534e+00   7.2669312e-01  -7.4317174e-01  -2.5510550e+00  -2.3798918e+00  -2.6644137e+00  -1.7441477e+00   5.6134735e-02   1.2411334e+00   1.0122765e+00  -8.9984958e-01  -2.0397743e+00  -2.7190584e+00   3.6951155e-01   4.8563985e-01   3.2269225e-01  -1.4486153e+00  -2.9302837e+00  -8.4206802e-01   8.0211754e-02
   1.2258251e+01   6.6406690e+00   5.8533232e-01   2.3197283e-01  -1.2126030e+00   1.5269790e+00   8.6352826e-01  -1.3889270e+00  -3.5012008e+00  -3.4656809e+00  -1.7624340e+00   1.3434624e-01   4.5812523e-01   1.9024471e+00   1.2908368e+00  -2.8015161e+00  -3.0637707e+00   2.5351327e+00   2.1026438e+00   9.0482199e-01  -1.6472469e+00  -2.8852978e+00  -5.9622901e-01   2.5265146e-01
   1.2032363e+01   7.1247370e+00   1.0908850e+00  -3.5487122e+00  -4.0947355e+00   9.2209004e-01   4.6630186e-01  -1.9640846e+00  -4.6975180e+00  -5.9419821e+00  -1.9157249e+00   1.6302254e-01  -1.5210097e+00   2.1843960e-01   1.6457796e+00  -2.3756990e+00   5.1138569e-01   2.6162218e+00   2.6572088e+00  -5.5754919e-01  -1.8649725e+00  -1.6975974e+00   8.8956018e-01   5.7859418e-01
   1.1569532e+01   7.3503591e+00   3.3643693e+00  -1.3785202e+00  -1.4977432e+00   4.2769454e+00   1.9487047e+00  -2.3560187e+00  -4.7264472e+00  -4.6817685e+00  -1.1306723e+00   5.5987711e-01  -1.0288904e+00  -4.8623284e-01   2.7038975e+00  -1.3030278e+00   2.1384369e+00   3.9642585e+00   2.5072936e+00  -1.0942334e-01  -3.0734761e-01   3.0153179e-02   8.8249994e-01   5.8959255e-01
   1.1672621e+01   7.7863053e+00   3.3011274e+00  -2.9684167e+00  -6.9510479e-01   3.2760426e+00   2.7000533e+00  -2.9038330e+00  -4.5647274e+00  -4.6027660e+00  -7.2568837e-01   7.1126056e-01  -1.4772821e+00  -1.6984684e+00   3.3353151e-01  -5.7087859e-01   3.4659327e+00   3.9602449e+00   1.1145933e+00   3.5044901e-01   1.3979937e+00   2.2420991e+00   1.0127823e+00   3.9521270e-01
   1.0894787e+01   5.5805356e+00   3.5360573e+00  -2.0127166e+00   2.9523707e-01   6.2963905e+00   3.5075929e+00  -1.0831879e+00  -4.0286176e+00  -4.0900592e+00  -1.0337024e+00   7.4461606e-01  -3.9981715e-01  -1.3299928e+00  -1.7593018e+00  -1.2437702e+00  -1.7445752e-01   2.8776365e+00   1.5062893e-02   1.7330743e-01   2.0864231e+00   1.9686992e+00  -2.3387039e-01  -3.4319959e-01
   1.0153813e+01   5.4619462e+00   1.5053383e+00  -4.0879319e+00   2.0767343e-01   5.8527348e+00   1.3587477e+00  -2.0748265e+00  -2.9494422e+00  -2.8746881e+00  -4.4503639e-01   6.6347211e-01   1.6827618e-01   5.1255662e-01  -1.3729651e+00  -1.0970659e+00  -4.2474863e+00   1.8956220e+00   1.3648368e+00   7.6423624e-01   1.9542307e+00   1.4406473e+00  -7.2336065e-01  -5.5388542e-01
   1.1729210e+01   6.5175494e+00   1.6233111e+00  -2.6844180e+00  -2.2108186e+00   7.3050540e+00   2.6419519e+00  -2.5105608e+00  -2.4044552e+00  -2.5927587e+00  -1.6218038e+00   6.8971952e-02   9.8435997e-01   2.7062193e+00  -1.3135548e+00  -3.0535289e+00  -6.3333364e+00  -2.8067360e+00   1.7521956e+00   1.3666714e-01  -1.4429479e+00  -9.0129024e-01  -6.4805379e-01  -5.1183747e-01
   1.1507824e+01   8.0866333e+00   2.1980528e+00  -4.2781649e+00  -5.8133064e+00   5.6151438e+00   5.1801289e+00  -1.0437921e+00  -2.4454625e+00  -3.1904452e+00  -1.5166786e+00   2.1825449e-01   1.4110108e+00   2.5786833e+00   3.5878876e-01   3.5191825e-02  -2.8411201e+00  -3.4164396e+00   9.0134584e-01   1.0745462e+00  -2.2611845e+00  -1.6399016e+00  -3.8849114e-01  -2.0093783e-01
   1.1694321e+01   8.3275211e+00   1.2193678e+00  -6.4978935e+00  -6.1942776e+00   2.2050820e+00   4.2251957e+00  -1.3937043e+00  -6.4450292e+00  -5.2841160e+00  -1.4699619e+00   1.9946866e-01   2.4081127e-01   1.6617793e+00   1.6405209e+00   1.6162848e+00   1.6737308e+00  -4.2227064e+00  -7.3993584e-01   4.0134749e-01  -2.4321486e+00  -1.1008808e+00   4.0072935e-01   3.8270222e-01
   1.2287774e+01   8.4249852e+00   2.2454931e+00  -2.1284064e+00  -2.0622773e+00   3.2780614e+00   1.9191445e+00  -1.0214355e+00  -4.3209319e+00  -3.9888618e+00  -1.1036940e+00   2.9681701e-01  -2.8521645e-01  -5.5982169e-01   2.4619093e+00   5.6293077e+00   4.1342651e+00  -1.2292697e+00  -1.7283141e+00  -7.5062577e-02  -6.9417481e-01   1.1430985e-01   2.9963830e-01   3.1289435e-01
   1.1700452e+01   8.8410424e+00   4.0603723e+00  -1.3348700e+00  -1.5757370e+00   2.1395356e+00   3.1625403e+00  -1.9197179e+00  -5.1149435e+00  -3.8448716e+00  -1.2272021e+00   6.0374403e-01  -1.0907750e+00  -1.8427777e+00   1.0575736e+00   6.5547606e+00   2.4504548e+00   7.4457319e-01  -1.6791529e+00  -9.8022571e-01   2.8322539e+00   2.2358250e+00   1.6612064e-01   1.6059417e-01
   1.1076933e+01   6.9901401e+00   4.4704146e+00   1.5842849e+00  -1.9211790e+00   3.8040125e+00   3.1189854e+00  -8.9337924e-01  -4.1517676e+00  -3.7386026e+00  -1.1886011e+00   4.8545834e-01  -1.2444845e+00  -2.9810043e+00  -1.6925796e+00   2.9756659e+00  -3.7135985e-01   1.1113968e+00  -5.6879664e-01  -8.7892278e-02   1.8879265e+00   1.1423993e+00  -2.1069562e-01  -2.7461821e-01
   1.0663579e+01   6.2807771e+00   1.6932675e+00   1.4779017e+00  -2.5891445e+00   3.0589663e+00   1.1065458e+00  -2.9280710e+00  -2.2812306e+00  -2.0555081e+00  -1.1783275e+00   3.4603925e-01  -3.7196461e-01  -1.0481193e+00  -3.7240510e+00  -1.4302813e+00  -5.1684489e-01   2.1591410e+00  -2.5238495e-01   1.1470937e+00   2.4647376e+00   1.0361824e+00  -4.9625401e-02  -5.9707468e-01
   1.0939484e+01   5.2336114e+00   8.9017612e-01   9.2870655e-01  -2.1126133e+00   4.4854413e+00   2.0939468e+00  -6.4909732e-01  -2.9058986e+00  -3.1699446e+00  -1.4441748e+00   1.3742088e-02  -3.9640756e-01   1.9442453e-01  -4.5693711e+00  -5.2879885e+00  -5.1441847e-02  -1.5897765e+00   1.4322011e-01   7.1135672e-01  -2.4845836e-01  -1.7994602e-01  -1.3766020e-01  -6.1709712e-01
   1.1211230e+01   8.1471278e+00   2.6441497e-01  -3.1525028e+00  -2.2552872e+00   5.0375328e+00   3.2964822e+00  -3.2121828e-01  -2.0407716e+00  -2.5749270e+00  -1.1738533e+00  -5.6009875e-02  -1.6988890e-01   1.7279977e+00  -1.1453895e+00  -3.6511198e+00   8.1685979e-01  -1.6777505e+00   2.1213626e+00   1.0358603e+00  -2.0344857e+00   1.1951320e-01   5.8908880e-01  -2.9131926e-01
   1.0208496e+01   6.3486015e+00  -1.6692158e+00  -4.0324956e+00  -2.1652704e+00   4.3006442e-01   2.2388474e+00  -1.1297705e+00  -4.6446847e+00  -3.7488122e+00  -1.3973285e+00  -2.3916278e-01  -4.9124712e-01   1.1223229e+00   1.4215896e+00  -3.7225103e-01   2.2489228e+00  -1.2155413e+00  -2.0076652e-02  -1.6637145e+00  -1.6126127e+00   1.4121174e+00   1.1768003e+00   1.2145844e-01
   1.0774239e+01   8.3152787e+00   1.2548792e+00  -1.5181769e+00  -1.3375263e+00   2.5700289e+00   4.2161395e+00  -1.1339440e+00  -4.4635661e+00  -1.5868045e+00  -3.1811742e-01   3.5512806e-02  -9.7096135e-01  -9.8426656e-02   3.5730602e+00   2.1944946e+00   1.0586229e+00   8.4091176e-01   5.2723323e-02  -2.0939647e-01  -1.4373331e-01   1.0427776e+00   9.5888402e-01   3.0661941e-01
   1.0421108e+01   6.8330204e+00   2.5273285e+00  -4.4683297e-01   8.0189038e-01   3.8958812e+00   1.6040032e+00  -2.7383062e+00  -4.1134205e+00  -1.5458298e+00  -1.0684235e-01   1.5016841e-01  -8.7247341e-01   9.2510974e-01   2.9730527e+00   9.6100137e-01   4.4584071e-01   4.3662136e+00  -5.7769506e-01   5.3513710e-01   3.1964765e+00   5.6106910e-01   4.3994616e-01   4.5114108e-01
   9.6484822e+00   7.7572784e+00   3.5257331e+00  -1.6535923e+00  -2.1509333e+00   4.5659920e+00   3.6929893e+00   1.6895486e-01  -2.5220037e+00  -2.1122518e+00  -3.8077036e-01   2.0925365e-01  -9.2366272e-01   3.5425383e-01  -7.7150346e-01  -1.6363965e+00  -1.0669812e+00   7.5131921e-01  -1.8715942e+00   1.2940514e+00   4.0202672e+00  -3.0373991e-01  -2.2612417e-01   1.7839152e-01
   9.4626647e+00   8.0152663e+00   1.6549363e+00  -2.5232859e+00  -1.0898058e+00   5.9814032e+00   1.6338799e+00  -9.7851428e-01  -8.2075110e-01  -2.6444849e+00  -7.0608275e-01   3.5067841e-01  -6.5484334e-01   6.8669562e-01  -2.7664767e+00  -2.2337665e+00  -1.7912340e+00   7.1683343e-02   4.3537042e-01   1.5916264e+00   3.1983286e+00   2.8471449e-01  -3.8523690e-01   2.7015448e-02
   9.8679668e+00   8.2555365e+00   5.3382006e-01  -2.9345451e+00  -1.9921500e+00   2.6542467e+00   1.3938098e+00  -7.2762767e-02  -7.9499995e-02  -1.4930868e+00  -3.5768348e-01   2.0284509e-01  -8.4504491e-01  -2.1263146e+00  -3.7027579e+00  -5.1070687e-01  -4.0803918e-01  -3.3192253e+00  -2.2258845e-01  -1.1193582e+00   1.6031507e+00   1.1244370e+00  -6.2942280e-02  -1.3581147e-01
   9.3291011e+00   7.6139348e+00  -1.2643012e-01  -3.1570063e+00  -1.9643523e+00   4.9592789e+00   3.4066485e+00  -2.3000777e-01  -5.3717937e-01  -1.4283406e+00  -6.9624115e-01   1.9389586e-01  -7.7884658e-01  -1.5421640e+00  -5.5512830e-01   6.1562709e-01   1.0937690e+00  -6.1789295e-01   6.6110379e-01  -9.7173814e-01   3.9780297e-01   1.2570367e+00  -6.9858203e-01  -1.0546764e-01
