   1.7132908e+01   4.9282529e+00   1.0418266e+01   2.3409850e+01   1.2538265e+01   4.2362158e+00   9.0433840e+00   4.1654140e+00  -5.9487914e-01   3.1432919e+00   1.9879169e+00   3.3794463e-01   5.1978906e+00   4.0425144e-01   7.9386739e-01  -1.1404213e+00   1.3666690e+00   3.7015919e+00   1.4569109e+00  -2.2567024e+00  -1.1527158e+00   5.8527309e-01   6.7425241e-02  -1.9981716e-01
   1.5838118e+01   6.2479389e+00   8.2430192e+00   1.7061719e+01   1.1334104e+01   6.4149606e+00   8.5456689e+00   3.3251767e+00  -3.5014426e-01   2.5441431e+00   2.3353060e+00   3.3204187e-01  -3.4157554e-01   2.0120336e+00  -4.6210487e-01  -8.3927528e+00   9.4433816e-01   5.7485602e+00  -1.2254003e+00  -2.9638562e+00   9.0550031e-01   8.1773941e-02   1.6452665e-02   4.1483262e-02
   1.3274273e+01   4.6789260e+00   5.4482362e+00   1.3445873e+01   9.8822139e+00   5.8914637e+00   4.9564937e+00   2.8564267e+00   1.2204740e+00   3.2508084e+00   2.3094087e+00   4.1675007e-01  -7.8317830e-01   1.9816039e+00  -2.4423933e+00  -5.9031628e+00   2.8369265e+00   5.9834176e+00  -7.6106710e-01  -8.8133200e-01   3.3223432e-01  -1.3722732e+00  -5.9687113e-02  -1.3731190e-02
   1.7130498e+01   7.5383085e+00   6.5613188e+00   1.5431346e+01   1.3079703e+01   8.6672044e+00   6.7262895e+00   2.5748240e+00   1.9865806e-01   2.2581321e+00   2.1687076e+00   2.7023706e-01  -8.0238808e-02   9.0134063e-01  -1.9133280e+00  -3.3455612e+00   3.6536921e+00   5.8895733e+00   6.5355382e-01  -1.1577962e+00  -1.0973306e+00  -1.3214973e+00   1.3913090e-01   1.8050454e-01
   1.5311951e+01   7.2554739e+00   7.5955265e+00   1.5370293e+01   1.5920855e+01   1.2085220e+01   8.8114730e+00   3.2185924e+00  -3.7092882e-01   1.2278876e+00   1.9816855e+00   3.4825025e-01   3.0196125e+00  -2.1199295e+00  -5.0546887e+00  -1.3755965e+00   3.5647269e+00   5.6508379e+00   2.7479477e+00  -2.4435581e+00  -3.0848723e+00  -1.2852038e-01   1.1060822e+00   2.9393118e-01
   1.4698921e+01   6.3116759e+00   4.2993820e+00   1.1081168e+01   1.3795322e+01   1.2152442e+01   7.5985100e+00   1.4073995e+00  -1.2004387e+00   1.5733575e+00   2.7078640e+00   6.3704860e-01   2.1037081e+00  -4.3118359e+00  -7.2208433e+00  -2.3307221e+00  -5.1881276e-02   8.2941868e-01  -4.2670916e-01  -3.2635918e+00  -2.3249734e+00   1.8124296e+00   1.6386911e+00   3.9083946e-01
   1.9019480e+01   2.1123481e+00  -1.0028285e+00   1.3557567e+01   1.4871495e+01   1.2625102e+01   8.6423050e+00  -2.2519816e-01  -2.7072861e+00   3.4004152e+00   3.6989537e+00   6.7424107e-01   7.9569434e+00  -6.6128792e-01  -8.4929096e+00   6.2304577e-01  -3.5994789e+00  -6.5822480e+00  -1.0990080e+00  -3.2264708e+00  -1.6166134e+00   2.3737073e+00   1.6745926e+00   3.2191633e-01
   1.8432295e+01   3.6421175e+00   2.9231302e-02   1.2841625e+01   1.3526561e+01   9.6413917e+00   6.1708098e+00  -5.9866839e-01  -2.1206234e+00   3.8905127e+00   3.7681102e+00   6.9350083e-01   6.4880617e+00   3.1652950e+00  -2.8340449e+00  -1.0690119e+00  -4.2059796e+00  -6.3901657e+00  -2.0802835e+00  -7.3829546e-01  -1.7292937e-01   3.6765690e-01   9.8271349e-01   5.8082723e-01
   2.5380679e+01   7.5983212e+00  -3.0087626e+00   1.5424633e+01   1.0656017e+01   3.4673735e+00   7.8768111e+00  -6.1807980e-01  -2.3357565e+00   3.6298710e+00   3.9634513e+00   8.0289863e-01  -1.0152036e+00   2.7910636e+00  -1.1216430e-01  -7.1240261e+00  -4.3805135e+00  -2.8301551e+00  -3.1338182e+00  -3.5922158e-01   7.4192367e-01  -8.8146126e-01   4.0830918e-01   5.7329333e-01
   2.1250415e+01   8.3166318e+00   1.0512817e+00   8.5441170e+00   9.5940913e+00   7.1460576e+00   4.8608317e+00   4.9639716e-01  -1.6455975e+00   2.0101150e+00   4.0496854e+00   1.4439607e+00  -1.7310814e+00  -2.6862758e+00  -3.3805331e+00  -7.7061187e+00  -5.3064887e-01   3.5657572e+00  -5.6551376e-01  -7.7061005e-01  -5.3401434e-02  -3.9075218e-01   4.4228479e-01   2.4778303e-01
   1.6087615e+01   3.9616864e+00  -1.6821002e+00   5.0202821e+00   1.0266960e+01   9.6275360e+00   4.5965667e+00  -1.3115633e+00  -1.8319135e+00   3.0184221e+00   4.1706299e+00   1.1589511e+00  -8.4354240e-01  -6.5790170e+00  -5.3749405e+00  -5.7652446e+00   1.8408094e+00   6.8271206e+00   8.8520166e-01  -1.1047889e+00   8.0351051e-02   1.0019433e+00   1.2890858e-01  -2.0133262e-01
   2.0482205e+01   1.4310213e+00  -5.7048996e+00   6.4846225e+00   1.2925117e+01   1.1909946e+01   6.9626613e+00  -1.4078417e+00  -2.4526471e+00   3.6101089e+00   4.3279480e+00   8.8714912e-01   6.9192095e+00  -4.6617063e+00  -7.6381763e+00   1.4592427e+00   1.1996764e+00   2.3250370e+00   4.6605570e+00  -1.6521805e+00  -5.9635089e-01   2.0492099e+00   7.3494007e-02  -5.9682068e-01
   2.4499470e+01   1.1726009e+00  -7.6930826e+00   7.8065132e+00   1.1751718e+01   1.1326110e+01   8.1536988e+00  -1.3231437e+00  -1.8117052e+00   4.3327889e+00   4.0176828e+00   7.7930547e-01   7.2799064e+00   1.3497044e+00  -1.9352477e+00   1.2062740e+00  -1.2855145e+00  -3.2583411e-01   2.5665360e+00  -7.9149666e-01  -7.2926745e-01   9.6355897e-01   1.9902284e-01  -2.2797435e-01
   2.7423302e+01   2.7186150e+00  -7.4004915e+00   9.3398655e+00   1.0651227e+01   9.7843260e+00   1.0073101e+01  -1.9760834e+00  -2.5502280e+00   4.4267464e+00   4.2364000e+00   7.3855248e-01  -2.4982609e+00   3.6504553e+00   3.0678337e+00  -4.5531514e+00  -4.6307338e+00  -2.2080544e+00  -1.3532934e+00   8.9908318e-01   1.1269157e+00  -7.8750584e-01  -7.6075643e-01   1.3093540e-01
   2.3536927e+01   5.3424461e+00  -3.7371757e+00   5.4020716e+00   9.4756331e+00   1.0201595e+01   6.8911508e+00  -2.2146875e+00  -2.8770242e+00   4.0554418e+00   4.5149382e+00   8.9128795e-01  -4.5063243e+00  -1.1034504e-01   6.8729008e-01  -5.4083192e+00  -5.2096801e+00  -2.9905992e+00  -1.6791361e+00   3.3229373e+00   1.5500005e+00  -1.6436672e+00  -1.3637394e+00   1.4287359e-01
   1.7216085e+01   4.8217817e+00  -3.0811025e+00   8.5711622e-01   7.1170586e+00   9.1601222e+00   5.5639952e+00   3.8655495e-01  -2.2961398e-01   2.5675236e+00   2.9381857e+00   1.0275610e+00  -4.5530377e+00  -2.1525910e+00  -5.3860712e-01  -4.2154141e+00  -3.2135705e+00  -2.9929940e+00  -2.9285714e+00   3.7222393e+00   2.8551576e+00  -1.3923618e+00  -1.8252628e+00  -4.2521509e-02
   2.2843592e+01  -4.4499958e-02  -8.8218420e+00   3.9354090e+00   5.7042823e+00   7.1523131e+00   7.8895476e+00   2.4799430e+00  -6.4701153e-01   2.7968996e+00   2.6211808e+00   8.4911161e-01   3.6583154e+00  -3.5877584e+00  -3.4737262e+00   2.6070134e+00  -7.7478578e-01  -1.9384051e+00   1.5886786e+00   1.7956871e+00   1.2206498e+00  -7.8067621e-01  -1.0686566e+00  -3.7983750e-01
   2.0940413e+01   2.1832015e+00  -5.6660690e+00   3.7500756e+00   7.7165462e+00   6.8194758e+00   5.1810457e+00   1.2599603e+00   6.1750203e-01   2.9674748e+00   2.4453845e+00   6.9585839e-01   3.8284103e+00   8.7935478e-01   2.6231716e-01   3.4245448e+00   3.1512632e+00   1.3440483e+00   4.3897568e-01  -8.8961687e-01  -5.7895612e-01  -4.5276552e-01  -7.6912865e-02  -1.7260255e-01
   2.7162236e+01   1.2800985e+00  -7.6552817e+00   7.8661120e+00   8.0137106e+00   8.4643105e+00   9.4656435e+00   4.2140545e-02  -1.4696076e+00   2.6844520e+00   3.1583539e+00   4.8738299e-01  -3.3429949e+00   3.9165348e+00   4.7076018e+00  -2.3539096e-01   2.7926977e+00   1.9005178e+00  -1.8159468e+00  -1.1448882e+00   1.0162944e-01  -9.3971881e-01  -2.3369059e-01   1.4284133e-01
   2.0799378e+01   5.4785146e+00  -3.2709069e+00   4.0285819e+00   1.0689239e+01   1.0520196e+01   5.4344108e+00   2.7103087e-01  -6.8675012e-01   1.9445992e+00   2.5542299e+00   9.4952146e-01  -1.4800683e+00  -4.1278010e-01  -3.6484492e-01  -1.0595939e+00   1.0794792e-01   3.9140175e-01   6.1794676e-01   2.3805583e+00  -1.9611819e-01  -1.0664488e+00  -6.6518871e-01   1.3873365e-01
   1.7899617e+01   4.1826457e+00  -2.9580204e+00   3.4430694e+00   8.4069823e+00   8.1527297e+00   5.0389448e+00   1.2570754e+00   1.5755871e-01   1.8987592e+00   2.2162222e+00   9.3654207e-01  -4.3243857e+00  -4.5498739e-01  -1.4119576e+00  -5.0114180e+00   7.7154123e-02   4.5134054e-01  -1.4606271e+00   3.0569240e+00   2.3003922e+00  -4.0876186e-01  -1.3426398e+00  -2.5885598e-02
   2.3351620e+01   1.1275778e-01  -8.5619671e+00   4.3722060e+00   7.6818322e+00   7.5623688e+00   8.3213152e+00   4.2233304e+00  -4.9025841e-01   1.7606480e+00   1.9186672e+00   6.7937933e-01   5.3812528e+00  -3.0198202e+00  -8.5602217e+00  -2.0233125e+00   1.4433611e+00   2.6084143e+00   2.6604878e+00   2.3606874e+00   7.6209474e-01   6.5437501e-01  -3.9478274e-01  -4.1888531e-01
   1.9399537e+01   3.2804959e+00  -7.1276881e+00   1.7717296e-01   9.6331453e+00   1.0620235e+01   5.8312505e+00   2.6513768e+00   1.8827348e+00   2.1632848e+00   1.4621755e+00   5.8362566e-01   7.2146248e+00  -2.4917488e-01  -6.9656032e+00  -1.7421753e+00   3.0820413e+00   5.0299888e+00   3.3496455e+00   1.7638774e-02  -5.1762194e-01   1.0083038e+00   4.8569856e-01  -2.8066640e-01
   2.8121298e+01   1.3998593e+00  -1.4026406e+01   2.6265614e+00   1.2241199e+01   1.3199065e+01   9.0289896e+00   3.1149112e+00  -4.0619608e-01   2.7938989e+00   2.3390791e+00   4.9765170e-01   1.8042343e-01   2.5821769e+00  -5.0864361e-01  -2.4468945e+00   2.6804362e+00   4.4191519e+00  -1.3392047e-01  -3.0438778e+00  -5.1496956e-01   8.4345632e-01   9.4892409e-01   1.2009317e-01
   2.6336715e+01   3.1653327e+00  -1.0674206e+01   1.7026288e+00   1.0750361e+01   1.2879365e+01   9.7095758e+00   1.8377432e+00  -6.6090536e-01   2.8945895e+00   2.7345641e+00   6.0640627e-01  -1.3053022e+00   7.1868095e-01   1.7574216e+00  -5.6760806e-01  -2.0477743e+00  -1.7765019e+00  -1.3691610e+00  -2.2755528e+00  -1.9421861e+00  -9.5488166e-01   3.8046600e-01   1.2347858e-01
   2.0153666e+01   4.0436048e+00  -7.5516735e+00  -6.0863666e-02   1.1143879e+01   1.3061532e+01   6.1812719e+00   6.4330591e-02   9.1073584e-03   2.6601801e+00   2.7058591e+00   8.4812878e-01  -4.1239521e+00   4.5500176e-01   4.9985700e+00   1.0889309e-01  -6.6378701e+00  -7.6171543e+00  -2.4395468e+00   1.6591477e-01   5.1782059e-01  -1.5884155e+00  -7.9614311e-01  -1.2971882e-01
   2.1425399e+01   3.0366445e+00  -7.7289217e+00   6.6947342e-01   7.1101442e+00   8.0242486e+00   5.2013679e+00   7.6333792e-01  -1.2381961e+00   7.9782166e-01   1.8494845e+00   5.9360499e-01  -1.3838718e+00   5.0401492e-01   4.4628576e+00   3.2609499e+00  -3.9970341e+00  -7.1556174e+00  -1.6774867e+00   2.4557570e+00   1.4970086e+00  -5.9724626e-01  -4.0710597e-01  -1.8870172e-01
   2.4391027e+01   2.1467060e+00  -8.0011929e+00   3.3064787e+00   4.1045025e+00   4.2008915e+00   7.6237733e+00   3.9009860e+00   6.5918015e-01   1.4596595e+00   1.5874043e+00   3.0947411e-01   2.7426601e+00   7.9698350e-01   2.6774283e+00   6.0492366e+00  -2.8709543e-01  -3.4335594e+00   2.8121096e+00   5.3873101e+00   2.7168622e+00   9.1047309e-01   6.4682884e-01  -4.7748915e-02
   2.2142227e+01   4.8698045e+00  -3.7551599e+00   4.9103825e+00   8.2744977e+00   6.5762588e+00   6.4720950e+00   3.6030510e+00   1.2595712e+00   2.5989804e+00   2.6831326e+00   5.9268103e-01   3.4599045e+00   2.0236571e+00   2.1592324e-01   7.7737076e+00   3.2300413e+00  -8.4684442e-01   4.9145208e+00   4.1621931e+00   2.5416510e+00   2.2564683e+00   9.5501448e-01  -3.5159988e-02
   2.3909243e+01   4.3225001e+00  -5.5224121e+00   6.8925367e+00   1.0131059e+01   8.6351874e+00   9.7640727e+00   6.7254392e+00   2.8355170e+00   3.1253104e+00   3.2592783e+00   7.7696739e-01  -1.9040682e-01  -2.5360854e-01  -1.9587194e+00   1.2538263e+00   4.2904993e+00   3.5276390e+00   2.7628925e+00   1.5612599e+00   3.0947963e-01   8.5174410e-02  -1.0366694e-02  -2.1096139e-02
   2.6856148e+01   4.9842331e+00  -8.6444273e+00   1.0537006e+01   8.9419279e+00   4.5368340e+00   1.1502999e+01   5.5944009e+00   1.4861120e+00   3.3496986e+00   2.4460692e+00   3.0711837e-01  -2.5409908e+00  -2.3630624e+00  -2.7560803e+00  -3.3444175e+00   1.3046018e+00   3.5879097e+00   1.2133183e+00   2.9906069e-01  -2.8051559e-01  -1.3075210e+00  -1.4889619e+00  -2.7919542e-01
   2.1748456e+01   1.7090788e+00  -8.4946383e+00   2.3739066e+00   1.0206536e+01   1.0512062e+01   9.2526598e+00   5.2472009e+00   1.0101292e+00   1.2120620e+00   1.6903859e+00   4.2061124e-01  -4.2843012e+00  -1.4499733e+00  -1.2600497e+00  -7.6502250e+00   6.1232158e-01   4.3244828e+00  -2.6622284e+00  -2.4098690e+00  -3.9204690e-01  -1.4725237e+00  -1.9142748e+00  -2.4236274e-01
   1.9411134e+01   2.6319214e+00  -6.4031672e+00   2.1530713e+00   1.0193662e+01   1.1019686e+01   8.5477789e+00   4.7907612e+00   1.7514917e+00   1.5943230e+00   1.2341359e+00   3.5206599e-01  -2.5737650e+00  -1.5439860e-01  -1.3434860e-01  -8.3124322e+00   3.7386546e-01   5.2888247e+00  -2.3244279e+00  -9.2904687e-01   7.7145120e-01  -8.7303225e-01  -9.5327354e-01   1.0915950e-01
   2.1205298e+01   3.3236960e+00  -8.5331166e+00  -3.9083359e-01   1.0423674e+01   1.1880486e+01   7.2483404e+00   3.5124556e+00   2.1147569e+00   1.7942126e+00   9.9383274e-01   3.9094947e-01   5.6721224e+00   5.3669518e-01  -2.1869162e+00   8.9820465e-01  -1.3884999e+00  -8.3116379e-01  -7.0322769e-01  -2.8185780e-01   6.6628835e-02   1.1052718e+00  -1.0919970e-01   1.1426147e-01
   2.3267080e+01   3.9453266e+00  -8.8267110e+00  -5.4927245e-01   9.3941571e+00   1.1785859e+01   9.0185173e+00   5.0682033e+00   2.0909750e+00   1.7490749e+00   1.3644355e+00   4.8568850e-01   6.3255751e+00  -2.5586267e+00  -2.4260072e+00   5.3542352e+00  -1.4880791e+00  -5.1860469e+00  -2.1417725e+00  -9.4592836e-01  -1.3773999e+00   1.4470807e+00   1.0164258e+00   2.2840991e-01
   2.8328667e+01   1.8574190e+00  -1.0563241e+01   5.0723854e+00   8.5235388e+00   8.8822299e+00   7.9624491e+00   4.6856931e+00   9.4033077e-01   2.7925937e+00   1.4614365e+00   5.2519219e-01   4.3543359e+00  -6.4001546e+00  -2.7008585e+00   8.8747500e+00  -1.8449995e+00  -1.0189678e+01  -2.6584911e+00  -6.6918068e-01  -1.5530688e+00   8.5880279e-01   1.6754564e+00   4.5094504e-01
   2.5337812e+01  -4.7288004e-01  -9.0271160e+00   7.4528146e+00   8.9116108e+00   4.7397434e+00   4.9780658e+00   2.7852499e+00   2.7260497e-01   3.2657535e+00   2.5249727e+00   6.2755950e-01  -1.6007946e-01  -3.3501013e+00  -9.5111801e-01   3.1774564e+00   2.6058068e-01  -6.0457335e+00  -4.4417641e+00  -1.7440632e+00  -2.5746981e-01  -8.5143300e-02   6.8004047e-01   1.4074182e-01
   2.6701436e+01  -4.0674325e+00  -1.2484202e+01   8.9202479e+00   7.8974482e+00   1.1902722e-01   5.2808294e+00   3.6501612e+00   6.9433866e-01   2.3240775e+00   2.9267488e+00   9.9643153e-01   2.0483581e+00  -1.0060988e+00  -2.5805243e+00  -1.9208554e-01   1.4314619e+00  -2.2192929e+00  -5.5182989e-01  -2.6277012e-01   4.2141867e-01  -1.4241902e+00   7.8794199e-01   1.5088689e-02
   2.3840576e+01   1.8826004e+00  -9.2929074e+00   2.2929809e+00   1.0098073e+01   7.0988604e+00   3.6966810e+00   2.9698744e+00   1.8277663e+00   1.8556181e+00   1.6518401e+00   4.6118155e-01   3.6852172e+00   1.9116676e+00  -2.6687095e+00  -3.4578505e+00   2.2718511e-01   1.7770881e+00   2.7969305e+00   2.8885439e+00   1.3781695e+00  -1.5853850e+00  -4.0472321e-02   7.8358386e-02
   3.2149822e+01  -8.2946943e-01  -1.4301131e+01   7.3641739e+00   1.0077500e+01   4.3737321e+00   7.7753967e+00   4.1992257e+00   7.9487809e-01   1.3613761e+00   3.0799158e+00   6.3101420e-01  -1.7398839e+00   7.5090847e-01   4.8129840e-01  -2.7738376e+00  -1.7543690e+00  -4.3772793e-01   7.8080832e-01   3.0880955e+00   6.6813471e-01  -1.3674720e+00  -3.0856480e-01   2.5419688e-02
   2.8141445e+01   7.7563978e-01  -1.2121716e+01   3.0440758e+00   8.1623624e+00   5.2780232e+00   7.9261779e+00   6.8435336e+00   2.2895895e+00   1.3690268e+00   2.3876807e+00   9.2780575e-01  -1.4392153e+00  -6.3727986e+00   1.4674216e+00   5.9397094e+00  -6.4957969e+00  -9.9548314e+00  -2.6456390e-01   4.4851565e+00   1.2585438e-01  -7.3499983e-01  -3.9135881e-01   7.8871261e-02
   2.1941176e+01  -2.3875895e+00  -1.0347850e+01   4.3839440e+00   6.2337503e+00   3.7285397e-01   4.3372935e+00   6.3454749e+00   1.4656291e+00   5.1616514e-01   2.0959813e+00   8.0124897e-01  -3.5377104e+00  -5.9431896e+00   3.7102421e+00   3.5740526e+00  -4.5898137e+00  -6.6991913e+00  -2.6068792e+00   2.9676150e+00   9.0242729e-01  -6.2521357e-01  -1.8140312e+00  -3.0942734e-01
   2.6786076e+01  -6.8975375e+00  -9.0684156e+00   1.2692660e+01   2.2762530e+00  -5.8329476e+00   5.0188868e+00   8.6244845e+00   1.6811724e+00   1.1757238e+00   1.5567691e+00   4.9437106e-01   6.4847611e+00  -5.6799337e+00  -4.0684030e+00   4.7171201e+00   5.4160218e-01  -2.8018471e+00  -5.3784022e-01   7.0115008e-01   5.9423913e-01   5.6478685e-01  -1.3544682e+00  -6.0877796e-01
   2.7520941e+01  -5.9076652e+00  -1.0262418e+01   7.9009607e+00   6.1358345e+00  -1.1956953e-01   5.3187235e+00   7.7601727e+00   2.4527276e+00   5.2020726e-01   7.7432484e-01   3.8359052e-01   9.3993448e+00  -2.3558690e+00  -8.5914213e+00   2.0929019e+00   5.1696775e+00   3.8852810e+00   3.2413839e+00   3.7596973e-01   2.8756452e+00   2.5622394e+00  -4.0537227e-01  -4.7871413e-01
   3.5078704e+01  -5.9842229e+00  -1.8267036e+01   8.3612475e+00   9.0237235e+00   1.3214643e+00   6.6287026e+00   7.1879098e+00   2.6873990e+00   2.2141860e+00   1.0168067e+00   2.2346803e-01  -4.1834420e+00   1.8014257e+00  -4.7584567e+00  -7.3160156e+00   4.5315762e+00   7.7511046e+00   1.2977824e+00  -1.2948208e+00   2.6818861e+00   1.7047216e+00  -8.1718738e-02  -2.5619677e-01
   3.1893879e+01  -6.3780502e+00  -1.8635672e+01   9.6890030e+00   1.0614531e+01   2.6235695e+00   8.3944614e+00   7.6277168e+00   5.2759836e+00   3.8402931e+00   1.7579041e+00   2.1862929e-01  -5.4888216e+00  -4.3866169e+00  -1.0007358e+00  -7.9004231e-01  -2.6254603e+00   6.5960963e-01   1.6879601e+00  -9.8053153e-02   1.3861996e+00   1.3434041e+00  -3.6499905e-01  -3.2156120e-01
   1.8324444e+01  -3.9602065e+00  -1.2019474e+01   8.2461550e-01   6.8342689e+00   4.4221398e+00   5.4276914e+00   6.7484813e+00   4.2923736e+00   2.0727633e+00   9.4240139e-01   1.9255652e-01  -1.0159905e+01  -3.7833410e+00   4.5183943e+00  -1.0669390e-01  -2.6736349e+00  -1.7496093e+00   4.6136682e-02   3.5330446e+00   2.1942673e+00  -9.1835747e-01  -9.1928335e-01  -6.1200511e-02
   2.7664838e+01  -1.3499599e+01  -1.4887303e+01   1.0484213e+01   3.2923713e+00  -6.8049283e-01   8.4511691e+00   7.8328072e+00   3.7295397e+00   2.6060248e+00   2.6402889e-01  -8.3295525e-02  -2.2515424e-01  -1.1639490e+00   3.2790065e+00   5.0278678e-01  -1.8303416e+00  -1.8823705e+00  -8.9662389e-01   1.1363027e+00  -1.3300327e-02  -8.1886321e-01  -8.2545857e-01  -7.0822463e-02
   2.1953366e+01  -8.0984602e+00  -1.3363629e+01   7.8036016e+00   8.6743512e+00   3.4908161e-01   6.6695537e+00   1.2384932e+01   6.7520220e+00   1.4537840e+00   3.8481925e-01   2.8262967e-01   1.1326930e+01  -1.9725709e-01  -1.5100358e+00   3.6847157e+00   9.4164229e-01   1.9454608e+00   2.8331941e+00  -2.6507834e+00   8.0984431e-01   4.0082619e+00  -5.5188516e-02  -4.4089728e-01
   2.9741686e+01  -6.0548469e+00  -1.3045085e+01   6.9536901e+00   6.9489777e+00   1.8365428e+00   6.4285945e+00   6.5139457e+00   4.0262089e+00   2.9214879e+00   7.9850734e-01   6.7359024e-02   2.3474122e+00   4.8058117e+00   2.2302747e+00  -3.3439778e+00   1.7898009e+00   5.6322126e+00   6.4387320e-01  -4.2254126e+00  -8.8433251e-02   3.4341518e+00   1.2405442e+00  -2.3858787e-01
   3.4276415e+01  -7.9784680e+00  -1.5205637e+01   8.1169505e+00   6.4184292e+00   6.0818132e+00   1.0688770e+01   3.4317369e+00   5.3588054e+00   7.9274245e+00   5.9237939e-01  -5.4411668e-01   2.1527677e+00  -5.6054764e+00   3.6365779e+00   2.6334485e+00  -6.5135626e+00   2.5077598e+00   6.2941364e+00  -4.8824122e+00  -4.6874618e+00   7.5114258e-01   5.8195263e-01  -3.2406079e-02
   2.5024432e+01  -6.3508773e+00  -1.0620887e+01   5.3115721e+00   7.1050336e+00   4.9014603e+00   7.4073708e+00   5.9712857e+00   4.2934981e+00   4.5204322e+00   2.0210652e+00  -2.7804155e-02  -7.8952749e+00  -6.5153281e+00   5.2776989e+00   4.6051725e+00  -5.0700476e+00  -2.4463313e-01   7.3050865e+00   2.5594480e+00  -4.4943146e+00  -3.8385569e+00   2.7601517e-01   6.3469685e-01
   2.7541145e+01  -1.6358660e+01  -9.1208609e+00   1.2574833e+01  -1.1740207e+00   2.5782626e+00   1.5621370e+01   5.3326432e+00  -4.1281529e-01   1.7810257e+00   6.4646929e-01   2.8160214e-01  -7.2126204e+00  -1.4610860e+00   6.0216212e+00   2.4106797e+00  -4.9752823e+00  -3.1580442e+00   2.9848107e+00   2.5924661e+00  -4.1959694e+00  -5.2593779e+00  -2.3659459e-01   6.4429423e-01
   2.1266409e+01  -1.1637743e+01  -8.1709241e+00   1.1632507e+01   3.1401313e+00   3.2213685e+00   1.4919924e+01   9.4026646e+00   1.7054739e-01   2.3685196e-01   1.1854852e+00   6.0654489e-01   4.0344109e+00   8.5035937e-01   1.3188857e+00   1.3377716e+00  -4.6083624e+00   5.4764934e-01   3.1301299e+00  -1.6805618e+00   7.1515363e-01   1.6054799e+00  -1.4281764e+00  -4.4617387e-01
   2.5336496e+01  -7.5266640e+00  -7.3981865e+00   8.5725024e+00   9.3795684e-01   2.1847929e+00   1.1409709e+01   5.6047466e+00   1.1263267e+00   2.1801478e+00   6.5527751e-01   1.0515014e-01   3.8658390e+00   6.4837855e+00  -9.7367784e-01  -4.2185851e+00   1.4882298e+00   3.7549643e+00  -1.0029250e+00  -7.7111444e-01   5.8187641e+00   5.1317334e+00  -4.8888198e-01  -1.0840560e+00
   3.2178373e+01  -9.4913360e+00  -9.5038959e+00   9.3193950e+00  -8.6349876e-01   5.9196691e+00   1.4208396e+01   3.3143913e+00   4.5966575e+00   6.7290911e+00  -1.2560358e-01  -6.0883896e-01   2.2481909e+00  -1.9514883e+00  -2.4330308e+00  -2.2398788e+00  -2.0486474e+00   1.0452145e+00   4.4385732e-01  -1.0202706e+00   3.3572632e+00   3.5488902e+00  -4.3161517e-01  -7.6113178e-01
   2.7883921e+01  -7.7061849e+00  -9.9148918e+00   7.4035120e+00   3.0601390e+00   6.8615587e+00   1.4472747e+01   7.2201082e+00   6.1022758e+00   6.2325063e+00   5.6869068e-01  -7.3678993e-01  -5.6723121e-01  -1.1120338e+01  -4.0734286e+00   2.6752876e+00  -3.5163692e+00  -1.5224537e+00   3.4653981e+00   2.7541765e+00   1.2155993e+00   1.6787970e-01  -4.8694334e-01   7.8869521e-02
   2.3364983e+01  -1.4475215e+01  -1.0562118e+01   8.8571844e+00  -9.9393095e-01   2.4508073e+00   1.4054191e+01   7.0645779e+00   2.7184676e+00   3.5340081e+00   5.8135581e-01  -1.1418274e-01  -4.3251562e+00  -6.9405525e+00  -2.0854944e+00   2.2996762e+00  -1.0976124e+00  -5.9961121e+00  -7.3554429e-01   4.9798163e+00  -1.2794579e+00  -4.1927420e+00  -1.9887491e-01   8.0972269e-01
   2.8892344e+01  -2.1715232e+01  -1.2979218e+01   1.2816539e+01  -4.2713809e+00   1.6355432e+00   1.6684909e+01   7.8609181e+00   3.8888206e+00   4.0295089e+00  -4.2861719e-01  -2.3873686e-02   1.6086273e+00  -9.9946376e-01   8.3436462e-01   1.5362774e+00   6.4893702e-01  -2.7742692e+00  -2.5962100e+00   6.5228746e-01  -1.4261814e+00  -2.6292011e+00  -3.7352215e-01   5.3325689e-01
   2.5186427e+01  -1.2897641e+01  -1.1099974e+01   1.0062396e+01   1.1558426e+00  -4.6149124e-01   1.1998998e+01   1.0463711e+01   3.7841983e+00   1.5414767e+00   7.4737999e-02   2.4928695e-01   4.4060908e+00   6.2654820e+00   1.8129493e+00  -3.3586464e-01   6.0676262e+00   3.6640144e+00  -1.3639107e+00   9.4726368e-01   2.2558973e+00   1.0440296e+00   1.7460981e-01  -1.5882976e-01
   2.9386140e+01  -9.9941676e+00  -8.3944166e+00   9.1053224e+00   2.9586578e+00   4.1563041e+00   1.1606028e+01   6.4989729e+00   3.4301384e+00   3.2849703e+00   2.6171636e-01  -1.1863944e-01  -5.1203131e+00   1.1575731e+01   3.4402420e+00  -4.7896799e+00   6.5425358e+00   2.7236097e+00  -4.9267524e+00  -9.9335576e-01   5.7270008e-01   6.7154521e-01   1.1627301e+00  -2.5419467e-01
   2.9727221e+01  -1.0937524e+01  -1.0135095e+01   1.0208996e+01   4.4924890e+00   6.6864485e+00   1.4547766e+01   9.1664460e+00   6.3316547e+00   5.4723217e+00   4.9810375e-01  -3.0504450e-01   2.2237253e+00  -3.8257985e+00  -6.1421558e-01   2.0133590e+00  -4.7025289e+00  -6.3419364e-01   6.5488977e-01  -5.5728112e+00  -3.4808595e-01   2.0405205e+00   2.4850942e-01  -3.3238036e-01
   1.8941478e+01  -5.3316938e+00  -8.3012952e+00   5.5587193e+00   3.8740996e+00   2.1469880e+00   8.0203967e+00   7.0195168e+00   3.4741426e+00   3.0714042e+00   1.1037950e+00  -1.2799996e-01  -2.1752315e+00  -6.4732240e+00  -1.8500891e+00   2.5265968e+00  -6.4888040e+00  -4.0844929e+00   1.8228216e+00  -1.2166928e+00  -1.0832221e-02   6.3643839e-01  -1.8778919e-01   8.2239871e-02
   3.3744346e+01  -2.0967576e+01  -1.2067858e+01   1.4855736e+01  -6.3556716e+00  -4.0812363e-01   1.4774149e+01   1.8442220e+00   3.2400673e+00   4.7090406e+00   2.6462794e-02  -2.4460333e-01   2.3764911e+00  -3.5350964e+00   1.7064569e+00   2.4765820e+00  -5.4968469e+00  -2.9149899e+00   5.0875427e-01  -1.4549265e+00  -1.2779191e+00  -1.7438740e-01  -5.1972449e-01   1.3572442e-01
   2.4114730e+01  -1.4688978e+01  -1.0203169e+01   1.0571848e+01  -1.3504679e+00   1.5768508e+00   1.4227069e+01   8.3350458e+00   4.9596838e+00   4.6212685e+00   2.1585305e-01  -2.5500217e-02   4.1703074e+00   8.3619106e-01   2.5292162e+00   9.4663408e-01  -1.8669768e-01   3.7952348e+00   4.1297029e+00   2.2579240e+00   1.5580922e+00   2.0568587e+00  -8.3638699e-04  -2.2009610e-01
   3.0705332e+01  -1.1561527e+01  -6.6244727e+00   1.1417305e+01  -1.1404976e+00   2.5990322e+00   1.2207561e+01   6.3262918e+00   3.6720054e+00   4.4358085e+00   1.6248801e-01  -1.5270773e-01  -9.3570885e+00   1.3186654e+01   5.2378832e+00  -7.4412926e+00   6.6555880e+00   4.9137708e+00  -2.1267295e+00   4.3115382e+00   1.6066313e+00   5.7194445e-01   1.0308251e+00  -2.7877341e-01
   2.6716446e+01  -8.7804318e+00  -7.2291637e+00   8.6978859e+00   9.8646605e-01   6.3362622e+00   1.5498245e+01   8.1653679e+00   5.5953119e+00   6.2933083e+00   1.0345279e+00  -5.0409191e-01  -4.4985039e+00   3.3128236e+00  -5.7594411e-02  -3.4197893e+00   2.3985012e+00   1.6151736e-01  -3.2463075e+00  -9.8301560e-01  -2.5188730e-01  -1.2169976e-01   4.3151848e-01  -2.8888730e-01
   1.8407855e+01  -4.1418684e+00  -5.6980359e+00   4.6307776e+00   2.4592434e+00   4.5828268e+00   1.0948467e+01   8.3963683e+00   5.3322002e+00   4.7309373e+00   1.1633630e+00  -4.2346760e-01  -9.0591692e-01  -5.9026340e+00  -5.1491645e+00   2.1411138e+00  -8.7418811e-01  -3.8156138e+00  -1.4932781e+00  -1.1896261e+00   5.9940985e-01  -3.1576163e-01  -2.8008326e-01   1.6888995e-01
   2.3515712e+01  -1.3429572e+01  -1.0752779e+01   8.8354272e+00   4.4741343e-01   8.2722958e-01   9.9871548e+00   5.8254841e+00   3.7517554e+00   4.2911544e+00   3.6269326e-01  -3.2345124e-01   2.2653949e+00  -2.6979516e+00  -2.8881714e+00   3.1471807e+00   9.0626498e-01  -3.1716448e+00  -2.5475061e+00  -1.6703292e+00  -1.4550938e+00  -2.1411443e+00  -1.0132664e+00   3.0722537e-01
   3.0946823e+01  -1.8090908e+01  -1.2586412e+01   1.4560205e+01  -2.1822534e+00  -3.6987213e-01   1.2723189e+01   5.7117946e+00   5.4928984e+00   4.9632430e+00   7.8280416e-02   1.0306858e-02   1.0358894e+01  -3.3161703e+00  -1.9643322e+00   5.8447113e+00   6.4215680e-01   2.9280853e+00   3.3216302e+00  -1.4708751e+00  -6.2985055e-01   4.8990590e-01  -8.0780359e-01  -3.8433055e-02
   2.3845055e+01  -5.8528394e+00  -8.1172327e+00   8.4539434e+00   4.6666120e+00   4.0551445e+00   1.0789625e+01   7.0021610e+00   3.3323221e+00   2.9654391e+00   5.7169595e-02  -2.6014108e-01   2.1393946e+00   5.2947940e+00   2.9810684e+00  -8.6498160e-01   4.0675950e+00   5.9981437e+00   1.2036012e+00  -3.8125967e-01   4.3294759e-01   1.4363092e+00   4.3607380e-01  -2.5334719e-01
   3.3781525e+01  -1.2904490e+01  -9.9623071e+00   1.3588586e+01   1.3128794e+00   7.3609972e+00   1.5529677e+01   5.6017172e+00   4.5971410e+00   6.1286538e+00   1.0441946e-01  -5.1277226e-01   3.5248962e+00   1.1782229e+00  -3.3060178e+00  -1.4676164e+00  -9.0163748e-01   1.4075449e+00  -1.9454253e+00  -2.7893568e+00  -1.4551167e+00   3.5296096e-01   1.4850681e-01  -1.6107272e-01
   2.5307453e+01  -8.0805896e+00  -7.5932284e+00   8.0237640e+00   4.8012395e+00   5.9590104e+00   1.0389313e+01   5.3086333e+00   4.8490555e+00   5.8629128e+00   1.0037344e+00  -4.4193247e-01   3.8529399e+00  -5.3520428e+00  -8.1452338e+00  -1.5488720e+00  -3.4245284e+00  -4.5876058e+00  -2.8206250e+00  -8.9918671e-01  -4.0619304e-02  -3.6106508e-01   5.2004670e-02   1.7272977e-01
   3.5502968e+01  -1.5209699e+01  -1.7807441e+01   1.2573870e+01  -3.6020234e+00   7.8951237e-01   1.0005207e+01   2.3745232e+00   2.5518566e+00   4.0439476e+00  -1.7224180e-01  -1.4040653e-01  -4.3687029e+00   1.4552042e+00  -1.5473441e+00  -4.1043177e+00  -1.7881076e+00  -4.5329618e+00  -2.9048194e+00   3.8554039e-01  -1.0135954e+00  -2.1400321e+00  -2.7070234e-01   2.6576681e-01
   2.8763743e+01  -1.2728299e+01  -1.6412517e+01   6.6379937e+00   1.9872707e+00   4.5947823e-01   9.3209222e+00   7.2669780e+00   4.2940353e+00   3.4661946e+00   2.7350722e-01  -1.8722930e-01   2.3674443e+00  -1.5485326e+00   3.4525002e+00   1.8686588e+00  -4.2385030e+00   1.9591072e+00   5.1350597e+00  -1.3901131e+00   6.9570648e-01   1.0306913e+00  -7.9349473e-01  -2.7910229e-01
   2.5500326e+01  -8.3978289e+00  -7.8736792e+00   8.1249950e+00   3.7702368e-02   3.3113206e+00   1.1706643e+01   5.2008554e+00   3.3542579e+00   4.1169647e+00   6.3479551e-02  -2.4147363e-01  -7.3020585e-01   8.5005920e-01   9.7376486e+00   1.6603712e+00   1.1071776e+00   7.7873732e+00   6.4995727e+00  -1.7383330e-01   3.1163327e+00   3.4404806e+00   1.5021252e-01  -6.8030731e-01
   3.3859941e+01  -1.3809323e+01  -7.3813590e+00   1.3051190e+01  -3.3763779e+00   7.6367671e+00   1.7241184e+01   1.8102974e+00   5.4914146e+00   7.3724411e+00  -3.0436832e-01  -8.1005235e-01   3.4266018e+00  -6.6775379e+00   5.4245821e+00   7.5626145e+00  -7.7286059e+00   3.8786311e+00   6.6632610e+00  -4.2340752e+00   8.1752769e-01   4.5093927e+00  -3.8258605e-01  -5.3779169e-01
   3.1859560e+01  -1.3394098e+01  -7.7165466e+00   1.1857829e+01   7.4056730e-01   8.8819278e+00   1.5794435e+01   4.8421135e+00   6.6276661e+00   7.2515451e+00   3.4201476e-01  -8.4945596e-01  -1.3708684e+00  -8.5348406e+00  -1.1694047e-01   2.9580057e+00  -7.0237140e+00  -1.8783826e+00   2.4700365e+00  -1.1731465e+00   8.1576882e-01   3.0210842e+00  -1.1617346e-01  -2.3379811e-01
   3.0724028e+01  -2.0246472e+01  -8.3542098e+00   1.6115499e+01  -9.9570706e+00   3.4921213e+00   1.7271918e+01   1.0952361e+00   3.8836228e+00   8.6629934e+00  -4.3963945e-01  -6.8992567e-01  -3.4424216e+00  -2.6523346e+00  -4.2296280e-01   3.4315696e+00  -6.6926030e+00  -5.8823676e+00   3.2746550e-01  -7.6342886e-01  -1.4148327e+00   6.4472976e-01  -4.7390291e-01   3.5498769e-01
   2.5011980e+01  -1.7981516e+01  -7.5626645e+00   1.1029849e+01  -7.2075222e+00   2.5660695e+00   1.5396331e+01   3.7986664e+00   5.3818071e+00   8.0033150e+00  -4.3145080e-02  -6.5223414e-01  -3.0231244e+00   5.8724462e+00  -9.2157641e-01  -1.9869495e+00   2.2034190e+00  -2.4125514e+00  -2.7928413e+00   3.8483993e-01  -7.3264652e-01  -7.4535999e-01   8.7259869e-02   2.3301334e-01
   3.2120099e+01  -1.5494116e+01  -8.0927442e+00   1.8612534e+01  -9.4412376e+00   1.9711449e+00   1.7931434e+01   1.1868777e+00   3.9920950e+00   7.9636509e+00  -8.2264277e-01  -3.7618173e-01  -1.9620128e+00   1.1732854e+01  -2.1308828e+00  -6.0199774e+00   1.5530109e+01   2.9685868e+00  -6.1513523e+00   5.3725733e+00   3.0261184e+00  -1.7134814e+00   1.2138328e+00   5.3388641e-02
   2.6626839e+01  -6.9616062e+00  -9.2296440e+00   7.6288868e+00   3.7877793e+00   6.0235889e+00   1.1275415e+01   5.3735526e+00   5.4744602e+00   6.4831764e+00   6.6440623e-01  -6.5680792e-01  -6.4155268e+00   9.2860256e+00   1.0992433e+00  -6.6546802e+00   9.1418208e+00   1.8394539e+00  -4.9053385e+00   3.4311814e+00   2.4359209e-01  -2.3374973e+00   9.2718354e-01  -8.3524763e-02
   2.6973580e+01  -8.1571448e+00  -1.0717044e+01   8.7860135e+00   7.8404421e+00   6.2162418e+00   1.0105347e+01   8.3666529e+00   8.3764737e+00   6.8528405e+00   1.0273341e+00  -6.0755582e-01  -1.0104940e+01   1.8895148e+00   4.1521155e+00  -6.5204440e+00   1.3168595e+00   1.5823203e+00  -2.8222073e-01   1.6769056e+00  -2.2216351e+00  -2.4937205e+00   2.5370673e-01  -2.5952193e-01
   1.7961949e+01  -7.7209630e+00  -4.6016496e+00   5.9610889e+00  -2.1356309e+00   3.2027018e+00   1.1951367e+01   5.3555509e+00   3.5550058e+00   5.0524743e+00   4.2264180e-01  -6.6183423e-01  -6.0460802e+00  -1.2787984e+00   6.1947250e+00   7.8177032e-01  -7.5093843e+00  -6.3622147e-01   5.3429275e+00  -7.4128502e-01  -4.6326538e+00  -2.5665898e+00  -5.0719147e-01   2.2583727e-01
   2.1295133e+01  -1.2280166e+01  -4.1785683e+00   9.6657667e+00  -4.5042432e+00   5.7550688e+00   1.7170127e+01   3.7112370e+00   1.6193696e+00   4.9384213e+00  -3.2120046e-01  -7.6295147e-01   2.1275205e-01   1.2225425e+00   3.1246043e+00  -4.3406092e-01  -4.7194610e+00   2.3899696e+00   5.5854015e+00  -2.0248445e+00  -4.3189221e+00  -9.9396256e-01  -1.0949510e-01   8.2013378e-02
   2.0396941e+01  -6.8182933e+00  -3.2067946e+00   8.3616656e+00  -1.3039544e+00   5.2998432e+00   1.5757416e+01   6.5893331e+00   1.9040316e+00   3.5905013e+00   5.7788629e-01  -2.4035419e-01   8.7580561e+00   7.7456322e-01  -3.7679919e+00   1.5727041e+00   4.4529619e+00   6.2404655e+00   3.6976193e+00  -7.8884660e-04   1.8297767e+00   2.9527949e+00   5.2799033e-01  -2.6834325e-01
   2.6075211e+01  -6.7746658e+00  -6.7275653e+00   6.9346337e+00   3.4541231e-01   8.7526256e+00   1.6580425e+01   4.7124950e+00   2.7235777e+00   6.0928831e+00   7.8546919e-01  -6.9527577e-01   2.4996365e+00   3.7952415e+00  -3.9350294e+00  -2.8711868e+00   5.1602267e+00   1.1199503e+00  -4.2772476e+00  -6.0345246e-01   2.2222466e+00   2.2382856e+00   9.8590620e-01  -2.0352677e-01
   2.8708994e+01  -9.3118681e+00  -8.9791389e+00   9.6857115e+00   2.1189842e+00   1.1064622e+01   1.7792647e+01   4.8537385e+00   5.7475668e+00   8.9044357e+00   6.6129247e-01  -1.0981870e+00   1.9293551e+00  -3.8009583e+00  -4.8767022e+00  -2.1776862e+00  -7.3609747e-01  -1.4550243e+00  -3.6397976e+00  -2.8750954e+00   8.2013254e-01   1.1741372e+00  -5.0303870e-01  -3.7374097e-01
   2.0888562e+01  -5.3405160e+00  -7.1949403e+00   4.6969635e+00   1.5246276e+00   4.5526050e+00   9.7366406e+00   3.6738555e+00   3.0309719e+00   5.6388825e+00   1.1159558e+00  -6.3932524e-01  -2.7978068e+00  -4.0912350e+00  -2.9877394e+00  -1.6582319e+00  -1.7224261e+00  -3.9625770e+00  -2.3013711e+00   1.2046081e+00   1.0448959e-01  -2.0139165e+00  -5.4887449e-01   3.0795081e-01
   2.5884299e+01  -1.3236806e+01  -1.0288160e+01   6.2139714e+00  -2.9977083e+00   5.2173169e+00   1.3719612e+01   2.7960097e+00   2.9805332e+00   5.5787074e+00  -3.4191504e-01  -8.2894091e-01   1.6027101e+00  -2.0540697e+00  -6.2214684e-01   5.2733943e-01  -1.4232702e+00  -8.6423486e-01   1.2678088e+00  -5.4722405e-02  -1.9136392e+00  -2.3484603e+00  -5.8691428e-01   3.7475277e-01
   2.3290849e+01  -1.0949050e+01  -1.0554664e+01   6.1831559e+00   3.2011930e-01   5.7324124e+00   1.5164886e+01   7.5482716e+00   4.2638288e+00   4.7348725e+00   4.6376120e-01  -3.6797258e-01   1.0195827e+01  -4.8610025e+00  -4.2359683e-01   7.2322659e+00  -9.0344809e-01   6.9548915e+00   6.9295565e+00  -3.7247240e-01   1.0195054e+00   2.5720223e+00  -6.3701570e-01  -8.2259778e-02
   2.9911916e+01  -9.5887059e+00  -8.2324975e+00   9.7336245e+00   5.8633306e-01   9.1783657e+00   1.6980238e+01   2.8344469e+00   2.2606795e+00   5.8337502e+00   1.0701833e-01  -6.7173413e-01  -2.1544098e+00   4.5624991e+00   3.8577187e+00   1.5107544e+00   3.8759595e+00   4.0050368e+00  -6.6418737e-01   1.4877808e-01   8.5887487e-01   1.2742930e+00   6.4190800e-01  -7.3467078e-02
   3.4168493e+01  -1.4456070e+01  -8.8581670e+00   1.3785536e+01  -1.6225652e+00   1.3004418e+01   1.8500662e+01   3.0959283e+00   4.9201569e+00   9.3693946e+00  -6.4034487e-02  -8.4131830e-01  -4.3222219e+00  -1.6844665e+00   9.7080536e-01  -1.3210822e+00  -7.0256889e-01   9.9513985e-01  -1.0288108e+00  -2.4521392e+00  -8.9883618e-01   2.9441357e-01  -3.1046115e-01  -3.6721725e-01
   1.7213862e+01  -4.6395470e+00  -5.3498306e+00   4.6789130e+00   3.7875733e+00   7.5888694e+00   1.1055442e+01   5.2453484e+00   3.9406815e+00   5.1728858e+00   8.8484480e-01  -7.0246867e-01  -1.2579081e+01  -3.4862755e-01  -1.5378262e+00  -6.3872990e+00   1.2370414e+00  -2.5827131e+00  -3.0959414e+00   2.3667346e+00   3.3436730e-02  -2.4007257e+00   2.0149355e-02   8.5427954e-02
   2.3156543e+01  -1.5950329e+01  -1.0539789e+01   6.7288884e+00  -2.3343541e+00   8.0198703e+00   1.6584067e+01   2.6646120e+00   2.0755735e+00   5.5069251e+00  -3.9084376e-01  -9.0343120e-01  -1.8814267e+00  -1.6750083e-02  -6.6024104e-01  -2.7668652e+00   1.9943052e+00  -3.8486006e+00  -1.9270963e+00   2.0332848e+00  -1.4605118e+00  -3.7226939e+00  -2.4422392e-01   3.5641527e-01
   1.6549269e+01  -9.3645177e+00  -9.6984258e+00   3.6809997e+00   2.7977896e+00   7.7965699e+00   1.3294623e+01   6.6002070e+00   3.7331262e+00   4.1638963e+00   3.0064700e-01  -5.1253575e-01   9.5873103e+00  -1.1430463e+00  -1.9042073e+00   3.2557793e+00   2.5287493e+00   1.5796648e+00   2.0574487e+00   1.4313606e+00   1.0594810e+00   8.4778289e-01  -5.0045955e-02   1.6525315e-03
   3.1678649e+01  -1.2118709e+01  -7.6742310e+00   1.0134195e+01   1.8637844e+00   7.1276667e+00   1.4490428e+01   5.4684262e+00   2.8331668e+00   4.2898484e+00  -1.3827146e-01  -4.0166186e-01  -1.8248177e-02   9.4620779e+00   2.8673045e+00   7.6168208e-01   7.4054323e+00  -3.1075839e-02  -4.7663309e+00   2.1483827e+00   2.6928074e+00   1.1483149e+00   1.3565455e+00   7.9303669e-03
   2.7333774e+01  -8.2699262e+00  -9.6389205e+00   7.8599288e+00   5.4816280e+00   1.0404468e+01   1.5188435e+01   5.9904823e+00   5.1511064e+00   7.0530985e+00   6.8348972e-01  -9.5087454e-01   6.2058350e+00  -2.6169495e+00   3.5267900e-01   7.6558509e+00  -5.5940713e+00  -4.6290231e+00  -3.5718396e-02  -4.5516202e+00  -8.4577028e-01   2.5470076e+00  -8.0805223e-01  -1.6845348e-01
   1.7736918e+01  -2.3045076e+00  -6.2685848e+00   5.7819470e+00   7.4318751e+00   6.6693074e+00   8.4876646e+00   6.1920484e+00   5.4057945e+00   5.7847964e+00   1.4525531e+00  -6.7236625e-01  -1.5938720e+00  -4.8524203e+00  -4.3518878e-01   3.7098059e+00  -7.2438846e+00  -5.6512406e+00  -4.8085237e-02  -2.9317620e+00  -9.6087279e-01   4.0428700e-01  -1.1516856e+00  -4.3848496e-02
   3.2828888e+01  -1.8197043e+01  -9.8722303e+00   1.7340900e+01  -8.3773627e+00   1.0822149e+00   1.6242427e+01  -5.8903444e-01   1.1781570e+00   7.2369337e+00  -1.7068436e+00  -6.2986378e-01   1.6527921e+00  -3.2107853e+00   6.5855227e-01   1.7554545e+00  -4.0053689e+00  -3.0105987e+00   8.9114392e-01  -4.6609232e-01  -2.9087567e+00  -3.4526403e+00  -1.2265283e+00   4.1008573e-01
   2.6540285e+01  -1.4433781e+01  -8.2103592e+00   1.0958418e+01  -2.0725471e+00   3.3119325e+00   1.3891304e+01   4.3605416e+00   3.3783324e+00   4.8043613e+00  -6.7063325e-01  -6.2793998e-01   6.4301176e+00  -1.5225385e+00  -2.0754474e+00  -3.7715671e-01   1.4922170e+00   5.0262883e+00   5.6595387e+00   1.4420169e+00  -1.2664297e+00  -1.3200813e+00  -1.9762427e-01   8.7347295e-02
   2.5411279e+01  -7.0214672e+00  -7.6802049e+00   7.9048751e+00   4.2257858e+00   7.5672577e+00   1.3823331e+01   6.2070971e+00   1.8017025e+00   2.3643555e+00  -9.4709571e-02  -3.5795909e-01  -9.4248116e-01   7.4002997e+00  -1.1596341e+00  -3.9784309e+00   1.0020633e+01   7.7409609e+00   8.8122253e-01   4.7152050e+00   2.1898042e+00  -3.1835459e-01   1.8561484e+00   4.6106997e-02
   3.1090899e+01  -1.0176103e+01  -1.0477769e+01   9.9342243e+00   3.3686264e+00   1.0966218e+01   1.8186520e+01   4.9570080e+00   3.1943772e+00   6.2409635e+00   3.5004969e-01  -6.7729766e-01   4.4793145e-01  -5.5494278e-02  -1.9513869e+00  -2.2334445e+00  -4.7111794e-01   4.6593794e+00   2.3954796e+00  -2.4422564e+00  -1.3512790e+00   1.1956980e+00   4.4738537e-01  -2.2695098e-01
   2.9139859e+01  -9.2254324e+00  -1.0477977e+01   1.1885350e+01   3.9330003e+00   8.8665133e+00   1.5416652e+01   6.1855398e+00   4.5548408e+00   6.0411007e+00   5.6703748e-01  -5.3602445e-01  -5.9711251e+00  -2.5935066e+00  -6.8932130e-01  -4.4088261e+00  -3.6477964e+00   2.4697113e+00   1.5150865e+00  -3.1568526e+00  -1.6087703e+00   8.7495123e-01  -4.6402954e-02  -3.6508357e-01
   2.5347892e+01  -1.3415040e+01  -9.7385536e+00   5.6180136e+00  -2.6328313e+00   9.6513738e+00   1.6687863e+01   7.0793564e-01  -2.5155372e-02   4.7595357e+00  -3.3042872e-01  -8.7933378e-01  -7.0099185e+00   2.0439573e+00   2.4105976e+00  -4.9227758e+00  -7.7582101e-01   5.3417518e-01  -1.7540821e+00  -2.3700146e+00  -2.6513224e+00  -1.5972267e+00  -3.6373107e-02  -4.3163371e-02
   1.9326095e+01  -9.2922585e+00  -9.0837944e+00   3.4497413e+00   1.7548200e+00   1.1929247e+01   1.6845290e+01   3.5963544e+00   9.9831330e-01   4.4174963e+00   1.7592521e-01  -8.0456639e-01  -5.5710109e-01   3.9479194e+00  -9.9996862e-01  -3.0677471e+00   5.2599694e+00   1.7497277e+00  -1.1153193e+00   1.1597377e+00   1.6681599e-02  -5.4265997e-01   4.7157330e-01   5.9906097e-03
   2.5482903e+01  -7.0767541e+00  -7.5589635e+00   6.7678651e+00   3.2939851e+00   1.0236114e+01   1.4841078e+01   2.6965788e+00   9.9565743e-01   4.6569257e+00   4.9104617e-01  -6.0777174e-01   3.8840470e+00   3.6351013e+00   1.1846226e+00   1.8983784e+00   7.9256713e+00   4.4919273e-01  -3.2666314e+00   4.3557719e+00   4.5892356e+00   8.7698452e-01   1.0392054e+00   3.4615777e-01
   2.8236702e+01  -6.4726964e+00  -1.3067725e+01   6.7088041e+00   8.8595463e+00   1.1198735e+01   1.4667066e+01   6.9308248e+00   4.0694568e+00   5.2784158e+00   8.6365998e-01  -6.6281955e-01   6.6232016e+00  -7.1544500e+00   2.6338033e+00   5.0908239e+00  -6.0140165e+00  -5.3414977e+00  -8.8616993e-01  -1.1716567e+00   2.1538233e+00   1.5507951e+00  -7.5753607e-01  -7.7821835e-03
   2.6718659e+01  -9.3721693e+00  -5.9696546e+00   6.8360498e+00   5.7033125e+00   1.0690419e+01   1.2877028e+01   5.5743582e+00   5.3231262e+00   5.6445528e+00   8.8451197e-01  -4.3097054e-01   3.3964813e+00  -1.3385733e+01   1.6199173e+00   6.5905671e+00  -1.4182440e+01  -5.8528006e+00   3.0581943e+00  -2.0254093e+00   1.7665722e+00   2.0312789e+00  -2.1728646e+00  -2.7784240e-01
   2.8643019e+01  -1.8876226e+01  -5.9277439e+00   1.1051885e+01  -8.4708685e+00   3.6898480e+00   1.6498061e+01   3.9997972e-01   2.0653138e+00   6.2498754e+00  -1.1571118e+00  -9.0464026e-01  -3.5101688e+00  -4.0245925e+00   2.6801947e+00   3.0570302e+00  -8.1107379e+00  -6.2839586e+00  -3.9272799e-01  -9.7260316e-02  -6.2886523e-02  -6.9524996e-01  -1.2716115e+00   3.5736053e-02
   3.0374466e+01  -2.0953589e+01  -8.6990779e+00   1.4482175e+01  -9.3144671e+00   5.2113567e+00   1.8512872e+01   2.9238874e+00   4.6475871e+00   7.2181143e+00  -1.7578648e+00  -9.0362498e-01  -4.5705986e-02   2.6331964e+00  -3.0560318e+00   5.7732826e-01   2.0542643e+00  -5.9956584e-01   1.1654455e+00   2.8754515e+00  -2.6711103e-01  -7.7056167e-01   4.3455813e-01   9.8626379e-02
   2.1143545e+01  -6.7188754e+00  -7.6827211e+00   7.4712866e+00   4.2023292e+00   4.5123279e+00   1.1260051e+01   8.1101698e+00   4.3128966e+00   3.4487601e+00   2.7743116e-01  -3.7288825e-01  -1.8220961e+00   9.8098571e+00  -1.4418306e+00  -4.1651223e+00   1.2927541e+01   5.3555197e+00  -1.9071214e+00   5.2392746e+00   2.0252651e+00  -4.8813408e-01   2.1945872e+00   3.1036711e-01
   3.0399837e+01  -1.1501050e+01  -9.6762137e+00   9.4923414e+00   2.4481102e+00   9.3798304e+00   1.7244201e+01   6.0324405e+00   3.7986683e+00   5.8892679e+00   8.1907768e-01  -5.4890698e-01  -5.4301796e+00   5.2102830e+00   7.3974072e-01  -5.3081993e+00   5.8085443e+00   2.5148142e+00  -2.4835120e+00  -1.3317230e+00  -2.3356248e+00  -8.8615693e-01   1.4899767e+00   2.6578151e-02
   2.5897190e+01  -8.8877096e+00  -7.6019220e+00   7.2991184e+00   5.0391550e+00   9.6388907e+00   1.4271714e+01   6.7046150e+00   5.5276710e+00   6.1820974e+00   8.4629772e-01  -6.1644859e-01  -1.7882905e+00  -7.1472449e+00   5.8393351e-01   1.2801383e+00  -5.1466281e+00   1.8396129e+00   2.4743525e+00  -5.9884296e+00  -2.9453092e+00   8.9185129e-01  -8.1550424e-01  -3.0281382e-01
   1.9852375e+01  -1.2053747e+01  -7.6298664e+00   6.6059605e+00  -1.0200636e+00   6.4202966e+00   1.3281773e+01   1.6290803e+00   5.3676272e-01   4.5222102e+00   1.9266699e-01  -7.4197759e-01  -1.0450045e+00  -5.5589145e+00   1.6407427e+00   4.9010927e+00  -3.7984863e+00  -1.0447348e+00   1.1765920e+00  -4.8446205e+00  -1.9501431e+00  -9.0676836e-01  -1.3493973e+00  -7.1803610e-03
   2.3734840e+01  -1.7163394e+01  -7.8299945e+00   1.0834684e+01  -1.7835260e+00   8.7515141e+00   1.6952794e+01   1.3292054e+00   1.5258856e+00   5.4700659e+00  -6.3261985e-01  -7.3057369e-01   3.8010742e+00  -1.8441853e+00  -1.0459556e+00   3.5739513e+00  -3.5500266e-02   2.1726895e+00   3.8713836e+00  -1.0066853e+00  -6.6384751e-01  -2.7418348e-02  -4.0747177e-01   8.3161354e-02
   2.9913505e+01  -1.5701579e+01  -7.1010633e+00   1.5076197e+01   1.6172126e-01   8.2564164e+00   1.7668549e+01   1.4532146e+00   2.8743463e+00   4.8851311e+00  -4.6555955e-01  -5.0261497e-01   4.9471914e+00   4.7487771e+00  -1.7771954e+00   5.9055566e-01   7.5479071e+00   4.4803520e+00   1.7060976e+00   4.9836533e+00   3.3804580e+00   5.5340904e-01   8.1752385e-01   2.3396148e-01
   2.6568236e+01  -9.8300715e+00  -9.4352568e+00   8.4249269e+00   4.3950121e+00   1.1979865e+01   1.7885402e+01   5.2825199e+00   3.3631079e+00   5.9595095e+00   5.6420333e-01  -6.1138787e-01  -2.9480494e+00   5.2285931e+00   1.7647058e+00  -1.8313977e+00   1.4597959e+00  -8.4879488e-01  -1.4764344e+00   2.5756539e+00   3.1450027e-01  -3.9163026e-01   4.4537413e-01  -1.2961814e-01
   2.5856464e+01  -8.5972429e+00  -9.4930283e+00   8.6966728e+00   7.2125279e+00   1.1526649e+01   1.5374615e+01   7.1279030e+00   4.6888386e+00   5.1076020e+00   8.2054118e-01  -4.5062827e-01  -5.6136053e+00  -2.3356461e+00   4.0929099e+00   1.2307822e+00  -5.8139981e+00  -3.7682951e+00  -2.7296694e-01   4.7085180e-01  -2.3880023e-01   2.2461303e-01  -1.2521681e+00  -5.5425553e-01
   2.1341287e+01  -1.2872673e+01  -3.9869533e+00   1.1277350e+01  -3.1192354e+00   5.8432055e+00   1.5885109e+01   2.3553421e+00   1.0903898e+00   4.7713851e+00  -6.0760902e-01  -9.5099425e-01  -4.8197617e+00  -2.8593855e+00   5.6465804e+00   4.5166693e+00  -5.5564523e+00  -6.6010516e+00  -2.2045609e+00  -3.9864924e-01   5.8917594e-01  -8.0638943e-01  -1.8962846e+00  -3.7346927e-01
   2.4106571e+01  -1.7683748e+01  -3.6858502e+00   1.5496159e+01  -4.8021521e+00   5.6723035e+00   1.8259245e+01   3.6230812e+00   3.6525050e+00   5.8161129e+00  -1.7579055e+00  -1.1641951e+00   5.2001048e+00  -1.1433337e+00  -2.2117905e+00   4.7616785e+00  -2.1720709e+00  -2.7798887e+00   2.2041562e+00  -8.4233734e-01   1.0551922e+00   1.4140066e-01  -3.4088804e-01  -2.2628690e-01
   2.0213539e+01  -9.5758973e+00  -3.8689753e+00   1.1800188e+01   2.0676737e+00   5.0054604e+00   1.3136246e+01   6.4369570e+00   4.7650386e+00   4.3956699e+00  -9.9100022e-01  -8.1480838e-01   4.6774960e+00   7.6331043e+00  -6.2689248e+00  -3.6314802e+00   9.6740207e+00   4.8414228e+00   2.2016803e-01   3.6825355e+00   2.4084268e+00   6.5643342e-01   2.1810865e+00   1.6603139e-01
   3.4220495e+01  -1.1960631e+01  -1.2869703e+01   1.5577772e+01   1.3609670e+00   7.7756886e+00   2.0055281e+01   3.8235896e+00   4.4343026e+00   5.5075606e+00   5.0090471e-01  -8.5815155e-01  -2.7202884e+00   7.2276598e+00  -5.3843943e+00  -8.8433077e+00   7.3529872e+00   4.9351151e+00  -1.5725103e+00   8.9654119e-01  -1.7394160e+00  -3.9598991e-01   2.6086342e+00   3.8565319e-01
   2.3300569e+01  -4.2845747e+00  -8.7984140e+00   5.7893235e+00   8.3102361e+00   1.2053647e+01   1.5317343e+01   7.7788912e+00   4.3121312e+00   5.9103114e+00   1.5346157e+00  -8.5496893e-01  -3.8034291e+00  -4.2809478e+00  -5.1144598e+00  -6.8334615e+00  -9.0867624e-02   3.6795346e+00   8.3106654e-01  -1.4945350e+00  -3.3199251e+00  -5.5807408e-01   3.8152915e-01   7.4232320e-02
   1.8482624e+01  -9.4879194e+00  -9.2977223e+00   5.2366296e+00   3.1060476e+00   9.5508827e+00   1.4809931e+01   4.2969259e+00   1.2698347e+00   4.4648073e+00   8.9223778e-01  -5.6563500e-01  -8.9306369e+00  -3.9663962e+00   4.2591534e-01  -5.0680961e+00  -4.4978200e-01  -2.0147746e-01  -3.4026879e+00  -1.3888526e-01  -2.2582924e+00  -2.2636513e+00  -1.5147852e+00   2.4721749e-01
   2.2377331e+01  -1.7233675e+01  -1.3326655e+01   6.7205666e+00   1.0588320e+00   9.6371652e+00   1.7005521e+01   3.9584863e+00   1.3673850e+00   4.0799354e+00  -6.1437302e-01  -8.4971817e-01   5.3662666e+00  -6.9409141e+00   1.0801039e+00   2.8213479e+00  -3.3630885e+00  -8.0367668e-01   5.2250330e-01  -1.4685807e+00   6.8340604e-01  -3.8844443e-01  -1.8936047e+00   9.5031202e-02
   2.1286158e+01  -1.1435675e+01  -9.9667094e+00   7.5100062e+00   4.3119960e+00   8.6817134e+00   1.4107161e+01   5.5254641e+00   2.5192371e+00   3.0272715e+00  -6.9677877e-01  -4.8995071e-01   7.9148559e+00   6.3936519e-01   1.2495121e+00   3.7546932e+00   3.4822208e+00   2.3489414e+00   1.0900899e+00   2.8770252e+00   5.2800795e+00   2.4351820e+00  -7.2557689e-01  -1.9742022e-01
   2.9948202e+01  -1.3722068e+01  -6.8437646e+00   8.8846572e+00   2.6626291e+00   1.1282717e+01   1.6452483e+01   4.9617511e+00   4.7125391e+00   6.0464126e+00  -5.1128312e-01  -7.5026428e-01  -1.2784216e-01   7.6243492e+00   2.4163622e+00   1.3465238e+00   6.3925001e+00  -1.2135673e+00  -4.9194782e+00   2.7130466e+00   3.7994325e+00   1.2485288e+00   9.7632708e-01   8.5124400e-02
   2.6569473e+01  -1.0284675e+01  -1.0664899e+01   9.7866241e+00   7.5274803e+00   1.2251519e+01   1.6721585e+01   8.1108313e+00   7.5173769e+00   7.1343416e+00  -2.4767251e-01  -9.1149227e-01  -3.7115414e+00  -1.0620281e+00  -2.5326886e+00   3.2991117e+00   5.6644184e+00  -2.7850727e+00  -5.6047016e+00  -1.3942570e+00  -1.0781071e+00  -1.0291837e+00   2.8051796e-01  -1.3246553e-01
   1.9543911e+01  -6.3726511e+00  -9.3530169e+00   7.6020432e+00   9.0398399e+00   6.0319114e+00   8.3190915e+00   6.7353726e+00   4.5674638e+00   3.8991935e+00   6.2556447e-01  -5.1126079e-01  -7.2459139e+00  -2.2082928e+00  -2.4461239e+00   5.6822595e+00   5.5134617e+00  -5.0070760e+00  -6.8193298e+00  -3.0200161e+00  -3.2706491e+00  -3.1183929e+00  -4.5632716e-01   2.0013210e-01
   2.0920992e+01  -1.6703426e+01  -1.2511116e+01   1.3099981e+01   9.6200181e+00   7.1295070e+00   9.7668039e+00   2.5472679e+00   9.7461413e-01   2.5571055e+00  -8.4442562e-01  -8.0815075e-01  -1.7329769e+00  -7.7594739e-01   1.2861043e+00   1.9896774e+00   4.5210793e-01  -2.4507486e+00  -2.6393464e+00  -1.6844335e+00  -1.5619931e+00  -1.3556998e+00  -4.9248178e-01   1.2570735e-02
   2.1903571e+01  -1.3825132e+01  -9.5898421e+00   1.5751368e+01   9.8865527e+00   6.3331088e+00   9.7008786e+00   3.2135086e+00   3.0779467e+00   3.6574413e+00  -8.9739730e-01  -5.0173689e-01   4.7294251e+00   1.3582184e+00   1.2552884e+00  -1.6475005e-01  -1.8551246e+00   3.6558493e+00   5.3560097e+00   1.6979121e+00   3.1739696e+00   3.2071923e+00  -3.2848154e-01  -5.9020827e-01
   2.2790177e+01  -7.7223559e+00  -8.6173304e+00   8.6964778e+00   7.7822858e+00   8.4247974e+00   1.2071671e+01   7.3451130e+00   5.9191457e+00   5.2216680e+00  -2.2491429e-01  -8.9739812e-01   3.8967272e+00   5.8288268e+00   5.4343672e+00  -3.3554500e+00  -4.9080971e+00   1.6728381e+00   3.6687136e+00   2.2374627e+00   3.6862780e+00   4.1228850e+00   9.2796055e-01  -4.4365800e-01
   2.5703456e+01  -8.8258585e+00  -9.4169772e+00   9.5566696e+00   7.1760193e+00   1.0868040e+01   1.5200672e+01   6.8833182e+00   6.8561524e+00   7.3777007e+00  -1.7691350e-01  -1.3519495e+00   3.2177205e+00  -5.1379151e+00  -8.6011642e-01   7.8905473e-01  -4.6867635e+00   8.0701020e-01   1.7049928e+00  -3.5237183e+00  -1.5159109e+00   1.6689332e+00   2.5452801e-02  -3.2621456e-01
   2.4866140e+01  -1.0459822e+01  -4.4459977e+00   1.1164155e+01   3.6131392e+00   7.3712984e+00   1.2519977e+01   4.0685572e+00   4.6149282e+00   6.8813033e+00   1.8727330e-01  -1.0485314e+00  -3.9567189e+00  -6.3395811e+00  -2.0896899e+00   5.1360544e+00   3.8617939e+00  -1.8469655e+00  -5.6985452e+00  -6.0191154e+00  -4.9816665e+00  -3.0347542e+00  -4.0624207e-01   5.5464792e-01
   2.5692170e+01  -2.0163271e+01  -1.2965683e+01   1.5701112e+01   4.9409807e+00   8.0703736e+00   1.2034215e+01  -4.3379088e-01   1.4561892e+00   5.3310235e+00  -1.0653119e+00  -9.1549206e-01  -5.6048959e+00   1.0080441e+00  -1.2077415e+00   4.6421186e-01   5.4031834e+00  -2.2415787e+00  -5.3299809e+00   8.3633456e-01  -1.5495923e+00  -4.1821672e+00  -4.1415159e-01   6.5072043e-01
   1.6860741e+01  -1.1563021e+01  -9.9775122e+00   1.3328338e+01   1.4692496e+01   7.0531825e+00   5.1070824e+00   1.9749944e+00   1.1466276e+00   1.6928754e+00  -3.9007819e-01  -2.8365496e-01  -2.6118023e+00   8.0514758e+00  -2.1646835e+00  -5.1495713e+00   5.8490430e+00   1.8181606e+00   7.2698068e-02   7.5356455e+00   3.7340076e+00  -1.5165235e+00  -1.8936716e-02  -7.3587564e-03
   2.1298811e+01  -6.7621930e+00  -8.4628321e+00   9.1708957e+00   9.7411160e+00   7.6647301e+00   1.0912148e+01   9.1846014e+00   6.2659143e+00   3.6986638e+00  -5.0946514e-01  -7.5830710e-01  -7.0422035e-02   1.2011202e+01   3.5573202e+00  -6.2601383e+00   9.2644604e-01   1.5780474e+00   3.4358597e+00   8.7690590e+00   5.3559553e+00   1.1643697e+00   5.9978458e-01  -4.3837883e-01
   2.3145116e+01  -5.0831477e+00  -9.9444484e+00   6.7049059e+00   9.9866361e+00   1.0301361e+01   1.3190058e+01   1.0562829e+01   7.8110770e+00   5.4226979e+00  -1.1905515e-01  -1.1381621e+00   7.0149798e+00  -4.2014255e+00   5.5628105e-01  -2.1394737e-01  -1.1297817e+01   2.1506159e-01   8.1623801e+00   4.1253114e-01   1.3294018e+00   3.0260257e+00  -4.4369417e-01  -7.6193774e-01
   2.2444350e+01  -5.3864049e+00  -7.6462347e+00   9.6226204e+00   8.6835797e+00   8.8133554e+00   1.3146517e+01   8.4258802e+00   6.1578974e+00   5.2126668e+00  -3.0114655e-01  -1.1458068e+00   1.7610265e-01  -8.1207109e+00  -1.4080585e+00   8.7842665e-01  -8.0533255e+00  -2.5855898e+00   1.9121905e+00  -3.9084446e+00  -2.8132926e+00  -3.2510976e-01  -1.0492287e+00  -2.7875899e-01
   2.6810442e+01  -1.8553053e+01  -9.5513894e+00   1.2781555e+01  -1.7254606e+00   6.8014622e+00   1.6233468e+01   2.9731518e+00   3.1947387e+00   5.4749124e+00  -1.1597787e+00  -1.2328117e+00   2.7713748e+00  -7.6100634e+00   1.1888269e+00   3.7917044e+00  -6.1365464e+00  -2.5763134e+00   6.9205282e-01  -3.4483650e+00  -2.5898378e+00  -1.3166860e+00  -1.1854005e+00   1.3551350e-01
   1.9730303e+01  -1.2208306e+01  -1.0771449e+01   7.4502111e+00   3.5171761e+00   5.5362947e+00   1.2258729e+01   7.1167732e+00   4.3541445e+00   3.1848919e+00  -1.5629464e+00  -1.1291207e+00   6.7599592e+00  -2.0207287e+00  -5.9994863e-01   4.4260348e+00  -2.7955276e+00   3.1709533e+00   3.2469573e+00  -1.4949033e+00  -4.1669570e-01   6.1214932e-01  -5.1757365e-01  -3.2424307e-03
   2.8659202e+01  -1.3087292e+01  -6.5986008e+00   1.3478667e+01   3.3650183e+00   8.0754212e+00   1.4672031e+01   6.0448352e+00   4.8281967e+00   4.4615564e+00  -1.2662560e+00  -9.4323482e-01   4.7773344e+00   7.4531077e+00   1.0529680e-01   4.9741596e+00   5.3580237e+00   4.7212316e+00   2.3318210e+00   9.2271472e-01  -5.2153752e-01   5.8696391e-01   3.5612904e-01  -5.0400708e-02
   3.1659909e+01  -1.1150379e+01  -1.0022552e+01   1.5913116e+01   1.9450489e+00   1.2932806e+01   1.8797672e+01   4.6476835e+00   4.7161249e+00   6.6375688e+00  -1.0242684e+00  -1.2954589e+00   2.8867681e+00   5.3358506e-01   1.9271701e+00   4.0294459e+00  -2.4517991e+00   3.7714912e+00   5.2093418e+00  -4.1085117e+00  -3.1563359e+00   1.7104809e+00   6.9990107e-01  -1.3097137e-01
   2.8011640e+01  -7.9023558e+00  -9.7678929e+00   1.6011342e+01   7.0976385e+00   1.0185054e+01   1.6461729e+01   5.5917687e+00   2.2314423e+00   4.6290198e+00  -8.9492420e-01  -1.2252437e+00  -5.9846257e+00  -5.5409240e-01   2.1265340e+00  -3.0723151e+00  -4.8736283e+00  -5.0799250e-02   2.0067657e+00  -4.2510052e+00  -3.7681517e+00  -2.5123565e-01  -8.2391000e-02  -2.0392790e-01
   2.4384236e+01  -1.4000397e+01  -6.2960482e+00   1.2228043e+01  -2.0268328e+00   1.0138715e+01   1.9177893e+01   1.1805390e+00   9.1801797e-01   5.6668816e+00  -6.9876073e-01  -1.1845733e+00  -3.9709418e+00   6.6792623e-01   3.9937400e+00  -3.5999382e+00  -2.3597741e+00  -3.4707033e+00  -2.3248366e+00  -2.2149244e+00  -2.6003478e+00  -1.5159631e+00  -1.4226352e-02   1.4617339e-01
   2.3320100e+01  -1.2493422e+01  -5.2720516e+00   1.0712731e+01  -1.9594833e+00   9.3962678e+00   1.7492069e+01   1.4018996e+00   1.0750226e+00   4.5700465e+00  -1.5525964e+00  -1.3045694e+00   2.6165958e+00   1.8780296e+00   2.6462542e+00  -7.2530495e-01  -8.5415620e-01  -5.8598011e-01  -1.8512748e+00  -6.9043668e-01   3.8057615e-01   5.2604701e-01  -6.0504106e-02  -5.7570469e-02
   2.8049266e+01  -7.8529564e+00  -6.2798625e+00   1.3162514e+01   2.9339486e+00   8.1211440e+00   1.4795246e+01   3.4202314e+00   1.3938129e+00   4.3931108e+00  -7.1677183e-01  -1.0365359e+00   1.3275308e+00   7.5352172e+00   2.8965839e+00   1.6127567e+00   6.9114439e+00  -2.8994748e-01  -4.2325049e+00   2.7932829e+00   1.6799032e+00  -6.0404653e-01  -1.0971399e-01  -2.3260040e-01
   3.0104019e+01  -8.1590317e+00  -5.8066045e+00   1.4456148e+01   3.3360135e+00   1.0314869e+01   1.5876139e+01   3.4362675e+00   2.5644090e+00   6.0549758e+00  -9.7667481e-01  -1.3856181e+00  -5.5256513e+00   3.8406256e+00   6.3582667e+00   2.5322434e+00   4.5516909e+00   1.9490092e+00  -1.9545513e+00  -1.3999575e+00  -6.9341862e-01   3.0431187e-01   5.7670000e-01  -1.3096127e-01
   2.2983572e+01  -4.8647660e+00  -1.6838959e+00   1.2775469e+01   5.6925846e+00   9.2444931e+00   1.3637100e+01   4.3532795e+00   2.6931796e+00   4.0183472e+00  -1.1512925e+00  -1.4929496e+00  -1.0569361e+01   2.7847324e-01   7.8841743e+00   1.2148222e+00   1.0185644e+00   3.1119056e+00  -1.0503533e+00  -6.1353243e+00  -3.4571640e+00  -2.8778812e-01   1.2268773e-01  -7.8527047e-02
   1.7564470e+01  -8.2265783e+00   1.9673652e+00   1.4704619e+01   3.4887351e+00   1.1758107e+01   1.5139315e+01  -1.1645607e+00  -6.1478867e-01   5.2138961e+00  -4.7028602e-01  -1.2728045e+00  -9.0597070e+00   3.7064844e+00   5.4456902e+00  -2.1273725e+00   1.8135875e+00   3.8847747e-01  -3.6755105e+00  -3.8174598e+00  -3.3656221e+00  -2.3679003e+00   5.1330436e-01   5.0427871e-01
   1.8464999e+01  -7.4014733e+00   1.6594141e+00   1.4860512e+01   4.3854344e+00   1.2067384e+01   1.3588129e+01  -3.4823410e+00  -2.2023342e+00   4.3819685e+00  -7.8593463e-01  -1.2107333e+00   1.4724778e+00   2.8817828e+00   1.2275484e+00   1.7415978e-01  -4.5061014e-01  -2.2241339e+00  -1.8292154e+00  -7.4267555e-02  -4.9131045e-01  -1.1560142e+00   1.4544280e-01   4.4814551e-01
   1.8773745e+01  -1.3309515e+00   6.9027590e-01   1.0222568e+01   6.7099700e+00   9.4861403e+00   1.0387360e+01   1.6278880e+00  -3.6267236e-02   2.3213147e+00  -3.8939720e-01  -7.7030821e-01   6.9240681e+00   3.0181079e+00  -1.9974431e-02   2.2015066e+00  -1.8880259e+00  -5.6617798e+00  -1.8029647e+00   4.4115586e+00   2.6636729e+00  -1.2002320e+00  -3.7975715e-01   2.7308469e-01
   2.4587651e+01  -3.9899052e+00   7.9597138e-01   1.5277734e+01   3.4060520e+00   7.0442756e+00   1.3269255e+01   2.8456538e+00   1.6669532e+00   3.7306165e+00  -9.7357270e-01  -1.0719795e+00   2.3091189e+00   2.5147023e+00  -5.4844805e-01   1.3479369e+00   7.8272740e-01  -4.0171429e+00  -1.9017725e+00   4.3666527e+00   2.3173775e+00  -5.9194818e-01   4.0912269e-01   4.0982145e-01
   2.4889246e+01  -5.4052005e+00   2.3691249e+00   1.7798268e+01   1.1463875e+00   5.7769914e+00   1.2594305e+01   2.2887799e+00   1.4460769e+00   3.7392241e+00  -9.4610272e-01  -9.3255441e-01  -2.7781033e+00   1.7731877e+00  -8.8758643e-01   6.1430740e-01   5.0456799e+00  -6.5767281e-01  -4.2947855e+00  -4.7075098e-01  -6.4120602e-02  -1.3639687e-01   1.1246854e+00   4.9216040e-01
   1.8870927e+01  -1.5922954e+00  -2.6824671e-03   1.3094568e+01   8.3413167e+00   7.8962437e+00   9.6319970e+00   2.7371921e+00   5.3256003e-01   2.7850915e+00   1.0610217e-01  -5.1487804e-01  -6.3417723e+00   4.4946498e+00   4.4096856e-01  -1.5888838e+00   7.7152066e+00   3.9112997e-01  -6.1336608e+00  -2.0400645e+00  -2.3935343e+00  -1.7595850e+00   1.3457744e+00   6.0250766e-01
   1.7464953e+01   1.3002513e-01  -2.4177683e-01   1.2235613e+01   1.1810857e+01   8.0736470e+00   5.7638102e+00   9.7599237e-01   4.3474844e-01   2.5894819e+00   7.5779340e-01  -3.1061833e-01  -1.2992161e-01   1.6875408e+00   7.4236769e-01   1.5406942e+00   1.4702704e+00   3.8837749e-01  -1.5145170e+00  -2.9012350e+00  -1.2437924e+00   1.2235485e-01   1.3243580e-01  -7.5911540e-02
   1.8787140e+01  -1.5543311e-02   2.7628751e+00   1.5675736e+01   9.6466269e+00   6.4826427e+00   7.4840110e+00   4.4195086e-01  -1.4176841e+00   1.6661100e+00   1.9314079e-01  -4.7918602e-01   7.1823140e+00  -2.9535902e+00   2.0872536e+00   8.1211817e+00  -9.6746234e+00  -2.7442626e+00   2.8937636e+00  -2.8711125e+00   6.5201882e-01   2.2259309e+00  -1.3663455e+00  -8.2116783e-01
   2.4736257e+01  -3.6622652e+00   2.0998977e+00   1.8818725e+01   2.6991380e+00   7.0663581e+00   1.1396523e+01  -9.1545207e-01   5.5551034e-01   4.4822471e+00  -7.9096834e-01  -1.0642677e+00   3.5208607e+00  -2.3541141e+00   2.8659753e+00   4.9399882e+00  -7.7216995e+00  -1.9321464e+00   3.7823118e+00  -1.6098313e-01   9.3447443e-01   1.7124533e+00  -1.3072465e+00  -8.0190609e-01
   2.6008746e+01  -4.1265355e+00   1.9573607e+00   2.1984784e+01  -1.6147586e+00   4.2834943e+00   1.1156286e+01  -6.2375443e-01   1.4502073e+00   5.1776052e+00  -1.1690352e+00  -1.3698051e+00  -5.0116163e+00  -5.8369597e-01   2.8284387e+00  -2.1686320e+00  -3.7921260e+00  -4.7811726e-02   3.7940305e+00   3.4067667e+00   1.7657914e+00   1.1231920e+00   1.0029632e-01  -1.8131992e-01
   1.9135441e+01  -1.3456500e+00   4.4599433e+00   1.6491071e+01   5.8590009e+00   6.2750016e+00   9.6011403e+00   1.2673703e+00   4.0251441e-01   3.4024143e+00  -5.2198835e-01  -1.0681679e+00  -7.8124560e+00   3.0341521e+00   4.5378830e+00  -5.4192102e+00   5.9204692e-01   2.3788915e-01   2.0754084e+00   3.9981587e+00  -3.1694686e-01  -1.5948747e+00   1.4862293e-01   1.3984915e-01
   1.4070123e+01  -2.0493949e+00   5.8255103e+00   1.3586615e+01   2.3785065e+00   6.8066034e+00   1.4072748e+01   4.4606898e+00   1.3075009e+00   3.8908144e+00   2.0909528e-01  -7.4921579e-01  -1.8665571e+00   3.9757131e+00   1.7539665e+00  -6.6262140e+00   1.5041358e+00   2.1236953e+00   2.3568024e+00   3.2897720e+00  -4.9221115e-01  -1.6637336e+00  -4.5952093e-01  -9.7206787e-02
   1.8986884e+01  -1.4960736e-01   6.9726474e+00   1.4888994e+01   1.5905758e+00   6.1616373e+00   1.3051404e+01   2.5395638e+00   1.5144323e-01   2.7333305e+00  -1.2570992e+00  -1.1647887e+00   2.5865550e+00   2.7760026e+00  -1.2495842e+00  -3.5726378e+00  -1.1142777e+00  -5.5315630e-02  -3.7842944e-02   1.1895353e+00   2.8104092e-01  -9.7814974e-01  -1.0512041e+00  -3.7663824e-01
   2.3283188e+01   1.2390128e+00   3.3319584e+00   1.2846502e+01   2.7756577e+00   7.5257194e+00   1.2966358e+01   3.6748069e+00   8.3742617e-01   3.0165468e+00  -1.4907612e+00  -1.4673049e+00   7.0755504e+00  -1.6413307e+00  -4.1700234e+00   2.0486523e+00  -1.3982130e-01   1.8928007e-01   5.7426670e-02  -3.0036876e+00  -1.8759820e-01  -1.8797336e-02  -1.3784291e+00  -4.1158757e-01
   1.8408741e+01   1.1741501e+00   3.8323430e+00   1.1502171e+01   3.9890087e+00   5.8324701e+00   1.0097571e+01   3.4446148e+00   1.0591132e+00   2.3723235e+00  -1.2488663e+00  -1.2740807e+00  -5.3457457e-01  -2.8232390e+00  -3.7600665e+00  -3.7807956e-01   9.9172385e-01   7.2334153e-01   5.2400564e-02  -9.8894387e-01   9.1320686e-01   8.8458988e-01   3.1867738e-01   1.8617682e-01
   2.4972521e+01  -5.1732696e+00   1.1406275e+00   1.8353005e+01   9.6955814e-01   7.2551071e+00   1.5635805e+01  -4.9736712e-01   5.7226867e-01   4.0431219e+00  -1.8626648e+00  -1.3119511e+00  -9.0312801e-01  -2.2333258e-03   3.4811382e-01  -2.9700441e-01  -8.0827619e-01  -7.9395453e-01  -6.2026195e-02  -1.0976259e+00  -1.1028098e+00  -4.9937651e-01   6.8877186e-01   6.5627859e-01
   1.7340356e+01  -1.1783246e+00   2.4282131e+00   1.1568623e+01   3.9812114e+00   7.3819558e+00   1.1795282e+01   3.1422350e+00   1.6538323e+00   3.5469277e+00  -5.9313129e-01  -9.6320032e-01   5.6754665e-01   4.3331642e+00  -1.6240575e-01  -3.4508811e+00   1.7932482e+00   3.2060218e-01  -1.1982663e+00   1.2018555e+00  -1.5378889e+00  -1.9541274e+00   7.5043836e-01   5.6637350e-01
   2.2462689e+01   2.4119002e+00   4.5561940e+00   1.2367769e+01   1.5671421e+00   5.5600448e+00   1.2024463e+01   2.1795580e+00  -1.1141481e+00   1.6801799e+00  -7.8547089e-01  -6.3832722e-01  -5.2925389e+00   6.9887308e+00   1.6348256e+00  -6.8913256e+00   3.1673271e+00  -7.6673566e-01  -4.6098241e+00   2.9839341e+00  -1.1879824e+00  -3.1489067e+00   6.8499535e-01   3.9773741e-01
   2.0514977e+01   3.8813114e+00   1.8809511e+00   9.3184675e+00   6.3800890e+00   7.1609045e+00   1.0105842e+01   3.9089354e+00  -4.0451182e-01   6.2260342e-01  -6.6180572e-01  -7.6133243e-01   1.3279987e+00  -1.3358968e+00  -3.6716095e-01   8.0821855e-01  -1.1079029e+00   1.2607041e+00   2.4545650e+00  -6.5719924e-01  -9.9516301e-01  -4.7959517e-01  -1.0430244e+00  -3.2932296e-01
   1.5446402e+01   2.7800086e+00   3.8664970e+00   9.1410946e+00   4.5211100e+00   6.2155292e+00   9.5657881e+00   3.5951839e+00  -1.8053280e-01   7.8192392e-01  -8.0083456e-01  -8.1627895e-01  -8.4834002e-01  -4.6603492e+00  -1.4849827e+00   5.8338407e-01  -1.6669688e+00   2.0278455e+00   2.7005127e+00  -1.4483518e+00   1.2836955e+00   1.8450852e+00  -9.5078190e-01  -4.8532694e-01
   2.2840498e+01  -3.3662240e+00   2.2223202e+00   1.4394288e+01   8.4237306e-01   8.9452697e+00   1.6706467e+01   1.4486232e+00  -3.0571992e-01   3.2766630e+00  -2.1499860e+00  -1.3682089e+00   6.5421316e+00  -2.9511994e+00  -1.7000070e+00   3.0455618e+00  -7.2589990e+00   4.0319338e-01   3.9075596e+00  -2.9595001e+00  -6.7381321e-02   2.5102224e+00  -7.7676648e-01  -4.0007994e-01
   2.0027418e+01  -9.5485586e-01   2.1580354e+00   1.0704935e+01   1.8355468e+00   7.7096305e+00   1.2774920e+01   1.2371863e+00   7.6199918e-01   3.1207779e+00  -1.4675536e+00  -1.0628794e+00   6.1491011e+00   2.8597941e+00  -2.0099343e+00  -2.5565027e+00  -3.3172302e+00   7.3544785e-02   7.9336824e-01  -5.3873963e-01  -1.3830924e-01   3.6977497e-01  -3.0123169e-01  -1.8602617e-01
   2.8037666e+01   1.3219445e+00   1.8517132e-01   1.3104890e+01  -3.1656279e+00   7.0186440e+00   1.4362616e+01   6.4868400e-01  -9.7684979e-01   3.2185101e+00  -1.4935959e+00  -1.2381521e+00  -3.1855672e+00   6.9888013e+00  -6.4732534e-02  -7.4587377e+00   1.7223359e+00  -5.1275900e-01  -4.3102838e+00   1.6159244e+00  -2.3739964e-01  -2.0791656e+00   5.7619726e-01   1.9530998e-01
   2.2071469e+01   4.7256156e+00   1.8701700e+00   5.9510396e+00   1.5492651e+00   7.2891593e+00   1.1927766e+01   3.1870440e+00  -5.2431723e-02   1.3656628e+00  -1.5808771e+00  -1.1603466e+00  -4.4638410e+00   4.1971464e+00   3.4143436e-01  -4.4285444e+00   4.7935774e+00   8.9170303e-01  -2.7605246e+00   2.4477789e+00  -2.5673194e-01  -2.2994597e+00   1.6392951e-01   1.6932508e-01
   1.7040121e+01   4.2767423e+00   2.2691541e+00   5.5831290e+00   3.5690177e+00   8.3863668e+00   1.0664618e+01   2.8975810e+00  -2.5460393e-01   1.0354721e+00  -1.2290284e+00  -1.0265103e+00  -5.2412935e+00   1.3595533e+00  -7.7507310e-01  -2.6333915e+00   7.5914283e+00  -1.1612997e+00  -5.0326643e+00   2.2847504e+00   1.3848864e+00  -1.4910933e+00   2.9375825e-01   3.8880665e-01
   1.8830429e+01   3.8634648e+00   1.6281955e+00   7.8229988e+00   5.6585900e+00   8.3633236e+00   1.0483132e+01   3.7844061e+00   1.5778339e-02   7.6310735e-01  -1.3539431e+00  -9.1471267e-01   4.4651846e+00  -1.5349842e+00  -3.2326775e+00   3.3143782e+00   1.3738085e+00  -2.7559700e+00  -1.1240323e+00   7.3682297e-01   5.7141046e-01  -7.4497998e-02  -2.1698607e-02   1.6997314e-01
   2.1796246e+01   3.7923498e+00  -8.5645109e-01   8.2188231e+00   6.1668521e+00   4.7396122e+00   7.5359363e+00   3.7771285e+00   1.0663747e+00   1.2831479e+00  -1.1664255e+00  -7.7775910e-01   8.0563637e+00  -2.3722958e+00  -3.9364785e+00   5.1728563e+00  -2.8148991e+00  -4.0865285e+00   1.8732309e+00   1.2667666e+00  -2.4126660e-01  -9.1796750e-01  -9.2568027e-02   6.9386574e-02
   2.6391184e+01   2.6653356e+00  -1.4160436e+00   9.6047599e+00   2.3110607e+00   4.9785816e+00   1.1806058e+01   3.8525047e+00   1.4419463e-01   1.1300779e+00  -1.6447264e+00  -1.0297625e+00   1.4823344e+00  -1.0521736e-01  -2.8766219e-01   1.2152024e-01  -4.0319817e+00  -1.6499426e+00   3.5310335e+00   3.1497115e+00  -4.5713487e-01  -2.1983767e+00  -4.3615688e-01  -3.1148422e-02
   2.5344289e+01   1.3173631e+00  -2.1134440e+00   1.2451533e+01   1.0204337e+00   3.9489451e+00   1.2813001e+01   4.7636816e+00  -6.8071197e-01  -5.2496445e-01  -1.2224887e+00  -8.6490555e-01  -6.3469127e+00   1.1145963e+00   2.9504181e+00  -2.4760762e+00  -5.2326720e-01   2.8955031e+00   3.2625983e+00   3.4391678e+00  -3.3482567e-01  -2.5283350e+00  -5.4311339e-01   8.1040502e-02
   1.9279909e+01   4.9431321e+00   1.8251987e+00   5.8889243e+00   2.1838267e+00   6.2837433e+00   1.3141150e+01   8.0156969e+00   2.0361939e-01  -1.6304016e+00  -1.9801469e+00  -9.1786207e-01  -5.3205472e+00   2.2350770e+00   1.6471822e+00  -5.4017060e+00   1.3232479e+00   2.9377326e+00  -7.1112090e-01   6.4109700e-01  -1.1993078e-01  -9.5385408e-01  -5.4520255e-02   2.6955099e-01
   1.5831514e+01   4.3253459e+00   1.9485550e+00   6.3626267e+00   5.4455684e+00   8.4302861e+00   1.1762288e+01   6.8542841e+00   5.3442386e-01  -1.1291149e+00  -1.8133854e+00  -7.1214855e-01  -1.5698279e-01   2.3925848e+00  -4.4055369e-01  -5.8400958e+00   8.4228433e-01   1.9200819e+00  -1.7948383e+00  -1.5284829e+00   3.5302003e-01   7.2653581e-01  -3.4648721e-01   2.1262685e-02
   2.3166751e+01   4.5139597e+00  -9.7626983e-01   4.5466540e+00   2.0833653e+00   7.1445100e+00   1.1264734e+01   3.7688489e+00  -6.4326946e-01   1.3720225e-03  -1.4310585e+00  -7.0181450e-01   1.1420070e+00   1.0152291e+00  -1.4906168e+00  -2.0004333e+00   3.5537909e-01  -2.4747485e-01  -3.3254153e+00  -3.4591265e+00  -4.6260592e-01   6.7633538e-01   2.6808276e-01   2.4674797e-01
   2.3165394e+01   5.1208266e+00  -1.3735403e+00   4.3625243e+00   2.3340909e+00   6.3986847e+00   1.1058952e+01   4.5943812e+00   2.7226249e-01  -2.5104752e-01  -2.0167637e+00  -9.4103531e-01   4.2639182e+00  -8.9299162e-01  -2.5085243e+00   2.1806017e+00  -6.5724481e-01  -9.4603779e-01   8.7549161e-01  -1.0425206e+00  -8.1338667e-01   2.6787978e-01   4.9073104e-01   4.2994458e-02
   1.7325979e+01   6.0682355e+00   1.2503211e+00   3.8883255e+00   4.2726340e+00   6.9283317e+00   8.5046949e+00   3.9569586e+00  -3.5920881e-01  -1.0549322e+00  -1.4763336e+00  -4.3329674e-01  -1.3733262e+00  -1.4960431e+00   6.5929492e-01   3.2369886e+00   6.4727078e-01  -3.8408264e-01   1.5190608e+00   1.3724183e+00  -1.1928874e-01   5.4123614e-02   7.1924709e-01   2.3577401e-01
   2.5147777e+01   2.2087206e+00  -2.9275269e+00   9.9626935e+00   3.3650668e+00   7.1193185e+00   1.4455545e+01   5.1964484e+00  -8.2768647e-01  -1.9914315e-01  -1.0546513e+00  -7.8191574e-01   3.1274309e+00  -2.6373503e+00   1.4253364e+00   4.4567514e+00  -3.2297749e+00  -2.4463185e+00   3.2553790e+00  -1.1231420e+00  -9.2508408e-01   1.7962697e+00   5.2079941e-01  -6.1155987e-02
   2.0115570e+01   3.7259480e+00   7.8966585e-01   6.6020523e+00   2.5387835e+00   6.2080691e+00   1.1845028e+01   5.5264428e+00  -2.7222809e-01   5.6605257e-02  -8.3324406e-01  -4.2771327e-01   4.6556003e+00  -1.3255454e+00   2.6281322e+00   1.8148271e+00  -7.0660601e+00  -1.5748947e+00   4.8107693e+00  -3.1461395e+00  -1.6193999e+00   2.3065475e+00   7.0179088e-02  -4.1933518e-01
