   6.5847718e+00  -1.3516856e+01   2.2697045e+01  -1.8198775e+01   1.1342535e+01  -4.1926424e+00   4.2257830e+00   3.4868544e+00  -1.0318596e+00   1.8233290e-01  -1.7657803e+00   1.0001769e+00  -1.5042501e+00  -3.5378754e+00   6.0114376e+00   8.8692011e-02   3.4339581e+00   6.1608938e+00  -1.3408899e+00  -3.3251373e-01  -5.8988607e-01  -2.9815897e+00   8.2738935e-02   3.4698221e-01
   3.1078233e+00  -1.4839557e+01   2.2047043e+01  -2.1666065e+01   1.0609386e+01  -1.4025703e+00  -1.3054882e+00   1.8075838e-01  -3.2220302e+00   6.5990623e-03  -1.0033171e+00   1.3276760e+00  -4.0502222e+00   2.3666646e-01  -1.2810154e+00   6.9202237e-02  -6.5418997e-01   8.8399629e+00  -4.6785336e+00  -3.3321271e-01   9.2602171e-01  -3.0768698e+00  -7.7403228e-02  -1.9647619e-01
   8.0498270e-01  -1.2424692e+01   1.9698476e+01  -1.7109071e+01   1.3933276e+01   1.6744457e+00  -1.0775853e+00   1.9929458e+00  -9.1317823e-03  -1.0938946e+00  -1.1088063e+00   8.7125360e-01  -1.0474275e+00   4.0327898e+00  -2.5210558e+00   2.0062483e-01   2.1134323e+00   2.8210654e+00  -1.7323669e+00   1.7668357e+00   3.0772994e+00  -4.9719602e-01  -7.1912680e-03  -2.9393176e-01
   3.7009714e+00  -1.2301429e+01   2.1455932e+01  -1.9001063e+01   1.0867666e+01   2.1086088e+00  -5.3553987e-01   2.6444495e+00   1.1024640e-01  -1.4686028e+00  -1.7385009e+00   4.6493400e-01   1.9011105e+00   4.6836093e+00  -1.3700191e+00   2.3317511e+00   5.2656358e+00   1.7189608e+00   5.6546434e+00   4.6224494e+00   4.9634037e+00   1.6415521e+00   4.6586393e-01  -1.6987218e-01
   4.7170566e+00  -8.7367358e+00   1.9211017e+01  -1.9230339e+01   1.4383544e+01  -1.7166338e+00   1.2422584e+00   4.9052623e+00   1.9179512e+00   1.7413980e-01  -1.4089753e+00   9.9065023e-01   1.7841398e+00   4.7604084e+00  -1.1804152e+00   4.2342113e+00   3.8736413e+00   3.1408613e+00   7.1948392e+00   4.1478714e+00   4.7746672e+00   3.2802382e+00   1.3412013e+00   2.4324654e-01
   4.0034521e+00  -9.6581209e+00   2.0235744e+01  -1.7107804e+01   1.8282706e+01   2.8714106e+00   6.0165549e+00   5.6582743e+00   3.2595338e+00   1.8349101e+00  -1.5443673e-01   1.0131694e+00   1.7057196e+00   5.0762526e+00   1.4202742e+00   4.2921424e+00   5.7695572e+00   2.7928469e+00   8.9342735e+00   2.1306198e+00   6.8455440e+00   2.0438436e+00   2.1343349e+00   1.2303065e-01
   3.3299521e+00  -6.6057333e+00   1.8537947e+01  -1.1704383e+01   1.6036218e+01   6.0043368e+00   6.4386261e+00   6.7078406e+00   5.5782253e+00   2.1747062e+00   1.1096363e-01   9.6200572e-01   3.1213069e+00   9.7875147e+00   1.0820656e+00   7.3027831e+00  -9.7129181e-01   5.6014772e+00   6.8635010e+00   4.4037999e-01   4.1351842e+00  -3.6166983e-01   1.4485285e+00  -8.6887428e-01
   6.9531030e+00  -5.7525512e+00   2.3922878e+01  -1.6325827e+01   1.8695665e+01   2.4373937e+00   1.0267687e+01   4.9390900e+00   8.5484253e+00   5.9687944e-01   7.0303198e-01   6.6380224e-01   4.3259321e+00   1.3145460e+01  -3.2261316e+00   7.8913146e+00  -2.7350375e+00   3.9889438e+00   4.5705550e+00  -4.5043351e-01   3.6693531e-01  -1.9831272e+00   7.9201278e-01  -1.1499504e+00
   7.9241914e+00   3.9917514e+00   1.8990549e+01  -8.6671526e+00   1.2720127e+01   6.9025904e+00   9.4119441e+00   5.9254245e+00   5.4762818e+00   2.5065036e-01   3.3508317e-01  -1.3797762e-01   3.7867808e+00   1.1262812e+01  -4.9458148e+00   9.8794894e+00   1.9344597e-01   3.5303022e+00   5.6781264e+00  -2.0644092e+00  -2.8608391e+00  -2.3387296e+00   1.7795817e-01  -1.0824700e+00
   8.1952305e+00   4.7613264e+00   1.5170246e+01  -6.7894472e+00   1.5838195e+01   8.4056995e+00   1.1385729e+01   5.3738321e+00   3.8609086e+00  -1.7775276e-01   9.2152266e-01  -1.6176460e-01   2.7529479e+00   8.4307060e+00  -3.3172137e+00   9.7202507e+00   1.0703490e+00   1.9637842e-01   4.5067411e+00  -3.1542350e+00  -2.3641740e+00  -3.0417710e+00  -5.3891895e-01  -4.1491581e-01
   8.3890596e+00   5.0315458e+00   1.5495541e+01  -1.6533387e+00   1.7755122e+01   8.3156372e+00   1.4396795e+01   3.3938557e+00   3.6307251e+00  -9.4607205e-01   2.6865554e-01  -2.4891583e-01   1.9193145e+00   2.3666967e+00   4.7320567e+00   3.2326582e+00   5.3159804e+00  -3.3539244e+00   6.0018944e+00  -5.8086573e+00   2.4454341e+00  -1.7770147e+00  -1.0497291e+00   3.7175039e-01
   1.0850091e+01   6.3736105e+00   2.0694561e+01  -5.2523576e+00   1.7783691e+01   2.0254380e+00   1.4535373e+01   1.4735219e+00   5.9249427e+00  -3.3674158e+00  -7.2132620e-02   9.6897624e-02  -6.0843603e-01   2.6074335e+00   2.9042056e+00   4.4236972e+00   6.1724702e-01  -1.3602902e+00   1.0942197e+00  -3.3974046e+00   2.9567765e+00   1.3051222e+00  -1.1278601e+00   5.6684437e-01
   9.4757330e+00   6.7356544e+00   2.3326476e+01  -4.5867102e+00   1.9721350e+01   5.0618346e+00   1.6839963e+01  -8.3740635e-01   8.1124158e+00  -8.2004022e-01  -7.4268278e-01   2.9031685e-01  -1.7456927e+00   2.0390195e-01   9.6083627e-01   3.5448559e+00  -2.4195556e+00  -7.1609184e-01  -1.2828149e+00   3.3419231e-01   1.2530624e+00   3.5616554e+00  -8.2249027e-01   3.6387396e-01
   6.7392398e+00   7.8204224e+00   1.5611087e+01   1.3127844e+00   1.5780952e+01   7.9921656e+00   1.1805474e+01   2.3933562e+00   6.0552279e+00   1.7169146e+00  -2.6459837e-01   4.1888561e-01  -1.5778214e+00  -2.8751287e-01  -3.8823044e+00   2.3752554e+00  -5.7628641e+00   1.8004353e+00  -2.5132694e+00   3.2119502e+00   4.2872889e-02   3.8425698e+00  -4.1226709e-01   9.5884274e-02
   7.8259461e+00   4.6139928e+00   1.9478533e+01   3.8137423e-01   1.5127158e+01   4.2581356e+00   1.3837522e+01   3.4352270e+00   5.4451761e+00   1.8542459e+00  -8.6884699e-01   1.3590112e-01   2.1071457e+00  -2.9983274e+00  -7.5910910e-01  -4.4471954e+00  -4.8639508e+00  -2.9014648e+00  -1.2628460e+00   1.6409996e+00   1.5944391e+00   1.0657241e+00   8.5624882e-01   1.3966394e-01
   9.3082522e+00   7.0031720e+00   1.6795076e+01  -4.1735168e+00   1.1436491e+01   5.1279405e+00   1.2266690e+01   4.1551306e+00   7.3228719e+00   1.0592958e+00  -6.2745115e-01   3.1793190e-01   2.5780249e+00  -5.7124164e+00   5.0375046e+00  -9.1466239e+00  -1.7017159e+00  -3.0341209e+00   4.0804813e+00   6.6637427e-01   3.3524056e+00  -1.7765494e+00   9.7801072e-01  -2.3168051e-01
   1.1351945e+01   2.6467885e+00   2.1595818e+01  -8.5143527e+00   1.4597654e+01   2.1417499e+00   1.4715087e+01   7.4320591e-01   9.8702524e+00   1.1073552e+00   7.2311684e-01   5.5028962e-01   1.0775327e-01  -1.7145311e+00  -2.6696457e-01  -3.8000753e+00  -1.7070130e+00   1.1629722e+00  -3.1941104e-01   1.6524919e+00   5.2649382e-01  -1.5017494e+00   3.5360008e-01  -3.1084165e-01
   8.8432774e+00   2.3539997e-01   2.2108702e+01  -7.9592880e+00   1.3493130e+01   4.4991772e+00   1.7487413e+01   4.7389282e+00   8.8712982e+00  -5.7446413e-01   4.0643580e-01  -1.3582940e-01  -1.9652339e+00  -9.4677098e-01  -1.6236214e+00   1.4513453e+00  -3.3893254e-01   8.2777127e-01  -8.1678879e-01   7.0812829e-01  -4.1476045e+00  -2.9591544e-02  -1.2336431e-01  -2.6465475e-01
   8.2200634e+00   5.4260821e+00   1.6421273e+01  -3.4258532e+00   1.1538319e+01   6.3169756e+00   1.0748043e+01   5.6220660e+00   5.4607037e+00   4.1850168e-01  -8.5539036e-01  -1.0348070e-01  -3.3413365e+00   1.8605721e+00  -8.5157379e+00   2.9877430e+00  -3.9440900e+00   4.0942267e+00  -6.3051747e+00  -1.8754375e-01  -6.7143650e+00   2.2346522e+00  -9.6173110e-01   6.1044570e-02
   7.9263423e+00   4.1933687e+00   1.6946916e+01  -4.5407486e+00   1.2457759e+01   4.2819845e+00   1.3025028e+01   2.7778930e+00   3.3062395e+00   1.3593353e+00  -2.3244015e-02   2.4783494e-01  -2.2523508e-01  -4.6150076e-01  -1.9292685e+00   7.1386369e-01   3.7239911e+00   2.5119021e+00  -4.4952853e+00  -4.7023074e+00  -1.5816769e+00   2.5707857e+00  -2.0237039e-01   4.1698564e-01
   6.7984082e+00   3.4586623e+00   1.1403104e+01  -5.7420078e+00   9.1992039e+00   8.3916863e+00   7.4885172e+00   1.4424079e+00   2.5812343e+00   3.4924339e+00  -5.0463989e-01   4.5002431e-01   1.6412985e+00  -8.5436209e-01   3.9388074e+00  -1.8771185e+00   6.2714334e+00   1.9446821e+00  -7.7294074e-01  -4.6625794e+00   4.7347677e+00  -4.8542955e-02   1.2607610e+00   3.6264262e-01
   9.2162524e+00   5.2685873e-01   2.1723884e+01  -5.7304151e+00   2.0248674e+01   7.2296750e+00   1.2374249e+01  -2.2470377e-01   7.9385175e+00   1.7447483e+00  -7.2495020e-02   2.1289655e-01   2.8788480e+00   2.8319807e+00   2.0870485e+00  -7.4522056e-01   4.3993411e+00   1.1120566e+00   1.2774816e-01  -1.4218458e+00   3.9708611e+00  -5.9877502e-01   2.2009412e+00   1.5502767e-01
   1.0037056e+01   5.9777940e+00   1.9941001e+01  -5.6466977e+00   1.7050012e+01   7.7601535e+00   9.9140220e+00   1.2949530e-01   1.0246716e+01   1.5298073e-01   1.0603767e+00   4.5795241e-01   2.4013825e+00   3.3831202e+00  -3.3894505e-01   1.7608469e+00   6.7023257e-01  -1.7929906e+00   3.4252060e-01  -1.6942353e-01   1.6808550e-01   1.5869294e-01   2.9505410e+00   1.3039689e-01
   1.0625290e+01   7.1817740e+00   1.5808540e+01  -5.7062346e+00   1.5131367e+01   6.2658358e+00   1.2003898e+01   1.3015805e+00   5.4297901e+00   2.1308993e+00   2.4956596e+00   4.7641239e-01  -4.8661587e-01   2.1156144e+00  -9.5884120e+00   4.8865436e+00  -5.9832032e+00   4.2392667e-01  -5.0658624e+00   1.6443717e+00  -5.6214643e+00   1.8652928e+00   2.3445917e+00   2.7856301e-01
   9.6959629e+00   5.2058850e+00   1.3852358e+01  -3.1128278e+00   1.2763206e+01   6.1841201e+00   8.1874736e+00   4.2513045e-01   4.0877262e+00   3.5373978e+00   2.6370943e+00   5.1386173e-01  -9.3312184e-01  -1.7235047e+00  -6.3742155e+00   3.0762114e+00  -3.3790529e+00   2.6324589e+00  -1.3726999e+00   1.2532977e+00  -3.1128545e+00   2.1238649e+00   1.0437881e+00   3.1613316e-01
   8.6568752e+00   4.0862348e+00   1.0385587e+01   3.3246534e-01   1.3417272e+01   8.6535817e+00   5.6387293e+00   2.0940362e+00   2.5858161e+00   2.8504790e+00   2.6560337e+00   6.0278641e-01   1.3414161e+00  -1.3533593e+00  -2.3138320e+00  -3.8648317e+00  -6.6298320e-01   4.8418427e+00   8.8587012e-01  -1.2755793e+00   3.4532070e+00  -7.1968739e-01   2.4346279e-01   1.1041195e-01
   9.6215810e+00   4.9403066e+00   1.3091154e+01  -4.0517305e+00   1.2838480e+01   1.0514969e+01   1.1037556e+01   1.6132140e+00   6.9994216e+00   2.9789882e+00   2.5458717e+00   8.6896514e-01   4.8406996e+00  -1.5623539e+00  -2.3811816e+00  -1.2337963e+01   3.5966031e+00   2.5046214e+00   3.8536322e+00  -1.5473298e+00   6.9504861e+00  -1.3849982e+00  -2.3618472e-01  -1.5754236e-01
   1.2674606e+01   5.2845242e+00   1.2718394e+01  -1.1034031e+01   1.4099256e+01   1.1363175e+01   1.1907662e+01  -1.2058302e+00   9.1537529e+00   1.3305730e+00   2.9064650e+00   4.6447861e-01   4.7798502e+00  -6.9298765e+00  -8.1909149e-01  -1.9502295e+01   4.9455530e+00   3.2806540e+00   3.6616854e+00  -4.6245894e+00   5.7994358e+00   4.9791035e-01  -7.8703045e-01  -1.9487021e-02
   1.4948147e+01   2.2632095e+00   9.1141819e+00  -1.5936525e+01   1.7817119e+01   8.5862554e+00   1.0833456e+01  -2.4593108e-01   1.1229487e+01   2.2198535e+00   2.1576016e+00   3.4670210e-01   2.5734502e-01  -7.9221729e+00  -6.7220260e+00  -1.4987932e+01   2.0615047e+00   6.5360430e+00  -2.6403474e+00  -3.6666952e+00  -1.0714669e+00   3.0042041e+00  -1.4049444e+00   2.0194068e-01
   1.3163367e+01  -4.9700314e+00   1.1145436e+01  -2.2978580e+01   1.8346282e+01   1.4538919e+01   1.1233308e+01  -3.9132754e+00   9.1699370e+00   3.9769119e+00   1.6696231e+00   8.3468740e-01  -2.3913763e+00  -6.0967760e+00  -8.4467382e+00  -8.2843084e+00   1.0290116e+00   4.7308728e+00  -6.6101665e+00  -2.7956816e+00  -5.3788786e+00   4.2713093e+00  -2.4294698e+00   3.0961567e-01
   9.7632176e+00  -1.8156749e+00   3.7945939e+00  -2.0561354e+01   1.3807224e+01   1.8731161e+01   7.4142122e+00  -2.5331062e+00   5.3841292e+00   6.1621249e+00   1.0568761e+00   9.8677176e-01  -1.0571130e+00  -6.9375360e-01  -6.8480047e+00  -4.0716715e+00   9.7559520e-02   3.5915970e+00  -3.9897953e+00  -3.5680588e+00  -5.0734688e+00   2.7392209e+00  -2.2025842e+00  -1.1858699e-01
   1.1680006e+01  -1.8211976e+00   2.7080809e+00  -2.1148079e+01   1.7647721e+01   1.3387032e+01   3.7020336e+00  -4.2557651e+00   4.0081138e+00   5.7664014e+00  -1.8737693e-01   6.0886728e-01   3.1706887e+00   2.9345439e+00  -9.1599098e+00  -1.8518557e+00   1.6401321e+00  -1.4799104e+00  -4.1969324e-01  -4.4616068e-01   4.0075846e-01   1.1840237e-01  -1.6798360e+00  -5.2982963e-01
   1.4104158e+01  -3.5183784e-01   3.0608525e+00  -2.2959282e+01   1.8312739e+01   1.4549595e+01   8.6143997e+00  -5.4267744e+00   6.2001953e+00   5.4339401e+00  -2.1777474e-01   2.8173167e-01   6.0894567e+00   6.0844393e-01  -3.8332274e+00  -3.9164584e+00  -8.4785875e-01  -1.7855520e+00   5.7597625e+00   1.3512075e+00   3.6887724e+00  -1.9753196e+00  -8.1895937e-01  -7.9790380e-01
   1.5748930e+01  -1.3001341e+00  -2.2275579e+00  -2.4557399e+01   1.8553723e+01   1.4409837e+01   1.0003674e+01  -3.1356823e+00   9.3630417e+00   4.5186078e+00  -2.1280553e-01   3.9246300e-01   2.0014263e+00   1.6175958e+00  -2.7405790e+00  -6.8176278e-01  -9.1801606e+00   4.5407265e+00   6.9780753e+00   6.3042102e+00   3.1947880e+00  -2.3190449e+00  -2.2922137e-01  -2.7244040e-01
   1.6862941e+01  -1.1635408e+00   5.1257223e-01  -2.4731382e+01   1.2082435e+01   1.5541431e+01   1.2903036e+01  -1.0663363e+00   8.2398239e+00   3.8230422e+00  -1.5884869e-01  -1.0188180e-01  -1.6326765e+00   1.7049604e+00   1.6221321e+00   2.6308961e+00  -1.1754867e+01   1.2988205e+00   3.8691598e+00   7.7012550e+00  -9.0190413e-01  -1.8066632e+00  -4.1315880e-01   3.0094742e-01
   1.3302754e+01   1.0110475e+00  -1.2864740e-01  -2.1284673e+01   6.9926318e+00   1.9702203e+01   1.2024829e+01   3.0203313e+00   7.7804815e+00   3.0932830e+00  -5.6067200e-01   3.9201343e-01  -1.8786395e+00  -2.6792574e-01   3.5272565e+00   1.9673007e+00  -6.8772107e+00   3.2711767e+00   9.7885187e-02   7.5585544e-01  -2.0426895e+00  -3.2057971e-01  -3.6549441e-01   1.8924607e-01
   1.2878232e+01   1.0500119e+00   4.4445954e+00  -2.0649301e+01   6.4609832e+00   1.3851642e+01   1.3407562e+01   3.0471014e+00   5.6386192e+00   3.4366077e+00  -6.6357970e-01   7.3337759e-01  -8.4277198e-01  -2.3170472e+00  -2.9386871e+00  -8.6537878e-01   2.2197398e+00   5.3261504e+00  -4.6275987e+00  -3.7632240e+00   5.4611224e-01   9.8391426e-01  -1.3181853e+00   1.0904958e-01
   1.4923325e+01  -2.8087991e+00   1.0973153e+00  -2.3647488e+01   1.1048632e+01   2.0161496e+01   9.8982385e+00  -4.0586180e+00   7.5996098e+00   4.2309555e+00  -5.0868163e-01   2.5870241e-01   3.0937298e+00  -3.9247532e+00  -5.1391275e+00  -2.3031253e+00   6.4642637e+00   1.2745395e+00  -3.4002856e+00  -5.2981461e+00   8.8814868e-01   1.0950545e+00  -1.7875866e+00  -4.8801668e-01
   1.4788497e+01  -2.7291883e+00  -4.5084398e+00  -2.4848042e+01   1.3384044e+01   2.3301010e+01   7.0249327e+00  -3.1716976e+00   9.1494281e+00   4.7300773e+00  -2.1621218e+00   1.2834808e-01   1.8862285e+00  -2.1588134e+00  -5.2201758e+00  -1.6126725e+00   6.3210000e+00   8.2068739e-01   1.1794870e+00  -2.1352497e+00  -4.3912688e-01   6.2572393e-01  -1.6820457e+00  -3.3340638e-01
   1.6988216e+01  -2.9864822e+00  -3.3608210e+00  -2.2639991e+01   1.3227497e+01   1.6889329e+01   1.0115715e+01  -1.8174884e+00   7.3573001e+00   4.0891299e+00  -2.4927808e+00  -3.7496841e-02  -1.9043548e+00   1.7427208e+00   2.3934842e+00   1.3016931e+00   2.1068042e-01  -3.5913234e+00   7.0197756e+00   4.7119087e+00  -2.2119756e+00  -8.8475393e-01  -3.7828006e-01   4.3590819e-01
   1.4675129e+01  -2.0993666e+00  -1.1566002e+00  -2.3572059e+01   1.4853051e+01   1.6718757e+01   1.5068054e+01  -1.2763380e+00   5.1010837e+00   4.4461064e+00  -2.1945987e+00   3.8136765e-01  -2.7911156e+00   1.7593364e+00   9.5281040e+00  -1.7334306e+00   1.2982450e+00  -3.8493615e+00   7.1990363e+00   9.5423210e-01  -2.2556150e+00  -7.6431617e-01   1.0986647e+00   4.3320048e-01
   1.2123477e+01  -5.0962871e-01   3.0116217e+00  -2.2332940e+01   1.0630150e+01   1.8065638e+01   1.6406341e+01   2.0615653e+00   6.3058185e+00   3.0458100e+00  -1.0598632e+00   7.8605492e-01  -2.3027010e+00   1.1591334e+00   5.4219548e+00  -6.1512862e+00   4.7373631e+00   3.6620658e-01   1.5265364e+00  -2.7365368e+00  -3.9883030e-01   1.4857958e+00   7.7532618e-01  -1.5750265e-01
   1.3034193e+01  -1.3286104e+00   6.5974949e+00  -2.7601713e+01   1.6630085e+01   1.6938813e+01   1.4678174e+01  -3.6798763e+00   6.2917463e+00   4.1052630e+00  -1.2305835e+00   3.6637293e-01   1.5641968e+00  -1.4255666e+00   4.6074748e-01  -2.5820941e+00   2.7887256e+00  -1.4748184e+00  -3.0719882e+00  -3.4091125e+00   9.5473358e-01   1.6632960e+00  -1.3827980e-01  -5.7977897e-01
   1.4354632e+01  -1.6331602e+00   8.9506356e-01  -2.9852093e+01   1.9445024e+01   1.7328611e+01   1.2600460e+01  -4.7205245e+00   6.1637234e+00   6.4882453e+00  -1.8117992e+00  -2.6625346e-01   3.2102705e+00  -2.5625472e+00  -3.6402623e+00   9.0508656e-01  -1.1271324e+00   2.6320381e+00  -7.3086344e-01  -4.2723386e+00   2.1653706e-01   9.4270623e-01  -3.1356012e-01  -3.4681846e-01
   1.5905846e+01  -3.6759508e+00   5.9280011e-01  -2.3685624e+01   1.4628702e+01   1.4875043e+01   1.2363013e+01  -2.9989619e+00   6.6042317e+00   5.2198327e+00  -2.0260504e+00   3.7853378e-02   1.0725721e+00  -1.6331755e+00  -4.4423837e-01   6.1738211e+00  -7.4447834e+00   2.6993228e+00   3.3235154e+00   1.0684751e+00   1.2875231e+00  -3.0708856e+00   3.9495064e-01   4.9250048e-01
   1.5503056e+01  -3.1797793e+00   5.5357565e-01  -2.2933355e+01   9.9401426e+00   2.3045580e+01   1.6467626e+01  -4.6873998e+00   6.4743814e+00   3.9025845e+00  -1.1324699e+00   4.3008700e-01  -8.9262995e-01   6.0965988e-01   4.8198815e+00   3.7443578e+00  -7.5504439e+00   5.0113601e-01   2.1713137e+00   2.2406524e+00   2.5005389e+00  -4.5151209e+00   3.3513497e-01   8.6852399e-01
   1.4068839e+01  -3.0050642e+00   6.1018813e+00  -2.1800350e+01   1.0215351e+01   1.8129313e+01   1.7729864e+01  -2.0937260e+00   8.0677019e+00   7.9176502e-01  -9.7782214e-01   7.5695342e-01  -1.0708213e+00   1.0613022e+00   4.5073235e-02  -1.4064645e+00  -1.3064997e+00  -2.0712692e+00  -2.2851723e+00   2.2764414e+00   2.8321020e+00  -2.3510292e+00  -5.4902454e-01   4.2791353e-01
   1.3934191e+01  -1.0541137e+00   5.3703451e+00  -2.5178193e+01   1.0326034e+01   1.6453180e+01   1.3174005e+01  -1.8121639e+00   9.1827966e+00   1.9295978e+00  -1.8332109e+00   6.7698251e-01   8.0982751e-01   7.7609490e-01  -6.2620973e+00  -6.4291703e-02   1.0105888e+00  -3.6658636e+00  -6.0947824e+00   2.0595293e+00   3.4889059e+00   8.4564844e-01  -1.1855837e+00  -4.1457051e-01
   1.5084047e+01  -3.1468303e+00  -1.7479748e+00  -2.4672902e+01   1.2476007e+01   1.5064339e+01   1.0582065e+01  -1.0219177e+00   9.4981771e+00   2.6797823e+00  -2.4992168e+00   5.5627593e-01   1.0200394e+00   1.9957293e-01  -6.7242492e+00  -5.1402865e-01   8.0371522e-02   5.1652783e+00  -1.3671514e+00  -1.3540601e+00   1.5275256e-01   1.6477392e+00  -9.0699293e-01  -4.2795537e-01
   1.6210194e+01  -1.9447539e+00  -4.9146423e+00  -2.1593517e+01   1.0325698e+01   1.9079271e+01   1.0899352e+01  -2.1340099e+00   1.0992503e+01   4.2270486e+00  -2.1501481e+00  -9.1430013e-02  -2.8252026e+00   4.1343525e-01  -1.8219128e+00   5.6382101e+00  -1.1503130e+00   7.3722421e+00   4.5129939e+00   1.8790663e+00  -3.0274742e+00  -8.4258353e-01   6.3344441e-01  -9.3498418e-03
   1.4460897e+01  -2.2603846e+00   1.1580012e+00  -2.4363731e+01   1.0336076e+01   2.4564185e+01   1.6816463e+01  -3.9638931e+00   7.3919777e+00   2.1146485e+00  -2.1798429e+00   4.9922663e-01  -3.3919897e+00   3.3507923e+00   8.2685667e+00  -3.5538430e+00  -2.7967133e+00   5.5528550e+00   6.7261921e+00  -1.6575465e-01  -2.4761284e+00  -1.1225046e+00   1.4097340e+00   3.7696430e-01
   1.0007962e+01  -8.7718360e-01   1.1844879e+00  -1.6875463e+01   9.6705296e+00   2.2761620e+01   1.6826297e+01   2.4774232e+00   5.6946849e+00   9.4828938e-01  -1.0427312e+00   6.9148240e-01  -1.8887203e+00   2.6183054e+00   6.7759084e+00  -1.0640502e+01  -1.8675635e+00   1.6065345e+00   3.6704883e+00  -7.8995882e-01  -1.0163990e+00   1.0560373e-01   3.7514177e-01   5.3078525e-01
   1.3097178e+01   1.3455731e+00   7.6053101e+00  -3.2362693e+01   8.6085209e+00   2.1552447e+01   1.7707881e+01  -3.5762663e+00   8.4328934e+00   2.6354050e+00  -9.3832416e-01   7.3026617e-01   2.2711541e+00   5.6758228e-01  -4.0038036e-01  -7.9429917e+00  -2.5573827e+00  -3.5831122e+00  -1.4121771e+00  -8.4658877e-02   2.4042660e+00   2.3536920e+00   2.0753859e-01  -3.5761811e-01
   1.4058973e+01   1.7972529e-01   2.0255658e+00  -3.3554789e+01   8.3881305e+00   2.2994942e+01   1.5959376e+01  -3.5127616e+00   8.9474463e+00   4.1250759e+00  -2.2081948e+00   5.8922809e-01   3.6536937e+00  -1.4172743e+00  -4.3261027e-01  -6.7052105e+00  -1.7592678e+00  -3.6931799e-01   2.5711357e-01  -1.6604015e+00   1.3849793e+00   1.4091612e+00  -9.6421323e-02  -5.0183634e-01
   1.5842123e+01  -1.9374657e+00   1.3689173e-01  -2.7938556e+01   7.1412018e+00   1.9072856e+01   1.5131658e+01  -1.0957890e+00   9.3719960e+00   4.0567932e+00  -1.2858033e+00   1.3926623e-02  -1.7297053e-01  -3.5191354e+00  -5.4249875e-01   5.1052850e+00   1.0033772e+00  -2.8549494e-01   3.9256001e+00   2.1853802e+00  -4.9551519e-01  -6.3604851e-01   7.2598451e-01  -3.8960660e-01
   1.4116030e+01  -1.3615757e+00   4.2697817e+00  -2.9145348e+01   7.7652875e+00   2.3447439e+01   1.8500079e+01  -1.2534177e+00   7.3026027e+00   2.3513371e+00  -1.0136236e+00   2.9689766e-01  -2.0311451e+00  -1.3161693e+00   3.4018966e+00   6.5794187e+00   5.7978675e-01  -1.2543926e+00   3.3620936e+00   9.7795424e-02  -1.4324633e+00  -4.3838122e-01   1.0122780e+00   1.6729601e-01
   1.2809194e+01  -3.1624796e+00   5.6694541e+00  -2.6909487e+01   1.0425008e+01   2.0897956e+01   2.2325930e+01  -1.4278679e+00   8.5120425e+00   2.5682016e+00  -4.4663297e-01   2.9202148e-01  -1.5724042e+00  -3.5533649e-02   1.5470648e-01  -2.3087970e-01   4.3538387e+00   2.8305276e-01  -3.6104235e-01  -2.9527204e+00  -6.3447362e-01   1.7298454e+00  -3.2487809e-01   1.4261490e-01
   1.2528720e+01  -1.1820217e+00   4.3621296e+00  -2.4200196e+01   7.6159074e+00   2.0200803e+01   1.7405380e+01  -3.2000290e+00   7.2287281e+00   4.2117999e+00  -1.1093629e+00   7.0112467e-01  -2.9646900e-04  -5.8915787e-01  -8.8172767e+00   3.6322370e+00   3.1215027e+00  -2.4341912e+00  -7.1102891e+00   4.1378002e-01   1.1022330e+00   3.0513291e+00  -9.3045181e-01  -3.2328042e-01
   1.4277172e+01  -2.0805431e+00   3.2277751e-01  -3.0757451e+01   1.3746650e+01   2.1120753e+01   1.5137444e+01  -4.5515640e+00   8.4572228e+00   5.7213299e+00  -1.7252507e+00   2.5735477e-02   3.5131687e+00  -6.8086155e-01  -8.7547635e+00   4.8423544e+00  -1.2639311e+00   1.8161422e+00  -7.4139009e+00   2.5951035e+00   3.7028598e-01  -8.7189047e-01  -4.4294723e-01  -3.4643367e-01
   1.3381597e+01  -2.7862807e+00  -6.2827951e+00  -2.1773010e+01   1.0786721e+01   1.9684754e+01   1.1428888e+01   9.2910037e-01   8.9833620e+00   5.3517666e+00  -1.7699925e+00  -5.4879959e-02   5.4302959e-01   1.2357046e-01  -5.6657900e+00   6.9243874e+00  -3.1457073e+00   4.7764275e+00  -1.2462983e-01   8.2773904e+00  -1.0220960e+00  -4.4930688e+00   4.5243642e-01  -2.4041376e-01
   1.7652508e+01  -3.3816424e+00  -2.1402289e+00  -2.0859548e+01   6.9437049e+00   2.3880194e+01   1.4193324e+01   4.0022265e-01   8.1901546e+00   6.9038256e-01  -7.8073905e-01   1.5037330e-01  -3.3829503e+00   1.8034013e+00   4.9204952e+00   8.1189168e+00  -5.5044235e+00   1.8591925e+00   5.5206247e-01   7.4377499e+00  -1.7282104e+00  -5.2955652e+00   1.0898821e+00   7.0808450e-01
   1.1655596e+01  -3.4611635e-01  -2.9050522e+00  -1.8762566e+01   6.2988189e+00   2.5985723e+01   1.7690495e+01   6.7401632e+00   5.8291183e+00  -1.2329675e-02  -9.0296413e-01   2.7818512e-01  -2.5290573e+00   1.1259075e+00   8.7551452e+00  -4.1861511e+00   7.8700755e-01   8.0446988e-01   6.7155255e-01   1.8347543e-01  -8.5514650e-01  -2.5291472e+00   5.4553613e-01   6.9507636e-01
   1.0065747e+01  -5.9552338e-01   6.0146489e+00  -2.0084298e+01   7.7339654e+00   2.0759057e+01   1.2834734e+01   3.6995294e+00   7.4420290e+00   4.6003018e-01  -5.2394173e-01   9.2132968e-01  -2.7076670e+00  -9.0689444e-01  -1.1749454e+00  -1.7984600e+00   2.4598579e+00  -3.4587352e+00  -2.2965578e+00   4.3234987e-01   7.6044576e-01   2.3196604e+00   3.8587762e-02   1.1508381e-01
   1.3381391e+01  -2.4904790e+00   2.7724838e+00  -2.8439862e+01   1.1572102e+01   2.2452027e+01   1.3115512e+01  -4.4533986e-01   8.0747050e+00   1.6732219e+00  -1.0800869e+00   6.0225639e-01   2.8507284e+00  -1.6227024e+00  -3.8677101e+00   7.1534818e-01   8.6955359e-01  -2.0060892e+00  -2.9081102e+00  -1.6311169e+00   3.8305648e-01   1.8845868e+00   1.9504969e-01  -4.7272965e-01
   1.2728110e+01  -3.6698027e+00  -6.7414150e+00  -1.8718590e+01   7.9968503e+00   2.0458939e+01   1.3035979e+01   4.6414990e+00   8.2080299e+00   3.3270973e+00  -6.3429601e-01   1.6096338e-01   2.4630998e+00  -6.0918673e-01  -4.5822739e+00   1.5162101e+00  -2.8137808e-01   4.3211401e+00   3.2072819e+00   8.2737590e-01  -2.0133395e+00  -2.2658702e-01   1.9724915e-01  -7.9875717e-01
   1.4600507e+01  -1.2430302e+00  -2.3285854e+00  -1.8372398e+01   7.4717069e+00   2.3126649e+01   1.3227707e+01   3.8225031e+00   6.0207026e+00   1.3810170e+00  -5.5521245e-01  -5.0726197e-02  -5.7265262e-01   1.1944234e+00   7.5638537e+00   1.1965239e+00  -8.8748764e-01   2.4795375e+00   4.6793934e+00  -1.1524656e+00   2.0150414e-02  -1.4781073e+00   1.1992277e-01  -1.5730355e-01
   1.3150839e+01  -2.1330279e+00   1.6917727e+00  -2.2843715e+01   9.3620958e+00   2.6903456e+01   1.7589559e+01   2.8066718e+00   5.4490210e+00   2.6625212e-01  -4.9050524e-01   4.9685220e-02  -7.8452350e-01   2.2277055e+00   1.3083107e+01  -9.7933078e+00   2.0735601e+00   4.5792492e-01   3.6948310e+00  -7.6648738e+00   2.0449488e+00  -1.7798763e-01  -1.2326005e+00   4.6623794e-01
   1.2311048e+01  -1.4672313e+00   9.9016705e+00  -2.4582514e+01   9.5582476e+00   2.2949075e+01   1.7857812e+01  -1.2566247e+00   9.4844350e+00   9.8648355e-01  -9.7209815e-01   4.2194015e-01  -8.5882404e-01   7.1898599e-01   3.8219526e+00  -1.1151071e+01   4.1104264e+00  -3.8322172e+00   1.3203114e+00  -8.2823327e+00   4.5993986e+00   3.5035807e+00  -2.2020075e+00   3.2027266e-01
   1.2696054e+01  -2.1614391e-01   6.7681180e+00  -3.0303494e+01   1.0063920e+01   2.1234614e+01   1.6263173e+01  -4.3162478e+00   9.5435868e+00   3.2573826e+00  -2.2747539e+00   6.2398711e-01   1.3292390e+00   1.4935768e+00  -6.5477753e+00   1.7988813e+00   5.3364889e-01  -7.1056503e+00  -3.6422033e+00  -7.9654220e-01   4.8018447e-01   2.8253241e+00  -1.4552506e+00  -1.2012553e-01
   1.3539663e+01  -1.1229932e+00   8.6617087e-01  -3.1369114e+01   1.3286434e+01   2.0212744e+01   1.5871367e+01  -5.0395362e+00   1.0872518e+01   5.1408228e+00  -2.9660994e+00   1.4253185e-01   6.7323429e-01   6.7386877e-01  -1.0599149e+01   1.0175994e+01  -1.2608128e+00  -6.3864101e-01  -2.4032209e+00   4.7468201e+00  -5.6229052e+00  -1.1678272e+00  -1.4697407e-01  -9.8659631e-02
   1.4530390e+01  -6.4781682e-02  -3.6121405e+00  -1.6752093e+01   8.2984758e+00   1.7613146e+01   1.3119477e+01   3.5033143e+00   5.4752565e+00   2.4270686e+00  -1.6763806e+00   9.2010729e-03  -4.9863122e-01  -1.6753753e+00   3.2913114e+00   9.1986957e+00   2.4485157e-01   2.6081917e+00   5.4392577e-01   2.4623594e+00  -3.8236244e+00  -4.2244439e+00   1.4765176e+00   2.0960380e-01
   1.2403732e+01  -5.3210925e-01  -8.0692382e-01  -1.6094223e+01   8.5497506e+00   2.3801847e+01   1.5824829e+01   1.9538244e+00   3.0842424e+00  -3.5010025e-01  -1.4917459e+00   5.8134372e-01  -1.4487524e+00  -2.6162580e+00   1.2113279e+01  -1.7690329e+00  -1.7362697e+00   7.1182953e+00   7.7078520e-01  -3.3797003e+00   2.3441984e-01  -3.3327123e+00   1.2103910e+00   4.1274763e-01
   1.2516073e+01  -3.0246488e+00   1.2541632e+01  -2.4142896e+01   1.2799539e+01   2.3352350e+01   1.7102331e+01  -4.1193891e+00   7.7022877e+00  -3.3382176e-01  -7.9715423e-01   7.1898687e-01  -1.0038124e+00  -4.1002689e+00   8.9847563e+00  -1.3521861e+01   9.4163577e-01   9.2628787e+00  -1.4572975e+00  -7.7613089e+00   6.4680250e+00   1.0208652e+00  -6.9896032e-01  -4.1358623e-02
   1.2373693e+01  -3.5674467e+00   1.0959203e+01  -3.0327262e+01   8.4314980e+00   2.8020585e+01   1.5036118e+01  -6.2977351e+00   1.0110632e+01   1.5221996e+00  -1.5901262e+00   4.0676040e-01   3.1470594e-01  -3.0727700e+00  -2.7897469e+00  -3.4729043e+00  -4.9504817e-01   3.1695394e+00  -4.9168514e+00   9.2633950e-01   4.8797615e+00   3.0718379e+00  -9.4030415e-01  -8.7270156e-01
   1.3039691e+01  -4.6975162e+00   3.9819305e+00  -2.9918364e+01   9.7700557e+00   2.9398095e+01   1.1327886e+01  -4.0128694e+00   1.1664099e+01   3.0222164e+00  -2.6756309e+00   3.4454801e-02   7.7746129e-01  -3.7276952e-01  -1.2115453e+01   6.0823388e+00  -3.8254478e+00   2.0325707e+00   2.5835139e-01   6.5007647e+00  -2.1322857e+00   6.7387190e-01  -1.1882154e+00  -4.3724294e-01
   1.2613982e+01  -4.3048306e+00  -7.1169320e-01  -1.8415845e+01   9.3219201e+00   2.5533283e+01   1.1336774e+01   3.2900738e+00   8.4229789e+00   2.5796375e+00  -1.9629638e+00  -3.8544259e-01   2.7195560e-02   2.0764707e+00  -6.7811667e+00   5.8217486e+00   7.1646839e-01   5.1817758e-01   6.9890104e+00   6.3528839e+00  -4.6164484e+00  -1.5566392e+00  -6.4318365e-01   1.2377201e-01
   1.3562121e+01  -3.2151111e+00   2.0390171e-01  -2.0975096e+01   6.6161565e+00   2.7644857e+01   1.9339530e+01   8.3785363e-01   5.3476856e+00   1.4826711e-01  -2.3930585e+00   4.5922395e-01  -6.8357828e-01   1.5466269e+00   5.9143639e+00  -9.9112616e-02   1.6211624e+00  -5.0666775e+00   7.9869187e+00  -7.2834178e-01  -2.3083195e+00  -1.1291550e+00   9.4433520e-01   5.7692156e-01
   1.2153271e+01  -1.1939432e+00   2.6764676e+00  -2.6066273e+01   1.1083150e+01   2.9674471e+01   2.1513812e+01   8.0622934e-01   6.3441660e+00   6.2421539e-01  -2.6961878e+00   3.8003384e-01  -3.4567707e-01  -4.0161676e-01   6.3467993e+00  -7.8191992e+00   3.9733602e+00  -4.7299741e+00   2.8225545e+00  -7.5272927e+00   1.9086553e+00   1.9924359e+00   3.0695360e-01   5.7990549e-01
   1.2244679e+01  -3.9330195e+00   1.1159396e+01  -2.6241819e+01   1.1321184e+01   1.9727485e+01   1.8219745e+01  -3.8634598e+00   9.2410266e+00   2.3061950e+00  -8.9251610e-01   5.1709892e-01   2.1520299e-01  -3.6498031e+00  -6.1010759e-01  -1.6221003e+00   5.0414579e+00  -6.7029827e+00  -2.6153607e+00  -4.7106943e+00   4.9327942e+00   4.4380511e+00   3.2125225e-01  -1.3008878e-01
   1.2754187e+01  -4.5483015e+00   3.3307587e+00  -2.7511282e+01   1.2929446e+01   2.2397008e+01   1.6130498e+01  -5.6502085e+00   9.3392913e+00   4.4893274e+00  -2.2528046e+00   4.5547816e-01   1.6178700e+00  -3.7233076e+00  -3.0820196e+00   1.3409854e+00   1.6940011e+00  -5.2731506e+00  -3.4366327e+00   1.2651370e-01  -3.0749123e-01   2.1025012e+00   1.0501288e+00  -3.6859328e-01
   1.3584467e+01  -7.0126366e+00  -1.0384052e+00  -2.2685742e+01   1.3255195e+01   2.1229114e+01   1.8108145e+01  -2.9999689e+00   1.1249314e+01   4.8727877e+00  -2.1328718e+00   2.2636863e-01   2.3271163e-01  -8.5244582e-01  -5.1156548e+00  -6.9153058e-01   2.5309627e+00   1.4526541e+00   2.6758511e-01   5.3125208e+00  -4.5130064e+00  -1.1414503e+00   5.7892984e-01  -4.1447889e-01
   1.3910182e+01  -5.2390961e+00   4.1523388e+00  -2.5832833e+01   1.2657146e+01   2.1013930e+01   1.6414662e+01   5.6425442e-01   4.8787854e+00   2.4946709e+00  -5.0081680e-01  -2.7490930e-02  -1.9893068e+00   1.4703338e+00   4.9541210e+00   1.6216449e+00  -2.1929458e+00   1.7957518e+00   4.0617179e-01   6.1082406e+00  -2.0436377e+00  -3.6524661e+00   1.2301604e+00   1.0151334e-01
   1.2015749e+01  -4.8662910e+00   3.0751235e+00  -2.8118340e+01   1.5253778e+01   2.2598005e+01   1.8479041e+01   9.9808986e-01   4.7017701e+00   1.5913478e+00  -9.0011525e-01   1.3686513e-01  -1.9777198e+00   2.6087285e+00   9.0036465e+00  -3.6746043e+00  -5.7011674e+00   4.7046305e+00  -3.8510837e+00  -2.4939062e-01   2.0846775e+00  -9.2512163e-01   5.6440894e-01  -1.5606143e-01
   1.0554586e+01  -3.4159736e+00   8.7051758e+00  -2.2362516e+01   8.6407361e+00   2.4406190e+01   1.6554308e+01   1.5131231e+00   9.5476068e+00   6.5134817e-01  -1.0239423e+00   6.5249993e-01  -1.4941477e+00   3.8212863e-01   2.3443374e-01   1.8844437e+00  -8.2341859e+00   4.5302920e+00  -6.4366734e+00  -4.5000249e-01   6.0983804e+00   2.2059583e+00  -6.1729132e-01  -3.1296162e-01
   1.2295685e+01  -4.0111051e+00   1.0190646e+01  -2.9932807e+01   6.7116493e+00   2.6589930e+01   1.2261697e+01  -3.8484891e+00   1.2041920e+01   4.4067666e+00  -1.0246956e+00  -3.4771894e-01   1.9257035e+00   7.6782423e-02  -2.8426845e+00   3.3410539e+00  -4.9979367e+00  -3.9284241e-01  -4.2757855e+00   8.3730496e-01   1.9619622e+00   1.6587820e+00  -5.8682791e-01  -5.6409232e-01
   1.1528992e+01  -5.0934961e+00   9.4622813e-01  -2.2098934e+01   4.5769322e+00   2.5813406e+01   9.8683243e+00   2.3125402e+00   1.0356281e+01   4.3958990e+00  -1.3644636e+00  -2.5464132e-01   1.5696252e+00   1.9789072e+00  -8.7545507e+00   3.3425786e-01   4.9450704e+00  -8.2302195e-01   2.1216161e+00   2.3054988e+00  -5.3102538e+00  -4.3623153e-01  -6.6431093e-01  -3.4927439e-01
   1.4417101e+01  -3.9123561e+00   2.6905706e+00  -2.3238550e+01   9.7887753e+00   2.1305134e+01   1.5408355e+01   1.8543387e+00   7.2403763e+00   2.2072454e+00  -1.6100965e+00  -2.5570272e-01  -1.8775333e-01   3.4499456e+00  -1.6270761e+00   5.3914588e-01   9.3931101e+00  -1.6872183e+00   8.2086918e+00   2.3647083e+00  -4.7162854e+00  -4.7141831e+00  -3.7764141e-01   6.0231459e-01
   1.1848316e+01  -4.9698729e-01  -6.7661255e-01  -2.5208258e+01   1.4519779e+01   2.5814056e+01   1.8163404e+01   2.1199574e+00   3.9829978e+00   1.0967615e+00  -1.7277083e+00   8.2580224e-02  -1.1184406e+00   2.8665850e+00   8.7162630e+00  -8.2361650e+00   9.2282940e+00  -1.0516375e+00   4.9408800e+00  -6.1598159e+00   5.7895370e-01  -2.1012389e+00   6.2205344e-01   1.0866401e+00
   1.1854393e+01  -1.1344411e+00   8.5614523e+00  -2.7569426e+01   1.5829891e+01   2.4058777e+01   2.0427195e+01  -2.0513526e-01   8.1541333e+00  -1.0149393e+00  -1.4095354e+00   3.8714217e-01  -2.0353712e+00   3.5797651e-01   5.0828800e+00  -8.5271912e+00   4.0809294e+00   5.7282734e-01  -9.2384634e-01  -8.6527818e+00   4.6255515e+00   2.7049886e+00   1.5824982e-01   1.0799916e+00
   1.1132685e+01  -2.1825762e+00   1.1085182e+01  -3.2287743e+01   1.5398815e+01   2.2859128e+01   1.4770224e+01  -5.8974466e+00   1.0767833e+01   2.8551331e+00  -5.3166399e-01   1.0538964e+00   5.5214810e-01  -1.9420474e+00   2.8911048e-01  -5.7125957e-01  -1.8082026e+00  -5.4816463e+00  -2.3698578e+00  -4.1015001e+00   4.0488814e+00   4.1166142e+00  -2.4341869e-01   4.2234679e-01
   1.1721860e+01  -2.5325969e+00   4.4339934e+00  -3.2489594e+01   1.5470651e+01   2.3641838e+01   1.5719175e+01  -7.1161320e+00   1.0786286e+01   5.3855425e+00  -1.9707439e+00   8.7862664e-01   2.3308110e+00  -1.5630219e+00  -7.9335241e+00   6.1799316e+00  -3.9410086e+00  -2.3718857e+00  -3.4637203e-01   2.2344927e-01  -2.3007874e+00   2.9418885e+00  -1.1624758e-01  -4.7841271e-01
   1.2742805e+01  -2.7109804e+00   1.8207826e+00  -2.3605064e+01   1.1987095e+01   1.7800056e+01   1.6962627e+01  -5.7679436e-01   8.7402436e+00   4.0714419e+00  -1.8122321e+00   4.7035817e-01   2.1331349e+00  -9.3222386e-01  -5.1818691e+00   7.7510744e+00  -2.0269926e+00   7.0646826e-01   3.7775546e+00   3.9934139e+00  -4.2110143e+00  -2.0101995e+00   3.3892354e-01  -9.2375791e-01
   1.4545550e+01  -3.2147719e+00   1.2933657e+00  -2.2640869e+01   1.1624239e+01   2.3030485e+01   1.8811436e+01  -2.5302875e+00   5.7167470e+00   2.7897390e+00  -9.4362272e-01  -3.8707765e-02   8.1286331e-01  -1.4749350e+00   7.5326732e+00   4.3823407e+00  -2.5148919e+00  -4.7631386e-01   9.9935275e-01   3.0148412e+00  -3.1920776e+00  -2.5757584e+00   3.2662792e+00  -9.8806925e-01
   1.2920542e+01  -3.2398245e+00   4.8826920e+00  -2.5585494e+01   1.4281533e+01   2.4224507e+01   1.8890426e+01  -2.2002480e+00   6.9860812e+00   1.1377356e+00  -5.3683926e-01   1.2692678e-01  -2.8829963e-01  -2.2003982e+00   1.0331234e+01  -1.8460238e+00   1.9114222e+00   1.6192148e+00  -3.6401171e+00  -3.1726626e+00  -1.6739773e+00   4.9349721e-01   2.4856867e+00  -7.6372333e-01
   1.2852286e+01  -4.4805774e+00   1.4202049e+01  -2.4925867e+01   1.0551094e+01   1.9715142e+01   1.6254305e+01  -1.7821433e+00   6.8752507e+00   2.9887580e+00   2.2909785e+00  -4.3176154e-01  -1.3997562e+00  -2.0165085e+00   4.3423286e+00   1.5917612e+00   3.2149913e+00  -2.2257935e+00  -4.3469324e+00  -1.3546528e+00  -8.8333810e-02   1.9990361e+00   3.9521548e-01  -2.5919356e-01
   1.3156988e+01  -5.3786750e+00   1.0863292e+01  -2.5231600e+01   1.5390800e+01   2.1886549e+01   1.2781017e+01  -5.7098604e+00   5.6500258e+00   4.7121782e+00   2.9899735e-01  -4.7869994e-01  -3.8563089e-01  -2.4843271e-01   9.3215350e-01   2.2887179e+00   1.1884560e-01  -1.4286959e-01  -2.9502354e+00   8.2258957e-01  -2.1136877e+00  -5.8119205e-01  -1.1130923e+00   1.1751393e-01
   1.2327693e+01  -5.1701094e+00   4.8165585e+00  -2.0430174e+01   1.5892092e+01   2.0860773e+01   1.5345741e+01  -2.8074606e+00   6.2522740e+00   4.0010719e+00  -7.6871781e-01  -1.2468475e-01  -1.9677736e+00   2.4605989e+00  -3.5813802e+00  -5.9023449e-01  -8.4318481e-01   4.4123976e+00   1.3536632e+00   2.6791172e+00  -1.8249757e+00  -3.6032154e+00  -2.4620195e+00   9.1700764e-01
   1.2604393e+01  -3.2677076e+00   1.0973667e+01  -2.4400264e+01   1.1789302e+01   2.3437387e+01   1.4919354e+01  -4.5370501e-01   4.1270380e+00  -2.4020938e-01  -6.7662954e-01   1.4965928e-01  -3.2347705e+00   3.5852472e+00   2.9814309e+00  -8.4382165e-01  -3.7988106e+00   2.0760773e+00   2.6101397e+00   3.6558155e+00   2.9392967e-01  -4.4564150e+00  -7.0060622e-01   9.8304301e-01
   1.0176923e+01  -1.8451629e+00   8.7747907e+00  -2.6226887e+01   1.1087066e+01   2.5558320e+01   1.7215631e+01  -3.9154524e-01   4.8992811e+00   6.0128650e-02  -9.1423735e-01   6.2957031e-01  -2.1670092e+00   3.0226295e-01   8.7812214e+00  -5.0566209e+00  -9.4704714e-01  -1.2657027e+00  -1.7751181e+00  -1.6948192e+00   2.0831796e+00  -1.5913162e+00   8.4283157e-01   5.9643204e-01
   9.3802166e+00  -1.6632775e+00   1.3356322e+01  -2.3598976e+01   1.2095097e+01   2.2651892e+01   1.5761282e+01  -1.4340947e+00   6.7674167e+00  -1.9726371e-03  -6.7915222e-01   6.1873704e-01  -2.1860284e+00  -5.8567013e-01   8.1781675e-01  -9.5111809e-01   2.6237014e+00  -3.8462041e+00  -4.5828298e+00  -2.7892104e+00   2.9867052e+00   1.7845469e+00   4.3892554e-01   4.9612892e-01
   1.0689267e+01  -5.5189300e+00   1.6797063e+01  -2.8415749e+01   1.4318624e+01   1.9354967e+01   1.2262100e+01  -4.8594945e+00   8.0568539e+00   1.4949792e+00   4.9679088e-01   5.3542443e-01  -9.3653326e-01  -4.0854087e-01  -9.4955385e-01   1.6986257e+00   1.1777312e-01  -1.9786346e+00  -5.0111563e+00  -1.5982787e+00  -1.2920345e+00   1.7715789e+00   7.5049708e-01   6.9994478e-02
   9.0691781e+00  -2.3093292e+00   8.1892562e+00  -2.4732510e+01   1.4109076e+01   2.0769757e+01   1.0521875e+01  -2.4035459e+00   7.0283094e+00   1.7191858e+00  -7.2375535e-01   9.4092559e-01  -7.9664409e-01  -1.6233660e+00  -2.5827931e+00   2.3995932e-03   1.9069920e+00   1.9306386e+00  -7.9795895e-01  -1.8203159e+00  -3.9020675e+00   1.8219796e+00   6.0077303e-01   3.0021430e-02
   8.9276425e+00  -2.1349483e+00   9.9339930e+00  -2.3112182e+01   1.0256737e+01   2.3531435e+01   1.2318600e+01  -2.3042377e+00   2.8307831e+00   1.8569178e+00   2.3380984e-01   5.7346775e-01  -8.1187120e-01  -2.7332712e-01  -1.6228336e+00   3.7919001e+00   4.1147866e+00   7.1968086e-01   3.6560917e+00  -4.0760778e-01  -1.9714367e+00   6.1046609e-01   1.3963685e-01   1.1535514e-01
   9.0660628e+00  -5.7903173e+00   1.2913668e+01  -2.6247161e+01   1.6986529e+01   2.3459616e+01   1.4536093e+01  -5.4421970e+00   3.5273509e+00   2.5500274e+00   3.5349784e-01   6.4474752e-01   7.8653151e-01  -2.5285602e+00   6.2004808e+00   2.2502748e+00   1.1863839e+00  -4.8912285e+00   2.9910322e+00   3.0720082e-01   2.7009742e+00   4.8858646e-01   9.2968528e-01  -2.7154021e-01
   9.4730179e+00  -4.1884266e+00   1.2000607e+01  -2.1970574e+01   1.9052077e+01   1.9089559e+01   1.5739129e+01  -3.9515806e+00   6.8501781e+00   1.9952575e+00   1.6761957e-01   8.5654618e-01   1.2188744e+00  -1.7079502e-01   3.0786374e+00   9.6707031e-01  -9.8193485e-01  -6.2390771e+00   2.6942659e-02   1.3419942e+00   5.2936062e+00   2.5431742e-01  -1.7681407e-01  -2.1030044e-02
   9.9762876e+00  -5.0754304e+00   1.6456670e+01  -2.1927902e+01   1.1490981e+01   1.5653853e+01   1.3298159e+01  -1.1190733e+00   9.0700731e+00   2.3828956e+00   7.0386771e-01   3.9207606e-01   4.2512340e-01  -6.3325063e-01   1.8120994e+00   1.4552066e+00  -6.0878508e+00  -1.3897631e+00  -7.9697074e-01   2.6642186e+00   7.7155242e-01  -1.6281683e+00  -3.4416607e-01  -3.3105259e-01
   1.0300842e+01  -2.7485843e+00   1.2780448e+01  -2.3821206e+01   1.1531608e+01   1.8075701e+01   1.2977981e+01  -2.4528083e+00   7.9998312e+00   2.3219598e+00  -2.0659620e-01   6.6825842e-01  -1.5869332e+00  -4.2853694e+00   2.1481829e+00  -4.6252910e+00  -5.6599706e+00   7.8556745e+00  -1.2916487e+00   8.3134471e-01  -5.6309034e+00  -1.0530856e+00   7.6319412e-02  -4.4556570e-01
   9.2898360e+00  -7.4601144e+00   1.5241896e+01  -2.3139035e+01   1.1614987e+01   2.1881900e+01   1.4721211e+01  -2.1952553e+00   4.1098530e+00  -5.5576164e-02   2.4356628e-02   2.4231252e-01  -2.1055253e+00  -4.6667343e+00   9.9510201e-01  -7.6600532e+00   1.9676159e+00   8.3700221e+00   3.0113787e+00  -3.7312742e-01  -5.8296210e+00  -8.5019658e-01   8.7142789e-01   9.3248889e-02
   7.4358438e+00  -9.4241387e+00   1.5830268e+01  -2.8302944e+01   1.0500118e+01   2.7759047e+01   1.3090129e+01  -2.1664725e+00   8.8393303e-01   1.6348649e+00   6.2185423e-01   2.6307940e-01  -1.2030356e+00   1.3029289e-01   9.2430065e-01  -2.7301107e+00  -2.0214421e+00   3.8210547e+00   1.0945786e+00   1.4284393e+00  -4.1172587e-02  -2.6303856e-01   1.6493556e+00   3.3385831e-01
   8.2504985e+00  -8.7377547e+00   1.6424413e+01  -3.1177112e+01   1.4958150e+01   2.3367213e+01   1.7759153e+01  -1.8219323e+00   3.8835908e+00   1.4511482e+00   1.5967843e+00   7.3453890e-01   1.4056185e+00   3.7702200e+00   4.8415658e+00  -1.8010370e+00  -3.0253122e+00  -3.7101935e+00  -2.3044174e+00   3.1575118e-01   7.3815434e+00  -3.1059032e-01   5.9884291e-01   3.5995839e-01
   9.0159569e+00  -1.9143248e+00   1.3575640e+01  -2.3897333e+01   6.8278635e+00   2.3064627e+01   1.3100878e+01  -4.9681089e-01   8.0512035e+00   1.1740398e+00   1.4812233e+00   9.2293268e-01   1.0614193e-02   7.6267075e+00   1.7964794e+00   8.5213576e+00  -5.8074624e+00  -4.5282925e+00  -4.7712630e+00   2.2551789e+00   7.2034279e+00  -1.8961160e+00  -1.2200525e+00   1.7130471e-01
   1.0608207e+01  -5.5596914e+00   2.3631559e+01  -2.8043396e+01   8.9131462e+00   1.8663820e+01   1.1259210e+01  -2.5564594e+00   1.1598533e+01  -2.9104909e-01   4.9293645e-01   4.5232345e-01  -1.8794822e+00   3.0110099e+00   2.6496080e+00   5.5751243e+00  -5.1033559e+00  -1.5655089e-01  -5.7042561e+00   5.8011702e-01   2.0564238e+00   3.5146036e-01  -2.6147031e+00  -1.6377153e-01
   6.2729107e+00   4.2689094e-01   1.4921414e+01  -1.7087765e+01   4.8114266e+00   2.3318305e+01   9.1832060e+00   1.5835593e+00   7.8316039e+00  -3.3821043e-01  -6.5630053e-01   6.6114420e-01  -3.1828964e+00  -1.5357031e+00   2.5347458e+00  -2.1064094e+00   1.3843870e+00  -3.6803434e-01  -6.2006768e-01  -3.7132202e-01  -1.1248143e+00   2.1561653e+00  -1.8930403e+00   1.7796145e-01
   6.8027982e+00  -5.3918478e+00   1.9725938e+01  -2.6219210e+01   8.3113346e+00   2.3005548e+01   1.1161605e+01  -1.9919419e+00   7.0780262e+00   2.7344638e+00  -1.2565084e+00   6.1977586e-01  -2.2805824e+00   2.6549747e+00  -5.5550364e+00   2.7500024e+00   1.2953100e+00  -5.0505624e-01   1.5164783e+00   3.2382536e+00  -2.7274890e-01   2.9323522e+00   7.1582681e-01   4.4473088e-01
   6.1443167e+00  -4.3018013e+00   1.9330569e+01  -2.7969040e+01   9.2053497e+00   2.0341711e+01   1.2219580e+01  -1.3360527e+00   8.6242353e+00   2.8955313e+00  -4.8361476e-01   1.1061487e+00   3.2033690e+00   3.8369650e-01   6.5873877e-01  -3.3316376e+00   4.7126450e+00  -5.5961419e+00   2.9938895e+00  -4.9395092e-04   2.7117357e+00   1.1069840e-01   2.5285254e+00   1.9707433e-01
   7.2516306e+00   7.8711685e-01   1.3094427e+01  -1.8477755e+01   8.6591497e+00   1.9394532e+01   1.2015741e+01   3.7607270e+00   1.0793094e+01   2.4906084e+00   1.4803338e+00   8.9691754e-01   2.5630323e+00   4.6810745e+00  -2.9600895e+00   4.4033135e+00   1.5392020e+00  -5.1224524e+00  -7.3978899e-01   1.8583378e+00   1.4386628e+00  -2.0017049e+00   2.3117483e+00   1.0341021e-02
   1.0853548e+01  -2.0870466e+00   1.9225278e+01  -2.5955949e+01   1.1706487e+01   1.6729600e+01   1.3246972e+01  -1.2935160e+00   1.0041674e+01  -5.0235088e-02   1.7680665e+00   8.1818484e-01   2.3739003e+00   1.7653259e+00   1.6929995e+00   5.5183203e+00   1.8699516e+00  -7.2769754e+00  -1.5105571e+00  -1.1590054e+00  -2.9422500e+00  -1.8250234e+00   5.1821383e-01  -2.3275597e-01
   8.2927310e+00   5.2238665e-01   1.5338450e+01  -2.0620785e+01   9.3695691e+00   1.7127925e+01   9.5382249e+00   7.7429649e-01   8.5273013e+00   1.2047896e+00   1.0852734e+00   7.7926929e-01  -1.8830534e+00   1.2147067e+00   6.0419024e+00   5.4525688e+00  -8.2573258e-03  -9.6337524e+00  -2.2353934e+00  -2.4284505e+00  -5.5924326e+00   5.0179339e-01  -1.4993870e+00   4.0838816e-02
   9.1846169e+00  -1.5214473e+00   2.0748057e+01  -1.8620045e+01   1.1655067e+01   1.0559552e+01   1.1192502e+01  -1.5813455e+00   5.3437565e+00   8.0090545e-01   4.9123617e-01   8.1583882e-01  -3.3443061e+00   3.0847786e+00   5.8775799e+00   7.0546156e+00   5.5485173e-01  -8.2322063e+00   1.3286048e+00  -8.0106202e-01  -2.8058589e+00   1.7660594e+00  -1.4972120e+00   1.0304615e-01
   5.2615161e+00   2.3263773e+00   2.1395891e+01  -1.3966854e+01   8.6724733e+00   8.0289275e+00   9.6898858e+00   2.6196600e-01   4.7534034e+00   2.8177282e+00  -1.3033152e-01   9.5934878e-01  -4.7603337e-02   8.1494795e-01   6.7968984e+00  -2.1708880e+00   1.5967385e+00  -4.4948024e+00   8.5592198e+00  -2.9822243e+00   1.2487154e+00   5.9859576e-01  -8.9257476e-01   2.4510839e-01
   7.3526963e+00   1.6381259e+00   2.5012927e+01  -1.8700991e+01   1.2887312e+01   8.9307888e+00   1.5164049e+01  -2.2389438e+00   7.7198341e+00   1.7923847e+00   1.3005103e-01   8.8271433e-01   2.6220173e-01   2.8749573e+00  -2.9771573e+00  -2.9218325e+00  -1.5001241e+00   4.0414885e+00   5.0629786e+00  -5.3734419e-02   2.0903991e+00   9.3863315e-01  -1.4351772e-02   1.7945807e-01
   9.1372863e+00   1.6502196e-01   2.3401362e+01  -2.3836643e+01   1.1148555e+01   1.1200103e+01   2.0391281e+01  -3.3702409e+00   9.2123356e+00   1.6069437e+00  -7.2996169e-02   1.1134941e+00   2.4346347e+00  -2.3342639e-01  -3.7828564e+00  -1.7134096e+00  -1.4711365e-01   2.8990162e+00   6.5329826e-01  -1.4373154e-01   1.1157239e+00  -2.8881433e-01   5.1801798e-01  -3.0335655e-03
   7.6400345e+00   3.8716663e+00   1.5279586e+01  -1.8067899e+01   8.1668407e+00   1.5036197e+01   1.3436272e+01   1.5415632e-01   6.2498890e+00   2.8142474e+00   4.4104084e-01   1.0079533e+00  -1.5674937e+00   1.3188030e+00  -3.7082845e+00   5.8719395e+00  -4.5246430e+00  -1.4691978e-01  -9.8094689e+00   5.0026490e+00  -3.8730309e-01  -1.0758993e-02   2.2184954e-01  -5.9659924e-02
   8.7697990e+00   8.5946752e-01   2.0588277e+01  -1.6853515e+01   1.0812039e+01   9.3247478e+00   1.1533721e+01  -1.1501814e+00   7.1619618e+00   1.8735753e+00   4.9120054e-01   8.9217897e-01  -2.0826210e+00   6.7134509e-01   2.0251172e+00   6.6344727e+00   1.7732053e+00  -3.7986850e+00  -6.4299922e+00   4.1557128e+00   8.6030618e-01  -2.2679217e-01   7.4720068e-01  -5.1348551e-02
   5.1851994e+00   3.2691076e+00   2.0857043e+01  -1.3384646e+01   6.2686056e+00   9.6480866e+00   4.8786254e+00   4.1550000e+00   8.1640664e+00   1.6429304e+00   1.8072698e-01   9.0388202e-01   1.5259240e-01   2.3682452e-01   5.8134359e+00   2.7120741e-03   2.3939949e+00  -2.0072535e+00   1.5079127e+00   1.2034841e+00   3.3385789e+00  -1.1741550e+00   5.7977390e-01  -1.3407208e-01
   7.2407723e+00   1.4733190e+00   2.3650309e+01  -1.6226561e+01   1.4757480e+01   8.1961305e+00   1.5025116e+01   8.6290654e-01   9.5457062e+00   1.8524139e+00   1.1779618e+00   1.0885069e+00   1.1676348e+00   2.2875778e+00   9.8453397e-01  -2.2421141e+00   4.0822907e-02   3.8266302e+00   2.7312596e+00   1.8857956e+00   2.3112571e+00  -5.4728015e-01   5.6853628e-03  -4.1520385e-01
   8.6334364e+00   3.9199774e+00   2.2468724e+01  -1.8377308e+01   9.7851124e+00   1.2589625e+01   1.3952444e+01   9.5283850e-01   1.0065885e+01   1.0635956e+00   9.6732107e-01   7.0868117e-01   2.3591651e+00   1.6059776e+00  -1.7694710e+00   3.1977997e-02  -9.0120579e-01   2.3907173e-01   3.3437017e+00  -2.2285340e-02  -7.8388985e-01  -7.2483204e-01  -7.0074238e-01  -5.3685069e-01
   8.7971326e+00   3.9653993e+00   2.1259238e+01  -1.7720355e+01   9.1150196e+00   1.3593924e+01   1.1093702e+01   3.2795928e+00   9.6779381e+00   1.3423225e+00   1.0643154e-01   3.6697362e-01  -2.3038552e-01   2.2876793e+00  -4.6652396e+00   5.0900318e+00  -6.2457530e+00  -1.8178082e+00  -6.0653090e+00   3.6499346e+00  -2.9704180e+00  -1.4178540e+00  -2.1768161e+00  -6.2541193e-01
   7.9457669e+00   4.4320338e+00   1.9398372e+01  -1.2589782e+01   7.7380272e+00   7.3077977e+00   1.1859885e+01   2.9132288e+00   6.9221156e+00   8.1072804e-01  -3.3462146e-01   4.5937264e-01  -7.8461772e-01   8.7182127e-01  -2.3040679e+00   7.2412481e+00  -1.1554107e+00  -5.7711985e+00  -2.3092760e+00   3.0749659e+00  -2.8706860e+00  -8.3208510e-01  -1.5084096e+00  -1.2980354e-01
   7.2390287e+00   4.6488096e+00   1.8187626e+01  -1.1485276e+01   6.4123932e+00   8.1103320e+00   6.9734322e+00   5.3576132e+00   6.6619640e+00  -1.4793336e-01  -1.4362911e+00   2.7504328e-01   8.0351270e-01  -2.0768161e-01  -3.3155051e+00   8.9549682e+00   2.4833849e+00  -5.1928718e+00   4.0884601e+00  -4.8791425e-01  -8.9001542e-01  -2.8004117e-01  -8.5086734e-02   2.5216127e-01
   8.2355618e+00   4.8860041e+00   2.0548428e+01  -1.0632975e+01   9.4033095e+00   6.6746234e+00   1.2548665e+01   4.5262772e+00   7.2678432e+00   5.6059586e-01  -5.2393196e-01   5.5994103e-01   3.3226244e+00  -1.1837615e+00  -2.3151985e+00   3.3439802e+00   4.9383363e+00  -2.4215040e+00   6.3043054e+00  -2.6557345e+00   1.2054417e+00  -3.6072349e-01   8.8660487e-01   4.5307567e-01
   9.8575043e+00   3.4268917e+00   1.5710952e+01  -5.2663063e+00   1.2007456e+01   6.1212031e+00   1.6882002e+01   1.7411972e+00   8.1700513e+00   1.0473268e+00   7.3456687e-02   6.9493132e-01   3.5094924e+00   3.3270962e-01  -5.5556722e+00   8.7021956e-01  -5.5040170e-01  -4.5253239e-01   2.5416853e+00  -3.8563557e+00   1.0958138e+00   6.1477069e-01   9.1164179e-01   3.6137294e-01
   1.1620466e+01   3.2673505e+00   1.7163911e+01  -1.0683296e+01   1.2348000e+01   4.6701062e+00   1.6362058e+01   7.3783501e-01   7.9762346e+00  -3.2798727e-01   2.4041197e-01   9.2904212e-01   1.7068546e+00  -9.3233508e-01  -9.0945876e+00  -4.8326097e+00  -7.2229517e+00   2.6133329e+00  -4.9300178e+00  -3.5433866e+00   3.1598253e-01   1.0823194e+00  -1.5231880e+00   3.2055426e-01
   1.0810815e+01   5.9572009e+00   1.1546376e+01  -1.0154786e+01   4.1144452e+00   8.4337921e+00   8.8792632e+00   1.4673008e+00   7.9514890e+00   1.2185142e+00  -4.5100033e-01   6.3255214e-01   3.1569658e-01  -1.3358697e+00  -3.1238485e+00  -8.7873260e+00  -4.8770702e+00   1.8179018e+00  -4.2628989e+00  -5.6522335e-01  -1.8630676e-01   6.9764706e-01  -1.6502360e+00   6.5220168e-01
   1.0319188e+01   2.2223469e+00   8.9888348e+00  -1.5437650e+01   2.5153872e+00   9.4383283e+00   9.1550075e+00  -6.5185448e-01   7.8510981e+00   2.0984813e+00  -2.5464855e+00   1.0719620e+00  -7.4658930e-01   3.0610761e-01  -7.4360077e-01  -1.6772786e+00  -4.5600858e-01   1.3597209e+00  -1.5930044e-01   2.0321513e+00  -1.1185776e+00   3.5787686e-02   2.1947428e-01   3.4135739e-01
   1.0981688e+01   1.9455890e+00   1.5112718e+01  -1.6070118e+01   9.6081571e+00   6.4639446e+00   1.4091179e+01   1.5882070e+00   7.9531593e+00   8.8056314e-01  -1.0084487e+00   1.6017739e+00   5.3523653e-01  -6.6913683e-01   8.5620418e+00   9.5132485e-01   7.3028953e+00  -2.0791133e+00   5.2288661e+00   2.6719105e-01  -7.8544513e-01  -2.4905729e+00   1.2060608e+00   2.2229524e-02
   1.0415146e+01   5.7323178e+00   1.4265339e+01  -1.0241548e+01   8.9171315e+00   7.6946112e+00   1.3517150e+01   3.7256089e+00   6.2975330e+00  -1.0533019e-01   8.4834755e-01   9.5646733e-01  -4.3635576e-01   2.6381886e+00   5.9591864e+00   5.6308870e+00   3.3269559e+00   2.6971626e-02   1.7530325e+00   5.2080208e-01  -1.6720014e+00  -2.4880462e+00   1.5199114e+00  -4.9514711e-01
   1.1565692e+01   3.1985102e+00   2.1751186e+01  -1.1325849e+01   1.1867916e+01   6.1869807e+00   1.4541491e+01  -3.2064430e-01   7.5501038e+00  -1.4154393e+00  -3.3932561e-01   7.2364377e-01  -1.2543822e+00   1.2062680e+00  -1.0335250e+00   2.4770506e+00  -7.5192490e+00   2.7317248e+00  -5.3798937e+00  -8.0321304e-01  -9.7784844e-01  -1.2749557e+00  -8.7837742e-01  -3.0799840e-01
   9.3726528e+00   5.5531693e+00   1.4608380e+01  -9.3634540e+00   6.3759417e+00   9.6172677e+00   1.1559400e+01   1.0837743e+00   5.5446238e+00  -4.8558679e-01  -6.0117983e-01   7.6830642e-01  -3.1470749e-01   3.1832090e-01   1.3943275e-01  -2.9297935e+00  -5.3918470e+00  -9.0073592e-01  -4.1803559e+00  -1.6093974e+00   1.4880719e+00   9.3747644e-02  -1.1098676e+00   6.0020333e-01
   9.6213609e+00   3.8445653e+00   1.3390910e+01  -1.2793590e+01  -4.0012140e-01   9.6002035e+00   7.0002135e+00   1.7043047e+00   6.8628413e+00  -8.4174204e-01  -1.6012511e+00   1.2338567e+00   8.0283440e-01   3.1495397e+00  -1.1384242e+00  -2.1498364e+00  -1.6362736e-01  -6.9463445e+00  -2.8843266e+00   5.5259121e-01   3.2989779e+00   1.4654662e+00   5.4573977e-01   6.0012309e-01
   1.0915250e+01   5.8867716e+00   1.8654626e+01  -1.3902368e+01   6.9633797e+00   4.6368959e+00   1.1017255e+01   2.9903834e-01   8.8732721e+00  -2.5155738e-01  -1.8549106e-01   1.6016658e+00   3.0885566e+00   2.5684351e+00   3.5620107e+00  -5.7202125e-01   5.2927880e+00  -1.2217056e+01   7.1654519e-01   4.3748804e-01   4.2743024e+00   9.0318264e-01   5.9404502e-01   1.0600921e-01
   1.1998645e+01   7.7560185e+00   1.8020427e+01  -1.2281147e+01   1.1328756e+01  -1.7423502e+00   1.0486074e+01   9.0061048e-01   1.0834246e+01   6.6574526e-01   2.7143965e-01   1.2071487e+00   1.4366485e+00   3.7376965e+00   8.9004382e-01   4.3396814e+00   2.5504079e+00  -9.7686187e+00  -5.0702951e-01   1.5099916e+00   1.3538772e+00   9.2457233e-01   7.8797144e-01  -2.9905871e-01
   1.2816846e+01   7.4500953e+00   1.7636638e+01  -1.0477707e+01   8.4506850e+00  -3.0370393e+00   1.0891288e+01   2.1418534e+00   9.9703749e+00   1.1544352e-01  -6.4645767e-01   9.4067425e-01  -9.8070372e-01   7.9199410e-01  -5.0336348e+00   4.5756833e+00  -7.3726781e+00  -4.9973826e-01  -7.1966451e+00   1.9593622e+00  -2.7506060e+00   1.0066476e+00   1.4226265e-02  -4.0936508e-01
   1.0825536e+01   8.6694481e+00   1.5234970e+01  -7.9963980e+00   2.6818379e+00  -1.2157568e+00   6.3026526e+00   3.0478845e+00   8.3451057e+00   3.6161600e-01  -1.8881063e-01   1.1157645e+00  -4.4368433e-01  -1.6864053e+00  -1.5398778e+00   5.4781417e-02  -4.5804693e+00   2.8563113e+00  -2.4516287e+00   1.3203158e+00  -1.4528116e+00   4.9268727e-01   4.6655232e-01  -1.2935163e-02
   1.0030749e+01   6.6180480e+00   1.2496903e+01  -9.1812178e+00   2.2782162e-01   3.6239918e+00   2.3139977e+00   2.1644446e+00   5.9919336e+00   1.4104787e+00   6.5973480e-02   1.0333103e+00   1.2259004e+00  -1.7881700e+00  -4.6637300e-02  -3.3699079e+00   2.4138757e+00   1.8254722e+00   2.4410764e+00  -8.3102796e-01   1.2968611e+00   1.3041859e+00   1.3118113e+00  -1.4218868e-01
   1.2726167e+01   5.6424342e+00   1.8280478e+01  -1.2847220e+01   8.5694836e+00  -7.8839883e-01   1.1097276e+01   2.8697886e+00   1.0644250e+01   7.5725857e-01   6.1505256e-01   1.1414279e+00   2.4172608e+00  -1.0869422e+00   6.0458490e-01  -2.0195912e+00   5.2892546e+00   6.7048177e-01   3.9590539e+00  -7.8612298e-01   2.4930128e+00   1.4657316e+00   8.5126326e-01  -2.8894686e-01
   1.3705381e+01   6.2813472e+00   1.6043928e+01  -1.3107158e+01   9.1276756e+00  -5.1251005e-01   1.2155591e+01   9.8435949e-01   1.0766095e+01   1.8739011e+00   9.1932771e-01   7.1455951e-01   7.6009320e-01  -1.7774687e-01   4.6187827e-01   6.8429910e-01   2.4871799e+00  -1.0273729e-01   2.6160344e+00   2.5646253e-01   4.5330787e-01   8.5922577e-01  -1.3722857e-02  -3.8225944e-01
   1.2614111e+01   7.2073852e+00   1.4368335e+01  -9.0628146e+00   6.1657927e+00   1.8582167e+00   7.3204371e+00   2.4587426e+00   9.6975444e+00   2.3285022e+00   6.6140714e-01   8.4171958e-01  -2.6966082e+00   6.3017316e-01  -5.0474355e+00   6.0331685e+00  -6.2984413e+00   4.0946394e+00  -5.8160799e+00   7.1122474e-01  -5.1657425e+00   8.2169202e-01  -6.9230169e-01  -2.6853843e-01
   1.1226916e+01   5.5689522e+00   1.5145792e+01  -1.0046972e+01   5.1604369e+00   2.1465781e+00   8.1264688e+00   2.7546613e+00   7.1452480e+00   1.9136956e+00   2.2211904e-02   6.0977533e-01  -3.1617346e+00   3.5162183e-01  -4.9339824e-01   5.8524689e+00  -3.4882498e+00   3.9869394e+00  -2.1950618e+00   1.0404448e+00  -2.6408100e+00  -8.5009972e-01  -8.2756205e-01   3.7734991e-01
   9.9204867e+00   6.9438915e+00   1.1158393e+01  -5.3275601e+00   1.1054409e+00   4.0240162e+00   4.3877172e+00   3.0514747e+00   4.7060592e+00   1.9698994e+00   2.5157918e-02   7.9101236e-01  -6.2930562e-01  -1.2718785e+00   5.7517973e+00   1.8154774e+00   5.1436736e+00   6.5462977e-01   5.0238775e+00  -2.7332859e+00   6.2953499e-01  -2.8731676e+00  -7.2796663e-01   3.6347836e-01
   1.0309591e+01   6.9405268e+00   1.6908801e+01  -6.1960822e+00   6.4254768e+00   4.3849994e+00   1.0329358e+01   2.2486606e+00   9.3006222e+00   7.7805288e-01  -3.8907617e-03   1.3059380e+00   2.9752564e-01   4.5295362e-02   2.1001716e+00   2.8975870e+00   6.9095649e+00   3.0670473e+00   3.3107383e+00  -2.6607853e+00   1.5944024e+00  -1.6119531e+00  -1.3616857e-01   1.0877231e-01
   1.2128815e+01   4.6137801e+00   2.2114526e+01  -8.2650433e+00   1.3248783e+01   1.7209508e+00   1.3754809e+01  -1.3881859e+00   9.5641598e+00  -1.4134278e+00  -4.1749148e-01   1.0388558e+00   1.8185544e+00  -3.5586061e+00   3.5927145e+00  -6.9768148e+00   1.7901052e+00   1.1139453e+00   6.0676980e-01  -2.8365439e+00   3.1849496e+00  -1.7176469e+00   3.8698231e-01   6.2687556e-02
   1.0569041e+01   6.8019509e+00   1.2817982e+01  -4.2318495e+00   9.4531131e+00   7.8986818e+00   8.4090304e+00   9.8331374e-01   7.1078013e+00   1.1874295e+00   3.9283741e-02   6.4901208e-01  -1.5041888e-01  -3.2699311e+00  -2.3444945e+00  -3.5667679e+00  -7.0232448e+00   3.0864943e+00  -7.5228804e+00   2.3707390e-01  -1.3030741e+00  -2.6095224e-01   1.8339050e-01   2.2930940e-01
   1.2518593e+01   1.6752703e+00   1.8592874e+01  -1.6774899e+01   2.2767806e+00   3.9380929e+00   6.2580357e+00  -5.7066759e-01   1.0579894e+01  -8.1125933e-01   5.8404412e-01   1.2135066e+00  -1.9364068e+00  -6.2725549e-01  -4.6171602e+00   7.7648268e-01  -5.7552570e+00   4.6378542e+00  -3.7883317e+00   2.3466070e+00  -9.6919051e-01   3.0351131e-01  -2.4433780e-02   5.2339979e-01
   9.8890734e+00   3.5048851e+00   1.5152886e+01  -7.2913063e+00   1.3766109e+00   7.9061697e+00   2.7934239e+00   2.1955123e+00   6.8381439e+00   8.5540271e-02  -2.2957281e-01   1.5625767e+00   1.0739576e-01   9.2585767e-01   7.6925118e-01  -1.0746394e+00   3.5308116e+00  -1.1895937e+00   2.1719652e+00   1.4827688e+00   1.3641103e+00  -1.1362659e+00  -7.4444716e-01   2.3610605e-01
   9.5641886e+00   5.3214298e+00   1.4021334e+01  -5.5705908e+00   8.6541489e+00   8.6739882e+00   1.0880115e+01   1.5256253e+00   8.2452028e+00  -4.0721623e-01  -3.1971387e-01   1.3671732e+00  -1.6047606e-01   4.4717043e+00  -4.6541824e+00   4.7888839e+00   6.5067299e+00  -6.0427239e-02   2.8576308e+00   3.1032585e+00  -1.1682967e+00   6.7960323e-01  -3.4314693e-01  -4.8433340e-01
   1.2207337e+01   6.3676576e+00   1.6257629e+01  -1.1445963e+01   1.1560646e+01   3.7463436e+00   9.3559388e+00   2.1593204e+00   1.0321312e+01  -7.1899089e-01  -6.2550800e-01   9.2633788e-01   3.8331994e-01   4.6720852e-01  -3.5842356e+00  -2.8668928e+00  -1.5330116e+00  -3.3695361e+00   3.5103538e-01   7.3667052e-01  -2.1814491e+00   8.2920672e-01   3.7581729e-01  -4.5314121e-01
   1.1118748e+01   6.9514405e+00   1.1059228e+01  -7.5142447e+00   6.9448577e+00   5.9273651e+00   7.2632245e+00   4.1023160e+00   7.0858648e+00   6.1041110e-01   2.6729131e-01   8.0512594e-01  -4.5462934e-01  -1.9012703e+00  -8.6055443e-01  -2.2253160e+00  -3.3283266e+00  -1.7881054e+00  -9.9682620e-01   2.6574995e-01  -3.4102826e+00   1.6511333e+00  -1.9478227e-01   7.5182853e-02
   9.6867738e+00   3.3906925e+00   1.1257585e+01  -1.0619819e+01  -6.8260893e-02   4.2251770e+00   5.1284220e+00   2.0121727e+00   4.1456392e+00   8.2053669e-01   4.0650528e-02   1.1638885e+00  -1.0922758e+00  -1.7968032e+00   1.9214390e+00   2.4400124e+00  -3.5591158e+00   6.7042950e-01   5.2993233e-01  -3.3802484e+00  -8.5648902e-02   1.0270564e+00  -1.8084603e-01   7.0163419e-01
   1.0142526e+01   3.9580069e+00   1.5230524e+01  -9.3216369e+00   9.4761125e+00   5.7524133e+00   1.1498634e+01   1.9978241e+00   6.2176153e+00   1.2997200e+00  -9.4496653e-01   1.3611722e+00   1.1419776e+00  -8.9657014e-01   7.5249019e+00  -9.3155160e-01   2.8110328e+00  -1.1653712e+00   1.1325653e+00  -4.7729587e+00   4.2763608e+00  -3.2961398e-01  -4.2398894e-02   5.1602508e-01
   1.1057034e+01   5.1691697e+00   1.7054140e+01  -6.8822478e+00   4.9563452e+00   4.8394637e+00   8.0331327e+00  -1.8588061e+00   1.0626964e+01   4.7693927e-01  -2.9064812e-01   1.7007661e+00   1.1812144e+00   1.7496697e+00   3.8706196e+00  -1.2106688e+00   2.1764566e+00  -3.0107857e-01  -7.1632243e-01  -1.1817494e+00   4.1664801e+00  -8.1112803e-01   7.2559273e-01   2.2244623e-01
   1.2146584e+01   4.7173467e+00   1.9448304e+01  -1.0780357e+01   8.6491038e+00   3.8721649e+00   7.5097170e+00  -1.1216326e+00   1.0259744e+01   2.8778883e-01   3.6934230e-01   1.3107248e+00  -6.1139546e-01  -4.5382820e-01  -3.2184086e+00  -1.0830517e+00  -6.3697796e+00  -2.2396039e-01  -8.1363074e+00   1.0485417e+00   6.8936203e-02  -8.6632380e-01   4.1043624e-01   1.5085453e-01
   1.0456566e+01   5.6355271e+00   1.4954625e+01  -1.1706461e+01   3.6099284e+00   4.7136834e+00   6.0483967e+00   1.7992770e+00   8.3742952e+00   1.0981023e-01   4.7188521e-01   1.5227815e+00  -4.1492088e-01  -2.4793749e+00  -1.0252911e+00  -2.3075281e+00   3.6858769e+00   2.5807818e-01  -2.7561498e+00   3.2678945e+00  -5.6148307e-01  -1.3127749e+00   1.0910491e-01   4.6946813e-03
   9.5256666e+00   3.0440859e+00   1.1452669e+01  -8.5341076e+00   5.9465156e-01   5.4793629e+00   2.8654062e-01   1.7415951e+00   7.4473538e+00   1.8379880e-01  -7.1057883e-01   1.6764462e+00   4.3633412e-01  -2.0049050e+00   1.4127344e+00   1.2662054e+00   6.2111242e+00  -5.7555383e-01   1.3357010e+00  -4.1489798e-01   1.6561774e+00  -1.5435191e+00  -9.0909126e-02   2.7821182e-01
   1.1745111e+01   2.2867377e+00   1.9514021e+01  -1.1466665e+01   1.4512387e+01   4.4229820e+00   7.5104962e+00   1.6114218e+00   1.1190934e+01  -1.4402280e+00   4.1296982e-01   1.5249473e+00   6.9117959e-01   1.1541910e+00   3.6796840e+00   4.4666296e+00   5.9770708e+00  -2.0013196e+00   3.6883241e+00  -1.5228326e+00   1.7064263e+00   4.9746704e-01   5.8848214e-01  -8.5106885e-02
   1.2156813e+01   3.3843839e+00   1.9287707e+01  -9.0009476e+00   1.2514561e+01   3.1541849e+00   8.7822187e+00  -1.6500520e+00   1.1335691e+01  -1.2524707e+00   2.6243630e-01   1.7269596e+00   5.2774952e-01   2.1386504e+00   4.4363976e+00   1.3743803e-01   1.7590166e+00  -6.1793520e+00   5.2223849e+00  -2.0259848e+00   5.4630491e-01   1.5644722e+00   6.9342215e-01  -2.6543961e-01
   1.0177763e+01   7.1966646e+00   1.6556631e+01  -4.7730970e+00   6.6155799e+00   2.8742930e+00   7.3330438e+00   1.2108515e+00   8.9897663e+00   1.5741456e+00   8.6810086e-01   1.3698645e+00  -2.4712968e+00   1.9780105e+00  -4.5920796e+00   2.9422998e+00  -6.6249133e+00  -2.5289221e+00  -2.3609122e+00   1.2513637e+00  -3.4874197e+00   2.7028987e+00  -1.1054931e+00  -2.2633588e-01
   1.1100965e+01   3.7970981e+00   1.9585960e+01  -1.1674735e+01   7.1815798e+00  -3.0153205e+00   8.2088442e+00  -1.0970969e+00   9.3673951e+00   1.0233204e+00   1.0198887e-01   1.3558282e+00  -2.2894662e+00   1.0762933e+00  -4.2270419e+00   3.7534374e+00  -1.2879216e-01  -2.2919936e-01  -1.4075274e+00   3.7590602e+00  -2.5354686e+00   1.2670846e+00  -1.0679283e+00  -4.2087003e-01
   8.5660899e+00   5.0473964e+00   1.2476775e+01  -5.7163218e+00   7.2415073e+00   3.7143515e+00   4.2558151e+00   3.2119899e+00   6.9439522e+00   1.4762244e+00  -1.1650461e+00   1.3710092e+00   5.8827526e-01  -1.9217707e+00  -7.5301120e-01   5.7628049e-01   7.2092857e+00   3.7042613e-01   3.3623023e+00   2.3994821e-01   6.4864527e-01   1.8662217e-01  -3.9690940e-01  -3.6450773e-01
   9.5284498e+00   6.0734579e+00   1.4987073e+01  -2.8991790e+00   1.2008409e+01   2.3903566e+00   8.2095419e+00   2.9879690e+00   8.5553947e+00   6.9711677e-01  -3.2288261e-01   1.0950822e+00   5.1324748e-01   1.7231976e+00  -2.1767519e+00   4.9185588e+00   2.7111372e+00   1.9963105e+00   2.4927562e+00   7.2210501e-01  -2.0536313e-01   1.5614059e+00   1.1410484e+00  -5.1005145e-01
   1.1846433e+01   3.1758287e+00   1.7726558e+01  -8.2964540e+00   1.5016094e+01   7.2709366e-01   1.2376148e+01  -4.7175916e-01   1.0368734e+01   2.0171806e+00   4.8517251e-01   9.5347594e-01   5.6720206e-01  -2.6598839e-01   5.9917644e-02  -1.4475900e+00  -5.5954874e+00  -2.5557446e+00  -2.0993903e+00  -1.6198356e+00   5.9962200e-01   1.9726906e+00   1.1959553e+00  -3.4456832e-01
   1.0230665e+01   7.3176783e+00   1.3695941e+01  -3.0068302e+00   7.3609923e+00   1.4727742e+00   7.8878119e+00   1.8279351e+00   7.3469593e+00   3.0949512e+00   9.8845220e-01   7.9951768e-01  -6.7491485e-02  -2.4956679e+00   9.1880236e-01  -4.7942754e+00  -4.6138851e+00  -1.8040349e+00  -3.8671690e+00   1.0491153e+00  -7.9623172e-01   3.5024303e-01  -4.5377236e-01  -8.1620010e-02
   9.0657855e+00   4.0263036e+00   1.3212217e+01  -7.8338812e+00   1.1719845e+00   3.3952583e-01   1.2675947e+00   1.3622535e+00   8.4476029e+00   3.2363432e+00  -2.6780597e-02   1.0019390e+00  -1.6602075e-01  -1.2111143e+00  -7.9658387e-01  -2.8843076e+00   2.9581210e-01   2.6082866e+00  -8.3289160e-01   2.4307876e+00  -1.5403951e-01  -2.2491123e+00  -1.2171438e+00  -9.9653960e-03
   1.0817536e+01   1.9047186e+00   1.8622447e+01  -1.0321878e+01   1.2009636e+01  -1.2191194e-01   7.9630652e+00   3.6446357e+00   8.3216129e+00   6.1290004e-01  -7.4756459e-01   9.4842066e-01   2.0811149e+00  -1.2836944e+00  -8.7972527e-01  -6.9090875e+00   5.6294414e+00   4.5055183e+00   3.9733687e+00   1.3924353e+00   7.8573312e-01  -2.9994096e+00  -1.0384169e+00   2.0546609e-02
   1.1303966e+01   4.0656370e+00   1.4068429e+01  -8.9653912e+00   1.3135490e+01   5.4368666e+00   1.1089184e+01   2.2660720e+00   9.6503483e+00  -1.1546229e-01  -4.7253472e-01   8.6407635e-01   2.5787364e+00  -9.1098093e-01  -3.1508622e+00  -4.1871313e+00   6.2894172e+00   3.0629131e+00   7.9065763e+00  -1.7519019e-01  -1.4845926e+00  -1.5451183e+00   1.2803128e-01  -8.3253239e-02
   1.2233247e+01   5.3724700e+00   1.1948247e+01  -1.2804706e+01   9.8234015e+00   5.6823812e+00   8.9370702e+00   3.4646788e+00   7.9241863e+00   2.7173949e-01  -3.4629607e-01   8.9926891e-01  -1.0079087e+00  -1.1551098e+00  -7.3192535e+00   1.1236977e+00  -3.8151342e+00   1.5131898e+00   8.4772746e-02   1.2296632e+00  -3.5324882e+00   1.3271142e+00   5.6050484e-01  -3.5490361e-02
   1.2226035e+01   9.2595656e-01   1.1823024e+01  -1.2873164e+01   1.1699228e+01   2.0317489e+00   1.2640457e+01   1.1894467e+00   6.4194272e+00   1.0892460e+00  -3.5367935e-02   9.0163499e-01  -1.7207542e+00  -2.1734795e+00   1.3281388e+00   2.7493817e+00  -8.4841960e-01  -2.0336983e+00  -1.2768085e-01   2.0783344e+00  -7.8784440e-01   1.2890225e+00   6.1646570e-01  -1.8537093e-01
   8.8446390e+00   1.7418941e+00   8.7662691e+00  -6.6824454e+00   7.0050660e+00   3.8504316e+00   7.3145882e+00   6.0274432e+00   4.6383411e+00   2.0012172e+00  -1.2539073e-01   8.7640580e-01  -1.0592283e+00  -1.3285434e-01   6.8950470e+00   4.4886523e+00   2.2160572e+00  -3.0625710e+00   7.4906623e-02  -2.2555991e-02   3.1191859e+00   2.8817116e-01   5.7913471e-01  -2.7992935e-01
   1.0417139e+01   2.6207058e+00   1.7651626e+01  -7.9024492e+00   1.3272028e+01   3.3022940e+00   1.1708904e+01   4.1021914e+00   1.0111504e+01   9.5333254e-01   3.4171116e-01   5.9745150e-01  -1.3338966e-01   4.0207483e+00   5.0615021e+00   4.5693913e+00  -9.1052401e-01  -3.3078466e+00  -2.7377398e+00  -2.9672850e-01   2.4919062e+00  -6.0463537e-01   3.0853213e-01   1.1284155e-01
   1.1548852e+01   4.3258139e+00   1.9376516e+01  -8.5570855e+00   1.2361087e+01   4.5325223e-01   9.5152064e+00   1.9744725e+00   1.0756927e+01   7.7195295e-01   3.3386645e-01   6.3146663e-01   4.1743341e-01   2.9165528e+00   8.7984805e-01   1.6563649e+00  -2.8992047e+00  -5.0744589e+00  -7.1862607e-01  -1.1298205e+00  -2.2126831e+00  -8.6457450e-01  -1.0487246e-01   1.8638445e-01
   1.0673844e+01   5.6651191e+00   1.4110154e+01  -5.0817571e+00   7.6554311e+00  -1.2314314e+00   7.4335377e+00   2.7708393e+00   7.0979937e+00   7.9692506e-01   1.9780167e-01   1.1933669e+00  -4.2823046e-01  -4.4960042e-01  -4.8588768e+00   3.5985555e-01  -6.7545310e+00  -3.9097615e+00  -2.9128663e+00   1.6721564e+00  -4.9579601e+00   1.9457665e-01  -1.0860265e+00   3.1752770e-01
   9.3424366e+00   4.5945167e+00   1.1856777e+01  -5.6082441e+00   5.4645575e+00  -1.4943941e+00   8.3743323e+00   4.9983885e+00   2.8260718e+00   7.8255922e-01  -2.1074467e-01   8.5802478e-01  -2.5470779e-02  -1.7933468e+00  -2.5702781e+00  -1.3394011e+00  -7.5252622e-01   2.3124248e+00  -1.0817671e+00  -1.2508113e-01  -1.1736338e+00  -4.0267657e-01  -1.1171938e+00   2.7655254e-01
   1.0878001e+01   1.8119537e+00   1.4123181e+01  -8.8370866e+00   6.5884966e+00  -1.5885251e+00   7.9100416e+00   5.0984680e+00   6.6399915e+00   1.2398944e+00  -1.0150230e+00   9.6046399e-01   2.4526408e-01  -1.2010684e+00   1.0524887e+00  -2.8259301e+00   3.2898442e+00   5.4461246e+00   1.4062438e-01  -7.7571505e-01   1.5192186e+00  -2.2797549e-01  -2.5868490e-01   4.9882366e-02
   1.1408568e+01   3.5623764e+00   1.5514586e+01  -8.6885225e+00   1.1765765e+01   4.1004362e+00   7.6543039e+00   6.2303644e-01   9.2254771e+00  -5.3546565e-02  -7.3551199e-01   1.1627469e+00   5.6055624e-01  -2.7134376e+00   3.9024681e+00  -6.6122341e+00   4.9353420e+00   5.8925889e+00   2.4730798e+00  -3.6749556e+00   1.6836101e+00  -1.8138200e+00   1.7318280e-02   3.7648334e-01
   1.0008675e+01   4.3795867e+00   1.3859983e+01  -7.7805131e+00   9.4395938e+00   4.1403404e+00   8.0044885e+00   3.7949427e+00   6.1771190e+00   8.7301471e-01   7.2157977e-02   1.1158294e+00  -1.8828783e+00  -1.5400507e+00   1.5800049e-01  -4.5548400e+00   1.2319873e-02   7.0144665e+00   8.0769790e-01  -1.9965982e+00  -2.4825967e+00  -1.2471208e+00   4.9869253e-01   5.3883074e-01
   1.0617934e+01  -7.5945616e-01   1.7842079e+01  -1.6054882e+01   1.1442022e+01   4.4800566e+00   1.2036729e+01   1.3771772e-01   5.5829231e+00  -1.7547310e+00  -7.2835774e-01   1.3450671e+00  -2.2925751e+00  -1.3349728e+00   5.4711667e-01   5.0442088e-01  -1.0359969e-01   5.6400011e-01   1.4957494e+00   7.8227592e-01  -1.3520418e+00   1.2864190e+00   1.0035356e+00   2.1285290e-01
   8.4490003e+00   1.6627939e+00   1.3196435e+01  -1.1986167e+01   6.7688478e+00   8.7433645e+00   6.9303762e+00   2.3462301e+00   4.7373735e+00   2.1980541e-01  -2.7056132e-01   1.6775500e+00  -8.3660891e-01  -3.6217579e-01   5.4710015e+00   3.1541172e+00   2.8962738e+00  -3.6658737e+00   1.2371145e+00  -7.2843538e-01   3.6323175e+00   3.0133281e+00   1.3283569e+00  -1.5117264e-01
   8.7495421e+00   2.9183136e+00   1.6667035e+01  -5.8290643e+00   1.2945738e+01   2.6449243e+00   1.0434984e+01   2.5208066e+00   7.9172872e+00   2.2026866e+00   9.4115104e-01   1.2011659e+00  -1.6888712e+00   2.5694093e+00   1.3996790e+00   9.4098340e+00   2.4645172e+00  -3.7566681e+00  -2.2658887e+00   9.4677407e-01   2.3409254e+00   3.7568835e+00   1.0816141e+00  -3.9269977e-01
   9.6879572e+00   1.9974381e+00   2.2654007e+01  -8.1622461e+00   1.3032146e+01  -4.4090404e-01   1.0661032e+01   1.5107452e+00   1.0458413e+01   3.4142980e+00   1.2299389e+00   9.6102101e-01  -1.4121901e+00  -4.4765176e-01  -1.0539264e+00   4.4567445e+00   3.8516527e+00  -2.6472312e+00  -1.1052372e+00  -7.2531125e-01  -3.6582885e+00   8.8346230e-01   5.1893230e-02  -7.3976703e-01
   7.4651489e+00   2.9273357e+00   1.5212811e+01  -3.8520913e+00   1.2007148e+01   3.4371887e+00   6.7725674e+00   1.9756213e+00   6.2337914e+00   2.2833480e+00   1.4381331e-01   1.1142819e+00  -9.7971305e-01  -2.4128306e+00  -1.0279853e+00  -1.2222914e+00   1.2589462e+00   6.3289925e-01  -1.3588535e-01  -3.2268389e-01  -6.1641274e+00  -1.0416755e+00  -5.9706057e-01  -4.2138729e-01
   6.9729117e+00   9.8680524e-01   1.2342657e+01  -6.2895365e+00   1.3015622e+01   4.3763854e+00   7.1037287e+00   1.5308559e+00   9.1688616e-02   1.5046682e+00   2.0594739e-01   6.1134147e-01  -8.5701562e-01  -3.1071328e+00  -5.7356061e-01  -8.2776147e-01   5.3844129e-01   1.3500252e+00   2.8674380e+00   1.2550842e+00  -3.5163418e+00  -6.3226765e-01   5.9004122e-01   3.2165935e-02
   8.6374953e+00  -1.9561583e-01   2.0280732e+01  -8.5988563e+00   1.4842420e+01   1.1856285e+00   1.2009808e+01   2.0267255e+00   3.8544584e+00   1.5949882e+00   5.5755594e-01   7.4392478e-01   6.2596610e-01  -3.5813874e+00   3.5165803e+00  -2.9491838e+00   7.3077082e-01  -1.3139246e+00   4.3735541e+00   1.3557578e+00  -8.2022954e-01   4.4093068e-01   9.3575648e-01   2.7900098e-01
