   1.3982687e+01  -7.3805952e+00  -7.9028365e+00   6.5356018e+00   6.9991096e+00  -2.3220505e+00  -9.9223958e-01  -8.2120863e-01  -3.3116853e+00  -8.5910968e-01   7.3468078e-01  -2.3647599e-02  -1.4306792e+00   4.8561501e+00   3.7194109e+00  -5.8233156e-01   6.9155030e+00   4.5783541e+00   8.0329685e-01   1.4835646e+00   3.2168272e-02   1.1908645e+00  -2.5941332e-01  -2.4197706e-01
   8.3987492e+00  -4.2831099e+00  -5.9862329e+00   4.0863503e+00   6.1764577e+00   1.6024932e+00  -5.7768571e-01  -1.9105739e+00  -3.4854061e+00  -8.3341371e-01   5.3239933e-01  -2.4099214e-02   1.1819459e+00   4.0919678e+00   2.3325142e+00   1.3576382e+00   3.5838145e+00   5.6833049e+00   3.9527138e+00  -3.2094864e-01   4.6484031e-01   2.2148538e+00   4.3768913e-02  -2.7221276e-01
   1.5721661e+01  -5.0865656e+00  -8.1883244e+00   9.3049589e+00   9.8090688e+00   1.8488819e+00   3.6089792e+00  -8.5855322e-01  -4.6715916e+00   7.2425967e-01   4.4589210e-01  -4.7371045e-01   1.1602264e+00   5.4623851e+00   3.4120034e+00   1.1144175e+00   3.4317596e+00   6.7986709e+00   3.1645410e+00  -1.5777986e+00  -8.1010773e-01   1.3156438e+00   6.0563839e-01  -1.1851731e-01
   1.4625893e+01  -1.5352841e+00  -5.0032688e+00   6.7179408e+00   9.4563712e+00   4.7760036e+00   3.3314904e+00  -2.0984822e+00  -4.4196098e+00   7.6639236e-01   1.4377621e+00  -1.6838040e-01   4.7409898e+00   5.4647439e+00   3.4477398e+00   1.8649149e-01   2.7423771e-01   2.1412808e+00  -1.5420244e-01  -2.3697249e+00   7.0967183e-01   1.4493061e+00   1.1302600e+00   5.5846447e-04
   1.2609454e+01  -5.6093035e-01  -3.2763135e+00   6.8914327e+00   1.0506792e+01   6.2892006e+00   1.7999839e+00  -3.0939523e+00  -4.0597450e+00   3.1445296e-01   1.1904570e+00  -1.2928297e-01   8.9168642e-01   7.3554043e+00   5.6550073e+00  -4.3928885e+00  -3.7224795e+00   5.4382003e-01  -2.4095691e+00  -3.2180996e+00   1.5801494e+00   7.3211996e-01   8.6684533e-01   2.7030332e-01
   1.7066337e+01   1.6511883e+00  -3.2706287e+00   5.5728506e+00   6.2389526e+00   2.5942551e+00   9.5508296e-02  -4.3474617e+00  -2.7268216e+00   1.5454487e+00   1.8555069e+00  -1.9547526e-01   9.1572736e-01   6.8599299e+00   5.2877086e+00  -3.8123823e+00  -4.0332532e+00  -8.4136765e-01  -2.1590704e+00  -1.2880912e+00   2.1508507e+00   4.3612221e-01  -3.8837706e-01   8.1815066e-02
   1.5838968e+01   4.3533046e+00  -5.7213342e-01   3.2881713e+00   5.8340589e+00   3.7554862e+00   1.6126166e+00  -4.5612128e+00  -3.1477616e+00   1.4329114e+00   1.5372877e+00  -5.4708037e-02   4.7916051e+00   8.2140253e+00   3.8767253e+00  -3.3439899e+00  -1.7354853e+00  -2.9923055e+00   1.7883650e+00  -6.9716780e-01   1.4120618e+00  -1.4926073e+00  -4.5153299e-01   1.4257778e-01
   1.4384727e+01   6.2974932e+00   1.5762041e+00   2.8009982e+00   5.7428581e+00   4.7808093e+00   1.8656846e-01  -3.2969887e+00  -1.6493254e+00   8.6134645e-01   6.8178118e-01  -8.2945272e-02   5.9704687e+00   6.9389032e+00   1.7645255e+00  -2.8489792e+00   2.0841480e-01  -2.5867336e+00   4.9046643e+00  -2.4973842e+00   6.6434761e-01  -2.6468034e+00  -3.9545277e-01  -6.6728378e-03
   2.1137667e+01   9.4369552e+00   1.1535810e-01   3.2613741e+00   8.1516115e+00   7.0746528e-01   4.4370013e+00  -4.6649405e+00  -2.4804004e+00  -1.5824068e+00   1.1000204e+00   2.8318707e-02   2.4232817e+00   3.4861909e+00   9.4091805e-01  -1.7356028e+00  -2.1424469e+00  -1.9922113e+00   1.3479639e+00  -4.7107575e-02   6.6627647e-01  -1.8338215e+00  -8.3562448e-01  -1.7587202e-01
   2.3372691e+01   9.5177179e+00  -9.6758625e-01   1.3127804e+00   5.3927985e+00   2.3816510e-01   6.0403124e+00  -8.0416742e+00  -2.0639808e+00  -9.1709732e-01   1.4809615e+00  -2.4699788e-01  -9.6138323e-01   1.4152541e+00   3.7991332e-01  -3.5079025e+00  -5.1942575e+00  -6.3961179e-01  -9.8667874e-01   2.1770794e+00   6.4136391e-02  -2.6603819e-01  -7.2009837e-01  -1.7961157e-01
   1.4979909e+01   7.9724786e+00   2.1111388e+00   1.4288761e+00   2.7954184e+00   3.0384913e+00   7.0769057e-01  -2.2595314e+00  -1.9410192e+00  -4.2859899e-01  -1.1573917e-01  -2.3648977e-01   1.2675442e+00   2.5252360e+00  -4.1019658e+00  -3.2870542e+00  -1.6081507e+00  -7.9614305e-01   1.4394864e-01  -8.7734476e-01   8.3159637e-01   1.8829981e-01   4.0536677e-02  -1.0376750e-01
   1.6021531e+01   9.1526126e+00   1.1481837e+00  -1.5446066e+00   6.2956850e-01   2.6558786e+00   5.7120569e-01  -1.2340742e+00  -1.8228114e+00  -1.1461473e-01   2.0951339e-01  -2.1995839e-01   3.8642723e+00   3.9136353e+00  -4.5975894e+00  -3.5868397e+00   1.6435332e+00   4.1623070e-01   9.6387625e-01  -2.5727583e+00  -1.5970343e-01  -1.5025146e-01   3.3986311e-01   3.5764488e-02
   2.6714563e+01   1.3407362e+01  -7.0954756e+00  -2.4051378e-01   8.1210005e+00  -1.6956061e+00   7.3874776e+00  -9.3847577e+00  -1.3535905e+00  -1.7011984e+00   1.7965494e+00  -1.4085229e-01   5.7828120e+00   2.9678926e+00  -4.1964588e+00  -2.0771748e+00   3.1014527e+00   1.1277422e+00   2.5053397e+00  -5.0632295e+00  -1.2786193e+00  -9.1956660e-01   5.4113289e-01   1.8341910e-02
   2.3301773e+01   1.2670729e+01  -3.2606632e+00  -3.2327843e+00   5.1953072e+00   3.2295598e+00   4.1462333e+00  -8.3381986e+00  -2.5972503e+00  -5.0617483e-01   1.0346118e+00  -2.4116989e-01  -6.0454797e+00  -3.5402550e+00   2.2889766e+00   2.9623773e+00   1.8003849e+00   3.3644845e+00  -8.1124841e-01   7.2408040e-01  -5.6761709e-01  -3.5097483e-01  -6.7327029e-01   3.0728878e-02
   2.0014006e+01   1.0665259e+01  -1.9791260e+00  -8.4279727e-01   5.1647280e+00   4.4432640e+00   2.6781863e+00  -6.3023135e+00  -3.4717288e+00  -1.6121688e+00   2.8341095e-01  -1.9837115e-01  -1.1154868e+01  -5.5059859e+00   6.8543164e+00   1.7638694e+00  -4.1977891e+00   3.0603600e+00  -6.3479173e+00   5.4879444e+00  -6.4225698e-01   7.8416093e-01  -1.1867393e+00   1.9444282e-01
   1.0303590e+01   5.2132814e+00   2.0234738e+00   3.2001011e+00   4.8082821e+00   4.6331703e+00   1.7089787e+00  -1.6891756e+00  -1.6151679e+00  -6.8559173e-01  -4.3822800e-02  -1.4510564e-01  -4.5334393e+00  -3.1800751e+00   2.1132685e+00   3.4690401e-01  -3.1900390e+00  -7.5657012e-01  -4.8879194e+00   2.3906419e+00  -9.6462312e-01  -2.1596252e-02  -4.1650506e-01   2.5787731e-01
   1.6481352e+01   8.8771069e+00   5.4393055e-01  -8.1115234e-01   2.0178294e+00   2.1931287e+00  -9.1577116e-01  -4.4773525e+00  -2.8080172e+00  -4.3524851e-01   5.5565771e-01   1.0277982e-01   1.6193755e+00   7.4322481e-01  -1.4149729e+00  -4.3449835e+00  -4.6107534e+00  -2.1699203e+00  -3.6233852e+00  -1.5449114e+00  -1.2793127e+00   2.3137657e-02   7.1784947e-02   2.5456111e-03
   1.8267941e+01   8.7946928e+00  -1.3522887e+00  -2.7282507e+00   1.9836980e+00   3.2197723e+00  -1.3886670e+00  -5.6647162e+00  -4.3760408e+00  -1.1270294e+00   2.7373085e-01  -4.9294014e-03   2.4745840e-01  -3.5708334e-01  -2.5733664e+00  -4.3939089e+00  -4.8563193e+00  -3.3288832e+00  -1.7583547e+00  -3.5569210e-01   1.7401321e-01   1.7294204e-01   1.4318157e-01   4.7910442e-02
   1.8460894e+01   9.9893907e+00  -2.4137041e+00  -4.3960966e+00  -3.3910998e-01   1.8950826e+00  -1.2080686e+00  -6.6319103e+00  -4.0102614e+00  -1.3567435e+00   2.3231154e-01  -2.6464086e-01  -3.3275916e+00  -1.7820435e+00   1.0272436e+00   9.3091672e-01  -1.6393134e+00  -2.1684617e+00  -6.7655984e-01   1.4650099e+00   6.6576619e-01  -1.2219585e-01  -2.7198408e-01   5.1314650e-02
   9.6850066e+00   4.1215145e+00  -3.5775837e-01  -1.5982901e+00  -1.2977272e+00  -2.1113136e-01  -7.8240461e-01  -1.1454349e+00  -7.5302601e-01   3.4568839e-02   3.3262264e-01   1.1047036e-01   2.5756279e+00   5.6876301e-02   1.0744348e+00   1.7488472e+00   2.1075025e+00  -2.9958746e+00   5.5289237e-01  -1.7392550e+00   6.6143648e-01  -3.1198811e-03   2.5753163e-01   2.6683739e-01
   1.5781432e+01   8.5406308e+00   1.5875307e+00   2.0242392e-02   1.1995719e+00   6.5588806e-01  -2.2337421e+00  -4.5394784e+00  -3.6208753e+00  -1.1993414e+00   1.1823571e-01   1.2205191e-01   4.6414735e+00   1.9167393e+00   6.8770809e-01   1.0800063e+00   3.2421273e+00  -6.9997692e-02   8.1822695e-02  -3.2290006e+00  -1.9664605e+00  -9.7206771e-01   8.9154508e-02   3.1503284e-01
   2.3471114e+01   9.6043872e+00  -1.7412539e+00  -2.3131495e+00   4.3756108e+00  -6.5444232e-01  -4.6491708e-02  -9.3198147e+00  -3.5785791e+00  -1.2104103e+00   7.1706621e-01   2.0198030e-01   1.9999882e+00   2.0086231e+00   1.3842174e-01  -6.7711125e-01   2.8078682e-01   1.1402159e+00   1.0813537e+00  -9.2528032e-01  -1.2155344e+00  -8.9839084e-01  -1.1913229e-01   3.1008021e-02
   1.8530051e+01   1.0123063e+01  -6.9039426e-01  -2.4186574e+00   1.6874119e+00   2.0117415e+00  -1.4532910e+00  -7.3882213e+00  -5.5471757e+00  -2.1923555e+00   1.7382152e-01   1.6215343e-01  -3.1631476e+00   2.6172829e-01   1.1402201e+00  -6.3207888e-01  -3.0474500e+00   4.4546799e-01   5.5282824e-01   1.7949355e+00  -3.9674753e-01  -4.5145997e-01  -7.2237549e-02   6.8922568e-02
   1.1310679e+01   6.3432328e+00   9.8883674e-01  -1.3945070e+00  -1.1204670e+00   8.2126583e-01   4.4940040e-01  -1.1089839e+00  -1.6131775e+00  -8.1651034e-01   1.2613130e-01   1.3693163e-01  -2.6098239e+00   1.5198215e+00   1.7677888e+00  -1.2867213e-01  -3.3953487e+00   3.2264924e-02  -1.0267017e+00   1.1613718e+00  -1.0041212e+00  -5.3357049e-01  -4.9494363e-01  -9.4317333e-02
   1.7116928e+01   1.0563800e+01   1.9328157e+00  -1.3871971e+00  -6.2356419e-01   5.8623597e-01  -1.6524458e+00  -5.9524905e+00  -5.1986974e+00  -2.0734813e+00   3.0534684e-01   2.5796010e-01   2.8882937e-01   1.0876116e+00   1.2411263e+00  -5.1256447e-01  -2.6412399e+00  -1.9733225e+00  -5.9352031e-01  -2.6634324e-01  -8.2595844e-01  -7.4992192e-01  -4.1226886e-01  -8.3632476e-02
   2.0262939e+01   1.1663751e+01  -4.0117570e-01  -3.0218878e+00   4.3807580e-01   1.0670783e-01  -1.4869669e+00  -8.2956225e+00  -5.2590001e+00  -2.0702031e+00  -9.1111891e-02   1.2600967e-02  -1.1177250e+00  -3.3894516e-01   1.2711804e+00   1.6169687e+00   8.9529567e-01  -3.4495962e-01  -9.5474423e-01  -6.7098181e-01  -5.9929772e-01  -4.9568978e-01  -5.4452081e-01  -1.8295156e-01
   1.4487165e+01   9.0942216e+00   1.8663014e+00  -2.3738137e+00  -3.0537193e+00  -5.9096329e-01  -1.3753878e+00  -4.1944169e+00  -4.9632020e+00  -2.6903920e+00  -3.3596017e-01   9.8870046e-02  -3.9954887e+00  -2.0913976e+00   1.8849053e+00   2.9943656e+00   1.1809811e+00  -3.6608901e-01  -5.9669954e-01   1.5899007e+00   1.2001277e+00   6.7522221e-01  -1.0554871e-01  -1.3912583e-01
   1.0948973e+01   6.5696045e+00   2.9288644e+00   1.5242544e+00   1.4375541e+00   8.9242603e-01  -1.1212450e+00  -2.9944934e+00  -2.6298717e+00  -1.2515896e+00  -3.6999640e-01  -5.7950680e-02   5.0480289e+00   3.2718150e-01  -2.9272037e+00   5.0502326e+00   3.2378014e+00  -7.1955489e+00   6.3634934e+00  -3.6365020e+00  -3.5297212e-01   9.5983750e-01   9.5098522e-01  -1.6346213e-01
   1.5780678e+01   9.9737774e+00   3.0951535e+00   8.3128022e-01   6.4816831e-01  -3.5575664e-01  -2.7303561e+00  -6.2182040e+00  -4.7130699e+00  -1.4699547e+00   2.8646603e-01   8.4547183e-02   4.9416880e+00   1.5091370e+00  -1.4979591e+00   2.0307745e+00   1.2915250e+00  -5.1752274e+00   1.2666904e+00  -3.5647426e+00   1.3154599e-01   1.5547600e+00   5.3307231e-01  -3.6969872e-01
   2.7188226e+01   1.1714745e+01  -5.4064073e+00   2.9509141e+00   3.4438342e+00  -1.0804219e+01   8.7357574e+00  -1.2738482e+01  -5.9135243e+00  -1.2406655e+00   1.0241528e+00  -2.2543080e-01   3.5344849e+00   1.3140673e+00   3.6222744e-01  -6.9211893e-02  -2.8090553e-01  -1.3469861e+00  -9.4323264e-01  -6.2774441e-02   2.0576880e-01   1.3206644e+00  -8.0604921e-03  -3.1689620e-01
   1.3780070e+01   8.7853567e+00   3.7869987e+00  -4.0981893e-02  -2.1195719e+00  -2.5054820e+00  -4.4038533e+00  -4.6695365e+00  -3.1240568e+00  -3.6371412e-01  -2.3342632e-01  -3.7193797e-01  -2.5562084e+00  -9.3782590e-01   3.2999403e+00  -2.8777753e-02  -6.7892933e-01   3.3043012e+00  -2.8830983e+00   3.3285433e+00   1.4622052e+00   1.1463109e+00  -5.0838770e-01  -2.9188846e-01
   1.7251004e+01   9.1349158e+00   3.1262830e+00   1.8565676e+00   2.4000659e+00  -5.3190387e-02  -1.6993453e+00  -3.8629888e+00  -3.1157251e+00   1.7628660e-01  -1.2214096e-01  -3.0505240e-01  -3.6151854e+00  -1.1588323e+00   5.1385908e+00  -3.8842959e-01  -1.9823460e+00   5.6682248e+00  -4.4333075e+00   2.9997679e+00  -8.3855936e-01   1.0199790e-01  -1.3051641e-01  -1.6457409e-03
   1.6914976e+01   9.8569533e+00   3.7787188e+00   1.3352869e+00   1.5165846e-01  -7.7481907e-01  -1.8374523e+00  -5.6631355e+00  -3.9186617e+00  -4.5896444e-01   9.7031390e-02  -3.1347470e-01   5.9204520e+00  -2.0840042e-01  -1.7604801e+00   1.3574087e+00   1.6311835e+00  -6.3950375e-01   3.7344051e+00  -4.5986045e+00  -3.5752018e+00  -3.1548496e-01   6.8394563e-01   5.1393017e-02
   2.0197995e+01   9.4406987e+00   2.3056189e+00   1.6801354e+00  -6.6530000e-01  -3.1672131e+00   8.0259556e-01  -7.7420306e+00  -6.7740608e+00  -1.0400435e+00   6.6314937e-01  -2.5713104e-01  -2.8907060e-02  -8.8473998e-01  -1.2400195e+00   7.1825931e-02   5.0718233e-01   1.3942135e+00   1.8663432e+00  -3.2025975e+00  -2.4296656e+00  -7.4601653e-01   7.5791127e-01   2.0241038e-01
   2.1187253e+01   8.3198647e+00   1.5566107e+00   2.0833473e+00   1.8598863e+00  -1.9077263e+00  -5.3216048e-02  -9.6279224e+00  -6.6576915e+00  -2.2877649e-01   3.9984696e-01  -3.1880913e-01   4.8778022e+00  -2.9697229e+00  -3.5718143e+00   1.9265055e+00   4.1257385e+00  -2.0985216e+00   6.4359163e+00  -5.3684404e+00   1.6468416e+00   1.0752841e-01   5.6365966e-01  -3.3845927e-02
   1.5071505e+01   8.5763501e+00   2.3773078e+00   1.5902763e+00   2.3067254e+00   2.6045834e+00   2.0805130e-01  -6.6844917e+00  -5.3907086e+00  -1.0578322e+00   8.6331816e-01   1.2303819e-03  -1.7978557e+00  -1.9254232e+00  -1.6222836e+00  -4.8016270e-01   1.9842409e+00   9.4298232e-03  -3.5406711e-01   2.0852434e-02   3.3685850e+00  -1.4978333e-01  -4.1942659e-01   6.4813251e-02
   2.6794925e+01   5.8345432e+00  -1.6148471e+00   4.2699746e+00   4.8542535e+00  -6.8084997e+00   8.1136944e+00  -1.4244565e+01  -2.1400754e+00  -2.8877749e-01   8.4243649e-01  -4.9342430e-01   9.2461417e-01  -1.2700909e+00  -1.4836038e+00  -5.3943337e-02   1.5472788e+00  -1.8786985e+00  -1.5442354e+00   8.1968493e-01   3.3096571e+00  -1.2152662e+00  -9.3669453e-01   7.1031336e-02
   1.4697376e+01   7.7952247e+00   1.4579224e+00  -1.3342234e-01   8.1387770e-01  -7.0268168e-01  -3.8119603e+00  -5.4024303e+00  -3.9799914e+00  -1.2347180e+00  -1.8728527e-01  -7.2603577e-02  -4.4455597e+00  -1.4244900e+00   6.7296527e-01  -9.8154258e-01  -1.3820562e+00  -9.7182584e-01  -4.4628854e+00   4.2109171e+00   2.2669028e+00  -5.1593065e-02  -8.8075481e-01   1.7916029e-01
   2.2761239e+01   6.8052910e+00  -2.0910226e-01   2.8642816e+00   4.9272285e+00  -3.0721415e+00  -3.5956341e-01  -9.0394257e+00  -2.3985645e+00  -1.9632329e+00  -4.7989311e-01  -1.7534514e-01  -2.1457343e+00   8.8495025e-01  -4.9777480e-01   7.3300323e-01   1.7199743e+00   8.2936790e-01  -3.2747481e+00   2.2819678e+00   1.3576014e+00  -8.6135075e-01   1.2040259e-03   4.6755655e-01
   1.0420009e+01   5.9542413e+00   2.6838833e+00   8.2080890e-01   1.9715369e-01  -7.2133442e-01  -2.2496479e+00  -2.9706861e+00  -1.8611098e+00  -2.9799404e-01   2.0335074e-01   1.1093123e-01   1.5842163e-01   4.1099325e-01  -2.0754251e-01   9.6508915e-01   9.9543346e-01  -5.2155726e-01   1.2280065e+00  -1.2826611e+00   6.5416399e-02   9.6265528e-02   6.9243623e-01   2.2373814e-01
   2.5715007e+01   8.0824603e+00  -2.9744898e+00   4.8923638e+00   7.7425770e+00  -5.5551214e+00   2.4204160e+00  -1.2037486e+01  -1.1631141e+00  -2.0491656e+00   6.4892452e-01   1.1614311e-01   3.9709768e+00   1.6283125e+00  -4.1299031e+00   3.4912704e+00   3.6698193e+00  -3.6752814e+00   1.7064282e+00  -5.3476731e+00  -4.4698726e-01  -2.6957703e-01   1.0871714e+00   3.4900762e-01
   1.3458124e+01   7.7731299e+00   2.5293024e+00   3.0017027e-01   8.9935361e-01  -2.4352757e-01  -3.3599402e+00  -5.8273918e+00  -4.4995920e+00  -1.0473534e+00   2.8696025e-01   1.1725950e-01   3.8874359e+00   2.3108396e-01  -2.6861818e+00   1.7179189e+00   2.7897591e+00  -2.8278417e-01  -5.4944664e-01  -2.5886619e+00  -1.0009769e+00  -1.0569341e-01   3.4172263e-01   1.1243434e-01
   2.7198646e+01   8.3383154e+00  -6.3266664e+00   8.3615066e+00   1.0080857e+01  -8.8239669e+00   2.7552251e+00  -1.5632582e+01  -1.7498043e+00  -1.9929188e+00   1.1090592e+00   3.4500215e-01  -3.5644797e+00  -2.0795112e+00   7.9355702e-01   2.6759946e-01   7.0563798e-01   4.6914360e+00  -4.8176848e+00   2.8231563e+00  -7.6808285e-01   8.2917510e-01  -4.7326019e-01  -7.6530605e-02
   1.5509343e+01   6.1729397e+00   3.3069883e-01   1.6631159e+00   3.2126522e+00   4.8891207e-01  -3.2412224e+00  -5.0561306e+00  -3.0692300e+00  -4.8465755e-01   4.8586734e-01   1.6515323e-01   4.8938865e+00  -3.3918177e+00  -7.5979427e-01   1.2781311e+00   4.9789271e+00   2.1324144e+00   4.3394597e-01  -2.9170863e+00   6.1170386e-01  -3.0181834e-01   5.3742338e-01  -2.0083782e-01
   1.9342678e+01   5.7632886e+00  -6.8485249e-01   4.6122902e+00   7.6443847e+00   1.1158127e+00  -4.8654702e+00  -8.1883822e+00  -3.0304194e+00  -1.0867509e+00  -1.6041931e-01  -2.2599660e-02  -6.6323480e+00  -2.5639731e+00   5.0269631e+00  -2.1463227e+00   1.0047649e-01   7.7094953e+00  -2.6999269e+00   1.8317924e+00  -3.1480569e+00  -4.1526099e-01  -3.9885689e-01  -3.0902423e-01
   2.4726938e+01   3.9729167e+00  -1.4312960e+00   4.0919751e+00   9.5859806e+00  -2.0147957e+00   1.1013264e+00  -1.3925121e+01  -2.9417287e+00  -1.9531649e+00   1.7278346e+00  -1.9632869e-04  -4.7999358e+00  -1.2134246e+00   1.0997343e+00  -5.3164115e-01  -8.8534467e-01   1.2491569e+00   1.2361309e+00   4.9817248e-01  -1.1047676e+00  -1.6862770e-01   6.0098564e-02  -2.7392462e-02
   1.2641327e+01   5.5923672e+00   2.0947757e+00   3.9275929e+00   7.0449079e+00   3.9921299e+00  -3.4659397e+00  -8.4503984e+00  -6.5356403e+00  -1.8815566e+00  -1.1020975e-01  -3.5859423e-02  -7.4189839e+00  -1.6378710e-01   1.9646042e+00  -1.2889393e+00  -3.5858556e+00   1.3642478e+00  -3.5370574e-01   4.0065304e+00  -7.0682700e-01   8.9666619e-01  -3.2506756e-01  -1.3592501e-01
   1.1660115e+01   4.4382634e+00   5.9048625e-01   1.2080028e+00   2.1843736e+00   9.2448887e-01  -2.0867912e+00  -4.1778638e+00  -2.9737710e+00  -3.4019621e-01   5.5091041e-01   1.3069441e-01  -2.5850884e+00   2.8828006e+00  -3.6026717e-01  -2.8318043e+00  -2.9963555e+00   2.9518268e+00  -3.0381823e+00   2.8939287e+00  -6.7448182e-01   2.3998701e+00  -3.7135088e-01  -3.1278794e-01
   1.4747614e+01   5.2849346e+00   1.2511627e+00   4.1208674e+00   5.9664048e+00   1.6925422e+00  -3.8019700e+00  -7.0522153e+00  -4.0746387e+00  -5.4823592e-01  -5.9558567e-02  -2.9193254e-01   3.2628912e+00   2.2078222e+00  -1.6968832e+00  -2.6129121e+00  -4.5958188e-01  -7.4054540e-02  -1.2490126e+00  -2.1495243e+00   9.4974419e-02   1.2970269e+00   5.4326120e-01  -1.9872643e-01
   1.9796162e+01   8.4508339e+00  -1.5498903e+00  -2.5236862e-01   5.6306989e+00   3.5627383e+00  -3.2879319e+00  -1.0283320e+01  -5.1839522e+00   9.7997990e-01   1.1454827e+00  -3.4134168e-01   6.7261186e+00   2.8767326e+00  -5.2778726e+00  -2.1893008e+00   2.5826605e+00   1.6710216e+00  -1.1169700e+00  -3.6922489e+00  -5.4702637e-02   6.3502268e-01   4.6893789e-01  -1.1198857e-01
   1.3467640e+01   6.8978152e+00   6.1963914e-01   7.3841050e-01   4.6323725e+00   2.5619234e+00  -4.7388882e+00  -8.6219568e+00  -5.2880880e+00  -5.9610432e-01   4.0739593e-01  -9.7931023e-02  -5.6025655e-01  -4.8241782e-01  -1.6669573e+00   1.5604766e-01   7.8154157e-01   5.3042266e-01  -5.7115870e-01   3.4274992e-01   9.1468052e-01  -1.0141612e-01   6.4855578e-02   1.1812146e-01
   2.2389280e+01   7.9469221e+00  -7.0105609e+00  -3.8471992e-01   6.7253805e+00   2.9963307e+00  -3.2937871e+00  -8.9313665e+00  -2.4491003e+00   6.3627201e-01   1.0208400e+00  -1.3428920e-01   1.6167502e+00  -2.2512790e+00  -1.9437599e+00   3.8314409e+00   3.3293488e+00  -2.1179404e+00   1.2557997e-01  -1.7879207e-01   1.1637342e+00  -6.2747216e-01  -1.9986307e-01  -1.2473946e-02
   1.2610670e+01   4.8132637e+00   1.4810621e+00   4.4211146e+00   6.5913763e+00   2.7713800e+00  -4.6557804e+00  -7.2140672e+00  -4.0700439e+00  -5.2850615e-01   1.0004613e-01  -2.1827659e-01   2.0384354e+00  -7.7586863e-01  -4.2262240e-01   2.0481546e+00   1.5159424e+00  -1.4790622e+00  -7.6107701e-01  -2.0275539e+00  -1.2042487e+00  -8.4976630e-03   5.2261161e-01   3.1749448e-02
   2.2649772e+01   6.1161911e+00  -4.8962417e+00   3.6534407e+00   9.6452202e+00   2.8109946e-01  -3.1411158e+00  -1.1255453e+01  -4.0473729e+00   4.9725829e-03   9.9936296e-01  -2.9987982e-01  -5.4214524e+00  -1.6764152e+00   4.1587792e+00   1.0954958e+00  -2.6518974e+00  -2.6692162e+00  -1.8552948e+00   3.8393695e-01  -1.1254903e+00  -1.9686340e-02   3.1323612e-01   2.4999917e-01
   1.6395047e+01   6.6493778e+00  -1.0714541e+00   1.7915621e+00   5.4463662e+00   1.7009456e+00  -5.9568394e+00  -1.0501244e+01  -6.2953248e+00  -2.9320110e-01   1.2020519e+00   3.2488458e-02   4.5342843e+00   1.2342179e+00  -3.6930908e+00   1.3923777e+00  -1.5914589e-01  -4.4946483e+00   2.5580079e+00   2.2139183e-02   1.3959706e+00   5.0412115e-01   6.7757180e-01   7.1468793e-02
   1.2364913e+01   4.5142422e+00   5.0386601e-01   2.5733000e+00   3.3200395e+00  -4.7227652e-01  -5.4261998e+00  -6.7118724e+00  -3.0246952e+00   4.8908998e-01   9.3969132e-01   1.1532704e-01   3.1717400e+00   1.1987518e+00  -1.6329056e+00   1.5545106e+00   8.1323155e-01  -3.1232863e+00   2.3224379e+00   1.1789918e+00   1.1912040e+00  -6.2587757e-01  -4.1339616e-02   2.8480063e-02
   2.4554526e+01   7.4655650e+00  -6.7586278e+00   7.0497515e+00   9.5152478e+00  -3.5939045e+00   3.2377340e-01  -9.4526486e+00  -2.4874268e+00  -1.4383121e-02   1.1462396e+00  -3.1867683e-01   7.8537315e+00  -6.8078404e-03  -2.8159948e+00   1.2281889e+00   3.3292985e+00  -2.4907983e+00   2.4369935e+00  -1.8405921e+00   1.2034968e+00  -9.9440584e-01  -7.1180662e-01  -1.7951461e-01
   2.3327642e+01   7.5062251e+00  -4.5020133e+00   3.3561118e+00   8.8306267e+00  -1.7564050e+00  -2.7977654e+00  -1.0011263e+01  -4.1645158e+00  -1.0732528e+00   9.6525964e-01  -8.1577078e-02  -7.2683412e-01   4.4549498e-01   9.0844150e-01  -3.5868144e+00  -2.0095112e+00   1.8645949e+00  -2.1617751e-01  -9.8567747e-01  -2.0303377e+00  -1.7546332e+00  -6.3889101e-01   1.4563542e-01
   2.2694279e+01   5.1431746e+00  -2.7925066e+00   3.2424395e+00   7.6850203e+00  -1.3931875e+00  -3.6155664e+00  -1.1612437e+01  -3.9201693e+00  -1.0036385e+00   1.2155776e-01  -1.3833140e-01  -1.0404015e+01  -1.0729040e+00   8.0569039e+00  -2.8723759e+00  -5.6459621e+00   4.0347861e+00  -3.7777378e+00   3.5251160e+00  -5.4627638e-01  -1.1830845e-02  -6.3574785e-01   2.3386795e-01
   1.2204785e+01   6.3436799e+00  -1.1653236e-01  -9.0326554e-01   1.2208865e+00   1.2242573e+00  -3.7807962e+00  -7.1104943e+00  -5.3538306e+00  -1.6482321e+00   4.9369575e-01   2.4360746e-01  -4.7649768e+00   3.6246853e-01   4.0971295e+00   9.5927883e-01  -3.0881573e+00   1.5043175e+00  -8.4774934e-01   2.9163149e+00   4.0021053e-02   7.4106185e-01   6.8803201e-02  -1.0545229e-01
   1.4509932e+01   6.4374816e+00   3.1339876e+00   4.8708763e+00   4.8511748e+00   9.6794349e-01  -4.8513179e+00  -5.6153589e+00  -2.7121840e+00   2.5536027e-01   4.2839982e-01  -1.3046717e-01  -1.6976818e-01   1.6022278e+00   1.6796816e+00   1.3256841e+00  -9.5922804e-01  -1.5020695e-01  -4.1105776e-01   1.8645964e+00  -2.1735392e-01   1.5127195e-01   1.5402887e-01  -1.2608435e-01
   2.0272351e+01   7.4027744e+00  -1.3195661e+00   3.9808117e+00   5.6153136e+00  -6.8049430e-01  -3.4515136e+00  -8.6353298e+00  -4.7084769e+00  -5.9115937e-01   9.1504342e-01  -2.4368763e-01   7.2640971e+00  -3.2498975e-01  -2.3169374e+00   2.7426606e+00   3.7972983e+00  -2.4348598e+00  -6.0421487e-01  -2.4949769e+00   1.1591552e-01  -4.9021243e-01  -2.2363053e-01  -1.4584219e-01
   1.8405844e+01   7.0169690e+00   3.2853275e-01   2.7889270e+00   4.0489647e+00  -6.6612217e-01  -4.3967943e+00  -8.0531249e+00  -4.5688771e+00  -1.3052669e+00   1.4192722e-01  -8.3810382e-02  -1.1094205e+00  -6.9013165e-01  -1.7200119e+00  -2.4642735e+00  -2.5742154e-01   1.5853946e+00   2.4369580e+00   3.2064104e-01  -5.0128450e-01  -1.1435867e+00  -4.2415762e-01   1.4251312e-01
   2.1152975e+01   5.5664516e+00  -2.1892111e+00   4.2517000e+00   7.3179390e+00  -1.6109996e+00  -4.9143803e+00  -9.6340767e+00  -4.2516108e+00  -1.6032371e+00   3.0148625e-01   1.5157715e-03  -8.3188977e-01   3.8201603e-01  -2.1616298e+00  -7.5835533e-01   3.0189274e+00   1.2116023e+00   2.7954568e-01   1.0974283e+00   7.2217096e-01  -4.5393000e-01   1.4481831e-01   3.3012435e-01
   1.2405490e+01   6.3204455e+00   9.8879214e-01   1.0390219e+00   3.6137298e+00   3.8112881e+00  -4.6444761e-01  -4.6350239e+00  -3.6925438e+00  -9.5398086e-01   9.8941971e-02  -3.9299190e-02   1.3526245e+00   8.5781899e-01  -2.5370771e+00  -4.1581554e-01   2.3956539e+00   2.1026371e-01  -9.9153452e-01  -3.6200629e-01   4.6679324e-02   3.0095447e-01   6.9907593e-01   1.7691645e-01
   2.2024693e+01   8.3240602e+00  -4.8921406e+00   3.7182312e+00   1.0361322e+01  -1.1017960e+00  -4.9983684e+00  -8.6982379e+00  -4.0633871e+00  -1.4476974e+00   1.1537635e+00   2.2924331e-01   6.5201957e-01   9.5366945e-01  -1.2226612e+00  -1.5113103e+00  -1.4467185e+00   1.2376680e-01  -1.4962235e+00  -9.2007157e-02  -1.1821599e+00   5.2698832e-01   5.3403921e-01  -4.6389311e-02
   1.9998922e+01   6.9248932e+00  -2.1256182e+00   2.4319381e+00   6.1207540e+00  -6.0532841e-01  -5.8421020e+00  -9.0640537e+00  -4.5929699e+00  -9.3160510e-01   7.6440250e-01   6.7700519e-02   1.9050669e+00  -3.6391903e-01   1.5380225e+00   1.2753288e+00  -9.2345680e-01  -1.3127048e+00  -1.4104940e+00   7.1644257e-02  -2.9245669e-01   1.3564972e+00   4.0978268e-01  -2.1259132e-03
   1.8334288e+01   6.6947319e+00  -2.4659978e+00   1.2882764e+00   3.8943491e+00   7.8295884e-01  -4.4698884e+00  -7.5575725e+00  -5.5746376e+00  -8.2394253e-01   7.6981481e-01  -1.2156805e-01  -6.8415777e-01  -1.5016350e+00   4.3496276e+00   9.0722647e-01  -3.9214642e+00  -7.0834204e-01   4.0283624e+00   1.1583969e+00   7.0296703e-03   1.2513871e+00  -9.5240297e-02  -2.2656625e-01
   1.7108292e+01   6.5892311e+00   2.0827545e+00   4.1669926e+00   5.4620311e+00   8.9985354e-01  -2.8444287e+00  -5.0978902e+00  -3.3756035e+00   7.6888747e-01   9.0559034e-01   1.3291762e-01   5.5925502e+00  -1.0471111e-01  -2.3345285e+00   3.6882383e+00   1.0587552e+00  -7.4569090e+00   7.8775863e+00  -1.6600724e+00  -9.8435680e-01   3.0385221e-01   3.8840674e-01  -1.8853690e-01
   2.2443771e+01   6.2394387e+00  -4.7188557e-01   4.2115437e+00   4.8084873e+00  -2.9169000e+00  -4.5466146e-01  -8.9437244e+00  -4.6615258e+00  -4.2086310e-01   9.4030914e-01  -1.4321462e-01   5.3700730e+00   4.3122281e-01  -1.7604748e+00   2.2160854e+00   1.2021380e+00  -5.3631334e+00   3.8206826e+00  -2.8117278e+00  -1.6646337e+00  -6.1800816e-01   1.5010321e-02  -6.9030754e-02
   2.6333005e+01   6.9954731e+00  -6.6244670e+00   6.5026620e+00   7.2518178e+00  -9.9407625e+00   3.9666640e+00  -1.0861086e+01  -6.5260611e+00  -6.7736649e-01   1.2617654e+00  -2.0428155e-01   2.5987564e+00   1.6852794e+00  -2.9109133e+00   1.0636902e+00  -9.0845309e-01  -1.0492927e+00   1.6149801e+00  -7.6126079e-01  -5.9631250e-01  -1.2890349e+00   5.9849116e-01  -1.2125692e-01
   2.1777041e+01   7.1384451e+00  -7.5309917e-01   3.4445699e+00   4.8026628e+00  -1.8414332e+00  -2.1444107e+00  -8.8935661e+00  -6.4963594e+00  -1.0278278e+00   6.1424274e-01  -5.6514596e-02   1.4643838e+00  -3.9634410e-01  -1.5924613e+00   2.1518618e+00   5.8206359e-01  -1.2485346e+00   3.6560891e+00  -9.0792936e-01   1.5495751e+00  -9.8249528e-01   3.3790900e-01   6.1505885e-02
   2.1339792e+01   8.6676471e+00  -2.1430087e+00   6.1460147e+00   4.1022637e+00  -1.2118189e+00   4.2291604e-01  -6.2648605e+00  -3.3526555e+00  -8.6118253e-01   1.9663603e+00  -9.2317780e-02  -3.0579866e+00  -8.0627578e-01   2.6637901e+00  -6.3082930e-01  -1.2195658e+00   3.4035365e+00  -2.0301486e+00   8.1903266e-01   1.5580199e+00  -7.8227932e-01  -1.7275532e-01   2.0999282e-01
   2.7136954e+01   4.8088356e+00  -5.1013066e+00   7.6176600e+00   7.2563597e+00  -9.1541738e+00   6.8013461e+00  -1.2603731e+01  -3.9238659e+00  -1.8026980e+00   1.0948752e+00  -1.0693768e-01  -1.4575057e+00  -9.9457101e-01   2.2990167e-01  -6.8221082e-01  -4.1239263e-02   4.1735352e-01  -5.3956393e-01   7.6033393e-02  -6.3916294e-01  -6.2312247e-01  -5.2720902e-01   6.3569710e-02
   1.9066069e+01   6.9508642e+00  -4.5467818e-01   3.4698730e+00   4.1956205e+00  -1.1790874e+00  -3.5514374e+00  -7.7774548e+00  -5.4752780e+00  -1.4633504e+00   7.6231623e-01   1.3591922e-01  -9.4420392e+00  -2.2701188e+00   3.2409756e+00  -4.7761349e+00  -2.3124608e+00   4.1697689e+00  -4.1155039e+00   3.2528166e+00   4.9371877e-02   1.0105707e+00  -9.1787982e-01   2.0651617e-01
   2.0727644e+01   6.5049801e+00  -1.2524119e+00   3.7593245e+00   4.6941255e+00  -1.2317686e+00  -9.6657991e-01  -8.0232189e+00  -6.3937925e+00  -1.6614276e+00   4.2545123e-01  -7.5278533e-02  -5.8900411e+00  -5.3713121e-01   3.7194667e+00  -2.5046307e+00  -2.8954986e+00   4.8789293e+00  -3.4841287e+00   2.8117400e+00   7.8950347e-01   1.5105013e+00   1.2072660e-01  -5.8560443e-02
   1.0381388e+01   4.4143967e+00   7.9400737e-01   9.1098005e-01   1.9146897e+00   1.0816319e+00  -1.8663768e+00  -3.6758919e+00  -2.0436344e+00   5.8403830e-01   9.2425254e-01   2.0162691e-01  -1.4308674e+00  -2.3516880e-01   1.6993290e+00  -2.7929259e-01  -1.2267071e+00  -4.9453253e-01  -1.6996897e-01  -5.3976295e-01   1.0544192e+00   1.0364236e+00   9.8434318e-02  -1.3171235e-01
   2.2644232e+01   5.2713725e+00  -1.4644932e-01   5.1401603e+00   4.0535772e+00  -2.9661394e+00   7.3262271e-01  -1.0436903e+01  -4.4554325e+00  -5.6064039e-01   1.1949970e+00  -2.2763218e-01   1.3495822e+00   1.0420164e+00   1.3616445e+00   1.2950927e+00   4.1699847e-01  -1.4771565e+00  -2.0422334e+00  -1.5440010e+00  -2.2865815e-01   2.4237744e-02   4.2591979e-03   1.5052606e-02
   1.5961474e+01   7.2149148e+00   1.5413340e+00   2.3605162e+00   2.6758340e+00  -1.0537008e+00  -4.6559922e+00  -7.3802573e+00  -4.8628291e+00  -4.5910856e-01   5.2519484e-01   1.4527528e-02   5.8410089e-01   1.3790372e+00   5.4602036e-01  -3.2163883e-01  -5.8853420e-01  -7.0113577e-01  -1.0785718e+00   5.4249367e-01  -1.2079200e+00  -1.0850423e+00  -4.9016466e-01   1.0682816e-01
   1.9961974e+01   6.6677456e+00   4.1639147e-01   4.9771956e+00   4.9390511e+00  -2.3798371e+00  -2.6351224e+00  -8.4870376e+00  -5.3271824e+00  -1.1034975e+00   6.3136887e-01   4.0850067e-02  -2.3938195e+00  -5.6271109e-01  -6.7589166e-01  -1.6643051e+00  -1.5009263e-01   1.5121499e+00  -1.3212932e+00   3.1778161e+00   2.6899233e-01  -5.1446522e-01  -4.6426520e-01   1.9081075e-01
   1.2598669e+01   5.7847659e+00   1.3316175e+00   5.1000419e-01   5.8915146e-01  -2.6322293e-01  -1.8003620e+00  -3.8370840e+00  -3.4196395e+00  -7.7209657e-01   4.7081959e-01   2.2762803e-01  -2.3057918e-01  -6.3406858e-01  -1.3938025e+00  -1.5637854e+00   1.1661491e+00   2.3571631e+00  -3.9027884e-01  -3.6454145e-01   9.4545536e-02  -1.7620199e-01  -1.7879463e-01  -1.6647548e-02
   2.0734906e+01   5.1423803e+00  -1.0554286e+00   3.5689586e+00   4.8717795e+00  -1.0931535e+00  -2.6771321e+00  -7.4417653e+00  -4.7735388e+00  -1.1758442e+00   5.2578678e-01  -4.7966319e-02   1.3338570e+00   9.3044374e-02  -1.9976351e+00  -1.7873811e+00   1.9237358e+00   1.9257637e+00  -1.5925555e+00  -2.0083095e+00  -7.8524375e-01  -4.0079561e-02  -9.8961753e-02  -3.8581740e-02
   1.5229139e+01   7.0264946e+00   1.8654024e-01   7.1895655e-01   4.4586934e+00   1.8387019e+00  -5.2204055e+00  -8.4497057e+00  -4.9978326e+00  -6.8723820e-01   3.0979395e-01   3.3964399e-02   5.8798913e+00   8.6754796e-01  -3.9428222e+00  -7.7200406e-01   1.9120509e+00   7.6806217e-02   1.0799321e+00  -2.2263065e+00  -2.2284747e+00   1.2181509e-01   8.3426355e-01   5.1161221e-02
   2.0647524e+01   6.1864478e+00  -2.0075226e+00   2.1916477e+00   5.8898838e+00  -5.4215403e-01  -3.3139339e+00  -9.1931910e+00  -5.7159514e+00  -1.2060460e+00   5.6343907e-01   7.9809273e-02   2.2721863e+00   1.2086298e+00  -1.9745988e+00  -5.3061803e-01  -4.1046823e-01  -1.0396434e+00   9.2558249e-01   1.3219698e+00   8.7938540e-01   1.9769425e-01   1.6048397e-01  -7.1920913e-02
   2.1462196e+01   6.5640541e+00  -4.1065688e+00   4.0653559e-02   2.9481757e+00  -4.2351333e-01   1.3793710e-01  -6.3008309e+00  -6.2911453e+00  -5.7427302e-01   1.7033888e+00   2.4048207e-01   4.7247575e+00   7.1930036e-01  -7.1279397e-01   1.4565599e+00  -7.2581075e-01  -3.2083145e+00   2.5722721e+00   8.7855981e-01   1.2515844e+00   7.9791178e-02   1.3224131e-01  -1.7510807e-01
   2.1026657e+01   7.1865452e+00  -1.8707723e+00   3.1121831e+00   5.0113361e+00  -1.5215109e+00  -3.9679297e+00  -6.5332480e+00  -2.8078044e+00  -9.3578543e-01   6.9715333e-02  -2.5910652e-01  -1.2389854e+00   1.6485956e+00   2.8655620e+00   1.4072764e-01  -1.5000044e+00  -7.8223570e-01  -4.5916954e-01   6.5929467e-01   1.3865395e+00  -3.5724688e-02  -8.2823026e-01  -1.9673020e-01
   2.2126710e+01   7.6053964e+00  -9.5102584e-01   2.4435287e+00   3.8092512e+00  -2.4840914e+00  -1.0349995e+00  -8.4618374e+00  -4.5745295e+00  -7.0268174e-01   7.5501778e-01  -5.9239809e-02  -6.7744994e+00   3.9931427e-01   4.6476354e+00  -3.4924257e-01  -2.7429416e+00  -1.1540211e+00  -2.5303547e+00   1.8341386e+00   2.6185225e+00  -1.4761897e-01  -1.3130374e+00  -6.9385793e-02
   1.8456790e+01   8.1386701e+00   7.1304889e-01   1.2013016e+00   3.2093394e+00  -6.8521853e-01  -3.4162199e+00  -7.1237457e+00  -4.4944500e+00  -1.1954287e+00  -2.0472084e-01  -6.5425084e-02  -3.8442712e+00   1.0870642e+00   2.1844500e+00  -2.0043419e+00  -3.2514899e+00  -1.2165582e+00   2.8889372e-01   2.9357931e+00   9.4507736e-01  -2.4023911e-01  -5.8357112e-01   7.3947440e-02
   1.2585381e+01   6.6869631e+00   1.5729737e+00   4.7223044e-01  -2.6523833e-01  -2.5726911e+00  -3.9334499e+00  -3.2543741e+00  -1.5200388e+00  -6.6587983e-01  -1.2894918e-01   3.9562660e-02   1.0668003e+00  -2.2650523e-01   6.7138372e-01   3.7818137e-01  -1.1663568e-01  -2.5544164e+00  -2.2223638e-01   8.9419232e-01   1.7556020e+00  -2.1928322e-01  -3.7863307e-01  -2.0629587e-02
   2.0030914e+01   9.2763582e+00   1.4390292e-01   1.0913193e+00   2.1713460e+00  -3.3020484e+00  -2.0853639e+00  -4.7332900e+00  -2.9174337e+00  -1.3145450e+00  -3.6365787e-01  -1.9758660e-01   3.9696653e+00  -2.6086196e-02  -5.3882924e-01   2.0245990e+00   7.6160362e-01  -3.2021284e+00   4.1681685e-01  -8.5992296e-01  -6.7935204e-01  -6.3752344e-02   7.7896347e-01   2.8141648e-02
   2.2939848e+01   6.6967945e+00   3.4062273e-01   3.0657919e+00   4.1532944e+00  -5.0073011e+00  -2.0337820e+00  -8.3157768e+00  -2.7296347e+00  -9.7204841e-01   2.6653670e-01  -2.4103434e-02   8.7797409e+00  -3.9526924e+00   3.3398352e-01   6.1840452e-02   3.2534437e+00  -4.7120525e+00   5.6676112e+00  -4.1001709e+00  -1.2436171e+00  -7.7347043e-01   1.5325336e+00   1.0671571e-01
   1.9234054e+01   8.0946251e+00   5.2098049e-01   2.9414193e+00   2.1424785e+00  -4.2711062e+00  -3.7408286e+00  -5.8829288e+00  -4.9086801e+00  -1.1379729e+00   7.6598143e-01   8.6204349e-03  -3.8432987e+00  -3.7330726e+00   2.0024753e+00  -3.4249705e-01   3.8628145e-02   7.2106809e-01   1.6456166e+00  -1.1669464e-01  -4.6272344e-01  -5.0683151e-01   6.3803427e-01   2.1528514e-01
   2.6153422e+01   1.3487910e+00   1.8854102e+00  -3.6005887e-01   4.6293610e+00  -9.1562410e+00   5.3956993e+00  -8.8298111e+00  -2.3898411e+00  -1.9143715e+00   1.6050315e+00   9.6532713e-02  -3.1796920e+00  -3.8327153e-01   1.7528222e-01  -2.8768233e-01  -1.7544934e+00   2.3448629e+00   1.6736629e+00   1.7608417e+00  -1.5897905e+00  -8.0450832e-01   3.1852129e-02   1.1327685e-01
   1.2659179e+01   6.3507510e+00   2.3752222e+00   2.2904992e+00   1.9912549e+00  -1.4597626e-01  -3.3316797e+00  -4.6513148e+00  -3.7814156e+00  -1.6036307e+00  -7.5853884e-02   6.5023032e-02  -4.1459756e+00   1.0530062e+00   5.6203165e-02   3.3030408e-01  -1.8367614e+00   3.6852822e+00  -1.8898662e+00   8.3803470e-01  -1.1920879e+00  -4.4407048e-01  -7.7623544e-01  -6.6450620e-03
   2.1457747e+01   6.9938242e+00  -3.2357478e-01   2.9597285e+00   1.5971660e+00  -3.5525717e+00   2.7213786e-01  -6.2903212e+00  -5.6779527e+00  -1.9459820e+00   7.3523255e-01   1.1761054e-01  -8.5738337e+00   3.9803743e+00   3.8201418e-01   1.2728411e-01  -5.1670138e+00   3.2198922e+00  -6.2728841e+00   3.1308856e+00  -1.7775275e-01   8.2479794e-01  -9.5052393e-01  -7.8026488e-02
   1.5362928e+01   6.8516177e+00   1.7097777e+00   1.7769817e+00   9.0343385e-01  -1.5450175e+00  -4.0138471e+00  -5.8956217e+00  -5.0527561e+00  -1.7882734e+00   3.6527760e-02  -1.1886072e-02   5.9761425e-01   2.0013488e+00   3.5652958e-01  -1.9933029e+00  -2.9889032e+00  -6.4218977e-01   1.4724540e+00   1.1859369e+00   1.0378576e+00   7.9535761e-01   5.2409063e-01  -3.1003862e-02
   1.1940797e+01   7.0689192e+00   2.7911537e+00   8.7625996e-02  -2.5772493e+00  -3.6268820e+00  -3.6725432e+00  -3.5113293e+00  -2.0208000e+00  -5.8485328e-01   1.2305483e-01   1.7947533e-02   3.4685584e+00  -5.2540271e-03  -2.3385360e+00   2.8533457e-02   3.8153650e-01  -1.7891558e+00   4.4395946e+00  -1.0596555e+00   1.0607221e+00   4.7868025e-01   3.5802443e-01  -1.5296357e-01
   1.8314076e+01   9.3152267e+00   1.3526523e+00   7.3659604e-01  -4.0489220e-01  -1.0721058e+00   8.4934187e-01  -4.2619055e+00  -4.0532056e+00  -1.0911587e+00   1.0163709e+00   6.8348742e-02   8.4350324e+00  -8.9690438e-01  -3.7654563e+00   1.4932417e+00   1.0860274e+00  -2.2015020e+00   5.9725767e+00  -2.7425466e+00  -1.4398362e+00   8.6616791e-04   7.2437261e-01  -1.2728577e-01
   2.5185011e+01   5.7541387e+00  -3.6528161e+00   3.5227215e+00   2.8236337e+00  -6.4727612e+00   4.4999353e+00  -8.6966626e+00  -4.5866448e+00  -1.5765190e+00   7.8234761e-01  -1.5195222e-01   9.0593720e-01  -1.2089578e+00  -1.3769308e+00  -1.8987237e-01   5.8100675e-01   9.2884218e-01   1.7002736e-01  -2.7813913e+00  -2.5060282e+00  -6.5187001e-01   9.4804635e-02   6.2596660e-02
   2.1393370e+01   6.1636514e+00  -7.1642189e-01   2.2992966e+00  -1.6796657e-01  -3.4243309e+00   8.5877878e-01  -7.4167750e+00  -5.9295881e+00  -1.2911413e+00   7.9344029e-01  -1.1786486e-01   1.4356254e+00  -3.3577300e+00   9.5882754e-01   6.9615761e-01   4.3360408e-01  -4.6832271e+00   4.3799398e+00  -3.1348067e+00   2.2158179e-01   4.7850150e-01   7.0504331e-01  -1.1387030e-02
   1.1760056e+01   6.8312702e+00   1.7602945e+00  -9.7853281e-01  -1.8242020e+00  -1.0575062e+00  -3.4222206e+00  -6.1059814e+00  -4.8416511e+00  -1.4626670e+00   3.7672710e-01   2.0494932e-01  -2.7537310e-05  -7.3052695e-01   1.2276408e+00  -1.1002968e-01   1.3033134e-01  -5.7316816e-02   1.4520456e+00  -5.0402318e-01  -4.6230196e-01   5.5696262e-01   7.6631694e-01   4.8834732e-02
   2.7179991e+01   3.7400660e+00   8.4338281e-02   4.0314596e+00   2.5694318e+00  -1.0804574e+01   1.1380329e+01  -1.0259456e+01  -3.5933298e+00  -4.3033244e-01   2.2767461e+00  -1.2718257e-01   1.4479700e+00   9.4237496e-01  -1.3667720e+00  -2.0360275e-01   1.6466848e+00   1.1741648e+00  -2.4318802e-01  -5.7277101e-01  -1.0401204e+00  -1.4813859e-01   4.2156770e-01   5.0123378e-02
   2.2291659e+01   5.8701410e+00  -2.2117350e+00   2.4915955e+00   1.6504316e+00  -2.8686149e+00   1.4172284e+00  -8.0313568e+00  -6.4482268e+00  -1.1714795e+00   1.1901701e+00  -7.4041262e-02  -1.3300502e+00   1.1060540e+00  -1.6815844e+00  -1.1919802e+00   6.2601014e-01   3.7337318e+00  -5.0691668e+00   6.2564211e-01  -1.4722690e+00  -5.9419102e-01  -5.4352115e-01  -5.3111562e-02
   1.8299523e+01   8.0577785e+00  -7.8056518e-01   2.5882828e-01   5.6474392e-01  -7.5752939e-01  -1.9257277e+00  -7.3132438e+00  -6.6864808e+00  -1.6589430e+00   1.0190703e+00   9.6815499e-02  -9.0313173e+00   2.3148061e+00   8.2143586e-01  -2.1676994e+00  -1.1580749e+00   7.4922029e+00  -1.1555700e+01   3.8929644e+00   1.2930367e+00   6.6094538e-01  -1.2740819e+00  -9.4570473e-02
   1.4205215e+01   6.3314949e+00  -3.2963038e-01  -8.8018738e-01   1.1715716e-01  -4.8043070e-01  -4.3729422e+00  -6.6406244e+00  -5.5034791e+00  -1.7396482e+00   1.9028327e-01   1.3282945e-02  -8.1914233e-03  -6.5233663e-02   2.9290530e-01  -4.1869937e-01   1.3169510e+00   1.0274438e+00  -1.4339013e+00  -4.8299028e-01   2.9684205e+00   1.9675634e+00  -4.4529414e-01  -3.9630660e-01
   1.7676238e+01   6.9815982e+00   3.7543978e-01   2.4658020e+00   1.5989566e+00  -7.6036174e-01  -3.0581360e+00  -5.1153756e+00  -2.1261486e+00   8.4517002e-01   8.6556673e-01  -3.1270038e-01   1.2834658e+00  -5.9668579e-01  -5.5428298e-01   3.9527655e-01   1.9490462e+00   2.7131433e-01  -3.2265335e-01  -8.8828648e-01   1.8317167e+00   1.4634460e+00  -2.1865199e-01  -3.5018073e-01
   2.2591015e+01   6.3103806e+00  -2.3503795e+00   7.6005956e-01   3.1087518e+00  -1.3260330e+00  -1.6741946e-01  -9.8547763e+00  -4.2757621e+00   5.2780907e-01   5.9898068e-01  -4.6374322e-01   4.0268483e+00  -1.3657136e+00  -8.8646022e-01   6.9692014e-01   1.5011931e+00  -7.7046011e-01  -9.0681024e-02  -2.1916788e+00   6.1017618e-01   5.4594920e-01  -3.8845751e-01  -2.0248976e-01
   1.6031822e+01   7.1733069e+00  -6.0161509e-01   3.1619634e-02   1.9925159e+00   7.2243270e-02  -4.5124691e+00  -7.0385976e+00  -4.5527643e+00  -5.9750260e-01   4.8674364e-01  -1.8994251e-01  -2.6534016e+00   8.3363312e-01   1.6004981e+00  -1.8921476e+00  -1.9305582e+00   1.0804998e-01  -3.9359338e-01   1.1623174e+00   6.0954442e-01  -6.5353394e-01  -6.4749402e-01   1.1289834e-01
   2.1067695e+01   4.1870701e+00  -1.1707933e+00   1.3822840e+00   2.1721672e+00  -2.0524234e+00  -3.7817971e+00  -8.9665316e+00  -3.3749071e+00  -1.9938814e-01  -2.0299145e-01  -3.5183064e-01  -2.8334435e-01   1.6712984e+00  -1.5026752e-01   9.1564339e-01  -9.5656446e-02  -1.8102194e+00   3.0073228e-01   2.3299691e+00   8.0306417e-01  -3.7773391e-01   3.6264559e-01   8.9858008e-02
   1.4457795e+01   9.2937031e+00   2.1863938e+00  -6.8353155e-01  -8.2858843e-01  -2.3509160e-01  -1.8413372e+00  -3.8160220e+00  -1.6622595e+00   2.2846770e-01   2.9531177e-01  -1.9930916e-01   5.6038425e-01   1.6639436e+00   2.6651533e-01   5.6405559e-02  -1.7895587e-01  -7.5754357e-01   7.2896508e-01  -1.8404559e-01  -2.8392078e-01   5.0380705e-01   5.1037067e-01  -3.2964369e-02
   2.2953011e+01   7.7571300e+00  -3.9697852e+00   2.4911002e+00   4.3758192e+00  -3.8876947e+00  -1.0518870e+00  -7.9711105e+00  -4.5164182e+00  -4.5177695e-01   1.2386650e+00  -3.2427288e-01  -3.9537979e+00   4.8323745e-01   3.6644712e-01  -7.2635621e-01  -5.7269046e-01   3.8834640e-01  -1.7314249e+00   6.6200048e-01  -1.5032922e+00  -3.6743236e-01   3.4045579e-01   4.3340797e-02
   1.5929740e+01   7.8841924e+00   1.1976539e+00  -4.3818013e-01   6.2225606e-01  -1.4643642e-01  -4.7839766e+00  -7.8123765e+00  -4.4078898e+00   2.8440238e-01   5.3147142e-01  -2.5316794e-01  -5.6267892e+00  -3.5434923e+00   1.0638602e+00   4.7447844e-01  -2.8484806e-01   6.0392167e-01  -1.4026908e+00   1.4936870e+00   5.3788599e-02  -6.6422453e-01  -7.1335936e-01   7.9294893e-02
   1.4401026e+01   5.6166817e+00  -1.2675264e-01   1.7007400e-01   5.8770929e-01  -1.5142314e+00  -4.9076148e+00  -5.9753536e+00  -4.2570303e+00  -7.7850402e-01   1.8961240e-01  -2.5989005e-01  -5.5421253e+00  -4.1361989e-01   3.8091129e+00  -1.3629842e+00  -3.7869481e+00   1.3303292e+00   7.1115069e-01   3.8394090e+00   1.2687418e+00  -7.7183385e-01  -1.1863284e+00   7.9073013e-02
   1.0293604e+01   5.0486889e+00   1.8606678e+00   1.1886992e+00   6.3819445e-01  -5.1594075e-01  -2.0175095e+00  -2.5733699e+00  -1.7112706e+00  -6.0450555e-01  -2.5020098e-01  -1.1255824e-01   3.1130132e-01   1.2558691e+00   9.8025723e-01  -1.5501028e-01  -1.5559746e+00  -1.6984284e+00   1.7492012e+00   3.2904790e+00   1.2728750e+00  -1.3823459e+00  -1.1731001e+00  -6.6785750e-02
   1.7457891e+01   8.5544519e+00   1.4123772e+00  -3.6681571e-01  -1.3125721e+00  -1.7074487e+00  -1.3683945e+00  -4.8315003e+00  -3.9616151e+00  -1.1650738e+00  -1.4999140e-01  -2.7596821e-01   1.5824552e+00   3.1010962e+00   1.6837752e+00  -2.8332971e+00  -4.0804287e+00  -1.5854280e+00   8.6632264e-01   1.4956075e+00   1.5071409e-01  -7.4437424e-01  -9.6027388e-01  -1.5460576e-01
   1.4868259e+01   8.2991109e+00   1.8984748e+00  -4.0225070e-01  -7.6156522e-01  -2.5974704e+00  -3.9297850e+00  -3.4485847e+00  -2.6462849e+00  -1.5958317e+00  -1.0583768e+00  -3.4530749e-01  -1.4856107e+00  -2.1731068e-01   7.0004889e-01  -2.0006838e-01  -2.0451519e-01   2.0138467e-01  -5.5799570e-01   2.0608131e-01  -4.0553694e-01  -4.1998165e-01  -3.2144598e-01   3.5306302e-02
   1.4487381e+01   8.6431150e+00   2.3800066e+00  -3.2843967e+00  -4.8330539e+00  -2.8516085e+00  -2.6519931e+00  -3.2943349e+00  -3.5634520e+00  -1.3994023e+00  -8.4671051e-01  -3.7542406e-01  -2.6793626e+00  -4.9688019e-01   6.6302109e-01   2.5141789e-01   4.4704633e-01   3.7594469e-01   4.3973319e-02   1.4826686e+00   9.7731265e-01  -2.3790303e-01  -2.9302163e-01   1.2167613e-01
   9.5504434e+00   4.6783913e+00   2.4269264e+00   2.3473872e+00   2.0916626e+00   3.5821618e-01  -2.2127038e+00  -3.0328306e+00  -2.5186576e+00  -1.1173137e+00  -3.8401039e-01  -9.8708612e-03   8.9623532e-01   7.3018595e-01   3.6661714e-01   2.6783740e-02  -1.9627652e-01   4.5835485e-01   1.8053121e+00   4.3744307e-01  -3.6543904e-02  -3.8804936e-01  -1.1521956e-01   6.3562969e-02
   1.6097755e+01   9.6194914e+00   2.1426831e+00  -1.3645078e+00  -2.0686165e+00  -2.6213749e+00  -2.1609751e+00  -2.8153744e+00  -2.5594598e+00  -1.7611873e+00  -9.2670705e-01  -2.6117234e-01   2.7577965e+00   1.8655984e+00   2.5305141e-01  -5.7548212e-01  -1.3320970e+00  -2.2140705e+00   2.3381688e-01   9.6700971e-01   3.3631070e-01  -5.6844095e-01  -3.7094553e-01  -6.2383556e-02
   1.5407425e+01   8.9062016e+00   2.5670623e+00  -1.3220196e+00  -2.4381987e+00  -2.0250549e+00  -1.4673259e+00  -3.0319003e+00  -3.2030968e+00  -1.9970132e+00  -1.1912079e+00  -3.0708890e-01  -4.9311566e-03   4.0525507e-01   1.1760126e+00   4.5387253e-01  -5.6897973e-01  -3.8228814e-01   2.6094768e-01   4.0718744e-01  -4.0845336e-01  -2.9746107e-01  -4.2980164e-02   9.5479452e-03
   1.5695585e+01   9.3276075e+00   2.6895158e+00  -2.3129166e+00  -4.5662688e+00  -4.9810787e+00  -2.6739567e+00  -1.8442854e+00  -2.7167663e+00  -1.8122140e+00  -9.9953008e-01  -3.2039038e-01  -1.9788334e+00  -1.4084582e+00   6.1187076e-01   1.4352984e+00   1.0629097e+00   1.2640896e+00   7.2911216e-01   3.9219846e-01  -2.8596434e-01  -1.0759026e-01   2.3353163e-01   1.6606364e-01
   9.7441317e+00   5.4322159e+00   3.9175290e+00   3.5024003e+00   2.4870191e+00   9.6463586e-01  -1.5647914e+00  -2.9075940e+00  -3.0526844e+00  -1.5379920e+00  -4.1206912e-01   3.4060077e-02   2.3884925e+00   1.0091103e+00  -1.3136918e+00  -2.6996549e-01   7.2458747e-01   2.8474508e-01   1.3390337e+00   3.7266155e-01  -3.5431688e-01  -1.0667287e+00   1.4217602e-01   2.5671852e-01
   1.5961152e+01   9.2437969e+00   2.3852558e+00  -1.6237702e+00  -2.9368608e+00  -2.2200858e+00  -1.0185741e+00  -2.2892299e+00  -3.0636125e+00  -2.1520833e+00  -9.6597897e-01  -1.8265136e-01   4.4660392e+00   2.3125695e+00  -1.1508924e+00  -2.5170487e+00  -1.8455901e+00  -4.4485572e-01   1.5372592e+00  -1.3113653e+00  -3.2934407e-01  -4.7528591e-01  -3.0360438e-01  -8.5809517e-02
   1.8857380e+01   1.0461772e+01   7.4865450e-01  -2.0715410e+00  -2.1660215e+00  -2.9784337e+00  -2.8646660e-01  -2.2504358e+00  -3.5611491e+00  -3.4271717e+00  -9.9471938e-01   9.1193789e-03   7.0785950e+00   3.1883079e+00  -1.3884316e+00  -1.2359035e+00  -3.7091204e+00  -2.6630360e+00   2.8740252e+00  -2.5924774e-01  -4.8415814e-02   9.0429222e-02   4.2833930e-01  -3.0762869e-01
   1.7838019e+01   1.0281684e+01   2.5476145e+00  -3.3015190e+00  -5.0081336e+00  -3.6768275e+00  -1.0072303e+00  -4.1399125e+00  -2.9565501e+00  -1.5805530e+00  -1.1636115e+00  -4.3663430e-01   4.0347528e+00   4.8595115e-01  -7.1271080e-01   1.2454379e+00  -1.1686423e+00   1.8974481e-01   5.1402758e+00  -1.3629536e+00  -8.4840993e-01   9.5629996e-01   1.0516529e+00  -2.6069042e-01
   1.9423590e+01   9.6957344e+00   1.7537023e+00   2.4874195e+00  -2.0410251e+00  -2.3015473e+00   2.7405746e+00  -2.3711243e+00  -3.1788393e+00  -1.6881133e+00   3.2925610e-01  -3.0039149e-01   9.3938254e-01  -1.5485347e-01   7.6493404e-01  -6.2572313e-01  -1.5503594e+00   2.1783044e+00   3.9435359e+00  -7.8249665e-01  -1.0871533e+00   9.3338981e-01   4.2066419e-01  -1.9439849e-01
   2.1730176e+01   1.0355743e+01   8.1366575e-01  -2.0350936e+00  -4.7523225e+00  -2.2739118e+00   5.1783190e+00  -4.2733160e+00  -4.5273823e+00  -1.5871625e+00  -5.0487434e-02  -4.1893156e-01   3.7405246e+00  -1.4304772e+00  -2.7272192e+00   6.9060363e-01  -2.2892687e-02  -1.9904365e+00   4.9557257e+00  -6.3089171e-01  -2.5857115e+00  -1.1610335e-01   5.6127598e-01  -1.1598166e-01
   1.8320376e+01   1.0192463e+01   2.7630299e+00  -3.6433384e+00  -4.6194661e+00  -4.1243491e-01   2.5360626e+00  -3.3574790e+00  -4.4064629e+00  -2.0237822e+00  -9.2028515e-01  -2.9132973e-01  -1.8812636e+00  -2.1063813e+00   4.1289881e-01  -2.2564691e-01   1.2256756e+00   1.4986787e-01  -3.7401856e-01   7.8860397e-02  -1.0347267e+00   7.9914270e-01  -1.6595030e-01  -5.0484103e-03
   2.4000414e+01   7.8876036e+00  -2.0478781e+00   7.9976544e-01  -3.7532521e+00  -7.6070385e+00   6.5286142e+00  -4.5930727e+00  -6.2213055e+00  -1.5868736e+00   3.0307308e-01  -6.1513767e-01  -2.2494549e+00  -1.5320943e+00   1.1053705e+00   1.4574288e+00   1.4892157e+00   2.3943773e-01  -1.6579646e+00   1.2701095e+00   3.5460919e-01   8.5189948e-01   1.9919568e-01   7.3830264e-02
   1.5466576e+01   7.7702320e+00   3.8038224e+00   7.3151965e-01  -7.0204682e-01   5.8981783e-01   1.5043991e+00  -2.0929554e+00  -3.8839677e+00  -4.8954371e-01  -9.6449609e-02  -2.0986105e-01  -2.2438008e+00  -3.6121581e-01   6.9513156e-01   9.3743780e-01   1.5398307e-01  -8.1135467e-01  -2.2066060e+00   2.0353733e+00   1.0897502e+00  -3.0735585e-01   1.1951279e-01   2.2218956e-01
   1.9782893e+01   9.2687165e+00   1.9513252e+00  -2.0363794e+00  -4.4772086e+00  -2.4158816e+00   3.2072038e+00  -3.0004136e+00  -4.2567161e+00  -1.0764326e+00  -1.6361169e-01  -3.4892051e-01  -4.0572770e+00   7.0890071e-01   1.7511082e+00  -2.6763966e+00  -1.6154216e+00   1.7100440e+00  -5.0936741e+00   1.3683536e+00   1.6813543e+00  -1.1756950e+00  -9.4979814e-01   2.8459933e-01
   1.7063435e+01   8.9600824e+00   1.8061256e+00  -8.1910926e-01  -4.0265132e+00  -4.2250453e+00   8.8685874e-01  -1.1007485e+00  -3.7541324e+00  -2.7400365e+00  -5.0767358e-01  -9.1153970e-02  -2.7027169e+00  -1.0682164e+00  -8.7323151e-01  -1.6614006e-01  -3.0459728e-01  -1.1291735e+00  -2.4077287e+00   6.2399070e-01   1.0078004e+00  -5.8551140e-01  -1.0026186e-01   1.8948335e-01
   1.7116069e+01   8.3560294e+00   1.5776326e+00  -2.4395150e+00  -4.5141513e+00  -2.6345408e+00  -8.0312669e-01  -3.0366457e+00  -3.7641917e+00  -2.2251697e+00  -9.1601214e-01  -2.4759222e-01  -3.6664342e+00  -1.2656917e+00   2.8997598e-01   8.7502520e-01   2.1591958e+00   1.9900025e+00  -2.9770459e+00  -5.5589197e-02   1.4460004e+00   6.1873920e-01  -7.8950427e-02   1.0603648e-01
   1.2745913e+01   6.6242510e+00   2.6808215e+00   6.8387737e-01  -1.1404714e+00  -9.9461275e-01  -1.0202871e-01  -1.1388533e+00  -2.6185294e+00  -7.9344224e-01   1.2935783e-01   2.3699832e-02   1.7855475e-01  -3.9343544e-01  -1.5286183e+00   7.0871076e-01   2.3032769e+00   1.2648855e+00  -1.2119288e+00  -1.5053820e+00   3.4619790e-01   1.2028731e+00   7.5613509e-01  -2.5409740e-02
   1.6442003e+01   8.5380947e+00   1.9489413e+00  -1.4753349e+00  -2.6814359e+00  -1.0460941e+00  -7.6392137e-01  -3.0647450e+00  -2.6555170e+00  -1.1216209e+00  -6.0055303e-01  -2.4729269e-01   5.1251526e+00  -4.9578654e-01  -4.5317630e+00   1.8822351e+00   1.7985730e+00  -2.5510766e+00   2.1809296e+00  -1.3388477e+00  -2.1974299e+00  -2.6508222e-01   1.0542017e+00  -2.7326593e-02
   1.7668300e+01   8.2788967e+00  -6.7245612e-01  -2.3813317e-01  -1.4879556e+00  -3.1219404e+00  -9.5063705e-01  -3.3447719e+00  -3.7891728e+00  -1.4875013e+00   4.6879951e-01  -1.2941835e-01   5.5332370e-01  -1.6505033e+00  -2.0830906e+00   1.2411377e+00   3.3326703e-01  -2.1782215e+00  -1.2378725e-01  -1.0915562e+00  -5.7583297e-01   4.1227679e-01   7.1842869e-01  -5.2640782e-03
   2.2342604e+01   6.7850268e+00  -3.5433731e+00   8.4484286e-01  -1.6425497e+00  -5.3974919e+00   2.8925720e+00  -3.9419580e+00  -6.4750149e+00  -2.2757636e+00   4.9556957e-01  -2.1202302e-01  -2.6103734e+00  -1.0162277e+00   1.0462362e+00   3.6330104e-01  -4.0517493e-01   5.5079496e-01   8.5940689e-01   4.2211204e-01  -2.5651171e-01   2.8528929e-01   5.5637819e-01   1.6635661e-01
   1.0625598e+01   5.0250300e+00   2.3023427e+00   1.3854950e+00  -1.1600139e+00  -2.0862460e+00  -2.1159562e+00  -2.3375811e+00  -1.5725299e+00   4.0204427e-01   6.5893957e-01  -1.8311185e-03  -2.4996621e+00   9.4673101e-01   2.9680863e+00  -1.5762260e+00  -2.2715649e+00   2.3233774e+00   1.0002741e+00   7.4488824e-01  -2.2038789e-01  -3.5595623e-01  -3.0396584e-02   1.8756271e-01
   1.6047794e+01   8.6406864e+00   2.0308961e+00  -1.7421974e+00  -3.4531691e+00  -7.3774886e-01   1.1078486e+00  -2.9351724e+00  -4.1486060e+00  -1.6384597e+00   1.3894422e-01  -6.1551387e-02  -1.7217904e-01   1.9430951e+00   8.5309236e-01  -2.4376466e+00  -1.4697857e+00   1.8859540e+00  -1.1696386e+00   5.9307534e-01  -5.2578313e-01  -1.2269595e+00  -6.0859415e-02   1.9005509e-01
   1.7066212e+01   8.7711634e+00   9.9253865e-01  -1.3089521e+00  -3.9899932e+00  -1.9667459e+00   1.4421359e+00  -2.7308323e+00  -5.2829591e+00  -2.3400875e+00   6.0151731e-01   7.6689899e-02   2.0394176e+00   5.5865798e-01  -2.1670319e+00  -1.4884443e+00  -2.1481118e-01   2.3284989e-01   1.7251769e-01  -2.8962562e-01  -1.3046303e+00  -9.4249547e-01   1.1314617e-01   1.4236076e-01
   1.8864029e+01   7.8266027e+00  -1.6088325e+00  -1.4644036e+00  -2.4322385e+00  -2.6283110e+00  -6.4093196e-01  -2.8557194e+00  -5.4084750e+00  -2.7451369e+00   4.3299158e-01   3.3799108e-02   1.0479620e+00  -2.5809416e+00  -2.9018954e+00   1.7688884e+00   3.7335985e+00  -4.1480909e-01  -1.5717309e+00  -4.1900068e-01   1.9128353e+00   1.3477306e+00   2.4250709e-02  -1.8076926e-01
   1.2276607e+01   6.2700588e+00   8.7165923e-01  -9.8606842e-01  -1.9926960e+00  -7.9169011e-01  -9.8278945e-01  -2.8117460e+00  -2.8995409e+00  -4.5836036e-01   6.8163514e-01   1.6403477e-01  -6.1295759e-01  -2.5591183e+00  -1.0430581e+00   1.7014422e+00   4.3771556e+00   1.9608353e+00  -1.5677037e+00  -1.2968249e+00   2.1683888e+00   2.1296128e+00  -8.0415475e-02  -3.1356854e-01
   2.0014539e+01   6.0198262e+00  -2.2615072e+00   7.4969327e-01   1.1485800e+00  -1.9474904e+00  -3.7285058e-02  -3.5232165e+00  -2.4710622e+00  -5.5772745e-01   1.3526137e-01  -3.7637771e-01   1.9927055e-01  -1.1963956e+00  -1.2712248e+00   8.5506088e-01   2.6462127e+00   2.1449897e+00  -5.1801216e-01  -1.5501490e+00   3.0552576e-01   1.1927868e+00   2.7840205e-01  -2.9917267e-01
   1.5571520e+01   5.8358742e+00  -2.4571114e-01   1.3616284e-01   7.8533094e-01   6.3409677e-01  -1.2112431e+00  -4.3423210e+00  -3.4990822e+00  -2.3937307e-01   6.2975920e-01  -1.8857450e-01   4.2502936e-01  -1.5010671e+00  -9.7953231e-01   1.5816312e+00   2.8073460e+00   1.9409009e+00  -1.5193730e+00  -1.9465880e+00  -1.1415037e+00   3.1500400e-01   3.5614735e-01  -9.9914950e-02
   1.7515478e+01   6.2491016e+00  -2.9569846e+00  -7.4292788e-01   1.4806710e-01  -1.2371993e-01  -1.3037234e+00  -4.4156553e+00  -4.6504157e+00  -1.0654504e+00   8.7653262e-01  -2.3865526e-01   2.2631364e+00  -3.0271880e+00  -1.0861714e+00   1.1916379e+00   1.7484631e+00  -2.4029059e-01   1.3573297e+00  -1.9986175e+00   2.9201278e-01   5.8503777e-02   4.6584179e-01   3.4748887e-02
   1.4163682e+01   3.9038205e+00  -2.4990054e-01   2.1326889e+00   2.7185795e+00   1.2077760e+00  -2.6286298e+00  -5.2854086e+00  -3.5221197e+00   2.6800714e-01   8.4522053e-01  -5.4698880e-02   6.8826568e+00  -1.3126243e+00  -3.6591028e+00   7.3886983e-01   1.7455478e+00  -5.0037795e-01   3.9525592e+00  -2.2931375e+00  -6.0929213e-02   2.8800888e-01   1.0065191e+00  -4.0942515e-02
   2.4113163e+01   2.4450711e+00  -3.8886696e+00   1.5388871e+00   2.8046504e+00  -2.5947659e+00   2.7074029e+00  -6.0495990e+00  -2.0215243e+00  -7.2366188e-01   7.2629339e-01  -3.9119219e-01   8.7626765e-01  -5.5831980e-01  -1.3467106e+00  -5.3143263e-01   1.0705158e+00   1.5065889e+00   1.6142187e+00  -1.3375885e+00  -2.6729958e-01   4.1285976e-01   3.8920149e-01   3.0904812e-02
   2.2596663e+01   5.7689530e+00  -5.2685229e+00   1.0356012e-01   2.0753610e+00   1.1190528e+00   2.7120326e+00  -6.9650555e+00  -4.9049217e+00   2.1745973e-02   2.2146574e+00  -1.7371981e-01  -3.8891944e+00   2.1343315e-01  -1.0802871e+00  -2.3614053e+00  -1.7702474e-01   2.3085792e+00  -9.1150302e-01   3.8161087e-01  -5.8611372e-01   3.5224529e-01   2.4961332e-01   1.8760902e-01
   1.4613389e+01   4.4790557e+00  -2.4677394e+00  -5.2551244e-01   2.0754501e+00   2.1805251e+00  -1.5527264e+00  -5.5822146e+00  -4.3599641e+00  -3.2303020e-01   7.7561640e-01  -1.3278758e-01  -6.4499250e+00  -5.1485897e-01   2.4112416e+00   2.1878051e-01  -7.3427886e-01   1.4178126e+00  -2.9341488e+00   2.0561689e+00   1.1290410e-02   8.2294256e-01  -3.1702661e-01   1.0909030e-01
   1.3079777e+01   3.2069779e+00  -2.5807963e+00  -3.7721931e-01   2.8176425e+00   2.2829994e+00  -1.8658196e+00  -4.9466845e+00  -3.2320704e+00   5.9605923e-01   1.1949790e+00   9.7512339e-02  -2.5991085e+00  -9.5379549e-01   3.2185792e+00   6.6078819e-01  -1.1483776e+00  -5.7284379e-01  -9.4229279e-01   1.6311397e+00   1.3190484e+00   8.4086606e-01  -6.1108189e-01  -1.5637154e-01
   1.9196718e+01   2.9537702e+00  -1.6156704e+00   2.1074475e+00   1.3320913e+00  -1.0500203e+00   5.9510581e-01  -3.9745311e+00  -2.8410144e+00   2.2359533e-01   7.6059269e-01  -3.6317282e-01   4.0891830e+00   9.5473336e-01  -1.0355099e-01  -4.3578646e-01  -1.3414252e+00  -5.4908202e-01   1.4821979e+00  -2.3876627e-01  -3.8260355e-01   8.0484163e-01   5.2293482e-01  -1.7366594e-01
   1.6406335e+01   5.1009025e+00  -8.6668851e-01  -2.2173760e-01   7.2447389e-01   1.8750598e+00   2.2467729e-01  -5.3221877e+00  -3.6858239e+00   1.0097323e+00   1.3055465e+00  -2.9308449e-01   7.8916568e+00   1.2705132e-01  -4.3690273e+00   1.7212158e+00  -2.4315039e+00  -2.1625876e+00   5.6521650e+00  -1.7753936e+00  -2.9209578e+00   3.5618597e-01   2.0044047e+00  -1.5856337e-01
   1.9083884e+01   4.9641934e+00  -3.4801198e+00  -1.2569330e+00   1.1098965e+00   1.5608718e+00  -3.7467799e-01  -5.7526124e+00  -4.7069926e+00   6.7739572e-01   1.5047349e+00  -1.9798808e-01   3.5539621e+00  -1.2187649e+00  -2.8118730e+00   9.6423179e-01  -1.5394495e-01  -1.9586006e-01   2.6743787e+00  -5.2786295e-01  -4.8575763e-01   1.2209778e-01   1.2511911e+00   1.7097835e-01
   2.4973680e+01   2.3923433e+00  -8.2021126e+00   3.8867946e+00  -7.1851592e-01  -2.2663280e+00   7.0973197e+00  -6.7207342e+00  -6.6805180e+00   9.0343799e-01   3.8295150e+00  -2.2292509e-01   3.5006232e+00  -2.4306535e+00  -2.4505809e+00   2.1318318e+00   1.7172255e+00  -1.8010757e+00   1.0052089e+00   1.6140331e+00   1.1701853e+00  -5.6310651e-01   8.2372980e-03   1.6983274e-02
   2.0243989e+01   2.4799024e+00  -2.1657679e+00   1.4995291e+00   1.8226688e+00   7.2688354e-01   1.1703527e+00  -4.0670523e+00  -2.0723038e+00   4.5988916e-01   1.3753951e+00  -1.4178500e-01   3.3352127e-01  -5.9480822e-02  -5.9661189e-01  -1.3993679e+00   1.8197578e+00   8.3694101e-01  -6.7029399e-01   8.9076844e-01   1.1742958e+00   7.2255273e-02  -6.0474878e-01   3.0635539e-02
   2.1077217e+01   2.6970677e+00  -5.1997358e+00   1.5977791e+00   2.9439260e+00  -4.0955961e-01   9.5997524e-01  -3.7439182e+00  -3.2478904e+00   2.7382581e-01   1.3825723e+00  -2.9571112e-01  -8.0348927e+00   2.2722375e+00   2.5036406e+00  -6.3300063e+00   1.2303481e+00   3.8110637e+00  -5.9815519e+00  -1.1973214e-01   1.8777331e+00   1.0812925e+00  -1.1135202e+00   2.1884832e-01
   2.1532397e+01   4.7226100e+00  -5.8762260e+00  -2.2114771e+00   2.0083123e+00   1.8878991e+00   1.6885533e+00  -5.9048678e+00  -4.6618628e+00   1.1005847e+00   1.8210831e+00  -1.1564175e-01  -5.7078774e+00   1.9521482e+00   2.9890173e-01  -3.5584388e+00   1.1964248e-02   2.2351068e+00  -2.2859237e+00  -5.9917140e-01   4.6192040e-01   8.1761420e-01  -7.5705844e-02   2.7419273e-01
   1.2277137e+01   4.6793457e+00  -2.5914226e+00  -3.7527117e+00   1.0341845e+00   2.8697597e+00  -2.1341084e+00  -5.9814246e+00  -2.5691388e+00   2.2050289e+00   1.9363907e+00   9.2275761e-02  -2.0366840e+00  -7.1172482e-01   1.1025498e+00  -1.3933428e+00   1.3450896e+00   2.3691544e+00  -1.5090463e+00   1.8311579e-01   2.3621186e+00   3.5464433e-02  -7.9557900e-01   7.9646084e-02
   1.6082214e+01   4.4169857e+00  -3.0215719e+00  -1.1628837e+00   2.7954859e+00   2.4398840e+00  -7.1149098e-01  -3.8470561e+00  -1.7187990e+00   7.2070889e-01   9.8492710e-01   7.5510652e-02   8.0299975e+00  -3.6283312e+00  -4.5794145e+00   4.5910051e+00   2.9828658e+00  -4.3327482e+00   7.7870971e+00  -3.3858209e+00   1.8841584e+00  -4.5570564e-01  -2.4223690e-01  -1.6239673e-01
   2.0747283e+01   1.7822926e+00  -4.9732381e+00  -1.0165319e+00   4.5679735e+00   2.8681795e+00  -1.0357209e-01  -4.4981503e+00  -1.1762444e+00   5.1696037e-01   6.0728181e-01  -2.7181820e-01   1.2827334e+01  -5.2306713e+00  -5.6557639e+00   2.8422908e+00   2.0464280e+00  -2.9433248e+00   8.5176915e+00  -4.0746234e+00  -1.0570868e+00  -1.2723353e+00   2.6054391e-01  -4.6708660e-01
   2.9342320e+01   7.2863972e-01  -1.1554440e+01   3.3069407e+00   4.7157165e+00  -4.6104331e+00   1.2353931e+01  -1.1725236e+01  -2.5320724e+00   1.2610605e+00   2.1222822e+00  -1.7718988e-01   2.1718064e+00  -1.3923429e+00  -1.9632202e+00  -8.2048260e-01  -1.2139779e-01   2.3604216e+00   3.9057560e+00  -9.5786558e-01  -2.1254146e+00   3.3815409e-01   1.0868652e+00  -1.9328278e-01
   2.4888084e+01  -1.3224882e+00  -6.8086344e+00  -1.7241876e+00   3.1437112e+00   1.9799310e+00   4.1097180e+00  -8.1542697e+00  -3.7481322e+00   2.6350227e-02   1.7585291e+00  -4.8200388e-01  -3.0288029e+00   2.2290052e+00   1.2370365e+00  -5.3783461e-01  -1.3226031e+00   2.1908103e+00  -2.3218701e-01   3.4931269e+00  -1.3671198e+00   4.3615726e-01   6.7766062e-01  -6.1388792e-02
   1.7269523e+01   3.8808617e+00  -5.0487040e+00  -2.0397797e+00   3.3255204e+00   6.4246407e+00   3.0404980e+00  -3.4557948e+00  -3.6209770e+00   1.4732451e+00   2.0396013e+00  -1.0932067e-01  -5.1209964e+00   3.5913492e+00   3.3030151e+00  -8.2633496e-01  -1.7200676e+00   2.6234151e+00  -4.4090460e+00   6.9870145e+00  -6.4509972e-01   1.5169267e-01   1.7596774e-01  -9.7242012e-02
   2.2240477e+01   3.5496894e+00  -6.3705514e+00   8.5007642e-01   3.2791670e+00   6.3685812e-01   4.2048638e+00  -3.3931807e+00  -2.6824718e+00   1.0651040e+00   1.6651132e+00  -3.9783598e-01  -2.9452602e+00   3.5919908e+00   5.3710946e-01   7.4520524e-01  -1.5509993e+00  -3.8085178e+00  -1.5839702e+00   3.8390043e+00   3.4328678e-01  -2.5641291e-01  -2.1590412e-01   1.9630702e-01
   2.2984629e+01   3.6795747e+00  -6.8189589e+00   7.8030623e-01   2.0678873e+00  -3.7739218e-03   5.6927888e+00  -3.6252589e+00  -4.0325522e+00   9.6922267e-01   2.4329417e+00  -3.6513684e-01   1.8988694e+00  -3.3575996e+00   2.2594349e-01   5.2499614e+00  -6.2697237e-01  -4.8731966e+00   1.6910545e-01   4.4229060e-01  -6.6816788e-02  -1.8343354e+00  -3.0318555e-01   4.3243818e-02
   1.7612641e+01   4.1661414e+00  -5.1178428e+00  -2.0164228e+00   1.4460289e+00  -5.1863836e-01   4.0761724e-01  -2.3110312e+00  -3.0274145e+00  -1.0625792e-01   1.2380027e+00  -5.9635265e-02  -6.3551495e+00  -2.5603893e+00   3.4668085e+00   3.0907885e+00   9.4933377e-01   1.8093369e+00  -9.7276975e-01   2.7908686e+00   1.2187287e+00  -1.1774536e+00  -9.2119302e-01   1.3353467e-01
   2.2431745e+01  -1.4637637e+00  -5.3361430e+00   7.2684120e+00   3.3016309e+00  -3.0740591e-01   5.1927794e+00  -3.3334336e+00  -3.5487308e+00  -6.9257708e-01   1.7983782e+00  -2.1355531e-01  -5.6505399e-01  -5.2169887e+00   3.8302742e+00   2.8035008e+00   2.7617975e+00   1.3387215e+00   5.1287748e+00   1.2477778e+00   2.6909973e+00  -1.6173346e+00  -8.0990044e-01  -8.3535608e-03
   1.2984195e+01   2.2807747e+00  -1.9117465e+00   2.2422063e+00   4.0862958e+00   3.5026794e+00   2.9957138e+00   6.4720951e-01  -1.0962894e+00   1.2982349e-01   6.0060543e-01  -2.7332475e-01  -3.1661519e+00  -1.6613045e+00   3.3477791e+00   2.2165483e-01   2.5113443e+00   4.6815352e+00   4.9068305e+00   1.1864899e+00   1.6304331e+00  -5.2584418e-01  -1.0743726e+00  -2.9886030e-01
   2.4451271e+01  -3.2032250e+00  -2.6765958e+00   2.8562429e+00   4.8904501e+00  -6.3505061e-03   1.2091903e+01  -3.2327125e+00  -9.6161882e-01  -1.5748199e+00   1.5367897e+00  -2.7082244e-01  -8.0978824e+00   2.3776595e+00   3.2256984e+00  -4.0971265e+00   1.2282070e+00   5.2766510e+00  -1.8780451e-01   1.5398681e+00   8.1850101e-01   4.7077199e-02  -1.3310186e+00  -1.5371284e-02
   1.1853650e+01   2.5439154e+00  -1.4259478e+00   5.2214406e-01   4.4186358e+00   6.3531368e+00   4.3183013e+00  -5.8165686e-01  -1.8753208e+00  -4.5390277e-01  -2.4276194e-01  -4.7929215e-01  -1.5287283e+00   2.6005876e+00   2.3209617e-01   7.1801104e-01  -9.9089260e-01   1.3896959e+00   5.9486781e-01   1.2321976e+00  -1.7099555e+00  -6.1015250e-01   3.3755265e-01   2.5414476e-01
   1.0850194e+01   1.9711551e+00  -7.4049482e-01   1.9827533e+00   4.9777715e+00   6.1823420e+00   4.2497789e+00  -4.0919826e-01  -1.9314637e+00  -3.3009815e-01   2.2353403e-01  -1.3362853e-01   1.9389562e+00   2.8898456e+00  -3.4123818e+00   7.0109153e+00  -1.5232263e+00  -4.7402872e+00   2.5999289e+00   1.6714787e+00  -3.7809565e-01  -6.0306076e-01   9.1257005e-01   1.5536022e-01
   1.7491641e+01   3.5944661e+00  -2.5316528e+00   3.7559676e+00   2.5562962e+00   2.4928770e+00   7.8090775e+00   1.0837488e+00  -3.1763002e+00  -1.4077661e+00   1.7635622e+00   3.9295437e-02   7.1654971e+00   1.0485853e+00  -2.1422130e+00   4.1591666e+00  -1.0297912e+00  -5.6219781e+00   4.6292492e+00   1.2920556e+00  -4.2049900e-01  -1.6687982e+00   1.0945147e+00   2.9035891e-01
   2.4540710e+01   6.0626815e-01  -7.2423160e+00   1.1755704e+01   3.5367804e+00  -5.1866514e+00   1.4246408e+01  -1.5581973e+00  -8.7827256e-01  -2.0024794e+00   1.9024827e+00  -2.9707590e-01   5.2651542e+00   1.8235992e+00  -2.5578509e+00   1.9543063e+00   1.1411605e+00  -4.2984523e+00  -8.7027992e-01   1.2151964e+00   1.6835044e-01  -1.0427169e+00   2.9716558e-01   7.5597166e-03
   1.5756638e+01   4.7992369e+00  -1.3883568e+00   1.8744186e+00   3.5944444e+00   3.6046663e+00   6.2638605e+00   1.9309260e+00  -3.0326648e+00  -2.1209095e+00   5.5953576e-01   3.7969904e-02  -4.3713667e-01   2.1779584e+00   3.7565237e+00  -2.3782604e+00   6.3742028e-01  -3.7710239e-02  -3.0358626e+00   6.0652659e-01   1.9920237e+00   6.8880315e-01  -8.2635760e-01   3.5670098e-02
   1.9615427e+01   4.1041685e+00  -5.1489191e+00   5.8549873e+00   6.1704381e+00  -8.2123111e-01   3.7169675e+00   9.9000773e-01  -1.7507557e+00  -1.5376018e+00   1.2712956e+00  -1.2162619e-01  -5.7527272e+00   3.9795957e+00   7.7785099e+00  -4.0229668e+00  -8.7979954e-01   1.5795619e+00  -7.7086950e+00   3.6752007e+00   4.0108127e+00   1.5990777e+00  -1.5955636e+00  -5.9806067e-02
   1.9298577e+01   5.1124535e+00   2.0564343e+00   3.1389354e+00   2.1955978e+00   2.5360154e-01   8.5200038e+00   7.1943617e-01   2.4797691e-01  -6.0700019e-01   8.3961933e-01   5.0757285e-03  -3.8812192e+00   1.7594031e+00   5.3260050e+00   3.9573076e-01  -2.9669485e+00  -1.8196467e+00  -2.1859032e+00   2.3174030e+00   4.6045765e+00   1.6553540e+00  -8.0903335e-01  -1.9174223e-01
   1.4140650e+01   6.4190534e+00   2.7030534e+00   5.0889955e+00   2.9165044e+00  -1.1417761e+00   1.5552939e+00   4.5603486e+00   3.4976256e+00  -3.6081743e-01  -6.3090456e-01  -3.7033791e-01  -7.6743917e+00   1.1891392e+00   5.1439887e+00  -3.4213632e+00  -6.0097930e+00   4.9382378e-01  -1.6655180e+00   2.8340521e+00   2.2053492e+00   1.6652593e+00  -3.9871849e-01   4.2382035e-03
   1.2672198e+01   6.2808991e+00   2.6746645e+00   2.8510107e+00   7.7098859e-01   1.0354688e+00   4.0658425e+00   3.6218600e+00   1.2500093e+00  -2.2627072e-01   2.9708583e-01  -1.2528757e-01  -2.7848621e+00  -4.1801216e-01  -4.9151951e-01  -1.3449156e+00  -2.6098504e+00   1.0259599e-01   1.8481827e-01   1.4494458e+00  -2.5498342e-01   5.9258630e-01   5.8298956e-01   1.2394034e-01
   1.1417029e+01   5.3036545e+00   2.2579488e+00   8.6690478e-01  -2.1319468e+00  -4.7142906e-01   3.4457712e+00   3.7898739e+00   1.0562519e+00   7.6992233e-01   9.4448465e-01  -5.0087236e-02   5.9099982e+00  -7.7209596e-01  -3.8039382e+00   1.0328338e+00  -7.8466927e-01  -2.7219583e+00   8.2089954e+00   2.0932415e-01  -1.4230077e+00  -1.5073915e+00   1.5619453e+00   3.5145865e-01
   1.6483094e+01   5.0431347e+00   1.5417073e+00   3.2326073e+00   8.0504774e-01   7.2322003e-02   7.8519925e+00   3.2788422e+00   1.0861886e+00  -2.8349062e-01   9.2640907e-01   3.0860906e-02   3.4115514e+00  -1.4892629e-01  -1.4628088e+00   2.1172928e+00   1.5129097e+00  -1.7824822e-01   5.0677551e+00   1.7699527e+00  -3.0665961e-01  -1.7232875e+00   1.4051715e-01   1.3431166e-01
   2.1100199e+01   5.8797917e+00  -2.4363753e+00   6.4474479e+00   1.7224709e+00  -4.7431402e+00   1.1975712e+01   5.0458438e+00   1.4450243e+00  -2.5932947e+00   1.3973518e+00   7.8775815e-02  -1.0479507e+00  -8.8305107e-01  -4.3626191e-01   9.3345522e-01   3.7296902e-01   8.3475509e-01   3.4219567e-01   1.0318022e+00  -1.1726853e+00  -1.9494921e+00  -9.8929081e-01  -8.5386987e-02
   1.2947940e+01   5.7694411e+00   2.8276134e+00   3.2366782e+00   1.1131443e+00   2.9039520e+00   7.4025048e+00   5.6488042e+00   5.9563364e-01  -1.1295934e+00   2.8142799e-01   1.1748391e-02  -5.0363627e+00  -2.0782859e+00  -5.9050865e-01  -2.1614974e+00  -2.0461742e+00   1.1293054e+00  -4.3890035e+00   1.7216558e+00  -8.9314699e-01  -8.3037578e-01  -1.1322499e+00   2.0570757e-02
   1.1612680e+01   3.6159247e+00   9.6060289e-01   2.2650522e+00  -1.7265416e+00  -6.3511141e-01   4.1838086e+00   4.1525963e+00  -4.5749849e-01  -1.7312644e+00  -2.1696102e-01  -1.6861146e-01   9.2670556e-01  -3.9376613e+00  -4.1901891e+00  -1.7518868e+00  -2.2093759e-01   1.5856451e-01  -4.0594567e+00  -2.3179172e-01  -5.2796042e-01  -1.8151559e-01  -7.7568929e-01  -3.5633210e-02
   1.3672310e+01   3.0576394e+00  -1.0425448e+00   2.0815592e+00  -5.3970727e-01  -2.8773433e-01   5.1644390e+00   6.3079497e+00   6.9772956e-01  -1.9600695e+00   3.5190686e-02   1.8541068e-01   1.2495774e+01  -3.8521642e+00  -1.1269749e+01   2.9676284e+00   2.1606605e+00  -5.8571801e+00   4.7121316e+00  -3.2462923e+00   2.8956282e-01  -1.5741006e+00   5.8592078e-01   2.8408427e-02
   2.2128072e+01   1.3292007e+00  -6.7865800e+00   4.3971773e+00   2.2174903e+00  -2.9094502e+00   7.0055598e+00   4.3685834e+00   6.0203573e-01  -2.4503301e+00   3.5693648e-01  -6.1505144e-02   6.6756198e+00  -4.0448970e-02  -5.7168675e+00  -1.3929939e+00   2.0320262e+00   1.0633508e+00   3.3861708e+00  -2.6416000e+00  -4.1440406e-01  -1.2027660e-01   5.1355476e-01   9.7303283e-02
   2.6433905e+01   1.1345568e+00  -1.0203419e+01   6.6220582e+00   2.3821191e+00  -4.7446487e+00   1.3059827e+01   6.7137220e-01   5.0021076e-01  -3.1312115e+00   8.7336041e-01   8.0787462e-04  -1.5124234e+00   4.0598736e-01  -1.0379055e+00  -5.0047917e+00  -1.0947451e+00   4.8225109e+00   1.2025337e+00  -2.2320841e+00  -2.7155074e+00   2.8987545e-01   3.2428289e-01  -7.6734016e-02
