  -1.1313095e+01   1.0839513e+00   3.9095955e+00  -5.7921341e+00   6.3364586e+00  -1.1353638e+00   1.7372124e+00  -3.9930852e-01   2.6854534e+00  -1.5931340e+00  -4.3539465e-01  -6.6204652e-02   2.2601980e+00   1.6243110e+00   1.6510569e-01   2.8058269e+00   1.0244362e+00   1.3507000e-02  -2.1518975e+00  -2.8533492e-01  -1.9730701e+00  -1.3120177e+00   9.2218949e-01   4.6273961e-01
  -1.0686277e+01   1.4499532e+00   2.9044692e+00  -5.5818242e+00   6.1398200e+00  -2.7609009e+00  -1.3376383e+00  -1.5138373e+00   1.5216492e+00  -1.8403570e+00   2.3531408e-01   1.8082086e-02   5.5183838e-01   5.7487377e-01  -8.3657896e-01  -1.4774045e+00  -3.2399564e-01  -1.4211459e+00  -2.8482202e+00  -2.0039380e+00  -2.4555009e+00  -2.3080810e+00   6.2072470e-01   1.9002837e-01
  -1.0520473e+01   2.1167483e+00   2.5521035e+00  -8.7509259e+00   5.4728491e+00  -2.7462954e+00  -1.3824252e+00  -1.2711710e+00   1.9524967e+00  -2.9640811e+00  -2.3037952e-02   1.1462600e-01   2.6079491e-01  -5.2962381e-01  -1.8344251e+00  -2.3954772e+00  -2.2690466e+00  -2.3897830e+00  -4.8110367e-01  -2.3113978e+00  -1.2218027e+00  -1.9062109e+00   9.6165900e-01  -2.1914208e-01
  -1.0942403e+01   7.1631266e-01   2.2051163e+00  -9.6736590e+00   4.1862435e+00  -4.3277727e+00  -7.5749166e-01  -2.6576099e+00   1.3024700e+00  -3.3247151e+00   5.7337047e-01  -1.4898771e-01  -4.0412200e-01  -1.0066308e+00  -9.0882985e-01  -4.7241922e-01  -1.4842158e+00  -6.3945764e-01   3.7542333e+00  -1.7055050e+00  -9.0597544e-01  -1.4153897e+00   6.6530731e-01  -3.9780510e-01
  -1.0793840e+01   6.5633582e-01   1.5076343e+00  -7.3394326e+00   3.9096769e+00  -3.9366023e+00   7.2548361e-01  -3.2945189e+00   9.6233900e-01  -3.7102713e+00   8.3806564e-01  -3.1138288e-01   4.0492883e-02  -1.1144883e+00  -1.5090888e+00   2.8728455e+00  -9.4775508e-01   8.4084769e-01   3.5077152e+00  -3.8869858e-01  -1.9125316e-02  -5.3438855e-01  -6.0386739e-02  -4.0939956e-01
  -1.1155777e+01   6.7021314e-01   2.0634590e+00  -6.9961997e+00   4.6950824e+00  -3.1249339e+00   3.2397573e+00  -3.0604208e+00   6.5776486e-01  -3.5903465e+00   8.0272324e-01  -3.6562112e-01   5.9949662e+00  -7.1484180e+00  -8.3546224e+00   2.1208834e+00   1.1209495e+00   1.4542806e+00   2.6510440e+00   1.2196501e+00   2.7487384e+00   1.2605842e+00  -2.0166826e-01   3.9440928e-02
  -1.0353047e+01   4.6806561e-01   3.5929898e-01  -5.7803873e+00   3.7967970e+00  -2.0864433e+00   1.8805232e+00  -1.6528134e+00   2.2461613e+00  -3.6328482e+00  -2.2829445e-01  -3.9115663e-01   9.0706852e+00  -1.1537262e+01  -1.3254028e+01   2.2805679e+00   1.7919383e+00   1.2991987e+00  -2.1126394e+00  -9.7934421e-01   5.1308713e+00   2.7734824e+00  -1.2797559e+00   4.6694838e-01
  -2.1703501e+00  -9.9121792e+00  -9.7526496e+00  -7.2718565e+00   5.9241077e+00  -3.0714313e+00   2.6415545e+00  -1.6489876e+00   4.7836665e+00  -1.4725503e+00   8.0404812e-01  -4.9939442e-02   8.4259810e+00  -1.1418652e+01  -1.3446722e+01   3.0171287e+00   2.7784252e+00  -3.6280646e-01  -3.1373274e+00  -2.2092490e+00   5.2001218e+00   3.5846028e+00  -1.3315667e+00   5.4945092e-01
  -1.6805253e+00  -1.1358362e+01  -1.2465353e+01  -3.7807524e+00   5.9830717e+00  -2.0145557e+00  -2.1443741e+00  -5.4692519e+00   6.5956952e+00  -6.0894587e-01  -1.0822306e+00   2.3119885e-01   3.1222159e+00  -7.6942712e+00  -6.7574668e+00  -6.2226345e-01   4.6987383e+00  -2.8968750e+00  -1.2859718e+00  -2.8648074e+00   2.5938281e+00   3.5552868e+00  -6.7446356e-01   4.9854268e-01
  -2.8530659e+00  -1.0544551e+01  -1.1694298e+01  -3.4703242e+00   7.7695829e+00  -3.7050874e+00   5.4621479e-01  -4.4660751e+00   6.2831806e+00   2.7460657e-01  -7.6765872e-01   1.4737752e-01  -4.2660624e+00  -4.7661369e-01   5.4364066e+00  -1.0970093e+00   3.3723433e+00  -4.7943452e+00   8.6305662e-01  -2.3923942e+00  -2.0999241e+00   1.3777544e+00  -3.2864059e-02   1.5584263e-01
  -5.3283648e+00  -1.0757155e+01  -8.8060768e+00  -8.6145486e+00   9.9221670e+00  -6.1149277e+00   9.9923534e-01  -4.5414807e+00   5.3871463e+00   8.2650346e-01  -4.5413636e-01   2.5799890e-01  -5.3670329e+00  -1.3633764e+00   1.1052150e+01  -3.4879217e+00   2.2684466e+00  -5.9535727e+00   3.0721178e+00  -3.3164568e-01  -4.2052946e+00  -4.3539599e-01   1.3602400e+00  -1.1219807e-01
  -6.7455240e+00  -1.0927703e+01  -3.4276779e+00  -6.5004724e+00   9.0130750e+00  -8.2127631e+00   2.3643347e+00  -5.7014644e+00   2.2380547e+00  -1.2364342e-01   4.4070491e-01   1.7042448e-01  -5.1078529e+00  -2.3485571e+00   1.1950112e+01   1.3434693e+00   3.1035763e+00  -2.8202552e+00   4.7119925e-01  -1.0343567e+00  -4.3172361e+00  -8.5753113e-01   1.3245467e+00  -3.2326143e-01
  -7.7848456e+00  -1.3211850e+01  -2.0438581e-02  -7.4975608e+00   8.7639956e+00  -8.6910769e+00   1.5547426e+00  -5.3490258e+00   2.3103162e+00  -1.0629149e+00   3.5394763e-01   5.1378275e-02  -4.9589108e+00  -3.7744249e+00   7.7608617e+00   4.5391777e+00   2.7293429e+00  -2.0347087e+00  -1.4088346e+00  -2.0593430e+00  -3.5132511e+00  -7.5793259e-01   5.7510486e-01  -4.9520451e-01
  -9.2866049e+00  -1.2840039e+01   1.8380498e+00  -2.0136142e+00   1.3004033e+01  -6.6473956e+00   9.7526004e-01  -5.6138377e+00   1.3457414e+00  -6.6980967e-02   8.1511930e-01  -2.3420432e-01  -3.4664319e+00  -3.9777837e+00   2.7377775e+00   1.6408033e+00   4.2813071e+00  -1.8295271e+00   3.8016519e-01  -1.5973809e+00  -1.4160258e+00   6.3060711e-02   6.1493341e-02  -4.1338332e-01
  -1.1496191e+01  -1.5462624e+01   2.0235189e-01  -4.0492111e+00   1.2020702e+01  -9.9496745e+00  -4.1947920e-01  -7.6743086e+00   5.6342633e-01  -3.3872665e-01   2.2131374e-01  -2.8249347e-01  -2.8479495e-01  -5.8441349e-01  -1.4851711e-01   2.1239568e+00   4.2397347e+00   7.7385499e-01   2.3879818e+00  -4.1242280e-01  -1.4074277e+00   1.5742661e+00  -7.1616460e-01  -2.5218124e-01
  -1.0089499e+01  -1.5768992e+01   5.6759310e-01  -5.7634423e+00   1.3806682e+01  -1.0327755e+01   3.9216934e+00  -6.9348943e+00   9.8746088e-01  -3.9114645e-01   5.9926187e-01  -2.8271463e-01   1.5802121e+00  -3.2012430e-01  -1.9030146e+00  -1.3968374e+00   2.0730587e+00   4.7557227e-01   4.0897954e+00  -1.0618415e+00   2.6703239e-01   1.4911269e+00  -6.7402989e-01  -3.9947012e-03
  -7.8105908e+00  -1.2623994e+01   3.9201412e-01  -2.4367115e+00   1.4722273e+01  -5.6901148e+00   3.6634986e+00  -5.3071316e+00   3.7831490e-01   1.4605670e+00  -6.1237056e-01  -3.0263842e-01   1.3394512e+00  -3.3119894e-01  -5.5316395e+00  -4.4273805e-01  -1.5448979e+00   3.2117058e+00   1.5484093e+00  -8.3633251e-02   1.0050351e+00   1.3739735e+00  -3.5639324e-01   1.0297984e-01
  -8.7590865e+00  -1.4739541e+01  -1.1113031e+00  -4.9151200e+00   1.4762836e+01  -8.0638171e+00   5.0684643e+00  -8.3901884e+00   1.8388457e+00   1.2700625e+00   2.2091661e-01  -2.3012389e-01   2.8730949e+00   6.9748812e-01  -4.2432870e+00  -2.5070181e-01  -2.1811364e+00   1.8045253e+00   7.0553094e-01  -1.0844661e+00   1.7829935e+00  -4.5005772e-01  -1.2792584e-01  -2.2029979e-02
  -1.0152220e+01  -1.6474148e+01  -7.2556593e+00  -5.1374793e+00   9.2252788e+00  -6.2640847e+00   1.3297494e+00  -7.0721114e+00   1.6452866e+00   8.9162907e-01  -1.2410350e-01  -1.5431908e-01   2.1958664e+00  -1.7620675e+00  -3.5640473e+00  -2.0925385e+00  -8.3815278e-02   6.5335834e-01   3.0519697e+00  -6.2321924e-01   2.2197906e+00  -3.0985875e+00   8.2542249e-01  -1.5927764e-01
  -4.6090423e+00  -1.2797682e+01  -1.9735007e+00  -4.7891111e+00   1.3283475e+01  -7.3339819e+00   6.1468644e+00  -7.6791036e+00   3.0284653e+00  -7.8176405e-01   1.6323958e-01  -3.8991927e-01   4.4880454e+00   1.0302907e+00   5.3704060e-01  -4.3395704e-01   1.4676087e+00   5.8427762e-01   3.1271995e+00   1.3550905e+00   1.3968202e+00  -3.2588971e+00   8.7065428e-01  -2.3797736e-01
  -6.5918134e+00  -1.6238025e+01  -4.5229580e+00  -5.6385237e+00   1.5336230e+01  -5.0749949e+00   7.7022530e+00  -6.5975029e+00   3.1131910e+00  -2.1614009e+00   6.5460169e-01  -4.6165720e-01   3.4330183e+00   2.2375872e+00   1.2345644e+00   4.7275300e-01   1.4444676e+00   1.8763296e+00   2.0780325e+00   2.8016368e+00   1.1263002e+00  -2.4844985e+00   8.1029827e-01  -6.2486322e-02
  -3.8072219e+00  -1.3312166e+01  -1.6720929e+00  -5.3155334e+00   1.3908773e+01  -7.7819456e+00   6.5730117e+00  -6.5948570e+00   3.2001238e+00  -2.0917680e+00   1.1375454e+00  -4.3342087e-01  -1.1867920e+00  -1.0325014e+00  -2.3483508e+00   5.5969500e-02  -1.5846614e+00   1.2175320e+00  -2.3590595e+00   2.9327740e+00  -7.1993520e-02  -1.1434288e+00   3.3077709e-01   1.7764978e-01
  -5.4036030e+00  -1.2860525e+01  -5.5545166e+00  -4.1651387e+00   1.1079331e+01  -3.2256086e+00   4.2337246e+00  -3.4117795e+00   3.2489076e+00  -2.1801166e+00   6.0419097e-01  -2.2629777e-01  -1.2712689e+00  -2.0504237e+00  -4.1084193e+00  -4.2541664e-01  -3.4588276e-01   2.5282785e+00  -1.0949812e+00   1.6354798e+00  -1.5777764e+00  -9.1524882e-01   1.7433816e-01   5.2081174e-01
  -6.9833355e+00  -1.6035184e+01  -4.9802477e+00  -5.4418493e+00   1.3034932e+01  -6.4323771e+00   4.3425393e+00  -4.8728043e+00   2.8526167e+00  -2.4875494e+00   6.8461057e-01  -2.4112432e-01  -1.5704717e+00  -2.2837088e+00  -6.4502703e+00  -1.0276637e+00   5.0728234e-01   4.3731755e+00   6.5920659e-01   6.5929571e-01  -2.4605355e+00   3.8953625e-01   3.4443599e-01   7.5250811e-01
  -6.9106599e+00  -1.7952151e+01  -9.0315096e+00  -6.2134907e+00   1.5254327e+01  -1.9573614e+00   7.1750174e+00  -5.0053096e+00   9.2027989e-01  -3.3363834e+00   1.1425764e+00   2.2341213e-01  -3.3373296e-01  -3.2735835e+00  -4.0910635e+00  -1.6463479e+00   9.8388033e-01   3.5180628e+00   2.3760712e+00  -2.0264590e+00  -3.8642738e+00   6.6973611e-01   1.3789549e+00   7.9338435e-01
  -5.4094009e+00  -1.4191917e+01  -9.6090019e+00  -5.8328530e+00   1.2582199e+01  -1.8563060e+00   6.0911751e+00  -4.8091484e+00   6.7363443e-01  -9.2933027e-01   1.3850067e+00   4.7048635e-01   1.8705125e+00   5.5087083e-01  -8.3311245e-01  -1.6597588e-01  -1.6580680e+00   4.1378296e+00   2.4537512e+00  -1.8109495e+00  -3.4423196e+00   7.8735791e-01   1.6585354e+00   5.9968423e-01
  -6.6911697e+00  -1.8692534e+01  -9.3767348e+00  -6.4391587e+00   1.2781518e+01  -2.3654995e-01   6.9235134e+00  -6.4832959e+00  -1.4580119e+00  -1.9546221e+00   2.3224253e+00   6.0797343e-01   7.4079260e-01   5.5815513e-01  -2.7634505e-01  -6.9247386e-01  -4.7489404e+00   2.3800820e+00   2.6431163e+00   9.2555421e-01  -1.7776943e+00   8.3599973e-01   9.9909253e-01   1.6264079e-01
  -4.2873118e+00  -1.4838686e+01  -6.0573038e+00  -5.5779792e+00   1.1784235e+01  -1.0860383e+00   8.1489181e+00  -6.8502355e+00  -1.1217168e+00  -1.9973932e+00   2.5824891e+00   4.6612138e-01   1.0555638e+00   1.5181173e-01   6.9498784e-01  -1.0495379e+00  -2.8345042e+00  -4.2488396e-03   3.7298877e+00   2.0084942e+00  -7.6090576e-01  -4.3035046e-01  -2.1779917e-01  -1.1433441e-01
  -6.3605155e+00  -1.6791534e+01  -1.1221876e+01  -7.3796384e+00   8.5298981e+00   1.2276278e+00   1.0110820e+01  -2.5964347e+00  -8.4858600e-01  -1.5483524e+00   2.0424740e+00   4.6955579e-01   1.5225644e+00   2.1703127e+00  -2.9666887e-01  -9.9526715e-01  -2.6966478e+00  -1.8725071e+00   2.1632025e+00   3.2641080e+00   2.1669157e+00   7.6226619e-01  -1.4661877e+00  -2.2654044e-01
  -3.9913823e+00  -1.4914699e+01  -7.6439494e+00  -6.9369200e+00   1.0456253e+01  -2.5947681e+00   1.0092353e+01  -3.7398376e+00  -7.7243717e-01  -1.7779908e+00   1.1982836e+00   3.6819356e-01  -4.1639131e-01   4.4915534e-01  -1.6257944e-01  -1.1120186e+00   8.2118175e-01  -1.4677452e+00   7.4536579e-01   5.5321845e-01   1.6490214e+00   3.7712403e-01  -2.2248140e+00  -1.0304639e-01
  -4.5552879e+00  -1.5399059e+01  -9.0284153e+00  -7.2525890e+00   9.4005376e+00  -2.2909457e+00   9.1965996e+00  -3.1423328e+00   1.6177218e+00  -9.2092399e-01   8.1524650e-01   3.1712668e-01   1.6234159e+00   2.4294652e+00   5.5534547e+00  -1.6370783e+00   3.1935654e+00  -3.3370426e+00   4.3219822e-01  -2.9599483e-01   4.6495719e+00   3.9817514e-01  -1.7921497e+00  -1.8234224e-01
  -5.8145126e+00  -1.4861191e+01  -7.3979034e+00  -7.3095317e+00   1.2580687e+01  -1.5283694e+00   9.7240772e+00  -5.7474588e+00   1.1866143e-01  -1.7454214e+00  -1.4111813e-01   3.8776634e-01   1.4421559e+00   3.0269834e+00   5.4155840e+00  -1.3279405e+00   2.2341566e+00  -5.6053639e-01   1.4686771e+00   2.3016685e+00   4.7164036e+00   6.1669541e-01  -1.2456615e+00  -1.8636265e-01
  -3.0138266e+00  -1.3174090e+01  -3.0147172e+00  -9.6489500e+00   1.2258029e+01  -4.3111354e+00   1.0943256e+01  -2.0366164e+00   5.6802226e+00  -9.6737436e-01   2.3950274e-02   1.8625604e-01   3.7786560e+00   5.6143603e+00   6.3207779e+00  -7.2770698e-01  -2.9419862e-01  -3.9196998e-01   6.9512501e-01   4.6093938e+00   2.6556680e+00   1.7896631e-01  -2.0910683e-01  -4.7992997e-02
  -2.5988791e+00  -1.1486708e+01  -2.5274225e+00  -7.7306502e+00   1.2378742e+01  -2.4254779e+00   1.1422041e+01  -8.4019301e-01   4.2709179e+00  -8.2972250e-01  -2.7456045e-01   1.5408491e-01   4.4135435e+00   7.0272191e+00   3.2929823e+00   1.1483836e+00  -2.9497106e+00   1.6473617e-01  -3.5501418e-01   7.3226513e+00   9.7628117e-01   1.4898298e+00   1.0877003e+00   1.7151710e-01
  -4.9512070e-01  -8.6647596e+00  -1.9824888e+00  -8.1335902e+00   9.0602124e+00  -2.4303465e+00   9.3903053e+00   1.3181251e+00   3.5250955e+00  -1.1103240e+00   5.6830742e-01   3.6197790e-01   3.7340282e+00   6.4372818e+00   2.2881790e+00   3.5955078e+00  -2.9085296e+00  -1.1943943e+00  -3.4292296e+00   3.6527207e+00  -2.9136631e+00   1.1268931e+00   1.3570872e+00   1.8097010e-01
  -4.5355029e-01  -6.5750274e+00  -2.9745441e+00  -6.3446361e+00   9.7550297e+00  -2.2216596e+00   9.9680311e+00   3.5591474e+00   2.6606467e+00   5.6079817e-01   1.2182538e+00   5.5718106e-01   4.3479697e+00   5.1673141e+00   3.6859504e+00   3.1263633e+00  -1.2825187e+00  -3.5154738e+00  -2.7364201e+00   1.7702647e+00  -2.4978711e+00   5.0335061e-01   1.6451208e+00  -1.1019271e-02
   1.5145512e+00  -5.9740082e+00   6.4111203e-01  -4.9486953e+00   9.2070904e+00  -6.2046359e+00   6.5264161e+00   1.2427945e+00   2.1148635e+00   2.7705030e-02   1.3131740e+00   2.5616311e-01   3.1127990e+00   2.9877572e+00   3.7413437e+00   2.0240255e+00   3.7350462e-01  -3.2622565e+00  -4.7977022e-01   5.5334029e-01  -1.3403465e+00   4.9643095e-01   1.2923220e+00  -1.4026917e-01
   2.9182394e+00  -5.0811131e+00   1.6897027e+00  -4.6335527e+00   1.0381525e+01  -5.8115438e+00   8.7493551e+00   1.8528693e+00   1.2292272e+00  -6.4371109e-01   1.8206875e+00   1.9046340e-01   4.0266637e+00   3.0346123e+00   2.5359319e+00  -7.0195536e-01  -1.9161825e+00   1.3665278e+00   8.5927974e-01  -1.3109856e+00  -5.8112500e-01  -9.3903807e-01   1.9496323e-01  -3.7527873e-01
   2.4881829e+00  -4.9300809e+00   1.2974032e+00  -5.9530937e+00   9.3072217e+00  -5.5287890e+00   9.2799880e+00   3.0012746e+00   2.2302855e+00   2.3657708e-01   2.2055735e+00   3.3493297e-01   3.2333265e+00   4.5341132e+00  -1.7123045e+00  -3.3923895e+00  -3.9379955e+00   7.2536125e+00   3.1757622e+00   3.8718655e-01  -4.8807332e-02   3.8177623e-01   3.4137669e-01  -1.7928952e-01
   5.0996295e+00  -2.5450725e+00   5.0120816e-01  -6.8953700e+00   6.8306903e+00  -5.0979145e-01   9.8801648e+00   7.1342902e-01   1.7312482e+00  -9.5219496e-01   1.0644989e+00  -4.5121967e-02   3.0377454e+00   5.4911052e+00  -3.4152552e+00  -3.4084478e+00  -5.8752627e+00   7.6172291e+00   9.3633854e-01  -1.1572329e+00   2.3708330e-01   6.5470943e-01   2.0153069e-01   9.5403553e-03
   5.2738460e+00  -4.4085871e-01  -1.3330974e+00  -8.9063709e+00   5.0755144e+00   2.0249065e+00   1.0724655e+01   2.3932944e+00   1.7906420e+00   7.5461132e-01   2.2033334e+00   1.0502152e-01   3.7193500e+00   4.3529888e+00  -3.2078297e+00  -8.2014819e-01  -2.0142184e+00   6.2798847e+00  -6.5675936e-01  -1.1910159e+00   1.2733431e+00   8.6543303e-01   2.4366187e-01   5.9244227e-02
   6.0820259e+00   9.1093360e-01  -2.1179297e+00  -8.2695858e+00   3.6844845e+00   1.8374520e+00   9.4315296e+00   4.2101007e-01   1.8046739e+00   7.9335947e-02   2.1241036e+00   3.1972966e-01   3.4179108e+00   2.8496022e+00  -7.9847650e-01   9.0309523e-01   1.4380550e+00   2.1639079e+00  -1.3655233e+00  -3.7710682e+00   1.5944046e-01   4.7637634e-01   1.0846241e+00   3.6282882e-01
   7.5760097e+00  -1.2860074e-01  -2.2047724e+00  -6.4962081e+00   7.8589970e+00   2.7174162e+00   8.5191665e+00   1.3609602e+00   4.1035874e+00   1.0189612e+00   2.0412640e+00   2.4137350e-01   2.5441993e+00  -1.6692113e-01  -5.5069975e-01   2.7172279e+00   5.1008053e+00   1.6772635e+00  -7.3400502e-01  -1.2715531e+00  -7.5210508e-01   3.4499892e-01   5.6183171e-02   2.1711634e-01
   9.0754138e+00   1.5732017e+00  -2.6066909e-01  -6.7458085e+00   7.5960316e+00   2.3898155e+00   8.9346238e+00  -4.4270061e+00   8.1393621e-01  -3.6980538e-01   2.7724697e+00   4.3094528e-01   2.5580609e+00   1.4220468e-01   3.9663988e-01  -9.8887097e-01   3.9145834e+00   1.6122309e+00   2.5053648e-01  -2.9703367e-01  -1.8510804e+00   7.9132814e-01   1.0599238e-01  -6.0896886e-02
   7.5934510e+00  -1.0223745e+00  -3.0877773e+00  -5.5924176e+00   1.0770949e+01   4.2646201e+00   9.8721000e+00   2.9099728e+00   1.1578532e+00   1.4966804e+00   1.9634251e+00   3.7508822e-01   8.9093637e-01   3.7484756e-01   7.2225132e-02  -3.0098969e-01  -1.1955397e+00   1.0958635e+00   3.2399206e-01   1.4924200e+00  -2.6061350e+00   1.0625383e+00  -6.0956384e-01  -3.2656013e-01
   9.9103967e+00   1.5711275e+00  -1.0814674e+00  -1.0204787e+01   8.1003837e+00   3.4821964e+00   9.1308676e+00  -7.9904674e-01   5.0092042e-01   1.0274686e+00   2.3220116e+00   1.6152696e-01   1.3579074e+00   2.6627373e-02  -1.0581256e+00   2.2050486e+00  -3.6103256e+00   1.7826089e-01  -2.7526646e+00   1.8975972e+00  -1.1091687e-02   1.1531150e+00  -8.5316444e-01  -4.9990641e-01
   8.4949228e+00   4.3470772e-01  -1.6860355e+00  -5.2182031e+00   5.8135113e+00   3.8150210e+00   8.9070327e+00   1.7856105e+00   3.5089284e-01   1.9141317e+00   1.3521473e+00  -1.1375754e-01   7.1070138e-01   6.5111833e-01  -8.7218906e-02   2.9401712e+00  -3.8342185e+00   8.0639461e-01  -2.8108474e+00  -1.0038362e+00   3.3700783e-01   4.7877722e-01  -4.4223405e-01  -4.4085410e-01
   1.0661539e+01   8.8460171e-01  -2.5487284e+00  -3.6253429e+00   4.6592619e+00   2.8820064e+00   5.2881605e+00  -1.0184291e+00   1.2007789e+00   1.1511415e+00   1.7983620e+00  -7.4491452e-02  -7.2271468e-01  -7.3453178e-01  -2.9932819e-01   5.2904512e+00  -1.0228280e+00   7.0779802e-01  -9.6972153e-01   8.8788809e-01   1.1319178e-01   4.6932706e-01  -1.0148391e-02  -3.0861667e-01
   8.2839319e+00   2.9756591e-01  -2.4849752e+00  -4.4718831e+00   6.7401819e+00   5.7743070e+00   7.5771824e+00   1.5139098e+00   1.3134358e+00   2.1530097e+00   1.5618989e+00  -1.6818372e-01   6.2420542e-01   8.5863162e-01   9.5047635e-01   1.8861929e+00   1.2349596e+00  -3.8613725e+00   4.8256342e-01  -1.0491457e+00   7.1153093e-01  -6.2758573e-01   1.2803296e+00  -1.5480772e-01
   8.9318202e+00   5.3790074e-01  -1.1309899e+00  -2.6422707e+00   6.1028064e+00   3.5642504e+00   8.3412105e+00   6.6863577e-01   1.8943663e-01   1.6120201e+00   2.2019132e+00  -2.7418494e-01   6.5013465e-02   2.2561799e+00   1.3274629e+00   2.1221678e+00  -1.3910480e+00  -4.6845204e+00   7.6835864e-01   6.3822282e-01  -5.2566375e-01  -4.9482099e-01   1.3656000e+00  -4.6074183e-02
   1.0296090e+01   1.8960056e+00  -9.6919026e-01  -2.8804499e+00   6.9441785e+00  -2.3181597e+00   8.1043528e+00  -6.3164055e-01   1.9238604e+00   7.4231376e-01   3.0708660e+00  -2.4612237e-01   2.4134036e+00   3.1877910e+00   2.3124991e-01  -7.2342777e-01  -2.8266469e+00  -7.1580417e+00  -1.7436136e+00  -1.1465804e+00  -5.6844531e-01  -7.8108379e-01   1.1684751e+00   1.3298556e-01
   9.7529800e+00   3.4696516e+00  -1.3154266e+00  -1.2378079e+00   2.4706916e+00  -9.8540932e-02   6.1771132e+00   1.0116803e+00   1.0707095e-01   1.1142580e+00   3.0922784e+00  -1.0463340e-01   1.8072797e+00   1.3992659e+00  -2.1331076e+00  -3.4024036e+00  -2.3115045e+00  -3.0661009e+00  -2.5378085e+00  -1.2655586e-02   1.8351373e+00   1.7085256e+00  -2.8985245e-02   1.9083672e-01
   1.1493457e+01   3.6133770e+00  -2.0458820e+00  -6.2592562e+00   4.3162689e+00  -3.1313598e+00   6.0438106e+00  -3.7748313e-01   5.0195062e-01   1.2302651e+00   2.8694289e+00  -5.3481151e-02   1.4188714e+00   3.8101785e-01  -2.2151550e+00  -4.7788526e+00  -3.7965197e+00   1.9814990e+00  -1.5839933e+00  -1.2230773e+00   1.2659147e+00   2.7375699e+00  -5.9505018e-01   1.4672508e-01
   1.1044056e+01   1.7781140e+00  -3.7923054e+00  -6.0564729e+00   3.9495044e+00  -6.2830090e-01   5.5647688e+00   5.2257368e-01   3.6530974e+00   3.9308328e+00   2.2591539e+00  -8.4250479e-02   1.1121507e+00  -1.2713176e+00  -3.3414119e+00  -1.6387802e+00  -1.9656836e+00   1.4859122e+00  -3.1988345e+00  -6.0504528e-01   3.2142209e+00   1.7434647e+00  -4.9210798e-01   1.1975496e-01
   1.1778859e+01   3.3133012e+00  -3.0534833e+00  -7.6393963e+00   5.0999261e-01   9.1896876e-01   6.0345350e+00  -2.2217032e+00   2.0497191e+00   3.4403812e+00   2.5948530e+00  -3.6226212e-02   8.8869211e-01  -1.2314717e+00  -1.3193752e+00   2.0224038e+00  -2.4214596e+00   3.4097559e+00  -4.7986648e+00  -1.0573955e+00   1.9039682e+00   8.1393815e-01   2.4870902e-02   1.5320641e-01
   1.1278505e+01   1.7127131e+00  -5.8237438e+00  -3.0059081e+00   1.4253044e+00   1.0516315e-01   1.3834992e+00   1.0262224e+00   4.1545180e+00   2.6243971e+00   2.4914044e+00   6.6371575e-02   1.6824435e+00  -2.3050039e+00   1.3085684e+00   2.5531908e-01   7.7901842e-03   7.7874143e-01  -3.3449327e+00  -4.0724005e-01  -1.5742225e+00  -1.2594712e+00   6.5101886e-01   2.5842108e-01
   1.2709271e+01   1.7988699e+00  -3.0092256e+00  -4.7509329e+00   1.9461795e+00   1.6165421e+00   9.3644817e-01  -2.2154008e+00   3.1071927e+00   3.1043902e+00   2.7906100e+00   1.0101743e-01   6.6562991e-01  -4.8017599e+00   2.1754124e+00   5.9124273e-01   2.5438834e+00  -2.8449924e-01  -1.9510669e+00   1.7339503e+00  -1.0173430e+00  -3.9465396e-01  -7.2706282e-03   2.3397218e-01
   1.3102516e+01  -9.2217613e-01  -1.8515817e+00  -7.1177260e+00   3.2430962e+00   1.9102456e-01   3.0964132e+00  -9.1437622e-02   7.6302694e-01   2.2096216e+00   3.1378037e+00   2.3475931e-01  -7.9760717e-01  -4.5097168e+00   2.8777902e+00  -9.3726871e-01   1.2338007e+00   6.2605110e-01   2.2420754e+00   1.4726353e+00  -1.7346001e+00   4.9014912e-01   1.3331796e-01   2.6420231e-01
   1.1865299e+01  -2.5718940e+00  -1.7764458e+00  -4.6966232e+00   3.4169219e+00   4.4928920e-01   2.2514777e+00   9.3805227e-01   2.2194502e+00   3.0557880e+00   2.2607474e+00   2.3053818e-01  -1.2540261e+00  -4.5831706e+00   2.3580489e+00  -4.5875703e-01   9.7380803e-01  -1.6097485e-01   1.8552419e+00   2.5702517e+00  -2.3279747e-01   2.4489719e-01  -4.0816617e-01   3.7382328e-02
   1.0504080e+01  -2.8664801e+00  -2.1234483e+00  -4.4389660e+00   2.5406343e+00   1.6278663e+00   4.0890975e+00   1.6584487e+00   1.9964891e+00   3.3839219e+00   2.9563127e+00   3.9791467e-01  -4.2318336e-02  -2.8096017e+00   3.6159104e+00   8.6758965e-02   2.0245197e+00  -1.2224378e+00  -1.3618583e+00   4.4554402e-01   8.6185662e-01  -3.3897834e-01  -9.1988407e-01  -1.3727836e-01
   1.2127450e+01  -4.1037341e+00   6.6378098e-01  -6.7784484e+00   3.7581225e+00   6.5665901e-01   3.2229689e+00   7.6503357e-01   2.1412654e+00   2.8845859e+00   2.2691063e+00   7.5513247e-02   2.0769422e+00  -1.5113266e+00   3.4843214e+00  -2.1151617e+00   2.5195923e+00  -1.1094160e+00  -2.7597304e+00  -1.7435615e+00  -8.6021224e-01  -1.5925627e+00  -1.0414829e+00  -2.3487705e-01
   1.2907963e+01  -4.3706587e+00   2.3521706e+00  -5.9466749e+00   6.1092755e+00  -1.7463171e+00   5.6788021e-01   6.6338776e-01   2.0949043e+00   1.7867551e+00   1.7537982e+00   1.0635424e-01   2.8555449e+00  -1.3366794e+00   1.3060862e+00  -1.2320084e+00   4.0422007e+00  -2.8964044e+00  -3.2537629e+00  -3.0220696e+00   2.0663860e-01  -1.1318686e+00  -8.6630069e-01  -1.4545950e-01
   1.3778771e+01  -4.0867946e+00   1.2122269e+00  -7.1155113e+00   5.4119897e+00   4.7225693e-01  -1.2750923e-01  -1.1797595e+00   8.7992429e-01   1.4655273e+00   1.2997802e+00   2.4002815e-02   4.7580653e-01   8.2613440e-02  -3.6945450e+00   1.6180639e+00   9.0940901e-01  -4.2949279e-01  -3.4453715e+00  -7.7903938e-01  -7.4050269e-02  -6.5737279e-02  -3.0094409e-01   1.6520630e-01
   1.3961737e+01  -4.8799689e+00  -4.3854204e-01  -6.1184472e+00   7.7770018e+00  -2.6245392e+00   8.8369223e-01  -1.9022591e+00   2.9371176e+00   2.3956482e+00   2.1415246e+00   2.0548064e-01  -6.1025993e-01   9.0955418e-01  -6.1859033e+00   2.4032905e+00  -1.0716081e+00  -4.6472103e-01  -1.9877778e+00   4.6001503e-01   2.0384520e-01   1.5800902e+00   6.3028450e-01   2.8284954e-01
   1.2314272e+01  -3.7251588e+00  -3.4826803e+00  -4.2654664e+00   4.2883729e+00   4.5153091e-01  -2.1029943e+00   8.7929794e-01   1.6090833e+00   2.4815334e+00   1.6238269e+00   2.7375950e-01  -1.5558661e-01   3.2822466e-01  -3.4406693e+00   2.7445534e+00  -2.3155882e-01  -3.6043442e+00  -1.5432445e+00   1.7062354e-01   3.4357830e-01   4.6599951e-01   1.2024164e+00   2.5400589e-01
   1.2724822e+01  -3.1871453e+00  -4.5792308e+00  -3.7667616e+00   5.0636718e+00  -2.4330356e+00  -1.4260440e+00   3.2388159e-01   2.0360926e+00   3.6488873e+00   2.5372016e+00   4.0575020e-01   1.6375932e-01   1.2060074e+00  -8.8979823e-01   9.9074522e-01  -1.1480501e+00  -4.1642119e+00  -7.8008867e-01  -7.6241678e-01  -2.0231141e+00  -9.9468856e-01   1.0310611e+00  -8.9571698e-02
   1.4163848e+01  -4.4408694e+00  -1.8784327e+00  -4.1745241e+00   6.4213164e+00  -5.0300112e+00  -1.2875078e+00  -2.0368945e+00   1.8458042e+00   1.5379070e+00   2.9055664e+00   3.0487687e-01  -8.1952730e-01   2.1774744e+00   1.2758344e+00  -3.5488197e-01  -1.0073839e+00  -3.6020992e+00  -1.3723521e-01  -2.4386189e+00  -2.5785680e+00  -1.1524548e+00   1.0865152e+00  -1.1277977e-01
   1.3282588e+01  -2.7131025e+00  -2.5753632e+00  -4.6778006e+00   4.9884549e+00  -6.1300860e+00  -6.9418399e-01  -1.5877880e+00  -2.1591402e-01   1.3754286e+00   3.0472465e+00   5.5564409e-02  -2.0070803e+00   3.3252011e+00   1.4854346e-01  -1.2943732e+00  -3.3552412e-01  -1.6652056e+00   4.1759149e-01  -3.3124797e-01  -3.2728349e+00  -1.6370640e+00   1.6798874e+00  -2.3740170e-01
   1.0806099e+01  -6.9596859e-01  -2.5708624e+00  -4.3422699e+00   2.8149054e+00  -3.1030927e+00  -2.6747771e+00  -1.8227956e+00  -1.1327654e+00   1.8895805e+00   2.9985773e+00   2.7968275e-01  -3.9275461e+00   2.8425152e+00  -1.6932414e+00  -2.2763295e-01  -1.7188469e+00   8.3077886e-01   1.4720127e+00   1.1473064e+00  -2.0408325e+00  -7.1786120e-01   1.1057827e+00  -6.6955454e-02
   1.1393077e+01  -7.1794088e-02  -4.0102007e+00  -5.6244484e+00   6.3635912e+00  -5.8943032e+00  -1.0602212e-01  -2.8003984e-01  -1.3838749e+00   1.0174545e+00   5.0105273e+00   6.2244709e-02  -3.4923784e+00   1.2474003e+00  -1.9707898e+00   6.1125600e-01  -1.8961562e+00   1.3877013e+00   2.5248244e+00   1.9406302e+00   2.2517860e+00  -7.0490819e-01   5.9429138e-01  -3.2936240e-02
   9.2172848e+00  -1.4977508e+00  -3.7008759e+00  -4.0426496e+00   3.1554780e+00  -3.9017343e+00   6.2643033e-01  -9.6980899e-01  -6.3146409e-01   6.4010225e-01   3.5826001e+00   2.0110354e-01  -2.0271256e+00   1.9819517e+00  -2.1337078e+00   8.2391715e-01  -1.2526461e+00  -3.3347994e-01   2.8555474e+00   3.0253951e+00   3.1722816e+00  -1.1906009e+00  -3.3845352e-01  -5.1432768e-01
   8.8384272e+00  -4.4111089e-01  -4.9665411e+00  -3.9107267e+00   1.9739343e+00  -3.6492132e+00   1.4424489e+00   8.9666395e-01   2.9111143e+00   9.4280542e-01   3.6466722e+00   4.5449654e-02  -1.8034480e+00   3.6534310e+00  -1.3177112e+00  -1.1486775e-01  -4.0987083e+00   1.1610751e+00   3.3009759e+00   1.8607139e+00   2.5078100e+00   4.4556685e-01  -1.9918625e+00  -6.1387217e-01
   9.0427350e+00   2.4616173e+00  -5.2932540e+00  -3.9632550e+00   3.1307648e+00  -4.7258576e+00   8.3430850e-01   2.1269451e+00   1.4781623e+00   1.4100376e-01   3.1728246e+00  -4.8341125e-01   1.1242235e+00   4.4430939e+00  -7.8370585e-01  -2.1608935e+00  -7.1124510e-01  -1.4003902e+00   2.5191049e+00   4.1318299e-01   5.4295695e-02  -2.0730605e-01  -1.1652583e+00  -6.0889482e-01
   8.7751795e+00   3.4286683e+00  -5.1905785e+00  -5.8364473e+00   2.2788533e-01  -3.7406289e+00   4.7415027e+00   9.6265398e-01   1.3230268e+00   1.9353540e+00   2.2276213e+00  -5.1630615e-01   1.6071273e+00   3.5951215e+00   1.7390983e-01  -2.8448850e+00  -6.2096334e-01  -1.2512643e+00   1.8690089e+00  -1.1426555e+00  -9.9380283e-01  -1.5939894e-01  -9.6511284e-01  -1.6952920e-01
   1.0935244e+01   3.2320004e+00  -4.7644160e+00  -6.3211296e+00   2.9616348e+00  -5.9566118e+00   2.7555608e+00  -3.8302953e-01   2.4402317e-01  -1.6713113e-01   2.5442380e+00  -4.3136079e-01   1.3560540e+00   1.0087070e+00   5.8394195e-01  -1.1329488e+00  -1.0025066e+00  -1.3639652e+00  -5.6761832e-01  -1.0881008e+00   1.7123807e+00  -9.0211166e-01  -5.1953986e-01   4.2139666e-01
   1.0302864e+01   4.5663798e+00  -4.9700954e+00  -6.9991169e+00   1.1270542e+00  -4.9107326e+00   3.2853361e+00   4.3766811e-01   2.0374796e+00   8.5777446e-01   2.5132962e+00  -2.3486938e-01   8.2037365e-01   2.0221246e+00   1.7112781e+00  -1.2265338e+00  -1.1790611e+00  -1.1885230e+00  -2.8397138e+00   3.9975094e-01   1.2980791e+00  -1.5606777e+00   3.1156350e-01   2.6354711e-01
   1.0312974e+01   3.4058220e+00  -4.5275826e+00  -5.0813434e+00   1.1774205e+00  -6.1867534e+00   7.1096431e-01   7.5728691e-01   3.6895070e+00  -6.7337394e-01   2.2506774e+00   7.9653513e-03  -1.0214550e+00   1.7826683e+00   2.1124393e+00  -2.1257883e+00  -3.8100972e+00   1.0712971e+00  -1.3207449e+00   2.2520116e+00   1.7971217e+00  -1.3521293e-02   3.8027201e-01   1.8572859e-02
   1.0316875e+01   6.3749444e+00  -2.7420780e+00  -8.2961412e+00  -6.4859908e-01  -5.4083426e+00   1.5042302e+00   9.9212217e-01   1.5474037e+00  -1.5254110e-01   2.8417469e+00  -3.4064856e-01  -1.0101112e+00   1.7217516e+00   3.0040199e+00  -3.8718159e+00  -3.0171859e+00   1.8595939e+00  -1.4360042e+00   1.2173908e+00  -6.5532599e-01  -5.4712314e-01   2.0938630e-01  -1.8982925e-01
   9.3960558e+00   5.0017207e+00  -2.7097658e+00  -8.8612999e+00  -1.8656843e+00  -4.1008611e+00   1.6649964e+00   2.7177608e+00   3.1847437e+00   3.1774471e-01   2.9504207e+00  -3.5061191e-01  -1.4859420e+00   3.7852061e+00   4.2921979e+00  -5.3477555e+00  -2.7599313e+00   2.1927381e+00   1.9956939e-01   1.8537657e+00  -9.8667849e-01  -9.9406175e-01  -3.4316821e-01  -4.9116902e-01
   9.2461560e+00   6.3510579e+00  -1.3729740e+00  -1.0916863e+01  -1.8771723e+00  -3.1642879e+00   6.5431377e-01   1.2835174e+00   1.3068723e+00  -4.5846958e-01   2.4775040e+00  -3.4032462e-01  -1.7382102e+00   2.4016367e+00   4.1345493e+00  -2.8325881e+00  -7.6970206e-01   5.5772066e-01   6.5621399e-01   1.3461805e+00   3.7132862e-01  -1.2032722e+00  -1.3400421e+00  -3.7206754e-01
   8.6194205e+00   9.0955744e+00   1.2261623e+00  -1.1792616e+01  -2.3481900e+00  -4.0196737e+00   1.4352766e+00   3.3922379e+00   2.3297549e+00  -2.0115023e+00   1.9180465e+00  -7.2895015e-01  -1.1893524e+00   3.2012040e+00   3.6638733e+00  -1.0300669e+00   3.1824359e+00  -8.9703580e-01   2.7890954e+00   5.6792700e-02  -1.9896729e-02  -6.3188301e-01  -1.2131658e+00  -2.4424868e-01
   8.0978773e+00   7.9304725e+00   1.4917819e+00  -1.1079365e+01  -1.5618993e+00  -4.6123553e+00   2.6034111e+00   2.6741544e+00   2.5318910e+00  -7.9282586e-01   1.3478708e+00  -7.0958075e-01  -1.0581781e+00   2.6637739e+00   2.4402164e+00   3.8258454e-01   6.4016965e+00   3.0316910e-01   3.3845895e+00  -1.5821068e-02  -5.5909011e-01   8.2429532e-02  -6.1010537e-01  -9.5811117e-02
   8.1861666e+00   9.0138193e+00   1.3536662e+00  -1.0325149e+01   2.7503330e+00  -4.7223811e+00   4.8740909e+00   2.1076314e+00   2.5423892e+00  -4.6290168e-01   1.6954886e+00  -5.3235687e-01  -1.1013385e+00  -1.6658336e+00   1.8260932e+00   5.5172839e+00   6.3341706e+00   1.7997964e+00   1.2180937e+00  -2.2951106e+00  -1.6035792e+00  -6.8037186e-02  -1.2472188e+00   1.2508815e-01
   7.8755157e+00   1.0387596e+01   2.2235987e+00  -1.1076719e+01   5.1761110e+00  -2.3581805e+00   4.0117908e+00   1.9020890e+00   3.6191997e-01  -1.1091256e+00   1.6736249e+00  -5.8233794e-01  -7.5774560e-01  -6.3681736e-01   2.6963657e+00   5.8852000e+00   2.8152382e+00   3.2896543e+00  -3.8771614e-01  -3.1783533e+00  -2.5090404e+00  -1.8448175e+00  -1.2779282e+00   1.5242780e-01
   7.0785936e+00   5.3682621e+00   3.5993937e+00  -3.5180131e+00   3.7840608e+00  -2.4470665e+00   2.5582273e+00   3.3560461e-01   1.0093716e+00  -1.9554082e+00  -1.1565878e-01  -6.0493934e-01  -9.7347739e-01  -8.9555388e-02   2.2286902e+00   5.2997062e+00   1.1330115e+00   3.4987969e+00  -2.9724869e+00  -3.2333349e+00  -1.6136893e+00  -2.8040848e+00  -2.1038925e+00   1.2262096e-01
   7.5150454e+00   8.7980251e+00   4.4134667e+00  -5.6551330e+00   2.1440940e+00  -8.1553122e-01   3.1797687e+00  -1.2073623e+00  -4.6516087e-01  -2.8137988e+00   3.3655220e-01  -4.4464782e-01  -3.8521146e-01   3.1720769e+00   1.3994759e+00   2.1067815e+00   1.5788460e+00   2.7734526e+00  -1.2263784e+00  -3.4799865e+00  -1.0873640e+00  -1.6294728e+00  -1.2901397e+00   1.0923652e-01
   6.9061857e+00   9.6742719e+00   3.6017675e+00  -5.0863828e+00   5.9658587e+00  -2.4551044e-01   8.3137163e-01  -1.1876453e+00   5.3539567e-01  -3.8166922e+00  -7.9181377e-01  -4.1727048e-01   2.9401448e-01   6.3064661e+00   1.2861475e+00  -2.7182125e+00   2.1865519e+00  -2.4767264e-02  -3.5663736e-01  -1.1483323e+00   2.2981996e-01  -7.3414484e-01  -9.1728488e-02   3.1632350e-02
   7.3839025e+00   1.2992707e+01   4.3216255e+00  -7.1323621e+00   6.4534810e+00   7.0122038e-01   3.0356511e+00  -2.5562657e+00  -1.0321381e+00  -2.6226928e+00   7.6492809e-02  -5.1231759e-01  -2.0455814e-01   1.0721172e+00   7.3151634e-01   1.0961070e+00   1.7820022e+00  -2.3850921e+00  -2.3864939e+00   2.1625364e-01   3.5615362e-01   5.9205785e-01   1.0886299e-01  -4.6805482e-02
   7.5851868e+00   1.2730620e+01   5.5745354e+00  -6.8567173e+00   4.9091951e+00  -3.2425931e+00   2.0953300e+00  -7.1244211e-01   1.6375902e+00  -3.1521784e+00  -1.2322182e-01  -5.2365593e-01   3.3591349e-01  -2.1527841e+00   1.5287506e+00   2.0005066e+00  -2.5405976e+00  -1.7393528e+00  -3.1941222e+00   2.0746104e+00  -4.4777465e-01   1.1526850e+00   4.8608959e-01  -1.1862351e-03
   6.8687077e+00   8.8780267e+00   4.5243572e+00  -3.1258053e+00   5.3454291e+00  -2.8946281e+00  -1.0319514e+00  -1.1205834e+00  -4.8202768e-01  -2.2579689e+00   1.6555070e-01  -4.6166331e-01   7.1538756e-01  -4.4075405e+00   7.9406033e-01   1.5563920e+00   6.4298904e-01   5.0634664e-01  -3.3866079e+00   2.5178142e+00  -9.7641024e-01  -7.1841126e-01  -5.8402073e-01  -9.6076820e-02
   7.6676533e+00   8.5024358e+00   5.7935275e+00  -4.0889013e+00   2.7089883e+00  -1.0566154e+00  -1.9260104e+00   1.2064291e+00  -4.1132150e-01  -2.2700267e+00  -1.0720833e-01  -4.4437697e-01   6.8878476e-01  -6.8680845e-01  -1.7597668e-01  -2.5069304e-01   4.1935053e+00   5.8759982e+00  -1.4686819e+00   7.5748373e-01  -2.2635499e+00  -1.0566913e+00  -4.9740824e-01   9.3567502e-02
   8.4157505e+00   8.4954884e+00   5.4032200e+00  -6.1816821e+00   8.5180680e+00   3.6775147e-01  -3.3590564e-02   2.6101992e-01  -1.4722976e+00  -4.1413856e+00  -8.0754504e-01  -6.9607230e-01   3.4745812e-01   3.0271253e+00   5.0637418e-01   3.2803510e-01   3.7169343e+00   6.1681353e+00   1.5461422e+00  -3.6532431e-01  -3.2842917e-01  -1.2647561e+00  -4.5819622e-01   1.3943121e-01
   7.8448425e+00   1.1891677e+01   4.8711390e+00  -5.7048184e+00   9.6131337e+00   3.9402144e+00  -6.0687323e-01  -2.6701817e-01  -1.2625998e+00  -3.7955070e+00  -3.8278631e-01  -2.6610018e-01  -6.5207103e-01   5.9536048e+00   2.4182257e-01  -1.6531236e+00   3.4833677e+00   7.4280548e+00   2.3775927e+00  -3.0884555e+00   6.1745286e-01  -6.2186553e-01  -8.9440454e-01  -1.1502123e-01
   7.3013003e+00   1.1724094e+01   5.7451127e+00  -1.8257941e+00   7.4687579e+00   3.8591599e+00   6.2769331e-01  -9.3184619e-01  -5.4903229e-01  -3.3923629e+00  -3.8395463e-01  -3.4165489e-01  -4.3516567e-01   5.2580679e+00   1.8289396e-01  -3.4500909e+00  -1.0667317e+00   3.7749877e+00   2.9947919e+00  -1.8165983e+00   2.6944511e+00   5.8858714e-01  -9.2961695e-02  -8.6137043e-02
   7.2467719e+00   1.5818540e+01   5.9853150e+00  -8.7465307e+00   8.4586948e+00   8.3397625e+00   1.3097367e+00  -2.8298210e+00   5.3225129e-02  -3.5773363e+00  -1.6606103e+00  -7.9411752e-01  -2.4159100e-01   3.9374280e+00  -7.1708939e-01  -6.8658733e+00  -1.3016785e-01   3.1282716e+00   3.5155013e+00   2.0563529e-01   2.3773938e+00  -1.5365419e-02   2.4128719e-01   6.9371024e-02
   8.0620373e+00   1.4419159e+01   5.1204729e+00  -9.8359623e+00   7.4951899e+00   3.8304590e+00   3.5002923e+00  -1.1824761e+00   1.9114666e+00  -3.3675902e+00  -3.0807556e-01  -5.6126920e-01  -1.1824300e+00   2.6326423e+00  -8.0311047e-01  -6.5021754e+00   1.9244823e+00   2.8926064e+00   3.3088735e+00   1.5678034e+00  -3.0805308e-02  -2.0060279e+00   5.1044384e-01   2.9151766e-01
   7.1020875e+00   1.6450287e+01   4.1078248e+00  -1.1998544e+01   9.4046659e+00   8.6469722e+00   3.2300792e+00   1.6674974e-01   1.0732415e+00  -3.8309415e+00  -5.8795064e-02  -5.2236497e-02  -1.1097899e+00  -4.4617422e+00  -1.4584291e+00   2.2853183e+00   3.8302044e-01  -9.9716218e-01   1.8847325e+00   3.2786632e+00  -2.4382187e+00  -1.5396961e+00   1.1899082e+00   5.3886400e-01
   5.5999975e+00   1.5357184e+01   5.4791921e+00  -9.9530505e+00   9.8824958e+00   8.0444647e+00   4.6308323e+00  -7.8426440e-02  -1.1052484e+00  -6.2746022e+00  -4.1919651e-01  -2.7531891e-01  -5.1193788e-01  -5.2657189e+00  -1.4051928e+00   3.0149230e+00   2.0381110e+00   1.7429350e-01   1.4208422e+00   1.1277780e+00  -2.8127304e+00  -7.5353966e-01   4.6035594e-01   1.2571799e-01
   6.8131069e+00   8.6569140e+00   3.6183118e+00  -5.2600091e+00   7.8395725e+00   4.7370164e+00   3.5715655e+00   1.5361488e+00  -2.0957454e+00  -4.4333745e+00   1.7981244e-01  -1.2879667e-01  -3.8370847e-01  -3.1733697e+00  -2.8264779e-02   2.7220729e+00   3.3768109e+00   4.6852741e-01   3.0194973e+00   1.5043693e-01  -3.0669954e+00  -2.5174441e+00  -1.1997015e+00  -2.5486048e-01
   7.4386207e+00   1.0417267e+01   3.2574402e+00  -8.6828453e+00   1.1334903e+01   6.0468771e+00   5.4608125e+00  -1.7550877e-01  -7.2313547e-01  -4.1966832e+00   2.6315460e-01  -3.3441212e-01   1.2398494e-01  -2.1327302e+00  -3.8073333e-01   3.9327734e+00   2.9303353e+00   3.8028110e-01   1.7472136e+00  -9.8703518e-01  -1.3044771e+00  -9.6804093e-01  -1.7058620e+00  -1.1129556e-01
   5.6072132e+00   1.4160191e+01   5.1763036e+00  -8.5505374e+00   1.3743679e+01   1.0348557e+01   7.3443350e+00   4.4094629e-01  -3.7183081e+00  -8.6460671e+00  -2.1995229e+00  -4.0498061e-01  -2.0534736e-01  -3.3726768e-01   5.6277149e-01   4.1371772e+00  -7.1940431e-01  -9.8252515e-02   1.1357280e+00  -1.0852045e+00   1.7305870e-01  -3.4304172e-02  -1.5619159e+00   5.6965098e-02
   6.3889218e+00   9.4064507e+00   4.1290962e+00  -2.4086263e+00   1.1325946e+01   5.8091160e+00   5.3652680e+00  -1.0113779e+00  -2.2506827e+00  -5.6203173e+00  -1.7883218e+00  -3.0417028e-01  -2.4995915e-01   2.7938522e+00   1.6278196e+00  -3.5782527e-01  -3.4693755e+00   2.4474089e+00   2.3989974e+00  -8.9857060e-01  -1.3872586e-02  -5.3416300e-01  -1.5695808e+00   2.5201225e-01
   7.0299354e+00   8.6564205e+00   4.0266410e+00  -2.1913528e+00   6.7649447e+00   4.7085183e+00   5.3229297e+00   3.2627671e-01  -1.0723838e+00  -3.7730137e+00  -1.1373232e+00  -5.8469944e-02   1.3810028e+00   2.8346902e+00   8.6869813e-01  -5.0626000e+00  -5.1583288e+00   7.9660083e-01   1.6268587e+00  -7.1586245e-01   1.9821263e+00   1.0784650e+00   5.2423438e-01   2.9777125e-01
   6.3523209e+00   1.7359930e+01   6.2740009e+00  -1.2399176e+01   9.6202067e+00   1.2538010e+01   1.0070011e+01  -1.4660299e+00  -2.0669065e+00  -7.4344544e+00  -2.6223165e+00  -1.2964908e-01   9.4895328e-01   4.6488735e+00   1.3636221e+00  -8.2408628e+00  -3.6418474e+00   2.3535299e+00   2.7278119e+00   9.7527745e-01   3.9593761e-01  -3.5703280e-01   1.0607857e+00   2.4426517e-01
   7.6970177e+00   1.4435487e+01   5.4068985e+00  -1.1149163e+01   6.8590549e+00   8.1790114e+00   7.4322514e+00  -4.0552141e-01  -8.3700666e-01  -6.1213010e+00  -9.9617400e-01  -4.5584337e-02  -9.0124966e-02   8.2552524e-01   3.8335069e-01  -3.5443672e+00   3.2079936e+00   3.9969800e+00   2.5117177e+00   4.2303406e-01  -2.0771512e+00  -2.2509374e+00   2.2930024e-01  -9.3538331e-02
   7.4788105e+00   1.3490228e+01   5.4844006e+00  -1.0291015e+01   5.8161195e+00   7.6041643e+00   8.4023250e+00   8.1743731e-01  -1.7744649e+00  -4.9817228e+00  -2.6771784e-01   5.5784681e-02  -1.0275442e-01  -8.4145539e+00  -2.3907596e+00   7.4489104e+00   2.2381437e+00  -1.4695860e+00  -2.8151363e-01   5.3104857e-01  -2.7832818e+00   6.4223509e-01   9.7088479e-01  -1.4955277e-01
   6.3315031e+00   1.1829559e+01   4.9964672e+00  -8.5619837e+00   1.3478979e+01   1.3170911e+01   9.9243494e+00  -1.8090580e-01  -4.3343314e+00  -8.3757857e+00  -1.9706722e+00  -2.9149432e-01  -5.2810488e-01  -6.4711694e+00  -2.8803632e+00   5.7790980e+00   3.5553025e+00   3.3007022e-02   4.1341245e-01  -3.7976189e-01  -2.5741991e+00   5.0352127e-01  -8.9606749e-03  -1.2291327e-01
   6.8809466e+00   6.0410629e+00   2.8930770e+00  -2.5193995e+00   9.6674604e+00   7.8376811e+00   8.4016917e+00  -7.8176483e-01  -4.4931668e+00  -5.3438595e+00  -6.7874025e-01  -2.3102324e-01  -1.0841996e+00  -4.7363348e+00  -1.2735182e+00   4.2170878e+00   5.1452665e+00   6.5444490e-01   1.7974289e+00  -8.8184602e-01  -2.3870271e+00  -1.4944843e+00  -1.1676925e+00  -2.1376036e-01
   7.2037924e+00   8.4533151e+00   2.3820155e+00  -6.3663238e+00   1.0266338e+01   8.1117635e+00   8.0526867e+00  -1.7556318e-01  -3.3389544e+00  -5.1849508e+00  -8.0410381e-01  -8.6550278e-02   3.1719722e-02  -2.9073966e+00  -9.5965451e-01   1.3423571e+00   1.2640977e+00  -1.6745680e+00  -1.1554491e-01   1.9384019e-02  -2.0663842e-01   6.9272686e-01  -8.5750480e-02   4.7283372e-02
   5.4163665e+00   8.0738479e+00   4.8813491e+00  -5.0632138e+00   1.5140339e+01   1.1115405e+01   1.2034300e+01  -5.0800302e-01  -5.8526940e+00  -8.8188667e+00  -2.6025408e+00  -3.6732787e-01   2.6912505e-01  -9.5289086e-01  -2.6020370e-02  -7.3862458e-01   6.2290332e+00   1.9186756e+00  -6.9272745e-01   5.0313420e-01   6.2979599e-01  -1.7072255e+00  -1.0333578e+00  -8.8474322e-02
   7.1113727e+00   6.4520721e+00   2.5628494e+00  -5.2765409e+00   1.2638686e+01   9.0201969e+00   7.9347280e+00  -2.8871067e-01  -3.9645254e+00  -5.5991918e+00  -1.1373976e+00  -1.5241695e-01   4.9356119e-01  -3.4002277e+00  -4.1874565e-01   2.0683323e+00   5.0303693e+00   7.4213809e-01  -1.9599267e+00  -3.5900664e-01   1.6857902e+00  -1.3545012e+00  -5.4838271e-01  -3.8239416e-01
   7.3308440e+00   5.6123481e+00   2.7636295e+00  -4.1722278e+00   1.7824837e+01   1.0261478e+01   7.4215799e+00   2.9510220e-02  -3.2356873e+00  -7.6975772e+00  -2.0621300e+00  -3.3080139e-01   5.6766051e-01  -3.3882878e+00  -6.6057340e-01   3.4123700e+00   2.4389080e+00   4.8789449e-01  -1.4582746e+00  -1.6835843e+00   1.5903216e+00   3.6118966e-01   1.9328622e-01  -6.7474783e-01
   6.9868955e+00   4.5837234e+00   2.8127568e+00  -3.7093184e+00   1.6469644e+01   9.6519345e+00   7.4191565e+00  -9.8282976e-01  -2.1187724e+00  -7.7773474e+00  -1.8968833e+00  -6.7840476e-01  -6.2332814e+00  -2.4827441e+00   4.1639107e+00   1.4707033e+00   1.8713166e+00   2.8754418e+00   1.3819885e+00  -5.3696855e+00   2.1143825e+00  -8.2668717e-01  -6.3488666e-01  -6.0492250e-01
   6.3300959e+00   3.9255906e+00   3.7655353e+00  -7.2827007e-01   1.6883222e+01   1.1531378e+01   1.0104674e+01  -2.6863200e+00  -4.3900881e+00  -7.1880044e+00  -1.9328687e+00  -1.1164557e+00  -9.5141727e+00  -3.1327011e+00   4.9477199e+00   3.9487810e-01   1.8854675e-01   2.0837098e+00  -3.1055739e-01  -7.5858366e+00   2.2679986e+00   1.2050730e+00   1.5688085e-01  -1.7571753e-01
  -1.7381754e+00   3.5713347e+00   8.3077626e+00  -4.7924649e+00   1.5916468e+01   1.2698409e+01   8.6661640e+00  -6.9853239e+00  -2.1575128e-01  -7.0940089e+00  -2.1543583e+00  -6.6697353e-01  -9.1214429e+00  -2.6370213e+00   4.2259897e+00  -1.2410915e+00   8.4518732e-01   3.3682423e-01  -2.5846593e+00  -6.6706871e+00   2.4794146e+00   1.7690058e+00   3.9128629e-01   2.3812336e-01
  -2.5778797e+00   1.4194908e+00   7.4377064e+00  -3.0383374e+00   1.8384245e+01   1.1863805e+01   6.3322401e+00  -8.3479977e+00  -7.8520003e-01  -6.2316370e+00  -1.6980713e+00  -6.0009330e-01  -5.9884473e+00  -1.3089578e+00   8.6482772e-01   3.8376498e-01   1.8916062e+00  -1.4228588e+00  -5.2605105e+00  -2.9186873e+00   8.7164144e-01   1.9310408e+00   3.1775447e-01   4.9806114e-01
  -2.2412811e+00   1.8812413e+00   7.3156558e+00  -4.4159220e+00   1.6986913e+01   9.9909575e+00   5.4283843e+00  -8.1580216e+00  -2.0209463e-01  -5.6020223e+00  -1.4273525e+00  -5.7940094e-01   4.1817842e-01   1.9211666e+00  -5.6269030e-01   2.3073889e+00  -3.8816389e-01  -4.6490173e+00  -3.4117878e+00   2.4895838e+00  -1.5866592e+00   2.7162340e+00  -4.3928483e-02   4.7352982e-01
  -2.4010222e+00   2.8072006e+00   5.5588303e+00  -3.4089408e-01   1.9185409e+01   1.0750816e+01   3.8327976e+00  -6.4780021e+00  -3.0894543e+00  -5.0374364e+00  -1.8197398e+00  -4.1315031e-01   6.7634027e-01   4.9120398e+00   2.3985270e+00   1.5964439e+00   3.7129672e-02  -3.0164067e+00  -2.7174153e-01   3.3216395e+00  -1.5462793e+00   1.7317127e+00  -6.4113990e-01   6.4033743e-01
  -1.1993365e+00   5.7592297e+00   8.4031652e+00  -2.6801032e+00   1.4933640e+01   6.2813778e+00   4.7982036e+00  -4.1859459e+00  -1.4436129e+00  -3.6167582e+00  -2.1594167e+00  -5.0150303e-02   1.5008818e+00   4.1462620e+00   2.3111509e+00   1.9537922e+00   1.3563277e+00  -1.4632668e+00   1.7089674e+00   2.6303421e+00  -1.6424279e+00  -3.9491457e-01  -6.5688084e-01   6.2198314e-01
  -2.0843416e+00   6.8485563e+00   1.0491742e+01  -1.5115809e+00   1.9466576e+01   9.1939849e+00   6.2397181e+00  -5.3515763e+00  -2.4838598e+00  -4.6267000e+00  -2.2937490e+00   9.5787523e-02   3.6654304e+00   3.1382824e+00   8.7106412e-01  -1.4503009e+00  -1.3397803e+00  -1.3732092e+00   2.7451600e+00   8.2509168e-01  -7.0438139e-01  -1.5335752e+00   7.3644603e-02   4.2605225e-01
  -1.4829879e-01   6.0799564e+00   8.3159261e+00  -8.9989020e-01   1.8880821e+01   8.5744729e+00   6.7883752e+00  -4.7757214e+00  -2.9685337e+00  -6.3997624e+00  -2.1756692e+00   9.9104861e-02   3.5482051e+00  -3.4565711e-01  -1.2716951e+00   2.0928612e+00   2.3421683e+00   2.9030874e+00   1.2835403e+00  -1.3339744e+00  -3.2613328e+00  -3.5309496e+00   8.3035926e-02   1.0400734e-02
   2.5716045e+00   7.3542609e+00   6.9090461e+00  -3.4064519e+00   1.5202148e+01   7.5444548e+00   6.9554519e+00  -4.9454768e+00  -3.3835660e+00  -5.9462971e+00  -1.7011467e+00   1.5130048e-01   5.1826930e+00  -1.0215125e+00  -5.3077245e+00  -3.1580355e-02  -2.8459037e+00  -1.1992366e+00  -1.0686734e+00   1.3819188e+00  -6.7349434e-01  -5.0980779e-01   2.6280159e-01  -3.8159763e-01
   1.7949982e+00   4.9878917e+00   8.2869706e+00   1.4066241e+00   2.0579106e+01   1.1460774e+01   6.3656472e+00  -6.3899573e+00  -5.8857590e+00  -8.2533841e+00  -2.3311640e+00  -6.2305680e-02   3.6495624e+00  -5.8203554e-01  -3.9663709e+00   1.0302106e+00  -7.3488997e-01  -5.0879154e-01  -1.2995408e+00   1.4815364e+00  -1.2073740e-01   7.9817611e-01  -1.7001192e-01  -3.9213205e-01
   4.7180494e+00   5.8623199e+00   2.5446332e+00  -2.7122086e+00   1.4348578e+01   5.9519795e+00   4.8480721e+00  -2.4715802e+00  -2.0354886e+00  -4.4646008e+00  -1.8217993e+00  -3.9590365e-01   1.8287055e+00  -9.1941307e-01  -2.6394406e+00   8.0265532e-01  -8.3989411e-02  -3.9910281e-02   4.6695338e-01   3.1174045e+00   2.1605032e+00   1.0394020e+00   1.0735102e-01  -2.8711366e-01
   4.2528224e+00   5.9528737e+00   4.5485761e+00   2.9830401e-01   1.8205271e+01   8.6075232e+00   5.8927539e+00  -3.7903652e+00  -3.8236784e+00  -5.9433464e+00  -2.3703608e+00  -2.1549115e-01   2.3027771e+00  -1.5704279e-01  -2.0093320e+00  -4.3112486e+00  -3.8064894e+00  -3.3559031e+00   4.6900486e-01   4.2252950e+00   5.1411620e+00   2.5809945e+00   1.2939272e+00  -2.6364486e-02
   4.0857507e+00   5.4926503e+00   4.8190823e+00  -1.6483089e+00   1.6263081e+01   8.9112148e+00   7.8923286e+00  -1.5691661e+00  -1.1738514e+00  -5.5422130e+00  -1.5205217e+00  -2.0277727e-01   2.6101382e-01  -1.4873328e+00   7.1996955e-01  -1.4782849e+00   6.7146026e-01   1.8248899e+00   4.7149585e-01   1.4759751e+00   2.0617185e+00   2.8496745e-01   9.3574812e-01   1.9744618e-01
   5.5653133e+00   4.9371623e+00   4.1357481e+00  -5.5921986e+00   1.3912121e+01   4.9473018e+00   5.5470263e+00  -5.0322173e-01   1.3951653e+00  -3.8430862e+00  -5.4091193e-01  -1.9841560e-01   1.0675026e+00  -2.4499342e-01  -1.3401579e+00  -3.0569997e+00   1.5218823e+00   1.4106706e+00  -1.9344936e+00   1.2440616e+00   1.2885990e+00   4.5813216e-01   3.2900622e-01   2.0909923e-01
   4.4533247e+00   4.1391764e+00   3.8310016e+00  -1.9843847e+00   1.7502343e+01   1.0519425e+01   5.7281797e+00  -1.9011893e+00  -1.5523328e+00  -5.0872797e+00  -1.3329015e+00  -1.0827216e-01   1.1764239e+00   4.9931071e-01  -1.1215538e+00   7.9377682e-01   5.1069324e+00   3.6221423e+00  -2.4886125e+00   1.0294111e-02  -2.9119082e+00  -1.4309722e+00  -1.1483501e+00   4.9019966e-02
   5.6702892e+00   6.2621205e+00   3.0323797e+00  -4.1191577e+00   1.9868463e+01   9.9194240e+00   4.0730880e+00  -1.7582611e+00  -1.7015393e+00  -5.4836148e+00  -1.9706616e+00   5.0905141e-02   2.0377385e+00   6.2496392e-01  -7.4096369e-01   1.1315136e+00   2.4187928e+00   1.8298324e+00  -7.4556288e-01   4.1649802e-01  -2.3045909e+00  -1.0846821e+00  -1.3689644e+00  -1.2472840e-02
   5.7978986e+00   5.5791373e+00   3.6884359e+00  -1.1941641e+00   2.0945308e+01   1.1858367e+01   4.8963789e+00  -9.2620525e-01  -3.9933614e+00  -6.8684070e+00  -2.5281721e+00  -2.5390769e-01   3.0511653e+00   1.6129469e+00  -5.7186865e-01  -1.3225935e+00  -2.4634056e+00  -2.0147864e+00  -1.0496569e+00   7.7716411e-01   7.3326825e-01  -6.0741645e-01  -5.4166453e-01   8.4874472e-03
   7.9496341e+00   5.1546277e+00   3.0955854e+00  -4.2900385e+00   1.5818828e+01   7.0225794e+00   4.8445823e+00  -3.6596671e-01  -8.4120675e-01  -4.5795457e+00  -1.9967232e+00  -1.4430709e-01   2.1009223e+00   1.9394658e+00  -8.8276155e-01  -9.6202717e-01  -4.9312378e+00  -9.6386589e-01   2.1421754e+00  -9.9371344e-02   1.7825224e-01  -5.9044514e-01   3.5455021e-02   2.5072211e-01
   7.8904002e+00   7.1123431e+00   2.9415958e+00  -3.8828346e+00   1.5832053e+01   8.9456678e+00   3.7679472e+00  -1.4315903e+00  -8.8259670e-01  -6.4504390e+00  -2.1323675e+00   2.0651291e-03   9.2920264e-01   1.1870635e+00  -3.4609384e+00  -9.4125537e-01  -2.0296494e+00   1.7979121e-02   1.4611668e+00   7.9413575e-01   1.1232050e+00  -5.1265022e-01   4.0008960e-01   3.1210021e-01
   7.7754219e+00   8.4047163e+00   2.0816574e+00  -4.2178632e+00   1.5028234e+01   9.9299748e+00   7.8505670e+00  -1.6546256e+00  -2.9895433e+00  -6.5782665e+00  -2.1153814e+00   2.9900189e-01  -1.1717939e+00   2.5679235e-01  -2.6041047e+00   3.7635515e+00   9.5763599e-01   1.7101781e+00   1.2025504e-01  -7.4779381e-02  -2.8651244e+00  -1.7898920e+00   5.2269194e-01   6.2323027e-01
   7.2788086e+00   5.7346882e+00  -9.9600772e-01  -2.6421348e+00   1.8296131e+01   1.0431638e+01   5.5851368e+00   9.0932781e-01  -1.2343856e+00  -6.6380219e+00  -1.8687086e+00  -7.4118718e-03  -5.5843620e-01  -1.6403100e+00  -1.6506653e+00   2.6742682e+00  -8.8623139e-01  -8.9528563e-01  -4.6772715e-01   1.8778830e+00  -2.4526120e+00  -5.4667601e-01   1.0786459e+00   5.2216836e-01
   6.4977390e+00   6.2286437e+00   1.1582301e+00   7.3493889e-01   1.6023243e+01   8.8448613e+00   4.1163701e+00  -1.6485949e+00  -4.9629988e+00  -7.1705922e+00  -1.3445148e+00   7.9527683e-01   3.4220585e-02  -2.7477292e+00  -8.0174398e-01   1.5759087e+00  -2.9723612e+00  -1.5606765e+00  -1.6286420e+00   2.1760985e+00  -1.0888631e+00   1.9784977e-01   1.3185281e+00  -2.6416670e-02
   7.6915874e+00   5.7399144e+00   9.2731151e-01  -2.3478334e+00   1.4005202e+01   8.1452961e+00   4.9334549e+00   1.3822189e+00  -3.5747869e+00  -6.9742901e+00  -8.9983189e-01   5.3718020e-01   2.0671289e-01  -7.0811557e-01   1.9396002e+00  -8.3323016e-01  -3.8206186e+00  -8.9450855e-01   1.4487378e+00   3.8750860e-01  -1.6714017e+00  -7.8968774e-01   1.1881712e+00   5.4100016e-02
   7.6203634e+00   4.2805094e+00  -8.2618131e-02  -2.0011508e+00   1.2715157e+01   8.7321311e+00   5.7334449e+00   1.3730766e+00  -3.4526372e+00  -6.1133578e+00  -6.2202758e-01  -1.2919152e-02   8.8115259e-01  -3.7266993e-01  -1.1588911e-01  -2.2897803e+00   1.0508348e+00   3.4765557e-01   1.2037532e+00   8.6779982e-01   1.2429163e+00  -1.0321710e+00   3.6301877e-01  -4.3245627e-01
   7.0275658e+00   5.6465820e+00   2.5338167e+00  -2.5239352e+00   1.4219246e+01   9.1462404e+00   6.9497061e+00  -2.0245033e-02  -4.4966690e+00  -8.3511708e+00  -4.4769547e-01   4.7783614e-01  -6.5455892e-02  -4.5070413e-02  -3.9914056e-01   1.4068024e+00   3.5705456e+00  -2.1136446e-01   6.2053204e-01  -8.3360672e-01  -1.5127136e+00  -9.5545631e-01  -3.2769314e-01  -1.9738520e-01
   8.1514787e+00   5.7163050e+00   1.8114378e-01  -2.6116806e+00   1.7492473e+01   8.8658725e+00   4.9138743e+00   3.5433684e-01  -2.6376834e+00  -8.0304084e+00  -1.0260548e+00   1.7626445e-01   8.7711110e-01   7.2455641e-01  -1.0148060e+00   2.2488775e-01   3.5089441e+00  -1.3365581e+00   9.6692003e-01  -1.0466583e-01  -1.2643238e+00  -8.3159223e-02  -3.1269248e-01  -1.3894289e-01
   7.3278459e+00   4.9544110e+00   1.9671972e-01   6.7635137e-02   1.6972362e+01   7.7613787e+00   6.2740383e+00   6.4117871e-01  -6.2513343e+00  -7.4489493e+00  -1.1893580e+00   1.4651061e-01   2.5344587e-01  -6.8302448e-01  -9.0301671e-01   2.5221210e+00   1.4031072e+00   3.5417646e-01  -4.4937039e-02  -1.9915673e+00  -1.9194287e+00   1.5878564e+00  -4.3571381e-01  -3.4168278e-01
   8.7858900e+00   5.7134296e+00  -4.3627863e-01  -2.9596044e+00   1.6602015e+01   7.4197248e+00   7.5216589e+00   8.8536603e-01  -4.4717903e+00  -6.6892073e+00  -7.2023505e-01  -5.5670719e-02  -7.1152287e-01   6.5868104e-01   2.3703372e+00   8.2011672e-01   1.3935605e-01   2.6167682e+00   2.0499700e+00  -4.3698594e+00  -2.8886988e+00   2.0367789e-01   3.0842340e-04   4.9360626e-02
   7.0905289e+00   4.6234830e+00   1.4880029e+00   1.4332081e+00   1.6769135e+01   1.0400579e+01   5.5784082e+00  -3.2731106e+00  -6.4587586e+00  -6.6399867e+00  -1.2541761e+00   8.1279561e-02  -3.3836623e-01  -1.2142935e+00   1.3667445e+00   1.2853273e-01  -1.7907457e+00   2.6899789e+00   1.1246582e+00  -2.7571509e+00   6.1091175e-01   1.4008777e+00  -2.0562274e-01  -2.0930533e-01
   7.2028529e+00   6.8697906e+00   3.0910080e+00  -2.0642920e+00   1.7803120e+01   1.1471425e+01   8.3366443e+00  -4.2433076e+00  -6.8670193e+00  -8.1293729e+00  -9.9318314e-01   2.8292092e-01   6.2580333e-01   2.0865714e+00  -2.5058772e-01  -3.9418036e+00  -4.3659731e-02  -1.1196293e+00  -1.5113970e+00   6.9068296e-01   1.1131857e+00  -1.0473150e+00   9.8465801e-04   5.2331476e-01
   7.6118151e+00   2.5547902e+00   4.8319313e-01  -1.8722196e-01   1.3685691e+01   9.7704971e+00   7.5535329e+00  -9.3021081e-01  -4.1373521e+00  -4.6275500e+00  -1.3613180e+00  -3.3674320e-01   1.8947436e+00   3.5380162e+00  -2.7883719e+00  -6.9401559e+00   2.1323886e+00  -2.5235270e+00  -1.1528547e+00   4.0734105e+00   2.7486037e+00  -1.4615363e+00   3.2396214e-01   4.6432904e-01
   9.4639519e+00   9.8776331e+00  -3.0975534e-01  -8.0620947e+00   1.8078248e+01   6.0553218e+00   4.2670011e+00   7.4994060e-01  -3.9627149e+00  -9.2663981e+00  -6.6518708e-01   9.3831280e-01   2.3291597e+00   1.7009661e+00  -3.1763022e+00  -5.4841965e+00  -1.3143139e+00  -2.8549592e+00  -9.7403363e-01   2.9138118e+00   2.7824387e+00   4.6823505e-01   4.1778639e-01   4.4304146e-02
   8.8020948e+00   8.4265861e+00  -9.9417338e-01  -5.9781244e+00   1.9830155e+01   9.3233399e+00   5.8839477e+00   3.4038112e-01  -3.7880052e+00  -8.2637785e+00  -9.3223089e-01   4.5007717e-01   6.9519019e-01   1.6650986e+00  -4.0182300e-01  -2.4252518e+00   1.6526312e+00   1.2867911e+00   4.1778253e-01  -1.7109701e+00   6.6600211e-01  -1.6424747e+00   9.3382946e-02   7.0750333e-02
   1.0101453e+01   6.4853418e+00  -9.3476204e-01  -7.3951356e+00   1.2759418e+01   7.4125645e+00   7.7103864e+00  -5.0788580e-01  -2.8680348e+00  -5.6089060e+00  -5.8104712e-01  -4.4033053e-02  -2.5542248e-01  -2.6160405e+00   1.1300134e+00   1.5949575e+00  -2.0273931e+00   2.6961642e+00   1.9971007e+00  -3.0541998e+00   1.8085689e-01   1.3355283e+00  -1.9029030e-01  -5.2688419e-01
   8.3358500e+00   6.7485838e+00   1.9296198e-01  -4.1585792e+00   1.8824053e+01   1.1022062e+01   6.4585140e+00  -2.8677528e+00  -3.6856890e+00  -8.9200082e+00  -1.2633136e+00   2.6055522e-01  -6.1224540e-01  -2.9830020e+00   1.8826559e+00   1.3128619e+00   5.6042168e-01   1.4035336e+00   3.0077875e+00  -2.5549850e+00  -2.3746544e-01  -3.8840349e-01  -5.3997976e-01  -4.1248477e-01
   9.3139405e+00   6.7925735e+00   7.9169701e-01  -6.5794310e+00   1.5540209e+01   9.2502069e+00   6.9753690e+00  -2.2272921e+00  -3.7425877e+00  -6.9349908e+00  -7.8508117e-01   2.4274749e-01   2.9852550e-01  -8.6679130e-01  -7.2476785e-02   5.2789418e-01   3.8009072e+00  -1.8076751e+00   7.9024318e-01   8.7103691e-02   8.1433016e-03  -5.2089138e-01  -5.0365325e-01  -1.1876251e-01
   8.2774827e+00   3.7984673e+00   9.6658090e-01  -4.4166838e+00   1.9280392e+01   1.0509819e+01   1.0763138e+01  -2.6323933e+00  -3.7069269e+00  -8.1833414e+00  -1.6401835e+00  -3.1204025e-01   9.6221138e-01   1.8289011e-01  -2.3051947e+00   1.1815970e+00   1.4766257e+00  -3.6054007e+00   1.1928155e+00   1.9041476e+00  -2.0492343e+00   8.5186322e-01   5.1504595e-02  -1.5561016e-01
   1.0578425e+01   6.6602131e+00  -1.4302867e+00  -6.4742420e+00   1.8232609e+01   4.9571736e+00   6.7434393e+00  -4.9491002e-01  -2.8452009e+00  -6.7585765e+00  -1.1480920e+00   6.4120919e-02   1.4533749e+00   2.3667264e+00  -3.4346086e+00   3.6800184e-01   3.9217404e+00  -2.8291880e+00  -1.6628262e+00   2.4276400e+00  -1.2852460e+00  -1.3847401e+00  -1.2044700e-01   3.3989593e-01
   9.1469251e+00   7.0890991e+00  -2.1538383e+00  -2.4387781e+00   1.9692791e+01   7.7604779e+00   8.3637021e+00  -8.7772240e-01  -7.2082338e+00  -7.7304205e+00  -1.0045513e+00   1.1645326e-01   1.8403325e+00   1.8122105e+00  -3.4196451e+00  -6.4671371e-01  -1.8555110e+00  -1.3609926e+00  -3.4723380e+00   1.8695975e+00   1.1811293e-01   1.4607360e+00   1.6031816e-01   2.8444168e-01
   1.1059282e+01   8.6973472e+00  -2.8000062e+00  -7.0163811e+00   2.1216620e+01   6.3810956e+00   5.6808474e+00   5.3683252e-01  -3.9198032e+00  -9.2385615e+00  -1.2835678e+00   5.3834462e-01   7.2058363e-02  -1.9382675e+00   6.0470905e-01   1.2286983e+00  -4.1796940e+00   2.4192451e+00  -1.0410252e+00  -8.2694040e-01  -4.2695013e-01   7.9155354e-01  -1.4002121e-02   1.3292350e-01
   1.0797553e+01   5.4982160e+00  -3.4780270e+00  -5.1156849e+00   1.5005120e+01   7.7563692e+00   6.0859267e+00  -3.4386826e-01  -2.9924563e+00  -4.7522449e+00  -1.3319684e+00  -1.2248959e-01  -3.7295186e-01  -3.8542880e+00   3.0032158e+00   2.2174706e+00  -3.2483868e+00   3.6747670e+00  -1.1885747e+00  -2.1915917e+00  -6.5075816e-01   7.5007544e-01  -1.8986539e-01  -1.0242230e-01
   9.8611982e+00   4.5482534e+00   1.3887126e-01  -3.2927411e+00   1.4306904e+01   8.5880956e+00   6.3207893e+00  -2.0022477e+00  -5.5935148e+00  -7.0603340e+00  -1.0053867e+00   3.8297759e-01  -2.6025302e+00  -5.9835229e+00   2.0787164e+00   6.8081739e+00  -5.5745450e+00   5.4146566e+00  -1.7989681e-01  -6.9570695e-01  -2.1301627e+00   2.1374624e+00  -2.4919021e-01  -6.6434125e-01
   9.1865391e+00   3.3822140e+00   8.8154659e-01  -9.7439226e-01   1.8275069e+01   1.2169128e+01   6.2608691e+00  -2.8955698e+00  -7.3475153e+00  -7.6944211e+00  -1.4284399e+00   4.0503322e-02  -1.4789730e+00  -2.9017214e+00   1.7276859e+00   2.9437677e+00   1.7814087e-01   3.6558569e+00  -2.1145412e+00  -1.0504276e+00  -2.6919298e+00  -1.6290206e-01  -3.8465861e-01  -8.2496880e-02
   7.9609932e+00   7.8006388e-01  -1.8617184e+00   1.1252335e+00   1.1219828e+01   1.2296701e+01   5.3235310e+00   7.6912285e-01  -4.9375179e+00  -4.5612798e+00  -1.6091173e+00  -5.3966372e-01   1.0938271e+00  -6.1601540e-01  -8.7131183e-01  -3.5283829e+00   1.3414642e+00   8.7826531e-01  -1.2589227e+00   8.7749158e-01   5.7901960e-01   1.1475252e+00  -4.7675073e-01  -1.6318929e-01
   9.5291959e+00   3.0297286e+00   1.1379662e-01  -2.9090205e+00   1.6815869e+01   1.1385852e+01   3.4127439e+00  -3.3051950e+00  -7.3583496e+00  -6.2461251e+00  -1.6070910e+00   2.1508575e-01   3.0364185e+00  -2.9754407e-01  -1.6321728e-01  -8.1527890e+00  -1.6332549e-01  -3.7469064e+00  -5.8307141e-01  -4.1499229e-01   2.4980052e+00   1.1363204e+00  -1.8846266e-01   2.0894836e-01
   1.1330610e+01   3.8004730e+00  -7.8422150e-01  -7.6180014e+00   1.7048700e+01   1.0297132e+01   5.8564678e+00  -4.8119773e-01  -4.7195683e+00  -6.0631942e+00  -1.6311872e+00   5.0902444e-02   3.2611964e+00   1.0627485e+00  -6.6718319e-01  -7.1932953e+00   2.2063683e+00  -2.5678306e+00   7.5093979e-01  -1.0346160e+00   1.5130986e+00   1.2951149e-01   3.0765585e-01   1.8532186e-01
   1.2056358e+01   1.4256933e+00   9.7972205e-02  -8.8319584e+00   1.5115645e+01   7.5485533e+00   5.1197936e+00  -2.8928979e+00  -3.7094823e+00  -5.2389833e+00  -1.7000990e+00   5.8642786e-02   8.1038827e-01  -5.8435865e-01  -2.1332315e+00  -1.9020500e-01  -3.6493649e+00  -1.1754892e+00   1.6273402e+00   1.5042250e-01   1.3604947e+00   1.1444583e+00   2.2420103e-01  -1.3666301e-01
   1.1589207e+01   3.1762043e+00  -2.8545810e+00  -6.7032405e+00   1.5379493e+01   1.0363604e+01   5.5964159e+00  -9.8894969e-01  -4.4923036e+00  -4.8705835e+00  -1.1011296e+00  -1.8345945e-01  -2.9214289e+00  -1.0511560e+00  -8.5506141e-01   7.8316565e+00  -4.5223436e-01   3.5899888e+00   7.4222989e-01  -3.2134746e+00  -3.1390037e+00  -1.0047507e+00  -2.0513848e-02  -7.8113877e-04
   1.0615480e+01   2.4653250e+00  -2.0508709e+00  -3.6517085e+00   1.2176426e+01   9.5893820e+00   5.9837802e+00  -2.8256853e+00  -5.4312399e+00  -5.1257430e+00  -1.5358183e+00   1.2727218e-01  -3.3083361e+00  -9.0132187e-01  -1.8994521e+00   8.4131875e+00  -1.9227514e+00   2.5689839e+00   1.1484000e+00   2.0955852e-02  -2.0070262e+00  -7.0687039e-02  -2.1424665e-01  -1.2906877e-01
   7.6689060e+00   1.7039232e+00  -9.9239204e-01   1.5393584e+00   1.7839958e+01   1.4661701e+01   6.5378193e+00  -5.3350160e+00  -8.5671950e+00  -7.6269404e+00  -1.7440984e+00   1.5416036e-02  -5.1605225e-01   6.1811286e-01  -1.6799549e+00   1.9244113e+00  -1.0525987e-01  -2.6258891e+00  -5.9039204e-01  -4.9098050e-02  -1.3173079e+00   8.2654740e-01  -6.8729978e-02  -7.3988693e-02
   9.0540043e+00   8.0985106e-01  -3.6823004e+00  -3.3347659e-01   1.1001285e+01   9.2529809e+00   6.3716919e+00  -6.8843101e-01  -4.6825759e+00  -3.9668354e+00  -1.6999845e+00  -2.3439810e-01   1.6966695e+00   1.9644252e+00  -1.3008641e+00  -3.8609038e+00   2.9271337e+00  -4.3180376e+00   2.2720450e-01   1.8020533e+00  -4.4087069e-01   1.2939150e+00   2.4641516e-01  -9.1910954e-02
   1.1595866e+01   4.9311106e+00  -4.5587986e+00  -5.4757395e+00   1.5809173e+01   6.5929711e+00   4.5168719e+00  -2.1312239e+00  -6.8425975e+00  -4.2102162e+00  -1.1221414e+00  -1.1360734e-01   3.2442623e+00   5.1402011e-01  -2.1110963e-01  -6.7491068e+00  -2.7231973e+00  -6.4227773e+00  -4.2962719e-01   2.4114356e+00   2.0442203e+00   2.2470654e+00   1.6269298e-01   1.0006032e-01
   1.1197004e+01   3.7983692e+00  -2.2189638e+00  -5.9355152e+00   1.7582518e+01   7.1466903e+00   7.3350606e+00  -1.7245013e+00  -6.9548447e+00  -4.8932326e+00  -1.4771740e+00   5.3917443e-02  -2.3608708e-01  -1.0568642e+00   2.4815509e+00  -2.5728850e-01   6.2629218e-01  -2.7715654e-02  -1.5627562e+00  -1.1501696e+00  -1.1815417e+00  -7.8187214e-01  -1.8833654e-01   4.6388798e-01
   1.1463799e+01   9.8069429e-01  -2.0407248e+00  -5.7832824e+00   1.0464545e+01   6.0806799e+00   5.4116942e+00  -1.1998274e+00  -4.3647303e+00  -3.7931436e+00  -1.6114641e+00   2.1348736e-02  -1.4734509e+00  -3.9474273e+00   2.6084396e+00   2.3145553e+00  -2.3368307e+00   3.1061965e+00  -1.4879653e+00   5.8042952e-01   2.8970652e-01  -1.2221422e+00   6.4261390e-02   1.9500566e-01
   8.7659070e+00   1.1997628e+00  -1.2190109e+00  -5.6563788e-01   1.4613037e+01   9.4675530e+00   3.5801466e+00  -2.8793837e+00  -7.6938220e+00  -5.3481798e+00  -1.7378280e+00   3.9395584e-01  -2.1563043e+00  -3.1055897e+00  -3.3109603e-01   2.6536200e+00  -4.0406445e+00   4.9533805e+00  -2.5406197e+00   4.1091881e-01  -1.1389157e-01  -5.3197681e-01   8.6646115e-01  -3.4456362e-01
   1.0601239e+01   3.0927281e-01  -1.1461156e+00  -4.6888453e+00   1.3788668e+01   1.0091835e+01   4.1623809e+00  -6.8313845e-01  -6.0385490e+00  -5.8159559e+00  -8.9542233e-01   8.8819554e-03  -2.7053078e-01  -1.1629440e+00  -1.5340121e+00  -1.6898013e-01   4.2591408e-01   3.4508693e+00  -2.6466742e+00   1.3735738e+00  -1.0907830e+00  -8.5519970e-01   1.1375270e+00  -2.6538469e-01
   8.3938284e+00  -5.2430463e-01  -3.1629124e+00  -2.5023038e+00   9.8594903e+00   1.2571184e+01   4.1487877e+00  -1.3664676e+00  -6.2887726e+00  -4.6797917e+00  -5.3550320e-01  -4.5669460e-01   2.6794170e+00  -2.2818496e+00  -1.3905808e+00  -4.2961465e+00  -1.8853775e+00  -2.9218969e-01  -1.4427927e+00   1.9521736e+00   1.6507749e+00   4.3770041e-01   7.0917511e-01  -1.1542210e-01
   1.1244043e+01   9.8311985e-02  -3.3697922e+00  -5.0684196e+00   1.3480190e+01   9.7051684e+00   1.1573622e+00   1.0407533e-01  -6.7034295e+00  -5.4101372e+00  -5.0633599e-01   4.8596918e-02   2.7563056e-01  -2.5581214e+00  -1.1439562e+00   9.6870872e-01   1.6628589e-01   4.3913432e-01  -6.3259525e-03  -3.0880414e-01   7.5293438e-02  -3.8654098e-01  -4.2551982e-01   2.1481622e-01
   1.2463630e+01  -2.1175312e+00  -2.1930438e+00  -6.8200705e+00   1.1939210e+01   9.2226015e+00   2.9184668e+00  -3.4473007e-01  -4.8852195e+00  -4.8945386e+00  -8.6860849e-01   2.0096521e-01  -5.2776845e-01  -1.2091436e+00  -4.9180292e-01   1.9089174e-01  -3.0977387e-01  -4.8441227e-01   1.4809280e+00  -3.3963776e-01   3.9076746e-01   1.1778575e-01  -2.1482215e-01   2.2433683e-01
   8.9797833e+00  -2.7312960e+00  -3.3469843e+00  -1.0768988e+00   1.2998237e+01   1.2424827e+01   4.7680525e+00  -1.6572134e+00  -6.6273854e+00  -6.2883939e+00  -1.3671494e+00   2.2763756e-03  -3.3065708e+00  -7.1396890e-01  -1.2503830e+00   2.1359903e+00  -4.5775533e-01   2.4272268e+00   3.0072534e+00   2.0988206e-02  -5.5541506e-01   1.0016632e+00   1.8168053e-01  -3.0111647e-01
   8.7343054e+00  -9.2321607e-01  -3.9120208e+00  -4.2117266e+00   9.6358060e+00   1.0484736e+01   4.5648346e+00  -9.9527988e-01  -5.7406434e+00  -4.0639847e+00  -4.2732971e-01  -9.7029093e-02  -1.4138380e+00   1.7002800e+00  -1.1799863e+00  -1.9368342e+00   2.8112800e+00   3.8436362e-01  -2.3454271e-02   1.1434116e+00  -1.0651090e+00   2.2370543e-01   5.8589538e-01  -7.7101415e-02
   8.1488489e+00  -1.5697989e+00  -4.3858783e+00  -3.1686061e+00   1.3945259e+01   1.2714941e+01   4.8450585e+00   4.6083254e-01  -7.1088401e+00  -4.3229194e+00  -4.5445458e-01  -2.5408063e-01   2.8068037e+00   1.0260968e+00   9.1993937e-01  -6.8862996e+00   2.8357534e+00  -3.6974803e+00  -7.1728361e-01   2.1167840e+00   7.2424985e-01   7.3495208e-01   1.1064974e+00   2.1141708e-01
   1.0758341e+01  -1.4785982e-01  -3.4435763e+00  -8.6794681e+00   1.5682619e+01   9.6540898e+00   2.8447824e+00   3.1136441e-01  -6.2421558e+00  -5.5417177e+00  -4.4611283e-01   2.1349159e-01   1.8466480e+00  -1.0062204e-01   1.7203591e+00  -8.4670642e-01   2.4888007e+00  -1.7753587e+00  -1.0090015e+00  -3.1566576e-01  -7.2902408e-01  -4.7745149e-01  -6.6697471e-02   3.2606990e-01
   1.2177971e+01  -1.5798289e+00  -2.2012975e+00  -9.1724775e+00   1.4228460e+01   7.2939299e+00   4.5521531e+00   8.6464046e-01  -5.2902545e+00  -4.4470993e+00   3.0198829e-01   1.6414165e-01  -3.8194158e-01   2.4747747e-01   1.1251905e+00   3.2686648e+00  -1.5234149e+00  -5.7183312e-01   7.1500025e-01  -2.2061885e+00  -1.3167152e-01   1.1000455e-01  -7.2656373e-01   1.1549685e-01
   9.4897163e+00  -1.0691341e+00  -2.4237725e+00  -2.4798505e+00   1.3227406e+01   1.0532204e+01   3.1977851e+00  -1.6706825e+00  -7.7434724e+00  -4.7180720e+00  -9.0559735e-01   1.8296461e-01  -4.9348683e-01   1.3266611e-01   1.2172538e+00   3.2789131e+00  -1.7797351e+00  -6.4448889e-01   1.9802175e+00  -2.9409790e+00  -1.8193931e-01   3.7127504e-02  -8.8372531e-02  -2.5123807e-01
   8.2102487e+00  -7.3794558e-01  -3.2079945e+00  -1.3654177e+00   1.2887743e+01   1.1418135e+01   5.7410576e+00  -1.8574268e+00  -6.5556891e+00  -4.5697354e+00  -1.3145579e+00  -6.5571864e-02   5.6135401e-01   2.8262208e+00   4.7710270e-01  -6.1482096e-01   3.1695468e+00  -9.0131911e-01  -3.1364784e-01  -1.6470266e+00   1.2525752e-01  -2.2438347e+00  -1.1978460e-01  -6.9060687e-02
   1.2001972e+01  -3.6980233e-01  -1.1143471e+00  -7.6646284e+00   1.3683375e+01   6.6252540e+00   5.2206564e+00  -2.7390704e+00  -5.8823475e+00  -5.4247084e+00   2.2960148e-01  -4.8508750e-02   1.5587766e+00   2.9420369e+00   1.4382917e+00  -1.8440180e+00   5.0676111e+00  -3.6158530e-01  -1.7825020e+00  -3.1055931e-01  -1.6889258e-01  -2.4822472e+00   1.4106385e-01   1.1047920e-01
   1.1763875e+01   2.3098364e+00  -2.1403561e+00  -7.5023200e+00   1.8754796e+01   7.8954261e+00   3.0702457e+00  -1.0717055e+00  -6.0329307e+00  -7.4595332e+00  -4.4528802e-01   1.7628730e-01   1.5652821e+00   3.6899747e+00   1.9173832e+00  -2.2803009e+00   6.3878126e+00  -3.1196370e-01  -3.5124651e+00   5.5513548e-01  -1.5854593e+00  -2.6645002e+00  -2.1761257e-01   3.6367733e-01
   1.0051068e+01   1.8200303e+00  -8.0015411e-01  -2.1774264e+00   1.7895296e+01   1.1751180e+01   1.8594380e+00  -2.5293821e+00  -8.2581904e+00  -6.9965440e+00  -1.1286365e+00   2.2775382e-01  -1.5655963e-01   3.3124193e+00   1.9411968e+00   3.3126248e-01   5.5531687e+00   1.4345765e+00  -4.4052377e-01   4.6185517e-01  -2.1522763e+00  -1.6980757e+00  -7.3543445e-01   9.5974753e-02
   1.1533624e+01   3.7021001e+00  -4.8901614e-01  -7.5294701e+00   2.0363501e+01   8.3872262e+00   2.1529692e+00  -1.1295677e+00  -7.7459565e+00  -7.7805679e+00  -9.6185777e-01   3.4181284e-01   6.5283646e-01   2.4642791e+00   3.2032549e+00  -1.9276864e+00   2.1147075e+00   2.4955399e-01   2.0920458e+00  -4.0069410e-01  -1.2800549e+00  -9.6563045e-01  -1.8738128e-01  -1.0231920e-02
   1.1882258e+01   3.9026948e+00   9.7177816e-01  -7.1541596e+00   2.1208776e+01   8.5312187e+00   5.0185090e+00  -2.0173565e+00  -8.2542490e+00  -7.8113045e+00  -6.1526533e-01   1.2690609e-02   1.3247887e+00   2.2976456e+00   1.8758785e+00  -2.4571191e+00   1.9263427e+00  -6.2585098e-01   2.9721222e+00  -5.2846089e-01   5.6527679e-01  -1.3766292e+00  -2.0904663e-01   9.7337907e-02
   1.1827534e+01   4.9649228e+00   1.7785602e+00  -7.9054831e+00   2.0270118e+01   9.8797378e+00   4.6287789e+00  -1.9287594e+00  -7.9549838e+00  -8.5005986e+00  -9.8304555e-01   2.6847103e-01   5.1754428e-01   7.2956528e-01   7.4611540e-01   1.4560652e+00   1.4148319e-01   1.5449283e+00   1.4739949e+00  -1.1045759e+00   1.8833731e+00  -5.2328941e-01  -4.2139445e-01   6.3194526e-02
   1.1891296e+01   4.6350873e+00   8.7987550e-01  -5.6750986e+00   2.0831502e+01   1.0066148e+01   5.0797164e+00  -2.9224776e+00  -7.3057616e+00  -8.7014725e+00  -1.4316126e+00   4.1043159e-01   3.1502113e-01  -9.6782987e-02  -7.9939694e-01   2.8065264e+00   5.4947057e-01   1.1162831e+00  -6.8892017e-01  -3.9103575e-01   2.8256389e+00  -9.9623982e-02  -7.4836250e-01   1.4432853e-01
   1.2305421e+01   4.4302518e+00   6.7610830e-01  -6.0849028e+00   2.0764363e+01   9.9371541e+00   4.3333578e+00  -2.3338710e+00  -5.3951405e+00  -8.1204180e+00  -1.1857758e+00   2.3773414e-01  -5.4028422e-02  -9.2189391e-01  -8.4989353e-01   3.7920609e+00   2.1932486e+00   3.9486958e-01   1.0884560e-01   6.9303129e-02   2.8391747e+00   9.5390103e-02  -3.5269201e-01  -1.2954036e-01
   1.2115846e+01   4.0248559e+00   3.2390869e-01  -3.8546601e+00   2.1785859e+01   1.0176935e+01   4.1328393e+00  -2.4013543e+00  -5.2957123e+00  -8.1508308e+00  -1.6364439e+00   2.4455184e-01   2.7857957e-01  -3.6899872e-01   1.0773295e+00   9.7638699e-01   1.2862823e-01  -7.1360139e-01   3.8351159e-01   2.0974433e+00   2.4941036e+00   3.2459053e-01   2.8584175e-01  -3.0243348e-01
   1.1634217e+01   3.8871977e+00   7.8170328e-01  -3.1276110e+00   2.3082812e+01   1.0416648e+01   5.2654858e+00  -2.0853664e+00  -4.7012463e+00  -8.6328343e+00  -1.4096679e+00   1.5710037e-01  -6.8515446e-01   1.0275557e+00   3.1188458e+00   9.9487400e-01  -1.4545482e+00  -5.4605914e-01   2.5943443e+00   3.3642593e+00  -2.8883432e-01   1.6812062e-01   3.1994547e-01  -2.0197821e-01
   1.2644767e+01   4.3531163e+00   2.4430722e+00  -5.6891640e+00   1.9865220e+01   8.7559986e+00   5.1889197e+00   9.9435028e-02  -3.9115533e+00  -7.9583786e+00  -8.9090392e-01  -2.9017381e-03  -1.4247111e+00   2.3904640e+00   3.9151815e+00   1.4213747e+00  -4.1097498e+00   3.0260963e-01   1.3239123e+00   3.5771061e+00  -1.0138646e+00   6.0283026e-01  -2.9033069e-02  -1.2674306e-01
   1.1013229e+01   5.8074551e+00   4.2947952e+00  -3.6753398e+00   1.9542860e+01   9.8285337e+00   7.6968341e+00   1.4621233e+00  -6.5204715e+00  -7.9644632e+00  -1.0786276e+00   5.8493615e-02  -1.0807505e+00   2.7210096e-01   2.3037215e+00   2.2033482e+00  -4.2613797e+00   9.3329210e-03   1.2760492e+00   2.5427980e+00  -6.5883819e-01   2.3354945e+00  -4.5587596e-01  -2.3084428e-01
   1.0289273e+01   6.6504231e+00   4.4401350e+00  -1.4487336e+00   1.7391210e+01   1.0924907e+01   4.9030337e+00   1.1905601e+00  -5.9068966e+00  -7.5807709e+00  -1.8455137e+00   1.0374063e-01  -4.4810855e-01  -6.2406166e-01  -2.6083413e-01   2.1454869e+00   8.3050384e-01  -9.2109992e-02   2.9138856e-01  -2.3139641e-02   2.2657917e-01   1.3823896e+00  -4.9631468e-01   3.9775252e-02
   1.1190838e+01   3.1466958e+00   3.2387541e+00  -1.9428040e+00   1.7927747e+01   9.3461936e+00   7.3225027e+00   1.1832681e+00  -4.6918319e+00  -5.3183964e+00  -1.6161770e+00  -2.4248724e-01   6.4267088e-01  -2.7288342e+00  -1.6220727e+00   1.1993995e+00   2.1823969e+00  -7.1062282e-01  -1.2155498e-01  -1.8365447e+00   1.5519883e+00   9.4668069e-01  -1.5315765e-01  -1.0784407e-02
   1.1883800e+01   4.7474035e+00   2.5798415e+00  -3.3372016e+00   2.1918532e+01   8.8590037e+00   5.8131683e+00   2.0415312e-01  -4.4860043e+00  -7.2078275e+00  -1.3666013e+00   2.0725157e-01   1.8266454e+00  -3.2582286e+00  -1.2522183e+00  -1.1101209e+00   1.6861018e+00  -2.6320157e+00  -7.6107009e-01  -1.1703503e+00   3.1795689e+00   7.1639169e-02   3.7641865e-01   1.7890060e-02
   1.1179972e+01   2.6657136e+00   2.7918328e+00  -9.3200661e-01   2.0552795e+01   9.7955512e+00   7.0594343e+00  -7.9949036e-01  -4.9029353e+00  -6.7309139e+00  -1.5478203e+00  -9.4384668e-03   6.9544240e-01  -6.7824949e-01   5.1353744e-01  -9.3386428e-01   2.3235234e+00  -1.5258010e+00  -2.9254089e+00  -1.2721412e+00   2.7742143e+00  -1.0993975e+00   6.5781549e-01   2.4851678e-01
   1.3034675e+01   2.0035714e+00   2.7852682e+00  -3.6193136e+00   1.8607839e+01   6.7522048e+00   3.8929628e+00   4.2641392e-01  -1.0319916e+00  -6.7670534e+00  -1.3150640e+00   1.4051329e-02  -6.6844336e-01  -1.4244137e+00   1.0340615e+00   1.1089389e+00  -1.9335461e+00   1.1456455e-01  -1.7086598e+00   9.9661791e-01   1.3926322e+00   1.7100675e+00   1.6813619e-01  -1.9538073e-01
   1.1658564e+01   3.5012376e+00   3.9063470e+00  -3.2025444e+00   2.3068379e+01   8.1108916e+00   3.8944921e+00  -8.3607410e-01  -2.2575168e+00  -7.1878796e+00  -6.5522235e-01   2.2688805e-01  -5.3981851e-01   1.9234230e+00  -3.9680891e-01  -6.6844983e-01   1.5767432e-01  -9.0174930e-02  -3.1500914e+00   1.7318435e+00  -1.5960461e-01   2.5253612e+00   2.6232888e-01   4.8059548e-02
   1.0641839e+01   2.1930209e+00   3.5736768e+00  -5.3852430e-01   1.7760421e+01   9.8731803e+00   4.8326498e+00   1.7173719e+00  -3.7197652e+00  -4.4142434e+00  -1.5606960e+00  -2.0398279e-01  -1.6407374e+00   2.5653626e+00   4.4319098e-01   1.6935550e+00   3.3056491e+00   1.3413706e+00  -1.8581215e+00  -7.2568077e-01  -2.7237512e+00   2.0135203e+00   4.6673530e-01   5.4139608e-02
   1.1566662e+01   5.4561233e+00   1.8024152e+00  -3.4750760e+00   2.1213015e+01   8.0998010e+00   1.8644538e+00   1.1527959e+00  -3.7984554e+00  -4.1192770e+00  -1.0315110e+00   1.7166791e-01  -1.9035235e-01   7.8475604e-01  -3.4209332e-01   6.4121717e-01   1.2292444e-01  -8.6483868e-02  -1.0605477e+00  -1.0820244e-01  -1.5311235e+00   1.6891745e+00   8.3779234e-02  -2.7129343e-01
   1.0619519e+01   4.8741724e+00   4.5020206e+00  -9.4271531e-01   2.4493994e+01   8.7698060e+00   2.1207997e+00  -1.6565422e+00  -4.3471491e+00  -5.2810743e+00  -4.2681675e-01   1.2287081e-01   1.7194847e-01   1.1790247e-01  -8.5437008e-01   1.9177996e-01  -4.5254107e-01   4.8405109e-01  -5.9993459e-01  -6.5734190e-01  -1.1294833e+00  -3.9963948e-01   4.5536314e-01  -8.7763693e-03
   1.1384195e+01   3.3377959e+00   2.9290351e+00  -2.0386231e+00   1.9885978e+01   8.5328530e+00   3.6595955e+00   6.8857928e-01  -4.2405101e+00  -4.2207025e+00  -1.0964931e+00  -3.4347890e-01   3.8779535e-01  -2.8976747e+00   1.9360365e-01   1.2175058e+00  -1.1220189e+00   2.7354818e+00   5.3830665e-01  -5.0476639e-01   1.0061494e-01  -1.8408507e+00  -3.8998359e-02  -1.4042337e-01
   1.0990995e+01   3.4290383e+00   1.7288117e+00  -9.6908080e-01   1.7745128e+01   1.0382731e+01   3.0351770e+00   9.6346731e-01  -5.1929628e+00  -4.9629899e+00  -8.4516021e-01   4.0426063e-02   1.1275210e+00  -2.2435365e+00  -2.6713152e+00  -5.3611670e-01  -5.1485880e+00   1.9630013e+00  -6.2462356e-01   7.0737332e-01   6.1388925e-01  -7.3534828e-01   2.9692737e-02  -5.3168515e-02
   1.1962617e+01   1.8321783e+00   3.4794251e+00  -1.6356346e+00   2.2904420e+01   1.1396561e+01   2.2147251e+00  -9.1435844e-01  -3.2246261e+00  -7.0395953e+00  -8.8083681e-01   2.2552287e-03  -1.5101456e+00  -2.0485581e+00  -2.8630781e+00   2.6889723e+00  -3.5821840e+00   1.1413387e+00   9.7282833e-01  -5.3054712e-01  -2.0879635e-01   7.6773564e-01  -2.3852457e-02  -9.9792335e-02
   1.2021590e+01   2.2616764e+00   2.1985274e-01  -1.9483846e+00   1.5261891e+01   1.0282454e+01   1.9062996e+00   2.0598661e-01  -3.9342572e+00  -4.9746503e+00  -4.9010579e-01  -1.2974903e-01  -1.2884413e+00  -2.7116171e+00  -9.6160336e-01   2.6465718e+00  -1.3962503e+00   2.4104229e+00   2.0196426e-01  -2.0528573e+00  -1.7027338e+00   9.6151829e-01  -2.4161104e-01  -4.6227258e-02
   8.6036793e+00   8.4863959e-01  -6.1110257e-01   2.4844872e+00   1.5754320e+01   1.0295000e+01   5.6832767e+00   2.7149895e-01  -5.1830574e+00  -3.0632688e+00  -1.3097990e+00  -4.0807986e-01   3.5394202e-01  -2.9428160e+00  -4.4826298e-01  -5.7719453e-01  -6.1526414e-01   1.7175340e+00   4.0590664e-01  -6.9605080e-01  -1.8171783e+00   8.5681314e-01  -2.5223724e-01  -3.9606824e-02
   1.0737802e+01  -1.4661812e-01   2.3316705e+00   9.4071591e-01   1.9225802e+01   1.4549146e+01   1.6038476e+00  -2.7087474e+00  -6.7678478e+00  -5.5088757e+00  -9.9309567e-01   1.7625272e-01   1.9645074e+00  -2.1202768e+00   6.8264274e-01  -4.1699585e+00  -1.2392191e-01   1.9222139e+00  -4.5594502e-01  -8.8866474e-01   3.9735420e-01   2.4263115e-01  -5.6794650e-02   8.6155863e-03
   1.3135424e+01  -1.3778985e+00   1.7511217e+00  -3.9459767e+00   1.9999569e+01   1.1839516e+01   2.9748111e+00  -5.0106765e-01  -4.5335983e+00  -5.4872629e+00  -1.0076977e+00  -2.1015588e-01   3.0280585e+00  -1.9124660e-01  -4.6644116e-01  -5.0200473e+00  -2.1732002e+00   7.1694409e-01  -7.4863053e-01  -8.6035475e-01   1.9260995e+00  -6.1590325e-01   5.7464402e-01  -7.3286799e-02
   1.2702478e+01   1.9453032e-01   6.2704702e-02  -4.9880904e+00   1.2953384e+01   1.2393516e+01   2.5766149e+00  -7.4072720e-01  -3.6629554e+00  -3.3987065e+00  -7.2634840e-01  -2.1578763e-01   9.0448209e-01   1.5115701e+00  -2.1508118e+00  -1.0440853e+00  -3.9637115e+00  -2.3500834e+00   5.1896653e-01  -3.7252731e-01   2.3390198e+00   6.8053348e-01   3.4351366e-01  -1.0054660e-01
   1.2163429e+01   3.9119547e-01  -1.7628140e-01  -2.0811806e+00   1.5630729e+01   1.2448231e+01   4.0739473e+00  -2.0030433e+00  -3.8463544e+00  -5.0422082e+00  -5.8120660e-01  -3.2198988e-01  -1.1105101e+00   1.2367763e+00  -1.2772984e-01   1.9141928e+00  -9.8442665e-01   3.0924700e-01   1.1995498e+00  -1.4000768e+00  -3.0314632e-01  -4.4349832e-01  -6.0447186e-02   7.0548971e-02
   1.2580523e+01   1.2361900e+00   6.9154378e-02  -1.5578101e+00   1.5464655e+01   1.0719664e+01   1.8327293e+00  -2.5165505e+00  -3.6029400e+00  -4.7106028e+00  -6.9107074e-01   8.1349809e-02  -9.0457513e-01   3.1597902e-01   2.4366449e-01   1.1764371e+00   2.5117898e+00  -1.4248027e+00   1.3360053e+00   4.0708422e-01  -7.6708650e-01  -5.1724469e-01  -3.7268623e-01   2.1532145e-01
   1.1530637e+01  -4.3563937e-02   1.5563021e+00  -2.7898276e+00   1.7267294e+01   1.3140313e+01   5.1460785e+00  -1.7132712e+00  -5.0183255e+00  -5.4965622e+00  -1.1160073e+00  -2.5290115e-01  -1.4832537e+00   1.1046626e+00   1.2285258e+00   3.2755869e-01   1.8574283e+00  -6.0835547e-01   1.6234710e-01   6.0862049e-01  -1.8301977e+00   2.6899968e-01   5.1784141e-02   5.9704373e-01
   1.1662012e+01   8.8587856e-01  -4.3809032e-01  -2.8691112e+00   1.5902787e+01   9.9102711e+00   4.0445572e+00  -2.7498690e-01  -4.2275997e+00  -3.9473966e+00  -1.0179774e+00   7.2650176e-02  -1.1706494e+00   5.8829944e-02   4.3049322e-01   1.2407075e+00   9.4973483e-01   5.4738643e-01   9.7394760e-01   1.1318835e+00  -7.4945159e-01  -1.9374727e-01  -2.0009346e-01   4.3813606e-01
   1.0397804e+01   2.2233451e+00   1.9201296e+00  -9.3419205e-01   1.8197805e+01   1.1940394e+01   3.2115539e+00  -2.2108943e+00  -6.2793212e+00  -5.0203119e+00  -3.4007707e-01   5.7792553e-01  -2.3763745e+00   2.0647577e-01   5.5728208e-01   4.2749807e+00  -1.3184094e+00   1.8853823e+00  -2.4863537e-01   1.3741072e+00  -4.7588745e-01   8.8321378e-03   1.4022725e-02   2.6317849e-01
   1.1390965e+01   1.9098045e-01   5.3298046e-01  -6.2456662e-01   1.6424001e+01   1.2140703e+01   4.2609130e+00  -5.6991373e-01  -4.0966195e+00  -5.2393489e+00  -1.3791761e+00   3.2314056e-01  -1.0887360e+00   4.6571028e-01   3.2817162e+00   7.5748727e-01   6.6830861e-01   3.0690455e+00  -1.5606881e+00   1.0208373e+00   7.1728909e-05  -1.0039813e+00   2.8758100e-01   2.0241923e-01
   8.1015983e+00   6.1359878e-01   1.9066899e+00   2.5003712e+00   1.5029072e+01   1.4853170e+01   4.6649476e+00   4.9535307e-01  -5.7976467e+00  -4.8373379e+00  -9.1437391e-01   1.6621396e-02  -3.7865095e-01  -4.7107720e-01   3.6952921e+00  -4.3873863e-01   6.3500190e-01   2.4757761e+00  -1.1878096e+00   1.0581863e-01  -1.8171872e-01  -5.3510658e-01   3.3054737e-01  -1.3213920e-01
   1.1177010e+01   2.3893171e+00   4.4912038e+00  -3.4501619e+00   1.8489616e+01   1.3057451e+01   9.7682824e-01  -9.6854634e-02  -4.4683293e+00  -5.5448556e+00  -2.9945745e-01   6.5693108e-01   1.1773445e-01   1.3747576e+00   3.2971941e+00  -3.1683624e+00  -8.3271332e-01   1.9803919e+00  -1.4262595e+00  -1.9837642e-02   1.6777545e-01   1.8819829e-01   1.1015391e+00   5.5921472e-03
   9.9368048e+00   4.1756093e-01   5.4839561e+00  -1.7950234e-01   1.8117501e+01   1.5195684e+01   3.0718818e+00  -2.2886960e+00  -6.3660444e+00  -5.6702184e+00  -3.8411533e-01   2.1282146e-01   7.3259569e-01   5.8782647e-01   1.9923149e+00  -1.8087508e+00   1.8457510e+00   1.1833525e+00  -1.5539615e+00  -1.7549100e+00   1.0768961e+00  -2.2885725e-01   4.9204439e-01   1.7869809e-01
   1.0649964e+01   2.3511358e+00   3.6901385e+00  -4.0371734e+00   1.3630717e+01   1.4940034e+01   2.9180566e+00   7.9235432e-01  -3.5607575e+00  -4.5406112e+00   8.0033340e-03   2.3342875e-01  -7.4858220e-01   2.8022096e-01   6.0036332e-01  -3.2576516e-01   1.4207082e+00   1.3714708e+00   3.3836505e-01  -1.8679006e+00   7.9065410e-01  -4.2901469e-01  -1.0795091e-01   1.2197663e-01
   9.4640151e+00   1.5144292e+00   5.2956949e+00   8.0750699e-02   2.0227149e+01   1.5686908e+01   1.3633911e+00  -2.5816163e+00  -4.6360885e+00  -5.6827459e+00  -3.3003771e-01   4.9641970e-01   1.2056715e-01   1.7592405e-02  -1.9824420e+00  -4.4325833e-01   4.6093533e-01  -8.1162202e-01   9.9651568e-01  -2.1449649e-01   2.2475952e+00   9.8396269e-01  -4.9111033e-01   1.6045371e-01
   1.0290532e+01   2.2612145e+00   5.4858794e+00  -4.0689362e+00   1.9565855e+01   1.4869045e+01   2.3386212e+00  -2.7522453e+00  -4.1473261e+00  -6.1821139e+00  -4.8842263e-01   6.9809691e-01   1.4165481e+00  -8.4096449e-01  -3.8358836e-01  -1.8582883e+00   8.7133796e-01  -2.6592953e+00   2.5271779e+00  -2.4074451e+00   1.5152077e+00   8.2069056e-01  -2.0026758e-01   2.2959378e-01
   1.0297372e+01   4.8891020e-01   1.6124226e+00  -8.2850844e-01   1.5841335e+01   1.4013745e+01   4.8563731e+00  -8.3814087e-01  -2.7013673e+00  -3.3735231e+00  -8.7256784e-01   2.2116794e-01   8.8187069e-01  -1.0364066e+00  -1.9023608e-01  -1.2403621e+00  -1.9506203e+00  -3.8481445e-01   4.4398259e+00  -6.6926311e-01   2.7625167e-01   1.2530572e+00  -8.6574235e-02  -9.8239558e-02
   1.2358108e+01   1.6024485e+00   4.9563921e+00  -6.3699762e+00   1.7130631e+01   1.1787672e+01   4.9623324e+00  -3.6905510e+00  -2.2553066e+00  -4.4641868e+00  -2.1132974e-02   7.1544529e-01  -2.5846429e+00  -7.3793312e-01  -1.3805465e+00   4.7147300e+00   1.3206454e+00   1.9914898e+00   2.5828785e+00   9.9806841e-02  -2.5962020e+00   1.9479669e+00  -5.9613296e-02  -3.1286019e-01
   9.7530332e+00   2.8920217e-01   5.2750844e+00  -6.2927247e-01   1.8518830e+01   1.6650372e+01   6.7112744e+00  -3.1163582e+00  -5.1677207e+00  -4.6621236e+00  -6.9354389e-01   3.4038617e-01  -2.1775357e+00   1.8937393e-01   9.2338174e-01   2.3164310e+00   2.5580212e-01   2.4164120e+00  -1.2443437e+00  -3.6450382e-01  -2.9827244e+00   9.2505247e-01   5.8201847e-01   1.7497886e-02
   6.6857366e+00   1.2541688e+00   1.5837288e+00   2.9035408e+00   2.0208075e+01   1.6537966e+01   5.2854883e+00  -1.4634264e+00  -6.8084524e+00  -2.6158632e+00  -6.6735455e-01   1.6919750e-01  -1.3739778e+00  -1.5647005e-01   7.0301627e-01  -1.4579209e+00   9.8444874e-01   3.6858109e+00  -1.1790231e+00   1.4415969e+00  -6.9693382e-01   1.1049492e+00   1.6200503e-01  -3.5871995e-01
   9.8672535e+00   9.4711095e-01   4.6838269e+00  -1.9906205e+00   1.4686316e+01   1.5263216e+01   2.8282796e+00  -2.4984589e+00  -4.8988811e+00  -2.9101061e+00   3.2357065e-01   5.2053867e-01   2.7109941e+00   1.8982569e+00   7.7614920e-01  -1.1675899e+01  -2.3736432e+00   2.1354931e+00  -4.1133013e+00  -8.1867119e-01   3.8803491e+00   1.9067573e+00   5.5515732e-01  -2.1620875e-01
   1.0240031e+01   1.0387891e+00   6.3065453e+00  -7.8761835e+00   2.0523561e+01   1.8009967e+01   5.1352951e+00  -1.8371053e+00  -3.4351271e+00  -3.6827717e+00  -2.8668270e-01   8.7289122e-02   2.6318136e+00   6.4735009e-01   1.7493915e+00  -8.7996842e+00  -3.3777792e+00   2.9958755e+00  -2.9120456e+00  -1.0798198e+00   2.7773808e+00   7.6029811e-01   5.6401967e-01   3.9870875e-03
   1.2042377e+01   3.2442774e+00   4.0779000e+00  -1.2753259e+01   1.4800622e+01   1.9117612e+01   6.1641899e-01  -4.1575255e+00  -1.0338598e+00  -1.2685335e+00  -5.1143841e-02   5.7027229e-02  -1.4467133e+00   8.5997276e-01  -1.2248084e+00  -6.1587176e-02   8.9572675e-01   6.0047700e+00  -4.9805208e-01  -8.1907823e-01  -2.6898899e-01   3.5629595e-02  -2.2593248e-01  -1.1752387e-01
   9.5458951e+00   1.0766107e+00   4.5107795e+00  -4.9146664e+00   1.5084253e+01   1.9104582e+01   2.0233502e+00  -2.2536227e+00  -4.5748919e+00  -2.2962024e+00   3.6603221e-01   4.0693385e-01   4.8285780e-02  -7.2472106e-02  -1.5822578e+00   3.1301992e+00  -3.0573730e+00   1.8288837e+00   4.0410459e-01  -2.7550171e+00  -1.4737618e+00   3.7197068e-01   6.4524535e-01   2.2390601e-01
   8.0442514e+00   2.2181593e+00   3.7444972e+00  -3.5637598e+00   1.8749560e+01   2.3723064e+01   3.6371739e+00  -3.5188175e+00  -4.7324822e+00  -3.5499464e+00  -3.4168553e-01   1.8443049e-01   6.0143348e-01   4.5942039e-01  -9.3390562e-01   2.3095251e+00   2.1176795e+00   8.5278471e-01   2.0152248e+00  -2.4612793e+00  -1.4129426e+00  -1.9914404e-01  -1.7803341e-02   2.4846784e-01
   1.2311522e+01   1.4431400e+00   4.0998600e+00  -7.7756342e+00   1.3963033e+01   1.8450566e+01   4.2310745e+00  -6.2889850e+00  -3.7964587e+00  -1.9841092e+00   8.2645617e-01   3.5944650e-01   2.1360481e+00   1.1025003e+00  -1.6191534e-01  -2.5815968e+00   5.1894079e+00   9.6112762e-01   1.2668466e+00  -4.0303157e+00   3.7655193e-01  -1.4282586e-01  -7.2634344e-01  -1.8130936e-01
   1.1561714e+01   3.7501434e+00   2.8825013e+00  -7.8584871e+00   1.8537752e+01   2.0723797e+01   2.5353941e+00  -5.8317633e+00  -3.5424904e+00  -1.7232961e+00  -3.0806083e-01   4.5347266e-01   6.0339191e-01   1.1789891e+00  -5.6361108e-01  -4.5950141e-02   9.8103413e-01  -2.3773666e+00  -7.6884643e-01  -1.5010484e+00  -3.1140572e-01  -3.8861932e-03  -2.4741716e-02   2.4113379e-01
   1.0991236e+01   1.9643691e+00   4.6989044e+00  -6.6396980e+00   2.2974269e+01   2.2045907e+01   4.4745100e+00  -7.1426234e+00  -4.6050599e+00  -3.4237663e+00  -7.4029529e-01   4.4872738e-04  -2.0152582e+00   1.2253740e+00  -2.2576171e-01   3.7223525e+00   2.9262046e+00   1.1462861e+00  -1.3694653e+00   8.3649693e-01  -2.0383135e-01  -1.3515193e+00  -5.9803731e-01   5.9943357e-02
   9.6094824e+00   3.7260283e+00   2.5995583e+00  -4.2006531e+00   1.5715493e+01   1.8359344e+01   2.3621865e+00  -5.3435710e+00  -4.7952901e+00  -2.8359471e+00   4.0457763e-01   7.2563006e-01  -7.4372932e-01  -7.1412647e-01   1.8328278e+00   2.5194609e+00   1.6541587e+00   1.0341792e+00  -7.6835058e-01   1.9667840e-01   2.3821175e-01  -1.1587726e+00  -5.4211479e-01  -1.7029304e-01
   1.0264751e+01   3.2932585e+00   3.9026889e+00  -4.0210225e+00   1.9763469e+01   2.1352222e+01   2.2634803e+00  -5.2783358e+00  -3.4758058e+00  -3.4550626e+00  -4.2691902e-01   3.1328284e-01   9.7549938e-01   2.8885495e-01   3.1102640e-01   1.1498220e+00  -2.7603103e+00  -2.8065171e+00  -3.2922910e+00   3.6898761e+00   7.0377238e-01   7.5982452e-01   8.8849366e-02  -1.1603916e-01
   1.0809363e+01   2.0145089e+00   6.0298508e+00  -5.3886336e+00   2.2624390e+01   2.2621908e+01   2.4883831e+00  -6.4688895e+00  -3.7497998e+00  -3.4458069e+00  -1.2779212e+00   4.1616040e-02   2.1147055e+00   1.2633475e+00   7.4484353e-01  -1.0572134e+00   2.9481737e+00  -2.3627827e+00  -1.9049187e+00   3.4956622e+00   5.9401289e-01   3.7244408e-01  -3.5764485e-01  -6.0381440e-01
   1.1854545e+01   3.2534112e+00   3.4502978e+00  -4.3209747e+00   1.5379355e+01   1.5704849e+01  -5.2702484e-01  -1.0451499e+00  -4.0721465e+00  -1.9790996e+00   2.3422816e-01   1.6839700e-01   8.3653736e-01   2.2975917e+00   5.8798418e-02  -4.1665110e-01   2.0196960e+00  -4.0506629e+00  -5.4890871e-01   2.6636208e+00  -1.3362388e+00   5.1153021e-01  -1.6869236e-01  -4.1509146e-01
   1.1986644e+01   5.6409732e+00   3.9430192e+00  -5.6364972e+00   2.2329810e+01   1.7638856e+01   9.0006099e-01  -2.2166705e+00  -3.6061004e+00  -3.0152625e+00  -4.6246323e-01  -1.0764863e-01   5.8897175e-02   2.2145921e+00  -8.6750682e-01   2.1871464e+00  -2.3635830e+00  -6.6073922e+00   7.1130007e-01   1.8573403e+00  -8.4466186e-01   1.1219850e+00   5.9162532e-01  -1.6728969e-01
   1.0930916e+01   4.9264140e+00   5.0343023e+00  -4.5220673e+00   2.2940303e+01   1.7767754e+01   2.2342783e+00  -3.4090140e+00  -5.5520137e+00  -2.9030395e+00  -1.0876865e+00  -2.3472202e-01  -4.0620611e-01   1.3953486e+00   9.8655334e-01   1.8499214e+00   2.4563787e+00  -3.5718142e+00   3.0307972e+00  -2.4340394e+00  -2.1279382e-01   3.5859687e-01  -2.9558115e-02  -1.8905816e-01
   1.1359523e+01   4.4998956e+00   3.9365883e+00  -2.0073676e+00   1.5298542e+01   1.1679367e+01   2.1746816e+00  -2.5009470e+00  -4.2768590e+00  -1.3008596e+00   2.7047417e-01  -7.7589917e-03  -4.4737215e-01   9.9993366e-01   5.7776091e-01   3.4665549e-01   7.0936802e-01  -4.0525494e+00   1.4409408e+00  -2.2811710e+00   1.0075787e+00   1.6094644e-01   1.1501765e-01  -6.0529910e-02
   1.1558796e+01   5.9169729e+00   4.9333433e+00  -3.3606574e+00   2.2579558e+01   1.3326872e+01   3.3818606e+00  -4.5540708e+00  -4.0559580e+00  -2.2984058e+00  -1.7657771e-01  -1.6513506e-01  -3.8424963e-01   1.6721026e+00   2.6556194e-01   7.0579971e-01  -4.3996754e+00  -4.3136392e+00   8.6923577e-01  -1.5614783e+00   1.7948474e+00   6.4750275e-01   7.8348670e-01   1.2957914e-01
   1.1001645e+01   6.6455942e+00   4.8601401e+00  -5.6972189e+00   2.3574235e+01   1.3780473e+01   2.4876810e+00  -5.0658986e+00  -2.8427603e+00  -3.0761597e+00  -7.4549116e-01  -2.3323697e-01  -5.2186729e-01   1.8822883e+00   2.0807342e+00  -1.3942101e+00  -2.4401218e-02  -1.6370132e+00   7.6733037e-01  -1.1372831e+00   1.7553372e+00  -8.7820336e-01  -8.8187802e-02   2.4728343e-01
   1.0533481e+01   6.3617186e+00   4.9708694e+00  -1.6184421e+00   1.2202943e+01   1.0246742e+01   3.3816323e+00  -4.4687556e+00  -3.5767920e+00  -1.0441353e+00   5.9552618e-01   7.2385682e-02  -8.4935826e-01   8.8641882e-01   2.3789568e+00   5.3589427e-02  -1.9769113e+00  -2.1507413e+00   4.2339645e-01  -7.6251919e-01   1.0548359e+00  -6.6556879e-01   1.7254962e-01   2.5457359e-01
   1.1089380e+01   7.1009551e+00   7.0389265e+00  -4.9697904e+00   2.0450247e+01   1.0763913e+01   3.3257914e+00  -4.2495293e+00  -1.8834362e+00  -3.2452999e+00  -2.4785948e-01   2.4440578e-01  -8.1094428e-01   1.3598932e+00   1.4813416e+00   1.5245126e+00  -4.3984762e+00  -2.9892589e+00   8.7317631e-01  -6.5345165e-02  -3.6982922e-01   8.8108901e-01   4.6317780e-01   3.1527791e-01
   1.0240892e+01   7.0189206e+00   7.4123853e+00  -3.6439875e+00   2.1176185e+01   1.1609040e+01   3.5979001e+00  -6.1060343e+00  -2.9533661e+00  -3.2121889e+00  -1.6656913e-01  -2.2096051e-02  -1.0686048e+00   2.0990526e+00   7.4559547e-02  -3.2656532e-02   3.4122689e+00  -2.1502785e+00  -4.8660278e-01   3.0541679e-01   7.3957620e-01  -4.6701532e-02  -3.4161399e-01  -5.0931734e-02
   9.9315233e+00   8.3568330e+00   5.8613944e+00  -2.3976772e+00   1.2489900e+01   8.6154354e+00   3.6893115e+00  -4.3452770e+00  -3.7092171e+00  -6.7049939e-01   3.3032320e-01   2.8692076e-01  -3.1532585e+00   1.4292102e+00  -1.8539490e-01   3.3228838e+00   2.6545550e+00  -9.2576498e-01  -4.1164011e-01  -7.2381290e-01  -1.8759534e+00   2.2763408e-01  -1.8345308e-01  -2.9899558e-01
   9.5095016e+00   8.8823585e+00   5.6714747e+00  -2.9534835e+00   2.1301520e+01   8.0955628e+00   2.4699680e+00  -3.9627565e+00  -1.5545372e+00  -2.4015879e+00  -2.0598614e-01  -2.5269408e-02  -2.2365048e+00   1.5948441e+00  -4.8444905e-01  -1.1981816e+00   1.6900431e-01  -2.1927349e+00  -1.7411998e+00   1.8861037e+00   1.1508773e-01   2.4439473e-01  -2.9871258e-02  -1.0261490e-01
   6.7251871e+00   8.3130515e+00   7.6312894e+00  -3.3071676e-01   2.4369412e+01   1.1132004e+01   3.2722973e+00  -6.4068875e+00  -5.3967807e+00  -3.3091493e+00  -5.0333059e-01  -2.0250091e-01  -2.4899606e+00   2.0804435e+00   1.1652745e+00  -3.5918415e+00   4.3578020e+00   2.9094121e-01  -2.1239600e+00   8.7051816e-02   1.0351649e+00  -1.1408251e+00  -6.2131284e-02  -1.3089920e-01
   8.4893027e+00   9.4330775e+00   5.8007642e+00  -6.4747401e+00   1.5489935e+01   7.0616537e+00   1.1946076e+00  -2.2460735e+00  -1.9369527e+00  -1.5262719e+00   2.0545088e-01   6.8692433e-02  -3.8324650e+00   2.3149320e+00   2.1262386e+00  -2.0007953e+00   1.0726354e+00   1.1522249e+00  -3.0169114e-01  -1.3389239e+00  -1.3845453e+00  -1.4890297e+00   4.1231618e-01   1.2784588e-02
   6.7066818e+00   1.1202139e+01   7.5446614e+00  -6.0248112e+00   2.1932395e+01   9.5688017e+00   1.1410517e+00  -5.0730409e+00  -1.9652620e+00  -2.8193950e+00   3.1407761e-02   4.3591034e-02  -2.0815691e+00   2.0189257e+00   7.2269377e-01  -4.0889943e+00  -4.8089618e+00  -4.4296654e+00   1.1892440e+00   1.1645019e+00   1.5574718e+00  -1.3279613e+00   7.5944870e-01   1.6807266e-01
   3.7700568e+00   1.0910213e+01   8.9041466e+00  -3.1076293e+00   2.4128981e+01   1.0605501e+01   3.0830541e+00  -6.6380657e+00  -5.3471146e+00  -4.8800095e+00   1.4511895e-01  -1.2913850e-01  -3.6629167e+00   1.1775566e+00   2.7364334e+00   1.4205242e+00  -1.6393241e+00  -3.4608959e+00   1.8899134e+00  -1.9576850e+00  -7.5900444e-01  -1.4216263e+00   8.9752104e-01   1.3291714e-01
   5.9624564e+00   1.0602872e+01   7.1636389e+00  -8.1477636e+00   1.2836446e+01   2.7155820e+00   4.1119400e+00  -2.4641386e+00  -1.3554921e+00  -3.6242224e+00   6.6600843e-01   1.4852355e-01  -3.0655012e+00  -1.1663654e-01   2.6877602e+00   2.0204854e+00  -4.8719523e+00  -4.2567859e+00   6.1786914e-01  -1.1154508e+00  -8.0217385e-01  -3.6401941e-01   6.6145298e-01   1.4775353e-01
   3.3670404e+00   1.1499046e+01   1.0095926e+01  -3.2824775e+00   1.7578923e+01   5.2969197e+00   2.5440334e+00  -6.4870521e+00  -3.3803443e+00  -3.2562976e+00   1.2344321e+00   2.1560189e-01  -1.0503799e+00   8.9223153e-01  -1.0229271e+00  -3.7970327e-01  -6.2309219e+00  -5.6593289e+00  -2.2504058e+00   1.9052789e+00   1.7139830e+00   1.2957895e+00  -1.6648805e-01   1.1358143e-01
