   3.3236268e+00   8.0022335e+00   7.4284556e+00   7.4919267e+00   4.6896262e+00   2.7386615e+00   1.4129802e+00   5.5828270e+00   1.9848037e+00  -1.2784626e+00   1.2048182e+00   5.6026347e-01   8.6059163e+00  -7.3333643e-01  -6.9459881e+00  -9.7482177e+00  -3.0310954e+00   4.5746211e+00   1.0324580e+01   8.2761416e+00   2.2674825e+00  -7.3069627e-01  -1.2406024e+00   1.2172398e-01
   4.7726739e+00   6.6729191e+00   6.1146966e-01   1.1698053e+00   5.3217510e+00   6.4575931e+00   1.0052696e+01   9.1900336e+00   3.6354928e+00  -1.9377277e+00   1.3851862e-01   4.9637273e-01   2.1657672e+00  -5.6748034e-01  -6.6175359e+00  -8.0615122e+00   5.6447385e-01   7.2037902e+00   1.2414175e+01   7.5002695e+00   1.9402770e+00   2.6874573e+00  -6.6534128e-02  -4.4822474e-01
   4.1395025e+00   7.0032385e+00  -1.2957890e+00  -3.9329518e-01   5.7234036e+00   1.4763815e+01   1.6669039e+01   1.2337087e+01   5.1123289e+00   2.5167862e+00   8.4085712e-01   4.3382628e-01  -2.2975063e+00   1.5936890e+00  -3.3720187e+00  -1.6760294e+00   3.7056567e+00   7.5329205e+00   8.6777151e+00   2.7016046e+00   2.3669967e+00   4.6249482e+00  -2.6069042e-01  -6.5105055e-01
   1.8485350e+00   9.5304725e+00   2.3297277e+00   7.1846865e-01   5.7298004e+00   1.0842984e+01   1.3729610e+01   1.0009659e+01   3.4844633e+00   2.9980225e+00   1.3046888e+00  -2.8850151e-01  -3.6531817e+00   2.0602171e+00   4.5053519e+00   6.7288564e+00   5.3048419e+00   4.0261261e+00   2.0661891e+00  -1.1171381e+00   8.8712794e-01   2.5989024e+00  -1.2612561e-02  -4.9079248e-01
   1.3394368e+00   8.9639903e+00   1.5112985e+00   5.2035509e+00   1.0044087e+01   1.1845347e+01   1.2591096e+01   9.2254212e+00   5.6108136e+00   3.1910845e+00   2.3069747e-01  -2.3875250e-02   1.4999530e+00   8.8118520e-01   7.7231088e-01   2.0342571e+00  -1.4209822e+00  -2.4131264e-01  -1.3515452e+00  -4.3620619e+00  -1.7237930e+00  -1.6465870e+00  -3.1534521e-01   8.1455278e-02
   6.9293431e-01   8.7828688e+00   5.9659537e+00   8.4646669e+00   1.1118672e+01   1.3956017e+01   1.5190952e+01   9.0701594e+00   4.7169424e+00   1.6234767e+00   4.2467961e-01  -1.0965225e-02   5.6903512e+00  -3.6906616e-01  -6.7427572e+00  -4.7058271e+00  -4.1107123e+00   3.2446453e+00   3.3313677e+00  -2.0224694e+00  -1.4171736e+00  -2.6222543e-01   6.9594440e-01   5.1131394e-01
   6.9672324e+00   8.6988181e+00  -1.9554356e+00  -1.2150087e+00   8.9749421e-01   1.2845330e+01   1.3911051e+01   6.2637440e+00   1.9103998e+00   7.3417860e-01   8.0784388e-01   4.1724106e-01   4.7022040e+00  -3.2754125e-01  -5.2527252e+00  -7.3469115e+00  -3.8184475e+00   2.0979938e+00   4.3177080e+00   1.8006131e+00   2.5735724e-01   1.2895079e+00   1.7114177e+00  -4.7413445e-02
   7.5701639e+00   9.1094594e+00  -6.0510409e+00  -3.1309922e+00   4.1370281e+00   1.5209960e+01   1.8066684e+01   8.4567935e+00   3.2089098e+00   3.8331373e+00   2.0600321e+00   2.5791125e-01   9.4202651e-01   1.2340345e+00  -3.0719981e+00  -4.2744185e+00   4.3325594e-01   1.0889177e+00   7.2372528e-02   2.7000989e+00   2.3336254e+00   9.3672215e-01   9.6604937e-01  -2.5742220e-01
   4.9541280e+00   8.3093831e+00  -3.5929199e-01  -1.8986810e-02   7.8072375e+00   1.4365365e+01   1.7629791e+01   1.2233024e+01   6.7508657e+00   4.0205160e+00   1.9801478e+00  -2.2943365e-01  -4.3803246e+00   2.2345154e+00   6.6298978e+00   5.7619003e+00   8.1132680e+00   6.7315700e+00   8.4626795e-01   1.8207526e+00   1.2923703e+00  -2.0007850e+00  -1.2964283e-01  -2.0082817e-01
   3.1125263e+00   1.0828638e+01   5.5988467e-01   1.4550281e+00   8.3136847e+00   1.4829375e+01   1.3440140e+01   1.0135668e+01   5.7971475e+00   1.3853912e+00   1.2876017e+00  -7.3761172e-02  -7.2702474e-01   1.3703488e+00   4.9491105e+00   1.5802291e+00   2.5746987e+00   4.1220334e+00  -4.0309406e+00  -2.3944076e+00  -2.7935066e+00  -3.1413768e+00  -8.4080643e-01   2.4380168e-01
   2.6255643e+00   1.1191002e+01   4.6839483e+00   5.1348316e+00   1.0979068e+01   2.3132978e+01   1.7493725e+01   8.1554357e+00   2.5548365e+00  -1.0431258e+00   9.9959484e-01   2.8183501e-01   4.1305483e+00  -2.0390622e-01  -4.6848184e+00  -5.9307821e+00  -1.2790740e+00   3.4339833e+00  -1.6557446e+00  -4.9999171e+00  -3.3931057e+00  -1.3182378e+00  -2.4514609e-01   7.5040345e-01
   7.6439087e+00   9.7241732e+00  -1.1489953e+00  -3.3375577e+00   6.4131609e+00   1.7009204e+01   1.2088307e+01   6.9039761e+00   1.1166646e+00   1.6528931e+00   1.2890990e+00   3.6797944e-01   4.4203218e+00  -2.4864428e+00  -4.7607991e+00  -6.5237362e+00  -1.9843142e+00   1.5126013e+00   3.4896794e+00   6.4668075e-01   3.9782517e-01   1.0957762e+00   7.6309878e-01   3.5616351e-01
   8.8842592e+00   8.5557562e+00  -6.5320797e+00  -6.5188670e+00   6.8388884e+00   1.8426426e+01   1.5822091e+01   6.3489940e+00   4.0014486e+00   1.9094083e+00   1.6116800e+00   6.7530121e-01   1.1103954e+00  -7.5479371e-01  -2.7073198e+00  -1.1612743e+00  -1.6793334e+00  -5.8224455e+00  -4.5365826e-02   2.5741227e+00   2.7893504e+00   2.0711903e+00   1.0742626e-01   7.2852625e-02
   6.6136615e+00   8.4165967e+00  -9.7330005e-01  -2.5037269e+00   7.4073032e+00   1.9451553e+01   1.9510476e+01   1.2008910e+01   5.6705791e+00   1.5527884e+00   2.1262073e+00   2.6375099e-01  -4.6738500e+00   1.6102550e+00   5.7461261e+00   8.9315811e+00   1.6475697e+00  -1.2005256e+00   1.8692733e+00   9.9010111e-01   2.9227133e+00   9.4173389e-01  -3.5023972e-01  -2.2816491e-02
   4.8062811e+00   1.0712600e+01   5.3512099e-01   2.9760048e+00   7.9629967e+00   1.3178135e+01   1.3714591e+01   9.4641529e+00   4.4619048e+00   2.1137119e+00   7.4218006e-01   4.4322817e-01  -1.8811797e+00   2.4441429e+00   5.2930271e+00   6.3535796e+00  -3.8048216e-01  -3.0030264e+00  -1.5778743e+00  -3.2206007e+00  -2.0672730e+00   1.0586968e-01  -2.7078667e-01  -4.0234380e-02
   2.6721228e+00   1.1061134e+01   3.9365934e+00   5.3123780e+00   8.3224613e+00   1.7832562e+01   1.5945967e+01   6.8315483e+00   5.2705063e+00   2.9633422e+00   1.1984894e+00   4.4979122e-01   4.1396139e+00   9.3403152e-01  -4.7699973e+00  -3.8467266e+00   5.5247149e-02  -8.3454529e-01  -1.7879389e+00  -4.3353685e+00  -4.3574827e+00  -4.7651184e-01   1.2657854e+00   1.4408035e-05
   8.0332589e+00   1.0899702e+01  -1.0474857e+00  -8.9655013e-01   5.8105861e+00   1.4731382e+01   1.5237535e+01   4.1067737e+00   1.1005756e+00   1.3629360e+00   1.6693590e+00   5.2192953e-01   4.7351894e+00  -1.6167654e+00  -7.3709917e+00  -9.4799618e+00   7.0788690e-01   2.6886353e+00   3.1806440e+00   2.5749453e+00  -2.0170290e+00  -1.6997838e+00   2.2076720e+00  -3.7104213e-01
   1.1209593e+01   9.7240928e+00  -7.3369926e+00  -6.3375392e+00   8.5663793e+00   1.7423112e+01   1.6067096e+01   8.1845468e+00   8.1501979e-01   1.2134086e+00   3.5612959e+00   2.2442193e-01   2.1833007e+00   9.6171858e-02  -2.0213703e+00  -4.3241055e+00  -1.4790922e+00  -2.5797289e+00   3.5414826e+00   4.8175754e+00  -3.7319217e-01  -1.0362421e+00   9.3885023e-01  -3.6141122e-01
   7.6403299e+00   8.9559721e+00  -4.8845735e+00  -5.4189792e+00   8.9028681e+00   1.7415813e+01   1.8424993e+01   1.2650072e+01   3.6641045e+00   4.3900301e-01   2.8722849e+00  -6.5038221e-04  -4.1284882e+00   1.2646818e+00   6.2697543e+00   6.2340348e+00   1.0236258e+00  -9.1201821e-01   2.4903041e+00   4.6815322e+00   2.0963774e+00   7.6167450e-02  -7.9567390e-01  -5.4762998e-01
   6.1435385e+00   1.2177257e+01   2.8230819e+00   1.0874343e+00   4.5576820e+00   1.2620753e+01   1.9664462e+01   9.7862625e+00   3.4289536e+00   1.8709455e+00   2.0053018e+00   1.6896434e-01  -3.0113223e+00   1.7570258e+00   6.1891201e+00   6.4621235e+00   7.7841982e-01  -3.0108429e+00  -3.5897100e+00  -1.2319573e+00  -1.1675934e-01  -1.3864561e-01  -1.6655659e+00  -9.3201353e-02
   4.3735541e+00   1.1570143e+01   3.2771085e+00   4.7420153e+00   9.3503734e+00   1.5764534e+01   1.7174308e+01   1.0328214e+01   2.9381747e+00   1.1484187e+00   1.2538452e+00  -2.7178665e-01   2.8250431e+00   4.9686108e-01  -3.5227496e+00  -3.2390171e+00   2.8248232e+00   1.3291072e+00  -5.7828813e+00  -4.6524584e+00  -1.4217944e+00   5.1444880e-01  -9.2165612e-01   3.8105825e-01
   8.3259979e+00   1.1052546e+01  -2.1341534e+00  -1.7248512e+00   9.5102564e+00   1.3732487e+01   1.1307873e+01   7.4975396e+00   1.0028457e+00   6.5073235e-01   1.8721668e+00   2.2018803e-01   3.0060861e+00  -2.6472895e+00  -8.9654344e+00  -9.5047453e+00   2.2321966e+00   6.3555459e+00   8.9502780e-03  -1.6953051e+00   1.2169259e-01   1.1995626e+00  -4.7443239e-01   3.1140647e-01
   1.0786665e+01   1.0263619e+01  -7.6900802e+00  -8.8713621e+00   1.0663816e+01   1.8853607e+01   1.3928965e+01   6.8157455e+00   2.7444669e+00   1.8207828e+00   1.5563681e+00   5.4532515e-01   1.3038483e+00  -1.1608629e+00  -2.0539753e+00  -6.5511174e+00  -1.6103608e+00   2.4576805e+00   1.9757659e+00  -1.1974619e+00   1.9693796e+00   1.9741440e+00  -3.6669513e-01   2.8748957e-01
   7.4461123e+00   8.8595843e+00  -5.1414753e+00  -6.3629948e+00   7.2492558e+00   2.0609536e+01   2.1300559e+01   8.9995392e+00   3.7083464e+00   3.3341074e+00   1.1423917e+00   2.2751814e-01  -3.1567788e+00   1.4319930e-01   4.5957414e+00   3.4337196e+00   1.1730008e+00   2.0215476e+00   3.9536292e+00  -1.1324394e-01   2.8227445e+00   8.4255778e-01  -8.9980883e-01  -1.7551551e-01
   6.7692693e+00   1.0925329e+01   1.6998064e+00  -2.7655890e+00   8.0653325e+00   1.6012530e+01   1.5141614e+01   7.7810214e+00   4.5394937e+00   2.7679472e+00   1.0686901e+00   1.5578265e-01  -2.4398388e+00   2.0295649e+00   5.0447260e+00   7.1246014e+00   5.2893360e-01  -3.9935379e+00  -2.4322940e+00  -1.9869800e+00   1.3767545e-01  -9.7695325e-01  -5.1074830e-01  -1.3699300e-01
   5.5995274e+00   1.0936490e+01   6.4515404e-02   3.7284150e-01   1.2568999e+01   1.8185346e+01   1.6631992e+01   6.8450357e+00   4.3394489e+00   1.4409868e+00   7.6629261e-01   1.5168602e-01   3.8912323e+00  -1.9035160e-01  -2.5529000e+00  -5.3251534e-01  -7.7025887e-01  -5.2786499e-01  -5.7916955e+00  -2.5898780e+00  -1.9609158e+00  -1.4365566e+00   3.1580955e-01   3.6111004e-01
   8.0501990e+00   1.2269514e+01  -2.7259866e+00  -1.5523782e+00   8.7973444e+00   1.4075395e+01   1.2614807e+01   4.9125271e+00   2.6354288e+00   1.3019132e+00   9.7829523e-01   3.7775171e-01   3.8272924e+00  -3.4118723e+00  -6.6117624e+00  -5.5682765e+00  -3.1707075e+00   3.6429983e+00   2.2493466e+00   7.4702831e-01  -1.1607238e+00   5.4718984e-01   4.8729580e-01   3.6276839e-01
   1.2642496e+01   7.9019648e+00  -6.7579288e+00  -7.7683732e+00   5.7278615e+00   2.0786306e+01   1.3876419e+01   6.5489693e+00   1.7190051e+00   1.9122895e+00   1.6613035e+00   6.5819867e-01   1.0154764e+00  -1.8085309e+00   5.8049381e-01  -4.1857290e+00  -5.7859779e+00   6.9588938e-01   2.2808582e+00   2.0593312e+00   3.1081945e-01   2.3939793e+00   3.2431559e-01   2.9847268e-02
   8.9887237e+00   7.3247835e+00  -4.8066151e+00  -7.0473963e+00   6.7298401e+00   2.0176548e+01   1.9893421e+01   9.0495971e+00   4.1086300e+00   3.3530806e+00   1.3521283e+00   4.4667891e-01  -4.0862549e+00   2.8211757e-01   6.9676271e+00   4.3908142e+00  -1.3364407e+00   8.2892642e-01   3.7521465e+00   3.2114409e+00   2.0109700e+00   1.8902865e+00   5.2592004e-02  -6.1617927e-01
   6.6534798e+00   1.0696059e+01   1.9755704e+00  -3.1582429e+00   4.9237845e+00   1.6178604e+01   1.6413973e+01   7.8654975e+00   4.0690775e+00   4.0063720e+00   1.0658494e+00   1.6199333e-01  -4.8172073e+00   3.0579651e+00   7.7014696e+00   7.7536012e+00   2.7317990e-01  -4.5082598e+00  -3.0487054e+00   1.7625809e-02  -4.4751849e-01   3.7459462e-01   8.0766505e-02  -5.5954904e-01
   4.9153247e+00   1.1295643e+01   3.3587044e+00   2.7287780e+00   7.1947219e+00   1.7622636e+01   1.6974250e+01   9.0714243e+00   4.4768476e+00   3.0903016e+00   1.3549102e+00  -2.9841452e-01   2.1637536e+00   8.1736740e-01  -1.4510106e+00  -1.7616373e-01  -1.6321912e+00   8.9312306e-02  -4.6803361e+00  -3.4741715e+00  -3.0395229e+00  -1.3050858e+00   8.3354688e-01   8.8409854e-02
   7.4533845e+00   1.0503483e+01   7.1161578e-01  -1.0260585e+00   5.9051905e+00   1.5300872e+01   1.0762947e+01   6.5644944e+00   8.6361860e-01   2.6055709e+00   1.7810623e+00   1.9142181e-01   4.2126650e+00  -1.4863461e+00  -9.5721506e+00  -6.2262375e+00   5.1271839e-01   3.1233512e+00   1.9078767e+00  -1.0740794e+00  -1.3000644e+00  -1.8530937e+00   1.0071708e+00   5.1823210e-01
   1.1834402e+01   8.6471225e+00  -6.3511537e+00  -8.3777341e+00   3.7908503e+00   2.0749382e+01   1.5698430e+01   4.4888413e+00   1.1520751e+00   2.0958526e+00   2.2448422e+00   5.6457944e-01   1.6849649e+00   5.6172761e-01  -5.7176394e+00  -6.0297364e+00   9.7660158e-01  -1.2214727e+00   1.8036391e+00   1.2252934e+00   1.1658217e+00  -1.0210359e+00   7.6579327e-01   4.1431724e-01
   9.5129387e+00   9.7907997e+00  -7.5277264e+00  -6.9443431e+00   7.3947978e+00   1.9300257e+01   1.9913698e+01   8.5456699e+00   3.7813672e+00   1.7239560e+00   2.1316396e+00   5.0784449e-01  -2.4696147e+00   2.2897578e+00   1.7039280e+00   9.1725289e-01   4.1112919e+00  -1.4577697e+00   3.7880873e+00   3.2024774e+00   4.3985151e+00   1.1082483e-01  -9.8653290e-02  -3.2855741e-01
   6.4129949e+00   1.2494576e+01  -1.0980835e+00  -3.3566843e+00   7.9148206e+00   1.3790734e+01   1.5104333e+01   9.9187767e+00   4.7667058e+00   1.9995553e+00   2.3283115e+00   1.6485000e-01  -2.9260256e+00   1.9871822e+00   7.7340197e+00   5.6517104e+00   2.6410236e+00  -5.8976409e+00  -2.5998439e+00   7.1327480e-01   1.6250460e+00   1.4257199e-01  -7.8532039e-01  -4.7400298e-01
   6.4596659e+00   1.2014393e+01   6.4097263e-01  -2.1607041e+00   1.0010143e+01   1.6593542e+01   1.6742126e+01   8.6532429e+00   5.6540760e+00   2.8199568e+00   1.5913477e+00  -1.0154958e-01   2.8861413e+00  -8.7964128e-01   1.2251537e+00  -3.5986611e-01  -3.1648899e+00  -1.1113561e-01  -2.3887452e+00  -4.1147862e+00  -2.3224033e+00  -5.7881023e-01  -1.9053542e-01  -1.2067923e-02
   8.9719998e+00   1.0516099e+01   1.1655264e+00  -2.2919880e+00   6.4447130e+00   1.3256278e+01   1.3384450e+01   5.5049670e+00   2.6532896e+00   1.7617102e+00   1.3370076e+00   1.5827200e-01   4.3421513e+00  -3.2538854e+00  -6.2205523e+00  -4.3010684e+00  -3.2664132e+00   4.6786648e+00   3.2180538e+00  -1.9217704e+00  -2.1476179e+00  -8.0862401e-01   1.4132891e-01   1.9970581e-01
   1.2562648e+01   9.4605761e+00  -6.8218008e+00  -8.0164904e+00   3.3825168e+00   1.9400782e+01   1.7190521e+01   4.5803954e+00   1.3544704e+00   9.7466323e-01   2.3414884e+00   4.9303161e-01   7.0890876e-01  -1.3599431e+00  -3.1455601e+00  -2.5072426e+00  -1.4023963e+00   8.1794041e-01   1.4460081e+00   1.1559416e+00   9.2058668e-02   4.2339497e-01  -1.0248802e-01  -4.0653664e-02
   9.8747308e+00   8.8906561e+00  -6.6975253e+00  -6.8803937e+00   6.3290140e+00   1.9405111e+01   1.9707216e+01   9.0725449e+00   3.6950817e+00   1.7092660e+00   2.1652345e+00   1.6711812e-01  -4.0584465e+00   4.8115100e-01   1.4892824e+00   2.7234875e+00   5.5450737e+00   3.5023998e+00   5.1190116e-01   2.4179635e+00   3.5195908e+00   7.5793591e-01  -6.2941371e-01  -4.1117403e-01
   7.0716636e+00   1.0787200e+01  -1.4584174e-01  -3.6273652e+00   7.9643983e+00   1.4746036e+01   1.5749755e+01   8.6033663e+00   5.2712679e+00   3.4812713e+00   1.0235022e+00  -1.6695313e-01  -4.7898739e+00   2.3582454e+00   7.6981921e+00   6.5632137e+00   3.2178720e+00  -1.7943135e+00  -6.6698594e+00  -4.9701278e-01   2.4702498e+00   2.1538675e-01  -6.3665019e-01  -5.0044622e-01
   5.6298224e+00   1.0574514e+01   6.1470403e-02  -4.0131929e-01   1.2471383e+01   2.0837251e+01   1.4872685e+01   7.1204269e+00   5.9742770e+00   1.6453100e+00   1.0518801e+00  -1.2849667e-01   1.2406160e+00   3.0009358e+00   1.2387293e-02  -1.8996072e+00  -1.6926751e+00   6.5962858e-01  -5.2166134e+00  -3.8964067e+00  -1.8766072e+00  -1.0622489e+00   5.6175714e-01   1.8026869e-01
   7.5002916e+00   1.2156015e+01   1.3459894e+00  -1.4112070e+00   5.1381403e+00   1.5993242e+01   9.6029979e+00   4.8109353e+00   3.9202474e+00   1.3297214e+00   1.9431903e+00  -1.0983032e-01   3.8952637e+00  -1.3957731e-02  -6.1834153e+00  -7.6298699e+00  -2.9934748e+00   3.5104240e+00   2.3916506e+00  -2.5536751e-01  -2.1498665e+00  -7.3208810e-01   9.3963616e-01   3.3945669e-01
   1.1521341e+01   1.2707652e+01  -7.4248599e+00  -1.0837884e+01   5.2031303e+00   1.9770951e+01   1.4955674e+01   5.1241504e+00   1.5556812e+00   1.1916676e+00   2.5480262e+00   4.0895975e-01   2.3394955e+00  -5.1404199e-01  -2.3713911e+00  -5.2061958e+00  -5.2935530e+00   3.0158623e-01   3.3225158e+00   1.5631213e+00   8.6504600e-02   2.1546976e+00  -2.4969196e-01  -3.9881155e-02
   9.9687999e+00   9.6996941e+00  -5.6777995e+00  -9.8538879e+00   7.1083123e+00   2.0544821e+01   1.9295736e+01   9.2184533e+00   4.2557661e+00   2.6099603e+00   1.6848834e+00   7.3503693e-02  -1.5529011e+00  -1.9938279e+00   5.5476066e-01   6.4871709e-01   2.8128916e+00   2.3979248e+00   5.0650599e+00   2.7374159e+00   1.5623392e+00   1.7909283e+00  -1.2545261e+00  -9.5570079e-02
   7.9048115e+00   1.1031612e+01   1.6278239e-02  -3.9892726e+00   3.5459674e+00   1.9013840e+01   1.5010089e+01   7.2613498e+00   5.9362746e+00   4.2372369e+00   8.0649561e-01  -2.7998541e-01  -3.9356560e+00  -7.6109514e-02   6.8032216e+00   6.6567150e+00   3.7684044e+00  -4.7506123e+00  -2.5109922e+00  -4.4755145e-01  -7.0388273e-02   8.3236439e-01  -7.8602199e-01  -2.1587993e-01
   6.9792045e+00   1.0003294e+01  -1.5424387e+00  -3.8624368e+00   1.0186059e+01   1.9968684e+01   1.7173380e+01   7.8484594e+00   4.0734596e+00   2.4933291e+00   9.3216640e-01   9.1287144e-02   6.0195225e-01   4.9577072e-01   6.6653926e-01   2.9245086e+00   1.7032709e-01  -5.0639141e+00  -3.4428429e+00  -1.8760781e+00  -3.6661252e+00  -2.3037159e+00   6.4002124e-01   3.4035843e-01
   7.1126543e+00   1.2441688e+01   7.1229204e-01  -3.8485366e+00   9.3168634e+00   1.2933102e+01   1.2250364e+01   5.1378201e+00   1.5412521e+00   2.4985298e+00   1.7453517e+00   7.6248130e-02   2.3103755e+00  -4.0141245e-01  -4.2062390e+00  -2.0618238e+00  -6.2870687e-01  -1.6742922e+00   2.7638822e+00   2.0783491e+00  -2.2753181e+00  -3.1829467e+00   5.7031301e-01   6.1358842e-01
   1.1267807e+01   9.7383119e+00  -5.0259976e+00  -5.5374930e+00   4.4783550e+00   1.5989320e+01   1.5511335e+01   7.4661011e+00   9.5408955e-01   2.3740086e-02   2.1754872e+00   4.0592457e-01   1.0953095e-01  -1.8532029e-01  -9.3227492e-01   1.5242074e+00  -3.4468832e+00  -1.9002957e+00   1.2491999e-01   4.0865934e+00   1.9449536e+00  -4.6124047e-01   1.8188090e-02  -9.1286165e-02
   9.2260735e+00   1.0561984e+01  -4.5513008e+00  -6.2444801e+00   5.4567592e+00   1.8492084e+01   1.9986935e+01   1.0570053e+01   4.0829824e+00   6.9761134e-01   1.0403047e+00   4.8307851e-01  -2.1043722e+00  -2.1274755e+00   3.6956577e-01   2.7232379e+00   1.0899701e+00   4.5266810e+00   1.7134369e+00   4.4318869e+00   3.8629954e+00   8.5544424e-01  -1.0262431e+00  -1.9203407e-01
   6.0867914e+00   1.0665165e+01  -3.0905464e-01  -3.7815391e-01   6.9457865e+00   1.4338750e+01   1.3492475e+01   1.1262233e+01   5.7200249e+00   2.7019276e+00   1.3119720e+00  -2.4905729e-01  -3.2908169e+00   5.1157019e-01   4.5638875e+00   3.9801497e+00   2.3730608e+00   6.6473922e-01  -4.3954144e+00  -2.0638268e+00   1.5048400e+00   1.7851610e+00  -8.2516840e-01  -1.5587714e-01
   6.5466039e+00   8.7870481e+00  -1.0918308e+00  -2.3433493e+00   9.7181027e+00   2.0548408e+01   1.5829949e+01   9.8875843e+00   4.9527775e+00   2.4426024e+00   6.3774471e-01   1.1568796e-01   2.6393230e+00   2.6812640e-01  -1.4164687e+00  -1.3797224e+00  -7.3326481e-01   5.3878497e-01  -3.5009407e+00  -5.9956645e+00  -3.2776173e+00   3.4397780e-01   4.6447366e-01   2.1215350e-01
   7.6713164e+00   1.1393135e+01   9.0098613e-02  -1.5178339e+00   5.9072745e+00   1.5958267e+01   1.0996706e+01   4.7115950e+00   2.7764521e+00   1.8289861e+00   1.1390146e+00   3.5580413e-01   5.2054823e+00   2.4778318e-01  -7.6230078e+00  -4.2855329e+00  -1.8401196e+00   2.0690624e+00   4.3255776e+00  -2.6842841e+00  -3.0274132e+00  -1.3953431e+00   1.1116974e+00   3.1362228e-01
   1.2392796e+01   1.0600188e+01  -6.8755805e+00  -7.7442238e+00   4.8761180e+00   1.8490503e+01   1.5983409e+01   4.8518750e+00   6.3834293e-01   1.6500488e+00   1.8234939e+00   4.9887804e-01   1.0771217e+00   1.4935846e+00  -3.1212548e+00  -3.4021828e-01  -2.5066300e+00  -1.6137356e+00   2.6226542e+00   1.4045376e+00   1.8544585e-01   7.4740276e-01   8.4299520e-01  -2.4244370e-01
   1.0971919e+01   1.0130270e+01  -8.8516915e+00  -4.1060160e+00   6.6065995e+00   1.8471296e+01   1.9904111e+01   9.7536618e+00   3.3361223e+00   1.0051899e+00   2.3866435e+00   2.9781086e-02  -4.3013490e+00   7.6795175e-01   3.9523852e+00   4.6086408e+00   2.1602158e+00  -2.1009422e+00   2.9540693e+00   3.7794033e+00   4.1745136e+00   2.1034459e+00  -6.7119545e-01  -3.0304886e-01
   6.5119852e+00   1.1658858e+01  -1.3028178e+00  -1.5595857e+00   5.6084951e+00   1.6871290e+01   1.5310228e+01   9.4733573e+00   4.9511111e+00   3.9756047e+00   1.2784231e+00  -8.4966075e-02  -6.0710521e+00   1.4997373e+00   9.7268417e+00   9.1920121e+00   3.4097191e+00  -8.7748923e+00  -4.0436793e+00  -1.8376861e-01   2.6364043e+00   8.1308923e-01  -1.5448094e+00   6.5200829e-04
   4.1596981e+00   1.2015728e+01   3.2322951e+00   2.3028082e+00   8.7814096e+00   1.3616460e+01   1.5764400e+01   8.0699588e+00   6.8818384e+00   3.8213771e+00   4.0475687e-01   1.9315289e-01   8.0688580e-01   9.7238824e-01   3.7645053e+00   3.0101390e-02   1.1784354e+00  -5.9803217e+00  -2.4712251e+00  -3.3061214e+00  -2.4205743e+00  -1.8493139e+00  -6.2194431e-01   5.7111185e-01
   6.6923278e+00   1.1907065e+01   1.6726888e+00   2.8393822e+00   8.9032916e+00   7.7555826e+00   1.1987745e+01   5.4180736e+00   2.8200914e+00   1.4615890e+00   4.9722311e-01   4.1817015e-01   4.2874858e+00   2.2967660e-01  -4.8123987e+00  -6.5487969e+00   8.3579698e-01   8.9320583e-01   3.5229103e+00  -5.2508669e-01  -3.1443834e+00  -3.8526075e+00   6.4410236e-01   3.7447735e-01
   1.2092076e+01   1.1464748e+01  -4.6926869e+00  -6.2603479e+00   6.7268544e+00   1.4058667e+01   1.7858515e+01   6.8221215e+00   7.7077080e-01  -5.1177317e-01   1.8443270e+00   6.3488074e-01   2.2716568e+00   1.3709423e+00  -4.4899387e+00  -5.3037648e+00  -3.3976695e+00   3.9743733e+00   3.5429185e+00   1.2452252e+00  -1.2854549e+00  -1.9307956e+00   1.5730678e+00  -6.8599312e-02
   8.9770248e+00   1.2278862e+01  -4.5589249e+00  -7.1012029e+00   7.8894682e+00   1.7989995e+01   1.9547536e+01   9.3096459e+00   3.2900699e+00   3.6326859e-01   1.5247916e+00   2.5588603e-01  -3.5854551e+00   4.4637118e-01   1.4931216e+00   1.8596401e+00  -1.9513683e+00   6.1594664e+00   3.6926327e+00   1.8242166e+00   1.9922668e+00   6.6605347e-01   5.5425859e-01  -1.2964058e-01
   6.4248348e+00   1.3886243e+01  -3.8680620e-01  -6.8254636e-01   4.1918170e+00   1.4460813e+01   1.7298883e+01   7.9920105e+00   4.7186668e+00   1.4743439e+00   2.2505743e+00   1.7139599e-01  -5.6142941e+00  -3.2165359e-01   7.9906649e+00   8.4647737e+00  -1.2224788e-01  -6.2305419e-01  -4.3240890e+00  -2.4196868e+00  -2.9158492e-01   2.1508294e+00  -1.2752987e+00   5.1175166e-02
   4.1477659e+00   1.1365875e+01   1.7594308e+00   2.8399416e+00   7.2437579e+00   1.6793709e+01   1.7806511e+01   7.5694541e+00   3.8345437e+00   1.4676107e+00   1.1254874e+00   4.5545166e-01   2.1294422e+00  -2.4291523e+00   3.3036714e+00   1.2270494e+00   8.7171887e-02  -3.2272260e-01  -3.3784350e+00  -3.8844275e+00  -3.0121105e+00   1.0667215e+00  -1.3380441e+00   2.2517862e-01
   6.0852646e+00   1.1438762e+01   4.1341326e+00   1.4662404e+00   6.8663377e+00   1.3722229e+01   1.2242894e+01   4.0626873e+00   6.1156510e-02   2.1622999e+00   1.3103107e-01   6.1186068e-01   4.8151089e+00  -3.3225427e+00  -2.3439854e+00  -6.2940675e+00   3.7683161e+00   1.9610043e+00  -2.2045653e-01   1.4355349e+00  -2.4625648e+00  -5.6657361e-02  -1.3684905e+00   2.8656135e-02
   1.2340973e+01   9.8588746e+00  -1.8638872e+00  -6.3350223e+00   6.6829657e+00   1.7875204e+01   1.7007878e+01   5.4476662e+00   1.1006593e+00   1.6193728e+00   5.7749701e-01   3.7342162e-01   2.5350014e+00  -1.1849961e+00  -1.4911826e+00  -4.6733048e+00   2.7418550e+00  -1.2580875e+00  -1.1279474e+00   4.7134519e+00   1.6937947e+00   4.4764419e-01  -5.3383917e-01  -3.2459992e-01
   9.5508944e+00   9.6559291e+00  -2.0911253e+00  -5.5361657e+00   1.0124687e+01   1.6861572e+01   1.7367514e+01   1.1206207e+01   2.3917617e+00   1.3134768e+00   4.7183375e-01   2.5539521e-01  -2.4818000e+00  -2.2653237e-01  -1.0658534e+00   3.2583080e+00   4.4961203e+00   7.6716500e-01   1.1271408e+00   6.4378797e+00   4.1071679e+00  -5.8388916e-01  -2.7223458e-01  -4.9254601e-01
   6.2174531e+00   1.0479797e+01   2.6352859e+00  -6.6881253e-01   9.7273656e+00   1.3336906e+01   1.3552280e+01   1.1067872e+01   5.2099331e+00   2.5634885e+00   1.5432727e-01   1.4678451e-01  -3.6773954e+00   1.5604241e+00   1.7679393e+00   6.2797264e+00  -4.6043656e-01  -2.9333763e+00  -2.9629599e+00  -7.1664893e-01   9.0587491e-02  -1.3465613e-01   3.0611831e-01  -3.3620793e-01
   5.4243247e+00   1.0788502e+01   2.8576603e-01   3.5205975e+00   1.2088318e+01   1.7142125e+01   1.5661405e+01   1.0909404e+01   4.1672715e+00   8.1440827e-01  -6.5735923e-02  -1.3639779e-02   3.0955096e+00   1.4748960e+00  -4.3212987e+00  -2.2198318e+00  -5.0224976e+00   2.6495311e+00  -6.0784262e-01  -6.7638228e+00  -1.4328351e+00  -4.6050388e-02   1.0263967e+00  -1.1385033e-01
   8.8881650e+00   1.1633224e+01  -4.0042392e-01  -1.4438143e+00   5.0104953e+00   1.3334863e+01   1.3416493e+01   4.5210942e+00   3.4878563e-01   1.6669229e+00   1.3054593e+00   3.6272225e-03   4.6638162e+00   4.0134379e-01  -8.2313913e+00  -7.6471869e+00  -4.4533340e+00   4.8791657e+00   4.0061693e+00  -2.8033368e+00  -1.9572686e+00  -3.5481410e-01   1.4433964e+00  -2.8526864e-02
   1.2858803e+01   1.1291559e+01  -7.0552184e+00  -8.4784126e+00   4.9493760e+00   2.0836890e+01   1.6523644e+01   4.3338615e+00   2.6730828e+00   1.6926841e+00   1.4358627e+00   1.5619836e-01   1.2348158e+00  -1.8717774e-01  -2.2332775e+00  -5.6851308e+00  -1.4906225e+00  -1.1538768e+00   1.0077246e+00   1.6292691e+00   1.2023478e+00   1.5098228e+00   9.5524872e-01   2.5305843e-02
   9.4959384e+00   1.0830284e+01  -6.0413089e+00  -6.1400878e+00   6.6168357e+00   1.8808272e+01   1.9130414e+01   1.0150638e+01   3.0211245e+00   1.5921295e+00   1.5686226e+00   1.9075142e-02  -4.4442161e+00  -6.2762156e-01   2.2433913e+00   2.8946450e+00   5.9606997e+00   4.6941786e-01   1.8738880e+00   4.7570818e+00   3.3956088e+00   3.2512383e-01  -2.1716894e-01   4.1437113e-02
   6.9726617e+00   1.0909206e+01  -2.4370773e-01  -2.6589620e+00   9.0492143e+00   1.2674605e+01   1.4316031e+01   1.0538535e+01   4.6346237e+00   3.1165392e+00   1.2355555e+00   1.6595026e-02  -4.0293150e+00  -2.0358609e-01   5.9607911e+00   5.5644604e+00   2.7755540e+00  -4.6318787e+00  -2.6794726e+00  -1.0669820e+00   2.9315491e-01  -5.6303453e-01  -7.2879464e-01   1.3546433e-01
   5.1649114e+00   1.0882969e+01  -4.4109231e-01  -1.1572133e-02   1.1901626e+01   1.8120132e+01   1.7331131e+01   8.5543799e+00   4.4614284e+00   1.4426810e+00   1.0798595e+00   1.3558456e-01   2.2381732e+00  -4.2531794e-01   2.1497120e-01  -1.0882325e+00  -2.1416293e+00   1.5404499e+00  -1.0781780e+00  -5.0075613e+00  -1.8894389e+00  -4.1367697e-01  -3.8900374e-01  -1.6966087e-02
   8.9803438e+00   1.0959838e+01  -9.1414001e-01  -3.1959798e+00   6.4703119e+00   1.4233142e+01   1.3404076e+01   3.5315177e+00   2.3926633e+00   9.2285646e-01   5.8705229e-01   3.0114015e-01   4.3924946e+00  -5.8307400e-01  -4.5821672e+00  -3.1109202e+00  -5.6238546e+00   5.0146662e+00   4.2069706e+00  -2.8255288e+00  -2.0951653e+00  -8.6762414e-01   1.9412234e-01  -2.6170932e-01
   1.1849357e+01   1.0166991e+01  -5.3836360e+00  -7.5039277e+00   4.6938430e+00   2.0339678e+01   1.7969124e+01   6.1428051e+00   1.3079464e+00   2.0684554e+00   1.3093686e+00  -1.4864655e-01   9.0950766e-01   3.8063005e-01   1.8559798e-01  -1.1961609e+00  -4.4827904e+00  -3.3536242e-01   5.0512069e-01   2.2091876e+00   3.4884550e-01   3.7203893e-01   4.3811775e-01  -1.5420144e-01
   1.0219181e+01   1.0392584e+01  -4.6456866e+00  -3.5791645e+00   4.2173238e+00   1.9086832e+01   2.0307490e+01   7.5060297e+00   3.0686167e+00   1.5022158e+00   1.4119845e+00  -2.3385340e-01  -5.6742093e+00   3.9411663e-02   4.1576723e+00   6.1360646e+00   4.3416843e+00  -1.7057514e-01   7.7568588e-01   5.4928696e+00   2.3719591e+00  -1.8350660e-02   6.0760704e-02  -1.9367441e-01
   5.9097544e+00   1.1737541e+01   1.7030780e+00  -1.6142212e+00   6.3039343e+00   1.5190244e+01   1.4637105e+01   9.8809052e+00   4.6467199e+00   1.7110598e+00   1.3245700e+00   1.7177918e-01  -3.5712564e+00   7.7299707e-01   4.6126423e+00   2.5582916e+00   4.5436054e+00  -5.6116119e+00  -3.3034688e+00   3.9678787e-01   1.4922044e-01  -6.4019632e-01  -5.1990241e-01   1.6870681e-01
   3.4388312e+00   1.0233680e+01   1.7790115e+00   3.0632638e+00   1.2177793e+01   1.6551997e+01   1.6233615e+01   9.9017719e+00   4.2812152e+00   1.0740283e+00   6.7059262e-01  -1.4958433e-01   2.5870695e+00  -5.7764707e-01  -1.0836670e+00  -6.7152670e+00   3.7893335e+00  -1.0542458e+00  -1.2034473e+00  -1.5835051e+00  -1.6590289e+00  -1.9498797e-01  -1.6983326e-01   2.1418172e-01
   9.8826473e+00   1.1405938e+01  -1.6770215e+00  -6.9877045e+00   7.5290166e+00   1.3189678e+01   1.5050859e+01   5.5401158e+00   9.2547788e-01   1.3222547e+00   9.0021090e-01   6.2279127e-02   5.7389777e+00  -7.5067178e-01  -5.1908801e+00  -8.1672558e+00   4.9500648e-01   2.5013977e+00   1.2672401e+00  -1.0628113e+00  -1.2672687e+00  -6.1382589e-01   6.1742510e-02   1.4787316e-01
   1.2113339e+01   9.6919144e+00  -4.5811374e+00  -1.0965323e+01   9.2887829e+00   1.8505746e+01   1.8295442e+01   7.3011668e+00   2.4406944e+00   1.4041364e+00   1.3694142e+00   1.4216921e-01   1.9534632e+00   1.5539872e-01   2.2588392e-01  -1.6877017e+00  -5.7187960e+00   2.2395503e+00  -5.7534071e-01   1.1689170e+00   7.9819000e-01   2.0761353e-01   6.1890583e-01   2.0921052e-01
   1.0180967e+01   1.0882416e+01  -2.9031677e+00  -6.8508113e+00   8.4909489e+00   1.7965466e+01   1.5507052e+01   9.5869908e+00   3.6660773e+00   6.2526685e-01   1.0677730e+00   2.4771215e-01  -5.9978721e+00   9.8413528e-01   6.3988925e+00   1.0061952e+01  -1.0955150e+00   3.5392418e+00  -5.4986132e-01   3.7715924e+00   1.7415723e+00  -7.0407474e-01  -3.9184892e-01  -1.1388892e-01
   6.2198660e+00   1.0728539e+01   2.7309105e+00   4.6326474e-01   3.1186325e+00   1.7523428e+01   1.5142507e+01   9.6317099e+00   4.1082005e+00   1.7339425e+00   1.5151703e+00   7.1514934e-02  -2.7314163e+00   2.1671239e+00   3.1341792e+00   6.2616753e+00  -1.8280905e+00  -9.6805311e-01  -3.8111302e+00  -2.5721338e-01  -7.1291151e-01  -5.9392253e-01  -9.4105146e-01  -1.7764827e-01
   3.8325753e+00   1.2363829e+01   4.2652933e+00   2.3909301e+00   8.9708193e+00   1.8989699e+01   1.5802534e+01   1.0032233e+01   2.7040833e+00   1.0123954e-01   2.3955946e-01  -7.3227109e-02   2.8173353e+00   5.7861149e-01  -4.0942487e+00  -2.7728627e+00   1.4822938e-01   1.4501073e+00   1.8195309e-01  -1.4635021e+00  -1.9529016e+00   8.3927583e-01  -4.2717681e-01  -2.4323382e-01
   1.1190410e+01   1.2201894e+01  -3.4640992e+00  -6.1936811e+00   6.3067120e+00   1.6541550e+01   1.2431006e+01   6.6927257e+00   1.8523241e+00   7.7526629e-01   3.7194377e-01   3.6166432e-02   4.3110785e+00  -8.8303369e-01  -5.4239965e+00  -6.2684845e+00   2.4924041e+00  -9.2736818e-01   2.1369195e-01  -4.0118865e-01  -1.6192522e+00   1.1965814e+00  -4.9302002e-02  -7.8486659e-02
   1.1921698e+01   1.1013656e+01  -5.9470360e+00  -7.6816325e+00   7.1192533e+00   2.0631566e+01   1.7135732e+01   8.8612298e+00   1.8646631e+00   2.3635187e+00   9.9862106e-01  -9.9464325e-02   1.9961809e-01  -8.0590219e-01  -1.4690362e-01  -3.6907281e-01  -1.5445823e-01  -2.2275436e+00  -1.0421023e+00  -2.0130125e-01   1.0945322e+00   2.1854112e+00   7.1634203e-01  -1.2256188e-01
   8.6419222e+00   1.0079075e+01  -2.9891962e-01  -3.9031807e+00   7.7830217e+00   1.5311443e+01   1.4796446e+01   9.6154285e+00   2.0990323e+00   2.3976750e+00   1.0616865e+00  -3.3096446e-02  -7.0115710e+00   2.7540047e+00   8.5947950e+00   8.4652565e+00   1.1601950e+00  -2.2529639e+00  -1.4908643e+00   3.6683408e-01   1.2414179e+00  -7.5292551e-02   1.0280832e-01  -9.1768746e-02
   5.4062464e+00   1.2216385e+01   2.4623481e+00   6.9207065e-01   8.0009771e+00   1.6263437e+01   1.3056661e+01   8.2689296e+00   4.2225275e+00   2.5681519e+00   9.6920113e-01  -2.2243849e-01  -1.8399397e+00   2.4530593e+00   3.7415081e+00   1.8114899e+00  -1.0554155e+00  -2.3721751e+00  -1.1965055e+00  -3.4130704e+00  -7.1168911e-01  -1.0687786e+00  -3.8164838e-01   5.9916945e-02
   3.9307795e+00   1.5731537e+01   5.2234013e+00   2.3173520e+00   7.6061426e+00   1.5346168e+01   1.2234245e+01   7.5391269e+00   2.5355189e+00   5.6001086e-01   5.4086621e-01  -3.9999605e-02   3.8902087e+00  -6.1148210e-02  -4.9390048e+00  -4.7951403e+00  -1.0342716e+00   2.7339922e+00   4.5548095e+00  -2.9133301e+00  -1.1662261e-01  -1.2192085e+00  -2.0102116e-01   2.0056350e-01
   1.1517360e+01   1.1867014e+01  -3.0959344e+00  -8.0746639e+00   5.6245696e+00   1.7055941e+01   1.6622074e+01   4.7797749e+00   5.7888614e-01   1.6791829e+00   6.8655863e-01  -6.1373281e-03   4.8409584e+00  -2.7835685e+00  -4.6558789e+00  -5.8411493e+00  -8.5174187e-02  -9.6605820e-01   5.1322086e+00  -1.4944242e+00  -1.1894213e+00   7.8119801e-01   2.4375121e-01   5.8612846e-02
   1.1421678e+01   1.0162038e+01  -4.9282857e+00  -6.7125239e+00   7.4198181e+00   1.9016179e+01   1.9845954e+01   6.9900106e+00   3.7459190e+00   1.0133469e+00   9.0147601e-01   1.5959822e-01   1.4983910e-01  -3.7758173e+00   2.1501470e+00   4.6302932e-01   2.0975428e+00  -1.4304900e+00   2.5853465e+00  -5.3848482e-02   1.3343962e+00   2.0893695e+00   2.3582749e-01  -2.8271691e-01
   8.9222346e+00   1.0825781e+01   5.5437318e-01  -3.5547152e+00   7.9663780e+00   1.2979345e+01   1.6949119e+01   6.3018514e+00   1.8331955e+00   3.5132809e+00   1.1545230e+00  -2.3431814e-01  -4.9508781e+00   9.1923780e-01   7.5641639e+00   8.4505491e+00   2.2381057e+00  -5.8978700e+00  -2.9027451e+00   1.0677484e+00   1.1956321e+00  -4.1835630e-01   5.9853392e-02  -9.0283376e-04
   5.4531009e+00   1.0588427e+01   6.6234679e+00   7.5192168e-01   9.5815525e+00   1.5238731e+01   1.5948742e+01   6.6973160e+00   3.9099584e+00   2.7770161e+00   6.6062524e-01  -3.4998456e-01  -1.0704392e-01   1.8057704e+00   1.2194590e-02   1.6233201e+00  -3.2660946e-01  -3.6208800e+00  -1.7763239e+00  -3.0062880e-01  -1.6730635e+00  -1.7363955e+00   5.9456646e-01  -1.4575337e-03
   7.0753317e+00   1.3032676e+01   2.4744346e+00   8.6893692e-01   7.9008610e+00   1.0097860e+01   1.4216562e+01   6.5277449e+00   2.2903145e+00   1.6981380e-01   8.9676411e-01   2.4729981e-01   3.8859252e+00  -5.1963712e-01  -6.7125977e+00  -3.8758638e+00  -1.1336800e+00   2.7933427e+00   1.2192369e+00   1.0406261e+00  -7.9454477e-01  -2.1919647e+00   5.7918802e-01   2.0596741e-01
   1.2184564e+01   1.1767246e+01  -5.8700245e+00  -6.4893698e+00   6.9626625e+00   1.5025602e+01   1.8547746e+01   6.4261207e+00   1.0077642e+00   8.0487153e-02   1.9222052e+00  -8.3397053e-02   2.6803351e+00  -7.2825452e-01  -6.7281448e+00  -4.6401898e+00   4.4909256e-01   2.1331083e+00  -9.8694593e-01  -2.1943918e-01   5.2445156e-01   4.9246590e-01   2.6612827e-02   8.9306546e-02
   1.1385391e+01   9.4569162e+00  -3.2677771e+00  -5.7478652e+00   7.5753030e+00   1.7275923e+01   1.7478473e+01   7.9983882e+00   2.0924755e+00   1.5735983e+00   1.3925151e+00  -5.8660776e-02  -2.8694641e+00  -1.4954065e+00   2.0641926e+00   4.4574641e+00   3.3907527e+00   2.5494051e+00  -1.3663882e-01   3.4029149e-01   1.8580972e+00   2.9491050e+00  -7.9959702e-01  -2.3738626e-01
   7.3185739e+00   1.1283925e+01  -5.9764348e-01  -2.8999620e+00   1.0417970e+01   1.4849362e+01   1.2837368e+01   5.6328355e+00   4.7955553e+00   2.8138227e+00   4.5266898e-01  -6.3044448e-02  -4.0963580e+00   3.5043239e-01   6.6532362e+00   6.1483932e+00   1.5575656e+00  -2.2220883e+00  -4.5317598e+00  -5.2768687e-01   8.4850892e-01   7.0254621e-01  -1.3847048e+00   1.7667782e-01
   5.2041305e+00   1.1031227e+01   2.9345329e+00   5.7604291e+00   1.1259336e+01   1.4010087e+01   1.6866793e+01   7.4348247e+00   3.1835648e+00   3.2268035e+00   4.3213667e-01  -1.1895588e-01   1.0290039e+00   7.9861581e-01   2.4744343e-01   3.2878010e-01  -1.9167189e+00  -4.9606613e-01  -5.1382175e-03  -1.0336752e+00  -1.9205513e+00  -4.7893297e-01  -8.5761600e-01   2.5159606e-01
   9.1306571e+00   1.1505739e+01   1.0086748e+00  -3.0209271e+00   7.4569944e+00   1.3325387e+01   1.2055946e+01   5.9163721e+00   1.7349829e+00   3.0770389e-01   3.2533723e-01   2.1176722e-01   3.9620822e+00   9.8653688e-01  -4.3034730e+00  -2.7142420e+00  -4.6416305e+00   1.8159760e+00   2.2503945e+00  -6.8293519e-01  -2.8479469e+00  -2.6995680e-01  -7.3541240e-02   2.7264971e-01
   1.2022855e+01   1.0543933e+01  -3.6997711e+00  -5.1942124e+00   6.1807126e+00   1.7293812e+01   1.7861476e+01   6.3061072e+00   7.4193474e-01   2.1082583e+00   1.6975698e-01   1.8132748e-01   3.2549630e-01   2.6961814e+00  -2.6470093e+00  -3.4409461e+00  -7.5839378e-01   2.9489048e+00  -3.3717802e+00  -9.9797544e-01   7.9101358e-01  -1.6222965e-01   1.0175731e-04   2.3512765e-02
   9.8523350e+00   1.3007378e+01  -3.7357010e+00  -1.4940043e+00   5.9948362e+00   1.5931464e+01   1.5715618e+01   5.1727915e+00   1.7444500e+00   2.9681601e+00   4.7354697e-01   1.9578844e-01  -5.3130830e+00   3.3239063e+00   4.8851449e+00   4.2987318e+00   2.4625307e+00   4.3572728e+00  -2.1098684e+00   2.7391698e-01   2.2927923e+00   8.1249099e-01   6.0022020e-01  -3.9968111e-01
   5.3315360e+00   1.4324680e+01   1.3362069e+00  -1.6445147e-01   1.0852824e+01   1.7130406e+01   9.9792867e+00   6.3096519e+00   4.3653516e+00   1.6532309e+00   3.5818444e-01  -7.5697338e-02  -2.9466454e+00   3.0141556e+00   4.6322698e+00  -1.4869120e-01   4.2396125e-01   3.1003361e+00  -2.8564456e+00  -2.6865027e+00  -4.0840434e-01  -7.1447919e-01   1.4601723e+00  -3.9138949e-01
   4.5066921e+00   1.4601225e+01   5.8184031e+00   9.1229015e-01   8.8147346e+00   1.9942999e+01   1.2832238e+01   6.3254752e+00   3.3624630e+00   1.7539541e+00   1.1314538e+00  -2.5924203e-01   1.8906332e+00  -7.9264056e-01  -2.4213094e-01  -5.0098985e+00  -1.3361851e+00   4.3271358e+00   2.3660817e+00  -2.0643788e+00  -2.4300919e+00  -1.7944920e-01   1.3534903e+00  -1.8354458e-01
   1.0275708e+01   1.4268243e+01  -1.5284184e+00  -6.6203964e+00   5.4067053e+00   1.9938548e+01   1.5018498e+01   1.7000112e+00  -6.7967828e-01   1.6436426e+00   2.0310621e+00  -1.7824151e-01   3.4515787e+00  -2.4885342e+00  -2.9000800e+00  -2.7617506e+00  -2.2964013e+00  -9.1145648e-01   9.5774502e-01  -2.2815386e+00  -2.5903976e+00   1.0193751e+00   6.0556271e-01   3.7751756e-01
   1.0216199e+01   1.1846636e+01  -2.6665848e+00  -5.7808794e+00   6.7136182e+00   2.1018097e+01   1.6745135e+01   4.3810436e+00   6.2182710e-01   2.7037805e+00   1.6673435e+00  -2.8256348e-02  -6.7258241e-01  -1.9887341e+00   8.3965177e-01   4.6873995e+00   1.2853860e+00  -4.3763567e+00   8.0930617e-02   2.2307813e-01  -3.6655580e-01  -1.0068546e-01  -7.8831406e-01   2.0492248e-01
   7.6541509e+00   1.1969173e+01   1.2285808e+00  -9.6049263e-01   8.4587807e+00   1.5225673e+01   9.4594557e+00   3.8595597e+00   1.8500731e+00   2.7073804e+00   9.9858362e-01   3.7508616e-01  -4.8982253e+00  -5.3725129e-01   7.6292308e+00   1.2349381e+01   1.7711865e+00  -7.1657323e+00  -1.9446556e+00   3.2431928e+00   1.9199459e+00  -3.9073591e-01  -1.5296373e+00  -8.0971916e-02
   4.8085973e+00   1.2767659e+01   5.6993811e+00   5.1134375e+00   9.2167758e+00   1.5734902e+01   1.5733155e+01   5.5803182e+00   1.5477536e+00   1.0710570e+00   4.6522194e-01  -2.2852215e-01  -1.1233490e+00   4.7458882e-01   3.2962666e+00   4.4201178e+00   4.7114749e-01  -4.0882812e+00  -4.8864429e-01   6.5433943e-01   7.5855626e-02  -1.5463338e+00  -4.3560355e-01  -1.7758196e-01
   5.6321712e+00   1.3001854e+01   5.7324448e+00   6.4565159e+00   6.8119063e+00   1.1831547e+01   1.2607505e+01   5.9651631e+00   1.7372774e+00   1.8739005e+00   3.3766690e-01  -1.9956649e-01   2.4773350e+00  -4.8615476e-01  -1.2734983e+00  -3.8251234e+00  -4.3585764e-01   3.2984414e-01   2.3825475e+00   1.5661303e+00  -1.4028084e+00  -1.0486647e-01   5.9928675e-01  -3.3339066e-02
   9.5421650e+00   1.2042179e+01   2.5883192e-02  -2.8592071e+00   8.2437766e+00   1.6582738e+01   1.4438145e+01   4.3097511e+00   7.9200844e-01   8.0101978e-01   1.3443966e+00  -7.3029651e-03   8.1141517e-01  -6.4428049e-01  -7.5466343e-01  -3.2974479e+00   1.6679913e+00  -1.7266114e+00  -4.6093646e+00  -2.3307510e+00  -3.5385502e-01   2.1297482e+00   7.7831162e-01   3.5780293e-01
   9.0033695e+00   1.1602681e+01   2.1550823e+00  -2.7118555e+00   8.2914939e+00   1.5296521e+01   1.3680782e+01   6.8440387e+00   1.2373316e-01   2.6850993e+00   1.4579264e+00   2.1446797e-01  -2.6600168e+00   5.8573599e-01   3.8920446e+00   3.3255421e+00   2.9166738e+00  -1.4500856e-01  -1.5813280e+00  -2.7649083e+00   1.5206300e+00   1.4138960e+00  -5.9687878e-02   7.7988098e-02
   4.3401209e+00   1.2500824e+01   6.3560673e+00   4.7514514e+00   1.0978969e+01   1.1412498e+01   8.2824695e+00   1.6447539e+00   1.8237431e+00   3.8600799e+00   1.0725596e+00   1.0116501e-01  -3.3892845e+00   1.5468321e+00   4.7659097e+00   8.1483274e+00  -7.4349413e-02  -2.8075818e+00  -1.2501466e+00  -2.7487446e+00   9.1479924e-01   4.4328125e-01  -9.6951777e-01  -2.0330965e-02
   4.2431680e+00   1.3651135e+01   8.4054197e+00   7.6394999e+00   9.8193208e+00   1.4199154e+01   1.3313350e+01   3.1502992e+00   3.5023551e+00   2.4652144e+00   3.8405357e-01  -1.3681833e-01   1.6926609e-01   2.0835132e+00  -2.6800095e+00   2.1468689e+00   9.0350438e-02   7.0290064e-01   8.7782866e-01  -1.6132927e+00   1.5521702e-01  -8.8685833e-01  -2.8304252e-01   1.0201148e-01
   6.8383390e+00   1.3338200e+01   4.0495790e+00   4.1876063e+00   7.3683390e+00   1.2920048e+01   1.2746641e+01   2.0335039e+00   4.7489635e-01   1.5758841e+00   4.2705634e-01   1.3784374e-01   2.7155159e+00   1.2274572e+00  -5.4885363e+00  -3.7133118e+00  -2.1428469e+00   1.1727366e+00  -5.7968480e-01   3.6547210e+00  -9.7039323e-01  -8.2553179e-01   9.1459328e-01   9.0037742e-02
   8.0081596e+00   1.4309264e+01  -7.1168782e-01   7.9037036e-01   1.0232335e+01   1.5597097e+01   1.2765440e+01   4.2297247e+00   1.0309821e+00   2.4969097e+00   1.3561143e+00   3.4914583e-01  -4.2196339e-01   2.2157165e-01   3.0347285e-01   1.9592683e-01  -7.3355514e-01  -9.2339168e-01  -6.2139092e+00   2.4455931e+00  -8.7702492e-01   4.0434680e-01   8.8041722e-01   1.4076359e-02
   6.5308989e+00   1.4012946e+01   2.6818166e+00   2.6060484e+00   7.5581919e+00   1.2472631e+01   7.6868975e+00   6.5871227e+00   1.6038398e+00   2.6059346e+00   1.9584192e+00  -6.7604538e-03  -3.9550948e+00   5.5755773e-01   7.9971889e+00   7.2741084e+00   1.7396945e+00  -3.5747112e+00  -6.4816185e+00   2.0468865e+00   2.2985973e+00  -1.7461160e-01   2.1928220e-02  -2.8288159e-01
   3.7639429e+00   1.3646120e+01   9.5445101e+00   8.7241691e+00   8.6240617e+00   1.3037775e+01   6.5223579e+00   4.5418794e+00   1.6223460e+00   2.5567093e+00   9.3899798e-01  -4.3401696e-02  -1.1588705e+00  -8.4142557e-01   5.5668414e+00   5.1126019e+00  -7.2626264e-01  -3.4448638e+00  -3.8481607e+00  -3.3582474e-01   1.1919227e-01  -8.8152271e-01  -3.4415936e-02  -1.0522283e-01
   3.0278052e+00   1.4506108e+01   1.0917263e+01   1.1131869e+01   1.0782017e+01   8.8376424e+00   6.1457539e+00   4.9477562e+00   3.6271103e+00   1.2840668e+00   6.6850682e-01  -9.0204879e-02   2.0449081e+00  -1.2129631e+00  -2.0813667e+00  -2.9368264e+00   1.1123847e+00  -3.3414248e-01   9.0503071e-01  -3.5263671e-01   2.5433461e-01   2.4630305e-02   1.0869233e-01   3.6393140e-01
   8.0214008e+00   1.2800544e+01   3.5208509e+00   4.1963626e+00   7.5310279e+00   1.2247295e+01   7.7637705e+00   4.5456708e+00   1.9813523e-01   1.8355595e+00   1.9494466e+00   2.3303380e-01   2.7426062e+00  -6.6595165e-01  -6.1729155e+00  -6.5309082e+00  -1.3563258e+00  -3.2305956e-01   1.8489499e+00   6.4206384e-01   8.0495090e-01   1.4960973e-01   3.4414160e-01   3.9143549e-01
   7.4695322e+00   1.2616289e+01   2.5715961e+00   4.6471209e-01   9.7732859e+00   1.2366658e+01   8.4237372e+00   6.0562720e+00   2.6974471e+00   3.0034550e+00   1.6162334e+00   4.0091889e-01   1.6868032e-01  -8.4945130e-01   5.3522866e-01  -1.3342408e+00  -7.4736526e-03  -3.2897978e-01   1.7693084e+00   1.1103556e+00   1.4591743e+00   3.7595825e-01  -2.0033427e-01   1.6320647e-01
   5.6569888e+00   1.3592102e+01   4.4579705e+00   4.2613855e+00   7.0939387e+00   1.0788678e+01   8.1567912e+00   4.9507173e+00   3.2946039e+00   1.9214299e+00   9.8134709e-01   2.9818966e-01  -1.4484286e+00   1.9105092e+00   4.3664156e+00   1.5965368e+00  -4.9857942e-01  -1.9084669e+00  -3.4796007e-01  -1.6372430e-01   3.2424297e+00  -6.7090577e-01  -1.0419962e+00  -1.9282724e-01
   4.4630316e+00   1.2836153e+01   1.1251547e+01   9.0979968e+00   1.0989351e+01   9.0734813e+00   8.6032062e+00   6.4107664e+00   4.2676374e+00   1.8050690e+00   8.5205514e-01   1.2202690e-01   8.6574904e-01   1.4995937e+00  -4.6034757e-01  -4.9843205e-01  -3.6642700e+00   1.1682775e+00   1.2722708e+00  -8.3118268e-01   9.2159441e-01  -5.5032690e-01   3.2081284e-02  -1.9097768e-01
   7.3520081e+00   1.5556376e+01   5.7304991e+00   2.2745254e+00   6.1751261e+00   1.1031183e+01   7.1520959e+00   4.1228371e+00   4.2766846e+00   1.4283938e+00   7.6854130e-01   8.3238941e-02   1.5640392e+00   1.1297414e+00  -4.6179927e+00  -4.8442302e+00  -3.3929683e+00   1.6137782e+00   8.2385566e-01  -3.1469320e-01   1.4736413e-02   1.1339472e+00   4.1302287e-01  -1.1464100e-01
   7.9206460e+00   1.3883542e+01   1.2448105e+00   7.1049411e-01   4.7362871e+00   1.3997821e+01   1.0834491e+01   5.2234380e+00   3.5887983e+00   2.4244827e+00   1.7707582e+00   2.2192773e-01  -3.3668753e-01   9.2085037e-01  -3.7413027e+00  -2.6937292e+00  -1.7122354e+00   3.0997480e-01  -1.0711566e+00  -5.0253752e-01  -1.0963307e-01   1.0866757e+00   3.3875042e-04   1.3655567e-01
   6.2742404e+00   1.4763019e+01   2.5343495e+00   1.1887916e+00   5.1310184e+00   1.0747175e+01   8.2769322e+00   5.0723417e+00   3.6561281e+00   3.3126439e+00   1.1415299e+00   7.6277752e-02  -2.3772443e+00  -1.6574722e-01   4.3734454e+00   3.5912826e+00   8.3810185e-01  -3.9657495e+00  -1.4315489e+00   2.8314508e+00  -4.3177706e-01   3.6475226e-01  -1.3087358e+00   2.3908567e-01
   4.4968842e+00   1.4614107e+01   7.2376673e+00   5.6002699e+00   8.9430521e+00   9.6804474e+00   6.4340531e+00   5.1822078e+00   4.4134660e+00   2.4929575e+00   6.6606899e-01   3.3034101e-01   8.4711490e-01  -4.7996650e-01   3.1308273e+00  -1.2744629e+00   8.5255520e-01  -3.2389054e+00  -5.7292780e-01   3.0460976e+00  -4.6146567e-01  -9.2892950e-01  -1.1236177e+00   9.5948256e-02
   5.4980226e+00   1.4942473e+01   9.2942387e+00   5.2165614e+00   5.3288964e+00   7.2412458e+00   7.2049915e+00   8.3906285e+00   3.2166851e+00   1.9412848e+00  -6.4221778e-01   3.8766081e-01   2.8020978e+00  -1.5951303e+00  -1.0568073e+00  -3.6322103e+00  -2.6262272e+00   1.7915772e+00   3.2434467e+00   6.0833122e-01   1.6233526e-01  -1.2361643e+00   2.6300047e-01   8.8803071e-02
   9.5794273e+00   1.3073866e+01   2.5611069e+00  -3.2150851e+00   5.9161809e+00   1.0892428e+01   1.0511070e+01   8.1334410e+00   3.1163213e+00   1.7167680e+00   9.7720551e-01   2.1015858e-01   1.0335256e+00  -1.7567220e+00  -2.5416798e+00  -4.0985471e+00  -2.1995444e+00   4.2870990e+00   3.2640022e+00  -1.8373036e+00   8.7039810e-02  -1.3094023e-01   2.9762573e-01  -1.6789133e-01
   7.9361155e+00   1.3140444e+01   3.2874187e+00   1.4815361e-01   2.7051132e+00   1.2828551e+01   1.1103594e+01   4.5092219e+00   4.5482033e+00   1.8464923e+00   1.3804623e+00   2.6957357e-01  -1.9515392e+00   1.6015709e+00   1.1001324e+00   2.5025919e-01   1.7568270e+00   3.7424565e+00  -8.0427231e-01  -1.8418257e+00   1.3586603e+00  -9.8745162e-01   1.3671727e-02  -9.5257243e-02
   4.8281262e+00   1.2880038e+01   6.4285577e+00   1.9866531e+00   6.9556270e+00   1.3317443e+01   9.3807551e+00   4.3669558e+00   3.8782667e+00   2.3439434e+00   1.0116753e-01   1.3754762e-01  -8.0728348e-01   1.9576804e+00   2.8325498e+00  -1.2857027e-01  -6.6672838e-01   7.1409395e-01  -1.9035121e-01   2.7563550e-01  -3.6048962e-01  -1.2012381e+00  -5.5333465e-01   1.3226362e-01
   4.9463643e+00   1.7441743e+01   9.0107120e+00   2.9910811e+00   7.4444138e+00   1.1642423e+01   6.5637403e+00   7.5111325e+00   4.8737029e+00   1.4651962e-01  -1.8369120e-01   2.8108042e-01   2.0740008e+00   8.1231257e-01  -1.7729602e+00  -4.5766552e+00   8.4410765e-01  -1.8371750e+00   1.9436943e+00   3.1355590e+00  -9.3078386e-01  -1.2160932e+00   2.8275713e-01   2.2428015e-01
   9.8633777e+00   1.3859737e+01   3.9482849e+00  -4.8294042e+00   2.5464380e+00   1.2556633e+01   1.2495470e+01   7.0459390e+00   2.4128371e+00   7.6489712e-01   9.2928029e-01   4.0280059e-01   2.5682982e+00  -1.3757786e+00  -5.4783305e+00  -9.3277401e-01  -2.9238344e+00  -1.3985026e+00   3.9983428e+00   4.8068643e-01  -6.8112270e-01  -3.0107508e-01   1.1003263e+00  -4.1118069e-02
   8.5294911e+00   1.3869064e+01   1.8681148e+00  -3.3088004e+00   6.1758692e+00   1.0453194e+01   1.2461778e+01   7.8730688e+00   3.8847423e+00   8.1187555e-01   1.3905416e+00   4.7336731e-01  -4.8310761e-01  -3.1640606e+00  -3.2520637e+00   4.2725275e+00   7.9689693e-01  -1.3976959e+00   2.0337071e+00  -7.6968960e-01  -6.2375481e-01   1.5609655e+00   8.6277899e-01  -4.2276962e-01
   6.8890101e+00   1.2602710e+01   1.7823605e+00   3.7374329e+00   3.2041478e+00   1.1814304e+01   1.2429250e+01   4.9070173e+00   3.3510629e+00   1.5596528e+00   9.6454060e-01  -2.0272924e-02  -6.5097225e-01   2.5928880e-01  -7.7135951e-01   2.6650300e+00   3.0363241e+00  -1.2712830e+00  -2.9573620e+00   2.6108066e+00   3.0467766e-01   4.1913959e-01  -3.3016412e-02  -2.3857109e-01
   5.7088867e+00   1.3324166e+01   5.2155788e+00   5.1164538e+00   8.3109043e+00   9.9170435e+00   9.6474106e+00   7.4260590e+00   3.4689578e+00   2.0905900e+00   1.0928471e+00  -1.4153725e-01   1.6238040e+00   8.7219116e-02  -8.0627393e-01  -2.7109622e+00  -6.1132336e-01   1.7120331e+00  -1.4110358e+00   2.8665346e+00   3.1830417e-01   2.8464077e-01   6.2785434e-02  -4.8039541e-02
   1.0297221e+01   1.4521119e+01   1.1175137e+00  -5.0444864e+00   6.0334066e+00   1.0917783e+01   9.4666106e+00   1.1185654e+01   3.0777458e+00   7.5424926e-01   1.0286029e+00   3.5239624e-01   1.1139980e+00  -1.7595066e-02  -7.3266614e-01  -5.5634661e+00  -1.0957313e+00   1.0238489e+00   8.7201378e-01   1.1502443e+00   6.4634846e-01  -1.6474605e-01  -3.0331254e-02   2.0950652e-01
   9.2610914e+00   1.3040688e+01   9.9112731e-01  -2.9842841e+00   3.8442547e+00   1.3469504e+01   1.1826544e+01   9.0335524e+00   4.4988571e+00   1.6415385e+00   1.4526886e+00   2.1497342e-01  -1.3236141e+00  -3.9222951e-01  -1.7951766e-01   1.0713645e+00  -8.8793718e-01   6.3821187e-01   1.2516280e+00  -2.7635574e+00   2.8006980e-01   4.8941146e-01  -3.3462730e-01   2.6031429e-02
   6.7839047e+00   1.2718056e+01   2.7955870e+00  -5.5739734e-01   3.7938756e+00   1.1573847e+01   1.2647704e+01   5.8286371e+00   3.8056359e+00   1.5370595e+00   7.3912298e-01   1.1573152e-01  -2.4320255e+00   1.6134560e+00   1.7351522e+00   2.8430007e+00  -5.4869590e-01  -4.7279311e-01   2.2779034e+00  -4.6095942e+00   1.5682241e+00   9.1989303e-01  -4.2030174e-01  -1.0275930e-01
   5.4801240e+00   1.3637353e+01   4.1072656e+00   4.4799560e+00   8.0987641e+00   1.0546329e+01   9.9343058e+00   5.9592312e+00   3.5251174e+00   2.4333021e+00   7.3564615e-01   1.5842258e-02  -4.6220199e-01   1.7260278e+00   6.8629048e-01  -7.8241029e-01   3.8783383e-01  -2.5719058e+00   1.3528627e+00  -1.2652969e+00   1.6082260e+00   3.5589635e-01  -7.0043352e-01   9.6207460e-02
   8.5396669e+00   1.6642971e+01   2.1621728e+00  -4.5121053e+00   3.0831081e+00   1.1670181e+01   1.3829585e+01   5.8084231e+00   5.9169518e+00   1.7382070e+00   7.5667156e-01   2.9782287e-01  -5.2590286e-02  -5.0667980e-01   2.2344745e-01  -2.6144185e+00  -2.4803327e+00  -1.6515747e-01   9.8547447e-01   2.0223568e+00   3.6890209e-01  -2.1933735e-01   4.8127262e-01  -2.5735926e-02
   7.6899073e+00   1.3667272e+01   2.3372701e+00  -2.1805455e+00   4.7813892e+00   9.5634782e+00   1.3264898e+01   7.1457141e+00   5.8555382e+00   2.0748093e+00   3.9326405e-01   2.6823893e-01  -9.1260308e-01  -1.4761238e+00   2.2034390e+00  -4.1612849e-01  -2.3191297e+00   5.8113446e-02   3.0396515e-01   1.0217459e+00  -1.3241718e+00  -9.6353806e-01   3.9335074e-01  -2.3768689e-02
   5.6001276e+00   1.1943077e+01   4.0157559e+00  -1.1487743e+00   1.7320640e+00   1.1817537e+01   1.2460620e+01   8.2689308e+00   3.1937787e+00   1.3872999e+00   1.6322230e+00  -4.9070708e-02  -1.2469603e+00  -2.7821796e-01   1.7784069e+00   1.6237936e+00  -5.1878063e-01   5.9808736e-02   4.7364873e-01   1.8428038e+00  -2.8945078e+00  -4.4336027e-01   6.1323322e-01  -2.3160653e-01
   5.5809890e+00   1.3773114e+01   6.4856326e+00   2.1740978e+00   5.2955915e+00   1.0559822e+01   1.1074736e+01   6.2615963e+00   2.9004463e+00   1.1634485e+00   8.8789656e-01   1.5363601e-01  -4.6990666e-01   1.7565939e+00   1.5949688e-01  -3.9443132e-01  -1.4688656e+00   1.2505222e+00   2.1442882e+00   1.1252806e+00  -2.6384110e+00  -2.1234268e-01   1.6674787e-01  -9.7429454e-02
   7.7236856e+00   1.6172723e+01   2.7556020e+00  -4.2537366e+00   2.0478360e+00   1.1261722e+01   1.5635139e+01   9.0146877e+00   3.0527361e+00   1.5288470e+00   1.4292051e+00   7.7145398e-03  -1.1749750e+00   2.8795769e-01  -1.9991614e+00   6.8285391e-01   2.5232683e+00  -5.9671486e-01  -6.7351349e-01   1.2377871e+00   1.0487420e-01   1.6464494e+00  -9.5335810e-01  -2.5971995e-01
   5.9232683e+00   1.4187340e+01   3.2065924e+00  -1.2197113e+00   2.4202048e+00   1.1717169e+01   1.4894071e+01   8.4607564e+00   1.9684430e+00   1.6855217e+00   7.4489476e-01   9.3702125e-02  -1.0458760e+00  -4.7128747e-01  -2.9457770e-01   8.7796645e-01   6.6969585e-01  -2.0390172e+00  -1.8884037e+00   1.2569940e+00   6.3830075e-01   5.3717289e-01  -4.5814510e-01  -3.9249100e-01
   3.6665254e+00   1.2167900e+01   2.6565339e+00   1.5724111e+00   6.9546598e+00   1.0343791e+01   9.5406823e+00   9.0260314e+00   3.8170916e+00   3.5959375e+00   2.7368670e-01  -4.0868369e-01   4.5617496e-01  -1.8819405e+00   2.3375161e-01   2.6378982e+00   2.4303355e+00  -4.5367730e+00  -1.5605269e+00   1.5486324e+00   1.0071149e+00  -5.9799988e-01  -2.7299664e-01  -8.8946431e-02
   6.0407551e+00   1.5068594e+01   6.0933001e+00   5.7797356e-01   3.8467234e+00   7.9602615e+00   1.1289359e+01   8.1414154e+00   3.4757197e+00   9.3566263e-01   7.7843813e-01  -2.2690137e-01   1.4021001e+00  -2.2065823e+00  -2.5103129e-01   3.2977049e-01   2.0241672e+00  -4.1523876e+00   2.8670315e-01   1.4750781e+00   4.0119596e-01  -7.7393092e-01  -1.2748112e-01   1.8935345e-01
   8.3492047e+00   1.2909185e+01   1.6628755e+00  -1.1957317e+00   4.9800800e+00   6.3350164e+00   1.5096704e+01   1.1497307e+01   3.8097701e+00   1.0067767e+00   1.0029385e+00   3.4596644e-02  -4.0445631e-01  -2.8672649e+00   5.4095526e-01   9.3147077e-02   1.2502302e+00   1.3246567e+00   7.7574023e-01  -7.2194541e-01   3.9073706e-02  -1.3005815e+00  -6.2161531e-01   1.8121568e-01
   5.6850789e+00   1.0506824e+01   3.3268747e+00   6.5901585e-01   6.4437456e+00   7.4929746e+00   1.2546114e+01   9.4377359e+00   2.5738977e+00   1.8192057e+00   1.8904718e-01   1.5609213e-01  -6.8004961e-01  -2.3768594e+00   1.3532221e-02  -1.9607043e+00   7.8296076e-01   6.3473851e+00  -2.3697540e+00  -1.5189449e+00   7.5905007e-01   7.4104352e-01  -6.2214380e-01   5.5923256e-02
   3.2376790e+00   1.0147888e+01   4.8511795e+00   1.6716106e+00   7.5314939e+00   1.2564419e+01   1.0075915e+01   7.2949530e+00   4.3266132e+00   1.2032937e+00  -3.6404080e-01  -3.2835693e-01  -4.8954561e-01   9.6342005e-01   1.5324747e-01  -1.5540323e+00  -1.3961314e+00   6.4596269e+00  -1.1267037e+00  -2.8875772e+00   1.4561323e-01   4.8199471e-01   3.0735108e-01  -1.4402962e-01
   7.5764435e+00   1.2883954e+01   4.5194465e+00  -3.7967540e+00   3.7454575e+00   1.4366638e+01   1.0245123e+01   7.9641749e+00   4.3558732e+00   1.9489694e+00   5.2871208e-01   3.8460296e-02  -9.1194214e-01   7.7025064e-01  -1.4578774e+00   3.4549572e-01  -2.6597709e-01   9.1967208e-01   2.9046628e+00  -1.8112925e+00  -1.9304760e+00  -3.5035811e-01   1.3167990e+00  -1.5130487e-01
   6.6692040e+00   1.3165751e+01   1.2964609e+00  -1.2988953e+00   4.2350269e+00   1.2587625e+01   1.4557145e+01   7.9027214e+00   3.1372022e+00   1.6648869e+00   1.2941327e+00  -1.2263187e-01  -8.9044045e-01   6.9204716e-01   6.0828340e-01   1.1751251e+00  -4.0452990e-01  -2.4808800e+00   1.9033262e+00  -1.1762981e+00  -1.0225683e+00  -1.0076354e-01   8.9337372e-01   1.0181635e-01
   2.6014032e+00   1.0153269e+01   2.9174179e+00   2.6625124e+00   7.6930135e+00   8.8608799e+00   1.4662494e+01   6.4169130e+00   2.7288932e-01   1.0628720e+00   1.3351590e+00  -1.7372771e-01  -1.9618394e+00   1.2307001e-02   1.0620193e+00   3.0508345e+00  -1.5372962e+00  -1.6642696e+00   1.3360461e+00   5.1453187e-01   1.1954046e+00  -1.7311798e-01  -6.8616411e-01  -1.4109155e-02
   4.3895385e+00   1.2551301e+01   6.5646189e+00   2.0466509e-01   4.9509211e+00   1.1595978e+01   1.0722219e+01   6.3041369e+00   4.8342526e+00   1.4951971e+00   5.7279635e-01  -6.9538400e-02  -5.6199639e-01   5.0155200e-01   1.6945947e+00   9.7657681e-01  -1.9901235e+00   1.2724709e+00  -1.1132543e+00   1.8070871e+00   1.2836723e+00  -6.2147350e-01  -1.3665906e+00   1.1050526e-01
   5.7735171e+00   1.3209639e+01   3.4783963e+00   2.7717606e-02   1.0815661e+00   1.2366057e+01   1.4166655e+01   9.5352650e+00   5.3004550e+00   1.7741373e+00  -1.3986593e-01  -9.2501696e-03  -2.0626925e-01   1.6776287e+00   1.1712709e+00  -8.6757039e-01  -1.9061650e+00   1.9794063e+00  -1.6982323e+00   1.5450603e-02   1.4867589e+00  -8.0128443e-01  -9.9625490e-01   6.6600464e-02
   4.2401524e+00   1.2389893e+01   3.5578637e+00   1.4833673e+00   4.5555653e+00   1.2743743e+01   1.3135183e+01   9.0541760e+00   2.5489277e+00   3.7704398e-01  -1.8240858e-02  -3.9112740e-02   8.3246344e-02   1.3606165e+00  -1.9442719e+00  -2.3767416e+00  -2.7844090e-01  -1.1125861e+00   1.5621095e+00   1.0723064e+00  -1.4448099e+00  -5.3920890e-01   1.9768070e-01   1.1065264e-01
   2.3666924e+00   1.2750415e+01   6.1777018e+00   7.2180572e-01   5.0314440e+00   1.1256107e+01   1.0908663e+01   5.0650693e+00   3.6456901e+00   4.2002188e-01   1.3629521e-01  -8.9039842e-02   8.7060854e-03   2.3352996e-01  -7.8059404e-01  -3.1979113e+00   5.4447933e-01  -6.7447368e-01   4.8000015e-01  -1.9730694e-01   1.7319418e-01  -1.9663005e-01   9.2654359e-01  -7.6540261e-02
   6.2178204e+00   1.4821838e+01   2.2985583e+00  -3.7074913e+00   2.5583208e+00   1.0482074e+01   1.4694379e+01   1.0147694e+01   3.4944202e+00   1.3634415e+00   7.3123683e-01   1.3633539e-01  -4.8902840e-01  -7.9652099e-01  -1.7589413e+00  -1.3047795e+00  -3.7623722e-01  -2.0004061e+00   9.1517713e-01   9.9915071e-01   9.7944052e-01  -1.0504389e+00   1.0146243e+00  -1.0240699e-01
   4.7977422e+00   1.2343962e+01   2.9371580e+00  -2.1737201e+00   2.8969073e+00   1.2485181e+01   1.4107057e+01   8.6925454e+00   5.0875000e+00   9.8599351e-01   8.7521061e-01  -2.1178463e-01   1.0768553e+00  -2.2697943e-03  -1.9271084e+00   1.5787653e+00  -1.5511582e+00  -3.2478774e+00   2.2649329e-01   7.1499410e-01   1.7682607e+00  -1.3092222e+00   2.5135854e-01  -9.4068865e-02
   2.2910849e+00   1.1398339e+01   2.5397237e+00   9.7396095e-01   5.0584778e+00   9.1285970e+00   1.2908752e+01   8.7391640e+00   3.2971836e+00  -1.4816001e+00   1.1342379e+00  -1.3135083e-01  -2.2774609e-01   3.3881451e-01  -3.0677672e-01   2.7738571e+00  -8.0338328e-01  -2.7930391e+00  -9.5983048e-01   3.6193013e-02   5.0956320e-01  -4.6714254e-01  -2.3614530e-01  -4.4556918e-02
   5.9453431e+00   1.4458760e+01   3.1664565e+00   7.4922750e-01   1.4546281e+00   7.0610295e+00   1.2141217e+01   6.8418256e+00   6.3966996e+00  -1.2129066e-01   3.1183247e-01  -9.6300028e-02  -1.5780870e+00   8.5540374e-02   1.2557076e+00   2.2031166e+00  -1.2848287e+00  -2.3447000e+00  -5.5751646e-01   7.1957000e-01  -1.3602374e+00  -4.2471371e-01  -4.7653800e-01   3.1530598e-01
   5.3024008e+00   1.4272660e+01   1.7237439e+00  -1.0081795e+00   2.0743855e+00   9.0045911e+00   1.4237553e+01   1.1127344e+01   3.6041652e+00   1.2163698e+00   6.5870796e-01   1.1757717e-02  -1.4219498e+00   8.5913795e-01   4.8044197e+00   1.2150722e+00  -2.0099391e+00   8.0973826e-01  -2.2748806e+00   7.0059470e-01  -1.0225529e+00  -5.6251980e-01  -5.4376001e-01   1.6176160e-01
   9.2495380e-01   1.1035112e+01   5.2287093e+00   2.1220250e+00   2.4617105e+00   9.0301337e+00   1.2606381e+01   8.5778106e+00   2.8936531e+00  -1.0000620e+00   3.9816859e-01   1.8962007e-01  -2.9201952e+00   1.1900288e-01   4.9381623e+00   1.8730215e+00   1.0370043e-01   1.8591862e+00  -2.5287881e+00   2.9199355e+00  -1.0488070e+00  -1.1342072e+00   1.2014426e-01  -1.7697511e-01
   2.6683548e+00   1.4398870e+01   8.7152268e+00   2.1101705e+00   1.5400280e+00   9.3586523e+00   9.2638483e+00   8.9220636e+00   3.5148774e+00  -1.8859941e+00   2.7542986e-01  -3.1668473e-02  -2.5929686e+00  -1.7531921e+00   5.5124105e+00   4.1472082e+00   3.2325809e-01  -6.2502406e-01  -2.5930363e+00  -3.0629760e-01   8.0564852e-01  -3.0623810e-01  -6.8934504e-01  -4.3344012e-01
   2.8820732e+00   1.4574160e+01   7.0779585e+00   1.9995847e+00   1.8773575e+00   9.6727782e+00   1.0834887e+01   1.2324369e+01   4.8681330e+00  -2.7141944e-01   6.8368792e-01  -3.4004960e-01  -3.7044182e-01  -1.2006934e+00   2.5913946e+00   3.7526555e+00   1.8988137e+00  -2.7709847e+00  -1.2884987e+00  -4.6834673e-01   8.6729987e-01   1.7897785e+00  -1.3791283e+00  -6.6270548e-01
   4.3438825e-01   9.8733479e+00   9.0677350e+00   5.2738530e+00   2.8514491e+00   7.7457327e+00   1.1233746e+01   8.7946182e+00   3.8253981e+00   3.9269135e-01  -5.1806926e-01  -3.7356763e-01   1.3101349e-01  -2.9127134e+00  -5.8416507e-01   2.8786165e+00   4.0026044e+00  -2.2938413e+00   5.6235299e-01  -9.6800002e-01   1.6783964e+00   2.0004049e+00  -1.1618965e+00  -3.6444431e-01
   1.4862743e+00   1.1496832e+01   8.9395470e+00   6.1691671e+00   4.6542205e+00   5.6801165e+00   9.6886845e+00   7.9390132e+00   4.0393426e+00   5.4526306e-01  -1.2737743e+00  -6.3348857e-01  -5.8466105e-02  -2.1359152e+00  -5.0677092e-01   1.9933799e+00   1.2440382e+00  -2.3166945e-02   5.4802583e-01  -3.6437197e+00  -3.4438298e-01   1.5355286e+00  -4.9813920e-01   2.5793437e-02
   3.5627745e+00   1.1568464e+01   6.9081850e+00   4.3433042e+00   6.1555031e+00   7.9142212e+00   1.0680479e+01   9.6627414e+00   6.4468671e+00   7.0627201e-01  -4.8868384e-01  -4.3161546e-01  -4.5924280e-01  -1.8803658e-01  -2.7083562e-01   1.9678446e+00   2.7763311e+00   5.7156241e-01  -3.2137944e+00  -1.9133156e+00  -1.5002337e+00   1.2786272e+00   8.1410575e-01   2.7217316e-01
