   1.5612523e+01   4.1892667e+00  -3.5707928e-01   7.8343215e-01  -8.7033421e-01  -3.2209792e+00   2.3932287e+00   5.7701401e+00  -2.6195123e+00  -2.7238780e+00   9.5116300e-01   6.9131580e-01   6.6134650e+00   7.8573699e-01  -3.7762037e+00   3.3789922e+00  -3.6003976e+00   1.8892288e+00   5.1809354e+00  -2.4448518e-01  -2.5779533e+00  -2.6085084e+00   9.7600861e-01   2.0727365e-01
   1.3511375e+01   6.3313948e+00   1.0526951e+00   3.6688050e+00  -1.6662146e+00  -1.2111292e+00   1.4249280e+00   4.6294225e+00  -1.8446069e+00  -2.5922010e+00   6.6841961e-01   1.0284211e+00   4.9118045e+00  -4.2692692e+00  -1.4491408e+00   8.5173192e-01  -8.4009419e-01   1.7954606e+00   4.3864121e+00  -2.1836405e+00  -2.3400445e+00  -1.0970519e+00   8.8550376e-01   2.2110076e-01
   1.8531257e+01   2.1368254e+00  -2.3394083e-01   1.7893521e+00   4.0892525e-01   2.4774660e+00   3.2112969e+00   2.0835169e+00  -3.9371087e+00  -2.4862495e+00   1.5959743e+00   4.1245494e-01   4.1999671e+00  -5.1646699e+00   4.5041399e-01  -3.9426365e-01  -2.8317341e+00   3.2556938e+00   4.3207172e+00  -1.3251168e+00  -2.8505800e+00  -6.5128650e-01   4.2735195e-01   4.2791477e-03
   1.9836376e+01  -1.8941737e+00   1.1512851e+00   5.7616735e-01  -6.4472100e-01  -6.0763127e-01   6.8105216e+00   2.2588327e+00  -4.6393994e+00  -2.9730076e+00   1.5404768e+00   7.9355419e-01   3.4973047e+00  -2.1198156e+00  -1.8885067e-01  -2.6961791e+00  -1.2694565e+00   2.2747545e+00   4.1653208e+00   7.8374255e-03  -2.1677221e+00  -4.5738360e-03   9.5657031e-02  -4.1673762e-01
   1.8749973e+01   5.5504616e-01   2.6924671e-01   1.7383555e+00  -5.6286822e+00   1.3608126e+00   6.1815077e+00   4.9677598e+00  -5.4979860e+00  -3.5104044e+00   1.1561623e+00   8.1516796e-01   1.2137076e+00  -5.0690175e-01   1.2768066e+00  -2.9891042e+00  -8.1140863e-01   4.2513117e-01   1.6818074e+00  -4.9841254e-01  -8.4105149e-01   7.4738041e-01  -1.0000532e+00  -1.6146743e-01
   1.8647974e+01   3.9425610e+00   5.1782534e-01  -3.4996529e-01  -5.5159555e-01   2.7593292e+00   6.1878038e+00   3.1990572e+00  -4.3157514e+00  -2.0869843e+00   1.0318111e+00   2.0195814e-01   6.5951477e-01   7.1800396e-01   4.0579491e-01  -2.4235336e+00  -1.0010719e+00   2.1135380e+00  -1.2925134e+00  -1.3327924e+00  -6.3726160e-01   9.9246954e-01  -1.1937790e+00  -3.4424679e-01
   2.0946019e+01  -1.5418946e+00   1.9979990e+00  -2.2312378e+00  -8.5475043e-01   1.4316825e+00   6.0453670e+00   8.6578584e-01  -5.3605100e+00  -1.8081906e+00   3.5022724e-01   4.6605182e-01   7.4372424e-01  -2.2824119e-01   2.5014121e-02  -1.7209927e+00   6.7762029e-01   8.7464668e-01  -2.8968752e+00  -1.3710765e+00  -6.8154266e-01   3.3042346e-01  -9.8206556e-01  -2.1375874e-01
   1.9727625e+01   2.3130266e-01   8.9560132e-01  -1.0743364e+00  -4.5332948e+00   2.5272408e+00   4.9398219e+00   2.3106311e+00  -5.6640298e+00  -2.3354102e+00   1.5277591e-01   4.5174206e-01   1.7594631e+00  -7.7981861e-01   2.1751878e-01  -1.2415273e+00  -3.3819881e+00   2.5128735e+00  -2.9751699e+00  -2.0544053e+00  -4.7858301e-01   5.8728443e-03  -3.8761532e-01   3.4575964e-02
   1.9325734e+01   2.0683136e+00   1.1787991e-01  -4.8094797e-01  -2.6214022e+00   2.7888268e+00   2.4601858e+00   3.3553582e+00  -5.8461608e+00  -2.8905563e+00   1.2258159e-01   3.6963788e-01   1.3373380e+00   1.5716514e+00   1.1361792e+00  -3.0583442e+00  -2.8899321e+00   3.5889151e+00  -1.8428981e+00  -2.4394401e+00   2.3735559e-01  -4.4102039e-01   3.4213859e-01  -2.1803305e-01
   2.2097311e+01   9.6772906e-01   1.7841630e+00  -3.0874012e+00  -4.7412519e+00   5.8500674e+00   3.5176395e+00  -1.1273370e+00  -4.7908005e+00  -1.5369921e+00   5.6421096e-01   3.0202905e-01   1.2122179e+00   2.7928806e+00   7.2245093e-01  -4.1729042e+00   1.5612362e+00   1.5210214e-01  -9.5425878e-01  -2.3715597e+00  -4.7085195e-01  -2.4569438e-01  -1.7618400e-01  -2.8583841e-01
   2.1767183e+01   4.4736930e-01   3.2579870e+00  -5.8122218e+00  -5.0856700e+00   5.1536418e+00   3.9921111e+00  -1.0743902e+00  -5.4410912e+00  -2.8689302e+00   6.5771760e-01   2.1385875e-01   1.0630879e-01   1.6112779e+00   6.6227373e-01  -2.5375799e+00   3.0389101e+00  -1.5447729e+00  -1.3108037e+00  -1.3512630e+00  -4.9615461e-02   7.1286720e-01  -7.4080302e-02  -1.6040627e-01
   2.0325227e+01   5.2310956e+00   4.0922418e-01  -4.6680557e+00  -9.5930648e-01   1.5729865e+00   2.7424711e+00   9.6816576e-01  -6.5728425e+00  -2.7147648e+00  -3.7906810e-01   1.0087402e-01  -1.1396959e+00  -9.1465447e-01   1.1645846e+00  -1.4130241e+00   3.0866635e+00  -3.1549513e+00  -2.7349514e+00   1.6025292e+00  -1.2594115e+00   1.6305677e-02  -2.1245666e-01  -5.7130824e-03
   2.0371239e+01   2.3535471e+00   1.7987599e+00  -3.4969905e+00   4.5990326e-02   2.6102080e+00   8.8156438e-01   2.8071236e-01  -5.0295630e+00  -1.2323691e+00   4.8310067e-01   2.2960600e-01  -1.9643097e-01  -1.0284264e+00   1.4494365e+00   9.2896624e-01  -8.0176806e-01  -1.5395849e+00  -2.0471532e+00   3.8095494e-01  -2.2960805e-01  -9.3219356e-01  -3.4069993e-01   3.5703121e-02
   2.1085739e+01  -1.3573415e+00   4.2606535e+00  -6.3645530e+00  -2.6770868e+00   2.3893574e+00   9.7048571e-01   5.9890554e-01  -6.8856819e+00  -2.3308141e+00   3.3283443e-01   2.8558580e-01  -6.1374928e-01  -1.5568745e+00   2.5842053e+00   3.8718986e+00  -1.3168783e+00   1.8464312e+00   5.9442682e-01  -2.9773005e+00   9.7755819e-01  -6.6128586e-01  -6.5130368e-01  -1.4579309e-01
   2.1092280e+01   2.1989482e+00   3.5064271e+00  -3.5705238e+00  -5.4294319e+00   2.4360790e+00   1.8073739e+00  -3.1832766e-01  -5.6290836e+00  -4.4591959e+00  -2.0928356e-01   1.7505754e-01   1.1612448e+00  -8.2411158e-01  -9.6821480e-01   2.3507133e+00  -2.2742934e-01   1.6486478e+00   1.0519831e+00  -2.5971528e+00   4.1996506e-01  -8.9661736e-01  -1.1692298e+00   1.9427381e-01
   1.9044083e+01   2.9730833e+00   3.4316986e+00   1.1765588e+00  -1.9691279e-01   4.4296978e+00   3.1712066e+00  -3.1982650e+00  -4.8067449e+00  -2.0932802e+00  -1.0098315e+00  -9.0541389e-02   1.7664357e+00  -1.7275312e-01  -3.0869938e+00   1.6332358e+00   1.1497841e+00   8.0131105e-01  -4.8440103e-02  -1.5480149e+00  -5.7396871e-01  -3.8632925e-01  -1.1642814e+00   4.3432001e-01
   2.3133934e+01  -1.0478327e+00   7.6091520e-01  -3.7414766e+00  -1.5352407e+00   4.0630094e+00   1.3591786e+00  -1.7164315e+00  -5.4390839e+00  -2.6960621e+00  -5.9941111e-01   7.0908030e-01   1.6639364e+00   6.4779586e-01  -4.7907598e+00   3.4753692e-01   3.3225270e+00   1.1349145e-02  -1.8532889e+00   2.1307608e-01  -2.2946549e+00  -3.8516480e-01  -9.8097742e-01   3.8831602e-02
   2.2714566e+01   6.9192670e-03   1.0029187e+00  -3.8292228e+00  -2.8995063e+00   2.7778587e+00   1.1219232e+00  -1.0240649e+00  -7.8416349e+00  -3.7918749e+00  -1.2185238e+00   6.7005443e-01   1.7048274e+00   1.0336581e+00  -4.8398338e+00  -3.0437735e+00   3.3230414e+00  -2.4006511e+00  -1.7103293e+00   2.6791143e+00  -1.8351642e+00  -5.7004150e-01   3.9191742e-01  -3.7048438e-02
   2.1752943e+01   4.6537241e+00  -2.4653226e+00  -5.4632757e-01   9.0565527e-01   3.2790222e+00   5.2082225e-02  -1.0858136e+00  -7.5536210e+00  -4.1876457e+00  -1.5764035e+00  -1.4699297e-01  -2.1252070e-01   3.9743548e-01  -2.1770562e+00  -2.4924955e+00   4.4018563e+00  -3.6314102e+00  -4.8491027e-01   1.3276995e+00  -1.8586068e+00   6.2574688e-02   1.8890691e-01  -2.0211949e-01
   2.2291819e+01   1.6727920e+00  -2.2149332e+00  -4.9866758e+00   3.5672014e+00   1.2207148e+00   1.2592608e+00   5.0509751e-01  -6.5022228e+00  -2.2025507e+00   6.6540828e-02   2.8192259e-01   9.4511318e-01   1.2373512e-01  -1.0154065e+00  -7.5323977e-01   6.0231026e-01  -5.7798356e+00   6.4571081e-01   3.5261227e-01  -9.2384145e-01  -3.1197538e-01  -1.4519359e-01   1.6304310e-01
   2.3026527e+01  -1.2846159e+00  -8.9574319e-01  -6.9014933e+00   1.8341898e+00  -6.0553395e-01   5.6314440e-01  -4.8946346e-01  -8.8967001e+00  -3.3968622e+00  -9.5858307e-01   5.9996699e-01   7.9231412e-01  -1.7918439e-01   2.5924464e+00  -2.1310000e+00  -3.0138379e+00  -2.9261620e+00  -2.8263273e-01   3.2381988e-01   4.9422708e-01   5.2465602e-01   6.5684198e-01   4.1134851e-01
   2.3495444e+01   3.1616919e+00  -1.3049807e+00  -1.7814996e+00  -2.4603082e+00  -3.9496166e+00   1.8349583e+00  -7.9332159e-01  -8.5558575e+00  -4.6552297e+00  -1.7452244e+00   5.4113910e-01   5.7215613e-02  -4.2465025e-01   2.1252846e+00  -9.5563142e-01  -3.9748675e+00   1.2915999e+00  -2.3008975e+00   9.6403920e-02   4.5508341e-01  -1.1141768e+00   4.3286601e-01   1.7787457e-03
   2.2339602e+01   3.6404975e+00   9.6837071e-01  -5.3454157e+00  -6.0134683e-01   1.4749450e+00  -6.5971565e-01   4.9125779e-02  -5.7854630e+00  -2.1743222e+00   3.1474207e-01   3.4042155e-01  -7.8310857e-01   3.2774441e-01   3.1878743e-01  -4.6040430e-01  -2.8746732e+00   3.2665017e+00  -2.4089193e+00   7.2012448e-01   3.9659536e-01  -1.8938453e+00   5.7031683e-01   7.2568258e-02
   2.2721105e+01  -1.4267401e+00   4.0936725e-02  -7.1981618e+00  -1.1773315e+00   2.1178752e+00  -1.5806555e+00   3.8040877e-01  -7.3752162e+00  -4.4850859e+00   7.9177273e-02   4.1436343e-01  -1.3140310e+00  -5.5627858e-01  -1.6649019e+00  -1.0630819e+00   2.3285994e+00   3.2374136e+00  -1.9067429e+00  -5.9976712e-01  -6.3369833e-01  -1.3071001e+00   4.6613310e-01   2.5135027e-01
   2.2239033e+01   1.5012167e+00  -1.0905207e+00  -4.8837687e+00  -3.1193083e+00   1.2604727e+00  -1.3424277e+00   3.8580761e-03  -8.8921277e+00  -6.3227020e+00  -1.0153087e+00   7.7220721e-01   1.2885336e-01  -9.2438874e-01  -2.7712357e+00  -4.2681556e-01   3.7004843e+00  -1.7151445e+00  -6.9369232e-01  -5.0054626e-01  -2.8863664e-01  -1.4506123e+00  -3.5041294e-03   2.3388242e-01
   2.1574682e+01   3.3969144e+00  -2.7728878e+00  -3.6069461e+00   2.2915717e+00   1.0137400e+00  -6.8380009e-01  -1.6703384e+00  -7.9530726e+00  -4.5416900e+00  -3.8099940e-01   7.0227167e-01   6.1751874e-02   1.1091490e+00  -2.5702393e+00  -7.7921259e-01   4.0050235e+00  -3.3966002e+00  -1.3373788e+00  -1.2477258e-01   2.6221636e-01  -7.8791346e-01   2.9724471e-01   1.1458964e-01
   2.3106094e+01  -1.5791285e-01  -1.7815706e+00  -7.7812469e+00   3.2149281e+00  -5.4570415e-01  -2.1486818e+00   3.2367999e-01  -5.9294897e+00  -4.3219386e+00   5.3957422e-01   5.4729105e-01   7.8909631e-01   1.5254583e+00  -2.7233437e+00   2.6770634e-01   3.4667517e+00  -2.7243123e+00  -2.3410095e+00  -9.3848374e-01   5.7193091e-01  -8.1505935e-01   6.7136961e-01   1.1408812e-01
   2.2380202e+01   1.0665482e+00  -3.4688974e+00  -6.9182416e+00   1.6630855e+00  -2.0739367e+00  -3.1835966e+00   3.3338951e-02  -8.4632106e+00  -6.6673378e+00  -2.5239712e-01   6.9870597e-01   3.5069681e-01   5.4550008e-01  -9.3838884e-01  -3.8671670e-01  -1.1805011e+00   2.1378272e-01  -2.9483603e-02  -1.6774771e+00   1.3421577e+00   9.3563767e-01   2.0233614e-01   5.5801181e-03
   2.3019918e+01   4.9545873e+00  -4.8275315e+00  -2.8265614e+00   2.3950624e+00  -1.2821575e+00  -3.6040436e+00  -2.2557062e+00  -7.7791623e+00  -6.4824671e+00  -7.2555412e-02   9.4512224e-01  -3.2558138e-01  -1.4176170e-01  -4.5158413e-01  -9.5971922e-01  -1.0973921e+00   7.6526218e-01   2.0168738e+00  -3.7456541e+00   2.5378345e-02   1.0804337e+00  -3.8319694e-01  -6.4598167e-02
   2.2143815e+01   1.6589145e+00  -2.6574906e+00  -6.6643638e+00   9.3075283e-01   1.7026407e+00  -3.4460596e-04  -2.8968610e+00  -5.0149997e+00  -2.0579692e+00   2.2856963e-01   5.1172625e-01   2.0989722e-01   1.3989134e+00   8.9532064e-01  -2.5307867e+00  -1.4031576e+00   1.5845627e+00   8.9234117e-01  -2.0712906e+00   8.6320127e-01  -4.7746085e-01   1.6738636e-01   2.1849061e-02
   2.2735915e+01  -6.6673852e-01  -2.8646502e+00  -9.3477646e+00   1.9350064e+00  -1.2860996e+00  -7.1499721e-01  -3.8297012e+00  -7.6155277e+00  -5.0059723e+00  -2.7570457e-01   5.4388366e-01  -1.4020162e+00   1.9145478e+00   2.6776935e+00  -3.2547936e+00  -1.7990160e+00   2.1352264e+00  -6.7625233e-01   2.5838479e-01   2.2261716e+00   6.1665634e-01   7.0746064e-02  -6.2785656e-02
   2.2837049e+01   5.9755813e+00  -3.1073570e+00  -7.4538201e+00  -2.1162279e-01   3.0487847e-01  -3.2896081e+00  -2.2865994e+00  -7.2502260e+00  -8.1217765e+00   1.0025700e-01   9.3209885e-01  -7.9558665e-01   1.3312357e+00   2.4454993e+00  -3.7502828e+00   8.0878047e-01   1.5913307e+00  -2.6458783e+00   2.0402092e-01   4.6358785e-01  -3.4545581e-01  -4.5139205e-01   1.2166455e-01
   2.0570276e+01   5.6680756e+00  -5.8605802e-01  -7.3140237e+00   2.6772615e-01   2.6195633e+00  -2.9737904e+00  -2.1732599e+00  -3.3222917e+00  -2.5255790e+00   9.7719999e-02   6.4075745e-01  -3.8504708e-01   6.4115166e-01   1.8362783e+00  -3.6695462e+00   1.1031953e+00   2.1116936e+00  -2.0835398e+00   1.0929215e-01  -4.7029311e-01   5.7451954e-01  -8.6729928e-01   1.9023074e-01
   2.2033255e+01   4.8836097e-01  -1.2853775e-01  -1.3306658e+01   2.9775637e+00   2.1368053e+00  -2.8397655e+00  -3.4190503e+00  -6.4662359e+00  -3.8163496e+00  -6.3523073e-01   6.4578618e-01  -3.2449320e-02   1.1442109e+00  -4.3980205e-01  -2.1782442e+00   1.4117562e+00   2.3833158e+00  -1.4912877e+00  -2.6653405e+00  -1.2391912e+00   1.3104836e+00  -9.3280602e-01   1.3849671e-01
   2.2560242e+01   3.0385991e+00  -1.5996424e+00  -1.1925665e+01   1.9952060e+00   9.6547736e-01  -4.0652281e+00  -3.0995375e+00  -8.7129624e+00  -6.2969065e+00  -1.2089096e+00   9.7238611e-01   3.9321225e-01  -1.1824734e-01  -6.9701091e-03  -3.3466589e+00   1.7248165e+00   1.9914701e+00  -1.1205935e+00  -2.4195046e+00  -3.9119787e-01  -5.8234956e-01  -4.3029255e-01   6.9613447e-02
   2.1793393e+01   9.0066358e+00  -3.2602680e+00  -8.4153659e+00   1.0422716e+00   4.7068952e+00  -4.9808207e+00  -5.8214712e+00  -6.4136775e+00  -4.2703873e+00  -6.4563723e-01   9.7402959e-01  -7.5251715e-01  -7.3791153e-01   1.1182770e+00  -3.0574508e+00   1.0739074e+00   1.2241741e+00  -1.6135974e+00  -2.1913696e+00   1.4678297e+00  -2.0159890e-01  -3.6450462e-01  -8.7286429e-02
   2.1280026e+01   1.2315672e+00   9.6935192e-01  -1.4779658e+01   3.8225969e+00   4.3217236e+00  -3.5841531e+00  -4.6013064e+00  -3.9353677e+00  -3.1720845e+00  -5.4251558e-01   5.8105592e-01  -8.1480254e-02  -2.0604434e-01  -4.6323452e-01  -1.4065810e+00   7.0018284e-01   1.7552767e-01  -1.2559069e+00  -3.2055046e+00   1.3327066e+00   6.8532828e-01  -3.3811016e-01  -4.5704228e-01
   2.1544587e+01   2.8500967e-01   2.6438068e-01  -1.6465838e+01   3.6747293e+00   2.2949434e+00  -5.5006991e+00  -5.9552203e+00  -6.6532887e+00  -5.6811589e+00  -1.5151847e+00   7.1052163e-01   1.6898065e-01  -2.1596909e+00   5.5196894e-01  -8.9403575e-01   2.7881308e-01  -4.2050341e-01  -8.3594544e-01   1.2990773e-01   7.1110323e-01   1.6318067e+00  -2.0273710e-01  -4.5487851e-01
   2.2562424e+01   7.0903457e+00  -4.0568185e+00  -1.0010300e+01   1.7292515e+00   2.4347448e+00  -5.6891493e+00  -7.8409200e+00  -6.5940968e+00  -4.5635282e+00  -1.2813011e+00   4.1857668e-01   3.0347649e-01  -4.5267663e-01  -6.8998695e-02   5.5952459e-01  -1.4030098e-01   5.5524652e-01  -1.6297527e+00   5.9087833e-01  -8.7651720e-01   1.5451346e+00  -6.2113982e-01  -1.0402309e-01
   2.1405664e+01   2.8377102e+00   8.0770653e-02  -1.2141099e+01   2.5071639e+00   5.0196295e+00  -5.1822407e+00  -4.0068029e+00  -4.0176581e+00  -1.1269555e+00  -5.8035010e-01   3.7295145e-01   1.1255667e-01   8.7190103e-02   5.6910287e-01   2.2604696e-01  -4.4995003e-01   8.9444214e-01   5.3786126e-02   2.5661960e-01  -8.4132856e-01   9.4760379e-01  -6.5508228e-01   3.9864272e-02
   2.1804702e+01  -7.2379808e-01   9.5765889e-01  -1.6102741e+01   4.1959281e+00   3.7922503e+00  -6.1880113e+00  -4.6891976e+00  -6.5679588e+00  -3.1314843e+00  -1.9416426e+00   5.9380637e-01  -8.1661720e-01   6.8495219e-01   2.1430643e+00  -2.7367931e-02  -1.1266930e+00   1.3719470e+00   5.7957768e-01  -7.8687588e-01   3.9819788e-01  -6.6083928e-02  -2.7429170e-02  -1.8833023e-01
   2.2092283e+01   4.3228667e+00  -1.3892037e+00  -1.3080547e+01   1.7664659e+00   2.9578538e+00  -5.1705889e+00  -7.1461521e+00  -7.9283505e+00  -4.9757752e+00  -2.1676374e+00   6.8270319e-01  -1.0720594e-01  -1.5525058e-01   1.9738773e+00  -1.4137526e+00   4.6886154e-01   9.5455089e-01   4.4202666e-02  -1.3358385e+00  -5.9823923e-02  -6.3285448e-01  -1.8666968e-01  -3.0264493e-01
   2.0994189e+01   7.3751958e+00  -1.0723476e-01  -9.5816279e+00   4.0956092e-01   5.5235531e+00  -4.8256087e+00  -7.4515592e+00  -4.0414538e+00  -2.7382442e+00  -5.2880125e-01  -1.8794536e-02  -7.9752098e-01  -1.4990406e+00   1.8648689e+00  -1.6272884e+00   2.1241982e-01   1.4804103e+00  -9.3766190e-01  -2.0835102e-01  -1.9153190e-01   4.0583403e-01  -4.9376038e-01  -1.4289685e-01
   2.1650112e+01  -1.4446625e+00   3.5740334e+00  -1.7522284e+01   5.1036398e+00   5.5858044e+00  -5.7971380e+00  -4.6293798e+00  -5.3706465e+00  -2.2728572e+00  -1.5667753e+00   2.2528451e-01  -6.4961355e-01   4.6396833e-01   4.2384145e-01  -2.7818394e+00  -1.0708582e+00   2.6106299e+00   1.0487995e-01  -8.3281555e-01  -1.6788249e+00   6.1290060e-01  -1.8925193e-01   6.9770582e-02
   2.0829506e+01  -8.8594391e-02   1.2733438e+00  -1.6322805e+01   2.8459709e+00   4.6988904e+00  -7.2812296e+00  -6.2601102e+00  -8.1341087e+00  -3.8741923e+00  -2.9827142e+00   6.0817044e-01   2.0086781e-01  -1.6658084e+00   6.0639213e-01  -2.7181003e+00  -3.1808734e-01   1.0911626e+00   1.3869072e+00  -7.4559039e-01  -1.4619631e-01   2.3153959e-02  -3.8553718e-01   3.9022085e-01
   2.1200204e+01   8.7507143e+00  -1.4437308e+00  -1.3882717e+01  -1.0580264e+00   7.2861300e+00  -3.7854586e+00  -8.9910999e+00  -8.4002603e+00  -3.4884503e+00  -1.2245588e+00   4.7387657e-01   4.4449412e-01  -1.0815392e+00   5.2323190e-01   2.7528570e-01  -1.4234975e+00  -2.0694349e-01   1.8017405e+00  -2.9399244e+00   2.0199358e+00  -6.1286513e-01  -1.5519891e-01   2.5214109e-01
   2.1520444e+01  -2.2120524e-01   3.3112355e+00  -1.5478562e+01   3.0132630e+00   6.3101342e+00  -3.7510877e+00  -6.3890847e+00  -2.7459413e+00  -2.0957168e+00  -1.2782153e+00   4.4224071e-01   8.9162063e-01  -3.5040726e-01   3.4700587e-01   1.7538721e+00  -1.1156804e+00  -9.1276697e-01   2.7059304e+00  -3.1707985e+00   1.7141211e+00  -1.0334905e+00   1.3107476e-01   2.0071327e-01
   2.1971384e+01  -3.0006659e+00   3.3399353e+00  -1.7531477e+01   2.8847475e+00   4.4697673e+00  -4.8595982e+00  -8.9747791e+00  -5.0348266e+00  -4.0813927e+00  -2.6518231e+00   6.8646101e-01  -6.2442311e-01  -2.9619182e-01   8.7970367e-01   2.1610512e+00  -1.5109062e-01  -4.2538241e-01  -1.1083030e-01   2.5432023e-01   1.5904263e+00   6.8090721e-01  -4.6802507e-02  -7.8112125e-02
   2.1781347e+01   5.2614848e+00  -5.9798048e-01  -1.1867617e+01  -7.9893661e-01   4.7379213e+00  -2.6852642e+00  -1.1024468e+01  -7.2456440e+00  -5.1279568e+00  -2.0724699e+00   8.0294813e-01  -6.5160205e-01   2.0038204e+00   1.6521236e-03  -4.3361744e-01  -4.0073582e-01   9.5858272e-01  -1.1983602e-01   1.4974370e-01  -1.5453000e+00   8.9048646e-01   8.6905783e-02  -1.9626174e-01
   2.0133118e+01   5.5650815e+00   1.8304327e+00  -1.2446613e+01   6.2143752e-01   7.4341628e+00  -4.4846158e+00  -6.2919277e+00  -3.7647695e+00  -9.5096943e-01  -8.9763523e-01   1.7635467e-01  -5.5583404e-01   4.9902162e-01   2.3941771e-01  -1.0556651e+00   2.5965966e-01   1.4157627e+00  -1.1263664e+00   9.5292686e-01  -1.4994453e+00   7.5593550e-01  -2.2081183e-01  -1.4703166e-01
   2.1462174e+01  -1.4983484e+00   4.0684650e+00  -1.8671420e+01   3.5438142e+00   6.2658105e+00  -4.1183329e+00  -7.5058949e+00  -5.6989197e+00  -2.3251987e+00  -2.0249505e+00   4.0290128e-01  -3.0067931e-01   4.7920823e-01   1.2491656e+00  -1.3518535e+00   2.7727627e+00   1.6954923e+00  -5.3226882e+00  -1.2442690e-01   8.2933088e-01   7.0118815e-01  -6.1937209e-01   7.7294707e-02
   2.1297219e+01   1.1277831e+00   1.3658392e+00  -1.5713074e+01   1.1028615e+00   5.8294667e+00  -5.8326135e+00  -9.3046755e+00  -8.0573566e+00  -4.3488685e+00  -3.0068006e+00   6.6593695e-01   7.6741014e-01  -7.6586928e-01  -7.6852151e-01   8.8902801e-01   3.6782688e-01   1.7742585e+00  -3.1824017e+00  -6.4914405e-01   3.9305084e-01  -9.7988660e-03  -9.3370611e-01   3.0742792e-01
   2.0748278e+01   8.1989464e+00   1.5080647e+00  -1.2262167e+01   3.1194954e+00   8.0835078e+00  -9.9952977e+00  -9.7047348e+00  -3.8553541e+00  -2.3772251e+00  -1.9469454e+00   6.7409905e-01  -1.4465725e-01  -2.6841810e-02  -2.3020743e+00   2.4881811e+00  -2.0670956e+00   1.4392312e+00  -1.5861116e+00  -8.8925440e-01   1.0386493e+00   2.8245304e-01  -6.4084462e-01   4.5488235e-02
   2.1641182e+01  -4.3236980e-01   1.9578506e+00  -1.4317697e+01   1.3853373e+00   9.1867019e+00  -6.3197359e+00  -6.1662239e+00  -4.0969761e+00  -9.3965454e-01  -2.3371970e+00   5.0189766e-01  -1.1713715e-01   6.8821389e-01  -1.5629079e+00   1.0486216e+00  -1.3386267e+00  -9.1748047e-01   1.6977583e+00  -1.7470729e+00   8.0185552e-01  -1.4340551e-02   2.8291399e-01  -1.7304032e-01
   2.1073207e+01  -7.5853468e-01   3.1934783e-01  -1.5636836e+01   3.0193298e-01   6.7460397e+00  -6.2539391e+00  -1.0409002e+01  -6.1211361e+00  -3.6061261e+00  -3.3210193e+00   5.5315328e-01   2.3542712e-01  -1.9215321e+00  -2.9229541e-01   7.6158117e-01  -2.6564426e+00  -1.0381894e+00   3.3482413e+00  -7.2815337e-01   5.7027874e-01   1.7829724e-01   7.5443973e-01  -2.8601545e-01
   2.0959049e+01   6.6388445e+00  -3.8416418e-01  -1.2452807e+01   5.0370274e-01   5.1219801e+00  -5.1566553e+00  -1.1573151e+01  -5.7216823e+00  -3.7559288e+00  -1.8953926e+00   4.6684936e-01   7.9710327e-01   1.9102454e-01   1.6609864e-01   5.8915092e-01  -1.2636660e+00   1.5999904e-01   6.3798266e-01  -1.3348049e+00  -1.5098119e-02   2.6274971e-01   8.2990047e-01  -2.8801425e-01
   2.1442485e+01   1.7810410e+00   2.2406290e+00  -1.2052241e+01  -4.2435131e-01   8.5585846e+00  -5.5544761e+00  -8.0935012e+00  -2.1875829e+00  -7.0164209e-01  -1.0361880e+00   2.6260004e-01   1.3069947e+00   6.6042340e-01  -5.3498740e-01   9.4711589e-01  -1.8013121e+00   1.9935833e+00   7.6458601e-02  -4.4059597e-01  -1.0173104e+00   3.2793391e-01   3.3386249e-01  -8.2286812e-02
   2.2652198e+01  -1.4156208e+00   1.2463580e+00  -1.5226269e+01  -1.4701952e-01   8.5204280e+00  -5.7124934e+00  -9.3261817e+00  -6.0863999e+00  -1.9977720e+00  -2.2347619e+00   2.1515291e-01   6.3917483e-01   7.6261513e-01   1.4041845e+00   1.3590339e-01  -1.3355014e+00   3.4077440e+00  -4.2285007e+00  -3.4570179e-01   1.0415501e+00   6.9004470e-01   8.8245053e-02   6.4063766e-02
   2.2187125e+01   4.2593331e+00  -1.2983943e+00  -1.2829431e+01  -2.0746741e+00   8.0371906e+00  -5.8613321e+00  -1.2193381e+01  -7.4647429e+00  -3.9933037e+00  -2.6505409e+00   5.5557128e-01   4.6246670e-01   1.3864778e+00   4.3507556e-01  -1.4168807e+00   3.2099998e-01   2.1768387e+00  -2.6949747e+00  -5.8573676e-01   3.1467456e-01  -2.5200779e-01  -9.1173659e-02  -2.5725350e-02
   2.1545491e+01   6.5436212e+00   3.4916242e+00  -1.1860356e+01  -6.7438803e-01   1.0494293e+01  -1.1345978e+01  -1.0041764e+01  -1.5207772e+00  -1.0750310e+00  -9.5584859e-01   4.1645939e-01  -3.1297548e-01   9.0212564e-01  -4.2739355e-01  -1.3493668e+00  -6.7854549e-01   2.1755661e+00  -1.4140678e+00  -1.0085248e+00   3.7681101e-01   1.3829691e-01  -3.9236085e-01   1.5910690e-02
   2.2689538e+01  -1.1886333e-01   1.7706092e+00  -1.5860518e+01   3.2083291e-01   1.0836910e+01  -6.7801957e+00  -8.6143152e+00  -3.9983824e+00  -1.5410243e+00  -1.8124051e+00   1.2335877e-01  -6.7931184e-01   1.1651159e+00  -7.0860066e-01  -6.4125843e-01   2.6930102e+00   1.2874503e+00  -1.7616331e+00  -1.9391575e+00   5.1520518e-01  -8.9518039e-02   2.8445750e-01  -7.8234706e-02
   2.1931528e+01   2.1266658e+00  -9.2923415e-01  -1.5734776e+01  -2.3625913e+00   1.0383917e+01  -7.3741632e+00  -1.2628502e+01  -7.2543636e+00  -3.0164663e+00  -3.2423711e+00   4.5512520e-01   2.0643139e-02  -1.1977560e+00  -1.7867042e+00   2.7868654e-01   1.6744224e+00  -6.1801619e-01   2.3009384e+00  -2.0512502e-01  -7.8056023e-01  -4.0584686e-01  -1.3363241e-01  -2.9924681e-02
   2.0975139e+01   8.2154845e+00  -1.5086617e-01  -1.1854109e+01   2.8089429e+00   1.0023554e+01  -1.0489689e+01  -1.3808748e+01  -3.8251419e+00  -3.1568630e+00  -1.0805934e+00   4.1888632e-01   1.1143958e-01  -4.8459962e-01  -5.2641691e-02   4.9021217e-01  -7.7585136e-02  -4.5753635e-01   3.2067087e-01  -5.3040361e-01   5.4237329e-01  -2.1665393e-02   1.0126087e-01  -4.7385573e-02
   2.2433656e+01   5.7981329e-01   1.7723056e+00  -1.3445531e+01   5.9319060e-01   9.9739469e+00  -6.0398239e+00  -7.7522349e+00  -2.7782378e+00  -8.7588187e-01  -1.5222031e+00   2.2380859e-01   9.2643354e-01   2.2284272e+00  -1.4612864e+00  -4.8079678e-01  -1.4291118e+00   3.3016683e-01   2.2253424e+00  -5.4437701e-01  -8.3887857e-02   5.2017553e-01   2.8952295e-01  -2.9372501e-01
   2.2605634e+01  -7.2336489e-02   3.4087681e-01  -1.6269822e+01  -1.2734357e+00   1.0355591e+01  -6.9663590e+00  -1.1848054e+01  -5.4228854e+00  -2.6438146e+00  -2.5205978e+00   1.6793872e-01   5.6192906e-01   3.1516718e-01  -4.0612267e-01  -3.8239097e-01  -3.0881214e+00  -1.0103828e+00   1.6450944e+00   2.2715752e+00  -1.1186787e-01   1.4889873e+00  -3.6151632e-01  -1.1742326e-01
   2.2505931e+01   9.6132171e+00  -3.3670353e+00  -1.4248114e+01  -2.4650697e+00   1.0713149e+01  -5.7978148e+00  -1.4425414e+01  -6.5813236e+00  -2.4927272e+00  -2.0880844e+00   1.4001148e-01  -1.2611777e-01   5.8320891e-01   4.6223208e-01  -8.9586770e-01   5.1088933e-01  -7.3615797e-01  -1.3182728e+00   7.6590534e-01  -3.1084685e-01   7.2746673e-01  -3.1195239e-01   5.2636794e-02
   2.1781895e+01   4.1715334e+00   1.8096203e+00  -1.2026404e+01  -2.9410910e-01   8.1383786e+00  -8.1430523e+00  -7.0647958e+00  -2.0914008e+00  -1.1495944e-01  -1.3399272e+00   2.8464998e-01  -7.6931710e-01  -1.4369092e-01   4.2194387e-01  -6.2601745e-01   2.0589889e-01   4.4339127e-01  -6.5876146e-01   1.2858513e-01  -6.1007054e-01   5.3248282e-01  -3.8777904e-01   7.8171456e-02
   2.2656348e+01  -6.6730829e-01   1.7312820e+00  -1.6911041e+01   8.6986127e-01   9.9783160e+00  -7.4288865e+00  -8.9950060e+00  -4.9102504e+00  -1.0491094e+00  -2.5804670e+00   2.4440815e-01  -8.2648875e-01  -1.8070069e+00   1.7731488e+00   1.0796525e+00   4.7173161e-01   1.4028031e+00  -2.7803489e+00  -5.7447761e-01   9.0309067e-01  -6.5354887e-01  -5.4064452e-02   2.6776646e-01
   2.1376449e+01   4.8523898e+00  -1.5753660e+00  -1.5877385e+01  -2.6320529e+00   1.1388094e+01  -7.1389654e+00  -1.4370381e+01  -7.1735278e+00  -2.5668993e+00  -2.8560751e+00   2.3299756e-01   3.1592933e-01  -1.8456125e-01  -1.1666473e+00   2.2474778e+00  -1.8367360e+00   2.2760656e+00  -2.3772779e-02  -1.6768175e+00   2.6902573e-01  -9.8685194e-01  -2.1908065e-01   1.3406862e-01
   2.1468920e+01   6.5622786e+00   9.8518115e-01  -1.0703145e+01  -5.8850038e-01   1.1192496e+01  -1.0470382e+01  -1.1634338e+01  -2.6856241e+00  -2.2470806e+00  -1.4111071e+00   5.6748738e-01   5.7099304e-01  -6.3089708e-01  -1.1226587e+00   2.4999172e+00  -2.6046998e+00  -1.1705204e-01   5.6938370e-01  -1.4618002e+00   1.5276040e+00  -9.5793375e-01  -3.6081620e-02   2.3526869e-02
   2.2849503e+01   2.7989810e-01   4.3269980e-01  -1.1759135e+01  -2.3200323e+00   1.0945387e+01  -6.6579639e+00  -8.2603558e+00  -2.8001753e+00  -9.9625172e-01  -2.2532281e+00   3.2421330e-01   9.2377558e-01   1.3153841e-01  -2.3626697e-01  -6.4652386e-01  -1.0093920e-01  -5.9454988e-01   4.2521457e-01  -3.5418590e-01   4.4328264e-01  -1.9646197e-01   5.7689790e-01  -1.4567105e-01
   2.2776311e+01   6.7259194e-01  -9.5673889e-01  -1.5220291e+01  -3.1931987e+00   1.0024092e+01  -6.8153117e+00  -1.4242719e+01  -4.8055207e+00  -3.2713338e+00  -2.9360129e+00   2.3409059e-01   1.2825420e-01  -9.5149015e-01  -1.1249089e-01  -2.0597613e+00  -1.9974614e-01  -5.1244986e-01   1.4106701e+00   1.2909448e+00   6.3628946e-02   2.6945486e-01   6.9859029e-01  -2.7957351e-01
   2.2108417e+01   7.9945407e+00  -9.5880645e-01  -1.4588598e+01  -1.4811125e+00   1.1080472e+01  -8.3286785e+00  -1.3597469e+01  -5.4486556e+00  -2.3494657e+00  -1.2282754e+00   1.8118939e-01  -5.1926571e-01  -3.6339485e-01   9.7915339e-01  -1.6745321e+00   8.5369771e-01   2.4165028e-01  -1.0084065e+00   7.8412521e-01   4.8376333e-01  -5.8317252e-01   8.8931520e-01  -1.4536478e-01
   2.2031844e+01   1.2777220e+00   1.5121979e+00  -1.2378056e+01  -1.3075795e+00   1.0356279e+01  -7.5190192e+00  -7.0293645e+00  -1.2659405e+00  -1.1662914e+00  -8.7569805e-01   2.1963907e-01  -4.8916757e-01  -4.4351292e-01  -4.0049154e-01   4.3431324e-01   9.3624815e-01  -5.3703892e-01   3.0025093e-01   5.4673477e-01   6.8859299e-01  -4.6012684e-01   5.0082805e-01  -1.1207039e-01
   2.2442838e+01  -5.6775921e-01   6.6696147e-01  -1.5692051e+01  -1.9822953e+00   1.1141769e+01  -7.8187199e+00  -1.0690845e+01  -3.8443204e+00  -2.9235317e+00  -1.9494127e+00   1.1339189e-01  -5.0125345e-01  -2.1390414e+00  -8.3899314e-01   2.1937737e+00  -8.2269824e-01  -1.1364523e+00  -3.4776390e-02  -1.1127614e+00   4.0588104e+00  -4.4962796e-01  -3.0867736e-01   2.4477167e-01
   2.1875350e+01   4.2884725e+00  -2.3703602e+00  -1.4017094e+01  -1.5382351e+00   9.1878846e+00  -6.6199146e+00  -1.4875929e+01  -4.5747988e+00  -3.6744910e+00  -1.8242022e+00   9.9883756e-02   8.3249039e-02   3.5416960e-01  -1.1135848e+00   6.2384074e-01  -1.0998544e+00  -3.0739268e-01   5.4138113e-01  -2.2123147e+00   1.7691204e+00  -6.0564436e-01  -5.5855755e-01   2.9177563e-01
   2.1434784e+01   3.2806034e+00  -2.7601711e-01  -1.0478418e+01  -2.5998321e+00   9.9599903e+00  -8.8303955e+00  -1.1343329e+01   2.2939891e+00  -1.7698078e+00  -1.2170393e+00   6.0822455e-01   7.7025305e-02   3.4238475e-01  -4.2834631e-01  -8.3472427e-02  -1.4519718e+00  -7.7509403e-01   1.1540786e+00  -6.5739137e-01   1.9053724e-01  -3.6338433e-01  -6.5400585e-01   3.7472471e-01
   2.2660745e+01  -1.1520488e-01   3.1331006e-01  -1.4049111e+01  -2.6485927e+00   1.0486079e+01  -6.2011098e+00  -1.0021594e+01  -1.6814146e+00  -2.6516199e+00  -2.0797211e+00   4.0988618e-01   4.9590301e-01   1.2154092e+00  -9.2872675e-01   7.6264263e-01   1.1717843e-01  -2.3471949e+00   1.5799787e+00   7.0216560e-01  -1.9743028e+00   1.0312327e-01   2.4928051e-01   6.3407871e-02
   2.2165678e+01   2.1476566e+00  -1.3173931e+00  -1.5801251e+01  -3.6050742e+00   9.3300306e+00  -6.2970045e+00  -1.4104099e+01  -5.0052066e+00  -3.9800438e+00  -2.8026620e+00   5.2047774e-01   5.1274921e-01   2.4907999e-01  -6.9946339e-01  -7.4521062e-01   2.7650680e+00  -3.2815337e+00   2.1271939e+00   2.4092325e+00  -4.7660503e+00   6.3993332e-01   7.3815177e-01  -5.1007767e-01
   2.2253757e+01   6.6780598e+00  -3.2427623e+00  -1.0211714e+01  -8.5984636e-01   5.9820721e+00  -5.5166420e+00  -1.2442295e+01  -3.8866551e+00  -2.4146881e+00  -6.5747008e-01   2.3886897e-01  -3.6148514e-01  -6.4828161e-01   1.8465097e-01  -1.2712589e+00   2.8870344e+00  -2.9917587e+00  -6.7536124e-01   2.2563060e+00  -2.7216740e+00   1.0267253e+00   7.2704256e-01  -4.2293564e-01
   2.2407402e+01   2.5759103e-01   4.5282399e-01  -1.3514932e+01   6.5339679e-01   7.2896933e+00  -5.9818385e+00  -6.5191301e+00  -3.7524662e+00  -9.2837368e-01  -8.2093719e-01  -7.1383351e-02  -4.0436844e-01   1.1800306e+00  -2.2411615e-01  -8.3539223e-01   6.6779917e-01   5.7612557e-01  -1.5570366e+00   2.2839535e+00  -6.0737320e-01  -9.5948733e-02   2.9004792e-01   2.4359378e-01
   2.1997655e+01  -1.4259449e-01  -2.9482203e-01  -1.7099159e+01  -4.4727658e-01   7.0186096e+00  -7.3717346e+00  -1.0429620e+01  -6.3902959e+00  -2.6373670e+00  -1.9800197e+00   7.1413265e-02  -7.0884101e-01  -5.8287876e-01   6.7957280e-01   4.8918944e-01  -3.6091824e+00   3.4961790e+00  -4.8198693e-01   9.3540864e-01   2.6112930e+00  -5.5813233e-01  -7.6165453e-01   7.3586387e-01
   2.1687177e+01   7.3280296e+00  -3.1275375e+00  -1.3610617e+01  -2.8096603e+00   9.6759502e+00  -7.7050131e+00  -1.1684507e+01  -4.6644460e+00  -4.0126275e+00  -1.7063154e+00   9.6959627e-01   2.9070868e-01  -4.6992175e-01  -5.3413391e-01   3.2845689e+00  -5.2964620e+00   2.8263739e+00   1.3128907e+00  -2.8382821e+00   3.5306880e+00  -1.2104838e+00  -8.7854837e-01   8.4176598e-01
   2.1550608e+01   2.2685223e+00  -4.3322238e-01  -9.4300873e+00  -4.5420914e+00   1.0033212e+01  -5.3780351e+00  -8.4564941e+00   4.8627423e-01  -1.7097597e+00  -1.3572628e+00   8.2217496e-01   7.3673125e-01  -1.0850205e+00  -1.2032778e+00   4.3916948e+00  -3.9815579e+00   9.0223859e-01   2.0484036e+00  -1.8136970e+00   2.4703196e+00  -3.7423678e-01  -8.2562888e-01   4.9933250e-01
   2.3066988e+01  -1.6528500e+00  -2.7917671e-01  -1.2422615e+01  -5.2438888e+00   1.0021953e+01  -5.0093522e+00  -1.1763116e+01  -1.8947192e+00  -3.2079031e+00  -2.4501382e+00   8.1588478e-01   4.9418580e-01  -2.4948437e+00  -2.5242134e-01   1.0096991e+00   8.3435785e-01  -1.9619681e+00  -7.4162260e-01   9.6264203e-01   8.2989593e-01   1.5783491e+00  -1.2699297e-01  -1.6616794e-01
   2.2412846e+01   2.7203145e+00  -3.5239190e+00  -1.1105618e+01  -5.2024991e+00   8.1989662e+00  -5.6469596e+00  -1.3110861e+01  -4.0696799e+00  -3.6010844e+00  -2.8465516e+00   8.9726776e-01  -5.4468776e-01  -4.2507019e-01   1.2169778e+00  -3.7571518e+00   3.4357765e+00  -2.1175003e+00  -1.2977509e-01   5.7287322e-01  -1.5273291e+00   4.3709792e-01   6.7698337e-02  -7.4305359e-02
   2.1997336e+01   3.3598679e+00  -1.9608211e+00  -1.1258303e+01  -1.2279197e+00   7.6501210e+00  -8.6829847e+00  -7.9133603e+00  -1.1416251e+00  -6.9944154e-01  -1.1521604e+00   6.8279795e-01  -2.0526887e+00  -2.9058166e-01   2.8130003e+00  -3.6783686e+00   2.3267676e+00  -2.9282287e+00   1.2100653e+00   9.3943124e-01  -1.3360527e+00  -3.2339434e-01   3.0108405e-01   3.4306942e-02
   2.1268403e+01  -8.7544191e-01   2.2330666e+00  -1.5647971e+01  -1.3964113e+00   8.0428775e+00  -3.7358815e+00  -9.5220622e+00  -2.1812665e+00  -2.3083436e+00  -1.9047041e+00   7.7726034e-01  -9.3765262e-01  -1.7090492e-02   1.7371694e+00   4.5777168e-01   1.1157688e+00  -3.2909749e+00   1.7813453e+00   3.8897145e-01   2.2273782e-01  -1.0525039e+00   5.7229984e-01   2.2549002e-01
   2.0560177e+01  -2.9084429e-01   1.0618309e+00  -1.5668991e+01  -3.6567813e+00   5.7076541e+00  -4.1497933e+00  -1.2148369e+01  -4.8430050e+00  -4.3393649e+00  -2.4694358e+00   9.2734890e-01  -4.2269072e-01  -8.2317852e-01   1.3041980e+00   8.1309481e-01  -6.2817710e-02  -1.8265144e+00   3.4171635e+00   1.9360704e-01  -1.0766062e+00  -6.6352657e-01  -2.4645436e-02   1.9704161e-01
   2.1724947e+01   4.5200349e+00  -2.4294910e+00  -8.2136161e+00  -2.3144150e+00   4.2337373e+00  -5.2415374e+00  -1.0409899e+01  -1.8848832e+00  -3.3598786e+00  -1.3294641e+00   1.1132273e+00  -1.8100894e-01  -8.5446886e-01   3.0346034e-01   4.9977690e-01  -1.8393346e-01  -1.8572576e+00   7.3943753e-01   1.3131859e+00  -1.4828051e+00   4.4401959e-01   2.4962891e-01  -1.2759559e-02
   2.1135028e+01  -5.7263826e-01   2.3267546e+00  -1.3755838e+01  -8.6314437e-01   6.8149195e+00  -2.8044116e+00  -7.1790311e+00  -2.9047260e+00  -1.1689639e+00  -1.4767486e+00   8.1037688e-01  -3.6382698e-02   1.0791294e+00  -4.2733512e-01   1.4837816e+00  -1.1865011e+00  -1.4648049e+00   2.6537700e+00   2.7483339e+00  -2.1496124e+00   6.9434435e-01   6.5643642e-01   1.4776566e-01
   2.0709464e+01  -2.0162482e+00   2.0557952e+00  -1.5854882e+01  -3.0691299e+00   4.7033584e+00  -3.2994160e+00  -1.0036952e+01  -5.3746137e+00  -3.2275147e+00  -2.0266044e+00   8.1660701e-01  -6.2225816e-01  -1.4504676e-01   7.0890752e-01  -1.0365057e+00  -7.0237539e-01   1.1811708e+00   1.6502272e+00   3.5075242e+00  -1.0256892e+00   2.7603136e-01   9.3932325e-01  -1.3104967e-01
   2.1013344e+01   4.5959914e+00  -1.8218149e+00  -9.6226859e+00  -5.0591755e+00   3.2756362e+00  -1.1401989e+00  -8.2123414e+00  -6.3225583e+00  -3.3640303e+00  -1.1362111e+00   1.2973075e+00   1.2078887e-01   5.5826036e-01  -7.2216063e-01   3.5172358e-01  -5.8920395e-01   7.8940774e-01  -9.7856344e-01   2.0256053e+00  -2.9623432e-01  -5.5815611e-01   8.6330291e-01  -2.3436738e-02
   2.0852402e+01   1.7181499e+00   7.0815502e-01  -1.1834951e+01  -1.2699626e+00   7.7751353e+00  -3.5983030e+00  -4.6319580e+00  -1.7145009e+00  -1.8482983e+00  -9.0748020e-02   6.7318748e-01   1.7651680e-01   1.4480944e+00  -2.2300025e-02   1.2032068e+00  -1.8408584e+00   3.9474227e-01   5.0263528e-01   2.1669133e+00  -5.9627142e-01  -7.5140159e-01   8.7422999e-01   1.1393656e-01
   2.1244742e+01  -1.6024468e+00   1.9173338e+00  -1.5238218e+01  -2.6465340e+00   6.4631427e+00  -4.1228133e+00  -6.8431202e+00  -5.1791339e+00  -2.6958063e+00  -1.1497224e+00   8.4693153e-01  -5.2959385e-02   4.1147915e-01   9.3008255e-01  -2.5957579e-01  -7.3024754e-01  -1.5730156e+00   4.4921631e-01   1.8367147e+00   1.7060529e+00  -4.2551319e-01   1.2710944e+00   1.0910430e-01
   2.0858540e+01   3.2551124e+00   1.5277084e-01  -1.1242305e+01  -7.0367383e+00   3.7017186e+00  -1.0541559e+00  -7.4711927e+00  -6.8407330e+00  -4.6887291e+00  -7.0850373e-01   1.2126998e+00   8.9265704e-02   1.0786397e+00  -1.2760860e-01  -4.5591889e-01   2.3972243e-01  -3.7184424e+00   2.2956056e+00   5.9933901e-01  -8.2183234e-01  -4.8953418e-01   7.8227783e-01   1.6640921e-01
   2.0930836e+01   4.4447288e+00  -1.4899897e-01  -1.0308372e+01  -3.2711589e+00   2.9528211e+00  -1.7384480e+00  -4.0376519e+00  -1.2003628e+00  -2.5820847e+00   1.0793083e+00   1.1912078e+00  -5.8809843e-01   1.3384481e+00  -5.6267379e-01   7.5174412e-01   2.9885129e-01  -2.2044911e+00   1.4829945e+00   9.8693970e-01  -1.0720294e+00  -6.1840891e-01   9.1898909e-01  -7.5952095e-02
   2.1143253e+01   3.1252170e-01   1.5499085e+00  -1.4983752e+01  -5.9806645e-01   3.9526325e+00  -1.3470772e+00  -5.1356836e+00  -4.9366349e+00  -2.6394604e+00  -3.1846652e-02   7.5066315e-01  -6.7788438e-01   1.6599436e+00   2.0087566e-01   1.2971195e-01  -1.3220702e+00  -1.5742807e-01   1.6206514e+00   2.1906445e+00   6.2098982e-01  -1.1089896e-01  -1.8295044e-01   1.2112139e-01
   2.0220238e+01   1.8765207e+00   3.7475428e-01  -1.2239879e+01  -5.4175930e+00   3.0309492e+00  -1.7518609e+00  -6.5304652e+00  -7.7392271e+00  -4.6480540e+00  -1.0956732e-01   9.6402174e-01   7.0635509e-02  -3.3360431e-01   1.4347763e+00  -6.3599136e-01  -1.7317100e+00   1.1481542e+00   1.8085034e+00   1.1819348e+00  -2.4652359e+00   1.0025263e+00  -6.5917938e-01  -2.7752768e-01
   2.0197012e+01   7.0291319e+00   1.9220772e-01  -1.0081984e+01  -7.9466266e+00   3.4265124e+00   1.3835276e+00  -2.9388193e+00  -2.6398161e+00  -3.8220929e+00  -3.8849157e-01   1.5079750e+00  -7.1014213e-02  -3.2207372e-01   7.6664526e-01  -7.8486765e-02  -1.2224159e+00  -1.4179262e+00   1.5571414e+00  -1.0855163e-01  -1.2527956e+00   1.2453255e+00  -7.7005273e-02  -1.8752345e-01
   2.1509910e+01   5.8601725e-01   2.6820159e+00  -1.3713243e+01  -2.1944438e+00   4.9381124e+00  -3.9099537e-01  -3.3631818e+00  -6.0466261e+00  -4.8697901e-01   2.6886171e-01   3.9626038e-01   8.4351086e-01  -6.1472778e-03  -1.8525958e-02   1.7728552e-01   4.6027660e-01  -6.2239415e-01   1.6669506e+00  -8.7264633e-01   1.4281721e+00   1.6968597e+00  -3.9228978e-01  -1.3780729e-01
   2.0391896e+01   4.7466285e-01   1.5462456e+00  -1.4364800e+01  -4.0432649e+00   8.7216166e-01   3.0820207e-01  -6.8821527e+00  -7.6621288e+00  -2.8520096e+00  -3.3656908e-01   7.5325865e-01   7.7960000e-01  -1.4256600e+00   9.4884876e-01   2.8748409e-01  -2.0121119e-01   2.6787627e+00  -2.7591847e-01  -1.3896869e+00   8.4443682e-01   1.3522281e-01   7.6200215e-01  -2.8656770e-01
   2.1388063e+01   5.1445343e+00  -3.3005359e-01  -9.8325425e+00  -6.6788590e+00   3.3745333e+00   1.2862278e+00  -5.8677680e+00  -3.0858127e+00  -2.5878061e+00  -7.2396323e-01   1.1346690e+00   2.8471516e-01   9.8429864e-01   6.2126435e-02   1.6997416e+00  -4.5893225e+00   2.8159693e+00  -8.5848630e-01   2.3913757e-01   1.7619388e+00  -2.4339648e+00   9.7215469e-01   3.2401712e-01
   2.1427336e+01   2.6113833e+00   3.1215156e+00  -1.1591109e+01  -6.0062359e+00   8.2264460e+00   1.3103832e-01  -3.7710566e+00  -2.8535676e+00  -2.5688452e+00   1.2509241e+00   7.0891913e-01  -8.8871242e-02   3.2828642e+00  -2.0421462e-01   2.3314408e+00  -4.3136422e+00   1.8030962e+00   4.4142106e-02   2.7058668e+00   4.2850734e-01  -1.4822320e+00   1.6316778e+00   9.1009417e-02
   2.1419263e+01   9.9410498e-01   1.9875705e+00  -1.2550477e+01  -8.0969421e+00   5.4849241e+00  -1.5901429e+00  -4.5600236e+00  -5.8079985e+00  -4.2795084e+00   9.3334715e-01   9.0445583e-01  -1.5924379e+00   1.6378574e+00   4.4510152e-01   5.0285815e-01  -5.8867653e-01   8.4901509e-01  -1.5415165e-01   1.9319499e+00  -2.3609518e-01   3.7929553e-01   1.3490154e+00  -2.7573410e-01
   2.0242989e+01   7.4741739e+00   8.1111589e-02  -9.5086717e+00  -9.8046866e+00   2.5216105e+00   1.8126006e+00  -3.4772248e+00  -5.6582748e+00  -4.2295064e+00   1.2822925e+00   1.0048793e+00  -1.6218282e+00   8.8381060e-01  -4.9891505e-01  -5.2897503e-01   4.4704725e-01  -8.8569221e-01   1.4868406e-01   4.7981778e-02   9.0140946e-02   7.8208046e-01  -7.6198523e-02  -3.0722396e-02
   1.9591579e+01   5.1699251e+00   1.8578007e+00  -1.0119474e+01  -5.6626484e+00   7.5004737e+00   2.1421922e-01  -3.1167590e+00  -2.0376018e+00  -1.1885322e+00   1.2838757e+00   5.7308771e-01  -1.3998342e+00   8.7194372e-01   8.5982659e-01  -1.6688086e+00   2.2794428e+00   1.7358980e-02   7.3383838e-01  -2.0509944e-01   2.4362140e-01   6.0218857e-01  -7.2038596e-02  -4.1152445e-02
   1.9908435e+01   1.8491892e+00   2.4380280e+00  -1.3600073e+01  -6.5528118e+00   5.8901329e+00  -5.4811667e-01  -4.4207162e+00  -4.6035545e+00  -2.9412126e+00   9.6136207e-01   8.2851960e-01  -5.5056618e-01  -1.2376358e+00   5.5159582e-01  -3.6371525e-01   3.7069345e+00   1.2847661e-01  -2.0582185e-01   1.7393542e+00   1.0006675e+00   4.9512269e-01   6.9961189e-03  -3.2764026e-01
   1.9486788e+01   5.1145129e+00   2.0988522e+00  -1.3007989e+01  -6.3037153e+00   3.8267014e+00   6.9097328e-01  -4.3959270e+00  -5.9699265e+00  -4.0203724e+00   9.8575447e-01   9.3090703e-01   1.1425383e+00  -2.2664036e+00   2.2667656e-01   1.6242006e+00   3.2821069e-01  -2.2054234e+00   6.1172515e-03   2.6773974e+00  -8.9266593e-01  -5.7815452e-01   2.7232895e-01  -2.5395376e-02
   1.9469535e+01   5.6454263e+00   7.8797955e-01  -8.6099868e+00  -3.9237513e+00   4.5512116e+00   1.2654908e+00  -2.2860953e-01  -2.1911113e+00  -2.0709022e+00   1.4418473e+00   3.3450929e-01   8.5005793e-01  -1.6452258e+00   9.4286629e-02   3.2976429e+00  -9.0131055e-01  -2.1522178e+00  -4.5413306e-01   3.0525132e+00  -1.0338811e+00   2.4693686e-01  -1.5508558e-01   2.1960827e-02
   2.1524837e+01  -1.2779881e-01   3.0228397e+00  -1.0178216e+01  -6.4848626e+00   4.8617993e+00  -6.8340864e-01  -1.1967163e+00  -4.5828224e+00  -2.4909191e+00   1.4521265e+00   7.8199980e-01   7.8359460e-01  -1.5998398e-01  -5.8770432e-01   2.3809848e+00  -5.8612137e-01  -6.5850813e-01  -6.8760372e-01   2.7426645e+00   1.4089083e+00   7.3597356e-01  -9.4144563e-01  -1.2016505e-01
   2.0164498e+01   2.0025064e+00   2.1174642e+00  -1.0068495e+01  -7.8142040e+00   2.1442572e+00  -5.4212529e-01  -1.4415517e+00  -6.8479283e+00  -3.3355339e+00   4.9554767e-01   9.3591446e-01   5.6704730e-01  -5.3577060e-01   1.1938618e+00   6.4438951e-01  -3.1726729e+00   1.9725055e+00  -2.9641249e-01  -5.5286188e-01   7.3452782e-01  -4.1900449e-01   2.7383389e-02   2.3032990e-02
   2.0314699e+01   6.6959969e+00   5.5255346e-01  -8.7072580e+00  -5.2376710e+00   4.0424164e+00   5.6337575e-01   3.2454076e-01  -1.5281556e+00  -2.2840962e+00   4.6735831e-02   4.4995687e-01  -4.8569322e-01   5.6008912e-01   1.0835467e-01   1.7227144e+00  -4.5797095e+00   2.7736471e+00   1.6384457e-01  -1.0426440e+00   1.4861493e+00  -7.6771471e-01   4.1577388e-01  -1.9590928e-01
   2.0925175e+01   1.4298725e+00   3.8139155e+00  -8.3788814e+00  -9.3063565e+00   7.9196613e+00   1.9747988e-01  -1.8185309e+00  -2.6166529e+00  -2.8028204e+00   2.1856177e+00   5.3508024e-01   3.9127649e-01   1.8199417e+00  -2.1907363e+00   2.9196838e+00  -3.9555750e-01   1.3332405e+00  -1.1205127e+00  -1.1812491e+00   2.7615995e+00   9.9946067e-01   3.9261090e-01  -3.6718442e-01
   2.0415958e+01   9.9865178e-01   2.3371461e+00  -8.4389509e+00  -1.2608351e+01   6.1345678e+00  -8.0744438e-01  -2.5721928e+00  -4.4692361e+00  -3.9088479e+00   1.2307523e+00   6.8855299e-01  -3.3165174e-01  -1.5858923e+00   1.4627505e+00   1.5207758e+00  -3.1316546e-03   2.6938014e-01   6.1256494e-01  -2.1907315e+00  -2.6516563e-01   2.0754200e+00   4.9588511e-01  -1.1432308e-01
   2.0700783e+01   7.5810914e+00  -2.0609365e+00  -5.8231228e+00  -4.7222004e+00   3.0980423e+00  -1.5374842e+00  -1.7650586e+00  -1.2349888e+00  -1.0239671e+00   4.9245578e-01   2.6583977e-01  -7.3795708e-01  -1.5088758e+00   2.2110087e+00  -9.8380341e-01   1.5820526e+00  -2.0083128e+00   2.0068848e+00  -1.1709820e+00  -5.0260284e-01   2.3090220e+00  -6.3823387e-01  -1.8646662e-01
   1.9929417e+01   1.2415491e+00   5.6841053e+00  -7.7039735e+00  -7.5344465e+00   6.8572961e+00   2.3497052e+00  -2.9882927e+00  -2.6167361e+00  -6.0392946e-02   1.6371445e+00   4.1309249e-01  -7.9671301e-01   3.8700066e-01   3.4993451e+00  -2.6324311e+00   9.8358426e-01  -2.2542646e+00   3.1891154e+00   8.5959947e-01  -4.8671812e-01   1.7966405e+00  -4.9461104e-01  -1.9719820e-01
   2.0061510e+01  -9.5488985e-01   5.4569489e+00  -1.0222075e+01  -9.4702297e+00   4.5458280e+00   1.6292322e+00  -3.3669540e+00  -4.2968072e+00  -1.2635149e+00   1.0250708e+00   3.9311057e-01  -1.5720408e+00   5.9467395e-01   4.1447786e+00  -5.9107590e-01  -2.2180289e+00  -9.2775962e-01   3.0376584e+00   1.0479061e+00  -2.5591379e-01   2.8561830e-01  -1.7053432e-01   2.6821937e-01
   1.9540525e+01   5.8471434e+00   3.8272210e+00  -1.0188121e+01  -8.7589596e+00   2.0292781e+00   2.3928705e+00  -4.8184589e-01  -3.6684041e+00  -1.0941132e+00   2.2252822e-01   3.2912029e-01  -1.0591496e+00   3.6086248e+00  -1.4637174e+00   3.9783234e+00   2.5634919e-01  -2.2578186e+00   2.0395877e+00   5.7821631e-02   1.2949910e+00   1.4747484e-01  -1.1322633e+00   4.5953047e-01
   1.8537168e+01   6.1703052e+00   5.0846734e+00  -5.4676627e+00  -7.4369873e+00   4.1204119e+00   2.9974208e+00  -1.4464229e+00  -1.0930255e+00  -7.8679497e-02   9.4396242e-01   7.1015492e-01  -1.2884829e+00   2.7160659e+00  -2.9413528e+00   6.0073369e+00   1.7593551e+00   5.8895353e-01   9.5005523e-01  -1.3261851e+00   1.8061362e+00   3.2088038e-01  -5.4490994e-01   1.1613412e-01
   1.9102864e+01   3.0918888e+00   3.6746669e+00  -4.1136946e+00  -8.1665439e+00   3.6832762e+00   4.7249925e+00  -3.8618257e+00  -2.2761405e+00  -4.3159841e-01  -2.0696267e-02   9.4386602e-01  -1.4537870e+00  -9.6248028e-01  -1.0096140e+00   7.7172932e+00   2.8206995e+00   2.3944964e+00  -2.2476225e+00  -2.9579051e+00   2.4166835e+00   2.2432167e+00   3.0379938e-01  -4.6222576e-01
   1.8347616e+01   4.4968362e+00   1.1211967e+00  -4.2482831e+00  -7.1274048e+00   4.6022592e+00   1.8882541e+00  -3.6662417e+00  -2.2837347e+00  -1.1134518e+00   3.2931817e-01   2.5993888e-01  -1.3724178e+00  -8.7302150e-01   1.2398925e+00   5.0634387e+00  -2.0108063e-01   2.0195023e+00  -8.4063277e-01  -1.1426994e+00  -9.3099800e-03   1.6535547e+00   1.1746410e-01  -5.1777099e-01
   1.7454620e+01   5.2401575e+00   4.2945384e+00   7.7812863e-01  -4.6827016e+00   5.3800991e+00  -4.2397994e-01  -3.8087941e+00   5.5197579e-01   2.7880979e+00   9.8554942e-01  -1.3911033e-01  -2.7362610e+00   1.1928720e+00   3.1822551e+00   1.8283373e-01  -2.6634442e+00   7.9651266e-01   6.4315901e-01   3.1837727e-01  -1.3324503e+00   8.4391426e-01   5.1328071e-01  -2.7031381e-01
   1.7302663e+01   3.7866386e+00   6.6345765e+00  -3.1841635e-01  -9.4805295e+00   6.3012539e+00   4.3109579e+00  -3.1869879e+00  -2.5210486e+00   7.9180439e-01   6.1703573e-01   4.7498662e-01  -3.3343216e+00   2.1166472e+00   4.1318474e+00   4.9399363e-01  -6.0596813e-01  -1.2519359e+00   9.6133332e-01   5.5900498e-01   1.3895985e+00   1.6626333e+00   9.3694203e-01  -7.1670492e-02
   1.5520949e+01   5.2362956e+00   5.6913597e+00  -5.8043774e+00  -1.0985148e+01   4.0285478e+00   4.4783791e+00  -3.6238867e+00  -4.1561590e+00  -1.1835511e-01   6.0536602e-01   4.3087143e-01  -2.1270553e+00   1.7202158e+00   2.3593037e+00  -3.0057330e+00   2.9458906e+00  -1.8757004e-01   4.1832437e-02   9.9060876e-01   2.6734877e-01  -5.6208090e-01   1.5459571e+00  -1.2750762e-01
   1.4312970e+01   7.6737380e+00   6.6205572e+00  -2.1603967e-01  -4.8851338e+00   3.4001310e+00   8.7907452e-01  -2.9201879e+00   2.1547304e+00   2.8337247e+00   1.9248229e+00  -1.3255774e-01  -2.1220342e+00   2.0328459e+00  -1.6211619e+00  -2.3516313e+00   5.3376048e+00   7.9985482e-01  -2.4741773e+00   5.9360332e-01   8.2957697e-01   1.6331390e+00   1.9449742e+00  -4.3656457e-01
