   5.0167072e+00   4.7404102e+00  -2.0032045e+00   4.7178801e+00   6.8589494e+00   4.3181034e+00  -2.7242548e-01   1.9875157e-01  -1.9543966e-01   1.9621058e+00   8.0817869e-01   9.6181912e-02   4.4423143e+00   1.0986149e-01  -3.5964116e+00   4.0436626e+00   7.2489029e+00   2.5194797e+00  -2.3504556e+00  -4.9447078e+00  -2.4237882e+00   1.2776574e+00   1.1971798e+00   3.5613885e-02
   6.7669208e+00   7.1027051e+00   1.7718133e+00   7.9404845e+00   1.1274731e+01   5.5745430e+00  -9.7105136e-01  -2.6027271e+00  -2.4444240e+00   2.0248536e+00   9.4852986e-01   2.2371929e-01   1.1956435e+00  -2.2348534e-01   1.2600662e+00   2.9444544e+00   2.8809448e+00   2.2590540e-01   3.6256432e-01  -2.1496714e+00  -1.0517310e+00   1.9974058e-01   1.2701276e+00   2.6226414e-01
   6.6077726e+00   7.4656775e+00   1.4034219e+00   8.6003367e+00   1.0412777e+01   4.8373663e+00   4.0875445e-01  -3.4340600e+00  -1.2629362e+00   2.5508223e+00   1.5553574e+00   1.5466888e-01   8.0186885e-01   2.9918942e+00   4.1649356e+00  -7.6730123e-01  -5.2970803e+00  -2.9718442e+00   1.8552616e+00   1.4396735e-01   1.1138800e+00  -1.4039334e+00   1.9149449e-01   2.1441800e-02
   6.3397961e+00   8.8928876e+00   4.7392059e+00   7.1771540e+00   5.2623564e+00   3.1916784e+00   2.2755167e+00   3.8910858e-01  -3.4740018e-01   9.2291950e-01   1.4642173e+00   1.9747510e-01   2.7204148e+00   1.2175436e+00   1.2842629e+00  -6.2927455e+00  -8.3648186e+00  -2.4233773e+00   1.9109461e+00   2.6827324e+00   1.3437430e+00  -2.2819251e+00  -4.7660830e-01  -4.6797534e-02
   6.4330728e+00   8.3331603e+00   2.7605025e+00   3.9485935e+00   1.9195163e+00   1.0517695e+00   8.8718287e-01  -1.0812153e+00   4.2686835e-01   4.0717280e-01   8.3757671e-01   1.4146671e-01   6.1417090e+00   3.1409023e+00  -1.1697152e+00  -9.3514998e+00  -4.8260368e+00   5.1857992e-01   1.0556130e+00   5.1711142e-01  -3.4973557e-01  -1.9933964e+00  -8.5157472e-01   1.5860302e-01
   1.0934893e+01   8.4952791e+00   3.0196673e+00   8.2723788e-01   2.9741338e+00   3.8322755e+00   1.6561536e+00   2.4494909e-01  -1.2737118e+00  -3.2620930e-01   5.9250775e-01   1.6012408e-01   5.6866708e+00   6.6583965e-01  -2.3619354e+00  -6.0296685e+00  -8.9572492e-01   1.2631869e+00  -4.6977842e-01  -1.0960825e+00  -1.7442877e+00  -4.8778259e-01  -9.4860918e-01   2.1082703e-01
   1.3522788e+01   1.2375835e+01   5.0861851e-01  -2.2519549e+00   4.3178337e+00   5.2949377e+00   2.3018555e+00  -2.5863131e+00  -1.3243837e+00   1.8529209e-01   7.1385009e-01   4.1124892e-01   4.0393235e+00   2.4144873e+00  -1.8402813e+00  -2.6147313e+00   1.4385734e+00   2.5941206e-01  -1.3056794e+00  -2.3549339e-01  -2.9828184e+00  -1.4069390e-01  -9.0908879e-01   6.9638592e-02
   1.1324945e+01   7.8703097e+00   2.3222449e+00   1.2329255e+00   2.7196103e+00   2.9648746e+00   8.6351275e-01  -5.0246621e-01  -2.0882057e+00   3.0218597e-01   1.0316682e-01   3.7882454e-01   4.4097841e-01  -1.3196796e+00  -1.1927623e+00   2.4120689e+00   2.4561689e-02  -2.7498825e+00  -1.9921932e+00  -1.0879283e+00  -6.6901780e-01   3.0284416e-01  -5.1210431e-01  -1.1046042e-01
   1.2297032e+01   1.2267376e+01   3.4879182e-01  -1.7634723e-01   4.2046380e+00   1.8745880e+00  -6.7501586e-01  -1.0607477e+00  -3.6401123e+00  -1.1806568e-01  -2.8138600e-01   1.3657436e-01   1.1808916e+00  -1.9682990e+00  -1.3797327e+00   1.6339357e+00  -1.3123507e+00  -1.5042567e+00  -4.8352502e-01  -2.6380859e-01  -1.5281907e-01   1.9892236e-01  -9.3969747e-02  -1.3701472e-01
   1.2209238e+01   6.5699894e+00   1.3104373e+00   3.4075373e+00   3.0675741e+00   1.4176265e+00   1.5629943e-01  -2.1497260e+00  -1.1193742e+00   2.7973583e-01   3.2196933e-01   1.3177072e-01   4.4645175e+00   2.0268231e+00  -3.3318940e+00  -2.4981425e+00  -1.1369776e+00   3.1144225e+00   1.4354912e+00  -3.0029721e+00   7.3998202e-02  -7.1340340e-02   5.1272301e-01   3.0740276e-02
   1.4851978e+01   1.0073547e+01  -1.0550768e+00  -8.8835727e-01   2.1753257e+00   3.8121767e+00   1.9301746e+00  -2.1583961e+00  -2.0380281e+00   4.9490070e-01   4.6349421e-01   3.2925375e-01   3.3722613e+00  -1.1296707e+00  -2.6323334e+00  -1.7115647e-01  -7.3473081e-01   3.6179296e+00   7.5127139e-01  -3.3944352e+00   1.5740969e+00   6.7838184e-01   8.7514864e-01   1.7642685e-01
   1.6744248e+01   1.2007459e+01  -1.9736618e+00  -2.1582832e+00   2.0288002e+00   6.6677141e+00   1.7141543e+00  -4.4581001e+00  -2.7782505e+00  -1.1130773e-01   4.9981123e-01   3.2859526e-01  -1.2207765e+00  -1.6676096e+00  -2.7802965e-01   8.0361453e-01  -8.6359077e-02   1.0601012e+00  -3.6783997e-02   1.0416194e+00   1.5812104e+00   4.9865493e-02   1.3784601e-01  -3.6398208e-02
   1.5087919e+01   7.8541352e+00  -1.9576588e+00   2.3498284e+00   3.6219288e+00   4.6764387e+00  -3.2703619e-01  -4.9982134e+00  -4.4952887e-01   1.0950289e+00   9.4241601e-01   3.0280237e-01  -2.3285094e-01  -7.5864625e-01  -6.3523780e-01  -6.0380085e-01   5.0042697e-01  -2.2755358e-01   6.4917299e-01  -6.4542915e-01   5.4155448e-01  -3.3651459e-01  -2.4324169e-01  -1.6959253e-01
   1.0260103e+01   5.1782808e+00   1.3446838e+00   2.9938663e+00   2.2147340e+00   2.5756473e+00   1.2297288e+00   8.3261176e-01   4.5819174e-01   5.4469988e-02   2.8927745e-01   9.0399102e-02   1.5526819e+00   5.9691806e-01  -9.2895069e-01  -2.9184722e+00  -9.1502500e-01  -4.4439474e-01   1.9892077e+00  -2.1530252e-01  -8.3136055e-01  -3.3825543e-01  -5.1688373e-01  -1.0869200e-01
   1.7744774e+01   1.2350166e+01  -3.6671063e+00  -4.3701333e+00   2.8329993e+00   5.5168797e+00   3.1461468e+00  -5.7718957e+00  -2.8439175e+00  -9.2760039e-02   2.0389856e-01   1.9396303e-01   1.3213849e+00   1.2635178e+00  -1.2183944e+00  -5.3555161e+00  -3.3628832e+00  -1.5044975e+00  -3.9620657e-02  -4.2631065e-01  -2.4496877e+00  -1.5571841e+00  -8.5547990e-01  -2.0836873e-01
   1.7744843e+01   1.0654820e+01  -2.5123641e+00  -3.1760107e+00   1.0507274e+00   5.5809014e+00   2.9613743e+00  -4.3942127e+00  -2.8280970e+00  -2.4796418e-02   9.3744356e-02   2.1997692e-01  -1.8026941e+00  -1.5245286e+00   1.3834056e+00  -3.4267417e-01  -2.4872839e+00  -2.9410279e+00  -2.4804618e+00  -1.1076357e-01  -1.0810670e+00  -7.7992482e-01  -5.3762001e-01  -2.0884532e-01
   1.3327627e+01   7.0111421e+00  -1.8567265e+00  -2.5985074e+00  -8.4039272e-01   9.1706536e-01  -1.2522899e+00  -3.0242671e+00  -2.4809161e+00  -1.2011142e+00  -2.4303729e-01  -7.4539638e-02  -4.7640916e+00  -5.3757422e+00   3.9326893e+00   3.2964354e+00  -1.0645472e+00  -3.0493838e+00  -2.1885715e+00   2.7627358e+00  -2.0630154e-01  -1.1384812e+00  -1.6765919e-01  -1.2692011e-01
   9.7646358e+00   5.5610001e+00   2.5146023e+00   1.5940421e+00   3.2050413e-01   4.6401266e-01  -2.9174544e-01  -7.0734791e-01  -1.3449094e+00  -5.6124018e-01  -2.9368463e-01  -8.8617546e-02   8.8343929e-01   2.0339998e-01  -2.9603572e-02  -1.1866360e+00   1.6829074e+00   1.8531203e+00  -1.0545587e+00  -3.9095469e-01  -1.7401708e+00  -7.7000222e-01   3.4383446e-02  -2.9675074e-02
   1.4588741e+01   6.8334632e+00  -2.8155549e-01  -1.8105066e+00   1.6012901e+00   3.5012484e+00   1.4898495e+00  -3.4712244e+00  -3.8949636e+00  -1.5322599e+00   1.4612428e-01   1.5788010e-01   7.0269482e+00   6.4550019e+00  -5.4583157e+00  -6.3284176e+00   2.7557722e+00   6.9395265e+00   5.4467744e-01  -4.7173223e+00  -2.8788098e+00   2.7484056e-01   6.1344749e-02  -4.2375835e-02
   1.8439445e+01   1.1048760e+01  -3.3443550e+00  -5.3499650e+00   2.3542471e+00   7.0684903e+00   8.4665454e-03  -4.7571661e+00  -4.7313294e+00  -1.0142269e+00  -4.9261260e-02   5.9254442e-02   4.7967100e+00   6.3857953e+00  -2.3675523e+00  -4.8817627e+00  -2.5964376e+00   1.3861197e+00   3.1410911e-01  -2.3588090e+00  -9.4336525e-01  -7.4021516e-01  -5.3605424e-01  -7.3083110e-02
   1.9530644e+01   1.3949765e+01  -7.1147214e+00  -8.6191302e+00   2.2763942e+00   8.0241163e+00  -5.8537974e-01  -8.0753415e+00  -5.1059208e+00  -5.6235997e-01  -2.7323186e-01  -2.1203938e-01  -2.6442426e+00  -1.3753244e-01   1.9024103e+00   1.4707269e+00  -2.6287223e+00  -2.4845530e+00  -2.3597221e-02   2.0752948e+00   1.2135593e+00  -5.7886048e-01  -6.4528391e-01  -1.5408393e-01
   1.4488749e+01   1.1581542e+01   2.3798569e+00  -2.3242901e+00  -3.9117042e+00   2.8175838e-01   1.2170328e+00  -1.9435029e+00  -2.1544787e+00  -2.1565129e+00  -8.8808793e-01  -1.3282468e-02  -1.6404361e+00  -2.1212714e+00   1.4278066e+00   3.1293320e+00  -6.8648073e-01  -2.2127626e+00   3.8010320e-01   1.6123276e+00   5.9059557e-01  -8.0725776e-01  -9.9548104e-02  -2.8955682e-02
   1.2597725e+01   6.3607734e+00  -2.9004598e-01  -1.1172537e+00   7.9118228e-01   3.1677850e+00   8.5017049e-01  -1.7651139e+00  -3.3630500e+00  -1.8294076e+00  -4.0238826e-01  -3.6977343e-02   1.6771696e+00   2.0495944e-01  -1.6441381e+00  -5.6824865e-01   1.6550076e+00   2.7951974e+00  -5.9535400e-01  -1.0157419e+00  -4.9021139e-01  -3.4582182e-01   1.0712241e-01  -8.1242130e-02
   1.9445251e+01   1.1661348e+01  -4.6149828e+00  -4.4069052e+00   2.0671319e+00   6.1775120e+00  -1.3915376e-01  -5.4937885e+00  -4.7168715e+00  -1.5915897e+00  -1.3400521e-01  -7.1710102e-02   3.4793315e+00   1.7260661e+00  -2.8030522e+00  -6.4560297e-01   3.7960709e+00   4.4159740e+00  -1.8304797e+00  -3.6515192e+00  -2.2751006e+00  -6.6078133e-01  -2.9853112e-01  -2.0117245e-01
   1.9568148e+01   1.4217301e+01  -6.0835087e+00  -8.4301956e+00   1.7694876e+00   9.2690355e+00  -8.0031745e-01  -7.8238115e+00  -4.5600415e+00  -1.3635543e+00  -4.8958959e-01  -3.0468876e-01   2.9432259e+00   1.3274937e+00  -5.3581389e-01   6.2281696e-01   1.3827068e+00   1.3041289e+00  -7.9087700e-01  -1.5535836e+00  -3.5522203e-01  -8.6593105e-01  -4.6486521e-01  -3.8011101e-03
   1.6222535e+01   1.0242377e+01   1.0720100e+00   3.6377634e-01   1.2932494e+00   3.8550942e+00  -7.0344278e-01  -4.3914329e+00  -4.9686339e+00  -3.3806115e+00  -1.2922839e+00  -1.8118543e-01  -3.5010631e+00  -4.3927737e+00   3.2428638e+00   2.4077200e+00  -4.9472958e-01  -3.4802382e+00   1.3113675e+00   2.0841271e+00  -4.5140752e-02  -1.0188232e+00  -4.6609267e-01   2.1784129e-01
   1.8623922e+01   9.0614994e+00  -3.9372632e+00  -2.5683691e+00   3.2521838e+00   6.2851873e+00  -5.4000505e-02  -4.6466671e+00  -3.7700018e+00  -2.2337933e+00  -5.2054671e-01   1.2058656e-02  -3.9335733e+00  -5.6905043e+00   1.9030614e+00   2.0706294e+00  -1.4728613e+00  -5.0458619e+00   9.6358478e-01   2.3849492e+00  -5.6135884e-01  -8.2271945e-01   9.7007252e-02   2.5220502e-01
   1.4665769e+01   7.6500887e+00  -8.2380985e-01  -3.7262386e+00   5.8368944e-01   2.4490788e+00   1.4547390e+00  -3.9561701e+00  -5.1796025e+00  -2.6847050e+00  -8.1766566e-01   9.6678124e-02  -3.0281476e+00  -2.6939494e+00  -1.1109340e+00  -3.0474649e+00  -2.5453965e+00  -2.7219477e+00   1.9001062e-01   6.6291450e-01   8.0595685e-01   5.5965400e-01   5.2536436e-01   5.2268912e-02
   1.4446171e+01   6.9776889e+00  -2.2810067e+00  -3.2792440e+00  -8.5024395e-02   2.4032502e+00  -4.3403114e-01  -4.4640191e+00  -5.2965955e+00  -2.9455867e+00  -5.8138785e-01  -6.5313016e-02  -7.4495069e+00  -4.0587033e+00   3.9117322e+00   3.5146048e+00  -6.3200698e-01  -3.1181087e+00  -3.1378506e-01   2.6017195e+00   2.0738354e+00   5.6701271e-01  -7.0783423e-02  -1.8530720e-01
   1.3769189e+01   7.2433585e+00  -1.4225194e+00  -3.8519835e+00  -8.5624130e-01   1.7131412e+00  -2.2841153e-01  -3.4883852e+00  -2.9964018e+00  -2.1852338e+00  -4.7381682e-01  -6.4096225e-02   1.9790889e+00   3.1284626e+00  -3.3651284e+00  -5.7474146e-01   2.6959576e+00   2.8442364e+00   2.3653651e-01   8.6175803e-02   9.8244978e-01   1.7820836e+00   2.9735543e-01  -8.3696197e-02
   7.8979514e+00   3.1768096e+00   2.2296899e+00   2.7664106e+00   3.0241387e+00   1.9759931e+00   3.1689715e-01  -9.7798031e-01  -1.7508490e+00  -1.6330098e+00  -7.9864626e-01  -1.8551497e-01   5.1035908e+00   3.8842922e+00  -3.8477850e+00  -3.5564854e+00   1.9678747e+00   2.9234236e+00   4.2535156e-01  -4.2112859e-01  -1.8488133e+00   4.6429332e-01  -7.5959455e-02   1.0557253e-01
   2.0908512e+01   1.4243222e+01  -8.1268507e+00  -7.6111780e+00   3.0730444e+00   6.9290620e+00   1.4340796e+00  -5.5699258e+00  -5.4788010e+00  -6.6786805e-01  -2.6300331e-01   3.1234804e-02   3.8867203e+00   1.2371761e+00  -3.6856441e+00  -4.0689427e+00  -1.9148298e+00   3.7562159e-01  -1.1009258e+00  -2.3042915e+00  -3.1652405e+00  -1.0455555e+00  -2.2973452e-01   4.3391613e-02
   1.8531895e+01   9.3041953e+00  -4.7005185e+00  -6.7343748e+00   9.0214477e-01   4.1804252e+00  -6.2724936e-01  -4.0549416e+00  -6.8286157e+00  -3.0078296e+00  -8.0073379e-01   4.5380268e-02  -1.4584832e+00  -2.0430289e+00   7.8945767e-02  -2.0388662e+00  -5.1720463e+00  -4.1269062e+00  -2.4027187e+00  -1.4432116e+00  -1.0301077e+00  -1.1553575e+00  -3.2092299e-01   1.4161668e-02
   1.4282297e+01   6.0354298e+00  -3.4858814e+00  -5.2050049e+00  -2.6674891e+00   1.1743575e+00  -1.4077270e+00  -5.4063418e+00  -5.2053792e+00  -3.0661572e+00  -8.1737484e-01  -1.1445642e-01  -6.0772688e+00  -5.0874928e+00   5.2174869e+00   2.9196299e+00  -2.6330911e+00  -2.2268913e+00   1.6906418e-01   1.7071802e+00   1.3592455e+00  -5.2754228e-01   1.9741958e-01   1.0734916e-01
   9.0233342e+00   4.2161625e+00   2.7623865e-02  -1.4949753e+00  -1.8636641e+00  -1.3370139e+00  -1.8662776e+00  -3.2245897e+00  -3.4327215e+00  -2.1669014e+00  -1.0028450e+00  -9.1426850e-02   2.1574811e+00   1.2856804e+00  -4.4659799e-01   8.3316582e-01   2.0151901e+00   2.6243849e+00   2.1119970e+00  -1.0294679e-01   1.6239968e+00   6.6555618e-01   5.2650643e-01   2.6974001e-01
   1.6546890e+01   9.1559994e+00  -2.6646916e+00  -5.8514329e+00   5.0631213e-01   6.3474446e+00   2.3071900e+00  -3.4243314e+00  -5.1378799e+00  -1.8796456e+00   1.3418166e-01   2.6066210e-01   7.4624344e+00   5.0654764e+00  -3.3196438e+00  -2.5515396e+00   3.3585162e+00   5.5400123e+00   2.5499713e+00  -1.6367235e+00  -4.3762708e-01   1.9130647e-01   3.2967459e-01   2.7555216e-01
   2.0635821e+01   9.6724311e+00  -5.7810104e+00  -5.1614120e+00   2.3380294e+00   5.5304589e+00   6.8328761e-01  -5.2003670e+00  -4.4263701e+00  -2.6027512e+00  -4.8675239e-01   2.6243103e-01   7.2908517e+00   6.8723040e+00  -4.7312056e+00  -1.5661693e+00   1.9126335e+00   2.6354923e+00  -4.5309861e-01  -2.9273081e+00  -1.8297684e+00  -1.7391465e+00  -1.9271698e-01   1.1746951e-01
   1.9669706e+01   1.0905510e+01  -5.5610300e+00  -7.1990958e+00   2.6943849e-01   6.0506395e+00   1.1424474e+00  -6.8735383e+00  -5.3649955e+00  -2.5612727e+00  -5.8090925e-01   1.2194287e-01  -2.7997331e+00   2.0573175e-01   1.0047176e+00   1.8742114e+00  -1.4054882e+00  -3.6529640e+00  -1.6289915e+00   3.8848200e-01   5.8331078e-02  -9.5746589e-01  -1.6906528e-01   7.9637968e-02
   1.8398204e+01   1.3649863e+01  -5.6210153e+00  -3.1703977e+00   1.1237230e+00   2.7646272e+00  -1.9635543e+00  -5.8909484e+00  -6.0638163e+00  -4.4348076e+00  -9.3437500e-01   1.5413703e-01  -2.8524436e+00  -4.3872432e-01   1.8239719e+00   8.5078250e-02  -1.5833597e+00  -6.1928116e-01  -8.5737955e-01   1.3272492e+00   1.6540010e-01   2.8105342e-01   7.2891352e-01  -2.3757335e-02
   1.3466099e+01   7.4758811e+00  -1.2376127e+00  -4.0356230e+00  -9.9476701e-01   2.2509145e+00   1.1871236e+00  -2.4963177e+00  -4.2316602e+00  -2.3998162e+00   1.0439505e-01   4.3426604e-01   9.6958093e-01   2.0040996e-01  -1.0200113e+00  -1.5633239e+00   9.8987182e-01   1.6959758e+00  -1.8017575e+00   1.0054070e+00   3.6422531e-01   6.3206636e-01   6.1056458e-01  -1.2932865e-01
   1.9458959e+01   1.0729159e+01  -5.2067612e+00  -6.6155311e+00   5.9509253e-01   6.5013997e+00  -6.2511985e-01  -5.3981035e+00  -4.7449376e+00  -2.2618993e+00   2.6396574e-01   7.0633437e-02   6.5857070e-01  -1.8578619e+00   7.8619437e-02  -2.6055754e+00  -1.3992312e+00   1.6099987e+00  -1.8468998e-01   1.3570231e+00   1.1955484e+00   1.1052282e+00   5.5950483e-01  -2.5173785e-01
   2.0593699e+01   1.2666477e+01  -7.2981740e+00  -7.8215150e+00   2.0185615e+00   6.7262169e+00  -2.2294061e+00  -5.6118502e+00  -5.4780969e+00  -2.6996273e+00  -2.6423276e-01  -3.0298305e-02  -5.4707202e+00  -3.4201305e+00   4.1019088e+00   5.8738727e+00   1.5839664e+00  -2.2249373e+00  -1.1801104e+00   2.0169449e+00   2.7429411e+00   1.1487596e+00  -2.3180065e-01  -3.0330678e-01
   1.5822259e+01   8.2677722e+00  -2.4728055e+00  -5.1858148e+00  -2.4817880e+00   2.9419740e+00  -5.3232436e-01  -2.2976475e+00  -3.6472754e+00  -2.6270597e+00   8.9196146e-02   8.8124331e-03  -6.2455987e+00  -4.6789582e+00   5.0665182e+00   4.5015606e+00  -1.3016332e-01  -3.3504244e+00   1.1152430e+00   2.9036893e+00   1.6552508e+00   1.2072892e+00  -1.5702961e-01   1.1554523e-01
   7.0783681e+00   3.5763788e+00   3.5482726e+00   4.0603279e+00   2.9196229e+00   6.9322130e-01  -6.2943969e-01  -1.0211284e+00  -6.6607965e-01  -4.9409654e-01  -1.5592114e-01   1.0216378e-02  -3.2299912e-01  -2.2642675e+00   1.2291495e+00   4.6986913e-01  -2.5866424e-01  -1.0342973e+00   1.7666700e+00  -1.2600319e+00  -6.8792816e-01   6.7898949e-01  -2.4617620e-01   1.3133743e-01
   1.6848227e+01   8.2557710e+00  -3.0302072e+00  -5.8041116e+00  -5.0683174e-02   4.4922610e+00   2.4776151e-01  -3.3379305e+00  -4.6680700e+00  -1.5537309e+00  -2.5734492e-02   2.2369394e-01   3.5831008e+00   7.0392900e-01  -3.7911546e+00  -4.8186651e+00  -7.3384152e-01   1.3025341e-02  -1.0506042e+00  -4.4039478e+00  -3.8953104e+00  -9.3552536e-01  -5.6164971e-01  -5.2751120e-02
   1.9596217e+01   9.2760764e+00  -5.1757490e+00  -6.8075629e+00   4.1501268e-01   4.3996275e+00   3.0555946e-02  -6.9817565e+00  -5.9995918e+00  -2.2178074e+00  -5.7603174e-01   5.9267083e-02   7.7898057e-01   6.0222043e-02  -2.2671734e+00  -4.1752174e+00  -4.1620894e+00  -3.0529141e+00  -1.7392156e+00  -2.1501729e+00  -2.2932470e+00  -1.5787262e+00  -4.7310333e-01  -1.1077837e-01
   1.4937986e+01   6.4738169e+00  -3.7975266e+00  -6.9798670e+00  -2.3302452e+00   1.1083089e+00  -2.4382285e+00  -5.9232551e+00  -6.8234850e+00  -3.1684923e+00  -5.4322311e-01  -9.4839599e-02  -3.8217897e+00  -1.8873753e+00   1.6649074e+00   2.4328655e+00  -6.5648028e-01  -1.9164092e+00  -4.2634990e-01   9.2832777e-01   3.6278284e-01  -3.5611719e-01   1.8775071e-01  -9.8205793e-02
   9.2019592e+00   4.5576889e+00   5.3117223e-01  -1.6146205e+00  -2.1837302e+00  -2.1941739e+00  -1.8952681e+00  -2.9537254e+00  -3.0282426e+00  -2.0548052e+00  -6.0683183e-01   3.3155948e-03   8.6858359e-02   7.1829821e-02   3.6027243e-01   1.4365651e+00   2.0076543e+00   9.5686431e-01   1.0569439e+00   1.5942694e+00   1.9150906e-01   4.7286449e-01   5.4318165e-01   8.9533890e-02
   1.6312671e+01   7.7839018e+00  -3.3863067e+00  -4.7512845e+00   2.6396785e-01   4.9145479e+00   5.7114868e-01  -3.9594544e+00  -5.6095703e+00  -2.1694078e+00   2.7129161e-01   1.0436100e-01   6.1046458e+00   3.2317988e+00  -2.6681603e+00  -1.3584016e+00   4.4436266e+00   4.3567582e+00   1.2891940e+00  -9.9553876e-01  -9.7522337e-01   8.4803975e-01   4.2121196e-02   8.6828994e-02
   1.9039162e+01   8.7287787e+00  -4.8409503e+00  -5.7670064e+00   2.1293876e+00   3.9318045e+00   1.1128320e-01  -5.5722528e+00  -6.3192855e+00  -2.0080530e+00  -1.6851663e-01   9.3967621e-02   6.6205449e+00   6.5420801e+00  -3.4295794e+00  -2.2880973e+00   2.5306136e+00   2.7691884e+00  -6.7261460e-01  -3.2601979e+00  -1.9719216e+00  -1.4146394e-01  -6.5856627e-01  -2.4135291e-03
   1.9176353e+01   9.2359702e+00  -5.1137058e+00  -6.9412765e+00   2.1786358e+00   4.5804570e+00  -1.5077131e+00  -6.1072996e+00  -6.6407986e+00  -1.9198088e+00  -6.9919891e-01  -9.9221219e-03  -1.1632342e+00   1.9584811e+00   8.7154385e-01  -2.1339588e-01  -1.2402754e+00  -1.6005763e+00  -9.6214023e-01  -3.7725719e-01   1.1292874e+00   6.1248151e-02  -4.2887654e-01   1.0600793e-01
   1.7700935e+01   1.3644775e+01  -3.7494973e+00  -3.9517704e+00   6.5485616e-01   2.1266542e+00  -1.8647591e+00  -6.7700996e+00  -5.4705109e+00  -2.3918006e+00  -1.1094360e+00   5.6836860e-02  -2.2465798e+00  -2.5650574e-01   9.4701496e-01   9.4713219e-01  -2.0244723e+00  -9.3303431e-01   3.3458398e-01   8.4284304e-01   7.5357657e-01   1.9088203e-01   1.5932216e-01   1.9011591e-01
   1.5236933e+01   8.2636253e+00  -2.6247174e+00  -5.9789964e+00  -8.5917952e-01   3.4162585e+00   1.1595947e-01  -3.9264168e+00  -4.3400265e+00  -1.8856617e+00   9.8436482e-02   2.8193827e-01   1.3321541e+00   1.1821393e+00  -3.1413175e+00  -6.3322767e-01  -2.2058604e-02   1.5674921e+00   3.1049191e-01  -4.5280803e-01   5.4539917e-01  -3.1672150e-02   4.3759363e-01   2.6961058e-01
   1.7639003e+01   8.8301926e+00  -4.6649220e+00  -4.8274482e+00   6.1158679e-01   3.1143523e+00  -1.9867714e-01  -5.3984296e+00  -6.3393067e+00  -1.7388034e+00  -3.2835109e-01   2.3321128e-01  -3.6167565e-01  -3.5019140e+00  -1.2206007e+00  -4.7391992e-02   7.4998630e-01   1.0456404e-01   2.0075275e-01   1.2628321e+00   1.3230479e+00   4.7898519e-01   4.7890478e-01   3.0897529e-02
   2.1205551e+01   1.3416470e+01  -9.3679697e+00  -7.4532791e+00   2.1671826e+00   6.4378461e+00  -1.8750162e+00  -7.4723466e+00  -5.3883019e+00  -2.2938156e+00  -4.3335091e-01   3.0630654e-01  -5.8661612e+00  -4.4556158e+00   3.1420393e+00   4.9709826e+00   8.4132118e-01  -2.8115267e+00   2.4743464e-01   3.5307893e+00   4.3413629e+00   1.2385747e+00  -1.7476828e-01  -2.9049421e-01
   1.4174113e+01   5.8154814e+00  -2.2087723e+00  -3.2857171e+00   2.6665455e-01   7.7270649e-01  -5.6814210e-01  -3.1028865e+00  -2.9618013e+00  -1.4692459e+00  -1.2518510e-01   9.0999017e-02  -6.5623918e+00  -4.7671935e+00   5.6241378e+00   2.6943475e+00  -1.6166637e+00  -3.0665143e+00   6.5215991e-01   3.7498135e+00   3.1832835e+00   5.1128751e-01   3.0902543e-01  -1.6924508e-01
   8.1701362e+00   3.0875572e+00   8.6026667e-01   7.0661197e-01   5.7526837e-01   3.6979139e-01   6.7184391e-01   2.2199554e-01   4.8326523e-01  -1.6257842e-01  -2.6529893e-01  -8.2696905e-02  -1.4512780e+00  -1.9149955e+00   3.0504629e+00  -2.3987406e-01  -1.8476373e+00  -1.2813088e+00   2.6970866e-01   6.4975764e-01  -8.3462707e-01  -5.7980550e-01   5.3285978e-01  -1.5897120e-01
   1.4313122e+01   6.8438588e+00  -1.3428334e+00  -4.8658726e+00  -1.0174516e+00   1.5486083e+00  -4.9386735e-01  -3.6208805e+00  -4.5001650e+00  -2.0374908e+00   5.1161070e-02   1.7384538e-01   3.9864887e+00   2.3454662e+00  -3.0636851e+00  -3.9901876e+00  -2.3914182e+00   7.7774734e-01  -2.1102204e+00  -3.7019376e+00  -3.9463410e+00  -1.8704853e+00  -1.9936799e-01  -1.2659610e-01
   1.8959129e+01   1.0029788e+01  -5.2252448e+00  -7.0230124e+00   3.7779724e-02   4.1279320e+00  -1.5075906e+00  -6.2387131e+00  -5.8710607e+00  -2.8794014e+00   2.7776567e-01   2.6426568e-02   1.1233414e+00   7.9082689e-01  -2.7494041e-01  -7.6529537e-01  -1.7878984e+00  -1.3734491e+00  -2.9339911e+00  -2.5262145e+00  -2.0812289e+00  -5.2206391e-01   6.1590098e-02   8.2622059e-02
   1.4759350e+01   5.8625650e+00  -3.7615442e+00  -5.4061863e+00  -3.0517284e+00   6.0257199e-02  -2.6437555e+00  -5.4254386e+00  -5.7041498e+00  -2.9165623e+00  -6.9576939e-01  -1.5345687e-01  -1.7686442e+00  -6.6759471e-01   1.2846077e+00   1.6587223e+00  -7.4986129e-02  -3.6478394e-01  -1.0899803e-01   1.5305887e-01   7.5041972e-01   5.3723780e-01   2.9428662e-01   1.5649569e-01
   9.6320348e+00   4.7644444e+00   1.6572114e+00  -1.7117424e-01  -1.0894408e+00  -9.4620675e-01  -2.6541986e+00  -2.6650472e+00  -2.0365857e+00  -5.0613852e-01   2.0055144e-01   2.0488731e-01  -1.0000301e+00  -1.9987003e-01   1.7219058e+00   1.1799103e+00   3.4975326e-01   1.8925517e-01   1.6595751e+00   1.1443330e-01   2.6490607e-01   5.3019177e-01   3.3134910e-01   2.9661982e-01
   1.6323703e+01   8.4751387e+00  -2.8571500e+00  -5.8037082e+00  -5.6632055e-01   3.5385018e+00  -8.4060387e-02  -5.1781252e+00  -5.2917729e+00  -2.4182655e+00   5.3119811e-01   3.1935855e-01   3.7087799e+00   2.9387894e+00  -1.2709889e+00  -1.3703148e+00   7.2408288e-01   3.7202162e+00   1.1440442e+00  -1.6402300e+00  -1.3901013e+00  -3.2956965e-01   3.1307110e-01   2.8265816e-01
   1.6676907e+01   8.4236965e+00  -3.0945832e+00  -5.0543860e+00  -6.8029429e-01   2.6726925e+00  -2.9807555e-01  -6.1907199e+00  -5.6798900e+00  -2.3332622e+00   1.6130557e-01   2.3494859e-01   4.4994769e+00   4.5813601e+00  -2.3171441e+00  -1.5209827e+00  -1.8143425e+00   3.7286468e-01  -9.2714091e-02  -1.8111154e+00  -1.1933553e+00  -1.2262792e+00  -1.0956974e+00  -2.1802685e-02
   1.6800083e+01   8.4411231e+00  -3.2921303e+00  -5.0200526e+00  -2.1701773e+00   3.8311318e+00  -2.1057508e+00  -6.1229473e+00  -5.9676496e+00  -2.4973550e+00  -2.0653981e-01   2.5549973e-01   8.2972139e-02   1.7347341e+00  -5.9646072e-01  -1.5748376e-01  -7.1427027e-01  -5.4074093e-01  -5.1093228e-01   5.5256576e-01   1.0196238e+00   8.3292112e-01  -3.5436533e-01  -4.6353343e-02
   1.6143060e+01   1.1653492e+01  -1.6010146e+00  -2.8444760e+00  -3.0090262e+00  -5.3322478e-01  -1.7824246e+00  -4.9093093e+00  -3.4886803e+00  -2.3060126e+00  -1.0741257e+00   2.0411269e-01   1.2052715e+00   1.2424966e+00  -2.4215072e+00  -7.0372545e-01   7.6145596e-01   1.2760339e+00   8.1985653e-01  -1.2395449e-02   2.6301213e-01   7.2717264e-01   3.3458523e-01  -6.0007114e-03
   1.6715085e+01   9.4623419e+00  -4.4986254e+00  -7.1448888e+00  -4.7336002e-01   4.3303490e+00  -1.0828430e-01  -4.9899819e+00  -4.8579421e+00  -1.1825086e+00   6.1736573e-01   2.6524648e-01   3.8003724e+00   3.4195780e+00  -6.4655180e+00  -2.9583280e+00   4.0408343e+00   3.1425285e+00   1.3070076e+00  -2.3961962e+00  -6.3119739e-01   9.8307882e-01   4.6969504e-01  -5.7484315e-02
   1.8527314e+01   9.7768319e+00  -6.1235964e+00  -5.0475561e+00  -3.8651898e-01   4.3371348e+00  -6.7023999e-02  -6.7757958e+00  -5.8402255e+00  -1.8999264e+00   2.5123065e-01   2.2107414e-01   6.0570802e-01  -2.3149267e+00  -2.6413525e+00  -9.4846611e-01   3.3977216e+00   1.6272349e+00   3.0315019e-01  -8.2531351e-02  -7.1847424e-03   8.4049018e-01   5.5959931e-01  -1.2451688e-01
   2.1308515e+01   1.4508820e+01  -1.0729116e+01  -8.3560047e+00   2.5798205e+00   6.1097448e+00  -1.0029397e+00  -8.7839983e+00  -5.7386730e+00  -1.2257799e+00  -1.6467540e-01   1.6079254e-01  -6.2859090e+00  -5.2511932e+00   4.3543902e+00   4.7547273e+00   5.9477083e-01  -3.9672296e+00   2.1636146e-01   4.6234809e+00   4.3303386e+00   1.0946347e+00  -5.3096528e-01  -1.9570345e-01
   1.4754907e+01   5.6578631e+00  -2.4477978e+00  -3.6616173e+00   5.6096594e-01   1.0179297e+00  -8.8037159e-01  -3.1360981e+00  -3.0590919e+00  -1.0236417e+00   1.5629387e-01   6.9564348e-02  -6.7748651e+00  -5.6164706e+00   6.4635089e+00   3.2153731e+00  -1.6115091e+00  -4.0521038e+00  -5.1880521e-02   4.6853413e+00   2.7310847e+00   4.9064662e-01  -4.1602863e-02  -2.7407072e-03
   9.1724246e+00   3.6450365e+00   1.9506062e-01  -7.0576726e-01  -5.4946240e-02   3.9107080e-02   6.2293168e-01   1.2539061e-01   2.4699906e-01   2.1301088e-02  -1.3161379e-01   4.7446201e-02  -1.4681222e+00  -2.1205954e+00   3.8394391e+00   2.6010118e-02  -2.6471249e+00  -3.5594146e-01  -6.9549650e-01   1.0193845e+00  -9.5594521e-01  -4.2512678e-01   1.5029723e-01   1.6789283e-03
   1.4433061e+01   6.7840179e+00  -1.8904215e+00  -4.0496151e+00  -1.4863993e+00   1.2942980e+00  -9.5778046e-01  -4.2024783e+00  -4.7364344e+00  -1.7874969e+00   1.7229555e-01   2.7363625e-01   2.9913525e+00   2.5104992e+00  -2.5954480e+00  -3.8495680e+00  -2.5137880e+00   5.4060538e-01  -1.6057430e+00  -3.5112475e+00  -3.6889753e+00  -1.1317581e+00  -4.6379494e-01  -6.2703370e-02
   1.9267255e+01   1.0764850e+01  -5.2486459e+00  -8.1229906e+00  -3.6718418e-01   5.4376484e+00  -2.0074800e+00  -6.7217314e+00  -6.3339196e+00  -1.4815424e+00   5.2769605e-02   6.1274977e-02  -2.5653071e-02   7.7870989e-01   2.9922365e-01   3.4314150e-01  -6.5543719e-01  -1.5189617e+00  -2.0040325e+00  -1.8350976e+00  -9.9717528e-01   1.1965205e-01   2.2558501e-01   6.6765518e-02
   1.4194521e+01   5.8637052e+00  -3.6191165e+00  -5.7273576e+00  -3.0535972e+00  -8.7043291e-01  -1.9737803e+00  -4.9794083e+00  -5.3020956e+00  -1.9698571e+00  -6.3159024e-01  -3.1405095e-02  -3.6606182e+00  -2.2297096e+00   2.1349257e+00   3.0170626e+00   7.9948933e-01  -2.0603258e+00   4.9953220e-01   1.3381480e+00   2.1876945e+00   5.3043511e-01   6.3078407e-02   2.9242314e-02
   9.2532152e+00   5.2732577e+00   1.5082436e+00   6.4781623e-01  -2.5450311e-01  -1.1569700e+00  -1.8751172e+00  -2.2387907e+00  -9.6593328e-01   2.9195926e-01   6.0870662e-01   3.0011515e-01  -2.1378112e+00  -1.9662119e+00   2.1325544e+00   2.4815307e+00   1.2140916e-01  -9.2084488e-01   1.0299954e+00   1.3406304e+00   1.0067581e+00  -7.4801059e-01   1.8700419e-01   2.1976071e-01
   1.3949154e+01   6.1852496e+00  -2.0664777e+00  -3.9094246e+00  -3.4350586e-01   1.5011186e+00  -2.7466354e-01  -4.4367267e+00  -4.1388858e+00  -1.8785951e+00  -1.1055349e-02   1.9807964e-01   4.4429951e+00   2.6162958e+00  -1.8176555e+00  -2.7968306e+00   6.3702397e-01   3.5327941e+00   7.9947210e-01  -2.0524837e+00  -1.7379240e+00  -1.2701619e+00   1.2020291e-01   1.9527047e-01
   1.6183221e+01   7.6547598e+00  -2.8261336e+00  -5.3096610e+00  -1.5401161e+00   2.8706053e+00  -1.3120452e+00  -4.9821266e+00  -5.4053874e+00  -2.6491893e+00   2.3008439e-02   2.7617367e-01   6.3663582e+00   8.1412182e+00  -3.6945344e+00  -6.9229412e+00  -9.1781515e-01   1.5564958e+00   8.5171247e-01  -2.5516871e+00  -4.5010777e+00  -2.2811545e+00  -4.1857491e-01   1.8131965e-01
   1.7394010e+01   8.5973979e+00  -4.1784112e+00  -6.9438648e+00  -1.4552547e+00   2.4149705e+00  -1.0561081e+00  -6.6864659e+00  -5.6892546e+00  -2.4045257e+00  -1.5843678e-01   2.7347134e-01   1.9428047e+00   4.7495784e+00  -1.2058026e+00  -2.2940441e+00   9.9061500e-01   3.4758420e-01   5.3709831e-01  -4.6839774e-01  -1.1584004e+00   2.8229844e-01   4.7172506e-01   1.8143736e-01
   1.7080324e+01   1.6279011e+01  -2.9775913e+00  -8.2193754e+00  -1.0753514e+00   7.2084768e-01  -2.0682624e-01  -4.9414517e+00  -6.9423655e+00  -2.8668072e+00   5.4534975e-02   5.3439878e-01   4.4106711e-01   1.2027534e+00  -7.9911732e-01  -1.4305694e-01   2.0751505e+00   1.2038479e-01   1.4826869e+00  -2.7039593e-01   7.3257713e-01   7.1429171e-01   4.7458397e-01   3.5562668e-02
   1.6414809e+01   8.9974917e+00  -3.7994527e+00  -5.8956334e+00   9.1003429e-01   3.0973737e+00  -2.1625580e-02  -5.1596607e+00  -5.1079973e+00  -1.3463385e+00   6.8076898e-01   3.4112312e-01   1.6889477e+00  -7.6507850e-01  -1.7415178e+00   2.7041980e-01   1.9104489e+00   1.3915315e+00   7.0627363e-01   2.2866960e-03   4.0818942e-01   9.3994968e-01   5.0237157e-01  -1.4437357e-01
   1.7334423e+01   9.2588431e+00  -4.2142888e+00  -6.0483621e+00   3.8996520e-01   2.7099809e+00   3.9474391e-01  -6.1511231e+00  -4.5971503e+00  -2.1068453e+00   3.1528151e-01   2.9569179e-01  -2.5632709e+00  -6.8104813e+00   1.1864273e+00   4.6593047e+00   1.0759757e+00  -6.7216511e-01  -1.3305547e+00   4.6868692e-01   2.6815063e+00   1.5035873e+00  -4.0308324e-02  -2.9393787e-01
   1.9800383e+01   1.0959864e+01  -6.1723391e+00  -7.6237418e+00   6.7776033e-01   3.5077012e+00  -2.9748272e-01  -6.0782002e+00  -6.2495780e+00  -1.3745821e+00   4.6474730e-01   1.7626449e-01  -2.0669562e+00  -3.3295512e+00   2.2793957e+00   5.0895693e+00   3.5938654e-01  -2.7854678e+00  -1.7768278e+00   2.9762321e+00   3.1699190e+00   1.5832692e+00  -3.8740836e-01  -2.1342211e-01
   1.1542631e+01   5.0821027e+00  -1.1507173e-02  -3.6636421e-01   6.5474909e-01  -4.9256374e-01  -2.0647298e+00  -3.7791516e+00  -2.3493157e+00  -5.9730437e-01   1.0208333e-01   1.7592129e-01  -6.8364078e-01  -6.2991293e-01   6.3394527e-01   1.7877522e+00   2.1410667e-03  -6.9132158e-02  -1.0982229e+00   1.2750250e+00   1.2685746e+00   9.1814264e-01   4.4597139e-02  -3.8874272e-02
   1.6210271e+01   6.0915351e+00  -2.4817500e+00  -1.1022785e+00   1.3167222e+00   5.2044438e-01  -1.4571304e+00  -1.8812984e+00  -1.4770361e+00   2.7379476e-01   2.0625553e-01   8.0875204e-02   3.1521886e-01   4.9078201e-01  -3.9252723e-01  -6.7072883e-01  -1.7311402e+00   1.1859514e+00   3.2254607e-01  -1.4284575e+00  -2.0138966e-01  -6.5721371e-01   2.1349735e-02   1.1225835e-02
   1.8104017e+01   1.0748138e+01  -5.1086655e+00  -6.6274655e+00   7.3695892e-02   4.0999111e+00  -6.7276657e-01  -6.3370365e+00  -5.0805594e+00  -1.5538198e+00   5.1142310e-01   2.8507502e-01   1.3986993e+00   1.0129517e+00  -2.0118225e+00  -2.1956999e+00  -9.0682624e-01   2.0645174e+00   3.7094238e-01  -2.9651338e+00  -2.2009048e+00  -1.1638745e+00   3.0940151e-01   8.4639322e-02
   1.6992518e+01   8.8630194e+00  -4.2125507e+00  -5.4992844e+00  -1.6284234e+00   2.9903908e+00  -5.0964522e-01  -6.9419440e+00  -5.1860407e+00  -1.8821449e+00   2.9210202e-01   1.3852637e-01  -1.5655262e+00   5.5908617e-01   3.0131438e+00   3.7745584e+00   6.5184386e-02   6.4532930e-01   1.3388699e+00   2.4200719e-01  -9.0079378e-02  -3.3510150e-01   4.9110451e-01   2.4285310e-01
   1.3249557e+01   5.2157881e+00  -2.1638406e+00  -1.4614110e+00   7.6708249e-01   1.3692391e+00  -1.9820588e+00  -5.6965294e+00  -3.7961706e+00  -1.2651463e+00   5.2326234e-01   2.7405468e-01   1.3821592e+00   1.3959274e+00   2.6366092e-01   1.8197111e+00   2.3076461e+00   6.6253128e-01   1.3066653e-01   1.0930963e+00   2.0187983e+00   6.1326905e-01   3.7192402e-01   8.7898613e-02
   1.6289212e+01   9.6963394e+00   5.6555328e-01   1.9765319e+00   1.0678054e+00   2.8537744e+00   1.2058206e+00  -1.8385411e+00  -2.2543495e+00  -3.7319422e-01   9.3699268e-01   4.5066502e-01   1.9241089e+00   2.0573440e+00  -1.1408971e+00  -1.8418527e+00   9.1574439e-01   5.2546582e-01   3.5920739e-01   4.0065165e-01   4.3366823e-01   1.1495192e-02   7.5257653e-02   3.0788603e-02
   2.0528909e+01   1.2425369e+01  -7.1022261e+00  -7.6358069e+00   2.1870507e+00   5.1620163e+00  -1.3344997e+00  -7.2490935e+00  -3.5182074e+00  -1.3883916e+00   7.4686379e-01   2.6085362e-01  -2.1833776e-01  -9.2144386e-02  -1.3883584e+00  -4.8275756e+00  -3.3785736e+00  -1.9737479e+00  -1.5225042e+00  -1.7982818e+00  -2.8790394e+00  -1.5101756e+00  -7.1482283e-01  -5.7819914e-02
   1.6239005e+01   8.3442448e+00  -3.4547036e+00  -5.1748656e+00  -9.6479088e-01   1.8822010e+00  -2.9461368e-01  -5.5646845e+00  -4.6745199e+00  -1.8032795e+00   2.9318777e-01   1.9130981e-01  -7.0703268e+00  -5.5717561e+00   1.1210192e+00  -2.3205538e+00  -4.9729592e+00  -5.7809468e+00  -2.7007112e+00   3.8385676e-01  -9.1796175e-01  -1.0758531e+00  -1.3835434e+00  -3.0639094e-01
   1.2947153e+01   5.7536188e+00  -2.2362497e+00  -5.1270758e+00  -3.2844797e+00  -1.1055961e+00  -3.5155980e+00  -6.5308804e+00  -6.9046445e+00  -2.8153671e+00  -2.2706945e-01   3.1700242e-01  -7.1127438e+00  -4.9185017e+00   5.1126754e+00   4.7921149e+00  -2.4758894e+00  -4.1829314e+00  -4.8384105e-01   3.7929168e+00   8.7724966e-01   5.9382528e-01  -4.9036154e-01  -3.1784842e-02
   9.4745995e+00   4.6745804e+00  -1.8590613e-01  -2.7586645e+00  -3.6558681e+00  -2.6838396e+00  -1.7546971e+00  -1.6218625e+00  -1.9380736e+00  -1.2734861e+00  -6.5135576e-01  -3.6995797e-02   1.9463309e+00   1.6001735e+00   5.9269135e-01   7.1563406e-02   2.4131661e+00   1.6329570e+00   1.1291063e+00   7.4893077e-01   1.1120363e+00   1.2456287e+00   5.8358225e-01   5.2654066e-02
   1.3241996e+01   6.8824489e+00  -1.0676118e+00  -1.6557352e+00  -1.8124488e-01   1.1706395e+00  -1.3302196e+00  -3.5311293e+00  -3.5705561e+00  -7.6255037e-01   4.8359325e-01   3.2732916e-01   8.0751671e+00   8.2337796e+00  -4.0203972e+00  -5.4683255e+00   4.7176927e+00   7.3220135e+00   2.5951746e+00  -2.0204707e+00  -3.2500627e-01   2.0827403e+00   1.2031866e+00  -3.9326597e-02
   1.9011080e+01   1.0180090e+01  -3.1499855e+00  -6.8031908e+00   1.1033408e+00   3.1935186e+00   3.0635661e-01  -5.9411639e+00  -4.6735097e+00  -9.6124489e-01   8.1322979e-01   2.6512754e-01   4.9014397e+00   5.2919394e+00  -1.0505819e+00  -2.1071839e+00   6.9113637e-01   2.5240019e+00  -8.0001533e-01  -1.6846325e+00  -9.0889026e-01   3.3686114e-01   4.6979737e-01   5.3148869e-02
   2.0291664e+01   1.5351533e+01  -6.7848058e+00  -1.1307301e+01   1.4124549e+00   6.9387449e+00  -6.5336288e-01  -7.4019357e+00  -6.0244359e+00   1.5262276e-01   8.4541760e-01   1.0695086e-01  -2.0184088e+00  -6.2922956e-01   2.0802179e+00   1.0712003e+00  -2.6577083e+00  -1.8286757e+00   1.5237233e-01   2.6365725e+00   1.6463622e+00  -3.7668298e-01  -5.2003325e-01  -1.3575414e-01
   1.3301925e+01   8.3779472e+00   1.0968181e+00  -1.0936575e+00  -3.4160134e+00  -1.7818895e+00  -3.2931484e+00  -2.2134079e+00  -2.0744691e+00  -1.2257810e+00  -1.2757188e-01   1.5291666e-01  -3.3885204e+00  -1.9718639e+00   1.8675104e+00   3.8882262e+00  -2.2475523e+00  -2.4103509e+00   1.9230217e-01   3.2176162e+00   1.8302486e+00  -5.6611780e-01  -2.9131972e-01  -4.4975382e-02
   1.3068960e+01   6.8396760e+00  -7.0686799e-02  -2.9037014e+00  -1.9081302e+00   9.1533003e-01   6.9809145e-01  -1.4401485e+00  -2.4005331e+00  -1.1953068e+00   1.7394421e-01   1.7980339e-01  -6.9075763e-01  -2.3145729e+00   7.5641110e-01   1.9328906e+00  -7.7716510e-01  -1.9344702e+00   3.6896714e-01   2.2177591e+00   7.4735791e-01  -7.8787800e-01  -2.7933626e-02   7.4241586e-02
   1.7539651e+01   1.1478223e+01  -3.7057794e+00  -5.1726512e+00  -6.0769506e-01   2.5896998e+00  -8.0917290e-02  -4.0956331e+00  -3.7400882e+00  -1.1364568e+00   7.1198690e-01   1.6123820e-01   2.0964567e+00   3.5385265e+00  -1.7150038e-01  -2.9355987e+00   3.3014000e-01   8.8551996e-01  -1.2936456e-01  -1.0697522e+00  -8.2211588e-01   3.1131390e-01  -1.3702073e-01   1.2293980e-01
   1.7136664e+01   1.0329536e+01  -3.2488904e+00  -6.3684681e+00  -1.1574520e+00   1.8512450e+00  -1.7060277e+00  -3.1341845e+00  -4.0705895e+00  -1.0738563e+00   3.8373777e-01   2.1415246e-01   2.5819675e+00   4.7264637e+00  -1.1806329e+00  -1.9255242e+00   1.4584065e+00   9.3703756e-01  -3.4017607e-01  -1.4132434e+00  -4.7276114e-01   1.2264699e+00   3.7014088e-01   1.7328649e-01
   1.4412758e+01   1.1940807e+01   2.4286693e+00  -3.7646722e+00  -3.2961425e+00  -9.2156701e-01  -2.2851357e+00  -2.9710183e+00  -2.4726147e+00  -8.1953536e-01  -4.3799975e-01   3.2015182e-01   1.5832024e+00   2.4879689e+00  -1.4794888e+00  -1.6713449e+00   3.6301626e+00   2.2196603e-01   1.7791419e-01   8.8688881e-02  -5.9610239e-01   7.7514861e-01   2.9486245e-01   3.2222796e-01
   1.8505358e+01   1.3698080e+01  -4.9088605e+00  -6.4959772e+00   1.6237033e+00   4.0765198e+00   1.2899365e+00  -4.1223211e+00  -3.7434115e+00   4.8593735e-01   1.3041489e+00   3.6027632e-01   1.1524169e+00  -1.5532275e-01  -1.7065535e+00  -9.3622351e-01   3.7453153e+00   3.2591822e-01   6.6813977e-01   2.6368771e-02  -7.5838432e-01   3.4440537e-01   4.6856705e-01   1.9685728e-01
   1.9230108e+01   1.3525904e+01  -5.0950276e+00  -7.6159140e+00   3.4469712e+00   1.8100114e+00  -1.3120281e+00  -3.4685316e+00  -4.7978307e+00  -7.5363072e-01   6.9407503e-01   5.7151821e-01  -2.2702438e-01  -3.9666720e+00  -7.8445800e-01   8.9576465e-01   2.0575800e+00  -1.9287588e+00  -1.6333636e+00  -4.1824508e-01   8.1298695e-01  -7.5419038e-02   2.2996888e-01  -2.0118694e-01
   1.6456615e+01   9.3040033e+00  -2.0468723e+00  -5.8471825e+00   1.0889641e+00   9.7433309e-01  -1.1903718e+00  -2.8458748e+00  -4.0455580e+00  -5.9020057e-01   5.2055096e-01   3.8375519e-01  -3.0139816e+00  -3.8186368e+00   4.9018819e+00   3.1784555e+00  -3.0718212e+00  -2.9847482e+00  -1.5223769e+00   1.4191751e+00   1.7023342e+00  -1.1116204e+00  -7.2237682e-01  -3.5112819e-01
   1.5096593e+01   8.1878370e+00  -1.7901179e-01  -2.7454226e+00   5.7597009e-02  -2.2636119e+00  -3.4950268e+00  -4.2366091e+00  -1.1020611e+00  -3.9459495e-01   2.9875252e-01   6.6319749e-03  -1.0922090e+00  -4.5041048e-01   2.4992124e+00   2.3717092e+00  -2.6194577e+00   1.7784721e+00   1.0032917e+00  -2.7247509e-02   1.9853067e+00  -3.6538104e-01   4.3312223e-01  -9.9570971e-02
   1.6051143e+01   1.0639158e+01  -1.4045589e-02  -4.1635397e+00  -1.2893414e+00   1.6362092e+00   9.7870468e-02  -1.6095196e+00  -3.0377951e+00  -1.3610112e+00   4.1824488e-01   1.1602715e-01   2.1015470e+00   2.3685563e+00  -1.1122677e+00   5.4679742e-01  -3.4897050e-01   4.1542543e+00   1.0118255e+00   2.5316471e-01   3.2716682e-01  -1.2919239e-01   1.1837480e+00   2.0872813e-01
   1.7794530e+01   1.2182711e+01  -2.3626224e+00  -4.9001715e+00   7.0693731e-01   4.1467815e+00  -4.5121177e-01  -4.1275804e+00  -2.3237521e+00  -9.1629697e-01   1.3949114e+00   5.5602577e-01  -2.4306770e+00  -1.6182717e+00   7.1443384e-01   2.2211623e+00  -8.8670831e-01   9.0746017e-02  -6.0195418e-01   1.2219680e+00   6.9835031e-01   1.0461218e+00   5.4648337e-01   6.4592251e-02
   1.8259967e+01   1.0859401e+01  -2.6234686e+00  -3.9496119e+00   2.4083818e-01   4.0005178e+00  -1.1945411e+00  -2.5206420e+00  -2.9439622e+00  -5.2313815e-01   1.7480936e+00   4.2215049e-01  -3.0594128e+00   1.3573899e+00   1.5786855e+00   3.8338338e+00  -1.0234341e+00  -4.2440312e+00  -1.6320969e+00   1.9851303e-01   1.4638813e+00   1.4828767e+00   1.5009616e-01  -3.5514662e-02
   1.0346166e+01   5.6503083e+00   2.1973505e+00   4.7935703e-01  -2.0375552e+00  -3.3096472e+00  -3.7517523e+00  -1.9480958e+00  -1.0145203e-01   7.5565121e-01   4.5355324e-01  -4.9541319e-02  -2.7303500e+00   3.1297075e+00   1.8698524e+00   3.0985192e+00  -1.1079691e+00  -2.2784711e+00   2.0735436e+00   8.8661157e-01   6.5085039e-01   9.4141449e-01   3.1723455e-01   1.1291901e-01
   1.5186206e+01   1.5941445e+01   7.3996277e-02  -1.1025533e+00  -1.4522462e+00  -1.0016232e+00  -7.0000467e-01  -2.4014924e+00  -1.9531231e+00   2.7329812e-02   1.1140682e+00   3.6553870e-01  -5.7870663e-01   4.4725167e+00   4.2737333e-01   6.6057339e-01   5.2809330e-01   1.2683421e+00   5.0449466e+00  -1.3802085e+00   5.9513596e-01   3.8435517e-01   8.6051788e-01   4.3175439e-01
   1.5235886e+01   1.4336251e+01  -9.0657629e-01  -1.6759221e+00  -1.0847415e-01   3.2301453e+00   2.4118354e+00  -2.8572379e+00  -1.8428961e+00   2.2059079e-01   2.1877759e+00   7.5371019e-01   7.9335390e-02  -5.4941436e-01  -4.3505919e-01  -1.4746202e+00  -1.6579960e-01   2.2249615e+00   3.6353135e+00   1.4196915e-01   4.5548967e-01   1.1740788e-01   5.3466615e-01   1.8406306e-01
   1.4947047e+01   1.3225205e+01  -4.3044522e-01  -1.8811123e+00   6.8437586e-02   2.6331346e+00   3.2910850e+00  -4.1363837e+00  -1.1805363e+00   3.2092482e-01   2.1717590e+00   6.6815631e-01  -6.3926595e+00  -8.5156299e+00   2.4873697e+00   2.5572972e+00   4.4016960e-01  -1.1599732e+00  -5.1792107e-01   2.1403923e+00   2.8033501e+00   1.1383820e+00  -6.3744064e-01  -2.7779257e-01
   1.0584748e+01   6.1843067e+00   1.7969824e+00  -1.3432938e+00  -3.0465966e+00  -1.7895839e+00  -2.9432693e-01  -8.6769644e-01   1.9548905e-01   7.8496553e-01   7.2670704e-01   7.5244465e-02  -5.5595028e+00  -1.8440402e+00   3.6538044e+00   2.0026719e+00  -2.3266185e-01  -2.0200643e+00  -1.2357592e+00   3.4477641e+00   2.3056981e+00   9.1130883e-01  -1.2214282e+00  -2.8328921e-01
   7.9227854e+00   7.2439716e+00   2.4532714e+00   2.5670783e+00   6.7706938e-01  -2.3171843e-01  -1.2380511e-01  -1.8567468e-01   1.2327096e+00   1.4527155e+00   8.8844168e-01   2.8808271e-01  -3.4486381e+00   3.1256408e+00   1.9519281e+00   1.6709233e+00   6.5073484e-01   3.2284858e-01  -7.0990097e-03   4.2643360e+00   1.2966687e+00   2.7548217e-01  -4.5635166e-01   7.7226910e-02
   1.0408762e+01   1.4560807e+01   3.1322720e+00  -8.9600961e-01  -7.6178282e-01   1.6324755e+00   2.2656416e+00   3.3905379e-01   4.0902818e-01   1.0216587e+00   9.9729234e-01   5.1881318e-01  -1.1610001e-01   5.3878177e+00   8.6248023e-01   1.5117772e+00   3.1562927e+00   2.6076525e+00   1.7312527e+00   2.1488528e+00   2.4149575e-01  -3.3395014e-01   3.8309390e-02   1.6912209e-01
   9.8620830e+00   1.3725416e+01   1.8298021e+00   4.0163053e-01  -9.7867023e-02   1.4063779e+00   2.0004522e+00   1.6567452e+00   6.5769717e-01   6.1580149e-01   1.3519389e+00   5.6221232e-01  -1.1436115e+00   3.2278687e+00   2.7045681e+00   9.4626313e-01   1.1826488e+00  -1.5594638e-01   2.7357723e-01   3.6968958e-01   5.3046467e-01  -5.3463149e-01  -6.7402550e-01  -1.5891854e-01
   9.4409497e+00   1.1025311e+01   3.4024374e+00   2.0070959e+00   2.0753107e+00   1.3028467e+00   1.2404235e+00   1.4343729e+00   8.4523888e-01   7.0249733e-01   5.5242251e-01   1.9186280e-01  -3.1271313e+00  -3.1393751e-01   2.0368208e+00   6.7591168e-01   1.5631899e+00   1.7024414e+00   2.8455624e+00   3.3829163e+00   2.4139847e+00   1.5466774e-01  -6.2551160e-01  -2.9335723e-01
   6.6912745e+00   1.3853522e+01   6.3750408e+00   2.5349203e+00   1.0324958e+00  -3.0082363e-01   7.9916980e-01  -1.7879985e-01   1.8103012e+00   8.1034895e-01   9.9838340e-02   2.1318009e-01  -2.7136862e+00  -7.7818905e-01   1.0878011e+00  -4.9608054e-02   2.5509108e+00   5.6456173e+00   6.0705990e+00   5.9849586e+00   4.1570219e+00   1.0503591e+00  -7.5586415e-01  -2.5556244e-01
   7.3034697e+00   1.4025847e+01   3.9148838e+00  -9.4878697e-01   1.0178206e+00   5.0397383e+00   7.1346265e+00   6.3312008e+00   3.4537031e+00   1.1563866e+00   6.8507523e-01   2.5329345e-01  -1.4278741e+00   7.6881102e-01  -3.1555435e-01  -1.0098662e+00   1.9137633e+00   6.1643006e+00   6.4674432e+00   6.8830075e+00   4.3136114e+00   3.2177395e-01  -5.5617259e-01  -7.4907686e-02
   6.8602938e+00   1.1057864e+01   3.2052806e+00   1.8051599e+00   4.2572443e+00   8.0063580e+00   8.1592492e+00   8.1857691e+00   5.5889979e+00   1.9643955e+00   1.5181633e-01   1.4815333e-01  -1.1947101e-02  -3.3039600e+00  -1.0163547e+00   3.3364448e+00   4.3738739e+00   5.8432986e+00   3.2690318e+00   2.1173396e+00   1.1563233e+00  -1.3705538e+00  -9.5620576e-01  -2.0830983e-01
   7.2146289e+00   1.3576357e+01   4.5139860e+00   8.5717674e-01   3.3335815e+00   6.3957068e+00   7.2615485e+00   7.5765996e+00   5.4263077e+00   6.0813500e-01  -3.0782536e-01   1.1201465e-01   2.6035501e-01  -3.4703660e+00   1.7650673e-02   6.2727889e+00   1.6711627e+00  -2.3765063e-01  -1.9294513e+00  -3.1570687e+00  -9.1225357e-01  -1.6111972e+00  -6.4539196e-01  -1.6629308e-01
   6.7177742e+00   9.1223276e+00   4.5509577e+00   6.6366057e+00   6.4354262e+00   7.7861400e+00   5.6392565e+00   2.3745101e+00   2.5584839e+00  -9.7135590e-01  -8.3802000e-01  -2.8645256e-02   4.8086087e-01  -1.5797256e+00   1.5168693e-01   3.6665415e+00   6.2450938e-02  -2.4254095e+00  -2.2023478e+00  -1.9705520e+00  -1.7662666e+00  -1.1783368e+00   4.2519347e-01  -8.1443571e-02
   7.7652620e+00   9.7880664e+00   3.2685213e+00   6.0446735e+00   2.4354737e+00   4.7933713e+00   5.5004458e+00   4.5012273e+00   3.6005798e+00   2.0746654e-01   2.1190545e-01   9.2253129e-02   3.0017701e-02  -1.5488168e-01   1.1091390e-01   7.7097559e-01  -3.1865511e-01  -1.4390980e+00  -4.9150242e-01   2.2752096e-02  -5.4636408e-01   1.1950782e+00   8.6483592e-01  -1.2659905e-02
   7.3062685e+00   1.0582421e+01   4.0555433e+00   4.7112237e+00   4.7999746e+00   5.1694114e+00   5.7362788e+00   6.7676272e+00   3.8524620e+00   3.9722446e-01   5.2974113e-01   3.5868735e-02  -6.9204755e-02   1.0295706e+00   1.7035762e+00  -9.8141826e-01  -1.5960555e-01  -2.4875192e+00  -3.2711122e+00  -5.9733466e-02  -1.1188540e+00   2.0409149e+00   1.0491012e+00   9.5842724e-02
   6.9654083e+00   1.2613988e+01   4.9280641e+00   2.9763311e+00   3.6733246e+00   5.5454241e+00   6.4757838e+00   5.4141692e+00   3.9597725e+00   1.7164620e+00   3.0554795e-01   6.0767793e-02  -9.4739128e-02  -1.4232501e+00   2.5434545e+00  -3.4915869e-01   9.6467585e-01  -1.9231781e+00  -4.5124286e+00  -3.5443968e+00  -2.8595655e+00   1.4788142e+00   2.1961228e-01  -4.8367785e-03
   7.0138939e+00   9.2537229e+00   6.2765506e+00   6.6986495e+00   5.5770924e+00   3.6788348e+00   2.4491930e-01   1.8284390e+00   7.0060657e-01   1.3355186e+00   6.8881059e-01   1.3086150e-01   3.2235404e-01  -1.7392671e+00   1.4814886e+00   6.9614278e-01  -7.2238531e-01  -1.0314518e+00  -2.7339292e+00  -3.3584534e+00  -2.0466964e+00   4.9259824e-01   8.0396291e-02  -4.8198384e-02
   7.7693406e+00   8.3175403e+00   5.9731994e+00   4.5272226e+00   3.4939285e+00   2.6538924e+00   1.4774826e+00   1.6542263e+00   8.8715929e-01   1.9565408e+00   4.6178913e-01   3.7501579e-02  -1.2356438e-01  -1.3937799e+00  -6.3094513e-02   2.3524032e-01   2.8222729e-02  -3.9234900e-01   8.4911183e-01   1.0088418e-01  -3.6313408e-02  -1.1661262e-02  -1.4309510e-01  -9.2131553e-02
   7.3878334e+00   1.0121744e+01   5.7552086e+00   4.9799922e+00   3.8060947e+00   5.0679996e+00   4.1345355e+00   3.6099185e+00   2.3187240e+00   1.0160825e+00   5.7221498e-01  -2.4795734e-02   5.7560131e-03  -2.0540274e-01  -1.5868530e+00  -2.5503114e+00  -8.2610583e-01  -8.7927364e-02   3.6782006e+00   1.3057643e+00   1.1651245e+00  -3.5422761e-01  -3.9730079e-01  -9.5254071e-02
   6.5930920e+00   1.0089307e+01   5.0940933e+00   4.1885202e+00   4.6011576e+00   4.2623182e+00   5.8046434e+00   4.6747557e+00   3.0962437e+00   1.8586882e+00   1.4920311e-01   3.9907952e-04   9.3736619e-02  -1.5393749e+00  -1.8260016e+00  -9.1457835e-01  -1.6957262e-01  -7.9060422e-01   5.7754095e-01  -2.4307554e-01  -1.4959612e-01  -9.8239813e-01  -3.6901782e-01   1.0775621e-01
   7.6106523e+00   8.0597354e+00   4.3358242e+00   3.0425335e+00   3.7843192e+00   2.7427309e+00   3.5986399e+00   2.2768207e+00   1.3437512e+00   8.5310348e-01   2.4915242e-01   6.5316420e-03  -3.8432030e-01  -1.2467541e+00  -1.0353887e-01   1.1923767e+00   1.7117462e+00  -1.0318681e+00  -2.0794555e+00  -1.7732855e+00  -3.9360845e-01  -1.0826229e+00  -4.7912098e-02   2.2643374e-01
   7.7985362e+00   7.0394823e+00   3.9438892e+00   4.1240844e+00   3.2504574e+00   2.6306205e+00   2.6117419e+00   1.9561619e+00   1.1502515e+00   5.6443306e-01   6.9793676e-02   1.8347221e-01  -1.0107001e+00   6.1139495e-01   1.9923418e-01   2.4418373e+00   3.7426662e+00   1.2377665e+00  -1.5966176e+00  -7.1514007e-01  -7.6450464e-02  -1.2538370e+00   4.2016666e-01   1.4390283e-01
   6.2086309e+00   9.7765254e+00   6.1750023e+00   6.8007752e+00   7.0490641e+00   4.3360462e+00   2.6118030e+00   2.3092872e+00   2.7013074e+00   3.9275659e-02   5.4005155e-01   2.2331832e-01  -1.2920649e+00   1.3656422e+00   1.1193808e+00   2.2045544e+00   2.6360022e+00   6.3308252e-01  -7.5978121e-01  -2.0893019e-01   5.8134747e-01  -2.3111846e-01   3.8977223e-01   5.5579412e-02
   5.7780525e+00   1.0148005e+01   4.4733555e+00   5.9721553e+00   8.5827844e+00   5.3223102e+00   3.9031354e+00   3.5858124e+00   2.3027899e+00   3.8484665e-01   6.3400354e-01   1.0785999e-01  -1.3756965e-01   1.7010377e-02  -5.1342265e-01  -2.0451089e-01  -1.2453161e+00  -4.2267890e-02  -5.6370115e-01  -1.4866747e+00  -3.1321357e-01   8.1983709e-02   7.0426506e-02  -5.3578472e-02
   6.6827968e+00   8.5539375e+00   5.7501622e+00   5.4253295e+00   5.0721589e+00   2.3465098e+00   1.8132713e+00   1.1486001e+00   1.6395032e+00   5.9621899e-01   5.5170584e-01   1.2770687e-01   3.2641065e-01  -9.6861522e-01  -5.2019294e-01  -1.4507950e+00  -3.2079520e+00   4.1634838e-01   9.2529157e-02  -1.1137075e+00  -6.0557344e-01   6.0263061e-01  -2.2028022e-01  -1.2080967e-01
   7.3550987e+00   7.6762918e+00   3.3861753e+00   4.5050408e+00   2.3709358e+00   3.5619868e+00   2.1654560e+00   3.0649337e-01   1.2113333e+00   4.0893696e-01   1.6960629e-01   1.5091023e-01  -7.8889041e-01   5.5865795e-01   1.2156245e+00   5.1471832e-01  -1.3609292e+00   4.8013799e-01   1.4341606e+00   5.0125484e-01   6.8744449e-01   8.8325738e-01   1.3329297e-02  -1.7324327e-01
   5.9097238e+00   9.5594589e+00   5.9383030e+00   5.3581399e+00   5.3430605e+00   5.8407305e+00   3.6194364e+00   2.2783854e+00   2.3386756e+00   9.3117642e-01   4.4182985e-01   2.0578701e-02  -6.0204206e-01   8.8733982e-01   7.9247364e-01   3.8194463e-01   6.5097118e-01   1.3101814e+00   2.5885820e+00   1.6685481e+00   4.9703451e-01   2.0598987e-01   1.2475979e-01  -2.1427686e-01
   4.9812534e+00   1.0483231e+01   6.2027219e+00   6.7778276e+00   6.4059398e+00   4.2954068e+00   5.1512937e+00   3.7728020e+00   2.9843704e+00   1.5422540e+00   7.0893548e-01  -9.8440836e-02   3.1373454e-01  -2.6280286e-01   4.4463410e-01  -1.8772452e-01   2.8417524e-03  -1.6494231e+00   3.8384865e-01   4.6358561e-01  -6.7344366e-01  -3.7604418e-02   9.9330935e-02  -1.9779737e-01
   6.9666564e+00   8.4814778e+00   5.5305994e+00   4.8618531e+00   4.0311137e+00   3.9450719e+00   4.2032255e+00   1.9182680e+00   1.4985364e+00   3.3854527e-01   4.6918093e-01  -6.9032892e-02   6.6337287e-01   6.7559333e-02  -9.0786595e-01  -8.7204282e-01  -1.2234892e+00  -8.9700281e-01  -7.8583745e-01  -1.9974001e-01  -2.7868978e+00  -3.3100286e-01   1.9370137e-01   6.4785154e-02
   7.2972343e+00   7.8210781e+00   4.2569782e+00   4.4715975e+00   3.0311718e+00   2.0356814e+00   2.4493345e+00   1.1819305e+00   6.2123738e-01   6.4884591e-01   3.0492716e-01  -1.0098003e-01  -6.9130044e-01   9.2884034e-01   1.0730083e+00   7.5701859e-01  -7.2645082e-01   9.7339529e-01  -5.9817228e-01  -2.7403433e-01  -1.6996705e+00   2.7749883e-01  -4.4477083e-02   2.2163791e-01
   5.7467926e+00   1.0991874e+01   5.5493759e+00   5.2031907e+00   5.1952107e+00   5.6250890e+00   3.7916599e+00   3.2742112e+00  -6.6010456e-01   8.8137617e-01   9.3438606e-01   1.1902603e-01  -9.8916733e-01   1.3260465e+00   3.8094305e-01   1.3618329e+00   1.1640936e+00   5.3413892e-01   3.8158565e-02   1.5306083e-01   2.5527626e-01   9.4576211e-01  -1.6377673e-03   1.5138858e-01
   4.5542346e+00   1.0621293e+01   7.8028461e+00   7.7426867e+00   4.7342151e+00   4.9154912e+00   4.4598181e+00   2.6837789e+00   1.5141852e+00   1.6870868e+00   4.0961729e-01   1.3998656e-01  -1.0794928e-01  -5.8313209e-01  -6.2342647e-01  -2.1936040e-01   8.3994585e-01  -1.1272152e+00  -1.8622878e-01  -1.4694407e+00   1.1045560e+00   1.3581648e-01  -2.2784754e-01   2.7931490e-02
   6.8544052e+00   9.0704400e+00   4.3290800e+00   5.2690579e+00   4.9257325e+00   3.3063754e+00   3.2552215e+00   1.3969350e+00   1.4349769e+00   1.2380680e+00   4.1437921e-01   3.7566683e-02   7.5072132e-02  -5.1001736e-01  -1.6164650e+00  -1.6266305e+00   3.1514429e-01  -3.1005102e+00  -3.7023906e-01  -1.3825096e+00   1.4032454e+00  -8.5357000e-02  -8.1764871e-02   6.1452568e-03
   6.5815040e+00   7.9070971e+00   3.9319865e+00   4.1096233e+00   4.4258297e+00   1.5042154e+00   2.4382105e+00  -8.3592406e-02   1.2305307e+00   6.7422472e-01   2.2315928e-01  -1.8353122e-02  -1.2268098e+00   1.5683404e+00  -7.9535039e-01  -8.0927771e-01   1.9070732e+00  -4.7933119e-01  -2.6130283e-01  -1.0827590e-03   1.4248250e-01   9.7884240e-02   6.5774048e-01   1.5516757e-01
   4.8457661e+00   1.1583946e+01   5.0601082e+00   4.5797767e+00   5.8221198e+00   2.6799615e+00   4.2471051e+00   2.5841325e+00   1.5865908e+00   1.2597717e+00   9.0496776e-01   2.0741376e-01  -1.7919379e+00   2.1007019e+00   1.1314655e+00   5.0935596e-01   9.8772235e-01   1.2373271e+00   4.0041253e-01   8.7594758e-01  -3.2371073e-01   3.2205251e-01   2.8846570e-01   2.5461994e-01
   3.7183395e+00   1.1717051e+01   6.2443064e+00   6.8734107e+00   7.1466313e+00   4.5097013e+00   3.5719220e+00   2.0885561e+00   1.6521020e+00   1.8230613e+00   1.1509337e+00   2.8781437e-01  -2.8718496e-01   1.5158816e-01   1.3876820e-02   1.9370789e-01   2.1521704e-01   5.1324387e-01  -8.7455572e-01   5.2494511e-01  -7.3188970e-02  -2.6790847e-01  -4.1489328e-01   1.5415100e-01
   5.5980806e+00   1.0316516e+01   4.8701183e+00   4.6511981e+00   5.0469152e+00   3.6596231e+00   3.2889845e+00   1.6247822e+00   7.3862509e-01   1.1467285e+00   3.8319054e-01   2.6641285e-01   3.6482509e-01  -1.6134974e+00  -9.1238193e-02   5.6143965e-01  -1.0377717e+00  -1.0477696e+00   2.4824814e-02  -2.9945162e-01   6.3327942e-01  -9.2376836e-01  -5.1809915e-01  -7.4628634e-02
   5.7745693e+00   8.7681944e+00   4.0477967e+00   4.3644744e+00   5.1362576e+00   1.7842504e+00   1.6054372e+00   1.1835004e+00   1.5447301e+00   3.2888364e-01  -1.3829203e-01   1.8337383e-01  -4.8894217e-01  -2.3298990e-01   1.1528325e+00   1.2873519e+00  -4.0562758e-01  -8.4686981e-01   1.5939925e+00   1.7718124e+00   1.3278697e+00  -1.0279501e+00   4.0836066e-02  -5.5622750e-02
   4.3648888e+00   1.0638128e+01   6.0215058e+00   6.6764043e+00   5.2706492e+00   2.4710326e+00   5.2675848e+00   2.5874828e+00   2.5901959e+00   6.2120800e-01   7.7243191e-01   1.4769108e-01  -1.0609917e+00   7.0990415e-01   1.8918419e+00   1.7429498e+00   1.8895386e-01   2.0566311e+00   8.5925119e-01   1.4294360e+00   6.8421182e-01   8.4946577e-01   3.6996662e-01  -2.4626565e-01
   3.6015221e+00   1.1206760e+01   7.3978614e+00   7.7918355e+00   6.4263229e+00   3.8336918e+00   4.9736107e+00   4.2649243e+00   2.7181212e+00   5.4389633e-01   1.0175671e+00   2.6374114e-01  -5.5993305e-01   1.1550789e+00   1.0482939e+00  -1.9958424e-02  -1.6166387e+00   2.4747951e+00  -6.9014426e-02   4.2668227e-03  -1.1872422e+00   1.2852460e+00   2.5473188e-01  -1.8907192e-01
   5.0931167e+00   1.0162090e+01   6.0328488e+00   5.5519422e+00   4.6853133e+00   5.7198489e+00   2.8937746e+00   2.2282242e+00   1.1782473e+00   2.3134208e+00   3.6021087e-01  -1.4316928e-01  -1.6638585e+00   1.2883830e+00   2.2594275e+00   2.4542783e-02  -8.3483609e-01   2.0676674e+00  -1.2391758e+00  -9.8714081e-01  -1.6308026e+00   1.8680889e+00  -1.9940462e-01  -1.9449994e-01
