   9.9565359e+00  -1.2082831e+01  -2.3207638e+00  -4.7015676e+00  -1.7869955e+00   6.6271841e+00   6.6536551e+00   1.1212676e+01   4.5583423e+00   1.8224878e+00   1.1409692e+00   4.5820123e-01   4.1807123e-01  -3.8230997e-01   3.2162196e+00  -2.8567992e+00   4.9666334e-01   4.5303870e+00  -2.1094314e-01   1.8452112e+00  -1.2078382e+00   3.2753265e-01   2.8963498e-01  -1.6666255e-01
   1.0341237e+01  -1.2540953e+01   2.8384495e+00  -6.0197045e+00  -3.5893572e-01   4.8286601e+00   9.9320562e+00   1.3277250e+01   2.9841029e+00   6.9109046e-01   1.8223095e+00   7.9834889e-01  -1.4342785e-01   7.0198749e-02   2.0046990e+00  -2.7441070e+00   6.9173610e-01   4.4543744e+00  -6.3473436e-02   7.2700727e-01  -4.9003574e-01  -1.7957981e-01   5.0197300e-01  -7.4513512e-02
   1.0197007e+01  -1.2874725e+01   1.3541363e+00  -4.7795928e+00  -1.4934284e+00   6.9316754e+00   1.0618101e+01   1.4640107e+01   2.9291141e+00   5.7287530e-01   2.8285972e+00   1.1359911e+00   4.4555743e-01   9.9146279e-01  -1.0067012e+00   1.8968243e-01   5.8792574e-01  -5.7546847e-01   1.7308248e+00   8.1534383e-01  -1.2120724e+00  -4.8405495e-01   3.3361869e-01   3.8755519e-01
   9.9580635e+00  -1.1786058e+01  -2.0132738e+00  -5.9774988e+00  -1.4766487e+00   1.0097042e+01   9.1673792e+00   1.1893173e+01   4.1587226e+00   1.0910154e+00   2.4848810e+00   7.0387121e-01   5.5549660e-01   8.2145906e-01  -4.1633782e+00   1.1022785e+00   1.1999947e+00  -3.3146380e+00   1.0936183e+00   1.0032791e+00  -3.1613643e-01   9.5142566e-01  -3.7304363e-01   2.9922297e-01
   1.0816459e+01  -1.0973085e+01  -1.4049540e+00  -4.4381468e+00  -3.4625036e-01   3.1297906e+00   9.6322307e+00   1.3127730e+01   2.1529238e+00   8.9644287e-01   1.3101115e+00   1.0867729e+00   6.2978935e-01   1.5214987e+00  -2.2885170e+00  -6.6230886e-01   2.4896615e+00  -5.1907096e+00   2.1997832e-01  -2.8033553e-01  -1.7139354e+00   7.1722421e-01  -4.7998770e-01  -5.1561700e-02
   1.0864756e+01  -1.2259585e+01  -2.0270727e+00  -4.5370097e+00   8.6746722e-01   1.7576454e+00   1.2065419e+01   1.5538357e+01   2.8979934e+00   1.9564452e+00   2.0219869e+00   1.2717924e+00   6.6568472e-01   1.5860755e-01   1.3355651e+00  -1.8698072e+00   2.0435449e+00  -6.0918879e+00   1.0551746e+00   1.9611956e-01  -1.7988205e+00  -7.2849696e-01  -3.1407953e-01   6.5241629e-02
   1.0688345e+01  -1.0355713e+01  -2.0717396e+00  -6.4933006e+00   1.0690058e+00   3.3153091e+00   9.4990490e+00   1.2397011e+01   9.8857551e-01   1.2159968e+00   2.3400627e+00   7.7468790e-01  -3.0759982e-01  -1.5426974e+00   2.1210440e+00  -3.6707637e+00   4.3628910e-01  -8.4559876e-01   1.7611636e+00   4.2520573e-01   1.0830860e+00  -9.1664094e-01   8.1818976e-01   3.1325200e-02
   1.1020647e+01  -1.1856832e+01   3.2346676e-01  -7.7546327e+00   8.8104060e-01   8.6645064e-01   1.0816732e+01   1.2552711e+01   2.0426660e+00  -1.6150695e-01   1.4987861e+00   9.5777614e-01  -8.0444591e-01  -4.7127930e-02   1.0677184e+00  -3.4090841e+00  -1.2724652e+00   1.1531533e+00  -2.1718257e-01   6.4462792e-02   8.4680079e-01  -1.1681414e+00   7.8566837e-01  -4.9661910e-02
   1.0277113e+01  -1.3488507e+01   6.0134232e-01  -8.3354808e+00   3.0139660e-01   2.3069898e+00   1.2898320e+01   1.5258361e+01   4.2052166e+00   5.8045751e-01   2.7989965e+00   1.2907688e+00  -4.5800659e-02  -2.6346372e-01  -3.7816825e-01  -1.4699312e+00   7.4687017e-01  -5.0974594e-01   4.2779478e-01   1.1790775e+00  -1.1483068e-01  -7.3544824e-01  -8.1493731e-03  -6.2192254e-02
   9.8637030e+00  -1.0763880e+01  -1.7620361e+00  -8.7295458e+00  -6.5742597e-01   3.9915350e+00   1.0040010e+01   1.4204376e+01   2.5598740e+00   5.2200266e-01   2.9710225e+00   9.3925912e-01   3.8396332e-01  -5.0847480e-01  -2.2197008e+00   2.5287683e-02   3.0180535e+00   8.5476720e-01   3.6986626e-01   9.7885268e-01  -6.9446649e-01   7.7143534e-02   1.5231367e-01  -1.1373695e-01
   1.1198116e+01  -1.1297385e+01  -1.5962406e+00  -8.2107409e+00   2.9585443e+00   9.8814796e-01   1.0529102e+01   1.3339795e+01   5.5772548e-01  -2.2893040e-01   1.5917204e+00   6.9065803e-01   8.2345522e-01  -8.8808138e-02  -2.0428196e+00  -4.9670810e-01   3.1794269e+00   2.0094495e+00  -2.6437464e-01  -8.8838779e-01  -1.3962164e+00  -1.4093181e-01  -2.1854013e-01  -3.4858304e-01
   1.1136091e+01  -1.3715105e+01  -1.9072930e+00  -7.7790711e+00   4.0795469e+00   2.8080224e+00   1.2556140e+01   1.4980273e+01   2.8247118e+00   3.5890231e-01   2.3308947e+00   1.0872261e+00   1.2228935e+00  -2.0500385e+00   1.0234188e+00  -2.5095293e-01   1.5631932e+00  -3.8369055e-01   1.9705013e+00  -1.4752509e+00  -9.5195252e-01   4.1281529e-02  -8.9012453e-01  -1.3629962e-01
   1.0876102e+01  -1.2146107e+01  -2.3902587e+00  -9.5557803e+00   2.7020505e+00   5.9129205e+00   1.1243693e+01   1.3537831e+01   1.9784732e+00   4.5060998e-01   2.7912502e+00   6.9391076e-01   7.3045271e-01  -2.4822616e+00   1.8789964e+00  -4.4105748e-01  -6.4309567e-01  -9.0807837e-02   2.1333835e+00  -1.3023648e-01   1.0824485e-01   1.1278926e+00  -4.4946280e-01   2.1862360e-01
   1.1859050e+01  -1.3414577e+01   1.7010112e-01  -8.4334555e+00   1.8156107e+00   9.5361294e-01   1.2638467e+01   1.1892482e+01   4.2157143e-01   2.4415476e-01   1.0360708e+00   7.3318332e-01   2.7522414e-01   1.4575796e-01   3.3823589e-01   6.5190543e-01  -2.5666893e+00   7.9138367e-01  -1.9054623e-01  -2.0293476e+00   5.7927225e-01   1.2558897e+00  -9.3478501e-01   8.8186066e-02
   1.1932316e+01  -1.5171042e+01   1.8355705e-01  -8.5451349e+00   3.1258689e+00   1.7791409e+00   1.3688014e+01   1.4688336e+01   1.9216630e+00   1.5202822e+00   1.5649381e+00   1.1956148e+00  -2.6256662e-01  -3.6688351e-01   3.0890737e-01   3.2372056e-01  -2.9035641e-01  -7.9768390e-01  -1.1582331e+00  -2.3807989e+00   1.4667158e+00   1.6451192e-01  -1.1097812e+00   1.1809942e-01
   1.1020820e+01  -1.1984001e+01  -2.6868470e+00  -7.3065357e+00   1.7603688e-02   6.0619877e+00   1.1048160e+01   1.1360999e+01   3.7220253e+00   1.7079007e+00   1.5418732e+00   9.6865317e-01  -1.2518796e+00  -2.0533373e-01  -9.5716297e-01  -2.2343537e-01   2.2559929e-01   2.1948894e+00  -1.8275463e+00   3.0586706e-02   2.1054798e+00   6.0196397e-02   3.2788852e-01   1.6852361e-01
   1.0901367e+01  -1.3411720e+01  -4.9842355e-01  -9.6336593e+00   3.1655194e+00   2.1622073e+00   1.0301496e+01   1.0232374e+01   2.5283198e+00  -3.4495108e-02   8.7367728e-01   7.5332495e-01  -3.6914912e-01   8.9662629e-01  -1.4438347e+00   6.9531985e-01  -1.8296310e+00   2.6535688e+00  -1.9777261e+00  -8.3719647e-01   8.3268598e-01  -5.5105262e-01   5.6712763e-01  -1.7445886e-01
   1.0496705e+01  -1.4602238e+01  -9.2465304e-01  -8.2243464e+00   2.1341844e+00   4.0544138e+00   1.1590406e+01   1.4166343e+01   3.2764627e+00   1.1118380e+00   1.8735341e+00   1.2071137e+00   3.9657813e-01  -1.4920928e-01   1.0144638e+00  -1.0717025e+00  -2.4430098e-01   1.0753958e+00  -2.7186200e+00   1.4007338e+00  -8.3006298e-01  -3.0551758e-01  -5.7576449e-02  -2.1523821e-01
   1.1640649e+01  -1.2516984e+01  -2.8632920e+00  -7.0432498e+00  -6.7686791e-01   6.7632811e+00   1.0450302e+01   1.2029870e+01   3.3934732e+00   9.9173461e-01   2.2497992e+00   8.1469629e-01   2.3660255e-01  -6.4061287e-02   1.8100489e-01   4.0321637e-01  -1.9883816e+00   3.8172279e+00  -2.6429108e+00   2.8136835e+00   1.0339545e-01   1.3700629e+00  -7.5328801e-02   7.7111751e-03
   1.1246046e+01  -1.2655183e+01   1.7282950e-02  -1.0209294e+01   1.5723459e+00   5.3745445e+00   6.8958271e+00   1.2563352e+01   2.0443541e+00   7.3650945e-01   7.6744761e-01   6.1511018e-01   3.7635283e-01   4.1627662e-01  -9.0373827e-01   1.1578981e+00  -1.9101835e+00   2.1154324e+00  -1.5187574e+00  -1.2847097e+00   2.9783271e-01   1.6079990e+00  -9.8142437e-01  -2.2846124e-01
   1.0881601e+01  -1.4481340e+01  -6.9788421e-01  -8.0363609e+00   4.6386632e-01   7.2279838e+00   8.6844197e+00   1.5254395e+01   3.2994673e+00   2.2082635e+00   1.3137273e+00   1.0608935e+00   1.1526294e-01  -4.0676887e-01   6.8211608e-01  -8.2842421e-01  -2.0965984e-03  -1.0465563e+00   2.4325764e-01  -7.1041486e-01  -9.5676690e-01   1.2841874e+00  -1.3158347e+00  -5.1684011e-02
   1.1440759e+01  -1.2995645e+01  -3.3629643e+00  -5.9909437e+00  -1.3014579e+00   6.9952111e+00   1.0195211e+01   1.0627016e+01   3.7702147e+00   2.9155720e+00   8.6943345e-01   7.4132322e-01   2.4002891e-01  -3.4333397e-01  -7.5946309e-01   5.0331721e-01  -9.1514791e-01  -2.2183821e-01   2.1432830e+00   4.3303156e-01  -3.8408319e-01   1.2043547e+00  -7.0257645e-02   2.1303555e-01
   1.1716188e+01  -1.2956906e+01  -1.4999419e-01  -1.0395061e+01   7.5688908e-01   4.3831133e+00   9.1654964e+00   1.1932416e+01   1.0953926e+00   1.8284845e+00   2.2505414e-01   6.7406375e-01   7.5721825e-01   4.3897110e-01  -2.8821075e-01   2.0203877e-01  -1.1152948e+00   1.1463728e-01  -6.1218197e-01  -7.9870132e-01  -4.5860011e-01   1.7496141e-01   3.2697402e-01  -1.4043175e-01
   1.1188796e+01  -1.3932401e+01  -1.3958567e+00  -8.2749681e+00   5.3112616e-02   6.4642224e+00   9.8702133e+00   1.4873889e+01   2.5702667e+00   2.7329310e+00   1.2063977e+00   1.1280784e+00   5.2538237e-01   3.0674891e-02   1.3628565e+00  -1.0452266e+00  -8.2247438e-01   5.6106848e-01  -1.9598121e+00   9.7564853e-01  -6.0461826e-01  -4.1578550e-01   5.6184353e-02  -7.8199952e-02
   1.2143409e+01  -1.3354505e+01  -2.1137542e+00  -6.5912905e+00  -1.8863611e+00   7.6654340e+00   7.9286457e+00   1.1932906e+01   3.2115411e+00   2.5620261e+00   1.6357062e+00   6.5686826e-01  -1.7975422e-01  -1.8869914e-02  -7.1728978e-01   1.1528233e+00  -1.3687334e+00   2.0935075e+00  -7.0950572e-01   4.7581949e-01   1.8232562e+00   2.6672752e-01   2.0426081e-01   1.3976067e-01
   1.2015222e+01  -1.2750833e+01  -3.3679957e-01  -9.4606691e+00  -1.2135444e+00   6.1956535e+00   7.8739184e+00   1.2090244e+01   1.8052130e+00   1.9251229e+00   2.4838396e-01   6.3262104e-01  -3.7748034e-01   8.8711146e-01  -8.1159947e-01   1.1017373e+00  -2.1793663e+00   1.7005964e+00  -6.5551594e-01  -2.1176372e+00   1.3806380e+00  -2.2742797e-01   6.7220496e-02  -1.1372578e-01
   1.1033344e+01  -1.3575994e+01  -1.7554574e+00  -8.0729760e+00  -6.6288250e-01   7.6576591e+00   9.0993853e+00   1.4037968e+01   4.2128038e+00   2.6324798e+00   1.0104522e+00   1.1314334e+00  -6.3161508e-01   1.1358372e+00  -3.1986697e-01  -3.9222750e-01  -1.0876572e+00  -3.2721139e-01  -1.2668317e-01  -5.2694788e-01   5.2584735e-01  -6.4944005e-01  -2.9574455e-01  -2.1675226e-03
   1.1177609e+01  -1.2490989e+01  -2.7924043e+00  -5.8815194e+00  -3.8276761e+00   9.0190045e+00   8.3015696e+00   1.0644902e+01   4.1405924e+00   2.3565622e+00   1.6198554e+00   7.2020712e-01  -1.0844063e-01   3.3675734e-01  -1.1937840e+00   9.3378999e-01  -7.1673374e-01  -2.4968831e-01  -3.3943995e-01   6.3559499e-01   1.6845847e+00  -1.4037590e-01   3.1205622e-01   2.7062154e-01
   1.1614793e+01  -1.1780672e+01  -1.3657523e+00  -8.9692065e+00  -2.2107810e+00   5.7629415e+00   7.5247953e+00   1.1865155e+01   2.8326225e+00   1.3721464e+00   5.0635362e-01   6.0982394e-01   9.4685860e-01   2.9799465e-01   2.3232714e-01   1.6270846e+00  -1.4883909e+00  -2.3285452e+00   5.6087135e-01  -1.9546717e+00  -5.2849782e-02   3.0983112e-01   4.4217995e-01   1.0615223e-02
   1.1561836e+01  -1.3143359e+01  -2.3223282e+00  -7.6118688e+00  -1.5146958e+00   6.7684798e+00   8.1520534e+00   1.4130043e+01   5.0221807e+00   2.3447258e+00   9.6851759e-01   1.2993581e+00   6.5776493e-01   5.0260486e-01   2.0778397e+00  -1.2091342e+00  -7.5098451e-01  -4.0036296e+00   3.1161134e+00   3.4551723e-01  -1.2787655e+00  -4.2212946e-01   1.9889550e-01   1.4199939e-01
   1.2261518e+01  -1.2802818e+01  -1.6420048e+00  -4.7671744e+00  -4.0519590e+00   5.2901036e+00   1.0015450e+01   9.3633901e+00   3.6927349e+00   3.1031447e+00   1.9993911e+00   8.5778076e-01  -5.8037859e-02   5.5405909e-01   1.2657850e+00  -7.3517561e-01  -1.4085371e+00  -2.6322289e+00   4.2452460e+00   2.0732246e+00  -1.0832833e+00  -1.2243321e-01   9.4269134e-01   3.7774866e-01
   1.1840894e+01  -1.1226009e+01   4.6248162e-01  -9.7962368e+00  -4.0335639e+00   3.2499790e+00   1.1730412e+01   1.2414061e+01   1.7923878e+00   8.5786889e-01   1.1716800e+00   8.0922780e-01  -5.6392859e-01   1.6732559e+00  -3.7456599e-01   1.0975440e-01  -7.0289033e-01  -2.6258103e+00   2.5701312e+00   9.9567090e-01  -1.6423129e+00  -5.5647082e-02   1.1534425e+00  -9.0143319e-02
   1.1388207e+01  -1.1908258e+01  -8.5947968e-01  -8.9797859e+00  -3.0641526e+00   3.5738486e+00   1.2103485e+01   1.5832983e+01   2.8225939e+00   1.9319250e+00   1.8188094e+00   1.4215121e+00  -4.4173494e-02   7.4981156e-01  -1.0063840e+00   9.2968116e-01  -1.9100594e+00  -5.5855441e-01   1.1283900e+00   8.1468298e-01   6.0052556e-01  -1.3503981e+00   1.2756909e-01  -2.5020663e-02
   1.1152598e+01  -1.1080755e+01  -3.2754397e+00  -5.3409314e+00  -3.0629345e+00   3.6878918e+00   1.0963233e+01   1.2388753e+01   2.9937819e+00   2.8468650e+00   2.7889721e+00   8.8227745e-01   4.9405211e-01  -7.4938980e-01  -1.8341108e+00   3.9259950e+00  -3.8767637e+00   1.8359017e+00   8.7192291e-01  -8.2255948e-01   2.7549516e+00  -5.0408888e-01   4.4868035e-01   1.8190057e-01
   1.2539405e+01  -1.1750727e+01  -1.2826200e+00  -5.6003054e+00  -7.4023628e+00   4.2333156e+00   1.2091625e+01   1.0598069e+01   3.9928262e+00   8.3049552e-02   1.3820986e+00   7.8372494e-01   1.2887784e+00  -3.9969908e-01   9.7270843e-01   2.6255716e+00  -4.9593625e+00   1.4925854e+00  -9.2160637e-01  -2.5242632e+00   1.4133177e+00  -6.8549468e-01  -2.1128744e-01  -1.1952687e-01
   1.2006373e+01  -1.2428859e+01  -2.0771144e+00  -5.5969846e+00  -7.6796043e+00   5.6740981e+00   1.3044227e+01   1.3797678e+01   5.3396991e+00   1.0261733e+00   2.0630559e+00   1.4009722e+00   1.1761095e+00   2.9631861e-01   2.8614440e+00  -1.2145349e+00  -3.3270491e+00   5.4889928e-01  -7.9421881e-01  -1.0537964e+00  -8.4638178e-02  -1.1617471e+00  -1.7971842e-01  -3.1435280e-01
   1.2894488e+01  -1.1833755e+01   4.2032211e-04  -4.9134020e+00  -8.1948614e+00   4.8196236e+00   9.6805786e+00   1.1342125e+01   3.7696118e+00   1.8140289e+00   1.8648364e+00   9.8287440e-01  -2.3679155e-01   1.1248330e+00   4.7552891e-01  -1.9760402e+00  -1.6039000e-01   4.0812526e-01  -2.0243425e-01   7.8563879e-01   2.4667723e-01   8.0370351e-01   1.2120267e+00  -3.0252365e-01
   1.2739221e+01  -1.0594763e+01   3.7520610e-01  -7.5061855e+00  -7.6572588e+00   4.2180867e+00   1.0977428e+01   1.0436030e+01   2.9784318e+00   2.3875474e-01   2.2780256e+00   3.1117352e-01  -6.6160273e-01   1.4295275e+00   5.6483672e-01  -1.0883825e+00  -4.8426743e-01   7.9848547e-01  -9.9701405e-01   6.8347650e-01   3.0875768e-01   1.2300556e+00   5.0444002e-01  -7.7962404e-01
   1.1817794e+01  -1.0980526e+01  -1.7954869e+00  -7.6097653e+00  -7.6541205e+00   5.5735092e+00   1.2821373e+01   1.3457351e+01   5.5434758e+00   1.6823141e+00   3.0926538e+00   8.7483881e-01  -6.2143800e-01   1.4993628e+00  -5.3108363e-01  -6.9789077e-01  -4.8829838e-01   1.0785847e+00   4.3884471e-01  -1.7275799e+00   1.9123638e+00   4.8642059e-01  -6.5976893e-01  -7.8968023e-02
   1.1552316e+01  -1.0711182e+01  -3.3190571e-01  -5.8813767e+00  -8.6763759e+00   6.4948835e+00   9.9783082e+00   1.3765280e+01   4.9159037e+00   2.9371142e+00   2.2058072e+00   2.8555396e-01   3.8200531e-01   1.8017500e-01  -1.8541141e+00   3.6626688e-01  -6.7817173e-03   1.2021598e+00   5.1938842e-01  -1.9748932e+00   3.5001334e+00   1.5307715e+00  -1.0824077e+00   8.2596294e-01
   1.2555783e+01  -9.5265010e+00  -4.4264921e-01  -6.7726425e+00  -8.4177504e+00   5.2991023e+00   1.0838406e+01   7.0861299e+00   5.6694215e+00   1.1944800e+00   9.1129221e-01   8.7723215e-01   1.2471404e+00  -6.5318536e-01  -3.6588743e-01   5.9881419e-01  -6.7243392e-01   8.6488339e-01   5.4379322e-01  -1.4412684e+00   2.3638733e+00   1.2150270e+00  -1.0161074e+00   4.7000089e-01
   1.2943234e+01  -1.1051513e+01  -3.0823839e+00  -7.3753466e+00  -7.2856164e+00   6.1585298e+00   1.2747994e+01   1.0659301e+01   8.1656590e+00   2.7788290e+00   1.7450948e+00   1.5489213e+00   1.5430195e+00   9.9483074e-01   4.5107705e-02   7.9383629e-01  -1.3924765e+00   2.0014333e-01   1.1567347e+00  -3.5063445e+00   1.2056067e+00  -9.6235012e-02  -7.3027131e-01   5.8646720e-01
   1.2993045e+01  -1.1790138e+01  -9.6907900e-01  -5.9645591e+00  -9.3581511e+00   7.0390111e+00   1.2252220e+01   1.2848438e+01   7.4644081e+00   3.5839972e+00   1.7988489e+00   9.4815649e-01   1.0008875e+00   1.4817187e+00  -8.2912365e-01   1.7460385e+00  -2.2321396e+00   1.1977228e+00   1.0532355e+00  -1.3430640e+00   7.6026443e-01   8.1092868e-01  -1.9006820e-02   2.6396331e-01
   1.3648214e+01  -8.0871175e+00  -1.0292619e-03  -5.0946640e+00  -1.0294890e+01   5.9251441e+00   1.1006503e+01   5.6246093e+00   5.8268205e+00   1.5980031e+00   6.6662188e-01   1.1297926e+00   7.4104553e-01   2.1287936e+00  -5.7735686e-01   2.0920679e+00  -1.6286672e+00   1.3389952e+00   1.4026620e-01  -2.0605410e+00   1.5905805e-01   1.0889091e+00  -1.3243963e-01  -4.2636750e-02
   1.3704625e+01  -8.7861207e+00  -3.2270120e+00  -5.2939261e+00  -1.0261323e+01   7.2123793e+00   1.3289004e+01   7.5888795e+00   7.9792374e+00   3.0012860e+00   1.4220185e+00   1.4827414e+00   7.6021743e-01   3.2358957e+00   9.5534149e-01   4.6919149e-02   6.2250750e-01   4.8477167e-02  -1.4539405e+00  -3.2274432e+00  -5.3869004e-01   5.3121894e-01  -2.2807627e-01   1.0157741e-02
   1.3699013e+01  -9.3603315e+00  -2.8194527e+00  -4.5725611e+00  -9.2770314e+00   8.0803385e+00   1.2440001e+01   1.0198268e+01   8.1468314e+00   4.7035483e+00   1.7348506e+00   1.2176737e+00   8.2270849e-01   7.4467507e-01   1.7589031e+00  -1.6471196e+00   2.8466000e+00  -5.2712028e-01  -6.4854467e-01   1.8247949e+00  -1.6115859e+00   1.0741142e+00   1.6895023e-01  -7.1868856e-02
   1.4107972e+01  -6.2996876e+00   1.8731449e+00  -6.1552318e+00  -8.9333193e+00   6.0341297e+00   9.3545599e+00   5.7204438e+00   5.4963676e+00   2.8280530e+00   9.2262016e-01   9.1945256e-01   8.1547114e-01   1.9285733e-01   2.4960906e+00  -5.9407699e-01   3.4034817e+00  -9.0540950e-01   2.0900407e-01   1.8542542e+00  -2.3304152e+00   1.6062977e-01   1.6388585e-01   1.4806145e-02
   1.4680603e+01  -8.2133214e+00   8.7246854e-02  -7.1346906e+00  -6.6889922e+00   5.7235885e+00   1.2000908e+01   9.2960195e+00   4.6508767e+00   3.2957908e+00   1.1697464e+00   1.3036337e+00   3.1625750e-01   2.0965626e+00   1.3920671e+00   9.2176698e-01   2.6730487e+00  -2.8156700e+00   1.0014305e+00  -1.3504222e+00  -2.2291254e+00  -3.0462046e-01  -2.5627159e-01   1.3800282e-01
   1.4437036e+01  -9.0703397e+00  -9.3622585e-01  -4.9039769e+00  -6.4501199e+00   7.0326401e+00   1.3822057e+01   1.0821385e+01   6.2315921e+00   3.9461094e+00   1.9503994e+00   1.4619706e+00  -4.4749930e-01   1.7608403e+00  -4.2839511e-01   1.5231200e+00   1.2486335e+00  -2.5545809e+00   4.3253161e+00   2.6156102e-01  -2.3436757e+00   1.0147428e+00  -3.1032975e-01   4.8296459e-02
   1.4008867e+01  -4.8301615e+00   6.7333342e-01  -3.8155381e+00  -6.5090581e+00   3.3575783e+00   1.1708399e+01   5.6221643e+00   4.4355311e+00   3.6875894e+00   8.3655364e-01   1.1534189e+00  -6.3294048e-01   1.5895328e+00   8.7556595e-01   1.4854918e+00  -2.3474677e-01  -1.6953517e+00   3.4288411e+00   7.4384770e-01  -1.9667109e+00   1.8518660e+00  -2.3749699e-01  -2.5278120e-01
   1.3772591e+01  -5.3500071e+00   9.3750900e-01  -5.5301280e+00  -7.1503361e+00   3.3852633e+00   1.5988789e+01   7.9497130e+00   2.0885268e+00   4.1542679e+00   6.2372191e-01   1.0670047e+00  -6.9507437e-01   2.1127081e+00   1.5807387e+00   1.0962246e+00  -9.5273240e-01  -8.2233767e-01   2.8053699e+00  -1.4099048e+00  -1.8764621e+00   1.9632895e+00  -6.7904572e-02  -5.0965896e-01
   1.4063415e+01  -7.6891886e+00   4.6372836e-01  -4.5933773e+00  -6.6910042e+00   5.0042493e+00   1.6060804e+01   1.1847627e+01   3.7723429e+00   5.9695107e+00   1.4768396e+00   1.1219449e+00   9.8736838e-01   5.8449511e-02   2.1439362e-01   8.3876938e-01  -6.7850742e-01   1.3954838e+00   6.6970317e-01  -1.4122095e+00   8.9263232e-01   7.2359988e-01  -1.9003879e-01  -3.6801919e-01
   1.3367151e+01  -4.4717640e+00   1.5396848e+00  -2.8707204e+00  -7.7882455e+00   4.9757980e+00   1.5853909e+01   5.5937966e+00   3.7484930e+00   5.7500830e+00   1.5283995e+00   7.1321917e-01   1.6172396e+00  -4.4555048e-01  -1.6014464e+00   1.3353749e+00  -1.7067407e-01   1.7060853e+00  -3.1713219e+00  -2.1599725e+00   3.7343790e+00   4.8339162e-01  -2.5443053e-01  -9.5589651e-02
   1.5692640e+01  -5.1816087e+00   6.9383595e-01  -3.8870878e+00  -7.2078645e+00   4.6555367e+00   1.2780393e+01   4.6818083e+00   4.9444965e+00   3.9750817e+00   9.9156654e-02   7.7828285e-01   1.0034888e+00   3.2178982e-01  -1.3830298e+00   2.4636068e+00   7.2420042e-01   1.2083478e+00  -4.5084252e+00  -7.0690207e-01   2.6214733e+00  -3.8519939e-01  -2.0413387e-01  -6.1700286e-02
   1.5383838e+01  -7.2721228e+00  -1.5797144e+00  -3.8802104e+00  -7.1479171e+00   6.1187476e+00   1.2872012e+01   8.2926637e+00   7.1040185e+00   5.8765698e+00   9.3091759e-01   1.0954512e+00   2.1201382e-01  -3.0857079e-02   4.8774311e-01  -4.1188987e-01   2.8758492e+00  -4.8770226e-01  -3.5341467e+00   2.1106982e+00  -1.7905761e+00  -3.3685828e-01   2.4036558e-01  -1.0174311e-01
   1.4560305e+01  -5.8063245e+00  -5.1116685e-02  -3.9322216e-01  -5.9248678e+00   6.2452963e+00   1.0789115e+01   9.4378405e+00   6.0267901e+00   5.3284682e+00   1.4693798e+00   8.3827845e-01  -1.3547256e+00   9.8316398e-01   1.8677118e+00  -4.3514200e+00   3.0649500e+00  -2.4082328e+00   5.7860324e-01   2.3893398e+00  -5.7473212e+00   6.6482140e-01   1.7011452e+00  -1.9561314e-01
   1.4251339e+01  -4.2056918e+00   2.6437758e+00  -5.2354881e+00  -4.1159700e+00   3.4493648e+00   1.1548328e+01   6.3818277e+00   5.2148195e-01   4.5681023e+00   1.2038363e+00   5.3060670e-01  -4.6532432e-01   1.6173496e+00   2.5718488e+00  -5.6025465e+00   3.1189315e+00  -2.8942369e+00   2.1780204e+00   5.5747430e-01  -6.0646616e+00   3.5357089e-01   1.5300907e+00  -1.5257686e-01
   1.4226801e+01  -5.2400783e+00   1.3836585e+00  -9.7365789e+00  -4.1264131e+00   2.3778789e+00   1.4310140e+01   9.2212359e+00  -3.8521699e-01   5.6265475e+00   2.5144151e+00   7.6728541e-01  -2.3822480e-01   2.1098074e+00   1.6636435e+00  -2.6770470e+00  -3.2995104e-01  -3.7513519e-01   3.2424264e+00  -1.9824103e+00  -3.5629996e+00  -2.9991067e-01   7.2644207e-01  -2.0032552e-01
   1.4852604e+01  -5.1292215e+00   1.5606713e+00  -7.6123518e+00  -3.3687472e+00   3.7111009e+00   1.4378530e+01   9.2371775e+00   1.2130297e+00   6.2578865e+00   2.7035360e+00   9.0208247e-01  -5.8622808e-03   9.5925447e-01  -1.6436927e+00  -1.5681667e+00  -2.2350306e-01   2.9274688e-02  -3.0580378e-01  -2.0148947e+00   1.7649549e+00  -1.4605852e+00  -8.1506697e-02  -8.5431720e-02
   1.3902335e+01  -2.1798486e+00   2.9859009e+00  -3.2203608e+00  -6.7934058e+00   5.5517255e+00   1.4237654e+01   5.0365502e+00   3.3651685e-01   4.0337101e+00   1.8091930e+00   3.5205228e-01   3.1969469e-01  -3.4218179e-03  -2.0722997e+00  -2.2680191e+00   1.5166799e+00  -1.1466410e+00  -2.6212815e+00  -9.6026122e-01   3.1231997e+00  -1.3831929e+00  -6.0951095e-01  -1.0531686e-01
   1.4404778e+01  -4.2969249e+00  -6.2288445e-01  -1.0845847e+01  -3.1177283e+00   1.9063536e+00   1.1125865e+01   5.4518285e+00   2.8080474e+00   3.1736432e+00   1.4341873e+00   6.1007568e-01   8.1588522e-01  -1.2483646e+00  -2.0954460e+00  -1.6969133e+00   3.5984617e+00  -2.5665660e+00  -2.7426496e+00   2.9172383e+00  -1.8650503e-01  -7.1389544e-01  -1.4563220e-01  -2.5137544e-01
   1.4930256e+01  -5.6613593e+00  -6.3301326e-01  -1.1521860e+01  -1.9769027e+00   1.5602910e+00   1.2004550e+01   9.6735186e+00   3.5020737e+00   5.0938799e+00   2.2348230e+00   7.5531352e-01   6.6330909e-01  -1.4051812e+00  -9.4529134e-01  -3.8763503e+00   2.5959399e+00  -2.5356215e+00  -3.4229202e+00   2.7813900e+00  -2.1755784e+00  -5.9518969e-01   7.0379240e-01  -2.4323307e-01
   1.5562471e+01  -5.2610130e+00   2.2695935e-01  -6.0069723e+00  -3.7930619e-01   1.8569692e+00   1.1381107e+01   1.1294551e+01  -6.4950627e-01   4.6569584e+00   2.2722727e+00   3.2338870e-01   5.6884887e-01  -4.4686658e-01   1.7153639e+00  -2.8183611e+00  -3.0699879e+00   1.0379114e+00  -2.6837911e+00   8.7072163e-01  -3.1078696e+00  -9.5142083e-02   1.5891379e+00  -3.9720474e-01
   1.4318452e+01  -3.8055763e+00   1.1430419e+00  -1.1454324e+01  -4.2687069e+00   1.7729855e+00   8.9756525e+00   6.2872741e+00  -1.1980739e+00   2.3992679e+00   2.4458389e+00   1.3054616e-01   1.0015600e+00  -2.0390896e-01   3.0475135e-01  -2.1466412e+00  -4.3073755e+00   2.5521913e+00  -3.0048651e+00  -1.3210582e+00  -1.4903557e+00  -2.8599830e-01   1.3702542e+00  -2.6923146e-01
   1.5563953e+01  -5.8951163e+00   1.0621339e+00  -1.5107157e+01  -6.5768080e+00   3.3568734e+00   8.6146274e+00   8.4510332e+00   4.9631680e-01   4.3782361e+00   3.7123863e+00   3.2665226e-01   7.8542516e-01   6.0826224e-01  -2.5420697e-01  -4.5408529e-01  -3.6309870e+00   2.6985022e+00  -3.7076563e+00  -3.6718202e+00   1.3857723e+00  -4.9660804e-02  -1.9781674e-02   1.0498291e-02
   1.6431854e+01  -5.6501711e+00  -5.9347350e-01  -1.0191729e+01  -5.3392151e+00   4.6386259e+00   8.8804920e+00   9.1136901e+00   6.9362854e-01   4.8042436e+00   3.5701476e+00   3.4983455e-01   1.5522640e+00  -6.2706603e-01  -7.7337617e-01   3.6821635e+00  -1.7838889e+00   1.9794795e+00  -1.1979689e+00  -3.0484243e+00   1.0588774e+00   6.7506492e-02  -1.1984279e+00   1.8865197e-01
   1.5683908e+01  -3.4263223e+00   7.1390662e-01  -7.3193974e+00  -5.2905326e+00   4.4719023e+00   5.8672033e+00   4.3736125e+00   4.8330099e-01   3.3799794e+00   1.6804459e+00   2.2949194e-01   1.1541321e+00  -7.3936928e-01  -1.5110745e+00   3.7638358e+00  -1.8379578e+00   2.4767228e+00  -8.0157866e-01  -2.8738209e+00   8.3783343e-01  -1.0137528e-01  -1.5601237e+00   2.2892270e-01
   1.6586871e+01  -5.9805724e+00   1.5709132e-01  -9.8249582e+00  -7.5876779e+00   4.1846903e+00   8.5524112e+00   3.7533480e+00   3.9675020e-01   2.9996560e+00   1.6641673e+00   4.6210428e-01   2.8690351e-01  -1.4978662e+00  -1.1256556e+00   1.4391755e+00  -1.9674353e+00   9.6772781e-01  -4.8360584e-02  -1.3951570e+00   1.2300015e+00   1.2473266e+00  -3.4466532e-01   1.5075999e-01
   1.7217643e+01  -6.8389696e+00  -1.5797603e+00  -9.6447889e+00  -8.2095133e+00   7.2989254e+00   7.5762997e+00   6.8204729e+00   1.9015061e+00   5.1284669e+00   2.3251908e+00   6.1390145e-01  -1.5850182e-01  -4.2226623e-01   1.2496203e+00  -5.5145583e-01  -1.8928584e-01   5.5378538e-01  -3.8403257e-02  -1.6372330e+00   7.1986679e-01   1.7138888e-01  -4.0119813e-01   3.2096413e-01
   1.6095342e+01  -6.1906467e+00  -1.1351234e+00  -6.8702704e+00  -6.8308777e+00   4.6767061e+00   7.9534029e+00   5.7975243e+00   1.8295282e+00   5.8009898e+00   2.7307771e+00   3.8376978e-01  -9.2983611e-01   1.6855017e+00   3.3187664e+00  -1.8980696e+00   2.0882680e+00   1.3526229e+00  -1.7253556e+00  -2.4999505e+00   4.3082400e-01  -1.0492888e+00  -7.9479761e-01   5.2252834e-01
   1.5691920e+01  -3.9546844e+00   3.2344444e+00  -9.6239250e+00  -5.9528615e+00   5.0565724e+00   6.1091026e+00   8.9567474e-01   8.4671216e-01   2.2363958e+00   5.4534375e-01   7.5010538e-01   7.0902273e-02   9.4556704e-01   3.6584827e+00  -3.2427746e+00   1.8475501e+00   2.3172859e+00  -1.0394726e+00  -2.1616564e+00   2.7145542e-01  -1.4497610e+00  -6.1895542e-01   5.4179570e-01
   1.5954979e+01  -4.8944624e+00   2.7281386e+00  -1.2682495e+01  -5.5836018e+00   7.3348012e+00   6.6979765e+00   2.9658213e+00   1.5703832e+00   2.8717584e+00   1.3618944e+00   1.1777948e+00   3.8127476e-01   2.6649595e-01   1.7121676e+00  -2.1969461e+00  -1.5070522e-01   3.8510385e+00  -6.6737244e-01  -3.3594535e-01   1.6857719e+00  -8.3052859e-01   3.0324307e-01   3.2316531e-01
   1.7394178e+01  -6.0687112e+00   1.9763327e+00  -1.1602839e+01  -6.0618261e+00   9.4458067e+00   6.6448041e+00   4.9938399e+00   2.4382618e+00   4.4184411e+00   2.0811991e+00   1.0295825e+00   6.0103333e-01   5.7628221e-01  -7.8031814e-02   4.2861778e-01  -1.4550382e+00   2.6881801e+00   9.7225688e-01  -1.1779175e+00   1.0038280e+00   1.6344668e-01   2.5496761e-01  -2.1334776e-01
   1.5816125e+01  -4.7338895e+00   2.0621838e+00  -9.1762328e+00  -7.0024532e+00   8.2586467e+00   6.6844934e+00   3.2445237e+00   3.5624113e+00   3.4641743e+00   2.4177141e+00   7.2877919e-01   9.7155153e-01   9.8306840e-01   7.5158267e-01  -8.9534413e-01  -4.1998669e-01   1.4066989e+00   7.0158867e-01  -4.2776134e+00   1.2839213e+00   1.1001988e-01  -9.8094016e-01  -1.2535270e-01
   1.6662897e+01  -3.1705476e+00   3.4503741e+00  -1.0734129e+01  -7.4259931e+00   8.6269198e+00   7.5742294e+00  -1.0105527e+00   1.3564401e+00   2.1853579e+00   3.9988532e-01   6.5459156e-01   1.3181251e+00   2.3076804e+00  -1.0825840e+00  -2.8360546e+00   3.9792296e-01   3.7461519e+00  -7.1653387e-01  -4.9267347e+00   3.2381836e+00  -4.0995303e-01  -7.9105968e-01   1.5262327e-01
   1.7777947e+01  -4.8689416e+00   3.1184919e+00  -1.4459865e+01  -5.5314983e+00   9.8542930e+00   7.2856468e+00  -4.4840254e-01   4.0371760e+00   4.1533298e+00   7.3114105e-01   1.1772612e+00   9.0921635e-01   3.2832059e+00  -2.6163365e+00  -3.1669079e+00   2.9584380e+00   4.1449321e+00  -3.2463227e+00  -2.8034381e+00   2.8221787e+00  -8.2637208e-01  -2.8497036e-01   2.0160075e-01
   1.8390455e+01  -2.5396645e+00  -1.7569734e-01  -1.3215104e+01  -6.2004191e+00   1.4267211e+01   5.2694266e+00  -5.4979901e-01   7.0581549e+00   3.4589338e+00   1.7378961e+00   1.0342764e+00  -8.2515969e-01   3.2904197e+00   4.8571928e-01  -1.1046195e+00   2.6911421e+00   3.6655609e+00  -5.7666762e+00   9.8085498e-01   1.1774632e-01  -7.2267867e-01  -9.8581410e-03  -7.2162586e-02
   1.6316170e+01  -1.2452208e-01  -4.9285268e-02  -1.2686107e+01  -3.1775831e+00   1.1655899e+01   2.9674108e+00  -1.1910103e+00   4.9448220e+00   1.5878282e+00   1.3212532e+00   8.4133791e-01  -1.9642664e+00   2.9350651e+00   3.4529905e+00  -9.9691546e-01   1.7166537e+00   2.4848777e+00  -4.7379719e+00   1.9025520e+00  -2.9336610e+00  -6.4530772e-01  -8.8467317e-01  -4.5626661e-01
   1.6156045e+01  -6.0712781e-01   5.7628416e+00  -1.3277938e+01  -4.5662376e+00   1.3224458e+01   1.0833332e+00   8.3203362e-01   1.0792366e+00   2.3840906e+00   9.0042056e-02   7.1430934e-01  -7.3292223e-01   4.5194227e-01   4.7895970e+00  -2.9097660e+00   3.2016385e+00  -6.6525509e-01   3.5468718e-01   2.6388735e+00  -4.3886432e+00   4.7180089e-01  -6.5498191e-01  -6.1186207e-01
   1.5948752e+01  -1.4326123e+00   5.3287082e+00  -1.5923822e+01  -3.7736086e+00   1.4102986e+01   2.2717357e+00   1.7145091e+00   2.6261437e+00   3.7227898e+00   2.2805830e-01   6.5284484e-01  -4.4244611e-01  -2.9410180e-01   2.9295684e+00  -2.2845778e+00   3.5908611e+00   1.8823357e+00   2.1862495e+00   3.4558680e+00  -2.6436798e+00  -3.0339185e-01   4.0170987e-01  -5.8005254e-01
   1.7474781e+01  -1.2077060e+00   4.3197015e+00  -1.5960896e+01  -1.0999487e+00   1.2045785e+01   6.1492949e+00   1.9557516e+00   1.6345292e+00   3.0991543e+00   1.3020206e+00   2.1072981e-01  -6.2710212e-01   1.9611601e+00  -4.5395856e-01  -6.3228481e-01   3.4647717e+00  -1.3354670e+00   2.1965736e+00   1.1237319e+00  -5.6440604e-01  -2.1876181e+00   1.1400185e+00  -2.5605331e-01
   1.4993133e+01  -2.6538569e-01   5.0666374e+00  -1.4771495e+01   4.7556409e-01   1.5068739e+01   3.7138042e+00   3.4309327e+00   7.0165599e-01   7.7520857e-01   1.3178287e+00   2.2304886e-01  -1.0648429e-01   3.3911354e+00  -1.3088198e+00   1.2762447e+00  -9.2707018e-01  -2.5314054e+00   9.7184650e-01  -5.5559844e-01  -2.2145783e-01  -3.3477522e+00   7.8801705e-01   1.6030428e-01
   1.5693202e+01   1.7509990e+00   5.2129391e+00  -1.4802529e+01  -1.4936664e+00   1.0738381e+01   3.6571593e+00   1.6594198e+00   1.1948714e+00   5.7645412e-01   1.2551847e+00   5.4512736e-01   9.7768345e-01   4.1342917e+00  -1.6292150e+00   2.3725645e+00  -7.8387266e+00  -6.2858822e-02   1.8109411e+00  -9.2310228e-01  -1.3812437e-01  -2.0476305e+00  -8.3485698e-02   2.5050273e-01
   1.6679815e+01   2.1747382e+00   2.9188597e+00  -1.4588639e+01  -4.9673550e+00   1.0959580e+01   4.9755733e+00   1.0292774e+00   2.5137859e+00  -3.7488379e-02   1.4335019e+00   7.2610249e-01   2.6020574e+00   3.9027952e+00  -1.3395311e+00   3.6954756e+00  -7.0107147e+00  -2.7939214e-01   3.7063822e+00  -4.5168932e-01  -1.4772955e+00  -9.6695013e-01  -6.8060277e-01  -6.9408695e-02
   1.8097965e+01   3.7736697e+00   2.9497678e+00  -1.2493477e+01  -1.0136579e+01   1.4006076e+01   8.2348221e+00   1.7719258e+00   5.2127774e-01   4.3405706e-01   1.1189555e+00   3.3495709e-01   1.7019864e-01   3.2514746e+00   1.5557331e+00   6.3518562e-01  -2.9079737e-01   1.5472942e+00   1.3122634e+00  -1.4092795e+00  -2.5826639e+00  -1.4331019e+00  -6.3791697e-01  -5.4782547e-01
   1.7693838e+01   4.5774717e+00   4.1889264e+00  -1.0382807e+01  -5.7190516e+00   1.3015803e+01   6.9845461e+00   2.6971457e+00  -1.1774904e+00  -6.0401808e-01   3.6503911e-01   2.2402096e-01  -2.4356359e+00   2.0573710e+00   2.2895662e+00  -6.6181625e+00   4.1645530e+00  -8.4755238e-01  -2.3385613e+00  -3.9041790e+00  -1.9021573e+00  -1.3535412e+00  -2.5589261e-01  -3.8593626e-01
   1.5441488e+01   5.4268442e+00   6.9115055e+00  -1.5952666e+01  -1.5540141e+00   1.2031211e+01   4.6210680e+00  -1.2884337e+00  -8.3348630e-01  -1.2899339e+00   8.3254059e-01  -2.5570080e-02  -2.4366701e+00   5.6432089e-01   1.6171215e+00  -9.3247995e+00   3.6965308e+00  -2.3217506e+00  -2.8229751e+00  -3.7974765e+00  -6.1834139e-01  -9.7870095e-01   1.5534479e-01   3.6688907e-02
   1.4354600e+01   4.4342075e+00   4.3723401e+00  -2.2786288e+01  -3.0118079e+00   1.0675684e+01   3.2746084e+00  -3.2968115e+00   3.3793186e-01  -1.2058046e+00   1.1928704e+00   3.2746167e-01   6.1633071e-01   1.3393670e+00  -1.6595830e+00  -2.3508155e+00  -1.2628415e+00  -2.0839359e+00   1.4236659e+00  -1.0770721e+00  -4.7544280e-01   1.0901511e-01   5.2074303e-01  -8.6793748e-02
   1.6112579e+01   4.6917832e+00   5.2837432e+00  -2.0278936e+01  -5.9454046e+00   1.1693510e+01   5.8553284e+00  -9.2731043e-01  -1.1639455e+00  -7.3310109e-01   9.3805702e-01   3.3827009e-01   1.2243930e+00   2.6512563e+00  -1.5967819e+00   5.7281052e+00  -2.3536700e-01  -8.8115700e-01   3.4356037e+00   2.2822989e+00  -2.9894776e+00   9.0497981e-01  -4.5670953e-01  -2.1708083e-02
   1.8282788e+01   6.9540528e+00   2.5134330e+00  -1.1745895e+01  -5.4176186e+00   1.0058750e+01   8.5029149e+00   9.0097590e-01  -1.7254250e+00  -7.1891184e-01   1.0933954e+00  -8.8089749e-02   2.0736440e-01   2.4113997e+00   1.8786211e+00   7.6358383e+00   4.1109239e+00  -3.4553238e+00   3.2285127e+00   3.1469013e+00  -5.1333324e+00   1.0996504e+00  -1.0816531e+00  -1.9273886e-01
   1.5313983e+01   8.1438061e+00   5.4457863e+00  -1.2880704e+01  -7.0415931e-01   1.1017943e+01   7.1603204e+00   3.6121043e-02  -4.2860243e+00  -1.7591063e-01   1.9721379e-01   1.4964351e-01  -1.0225790e+00   1.0633608e+00   1.1857370e+00   3.0216478e+00   5.8601110e+00  -4.8167964e+00   1.3450768e+00   2.4886635e+00  -4.6485965e+00   1.5308145e+00  -7.5143174e-01  -1.0572829e-01
   1.5064944e+01   6.3252956e+00   7.1092503e+00  -1.5031646e+01   5.3395524e-01   5.8304823e+00   7.4648814e+00   9.4182477e-01  -5.8010273e+00   1.6507571e-01  -5.9187564e-02   1.3266667e-01   4.8798698e-02   4.2043365e-01  -1.3030287e+00   1.1935290e+00   5.1505202e-01  -1.6206095e+00   1.0370114e+00   2.2342315e+00  -3.4761839e+00   1.5816787e+00  -1.2851531e-01   8.8404455e-02
   1.6187633e+01   6.6012030e+00   4.7644400e+00  -1.4103589e+01  -1.3102505e-01   6.5824490e+00   8.3919603e+00   2.7852604e+00  -6.0990391e+00   1.1211268e+00   3.8720091e-01   6.9299444e-02   2.0085669e+00   9.8062980e-01  -3.2413325e+00   5.2883893e+00  -3.2930649e+00   1.1292674e-01   1.1908130e+00   7.5561830e-01   3.0589968e-01   3.9541881e-01   3.4872987e-01   4.0429699e-03
   1.7919162e+01   8.3560048e+00   8.9956309e-01  -9.3441597e+00  -4.9316077e+00   9.8455822e+00   9.4426120e+00   2.8777534e+00  -6.0331935e+00   1.0050875e+00   8.0562891e-01   8.4688965e-02   4.1040140e-01   2.0523376e+00  -3.8873225e-03   5.4366814e+00  -1.4958420e+00   3.7415470e+00   6.6266448e-01  -1.9170965e+00   1.3914003e+00  -5.9589852e-01   8.4093371e-02   2.0168515e-01
   1.6899725e+01   8.5993962e+00   3.6886310e+00  -7.7918637e+00  -2.9109752e+00   9.1797827e+00   7.9576746e+00   2.0158416e-01  -3.7110917e+00  -2.7883275e-03   2.8790036e-01   1.7969682e-01  -4.8116474e-01   2.2719758e+00   3.6617308e+00  -7.1067186e-01   1.3707769e+00   3.4843845e+00   1.0908418e+00  -2.9597974e+00   2.5220231e+00  -2.0166045e+00  -7.8569420e-01   3.8510837e-01
   1.5324500e+01   8.4047054e+00   7.6413238e+00  -1.0032487e+01  -3.1983266e-01   1.0144136e+01   8.6760210e+00  -6.4198185e-01  -4.9079006e+00  -1.6681449e-01   1.1660277e-01   3.7999571e-01   2.6693906e-02   1.7923494e+00   2.3398123e+00  -3.0941144e+00   2.6646224e+00   2.5706181e+00   3.1818670e+00  -1.4342114e+00   1.7428880e+00  -1.8273560e+00  -5.1453891e-01   6.2523774e-02
   1.6763216e+01   9.9848164e+00   6.8861559e+00  -1.4825433e+01  -3.8074716e-01   1.1659749e+01   1.0411518e+01   1.0543192e-01  -2.8786508e+00  -1.3178289e+00  -4.4682732e-01   4.9930863e-01   1.2856692e+00   2.6464691e+00  -3.4227321e+00   6.2744921e-02  -2.3537895e-01   6.4014564e-01   8.0332153e+00  -2.8016256e-02  -1.1117432e+00  -5.1035476e-01   1.0397141e-01  -2.2722352e-01
   1.8027457e+01   1.0351819e+01   2.8105191e+00  -1.0468547e+01  -2.1997881e+00   1.2461526e+01   1.2988491e+01   7.7451249e-01  -3.8350819e+00  -1.0784263e+00   4.0118438e-01   1.8668717e-02   1.7341288e-01   6.1196002e-01  -5.7093127e+00   5.5017002e+00   1.3001489e+00  -4.1876917e+00   5.4979817e+00  -4.6365198e-01  -1.4770056e+00   1.1140396e-01  -9.2121882e-01  -1.5452449e-01
   1.7476750e+01   1.1595543e+01   9.6993527e-01  -7.4797163e+00  -2.3240660e+00   8.9813060e+00   1.7851263e+01  -5.4868740e-01  -5.9151158e+00  -3.1251458e-01   3.0156667e-01   1.9525037e-02  -2.8021906e+00  -1.5155830e+00  -5.7530751e-01   6.9371851e+00   4.2966043e+00  -7.7579785e+00   2.2999403e+00  -3.3160134e-01  -2.5157915e+00   2.2984679e+00  -6.6418151e-01   9.0005656e-02
   1.5227853e+01   8.5172821e+00   2.0354650e+00  -5.4527946e+00   2.6020501e+00   5.2018198e+00   1.3203121e+01  -1.0104002e+00  -5.6051765e+00  -5.0236568e-01  -1.6394225e+00   3.8810077e-01  -2.7136106e+00  -3.8371959e+00   3.6504752e+00   1.2212139e+00   7.9592086e+00  -6.8636313e+00  -1.7320065e+00   1.8021038e+00  -8.3804526e-01   1.0554890e+00  -5.8825023e-01   4.5851875e-01
   1.3959733e+01   8.6287102e+00   6.4107217e+00  -6.9275313e+00   3.6632401e+00   3.6526343e+00   1.3754114e+01   5.0048624e-01  -5.7672907e+00   1.8418427e+00  -4.2279616e-01   4.4960109e-01  -3.2041954e-01  -3.5518231e+00   6.0974545e-01   2.6200441e+00   6.8312756e+00  -9.7522132e-01  -3.8788409e+00   4.9731325e+00   1.0544831e+00  -1.4830147e+00   6.4242883e-03   1.9117001e-01
   1.5715550e+01   6.0794413e+00   5.5658388e+00  -8.9128184e+00   6.7453718e+00   4.8304151e+00   1.2439055e+01   2.9530813e+00  -5.1660623e+00  -5.7237142e-01  -1.1900955e-01   4.9140881e-01   1.8714761e+00  -2.0287071e-02  -3.9859192e+00   5.6456893e+00   1.7505550e+00   4.1579209e+00   5.3576717e-02   4.2863408e+00   5.6970379e-01  -2.4132367e+00   4.7504623e-01  -2.2650730e-01
   1.6752272e+01   7.4867290e+00   1.1936654e-01  -1.8196381e+00   5.8511865e+00   7.7041764e+00   1.2415034e+01   4.9292706e+00  -4.5529483e+00  -2.5020337e+00  -4.4900335e-01   2.5462602e-01   1.0632327e+00   6.8013681e-01  -7.0581392e+00   7.9183014e+00   7.3083916e-01   6.4300000e+00  -2.5288120e+00   3.3562694e-01   1.2425919e+00  -2.9325839e+00  -2.1365861e-01  -4.4317904e-01
   1.6638797e+01   9.0578421e+00  -7.9773625e-01   4.6179269e-01   4.1339094e+00   9.4129302e+00   1.3953026e+01   3.2047189e+00  -5.3577920e+00  -1.9502825e+00  -9.1374952e-01   1.4582735e-01  -1.6336683e+00   1.1943711e+00  -1.9748277e+00   5.1845062e+00  -1.5441104e+00   4.2759616e+00  -4.3049884e+00  -3.4327996e+00   2.1427240e+00  -3.0151049e-01   6.3693876e-01  -1.4518881e-01
   1.5092958e+01   8.1597150e+00  -9.9469965e-01   2.6261528e-01   6.0652301e+00   1.1006377e+01   9.2039103e+00   8.7810787e-01  -3.8075380e+00  -1.8680777e+00  -3.4591409e-01  -4.2376740e-02  -1.3500204e+00  -9.2474902e-01   3.1112888e+00  -3.1027509e+00  -1.9115766e+00   1.6329360e+00  -3.7976067e+00  -5.1056231e+00   1.8783084e+00   4.3963276e-01   7.7127522e-01   1.5567546e-01
   1.4094704e+01   7.5345049e+00   3.1606303e+00  -2.1771859e+00   4.3221844e+00   9.5932572e+00   7.5871348e+00  -1.7053674e-01  -2.3246815e+00  -1.3416152e+00   7.8485395e-01   4.2212698e-01   4.2732671e-01  -2.1742420e+00   2.5792858e+00  -2.6199038e+00  -6.6850577e-01   4.4631961e-02  -1.2276688e+00  -2.3315865e+00   4.8319535e-01  -9.8120696e-01   3.8636368e-01  -1.4792748e-01
   1.5999288e+01   6.8612740e+00   2.8071165e+00  -5.1542753e+00   2.8896841e+00   1.0063417e+01   9.9015700e+00  -1.0415363e+00  -3.2520409e+00  -2.1469183e+00  -1.4139227e-01   3.4998939e-01   1.3416887e+00   6.6756240e-01   1.8130739e-01   8.3442893e-01  -8.5773431e-02  -5.1829306e-01   2.9375268e+00   2.1913551e+00  -2.2484631e+00  -1.6073151e+00  -1.1926463e-01  -6.3089643e-01
   1.6826622e+01   6.4456996e+00   1.1702844e+00  -7.5961777e-01   4.7189237e+00   9.9513581e+00   1.1762693e+01   6.6716125e-01  -4.9107475e+00  -3.2826727e+00  -4.3646491e-01  -2.7224694e-01  -4.0214025e-01   3.6563871e+00  -1.7837671e+00   3.3145547e+00   4.2195074e+00   2.2528837e+00   4.4272019e+00  -3.0061047e-01  -2.1718071e+00  -1.4983039e+00  -1.0369345e+00  -1.1870528e+00
   1.5739532e+01   9.7054613e+00   2.7243439e-01   8.0547463e-01   5.7382003e+00   1.0049887e+01   1.1522421e+01   3.7462915e+00  -5.8871996e+00  -3.3085216e+00   8.5848400e-02  -6.4153442e-01  -3.2615077e+00   2.6615499e+00   1.2357524e+00   5.4344843e+00   3.4290548e+00   2.1961043e+00   9.9491202e-01  -4.3126359e+00   7.9085161e-01   1.8874843e-01   1.4880132e-01  -6.7059448e-01
   1.3621372e+01   1.1596992e+01   1.7523206e+00  -1.8522876e-01   9.2271874e+00   1.2979348e+01   1.3417512e+01  -3.0153664e+00  -4.2648127e+00  -3.0082694e+00  -8.8416813e-01  -8.6269036e-01  -2.9380757e+00  -2.4510605e+00   2.4683418e+00   9.0577445e-01  -2.6998904e+00   1.6707742e+00   1.4017311e+00  -6.5577606e+00   1.3514345e+00   8.4771987e-01   4.2869933e-01   2.3686225e-01
   1.2709652e+01   8.2779526e+00   4.3697269e+00   2.7102566e+00   5.7791344e+00   1.1843578e+01   1.0566529e+01  -5.6692263e+00  -2.3887309e+00  -2.0009973e+00   3.0566132e-01  -3.6068062e-01  -7.7647591e-01  -7.1620232e+00   1.9053800e+00   1.1260745e+00  -5.6191572e+00   2.5323456e+00   2.3059414e+00  -3.8361188e+00  -7.6834367e-01  -7.7175175e-02  -2.9391002e-02   4.4497321e-01
   1.3934449e+01   3.4828632e+00   2.8241509e+00  -3.5334710e-01   6.4862108e-01   1.1560674e+01   1.4343236e+01  -4.4617207e+00  -4.6328302e+00  -2.6648550e+00   9.6677632e-02  -5.7380460e-02   1.1040724e+00  -5.8597686e+00  -1.9231518e-01   2.6791957e+00  -7.1523693e+00   1.9768966e+00   2.7086841e+00   2.9663532e+00  -4.5464706e+00  -5.6663839e-01   3.4149863e-01   1.6796874e-01
   1.4418280e+01   3.0194908e+00   2.5945892e+00   2.5786455e+00   1.5987476e+00   1.4557742e+01   1.4518471e+01  -1.2847094e+00  -6.8557064e+00  -3.5959915e+00  -4.4866098e-01  -3.7672957e-01   4.5742842e-01   1.1894163e+00  -1.3356405e+00   1.4738851e+00  -1.7482567e+00   2.3184347e+00   2.1566647e+00   3.9398882e+00  -4.6483258e+00  -6.4219938e-02  -6.8770957e-01  -5.7484050e-01
   1.4423166e+01   5.4365700e+00   2.3514167e+00   3.8993704e+00   5.8882682e-01   1.4587611e+01   1.5504567e+01  -7.5809507e-01  -8.8510309e+00  -3.0607299e+00   5.2409748e-03  -6.0271278e-01  -1.4196268e+00   5.7687935e+00   1.3198277e+00   3.0981097e+00   3.8400326e+00   3.6412092e-01  -1.8950135e+00   1.9409934e+00  -1.0298656e+00  -4.7141544e-01   1.4791674e-01  -5.3950406e-01
   1.3151436e+01   9.0852236e+00   2.6026332e+00   2.7947255e+00   3.1866465e+00   1.3807762e+01   1.3220860e+01  -1.6112068e+00  -7.2521193e+00  -1.8993897e+00  -6.8018471e-01  -9.5027522e-01  -2.1809250e+00   4.7372549e+00   5.8403297e+00  -2.5247486e-01  -5.4800372e-01  -3.1992710e+00  -5.6560777e+00  -1.7937736e+00   3.9003592e+00   9.3849411e-01   4.7157301e-01   3.0524896e-01
   1.2438431e+01   9.1031870e+00   4.7998704e+00   4.1857774e+00   5.6147206e+00   1.2481845e+01   1.2149521e+01  -1.3869819e+00  -5.9794222e+00  -4.2202791e+00   4.3431460e-01  -5.7986373e-01  -2.0308006e+00   2.4211631e+00   9.5521762e+00  -2.5739356e+00  -2.8828360e+00  -2.5663204e+00  -4.8249552e+00  -1.5165554e+00   5.1804953e+00   5.5906788e-01  -2.9269112e-01   9.1271022e-01
   1.2139260e+01   8.2920647e+00   1.0130857e+01   2.0567297e+00  -1.7362048e+00   1.0811719e+01   7.7118775e+00  -3.6609264e+00  -2.4409719e+00  -1.6084757e+00   4.4161719e-02   6.9719350e-02  -1.1238858e+00   9.9327339e-01   8.4606456e+00  -7.9622853e-01  -3.7675254e+00  -4.8276298e-01  -1.7899193e+00   1.1619897e+00   2.1177340e+00  -1.0781136e+00  -6.9060646e-01   7.9536489e-01
   1.1883053e+01   9.4648940e+00   1.2915569e+01   4.0746497e-01  -1.2740016e+00   1.2236152e+01   1.1021625e+01  -2.0080685e+00  -3.4858618e+00  -2.3675850e+00  -7.9596892e-01   2.5635527e-01  -5.9341505e-01   2.6292283e+00   3.1393091e+00   1.2989315e+00  -6.0680606e-01   2.3576114e-01  -1.4077822e+00   2.7831113e+00   3.6695348e-01  -6.0087557e-01  -1.6088101e+00   5.3993933e-02
   1.1743296e+01   1.0394280e+01   1.1235752e+01   3.4895389e+00   9.7971947e-01   1.3206464e+01   1.1099929e+01   4.4232094e-01  -5.3222986e+00  -4.4429071e+00  -1.1009526e+00  -1.7533738e-01   1.7420102e-01   1.3964126e+00  -5.0925987e+00   4.4442404e+00   7.9588312e+00   1.8146148e+00   5.2359379e-01   2.2358212e+00  -1.3095425e+00  -8.0111858e-01  -1.8848468e+00  -5.8072656e-01
   1.1746290e+01   1.1995922e+01   8.9563864e+00   5.4177700e+00   3.3465493e+00   1.1638114e+01   8.3438222e+00   7.3606134e-01  -3.9883287e+00  -3.7043767e+00  -1.4063434e+00  -3.7634446e-01  -7.5048251e-02  -5.7411121e-01  -9.0205282e+00   2.8256052e+00   9.1579400e+00   2.8711377e+00  -9.6881011e-01  -8.6949721e-01  -3.1437974e-01   1.2599698e+00  -7.9829758e-01  -5.8769438e-01
   1.2468943e+01   9.1211698e+00   4.4715502e+00   6.2179379e+00   7.8917665e+00   1.3832660e+01   9.8361698e+00  -1.6792595e+00  -4.1540522e+00  -2.1417578e+00  -2.4779212e+00  -4.8502062e-01   1.1753846e+00  -2.6508162e+00  -7.5760945e+00  -5.5583931e-01   4.9528560e+00   8.3418286e-01  -3.2181090e-01  -1.4371389e+00  -9.4799255e-01   2.1921468e+00   1.0421438e+00   2.0625685e-01
   1.1407657e+01   9.2402824e+00   2.7668778e+00   3.2816733e+00   9.0068849e+00   1.6229761e+01   1.0200290e+01  -2.2515241e+00  -4.5415546e+00  -1.6282049e+00  -1.3049310e+00  -4.7034469e-01   1.9037819e+00  -4.2688101e+00  -4.7056927e+00  -1.8518962e+00   9.4888867e-01   1.0004193e+00   3.3394437e+00   1.7525415e-01  -2.9045805e+00  -1.5037584e-01   1.9202984e+00   5.8956409e-01
   1.3675689e+01   7.7958755e+00   2.9663648e+00   3.7238283e+00   5.5788356e+00   1.2161915e+01   9.6889792e+00  -2.1959474e-01  -6.4676745e+00  -2.1927728e+00   4.1155687e-01   1.8104800e-01   9.3026482e-01  -2.1685298e+00  -1.1239075e+00   6.1966392e-01  -1.8628179e+00  -1.4727562e+00   4.3335609e+00   1.5751062e+00  -3.1806876e+00  -2.8931238e+00   2.0390164e+00   3.6558921e-01
   1.3998590e+01   6.2553536e+00   2.6504399e+00   3.8869805e+00   5.9263478e+00   1.3974115e+01   1.3426583e+01   2.6911021e-01  -7.1883883e+00  -3.9044330e+00   2.9365106e-02   1.7496736e-01   4.5711528e-01  -1.8947095e-01  -5.4794711e-01   3.7664009e+00  -1.6603020e+00  -3.5975564e+00   2.7413433e+00   1.8219160e+00  -1.7641850e+00  -2.8727378e+00   8.9380325e-01  -8.1822022e-02
   1.2568874e+01   7.3608395e+00   2.8439079e+00   6.8447801e+00   6.6378082e+00   1.2751348e+01   1.4723365e+01  -5.7691730e-01  -7.6016667e+00  -5.3433294e+00  -8.6544609e-02  -2.5929283e-01  -2.3344816e+00   1.0341668e+00   1.2653329e+00   5.0696123e+00   1.3323902e+00  -7.4432751e-02  -1.6669942e-01   5.5433576e-01   1.0586465e+00  -1.6615293e+00   3.0580808e-03  -5.5273238e-01
   1.2646738e+01   9.1735940e+00   2.0061856e+00   7.3707987e+00   5.9869456e+00   1.0538710e+01   1.1795112e+01   6.6001128e-01  -6.6208359e+00  -4.3620333e+00   2.8482461e-01  -3.7290730e-01  -4.3426861e+00   1.7249942e+00   3.9655297e+00   4.9176150e+00   3.5188652e+00  -4.7805522e-01  -5.3541774e+00   1.3329139e+00   4.2974099e+00   7.3329689e-01   7.2363905e-02  -4.6450525e-01
   1.0849893e+01   7.8880056e+00   5.1864913e+00   9.5863377e+00   7.5471221e+00   1.3767969e+01   1.0254665e+01   4.1645836e-01  -5.1634809e+00  -4.4562666e+00   2.8841424e-01  -3.7411324e-01  -3.6496067e+00   2.8000314e+00   6.9095882e+00   9.0249962e-01   1.1002768e+00  -4.3101301e-01  -6.5076286e+00   2.5164476e+00   5.8675137e+00   2.5163155e+00  -8.5906612e-01   2.6208301e-02
   8.3440512e+00   8.5792619e+00   7.4274428e+00   9.8926243e+00   1.0749989e+01   1.2748722e+01   7.6296665e+00   1.7717932e+00  -1.9613663e+00  -3.2480191e+00  -4.9568460e-02  -4.6438031e-01  -2.6715040e+00   5.8268297e+00   8.2499042e+00  -3.0447651e+00  -1.8528610e+00   2.3765834e+00  -2.2853815e+00   1.0404169e+00   4.8615926e+00   1.4616389e+00  -1.6505881e+00  -1.1000618e-01
   9.2458070e+00   1.1858053e+01   1.0497662e+01   6.9376168e+00   5.9067019e+00   1.0999822e+01   7.0446446e+00   2.6418631e+00  -1.1301309e+00  -2.1258633e+00  -1.2079473e+00  -1.7424388e-01  -1.0593361e+00   8.3421736e+00   5.6561298e+00  -4.2470274e+00  -3.9919169e+00   6.5544387e-03   1.2568217e+00   4.1055737e-01   1.9414154e+00   1.6708437e+00  -1.6729266e+00  -5.5264525e-01
   9.4415248e+00   1.5928815e+01   1.1725457e+01   4.1280115e+00   4.0278643e+00   1.5487658e+01   9.9720505e+00   1.1079343e+00  -1.3451219e+00  -3.3347767e+00  -1.4428768e+00  -6.3785126e-01  -3.7183550e-01   5.4929668e+00   3.6965418e+00  -2.0258201e+00  -3.8234997e+00  -7.7995065e-01   1.8760578e+00   2.4603843e-01  -2.0643726e-01   1.1038309e+00  -7.5625350e-01  -3.8352544e-01
   8.7121521e+00   1.6726489e+01   1.1521679e+01   6.0981031e+00   4.9203090e+00   1.2408333e+01   1.0968706e+01   1.3642239e+00  -2.5594800e+00  -1.9066223e+00  -1.5243215e+00  -1.1163456e+00  -1.5826252e+00  -8.9698264e-01  -3.8373473e+00   2.4355538e+00   3.7961894e+00   3.4696070e+00   2.7152892e+00  -1.6196576e+00  -3.0853279e+00  -1.3015738e-01   8.2578286e-01  -1.1835317e-01
