  -3.9020906e+00   6.0017211e-03  -4.4204922e-01  -4.8875120e+00   6.4704035e+00  -1.1052801e+01  -5.1274123e-01  -1.0655392e+00   3.7762534e+00  -9.9741210e-01   2.6546395e-01   1.5917297e-01   4.9045413e+00   3.9112549e-01   1.2989599e+00   7.8259008e+00   5.4474873e+00  -1.7333249e+00   6.0005346e-01   9.0532748e-01   9.5679931e-01  -1.0458034e+00   4.0166371e-01  -1.1350499e-01
  -9.0094602e-01   1.1870964e+00   1.5821004e+00  -4.6069545e+00   8.3629134e+00  -9.6562636e+00   6.2893658e-01  -9.6958919e-01   3.4162562e+00  -3.9756854e-01   3.6214181e-01   1.9926676e-01   6.6080535e+00   3.4267109e+00   5.7453550e+00   3.2639332e+00   4.1213903e+00   5.2881861e+00   3.1646184e+00   1.4833790e+00   1.8079949e-01   5.5247423e-01   3.8267741e-01  -5.1962713e-01
   1.5460058e+00   3.0669012e+00   5.6180101e+00  -2.4209060e+00   9.6971830e+00  -3.2552537e+00   2.9297094e+00  -1.0147780e+00   3.8790609e+00  -1.6909569e+00   1.4419439e+00   2.1394210e-01   6.8125122e+00   6.4508821e+00   6.8918418e+00   3.2112228e+00   4.4734503e+00   8.1423485e+00   2.5619116e+00  -2.0834425e-01  -1.8151806e+00  -6.7170258e-02   2.5353749e-02  -9.0454812e-01
   1.0501182e+00   3.3795402e+00   5.5230002e+00  -2.5789663e+00   9.9111692e+00  -4.3141690e+00   2.7152231e+00  -8.8455824e-02   2.1616130e+00  -3.5716084e-01   7.6372668e-01  -2.6887916e-01   7.4804484e+00   6.8704432e+00   3.1647247e+00   2.8233738e+00   5.5130668e+00   4.2026544e+00  -2.3597981e+00  -5.0644107e-01  -2.2343763e+00  -6.7013673e-01  -3.2872661e-01  -9.1156131e-01
   5.3411455e+00   8.5861030e+00   7.9252636e+00  -1.0846719e+00   1.2406451e+01  -1.5103252e+00   2.2869829e+00  -1.8186223e+00   1.6808041e+00  -1.1183713e+00   1.0270214e-01  -9.6357625e-01   1.0039374e+01   3.8393970e+00  -4.4835258e+00  -2.2718686e+00   5.4012721e+00  -1.6561028e+00  -6.4367065e+00  -2.2365952e+00  -4.7275615e+00  -1.3109824e+00  -3.1973868e-01  -5.6207843e-01
   8.4221567e+00   8.7331603e+00   5.1755607e+00  -1.0400109e+00   1.5277880e+01  -4.2247462e+00  -2.5893972e+00  -1.3273287e+00   1.1638201e+00  -1.6890664e+00   5.3867276e-01  -5.7931603e-01   1.0426919e+01  -2.0449012e+00  -9.1754670e+00  -3.8219926e+00   5.0316422e+00  -4.2579426e+00  -7.0019619e+00  -3.5651630e+00  -5.3901132e+00  -2.5734748e+00   4.4074037e-01   1.0157977e-01
   1.2919047e+01   6.1491867e+00  -9.3355889e-01  -6.5981866e+00   1.5115736e+01  -5.7841193e+00  -4.0730403e+00  -3.7502344e+00  -2.7133849e+00  -2.9914777e+00   1.0748628e+00  -4.7395710e-01   6.5775502e+00  -6.9773638e+00  -1.1801065e+01  -4.6933882e+00   1.3709136e-01  -4.8716580e+00  -5.3759252e+00  -2.6261647e+00  -4.6812526e+00  -1.8036789e+00  -3.2597508e-01   2.9192810e-01
   1.2901546e+01   1.5306465e+00  -3.8107891e+00  -5.5551978e+00   1.6103990e+01  -8.5641859e+00  -4.6077081e+00  -4.4703944e+00  -3.7264623e+00  -3.2808198e+00   9.3875689e-01  -3.6131907e-01   3.4789573e+00  -4.6420987e+00  -5.8454054e+00  -3.1658853e+00  -4.5724420e+00  -3.0118616e+00  -5.6369828e+00  -2.2002384e+00  -2.2085410e+00  -1.0314080e+00  -9.0453905e-01   1.6876916e-01
   1.2967776e+01   1.7213142e+00  -5.2831587e+00  -5.8671608e+00   1.2199033e+01  -6.6480924e+00  -4.7677495e+00  -4.1863364e+00  -2.8959335e+00  -3.0280130e+00  -5.8630255e-01  -6.3468257e-01   1.2370901e+00  -9.8099793e-01   1.5314423e+00  -1.2379441e+00  -7.7520519e+00  -2.2615955e+00  -4.1620751e+00  -1.8929260e+00   1.7472573e-01   1.0663204e+00  -7.9114946e-01   1.2300678e-01
   1.3616228e+01   3.9839485e+00  -1.4177475e+00  -6.1543518e+00   9.8775682e+00  -8.3105520e+00  -1.0697517e+01  -4.4096352e+00  -2.0577171e+00  -3.2179108e+00   1.2446870e-02  -2.4579956e-01   1.6062265e+00  -1.4669074e+00   4.1525993e+00  -8.1119889e-01  -5.9823538e+00  -1.6531912e+00  -1.6073255e+00  -1.1129128e+00   1.1056804e+00   9.3463081e-01  -5.8058443e-01   3.1012889e-02
   1.4417342e+01   3.4510387e+00   1.6708378e-01  -8.1555258e+00   6.6008689e+00  -9.3033296e+00  -7.2712485e+00  -6.6200028e+00  -3.2856688e+00  -1.4234516e+00   3.5129365e-01  -3.4720669e-01   2.1192058e+00  -4.7167606e+00   1.1452706e+00   1.0604435e+00  -7.1283151e-01  -2.0395941e+00   7.6219028e-01  -3.6625178e-01  -9.7418982e-01   1.8771514e-01   9.5893325e-01   1.8651741e-02
   1.4586103e+01  -1.5345770e+00  -3.0701130e-01  -5.6278137e+00   9.9295413e+00  -9.7163541e+00  -5.7669469e+00  -4.9229304e+00  -1.8730740e+00  -2.6811543e+00  -4.0091784e-01  -4.5853768e-01   1.9354977e+00  -5.3913534e+00  -9.7561621e-01   6.7950987e-01   1.0287799e+00   1.4493055e+00   5.5644318e+00   1.0272251e+00  -2.0978834e+00  -1.2440891e+00   2.9446785e-01  -5.5907658e-02
   1.5661647e+01  -2.5945640e+00  -4.1206208e+00  -4.5397646e+00   1.1103799e+01  -9.0045825e+00  -6.0897490e+00  -4.4790665e+00  -4.4495399e+00  -3.0148186e+00   1.0587797e+00  -5.0033590e-01   3.2683562e-01  -3.0066193e+00  -4.5261975e-01   1.0346653e-03   5.8460913e-02   6.3731274e-01   3.0601414e+00   4.8200618e-01  -1.6953377e+00  -1.9646379e+00   1.1608967e-01   1.7364015e-01
   1.5897322e+01  -1.0802802e+00  -7.3731953e-01  -6.9429676e+00   9.1692730e+00  -6.2859674e+00  -2.9416188e+00  -3.9392657e+00  -4.6226068e+00  -4.2883611e+00   1.0040563e-01  -2.5309644e-01  -3.1578123e-01   1.7258625e+00   1.1792349e+00  -1.2085631e+00  -3.7880314e+00  -5.0026701e-01   2.2670273e+00  -1.0409061e+00  -2.1842721e+00  -1.1520061e+00   4.3922195e-01   5.6482451e-01
   1.4251986e+01  -1.2860386e+00  -2.9669173e-01  -7.4963968e+00   7.0686945e+00  -1.0062554e+01  -4.0937004e+00  -6.3888259e+00  -4.4539090e+00  -3.5668050e+00   2.7476642e-01  -1.8946708e-01  -1.0914894e+00  -7.2384369e-01   4.5774654e+00  -1.1679176e+00  -3.0672549e+00  -4.7473072e-01   2.8711297e+00  -4.6009881e+00   4.3506891e-01  -2.4546368e-01  -3.7212183e-02   9.6117676e-01
   1.4817262e+01   3.9995414e-01  -4.5012357e-01  -5.9623422e+00   6.2650466e+00  -9.9377690e+00  -3.3644303e+00  -5.5294099e+00  -5.1472975e+00  -4.1331702e+00   6.4992172e-01   2.3326467e-01  -1.0279502e+00  -4.1397985e+00   2.0488717e+00   1.0715488e+00  -2.6558854e+00  -3.6853394e+00  -1.6827226e+00  -6.6450834e+00  -4.1342171e-02   1.4017887e+00   1.0486257e+00   8.2529051e-01
   1.4564443e+01  -4.4204467e+00   2.6019792e+00  -6.7819537e+00   7.9550300e+00  -7.8907778e+00  -1.5716488e+00  -1.0585477e+01  -3.5345911e+00  -3.4606095e+00   7.2820336e-01   6.9824868e-01  -1.4740087e-01  -3.9288028e+00   2.3122678e+00   1.3787287e+00   4.4919897e-01  -1.1887654e+00   1.1606788e-01  -3.1119394e+00  -1.2095410e+00   2.3927591e-01   5.1566093e-01   6.8762891e-01
   1.4199168e+01  -5.7227739e+00   8.8665254e-01  -5.6928659e+00   4.7422771e+00  -1.2899864e+01  -6.7267286e+00  -1.1808566e+01  -5.1442789e+00  -2.2387757e+00   1.4466257e+00   5.4098145e-01  -1.5046016e+00  -5.2664180e+00   1.4478330e+00   7.9586946e-01   6.8950256e-01  -1.3783493e+00  -7.3452284e-01  -2.7332802e+00  -2.3469117e+00   9.3576819e-01   1.0006414e+00   4.0983363e-01
   1.4339931e+01  -4.1178788e+00   2.5033219e+00  -5.5630420e+00   8.5038777e+00  -1.0364654e+01  -2.2384495e+00  -7.9171572e+00  -6.2697297e+00  -4.1550883e+00   6.4990583e-01   6.8811791e-01  -1.1265735e+00  -2.2798977e+00   5.3051852e-01  -9.8920013e-01  -1.0844677e+00  -1.9734087e+00  -1.5548307e+00  -9.5135507e-01  -1.7756929e+00   1.7227964e+00   9.8587900e-01  -3.0141211e-02
   1.2672616e+01  -7.6509567e+00   1.7709546e+00  -5.3779938e+00   7.0248766e+00  -1.0768355e+01  -4.1328142e+00  -1.0963490e+01  -7.3000958e+00  -2.3822785e+00   2.1900326e+00   8.5308051e-01  -3.7171080e-01  -2.0465841e+00   1.3310194e+00  -1.5288636e+00  -4.7522679e-01   1.6466881e+00   1.9994043e+00  -7.9952294e-01  -1.8017645e-01   3.9972527e-01   7.7503625e-01   5.5261943e-02
   1.3637859e+01  -6.8762018e+00   2.9556060e+00  -8.4231899e+00   5.1870287e+00  -1.1916646e+01  -5.2008520e+00  -1.2435047e+01  -5.1202221e+00  -8.0466357e-01   1.8353184e+00   4.9698733e-01  -5.1105477e-01  -2.7238070e+00  -1.2326895e+00  -1.2451057e+00  -3.8672373e+00  -3.3624376e-02  -2.7082343e+00  -3.4883189e+00   9.9503907e-01   1.1005709e+00   1.2033587e+00   1.0669020e-01
   1.3992638e+01  -7.4134886e+00   2.6570396e+00  -6.5560874e+00   5.6878613e+00  -9.6538366e+00  -2.2464208e+00  -1.0748905e+01  -5.9892974e+00  -3.3144002e+00   2.0164738e+00   7.1943965e-01   6.0313217e-01   7.2842184e-01   2.4227047e-03  -3.7802229e-01  -2.8139004e+00   1.6078048e+00  -2.7344379e+00   2.2748568e-01   5.5121054e-01   2.6426058e-01   1.7486236e-01   4.4731032e-02
   1.2913338e+01  -8.3223233e+00   2.1124517e-01  -6.8416537e+00   3.3715294e+00  -1.0972350e+01  -7.2439977e+00  -1.3256928e+01  -5.4325702e+00  -2.0381712e+00   2.5417234e+00   9.1497363e-01  -4.9680635e-01   5.3295411e-01   1.0449338e+00   6.8280966e-01  -1.4275073e+00   1.7991267e+00  -3.3170375e+00   1.7495733e+00  -1.1438609e+00  -3.6209178e-02   3.3845466e-01   3.5114739e-01
   1.3939574e+01  -5.8352632e+00   3.1467691e+00  -6.7357954e+00   3.7117756e+00  -8.8287954e+00  -7.2128983e+00  -1.0211321e+01  -6.3171059e+00  -1.3691338e+00   2.0991236e+00   7.1118391e-01  -1.4145140e-01   1.3852231e+00   1.4327009e+00  -9.2654611e-01  -1.7284098e+00   3.4307561e-01  -3.1412185e+00   2.0875458e+00  -1.7207397e-01   1.2667055e+00  -1.4423446e-01   6.3565967e-02
   1.2919181e+01  -6.8658833e+00   4.2781419e+00  -7.3091214e+00   4.0338106e+00  -9.6304762e+00  -7.6931695e+00  -1.0079479e+01  -6.6721092e+00  -1.8316105e+00   2.3016755e+00   1.0278363e+00  -5.7362617e-01   2.5885737e+00   4.3374707e+00   1.0222065e+00   4.3225182e-01   1.4971340e+00  -1.2482153e+00   3.6164886e+00   3.3386510e-01   3.9206136e-01  -4.8396399e-01  -1.7956814e-01
   1.3777539e+01  -6.0638740e+00   2.7726426e+00  -7.7121727e+00   2.7641060e+00  -9.8101600e+00  -6.7336626e+00  -9.2063107e+00  -5.6276389e+00  -1.5176223e+00   1.9201460e+00   7.5835727e-01  -2.2959245e+00   9.6481269e-01   3.6657127e+00  -8.1899494e-01  -4.1898858e-01  -7.8903179e-01  -2.5030246e+00   4.6189707e-01   2.1523048e+00   1.1419179e-01  -3.6808701e-01  -1.0593480e-01
   1.2133916e+01  -4.3251574e+00   6.9045145e+00  -4.8201553e+00   4.4937419e+00  -8.2359666e+00  -9.3559384e+00  -8.3347001e+00  -5.2765061e+00  -1.3758349e+00   1.9052662e+00   6.2203474e-01  -1.3304439e+00   4.3552760e+00   2.4380240e+00   4.6661204e-01   1.1447476e-01  -1.5881231e+00   1.7400559e-01   1.8866449e+00   1.8776734e+00   4.1765353e-01  -7.6808185e-01  -1.1076445e-01
   1.0888320e+01  -5.6584071e+00   7.3321518e+00  -9.2087709e+00   2.8533271e+00  -1.0709598e+01  -1.0136051e+01  -1.0390865e+01  -3.7864503e+00  -1.4257340e+00   1.7451978e+00   7.5518248e-01  -1.2903894e+00   2.2207424e+00   2.5939537e+00   3.2789169e-01   2.6149848e-01  -9.7429270e-01  -7.3258618e-02   2.6521288e-01   2.2497781e+00  -3.8152134e-01  -8.4746558e-01   1.5244166e-01
   1.2368125e+01  -5.3570274e-01   5.6554234e+00  -5.8609042e+00   4.1609122e+00  -1.1562942e+01  -5.7309671e+00  -6.6572347e+00  -4.7761934e+00  -1.2510744e+00   1.2370268e+00   8.6327701e-01   1.0744154e-02  -5.2715598e-01  -1.2895834e+00   3.6113626e-01  -1.8677158e+00  -2.8528195e+00   1.0317189e+00   1.5427854e-01   1.8612293e+00  -3.4392615e-02  -9.7108541e-01   3.7189261e-01
   1.1724851e+01  -4.6274878e+00   7.2881187e+00  -6.6999607e+00   3.3227686e+00  -9.6081113e+00  -8.6560362e+00  -9.6472241e+00  -2.5031281e+00  -2.1522846e+00   9.8306733e-01   8.6639862e-01   1.0456685e+00   7.7296215e-01  -1.7812546e+00   2.0641667e+00  -2.8743100e-01  -1.1826327e-01   2.0764598e+00   2.9373722e+00  -5.5329180e-01  -2.2198804e-02  -7.4494107e-01   1.2851761e-01
   1.1731767e+01  -5.6313510e+00   4.9921560e+00  -5.5328560e+00   1.4574475e+00  -1.3065939e+01  -8.5483673e+00  -8.4751026e+00  -3.1263232e+00  -1.0641485e+00   8.2970328e-01   1.1242656e+00  -3.8796972e-01  -2.5060575e+00  -3.5568758e-01  -2.2273208e-01  -1.4428437e+00  -1.6626634e+00  -8.2525518e-01  -5.9357826e-01  -7.5128180e-01   2.7312915e-01  -6.5234961e-01   2.0082962e-01
   1.2775002e+01  -1.9511398e+00   4.9919036e+00  -6.2765449e+00   3.7739130e+00  -1.0135494e+01  -5.6126609e+00  -5.0758725e+00  -5.4413230e+00  -1.5524951e+00   8.3144792e-01   8.1746461e-01   1.0604749e+00   7.4416861e-01  -2.7618798e+00  -6.1994499e-02   1.0201606e+00  -2.6100605e+00   3.5006115e-01   3.2134072e+00  -3.1462656e+00   8.9851092e-01   8.0136867e-02   4.6861244e-02
   1.1261095e+01  -5.6329629e+00   6.2699996e+00  -6.4067102e+00   1.7710745e+00  -1.3793246e+01  -8.4905375e+00  -9.8332779e+00  -4.4340186e+00  -1.1412754e+00   3.3431210e-01   1.1889885e+00   1.1039206e+00   2.4207128e+00  -8.8841984e-01  -2.3301131e+00   9.1160819e-01   1.1748147e+00   9.4591134e-01   1.8678691e+00  -3.1411361e+00  -1.0808533e-01   7.8793233e-01  -5.3524868e-01
   1.3550899e+01  -3.5104289e+00   2.5063771e+00  -6.3560253e+00   4.6961961e+00  -1.3159549e+01  -8.1598594e+00  -4.1480257e+00  -6.5686787e+00  -7.6595474e-01   1.3509682e+00   9.0432905e-01   5.3588564e-02  -2.2817596e-01  -8.9240873e-01  -2.4742255e+00  -9.0185265e-01  -1.6907929e+00  -1.1750370e+00  -1.5172089e+00  -1.0846310e+00   3.7912780e-01   8.5546611e-01  -4.0000512e-01
   1.2999700e+01  -1.2206373e+00   4.9022894e+00  -8.9882854e+00   2.3637183e+00  -9.7916898e+00  -5.8559010e+00  -6.1372225e+00  -7.2743495e+00  -1.6195467e+00   1.7518416e+00   2.7796034e-01   1.0256302e+00   4.8986824e+00  -2.8036675e+00  -2.1168476e+00   6.5079813e-01   2.8172926e+00  -6.4092028e-03   2.2071025e+00  -5.1681398e-01  -3.2988399e-01   4.0434705e-01  -4.8056740e-01
   1.1986082e+01  -4.4995665e+00   4.3371456e+00  -8.6970956e+00   2.1248121e+00  -1.4672462e+01  -8.6925346e+00  -9.1997136e+00  -5.6481040e+00  -7.4466779e-01   1.4058823e+00   6.7297099e-01  -6.6330464e-01   4.8317688e+00  -2.5974639e+00  -1.4241838e+00  -4.4175393e-01   3.8970245e-01   6.1233682e-01  -5.9666024e-01  -1.4574851e-01  -1.2767448e+00  -7.7428973e-01  -3.1165031e-02
   1.3581949e+01   2.2096295e+00   1.1491140e+00  -8.4114465e+00   4.0329637e+00  -8.8108504e+00  -8.2338137e+00  -3.9967802e+00  -5.6695270e+00  -1.6467449e+00   9.1337563e-01   5.8381639e-01   4.4707644e-01   3.4562909e+00  -4.5404156e+00  -1.7537145e-01   1.5390992e+00  -5.1462767e+00   5.1349659e-01   1.9874163e+00   4.0265572e-01  -1.2354989e-01  -2.2717515e-01   3.4373691e-01
   1.2264818e+01   2.0220909e+00   4.8676895e-01  -8.7807204e+00   3.1989425e+00  -1.3065415e+01  -6.0523978e+00  -6.1132371e+00  -7.5897128e+00  -2.6674728e+00   6.0876662e-01   7.0465348e-01   6.3601807e-01   2.8505979e+00  -1.4310700e+00  -9.9118765e-01  -8.6902152e-01  -1.1621072e-01   3.0522313e+00   2.6687528e+00   2.5672634e-01  -1.4105339e+00  -1.5264262e-01   1.2207289e-01
   1.3530946e+01   7.0297034e-01   1.6854366e-02  -9.2095302e+00   4.1353019e+00  -1.8314628e+01  -6.4057245e+00  -4.6993362e+00  -5.6995616e+00  -8.4346901e-01   1.8096367e+00   7.7772445e-01  -9.5490937e-01  -3.5712254e+00   1.8145171e+00  -7.1915594e-01  -4.3178361e+00  -1.4205652e+00   8.7091236e-01  -1.7362780e+00   6.5554637e-01  -1.0399279e+00  -2.0418606e-01   2.1859481e-01
   1.2965611e+01   5.2965995e-01   2.7566704e+00  -9.7848352e+00   7.7011073e-01  -1.0094889e+01  -5.0282323e+00  -4.8453064e+00  -5.2479972e+00  -3.2621065e+00   7.2878784e-01   7.5912629e-01   1.0798315e+00  -2.3967201e+00   2.7626593e+00  -1.3221866e+00  -2.6288539e+00   1.1755430e+00  -7.3831441e-02  -3.0687996e-01   2.7865035e+00  -1.7513835e-02   5.3353255e-01   1.4899656e-01
   1.1799188e+01  -2.4009931e+00   2.7359390e+00  -8.9881230e+00  -1.2293746e+00  -1.2426961e+01  -7.4395279e+00  -7.2351627e+00  -5.8570652e+00  -2.9093198e+00   5.4708593e-01   8.8447220e-01   1.3063305e-02  -2.5904401e+00   1.6535070e+00  -1.3252140e+00  -1.6696272e+00   2.7963932e+00   1.6151405e-01  -2.0317493e+00   2.0636589e+00  -5.1726376e-02  -5.8389602e-01   1.6301491e-01
   1.4750444e+01  -2.1007462e-02   3.2712155e+00  -1.0874704e+01   1.9379998e+00  -1.4245934e+01  -5.6462433e+00  -5.3056438e+00  -3.3312057e+00  -1.6608182e+00   2.0403409e+00   8.7477445e-01  -7.1650954e-01  -3.0266358e+00  -1.8573049e-01  -4.9607739e-01   2.4696597e-01  -3.6344877e+00  -2.4742062e+00  -2.0186219e+00   2.1173319e+00   2.4702139e+00   1.5135672e-01   4.6095056e-01
   1.2658125e+01  -2.9073562e+00   2.2398423e+00  -1.0652417e+01   1.0469165e+00  -1.2044516e+01  -5.8544480e+00  -7.5167914e+00  -3.5624690e+00  -1.7217027e+00   2.7801621e-01   9.6442274e-01   2.9954710e-01   2.3322109e-02  -3.0724224e-01  -2.3271532e+00   1.5196778e+00  -6.2157096e-01  -7.1825684e-01   1.5231356e+00   1.7580887e+00   1.4562645e+00   4.7038134e-01   1.4964470e-01
   1.1461378e+01  -3.7571122e+00   2.7261230e+00  -9.6968044e+00   2.4141402e-03  -1.5737843e+01  -9.5320816e+00  -7.7324249e+00  -3.2192975e+00  -1.5059418e-01   1.0903578e+00   1.4105769e+00  -1.7448027e+00  -2.1404642e+00  -1.5722149e+00  -1.7609368e+00  -2.2078236e-01   5.7907836e-01  -2.1485197e+00  -1.0339138e+00   6.0134944e-01   2.3684692e-01  -1.1157121e-01   1.2054574e-01
   1.3893042e+01  -4.9795753e-01   2.5476219e+00  -1.3067803e+01   2.0179349e+00  -1.2613363e+01  -6.5739940e+00  -3.7370688e+00  -3.2758863e+00  -1.4800351e+00   1.7276495e+00   8.4103804e-01  -4.1139134e-01   3.8171845e-01  -1.6624689e+00   1.3587730e-01  -6.6277015e-01  -2.0699619e+00  -1.9975910e+00   1.2627088e+00   4.0273859e-01   1.0561095e+00   1.0891354e+00   1.5450819e-01
   1.1515781e+01  -4.4364032e+00   7.5900340e-01  -1.2308416e+01   1.1213170e+00  -1.3092893e+01  -8.5092497e+00  -8.7463758e+00  -2.5724729e+00  -1.4263816e+00   1.1481674e+00   1.1172854e+00  -4.4908999e-01   8.9493425e-01  -1.2155224e+00  -1.1122144e+00  -2.7368415e-01   2.1675734e+00   1.3525212e+00   5.9229975e-01  -4.3826373e-01   1.6216523e+00  -4.1343739e-01   2.6006351e-02
   1.2013836e+01  -1.9951330e+00   7.2969880e-01  -9.1427949e+00  -5.0669020e-01  -1.6471934e+01  -9.3622504e+00  -5.1157527e+00  -3.2817734e+00   5.0035527e-01   1.8828144e+00   1.3428308e+00  -2.6466357e+00  -2.1237787e+00  -7.7845579e-01  -1.5892643e+00  -2.4863191e+00   1.2267411e+00  -1.8460189e+00  -4.2184898e+00   1.8333086e-01   1.6848501e+00  -7.5639972e-01   2.3038772e-01
   1.1727346e+01  -1.6661231e+00   1.8118009e+00  -1.3327630e+01   8.5420047e-01  -1.0557198e+01  -6.1091717e+00  -6.1546333e+00  -3.8737495e+00   1.2916891e+00   3.9261922e-01   1.1986900e+00  -2.1949935e-01   1.9493955e+00   1.2366541e+00  -1.3323007e+00  -1.1914419e+00   8.9844527e-01   2.1228960e-01   5.8186847e-02   4.7312495e-01   7.0731277e-01   1.6221109e-01  -5.1401159e-02
   9.8173061e+00  -5.0687656e+00   8.5353951e-01  -1.4942092e+01  -1.5779855e+00  -1.2041099e+01  -1.0543061e+01  -1.1360675e+01  -2.3502517e+00  -3.1179533e-01   9.7082401e-01   1.1459173e+00  -8.5168660e-01   3.2399150e-01   8.5807034e-01  -3.9906030e+00   2.5906504e+00   2.6666256e+00   4.4267165e-01  -2.1506180e+00   2.0673788e+00  -7.6349080e-01  -2.3888414e-02  -2.2237607e-01
   1.2284797e+01   2.4506445e-02   2.5520642e+00  -1.1407219e+01  -1.3019810e-01  -1.3960642e+01  -7.6004099e+00  -5.5366345e+00  -2.3285463e+00   4.0662836e-02   1.8474793e+00   1.1386404e+00  -8.7081458e-01  -5.9669404e-01   9.6042748e-01  -2.9502401e+00   3.6080417e+00  -1.9410388e+00  -2.1655781e+00  -2.2295187e+00   3.0838026e+00  -1.8937693e-01   8.5844340e-01  -3.4751795e-02
   1.0457580e+01  -2.3544606e+00   1.6466727e+00  -1.6088905e+01   3.8714847e+00  -1.0770273e+01  -7.9526239e+00  -8.6506792e+00  -9.5330684e-01  -1.9367777e-02   1.1195518e+00   1.0392915e+00   7.4789452e-01   2.2673715e+00   2.0305135e+00  -1.9540216e+00   4.6812992e+00  -3.5884838e-01   1.9439974e+00   2.3012467e+00   2.3336011e-01   9.7227405e-01   5.2793463e-01  -1.9019660e-01
   1.0100987e+01  -3.9183167e+00   2.8558755e+00  -1.7179584e+01   3.5415280e+00  -1.4104169e+01  -1.0652758e+01  -1.0853909e+01   5.3481987e-02   8.6140997e-01   1.6059204e+00   1.1998753e+00  -1.0849399e+00  -1.9712840e+00  -9.2292323e-01  -1.6338423e+00   4.9966804e-01   1.8212567e+00  -8.2870499e-01  -1.9878343e+00  -4.2068466e-02   6.6710453e-01   2.7686641e-02  -1.4999516e-01
   1.2031053e+01   3.0370319e-01   3.7474041e+00  -1.4986942e+01   3.6081003e+00  -1.2507608e+01  -6.1008914e+00  -5.2501674e+00  -3.1912257e+00   7.3624218e-01   1.8835054e+00   8.3000498e-01  -1.2935170e-01   2.5227279e-01  -2.5662535e-01   3.7302418e+00  -2.9452899e+00   2.2677198e-01  -1.7346698e+00   1.2369288e+00  -8.5867635e-01   8.1251155e-01   8.5414023e-01  -2.1918048e-02
   9.8706513e+00  -4.2615014e+00   1.1731363e-01  -1.4408964e+01   7.5099615e-01  -1.0360089e+01  -9.7693336e+00  -1.0218642e+01  -1.2726896e+00   6.6351466e-01   1.5070324e+00   1.0182909e+00  -2.3472741e-01   1.0163461e+00   2.7855825e-02   2.7347650e+00  -1.6696781e+00   3.9315787e+00   1.3558137e+00  -6.8105835e-01   6.7287337e-01   3.4275666e-01   3.3740039e-02  -2.1846855e-01
   1.0378721e+01  -1.8044590e+00   2.6310156e+00  -1.1878852e+01   8.4881578e-01  -1.2302155e+01  -1.0996341e+01  -7.1129196e+00  -1.5782356e+00   1.2983472e+00   2.4502061e+00   1.0972066e+00  -2.6982583e+00  -2.7372291e+00  -1.4220057e+00   2.4178426e-01  -3.3039328e+00   7.9382950e-01  -2.4654055e+00  -6.4184990e+00   3.3216888e+00  -1.4880858e-01  -5.9917313e-02   2.5044114e-02
   1.0575062e+01  -1.3397164e+00   3.4558535e+00  -1.4631481e+01   2.4166531e+00  -8.3095273e+00  -6.1713125e+00  -1.0944121e+01   2.5629700e-01   1.0944924e+00   1.3731801e+00   7.3857164e-01  -8.3228895e-01   2.4728713e+00   1.0406048e+00   2.3347329e+00  -1.7967266e+00  -1.1833811e+00   1.4242209e+00  -1.6648495e+00   1.0205713e+00  -3.0865917e-01   3.5048038e-01  -5.6597277e-02
   7.6314603e+00  -5.2630329e+00  -5.4874380e-02  -1.4513007e+01  -2.1806273e+00  -1.2342145e+01  -1.1598010e+01  -1.4515176e+01   1.0268143e+00   2.9754042e-01   1.8605556e+00   1.0074308e+00  -2.9718245e-01   4.6046914e-01  -8.9018563e-01   6.5534231e-01  -6.1929186e-01   2.0475911e+00   8.3762709e-01  -2.2138330e+00   3.9867730e-01  -7.8924733e-02  -1.2434711e-01  -2.0410239e-01
   9.9958481e+00   1.1770924e+00   3.0211658e+00  -9.5897868e+00  -4.2937220e-01  -1.2115166e+01  -7.3321675e+00  -9.0147875e+00  -1.0443576e+00   7.0092930e-01   2.3275783e+00   9.7828288e-01   2.5647632e-01  -1.0094989e+00  -3.0570974e-01   2.3748989e+00  -8.1123173e-01  -4.8307250e-01  -2.0881175e+00   5.6178894e-01  -7.0367570e-01   5.7615921e-01   8.4775810e-01   2.5450392e-02
   1.0222554e+01  -2.3721597e+00   1.5130810e+00  -1.3416686e+01   1.3428906e+00  -7.3279489e+00  -9.1594725e+00  -1.1398336e+01  -3.2989236e-01   1.3767417e+00   1.7864864e+00   6.7119738e-01   1.3440216e+00   2.8319074e+00   9.1034480e-01   1.4942456e+00   3.0186989e+00   2.2128255e+00   3.2585267e+00   2.6037611e+00  -1.3589451e+00   6.3702908e-01   2.1089019e-01  -1.6665643e-01
   9.6642297e+00  -4.2994014e+00   2.2133112e+00  -1.1617293e+01  -5.6195346e-01  -1.1541234e+01  -1.0522758e+01  -1.1659858e+01  -1.2086324e-01   1.4191306e+00   2.6818518e+00   9.4486392e-01  -1.9720047e+00  -1.2249082e+00  -1.2800320e+00  -2.5225889e+00   2.8264058e+00  -2.8093851e-01   6.7778283e-01  -1.6853444e+00   2.0548857e-01   1.6692940e-01   1.6680807e-01  -2.0826287e-01
   9.8133019e+00   1.7230751e+00   1.7145701e+00  -1.1257885e+01   2.4137117e+00  -9.3098728e+00  -5.1149250e+00  -9.2869998e+00  -1.4733506e+00   8.9398337e-01   1.9997541e+00   7.7415561e-01  -1.9645608e+00   1.2676894e+00   1.5205707e+00   1.0305005e-01   3.0232668e+00  -4.2694885e+00   1.4501335e+00   1.7319101e+00  -9.4736321e-01  -2.8994406e-01   1.1194928e+00  -1.7408200e-01
   7.2424671e+00  -2.7078872e+00   1.0003732e+00  -1.4453070e+01   3.2748259e+00  -1.1545612e+01  -8.3377670e+00  -1.2598472e+01  -1.6439560e-01   1.1927026e+00   2.4711565e+00   6.1440947e-01   2.7509283e-01  -2.4159507e-01   2.1066155e+00  -6.8388076e-01   3.9327935e+00  -3.4528803e-01   2.2845870e+00   1.9019130e+00  -4.5481803e-01  -4.5935143e-01   1.6934963e-01  -2.1981454e-01
   8.4865941e+00  -1.2663828e+00   4.4004061e+00  -1.1844222e+01   3.9594012e+00  -1.3729993e+01  -8.0767675e+00  -8.3311632e+00  -1.7291710e+00   1.0550396e+00   3.5710732e+00   5.7530160e-01   4.0805685e-01  -5.0097833e+00   1.7110218e+00   1.3541379e-01  -4.7259457e-01  -1.3498430e+00  -2.5061268e+00  -1.1647161e+00   6.6212593e-01  -1.7644510e-01   6.9317040e-02   7.1389435e-02
   1.0740223e+01  -3.1670651e+00   4.0303165e+00  -1.2349946e+01   4.5643921e+00  -9.8491062e+00  -5.6149558e+00  -9.2849063e+00  -6.7518006e-01   6.4957535e-01   2.1502167e+00   7.1456912e-01   1.6680818e+00   9.6198801e-02   1.1627683e+00   2.9130265e+00  -8.1420289e-01  -6.9953859e-02   1.6069901e+00   2.7272771e+00  -1.3898401e+00  -3.0882810e-01  -6.3436359e-01   3.5294633e-01
   8.6765093e+00  -5.5620109e+00   2.7661312e+00  -1.2106327e+01   1.0600368e+00  -1.2182890e+01  -1.0235521e+01  -1.2690857e+01  -2.2476944e-01   9.0087933e-01   2.2641995e+00   8.3115993e-01  -8.8075835e-01  -5.6888234e-01  -1.2686540e-01   4.3748305e-01   1.8145320e-02  -3.0461355e-02   1.1821251e+00  -7.6903728e-01  -1.5439173e-01  -1.8089602e-01  -1.1612815e+00   3.4100751e-01
   9.6496323e+00  -4.1577496e-01   3.5616631e+00  -9.9524784e+00   3.5032038e+00  -1.2424094e+01  -4.8479052e+00  -6.3277097e+00  -3.0013565e+00   8.0654056e-01   2.1730480e+00   1.0158998e+00  -2.7263910e+00   1.1587155e-01   1.8063193e+00   7.5736888e-01   4.6013369e-01  -4.0968294e+00  -1.4036577e+00  -5.3553471e-01   9.3174162e-02  -1.0910404e-01   6.5135221e-01   2.4017464e-01
   7.7107519e+00  -3.4953513e+00   4.4444347e+00  -1.2386731e+01   4.5172133e+00  -1.2488191e+01  -6.6871052e+00  -1.0963317e+01  -7.9767039e-01   7.0521297e-01   1.8177353e+00   9.3614753e-01  -4.5432871e-01   1.8941478e+00   1.1747288e+00   1.0474813e+00   1.2591405e+00  -1.3532194e+00   1.3605317e+00   3.4040460e+00  -4.4941052e-01  -1.7078290e-01   3.2394595e-01   2.1284332e-01
   7.1335150e+00  -4.0265875e+00   5.9006437e+00  -1.1073690e+01   3.5260044e+00  -1.5841700e+01  -9.4946502e+00  -1.0951978e+01  -2.4896834e-01   5.8375247e-01   3.3504772e+00   1.0223373e+00  -3.3837352e-01  -2.2207250e+00   5.0945691e-01  -5.5969128e-01  -1.2226347e+00  -9.3942103e-01  -3.9504173e+00  -8.3627481e-01   2.6185846e-01   5.2754362e-02   3.4870766e-01  -7.2353970e-03
   9.2530749e+00  -9.1538296e-01   3.3587341e+00  -9.9744989e+00   2.9373473e+00  -1.2503916e+01  -5.8713508e+00  -5.2726536e+00  -2.2750793e+00   7.5609903e-01   2.1614039e+00   1.1472062e+00   1.6587820e+00   1.9831459e-01   5.5421051e-01   1.4312290e+00  -6.0715963e-01  -1.4181677e+00  -1.8240491e+00   4.2036246e+00  -1.7570061e+00   4.1901777e-01   7.9662023e-01   1.6717738e-01
   8.3709105e+00  -5.0368467e+00   4.8686987e+00  -1.1998132e+01   2.4591848e+00  -1.3825363e+01  -1.1181408e+01  -1.0427454e+01  -1.8698643e+00   8.6022907e-01   2.5242752e+00   8.9951738e-01   2.0141267e+00   6.8221298e-01  -7.8731793e-01  -5.2330012e-01   1.7903317e+00   1.4291506e+00  -5.2528535e-03   2.6225821e+00  -2.0153092e+00   4.2359687e-01  -2.7356602e-01  -6.0605287e-02
   9.5802272e+00  -2.6927498e+00   5.7917229e+00  -9.7776672e+00   4.1398836e+00  -1.5623611e+01  -8.5797998e+00  -4.9201427e+00  -2.6227316e+00   1.1955013e+00   3.4257666e+00   1.2483236e+00  -2.6159474e-01  -1.0762722e+00   4.6032480e-01  -1.8907007e+00   1.5908339e+00  -9.9912260e-01  -2.3553590e+00  -2.7532218e+00  -1.1270836e+00   5.8016976e-01   4.9228341e-01  -2.7591311e-01
   9.9911290e+00  -2.1145846e+00   3.5031724e+00  -1.1957056e+01   5.6102338e+00  -1.2138126e+01  -8.1483050e+00  -7.1943604e+00  -3.0981059e+00   9.9944662e-01   2.3079468e+00   8.8087065e-01   2.9020431e-01   2.2988229e+00  -2.6589147e-01   5.2029984e-02   1.2516142e+00   2.3679143e-01   3.9104205e+00   1.8186250e+00  -1.4969877e+00   5.1256308e-01   1.8010449e-01  -1.5591043e-01
   8.0505735e+00  -3.9909223e+00   4.7319845e+00  -1.2831088e+01   3.7480737e+00  -1.4846218e+01  -1.0920941e+01  -1.1019033e+01  -3.3515839e+00   1.5567449e+00   3.0079932e+00   7.4265987e-01  -1.2697952e+00   4.6702778e-01  -7.0938224e-01  -2.6638014e-01  -1.5227665e+00   2.3938774e+00   2.0654870e+00  -4.1187394e+00   6.8154734e-01   1.9816152e-01  -9.2211838e-01  -1.1785472e-01
   9.5710438e+00  -9.3952607e-01   4.9997307e+00  -1.0393376e+01   4.5325110e+00  -1.3858872e+01  -4.1452070e+00  -4.6500711e+00  -3.7509198e+00   1.4484519e+00   3.0033186e+00   9.1848357e-01  -1.4155993e+00  -1.1332956e-01   1.1406035e+00   3.2185809e+00  -4.0718962e+00   1.1903238e+00   9.1234711e-01  -2.7554705e+00   1.8026074e+00   1.3977517e-01  -3.2709404e-01   2.6662661e-01
   7.8855769e+00  -2.5797374e+00   3.9793704e+00  -1.0959077e+01   2.3945953e+00  -1.1172422e+01  -7.4831183e+00  -1.2370396e+01  -1.2740037e+00   1.2682410e+00   1.6949031e+00   1.0527350e+00  -8.1646217e-02   1.3033433e+00   4.7855119e-01   1.4091558e+00  -1.6817615e-01   2.0676864e+00   3.5863998e+00   9.4093957e-01   8.2580001e-01  -5.0884099e-01  -2.1301601e-01   8.1040708e-02
   7.9502283e+00  -2.9901714e+00   5.5903847e+00  -8.0651901e+00   1.7912864e-01  -1.2189539e+01  -8.4986957e+00  -1.0651884e+01  -1.4329849e+00   1.3533613e+00   2.4738507e+00   1.1257730e+00  -2.4135446e+00  -1.2508307e+00   7.6435185e-02  -1.7830067e+00   5.9182117e-01  -2.9408976e-01  -2.1856866e+00  -2.2636351e+00   4.4747204e-01  -7.1493953e-01   4.9593636e-02  -3.2093757e-01
   8.7385120e+00  -1.0105847e+00   5.1544843e+00  -1.1881447e+01   5.6725006e+00  -1.2579355e+01  -3.3645970e+00  -6.6067171e+00  -3.2718513e+00   8.4102869e-01   2.9532031e+00   7.6057622e-01  -7.3774470e-01   2.4259210e-01   1.8879602e-01  -7.6223017e-01   2.5394596e+00  -2.0873416e+00   4.8150113e-01   4.8153829e+00   1.0729965e-01  -7.9836021e-01   9.7312094e-01  -4.6124359e-01
   5.5242593e+00  -3.6003484e+00   4.5268266e+00  -1.2606702e+01   3.7812901e+00  -1.3596540e+01  -9.4829975e+00  -1.0927363e+01  -2.0807879e+00   5.8964876e-01   2.4485591e+00   5.8315661e-01  -6.9141615e-01   7.0159141e-01  -6.2152357e-01  -2.1079722e+00   4.0089909e+00  -1.2884077e+00   1.1616813e+00   9.7862486e-01   1.4418558e+00  -1.0625911e+00  -5.0654875e-02  -3.6233946e-01
   7.9919443e+00  -1.9107607e+00   4.7943435e+00  -9.8316668e+00   4.4027040e+00  -1.3599934e+01  -6.2687157e+00  -5.0095826e+00  -7.8915271e-01   4.5255695e-01   3.1672304e+00   6.3217781e-01  -1.5192195e+00  -1.6971268e+00   7.9312784e-01  -1.9486817e+00   6.8903690e-01  -2.1543153e+00  -2.8679873e+00  -3.5850835e+00   1.9662538e+00  -5.6897073e-01  -1.2197378e-01  -9.4104294e-02
   7.2863879e+00  -1.4876963e+00   4.8381698e+00  -1.2252038e+01   6.8275132e+00  -1.3611861e+01  -5.3041144e+00  -9.9825144e+00  -5.1155051e-01  -4.6289366e-02   2.2908548e+00   6.4646301e-01   6.7986153e-01   5.9140716e-01   1.4212324e+00  -2.7245799e+00   1.6058298e+00   1.2699088e+00   9.7190785e-01   9.8107000e-01   3.5018309e-01   5.3523910e-01   3.0586102e-01   8.4541419e-02
   5.5786184e+00  -4.6126010e+00   6.1885044e+00  -1.4981801e+01   5.1829444e+00  -1.5803168e+01  -9.7560195e+00  -1.2456767e+01  -1.1070892e+00   3.0554165e-01   2.8490946e+00   5.8776657e-01  -1.5288519e+00  -1.6291610e-01   1.1890040e-01  -2.4885923e+00   9.4803434e-01   7.0982430e-01  -1.3244153e+00  -1.5583219e+00  -1.6787815e+00   8.5243402e-01  -5.0323341e-01   1.9205577e-02
   7.7507146e+00  -1.3623176e+00   5.9615946e+00  -1.4118504e+01   5.7999146e+00  -1.0590060e+01  -6.2814838e+00  -5.7321663e+00  -1.3965450e+00   1.4660150e+00   3.0664185e+00   7.3217436e-01  -1.2025538e+00  -5.9933222e-01  -7.3943003e-01   2.6054084e+00  -4.2205254e-01   1.0362485e-01  -1.3990169e+00   1.7480410e+00  -1.8699705e+00   4.6269982e-01   4.2325393e-02   9.8315153e-02
   5.4665032e+00  -2.2178242e+00   4.4109816e+00  -1.2631322e+01   6.3385549e+00  -1.4046098e+01  -7.7666539e+00  -9.4722395e+00  -2.8648277e+00   9.7505577e-01   2.0245984e+00   6.1813050e-01  -9.9572937e-01   2.9662236e+00  -4.6094120e+00   5.7695046e+00   2.5317372e+00  -1.5509165e-01   3.4284018e+00   2.6963454e+00  -2.8244410e-01  -2.4879199e-01  -1.6762062e-01   1.8900908e-01
   5.5386148e+00  -3.5840830e+00   4.6177861e+00  -9.5191654e+00   5.6166292e+00  -1.4334959e+01  -8.3973224e+00  -8.8527165e+00  -2.4376371e+00   3.1300331e-01   2.7665910e+00   7.7875378e-01  -3.0150118e+00   4.3724873e-01  -3.4940860e+00   3.8422687e+00   1.2813691e+00  -3.2341190e+00  -7.9976719e-01  -3.1835827e+00   5.4928812e-01  -1.1622838e+00  -1.5644316e-01   1.6001287e-01
   5.1910743e+00   9.4761711e-01  -5.3709280e-02  -8.6272139e+00   9.0721930e+00  -1.4163356e+01  -3.5554974e+00  -6.8519735e+00  -1.0102093e+00   5.0885953e-01   2.7475774e+00   8.4799048e-01  -9.5861228e-01   1.5036248e-01  -6.5759749e-01   2.1387433e+00   4.0584829e-01  -6.5808885e-01   1.3766284e+00   5.3347940e-01   2.2506946e+00  -2.2732351e-01   1.3320557e+00   1.8607495e-01
   3.3659113e+00  -2.2891652e+00   2.9528112e+00  -1.0357156e+01   6.3551492e+00  -1.5382609e+01  -9.5867129e+00  -1.1817673e+01  -1.4999220e+00  -4.4312550e-02   2.4702643e+00   8.5726367e-01   3.0654804e-01  -3.0606592e+00   2.2759122e+00  -3.7250308e-01   1.6115698e-01   2.2700428e+00   1.1711783e+00  -2.6859779e+00   3.8684177e+00   4.2206348e-01   4.3185525e-01  -2.4045415e-02
   5.1149365e+00  -2.6397394e+00   4.2570729e+00  -9.0042122e+00   6.5780673e+00  -1.4509406e+01  -5.1070161e+00  -7.1895420e+00   4.2356730e-02   8.1272844e-01   4.1708453e+00   8.5798799e-01   7.5623359e-01  -7.2615887e+00   5.2984455e+00   1.2210881e+00  -2.2656803e+00   2.5426978e+00  -2.7069513e+00  -4.7505210e+00   3.6556811e+00   3.7945125e-01   9.4577761e-02  -1.8371399e-01
   6.0365057e+00  -6.3813935e+00   5.8762634e+00  -9.8894208e+00   7.1054275e+00  -1.0756869e+01  -5.8647956e+00  -1.2712899e+01   2.8387064e+00   7.9416409e-01   2.7027399e+00   7.3768690e-01   2.1000490e+00  -4.3616838e+00   1.6113962e+00   2.1955905e+00  -8.1911091e-01   3.7108313e+00   1.5259008e+00   7.6704748e-01   5.3124556e+00   1.1628569e+00   2.2940276e-01  -1.3662798e-01
   4.9901275e+00  -7.8986518e+00   6.4322329e+00  -7.0294492e+00   5.2985334e+00  -1.2662179e+01  -9.4768830e+00  -1.3530142e+01   2.3039981e+00   6.5879810e-01   2.7732063e+00   6.3220787e-01   9.7142015e-01  -3.1800789e+00  -1.0237231e+00  -2.8834292e-01  -1.1515839e+00   2.5527678e+00  -4.4522330e+00  -1.5625128e+00   3.3828325e+00   1.3916074e+00  -8.6608432e-01  -3.5601230e-03
   6.5783893e+00  -6.2022347e+00   4.2823254e+00  -8.0511513e+00   5.7662498e+00  -1.0739976e+01  -5.1129281e+00  -7.4968020e+00   5.3379407e+00   1.7769380e+00   3.5131879e+00   7.6521176e-01   7.2408737e-01  -1.1675705e+00  -5.4916807e-01   1.2611156e+00   3.8296581e-01  -2.4975139e+00  -3.2441671e+00   3.6067630e+00  -7.5671604e-01   1.8873547e+00   2.0201984e-01  -1.0181124e-01
   6.3011250e+00  -7.4994372e+00   3.5184571e+00  -1.0355861e+01   5.5202803e+00  -1.0688701e+01  -1.2161299e+01  -1.2141360e+01   3.8669883e+00   2.4087525e+00   2.4664948e+00   8.3888537e-01   9.7305601e-01  -1.1422552e-01  -1.7059277e+00  -1.1330144e+00   1.6116848e+00  -3.3119721e+00   1.1438215e+00   4.5741015e+00  -3.0876945e+00   1.5416923e+00  -2.2009311e-01  -9.7862274e-02
   6.4671380e+00  -8.3323565e+00   6.5093992e+00  -6.3345413e+00   7.5690028e+00  -1.5489879e+01  -9.3888380e+00  -7.9971459e+00   9.2213718e-01   2.7502189e+00   3.1591254e+00   4.8163129e-01  -1.1098603e+00  -2.4236157e+00  -9.0099965e-01  -8.2966412e-01   5.2709757e-01  -5.7566974e+00  -9.3223412e-01  -1.0607075e+00  -5.5193742e+00   1.9031071e-01  -5.2629276e-01  -7.9214796e-02
   6.5053371e+00  -7.0049292e+00   2.7598045e+00  -9.5872758e+00   6.8146841e+00  -1.5255186e+01  -5.6231959e+00  -6.4188180e+00  -1.1964185e-01   2.4846962e+00   2.6200979e+00   6.2720470e-01   1.3778414e-01  -3.9049458e-01  -3.4240139e-01   1.8273920e+00  -8.8904867e-01  -4.2740319e+00   5.5237314e+00   5.2047451e+00  -4.6344782e+00  -2.8919484e-01   8.8668260e-02  -1.5532164e-01
   4.8114927e+00  -1.0084912e+01   3.3101522e+00  -9.6799403e+00   5.9096942e+00  -1.7091780e+01  -9.7803310e+00  -1.1949134e+01  -9.4780547e-01   2.0244323e+00   2.6469473e+00   7.5222990e-01   2.6994383e-01   6.0056510e-01  -2.6871421e+00  -7.2669323e-01  -3.1032905e+00  -5.8019905e-01   2.5742462e+00   4.6937389e-01  -2.0147536e+00  -7.2610053e-01  -7.2719346e-01   2.2285494e-02
   7.3356238e+00  -7.2089011e+00   4.6044785e+00  -5.9420738e+00   5.0163615e+00  -1.6298799e+01  -3.6799557e+00  -2.3582479e+00  -2.1497576e+00   2.3378536e+00   2.8555863e+00   4.7060360e-01  -7.5738405e-02  -5.5298597e-01   8.1831079e-02   1.6573416e+00  -1.7648781e+00  -1.0066024e+00  -1.5787361e+00  -2.3756202e+00  -1.0648929e+00  -6.2348868e-01  -2.1836024e-01   3.2077444e-02
   6.4569104e+00  -7.3295229e+00   1.5563491e+00  -9.2471822e+00   3.8132283e+00  -1.5838371e+01  -6.4990888e+00  -9.3233701e+00  -1.0849353e+00   1.7344894e+00   1.9505910e+00   5.9336008e-01   1.7478491e+00   2.3648531e+00  -1.3771047e+00   5.2063693e-01  -2.6158725e+00  -4.7686196e-02   3.2092468e+00   1.5638321e+00  -1.0643074e+00  -1.2918894e+00  -2.5020659e-01  -6.7156626e-02
   5.5690207e+00  -9.2121028e+00   3.7594527e+00  -7.3176424e+00   5.2155999e+00  -1.7391793e+01  -9.6319212e+00  -1.1295130e+01  -1.6484162e+00   1.6944346e+00   2.6407357e+00   7.5475578e-01   4.0892326e-01  -4.5145973e-01  -2.5041271e+00  -2.3690980e+00  -3.6924694e+00  -6.3209384e-01  -2.6503843e+00  -3.9073843e+00  -6.5113390e-01  -1.6710553e+00  -6.3638730e-01   1.9303870e-01
   8.3165680e+00  -5.5360318e+00   1.6670080e+00  -8.2112006e+00   1.8862663e+00  -1.6616812e+01  -1.9904781e+00  -5.1349448e+00  -2.7949373e+00   4.0830768e-01   2.3790627e+00   5.0941888e-01   8.9104397e-01   1.8158927e-01   3.6339241e-02   6.1955938e-01  -2.0783372e+00  -1.4736141e+00  -7.0637047e-01   8.9683098e-01  -1.9765141e+00  -1.7403569e+00   1.1763417e-01   2.4594317e-01
   7.0191799e+00  -8.7828363e+00   7.9295841e-01  -1.0013712e+01   4.4113846e-01  -1.6857719e+01  -9.9098375e+00  -1.0313537e+01  -2.2714575e+00   4.9436141e-01   1.6867695e+00   8.0213225e-01   1.0073417e+00   7.2488625e-01  -1.3464971e+00  -2.0394420e+00  -3.0376194e+00  -2.7599238e+00   1.7693334e+00   1.4605528e+00  -1.8683526e+00  -1.7291533e+00  -5.3184187e-01   2.3907464e-01
   7.0683967e+00  -7.2717723e+00   3.0941051e+00  -6.9698085e+00   3.0829533e+00  -1.8315830e+01  -7.4196864e+00  -8.4689203e+00  -3.7381859e+00  -2.7600931e-01   2.6040254e+00   9.3858659e-01  -4.9453687e-01  -1.7431220e+00   1.0553435e+00  -1.7919160e+00  -1.6964429e+00  -4.1431064e+00  -4.0559633e+00  -2.1003573e+00  -5.4879523e-01  -9.1284115e-01  -1.3274681e-01   3.7569700e-01
   7.7041189e+00  -7.2569033e+00   1.0261585e+00  -1.0997501e+01   6.0827269e-02  -2.0682170e+01  -4.2633170e+00  -7.4373134e+00  -3.9793209e+00  -5.5713687e-01   1.7304915e+00   8.9878388e-01   1.2795469e+00   2.0967562e+00   1.8558896e+00  -3.7976125e-01  -1.1121211e+00  -3.9595723e+00   4.0887772e+00   3.2537685e+00  -3.2831489e-01  -1.5906202e+00   9.9394814e-01   2.2161456e-01
   7.2322932e+00  -8.9136813e+00   3.1334232e+00  -1.0407180e+01  -4.6824237e-01  -2.0919246e+01  -1.0897683e+01  -9.7235926e+00  -2.7641985e+00  -4.3520491e-01   2.1580814e+00   1.0246386e+00   4.6672168e-01   1.1730305e+00   6.1316525e-02  -1.8173372e+00  -3.3111050e+00  -1.9631699e+00   1.3474699e+00   6.1476476e-01   8.1232430e-01  -7.3409127e-01   9.7076521e-02   8.2930412e-02
   8.8565520e+00  -4.8167475e+00   3.5571337e+00  -8.8646679e+00   5.4855457e-01  -2.1495370e+01  -2.0376732e+00  -4.8055481e+00  -3.2509235e+00  -1.8119712e+00   3.4006636e+00   1.0915281e+00  -3.7624186e-01   1.8466740e+00   1.5604964e+00   1.8135506e+00  -2.1299407e+00  -1.7507046e-01  -3.0310971e+00  -5.6016569e-01   1.3073295e-01   8.6887581e-02   2.5705951e-01   1.7751446e-01
   7.1922627e+00  -6.7323044e+00   1.9205923e+00  -1.0762231e+01  -2.1275679e+00  -2.0853985e+01  -6.5113035e+00  -8.8626558e+00  -2.8838981e+00  -7.4972907e-01   1.9145541e+00   9.6661010e-01   7.5651868e-01   3.6702984e+00  -1.2733898e+00   1.9322562e+00  -9.9105320e-01  -2.6956206e-01   4.1633968e+00   1.8575062e+00  -4.0905046e-02  -3.0046944e-01   2.0868772e-01  -5.2219253e-02
   7.1597714e+00  -5.5775807e+00   3.9733186e+00  -8.0996497e+00  -2.3044210e+00  -2.0977406e+01  -1.1003153e+01  -8.7080303e+00  -3.7233716e+00  -2.6954342e-01   2.2378445e+00   1.1940698e+00   5.6609376e-01   1.8400677e+00  -1.1485734e+00   2.1475663e+00   1.3873142e-01   1.4148294e+00   4.7133761e-01  -1.3430056e+00   1.2499273e+00   7.3313291e-01  -2.5146531e-01  -1.3425501e-01
   9.2154615e+00  -3.0278171e+00   1.0152460e+00  -7.8913044e+00  -5.2833440e-01  -2.1582570e+01  -1.6984855e-01  -4.9860921e+00  -2.5893320e+00  -1.6571229e+00   3.0525226e+00   8.9503884e-01   2.2492317e+00   5.1179303e+00   8.5830425e-01   4.7958949e+00   2.3172119e+00   2.9588835e+00   2.9319283e+00   3.1570885e+00   5.5287847e-01  -3.8107623e-01   5.8619307e-01   2.2821570e-02
   8.6940932e+00  -3.9088896e+00   2.2869468e+00  -7.0787818e+00  -4.2965030e-02  -1.9008833e+01  -4.5013943e+00  -8.7583383e+00  -1.5233156e+00  -2.5857487e-01   2.4544814e+00   9.2593123e-01   6.5154357e-01   2.3511185e+00   2.3964050e-01  -2.9129175e-01   2.7989236e+00   3.3893282e+00   3.2647110e+00   1.9739648e+00   1.3704263e+00  -4.4231220e-01  -9.8909927e-02  -1.2099700e-01
   9.7989493e+00   1.1024556e-01   4.0512346e+00  -4.0788227e+00   2.1752208e-01  -1.7399946e+01  -5.3642902e+00  -4.1018690e+00  -3.1546084e+00  -1.3268277e+00   2.6855252e+00   1.1349117e+00  -9.9237717e-01   1.8071661e-01   2.6145921e+00  -1.2978588e+00   2.3962990e+00   3.3636249e+00  -5.2091385e+00  -1.3557932e+00   3.6098004e-01  -1.8099727e-02  -7.2769510e-01  -4.4385598e-02
   7.8453428e+00  -3.6199343e+00   2.8147851e+00  -1.0442828e+01   1.5210361e+00  -1.7984726e+01  -3.5088652e+00  -6.1891946e+00  -1.3850939e+00  -1.0981593e+00   2.2729783e+00   8.9263784e-01   7.5613062e-01   1.1321440e+00   4.5856158e-01  -2.2185798e+00   2.5383304e+00   1.3985271e+00  -8.2471872e-01   1.9778000e+00  -7.3373711e-01  -2.9001979e-01  -9.0532841e-01   1.7880953e-02
   8.1512710e+00  -2.9012198e+00   4.6732151e+00  -8.1560694e+00   2.2841135e+00  -1.7049186e+01  -8.4798208e+00  -8.3043537e+00  -2.1169728e+00  -1.2644803e+00   2.0517315e+00   8.4510714e-01   5.5068630e-01  -2.6182065e+00  -2.3311256e-01  -3.9923975e+00   1.8141019e+00  -2.4543704e-01  -1.1535681e+00  -1.0074480e+00  -5.4063193e-01   9.0099718e-01  -1.4362797e+00  -1.0253063e-01
   1.0652128e+01  -7.0494086e-01   2.6637989e+00  -8.3680282e+00   2.7312349e+00  -1.7086422e+01  -4.1807071e+00  -3.6903961e+00  -3.1427391e+00  -7.2477825e-01   1.4133857e+00   1.0976550e+00   9.9575317e-01  -4.6560586e-01   1.6653774e-01   1.0097370e+00   5.4606763e-01  -6.8009519e-01  -3.9216508e+00  -7.4770748e-01  -2.1248567e+00   9.5898731e-02  -1.2135946e+00   8.1173084e-02
   9.2215860e+00  -5.2745609e+00   3.7770588e+00  -1.1104819e+01   2.3335756e+00  -1.8217254e+01  -6.7587215e+00  -6.8624403e+00  -3.0867337e+00  -1.6202246e-01   9.6090194e-01   8.7860724e-01  -6.1475701e-01  -2.7396571e+00  -3.0687820e+00  -2.4297396e+00  -1.0640126e+00  -1.5777632e+00  -1.2286967e+00   9.3668393e-01  -1.5001772e+00  -9.6215035e-01  -3.9580544e-01  -1.6886168e-01
   8.8038151e+00  -3.1316726e+00   3.5126698e+00  -7.4538479e+00   2.3154066e+00  -1.8420835e+01  -1.0251891e+01  -8.0317126e+00  -4.0874985e+00  -1.5055402e+00   9.9800119e-01   9.9764742e-01  -2.0816868e+00  -3.5672038e+00  -9.6163263e-01  -1.9423358e+00  -8.2810710e-01  -1.3128729e+00  -3.8284884e+00  -1.2476901e+00  -3.6078582e-01  -1.9057612e+00   7.8665130e-01  -3.6802318e-01
   8.1532921e+00  -5.7973396e+00  -3.5439340e-01  -1.2257769e+01   8.9600870e-01  -1.8748624e+01  -7.2872738e+00  -4.7286696e+00  -3.8948589e+00  -2.3173249e+00   1.6657156e+00   6.4181838e-01  -8.1769609e-02   1.6989484e+00  -2.2932844e+00   2.6202983e+00  -7.6475793e-01   2.6642404e-01   3.9445052e-01   2.8179962e+00   2.0556995e-01  -2.4573343e+00   1.3415643e+00  -1.8010133e-01
   8.0637451e+00  -5.7943572e+00   3.2870761e+00  -1.0705057e+01   2.2078577e+00  -1.8790046e+01  -9.6591635e+00  -6.6288166e+00  -3.2798553e+00  -2.5057689e+00   2.2409558e+00   6.6401461e-01  -2.0083539e-01   6.0259508e-01  -5.1123414e-01   9.0887232e-01   3.9852231e-01   6.5886626e-01   3.7183478e+00   3.1829875e+00   1.2684906e+00  -1.4931127e+00   1.2150768e+00  -2.3699398e-01
   9.4689666e+00  -1.3947960e+00   4.4992909e-01  -5.5487670e+00   1.2402131e+00  -1.7633012e+01  -6.4634096e+00  -3.3368940e+00  -3.1822004e+00  -3.3479095e+00   2.3517711e+00   7.7527164e-01  -4.2361050e-01   2.1985462e+00   2.5003423e+00   4.0452568e+00   1.1063366e+00   6.5109837e-01   1.1195252e-03   4.8059165e-01   3.7392775e-01  -7.9157276e-01   6.9501880e-01  -2.0229388e-02
   7.8447247e+00  -4.4290517e+00   2.3436574e+00  -9.4450404e+00   2.7410878e+00  -1.7990342e+01  -5.0863016e+00  -3.9531191e+00  -2.5410919e+00  -3.2299169e+00   2.4775886e+00   5.7542982e-01   5.8682726e-01   6.8085292e-01   8.2465630e-02   2.8014912e-01   4.9433838e-01  -4.7668491e-01   3.2229870e+00   1.9316636e+00   8.2488665e-02  -4.0589309e-01  -5.4044471e-03  -1.7172540e-02
   7.6273865e+00  -3.1821730e+00   3.8678294e+00  -6.8198921e+00   2.2888984e+00  -1.8171829e+01  -9.5720255e+00  -5.3456309e+00  -3.7033490e+00  -3.1426100e+00   2.5899274e+00   6.5576670e-01   1.9613155e-01  -3.8463325e+00   2.4285427e+00  -4.2249521e+00   5.4552041e-01  -1.4595986e+00   2.3671039e-01  -2.9346259e-01  -5.4792909e-01   3.3696064e-01  -6.4907022e-01   4.6043061e-02
   9.8647760e+00  -3.8793893e+00   1.7018244e+00  -9.6492706e+00   2.4250226e+00  -1.9235665e+01  -3.2703750e+00  -2.7269528e+00  -2.8955480e+00  -3.2172583e+00   2.1137710e+00   6.9800828e-01   2.6096555e+00  -4.2526830e-01   1.3103114e+00  -8.3819394e-01   4.4220596e-01  -8.0247906e-01   6.2169667e-01   5.4235568e-01   2.6726659e-01   5.6301826e-02  -2.5421113e-01   4.4569166e-02
   8.7531383e+00  -7.4391260e+00   4.4136597e+00  -1.1784080e+01   2.2165263e+00  -1.9199749e+01  -7.0163073e+00  -4.3901711e+00  -3.8268660e+00  -2.8487979e+00   1.5600746e+00   7.8304701e-01   2.9438260e+00  -1.5741619e+00   3.3945258e-01  -1.8130806e+00   9.0753477e-01   1.0375026e+00   2.3560756e+00   2.7654198e+00   7.5109901e-01   8.4333914e-02  -3.6244355e-01   5.7836697e-02
   1.1196332e+01  -2.9384777e+00   4.0362094e+00  -8.2202373e+00   3.4405828e+00  -1.8680101e+01  -5.4316157e+00  -3.6173155e+00  -2.0784335e+00  -3.2923702e+00   2.6111983e+00   5.7864342e-01   1.3352852e+00  -1.3783896e+00   1.0169662e+00   7.6541913e-01   1.9800561e-01   2.1385430e+00  -4.2140345e+00   1.4816918e+00  -5.5982794e-01   1.5998235e-02  -1.0069189e-01   3.0285041e-02
   1.1377348e+01  -6.0138717e+00   3.2098158e+00  -1.0254030e+01   3.1424205e+00  -1.6893357e+01  -4.9572918e+00  -7.5231987e-01  -2.9852577e+00  -2.9785532e+00   1.7975484e+00   8.0220417e-01   1.1624303e+00   3.0139515e+00  -3.3563330e+00   1.9183636e+00   1.0451074e+00   1.6542503e+00   1.2045594e+00   1.6789548e+00   3.1579267e-01  -7.8764707e-01   9.9045257e-02  -3.1725977e-02
   1.0555599e+01  -6.6596010e+00   3.8291957e+00  -9.2661671e+00   2.2590839e+00  -1.7181046e+01  -1.0620934e+01  -2.3233406e+00  -4.1560940e+00  -3.1283833e+00   1.8439963e+00   7.3385726e-01  -1.7938493e+00   1.2357318e+00  -4.4512078e+00   5.8411590e-01  -5.2325673e-01  -2.7240643e-01   1.4272643e+00  -1.6966324e-01   1.7357633e-01  -5.5405000e-01  -7.7267846e-01   1.5902548e-01
   1.0817150e+01  -1.0576371e+00  -5.1733295e-01  -8.3835697e+00   4.3749369e+00  -1.7467900e+01  -2.6148088e+00  -2.5187263e+00  -2.3143467e+00  -4.1122619e+00   2.0922435e+00   6.5785112e-01  -1.5170047e+00   3.8539715e+00  -3.7866999e+00   2.0854263e+00   4.9877122e-01  -9.3089994e-01   8.1349086e-01  -2.9249319e+00   1.3228434e+00  -1.0017992e+00  -2.9912165e-01  -2.7239159e-02
   8.7856569e+00  -3.5629973e+00  -7.7702802e-01  -8.2792934e+00   2.0394395e+00  -1.8801439e+01  -4.4619608e+00  -2.9886071e+00  -2.1535245e+00  -3.5565908e+00   1.3048331e+00   8.8935816e-01  -3.6277703e-02   2.3404065e+00  -3.5873970e+00   8.5208383e-01   1.8867951e+00  -1.7518401e+00   5.5698116e+00  -3.6292074e-01   3.7066812e-01  -4.0186886e-01   5.4744082e-02  -5.4042320e-03
   9.9868116e+00  -1.7812162e+00  -1.6712226e-01  -7.6193271e+00   4.0003995e+00  -1.7479511e+01  -6.8165424e+00  -4.8070845e+00  -2.0022774e+00  -4.2671483e+00   1.6184475e+00   6.8359498e-01  -9.5970357e-02  -1.6210849e+00  -8.0941020e-01   8.1739383e-01  -7.8085754e-02  -2.5959988e+00  -7.7583419e-01  -3.5990168e-01  -1.4702030e+00   3.1647108e-01   4.0973083e-02  -2.5380958e-02
   1.0916352e+01  -2.7872017e+00  -1.7270052e+00  -8.3701627e+00   5.2765453e+00  -1.9803001e+01  -1.6535022e-01  -1.7235426e+00  -3.7561265e+00  -3.6537434e+00   2.1630104e+00   7.1287898e-01   1.6065260e+00   9.0225790e-01   2.0584045e-01   2.9077284e-01   9.2505450e-01   6.5284487e-01   8.2799110e-01   3.7979857e-01  -2.3352615e+00   6.4740130e-02   6.7309566e-01  -1.8199023e-01
   9.6078472e+00  -3.8771622e+00  -1.2564597e+00  -7.1120443e+00   2.6392554e+00  -2.0861117e+01  -5.9268653e+00  -3.6911111e+00  -3.7183502e+00  -3.5889790e+00   1.7246145e+00   7.0801928e-01  -4.2923196e-01  -8.1994347e-01   1.0592757e+00  -7.0803211e-01  -1.7396131e+00   1.1996073e+00   9.3512134e-01   1.2958566e+00  -1.7703370e+00   5.0782462e-01   3.9866727e-01  -2.6327893e-03
   1.1384928e+01  -1.1616375e+00   7.6401349e-02  -8.0967755e+00   4.1075933e+00  -1.6131368e+01  -3.6648126e+00  -2.9768960e+00  -4.7983804e+00  -3.7985653e+00   2.2613931e+00   6.0416067e-01  -1.1483121e+00  -7.8216750e-02   3.0923673e+00  -3.0078781e-01  -2.6243635e+00   2.2781495e+00  -4.8211810e+00  -8.3453909e-01  -1.6971786e-01  -2.3531411e-01   1.2869681e-01  -1.0801255e-01
   9.1086755e+00  -3.8239135e+00   5.2008795e-01  -8.8180689e+00   1.9754558e+00  -1.7515916e+01  -3.6641292e+00  -2.2366229e+00  -4.1366559e+00  -3.4330004e+00   2.1672571e+00   7.3400495e-01   1.3422018e-02   1.1987714e+00   1.3181272e+00  -1.2169883e+00  -7.4286355e-02   1.3439171e+00   1.4866436e+00   1.0457076e+00  -5.6036973e-01   2.2629793e-01   2.2011352e-01   1.6353503e-01
   9.4434695e+00  -2.9311511e+00   2.0232719e+00  -7.9683322e+00   1.6718997e+00  -1.8058377e+01  -8.5284898e+00  -3.7025953e+00  -3.8015504e+00  -4.0847039e+00   2.1347343e+00   5.3786731e-01  -1.1946516e+00  -6.2366247e-01   1.9461819e-01  -2.7567498e-01  -1.4975452e+00  -3.5161453e+00   2.5862451e-01  -4.6814100e-01  -2.2593625e-01   6.9895729e-01  -6.0610084e-01   3.5824552e-01
   1.0598710e+01  -1.1942483e+00  -2.5270414e-01  -9.0017484e+00   3.7456726e+00  -1.7881737e+01  -1.2650613e+00  -1.7597000e+00  -5.0573198e+00  -3.1064628e+00   2.1181141e+00   9.8646850e-01   1.3631210e+00   2.3516515e+00   1.7346465e-01   8.7102427e-01   8.0231265e-01  -2.3525922e+00   1.1166225e+00  -2.5113552e-01  -9.4307961e-01   2.4405636e-01  -4.5874446e-01   3.1823901e-01
   8.8479338e+00  -3.4119638e+00   7.5472467e-01  -8.4184482e+00   9.7616711e-01  -2.1222676e+01  -4.4764098e+00  -3.9175690e+00  -4.6769528e+00  -2.9133981e+00   1.3768133e+00   1.0152972e+00   5.4810757e-01   8.3956501e-01  -2.8265024e-01   8.1387002e-01   4.3821226e-01  -1.8610348e+00   3.5826506e+00   3.6406922e-01  -1.1290851e+00   4.9247273e-01  -3.7638893e-01   4.1176093e-01
   1.1451125e+01  -5.6029949e-02   1.4145585e+00  -7.2864744e+00   3.5267911e+00  -1.9462655e+01  -4.0152355e+00  -2.5058394e+00  -5.1135742e+00  -3.6525687e+00   1.8581009e+00   9.7264853e-01   3.6105322e-02  -7.6106858e-01   2.5462454e+00   1.2581572e+00  -5.7641087e-01  -2.6495117e+00  -2.7442039e+00  -1.3680032e+00  -2.8754505e-01  -1.4576744e-01  -1.7011975e-01  -6.5643824e-03
   9.8394232e+00  -2.2409128e+00   7.6566521e-01  -7.6051641e+00   2.4386589e+00  -2.0059470e+01  -1.7794268e+00  -2.7834218e+00  -5.4670509e+00  -3.0729418e+00   1.7001575e+00   1.1624187e+00   1.8787544e+00   7.4301798e-01   1.2314020e-01   9.2114127e-01   8.4272688e-01   8.1867238e-01   2.2285553e-01   9.5169738e-01  -1.0983429e+00   8.4489973e-02   5.4675081e-01  -7.1639719e-02
   1.0157123e+01  -2.9213767e+00   3.5611936e+00  -7.5211547e+00   2.1498104e+00  -2.2437608e+01  -6.7298586e+00  -4.3787785e+00  -5.0935883e+00  -3.2453421e+00   1.7012624e+00   9.0306117e-01   1.2020980e+00  -2.4519931e+00  -2.9345911e-01   2.4241725e-01  -8.6193941e-01  -2.4618178e-01  -1.7473690e+00  -3.5492325e-01  -5.3721479e-01   3.3330470e-01   6.7464793e-01  -1.1794619e-01
   1.2313066e+01  -8.6476345e-01  -1.3388257e-01  -6.9193962e+00   2.9287478e+00  -1.8507191e+01  -2.7848149e+00  -1.5535533e+00  -6.3344601e+00  -2.9902765e+00   2.2753588e+00   9.4263128e-01   1.2160443e+00   2.0784823e-01  -1.3463331e-02   1.4623643e+00  -6.1543400e-01   1.7717774e+00  -4.1948860e+00  -1.5437143e-02  -1.6732861e+00   5.1739095e-01   4.5978576e-01  -2.0518734e-01
   1.2017450e+01  -4.4220943e+00   1.4241438e+00  -7.2657326e+00   1.9888376e+00  -2.0608068e+01  -6.1335949e+00  -3.6531585e+00  -5.4856918e+00  -3.1939443e+00   2.5824722e+00   9.0562296e-01  -5.8953220e-01   7.6591791e-01  -6.4406236e-01   2.7665431e-01  -1.9929151e-01   2.6276567e+00   1.5396196e+00  -5.5002224e-01  -3.3391849e-01   3.1210498e-01   2.1242803e-01  -9.6132486e-03
   1.0733326e+01  -1.1787817e+00   1.8139952e+00  -5.5393288e+00   1.5959943e+00  -1.8316574e+01  -8.3698877e+00  -3.1693875e+00  -7.7809283e+00  -2.3225543e+00   1.9492313e+00   8.5335680e-01  -2.7149694e+00  -8.1143794e-01   1.8744602e+00  -1.0682529e+00  -1.1554665e+00  -1.5585127e+00  -5.6910611e-01  -4.4456716e+00   1.3336039e+00   1.3302480e-01  -2.6918057e-01  -5.0486548e-02
   1.0062695e+01  -1.6154907e+00   1.6211612e+00  -7.7962069e+00   2.5172499e+00  -1.8591431e+01  -1.6278929e+00  -4.3958948e+00  -4.8712320e+00  -3.1110458e+00   2.1829682e+00   9.3327854e-01  -8.5672242e-01   2.5660512e+00   1.7860335e-01   7.2492383e-02  -1.5400715e-01   1.4752227e+00   1.0243968e+00  -7.8401826e-01   6.2711296e-01   8.4916258e-02  -2.3257692e-01   2.2426264e-03
   9.2179901e+00  -3.4852221e+00   2.5792990e+00  -8.2565383e+00   9.3134179e-01  -2.1853278e+01  -5.8913251e+00  -7.8506926e+00  -4.6412841e+00  -2.8321886e+00   2.0713399e+00   8.5307367e-01   1.5986362e+00  -3.0876540e-01   2.1391937e-01  -7.4984219e-02   2.3601269e+00  -2.3779538e+00   6.2995222e-01   6.6963591e-01   6.6072402e-01  -7.9716253e-01   5.6698686e-01  -2.3488344e-02
   1.1490035e+01   5.8020284e-01   1.3093969e+00  -5.7983892e+00   2.0901531e+00  -1.6626881e+01  -5.8362810e+00  -2.4885333e+00  -6.1148444e+00  -2.8117528e+00   2.1725525e+00   9.0912846e-01   2.1367213e+00   6.0407528e-01  -3.1920971e-01   2.1784568e+00   3.4102731e+00  -1.9043681e+00  -4.6217270e+00   1.1463161e+00  -1.5778521e+00  -2.4497485e-01   1.4487830e-01   5.6433647e-03
   1.2417610e+01  -2.7397765e+00   2.2907564e+00  -6.6507140e+00   5.3497330e+00  -2.2865780e+01  -5.3207652e+00  -3.1186144e+00  -6.1680360e+00  -3.6679446e+00   2.8049194e+00   8.3019932e-01   1.3898092e+00   1.5283785e+00  -5.2666088e-01   1.9135095e+00   2.4836697e+00   8.8914245e-01   4.7575610e-01   2.3649414e+00  -9.6569611e-01  -6.6413630e-02  -1.5100397e-01   1.0939790e-01
   1.1667967e+01  -1.0821006e+00   1.2866180e+00  -5.3314338e+00   5.4234639e+00  -2.0941733e+01  -8.8457633e+00  -5.0424597e+00  -6.4746341e+00  -3.0606300e+00   2.0334959e+00   9.5318076e-01  -1.1927328e+00  -1.6946158e+00   1.3520312e+00   1.3754904e-01  -9.9651191e-01  -1.5862931e+00  -4.5673960e-01  -1.8797338e+00   8.1891179e-01   1.0831152e-01  -2.6043958e-01  -7.7337415e-02
   1.1213738e+01  -3.6150264e-01   1.8006971e+00  -5.6197518e+00   2.9901910e+00  -1.8362139e+01  -3.6729498e+00  -3.0263174e+00  -5.9099334e+00  -2.8073704e+00   1.9143622e+00   9.9514437e-01  -1.3422084e+00   1.3680614e+00   4.6201956e-01   8.5004199e-01  -2.6476183e+00   5.0151274e+00  -7.9194414e-01  -7.8411890e-01   7.2362620e-01  -2.0449348e-02  -2.5915218e-01  -1.6947641e-01
   1.0302872e+01  -3.1508578e+00   3.5824734e+00  -6.1075468e+00   1.7751563e+00  -2.1258141e+01  -7.3452982e+00  -5.3542826e+00  -5.0155280e+00  -3.0795726e+00   2.2271717e+00   7.1064981e-01  -4.9371085e-01  -8.2131186e-01   1.5871354e+00  -5.8416150e-01  -1.9673400e+00   1.7533395e+00   1.5191120e+00   1.7528371e-01   9.5714452e-01  -7.3496306e-01   1.8545471e-01  -2.0109333e-01
   1.1086845e+01   3.4669419e-01   1.8358580e+00  -4.9875945e+00   3.2024594e+00  -1.5184884e+01  -7.2589140e+00  -4.1388813e+00  -5.8121498e+00  -3.6891473e+00   2.3193532e+00   6.9725018e-01  -5.3743685e-01  -1.2303128e+00   1.7500674e+00   1.7375759e-01  -3.0810509e-01  -1.3829869e+00  -3.1008133e+00  -1.1324501e+00   7.3933097e-01  -7.0008704e-01   1.4838018e-01  -2.2580061e-01
   1.0990847e+01  -2.6681668e+00   3.6497406e+00  -6.5237547e+00   2.3663197e+00  -1.9900351e+01  -4.7741132e+00  -4.2232522e+00  -5.0878091e+00  -3.7221862e+00   2.1091824e+00   8.0048786e-01  -1.8027378e-01   1.0497086e+00   1.5405249e+00  -1.1936985e-02   8.2633161e-01   3.0117082e-01   1.1999314e+00   1.0713752e+00   1.0708810e+00   8.2257716e-02   3.0957497e-02   2.4348757e-02
   1.0063595e+01  -2.4483173e+00   4.3921646e+00  -5.1510114e+00   2.2324516e+00  -2.1115515e+01  -9.6097623e+00  -5.2905076e+00  -4.7647964e+00  -3.5361942e+00   2.1959271e+00   6.1152443e-01  -1.2686665e+00  -1.4721743e+00   3.1723069e+00  -6.6481536e-01  -4.9566168e-01  -4.2184891e+00  -1.0229444e+00   5.0368498e-01   1.4802887e+00   8.9869321e-01   8.7828376e-02  -1.2293837e-02
   1.0544086e+01  -1.7878915e-01   4.6151075e+00  -6.0437438e+00   3.4996576e+00  -1.7841070e+01  -4.3699769e+00  -3.1714066e+00  -3.9328831e+00  -3.0326626e+00   2.3353210e+00   7.9003582e-01  -1.9134177e-01   1.1822330e+00   1.5123861e+00   5.7661352e-01   9.8604744e-01  -2.5162316e-01  -4.7540752e-01   1.9526515e-01   5.2423897e-01   1.0234374e+00   2.3586611e-01  -4.4127091e-02
   9.4072257e+00  -3.1062561e+00   6.1116349e+00  -6.2248230e+00   1.8922979e+00  -2.2542258e+01  -8.9953988e+00  -3.9092766e+00  -4.1691797e+00  -2.6858693e+00   2.3380265e+00   6.8403544e-01   1.1087746e+00  -3.1074651e-01  -4.8364243e-01   4.9297968e-01  -3.6035558e-01   2.2425832e+00   3.8544927e+00  -7.2520096e-01   7.1855313e-01  -2.6895095e-01   6.1602543e-01  -5.5766641e-02
   1.1032019e+01  -5.6584783e-01   5.0585845e+00  -5.1219286e+00   4.0154677e+00  -1.9564414e+01  -5.7944062e+00  -4.6209700e+00  -4.5992590e+00  -2.6121925e+00   2.3919319e+00   6.9804172e-01   5.3337573e-01  -2.3226476e+00  -4.0846077e-01   8.9243516e-01  -2.5594288e+00  -2.2495420e-01  -4.8680952e-01  -2.6912373e+00   3.7030135e-01  -7.2573964e-01   3.9455340e-01  -1.9532108e-01
   1.1482791e+01  -2.7209077e+00   3.4449625e+00  -4.8724495e+00   1.4340132e+00  -1.6889968e+01  -3.1158087e+00  -5.6535274e+00  -3.3537788e+00  -4.1498556e+00   3.0916598e+00   5.7387152e-01   1.6775535e+00   4.9836748e-02  -1.5422018e+00   5.5431870e-01  -2.0820028e-01   3.4035964e+00   4.0692342e+00  -5.1684782e-01  -5.4447545e-01  -8.8402482e-02   1.3326130e-01  -2.0968888e-01
   1.0306367e+01  -3.8554347e+00   5.3357526e+00  -5.3812778e+00  -1.1034319e-01  -2.1004647e+01  -8.0399863e+00  -6.3361372e+00  -3.7851316e+00  -3.3892789e+00   2.5503345e+00   5.5213616e-01   7.6027652e-01  -1.4214693e+00  -1.7735575e+00   2.0716649e-01  -5.7648144e-01  -1.8224942e-01   2.8193082e-01   1.1734819e+00  -1.1746905e+00   3.2161888e-01  -1.4107670e-01  -1.9569105e-01
   1.2286382e+01  -1.3867076e+00   3.6597482e+00  -5.2636704e+00   3.6429030e+00  -1.6716747e+01  -1.7687575e+00  -3.8269647e+00  -5.3929566e+00  -2.4299298e+00   2.4587172e+00   4.4245490e-01   9.9035511e-01   4.6025916e-03   1.9187833e-01   4.8088970e-01   1.5824843e+00  -9.4908095e-01  -1.9884038e+00   1.7669225e+00  -1.6555105e+00   1.0591569e+00  -1.0373082e-01  -2.1053652e-01
   1.1770638e+01  -3.3651518e+00   2.2908553e+00  -4.6155684e+00   2.0463007e+00  -1.9924398e+01  -6.0450356e+00  -3.7740285e+00  -5.3417059e+00  -2.9897271e+00   2.4967882e+00   4.7021346e-01   2.5403818e+00  -1.4728050e+00  -6.9716736e-01   1.0254378e+00   3.0596439e+00   1.5842053e-01   2.4814169e+00   2.7592748e+00  -2.0706578e+00   1.0904358e+00  -4.5909779e-01   5.2002658e-02
   1.2236188e+01  -2.9591453e+00   5.2552286e+00  -4.5339696e+00   2.7294178e+00  -1.8853714e+01  -7.0958897e+00  -4.2841980e+00  -5.0587574e+00  -2.7608962e+00   2.9628367e+00   2.9902810e-01   1.0165927e+00  -4.1610239e+00   2.1251670e-01   1.4261119e+00  -2.7391537e-01  -5.6430702e+00  -1.2029544e+00   5.1354141e-01  -1.3205657e+00   8.3784944e-01  -5.8257970e-01   9.1378293e-02
   1.4142037e+01  -5.2784234e+00   3.4922613e+00  -4.2079714e+00   4.9358653e+00  -1.9698533e+01  -1.6542948e+00  -1.9686083e+00  -7.0582179e+00  -1.5881419e+00   1.6096280e+00   7.0185355e-01   5.3078175e-01  -6.4499901e-01  -4.1497663e-01   9.3598652e-01   4.7484319e-01   2.1734386e+00   2.2831974e+00   8.7195970e-02  -3.7093863e-01   5.9526289e-01  -3.6982492e-01  -4.6181841e-02
   1.2625571e+01  -6.6716076e+00   3.3778203e+00  -3.3283011e+00   1.7872476e+00  -2.5294285e+01  -5.7685595e+00  -3.9593626e+00  -6.5155491e+00  -1.8739483e+00   2.0284277e+00   4.6370230e-01  -7.0730360e-01   3.4097827e-03  -2.8936709e+00  -5.8470976e-02  -9.9509013e-02   2.0481326e+00   1.0809419e+00  -8.9933084e-01   8.0258789e-01  -1.0198544e+00   6.2182303e-02  -3.8884318e-02
   1.2372119e+01  -2.4764192e+00   2.6070945e+00  -3.8144229e+00   3.2296505e+00  -1.3443954e+01  -3.2839047e+00  -3.8056522e+00  -5.1697180e+00  -2.5403068e+00   2.4092553e+00   3.1860360e-01  -1.7656265e+00   2.1539204e+00  -7.3767882e-01  -1.0055543e+00  -3.8180218e-01   1.0007170e+00  -3.1085846e+00  -2.4499492e+00   1.5392444e+00  -6.8042337e-01   1.1680499e+00  -4.4823756e-01
   1.2060192e+01  -4.3550327e+00   1.3573056e+00  -4.8184503e+00   3.4332616e+00  -1.8908804e+01  -4.6596719e+00  -4.7146723e+00  -4.7991255e+00  -3.8145955e+00   2.6562965e+00   4.3232659e-01  -7.4462442e-01   2.6008394e+00  -1.3459611e+00  -1.9436129e+00   2.0352934e+00   2.7773171e+00   1.5806701e+00  -6.1618540e-02  -5.8617725e-01   1.1960230e-01  -1.4223422e-02   1.1161847e-01
   1.1776287e+01  -3.2058303e+00   3.3960004e+00  -4.9712283e+00   3.5401550e+00  -2.1390198e+01  -6.8716155e+00  -5.2658773e+00  -5.6075631e+00  -1.6384533e+00   3.0477684e+00   4.5185057e-02  -5.8704257e-01  -1.0109402e+00  -1.0039165e+00  -1.0208905e+00   4.5010911e-01  -6.9171653e+00  -3.9331056e-01  -6.3753494e-01  -2.6445480e+00   9.3599869e-01  -1.1088651e+00   4.6486139e-01
   1.1806550e+01  -2.4056429e+00   9.6442568e-01  -5.6653178e+00   4.6849355e+00  -1.7155188e+01  -1.6036989e+00  -3.3216779e+00  -7.1758924e+00  -2.1454715e+00   1.6878361e+00   7.6783926e-01   5.4108824e-01   1.2930776e+00  -2.7095821e-01  -2.5505076e-01  -2.1764096e-01   1.3149448e+00   9.4714899e-01   1.1846801e+00  -3.1258187e+00   1.0919269e+00  -1.0344901e+00   3.1369637e-01
   1.1618375e+01  -4.9675243e+00   1.2976596e+00  -4.9223249e+00   3.2789773e+00  -2.4696510e+01  -5.4018570e+00  -5.4584518e+00  -7.9481565e+00  -1.9708707e+00   1.2301879e+00   8.4813934e-01   1.5825625e+00   7.1032736e-01  -2.3464021e+00   5.7558540e-01  -1.6214829e+00   3.8774550e+00   1.3544486e+00   1.6388723e+00  -2.5278734e+00  -5.4430700e-01  -8.2771477e-01   3.5017040e-01
   1.2950780e+01  -1.5345693e+00   2.0000387e+00  -5.2254782e+00   3.2373891e+00  -1.5283230e+01  -3.9738276e+00  -2.8413649e+00  -8.3175568e+00  -2.0104965e+00   2.0133517e+00   5.0139401e-01   1.3482830e+00   1.1631610e+00  -1.0907877e+00   2.8214609e+00  -2.7196380e+00  -7.0549167e-01  -3.6615786e+00  -1.1152513e-01  -1.2379174e+00   1.5143267e-01   2.2288862e-01  -4.0001911e-02
   1.3578016e+01  -2.5758760e+00  -6.4140916e-01  -4.3277700e+00   1.8317039e+00  -1.6509994e+01  -3.6548782e+00  -3.0477253e+00  -8.8285410e+00  -2.5224014e+00   1.6434384e+00   7.0366329e-01   2.2344910e+00   1.9306174e+00  -1.7852539e+00   1.6474539e+00  -6.1199225e-01   3.2299448e+00   2.2474563e+00   7.4227134e-01   2.8094888e-01  -1.1536271e-02  -1.7046349e-01  -5.9129867e-02
   1.2849155e+01  -1.8567255e+00   2.9777859e-01  -1.7304038e+00   1.3291152e+00  -2.2306683e+01  -7.9695562e+00  -4.6943288e+00  -8.5925763e+00  -1.6425572e+00   1.8155437e+00   7.8007442e-01   1.3347758e+00  -1.0910951e+00  -1.7016421e+00   1.0308923e+00  -6.9693046e-01  -2.7042158e+00   1.1747877e+00  -1.9788589e+00   5.8584672e-01   6.1471600e-01  -7.8666203e-01   3.2218312e-02
   1.5020925e+01  -1.9105201e+00  -5.2909116e-01  -4.1986812e+00   3.3151259e+00  -1.6339866e+01  -3.2808264e-02  -3.4185628e+00  -7.3892234e+00  -2.1721448e+00   1.0733967e+00   6.2010434e-01   5.0770356e-01   6.9294251e-01   1.9100741e+00  -1.7009469e+00   7.0148313e-01   1.2644779e+00   2.5548101e+00  -1.4692359e+00   1.9154986e-01   1.0364827e+00  -3.3075374e-01  -2.5820028e-01
   1.4231489e+01  -3.5038900e+00  -6.0858352e-01  -3.7436842e+00   1.4502824e+00  -1.9424618e+01  -4.0226810e+00  -5.6242345e+00  -8.1584455e+00  -1.2635508e+00   1.1183795e+00   5.9150095e-01   9.0380911e-01   1.4351338e+00  -3.3809686e-01  -3.1666937e+00   1.4859374e+00   3.1380505e+00   4.0059212e+00  -6.8528910e-01  -4.4806351e-01  -4.6009687e-01   3.8873516e-01  -4.6306245e-01
   1.3648404e+01  -7.1288006e-01   2.6768830e+00  -5.8725502e+00   2.8233449e+00  -1.6054310e+01  -1.7961007e+00  -4.7866263e+00  -8.7582816e+00  -1.1571805e+00   1.4958899e+00   4.1064960e-01  -8.7001448e-01   2.2398657e+00   5.5412874e-01  -5.7750723e-01   3.2270516e-01  -3.1523602e+00  -1.5324796e+00  -1.3815831e+00  -2.0671705e+00   5.5488271e-01   1.8053491e+00  -5.3277284e-01
   1.4891128e+01  -3.0284485e-01  -1.8123538e+00  -5.6435099e+00   3.8039117e+00  -1.7742386e+01  -1.0790282e+00  -5.0382308e+00  -8.5801425e+00  -2.8401846e+00   2.1873999e+00   1.9020812e-01  -4.8800817e-01   2.5904958e+00   2.5735843e-01  -4.6163919e-01   1.2075286e+00   9.8008179e-01   2.5134339e-01   1.3323476e+00  -1.5527145e+00  -3.3854349e-01   1.3771834e+00  -4.4826975e-01
   1.3386083e+01  -1.5124412e-01   9.0398708e-01  -4.1150292e+00   2.6223690e+00  -2.1909523e+01  -3.8033540e+00  -5.7839394e+00  -1.0279131e+01  -5.5150376e-01   3.2469101e+00   2.1591497e-02   2.2426783e-01  -1.2313753e+00   2.1370665e-01  -2.6176603e-01   1.5049005e+00  -2.6141763e+00  -1.4074589e+00  -7.2961803e-01   4.6772494e-01  -9.6539246e-01   8.3200205e-01  -1.7634683e-01
   1.3630638e+01   1.0103579e-01   6.6390207e-01  -5.3149035e+00   3.3620633e+00  -1.5026889e+01  -2.6420392e+00  -3.1270565e+00  -9.7270928e+00  -2.0742044e+00   2.3086445e+00   1.1362539e-01  -8.5970370e-02  -7.2614368e-01   3.7782302e+00   1.9091162e-01  -3.0661625e-01   9.2502767e-01  -1.6663862e-01  -2.2083773e+00   1.7974304e+00   4.2215896e-01  -1.5078923e-01   3.9123602e-01
   1.4615051e+01  -2.7618833e+00   1.7593150e+00  -6.4295025e+00   5.3016199e+00  -2.1333323e+01  -3.1257835e+00  -6.8366404e+00  -7.4832191e+00  -2.9882593e+00   2.6832706e+00   1.8442073e-01   1.9647428e+00  -1.0398051e+00  -9.7914156e-02   1.3398186e+00  -2.7631950e-02   2.7511581e+00   1.5541855e+00  -2.1436205e+00   1.4946441e+00  -4.0833602e-01  -1.0369188e+00   4.8440419e-01
   1.4147689e+01  -8.6740792e-02   3.4273276e+00  -4.1999058e+00   2.0043618e+00  -1.6642944e+01  -1.6677714e+00  -7.8244461e+00  -7.2819527e+00  -9.8856842e-01   2.2430357e+00   6.9564753e-01   1.2573377e+00  -7.4896191e-01   1.6783569e-01   2.6473849e+00  -8.5167304e-01  -2.6022222e+00  -6.7979476e-01  -2.8052320e+00   8.2641833e-02   7.1315870e-01  -6.6435115e-03   3.0375774e-01
   1.6074672e+01  -1.6170635e+00  -6.2459691e-01  -2.6628001e+00   3.2597717e+00  -1.6974758e+01  -1.9592097e+00  -6.6506753e+00  -9.2597347e+00  -1.7068258e+00   1.7243363e+00   4.5718671e-01   1.5837162e-01   2.1727855e+00  -1.1421166e+00   1.1720729e+00   1.5458422e-01   2.7424485e+00   3.0667723e-01   1.0786689e+00  -1.6031779e+00   9.8419821e-01  -3.4379441e-01   3.8523857e-02
   1.4786834e+01  -1.5948169e+00   2.1076116e+00  -3.2271773e+00   3.1054778e+00  -2.1109505e+01  -4.2450183e+00  -7.4278871e+00  -8.7148722e+00  -1.6451831e+00   2.7781464e+00   4.3287901e-01   3.8176162e-01   1.1612259e+00  -2.1641226e+00  -8.2921640e-01   2.4281633e+00  -1.7001358e+00  -6.6946695e-01   1.9404178e+00  -2.9618905e+00   3.2812248e-01   2.4810768e-01  -4.0275481e-01
   1.4533036e+01   1.2513331e+00   7.0599810e-01  -5.1577574e+00   4.9829382e+00  -1.4986370e+01  -1.3771442e+00  -5.4169166e+00  -9.1715262e+00  -1.1836546e+00   1.9000237e+00   3.7359077e-01  -6.2547811e-01   3.2622325e+00   4.1979992e-01  -1.6173028e+00   7.6774281e-01   8.5067505e-01  -1.2211581e+00   2.4170124e+00  -1.8872632e+00   1.6857990e+00   4.5684060e-01  -2.4430652e-01
   1.5491149e+01   2.2089972e-01  -4.8415387e-01  -4.1962518e+00   4.7850236e+00  -2.0187342e+01  -2.9630046e+00  -5.5306988e+00  -1.1768893e+01  -7.5797026e-01   2.5273536e+00   1.3331328e-01   1.2053651e+00   2.1766840e+00  -1.3903606e+00  -1.7016515e+00   3.8853961e-01   5.3154576e+00  -6.0087923e-01   1.1810519e+00  -9.3044829e-01   9.9180591e-01  -7.8756022e-01  -1.2295919e-01
   1.4784297e+01   2.3684268e+00   1.3009857e+00  -4.6042170e+00   3.5716131e+00  -1.6159827e+01  -4.4319537e+00  -3.9737509e+00  -1.0563619e+01   3.7826631e-01   2.5349937e+00   2.4050980e-01   3.9166053e-01   6.7154093e-01   1.0291768e+00  -7.8629216e-01  -2.1082689e+00   9.7771780e-01  -2.9094483e+00  -2.1072647e+00   8.3039406e-01   6.3659489e-01  -7.1229618e-01   1.0956194e-01
   1.6469251e+01   1.1116622e+00  -2.7542316e-01  -6.0564247e+00   4.3939498e+00  -1.2549590e+01  -3.6189324e+00  -6.3778922e+00  -9.4144981e+00  -9.3843468e-01   1.2793211e+00   3.1498072e-01   1.8542481e-01   2.3051431e+00   7.3307462e-01  -3.4982102e+00   6.5592491e-01   6.5776122e+00  -1.6884779e+00  -2.8816973e+00   4.6572290e+00  -8.0395791e-01  -1.1764737e+00   1.7072397e-01
   1.4631476e+01   1.8132633e+00   2.1453980e+00  -5.4071092e+00   2.0160717e+00  -1.7338669e+01  -5.4133528e+00  -8.1542171e+00  -9.1031324e+00  -1.3853011e-01   1.4555957e+00   4.4709996e-01   2.8418421e-02   1.9341031e+00  -7.1424456e-01  -3.8902432e+00   2.2743900e+00   3.9068449e+00  -9.4407631e-01  -4.7047207e+00   3.9153707e+00  -1.6319542e+00  -1.0626726e+00   2.0321844e-01
   1.5845697e+01   3.9561962e+00   1.9325191e-01  -9.0421210e+00   6.5466816e+00  -9.7315025e+00  -5.0050219e+00  -7.7630117e+00  -5.5132926e+00  -1.7055089e+00   1.3023420e+00   2.8610415e-01  -1.5528420e+00   2.8951881e+00   1.2859109e+00  -2.7801644e+00   2.2498364e+00   1.8934275e+00  -1.8568943e+00  -2.7725210e+00   3.2514656e+00   7.8475522e-01  -8.3373014e-02   1.2604578e-01
   1.5138702e+01   3.8473145e+00  -4.7186880e-03  -8.9467337e+00   5.9068322e+00  -1.1708603e+01  -5.1550234e+00  -1.0338272e+01  -6.6411660e+00  -1.6861279e+00   9.2947430e-01   5.5977574e-01  -2.0071124e-01   1.1123336e+00   3.7785694e-01  -2.5796639e+00   2.9450331e+00   5.0283093e+00  -1.0457005e+00  -2.5579234e-01   1.7382479e+00  -3.3819186e-01  -3.9567425e-01   9.1732032e-02
   1.3886375e+01   4.4374188e+00   2.7285015e+00  -8.4568590e+00   5.8233241e+00  -1.2524482e+01  -6.5334385e+00  -9.4446461e+00  -5.7682829e+00   1.0124971e+00   1.4173223e+00   4.4771149e-01  -1.3175893e+00  -1.6418842e-01   1.6044156e+00   1.4416766e+00  -1.9825299e+00  -1.0222623e-02  -3.2552261e+00   2.3250455e-01  -3.4532472e-01   2.7746422e-01   3.3522459e-01   1.1303859e-01
   1.5310070e+01   3.2411523e+00   1.4445586e+00  -9.5692360e+00   6.7953000e+00  -8.3997158e+00  -6.2176952e+00  -7.6970884e+00  -6.3682654e+00  -2.0048209e+00   8.0459413e-01   5.0389434e-01   1.9315978e-01   1.1297500e+00   5.2382436e-01   2.3154583e-01  -7.6842569e-01   2.7325687e+00  -3.1097139e+00   3.2351297e+00  -4.2180828e-01  -3.9193810e-01   5.3735920e-01  -1.8736244e-01
   1.3783629e+01   4.0129946e+00   1.8752366e+00  -6.5683550e+00   3.1286528e+00  -1.1401280e+01  -9.3565252e+00  -8.7348468e+00  -6.1677300e+00  -1.1299661e+00   1.8676189e+00   4.8360274e-01   3.0333317e-01   1.2470784e+00  -1.7534326e+00   1.3137197e-01   2.1740642e-03   1.5675593e+00  -6.8025605e-01   1.8286839e+00  -1.2448852e+00  -1.7014019e+00  -2.6783883e-02  -1.1923957e-01
   1.5479815e+01   5.7541515e+00   1.2076503e+00  -9.5436670e+00   6.1015293e+00  -8.1713509e+00  -8.4080510e+00  -5.8404773e+00  -7.0741549e+00  -1.2028035e+00   1.5103648e+00   2.6078646e-01  -1.3355434e+00   3.0566365e+00   3.3325474e-01   1.3733719e-01  -8.8925009e-01  -1.3118333e+00   1.3655170e-01   9.6746645e-02   3.4976231e-01   1.2014310e+00   5.9768802e-02  -6.1673096e-02
   1.4256502e+01   5.0515368e+00   2.1680680e-01  -8.2725855e+00   6.1734706e+00  -1.0287325e+01  -6.4586447e+00  -7.6299258e+00  -7.2826660e+00  -1.9406144e+00   1.0242611e+00   3.9040608e-01   2.2950982e-01   2.2273291e+00  -8.5885170e-01  -1.5477871e+00   3.4901255e+00   7.6429095e-01   1.5695526e+00  -2.3595300e-01   1.4033166e+00  -2.7580887e-01  -1.1593489e+00   8.0968155e-02
   1.3070318e+01   7.3068360e+00   2.7736556e+00  -8.5111149e+00   3.9390160e+00  -1.0924443e+01  -7.4618079e+00  -8.1044289e+00  -5.2861539e+00   2.0264974e-01   1.3159262e+00   4.5798302e-01  -9.9775734e-01   2.5235028e-01  -3.4615959e-01   5.8079224e-01  -4.6719103e-01  -1.8507943e+00  -3.4684887e-01  -1.0310962e+00   2.0995298e+00  -1.5612996e-02  -8.5915092e-01   1.4205009e-01
   1.5332642e+01   6.5776460e+00  -1.9604359e-01  -9.4063116e+00   9.4450978e+00  -8.8782975e+00  -7.4753178e+00  -7.9568005e+00  -4.9567556e+00  -2.2464060e+00   2.2581479e-01   5.0645669e-01  -6.7299280e-03   1.5362923e+00   1.4045324e+00  -2.9006760e+00   1.3437105e+00   6.2460528e-01  -1.0876358e+00   8.7353212e-01   5.4638999e-01   4.2952880e-03  -1.8707887e-01  -7.4348253e-02
   1.3445109e+01   5.3696223e+00   8.9483609e-01  -8.1056155e+00   3.7649291e+00  -1.1652056e+01  -8.4199878e+00  -7.2236842e+00  -5.0878153e+00  -1.0733272e+00   6.2086156e-01   4.1583629e-01   2.3249721e-01   4.4124091e-02   7.7816911e-01  -4.1577816e+00   3.8021572e+00  -3.5025472e-01   1.3657308e+00  -8.5703511e-01  -1.6253909e+00  -3.0778153e-01  -3.3738003e-01  -1.6087446e-01
   1.4059012e+01   8.3245821e+00   3.2630152e+00  -1.2826349e+01   8.2760798e+00  -8.9866109e+00  -7.6110085e+00  -6.7600000e+00  -6.5622503e+00  -1.2961830e+00   1.0911752e+00   2.9995707e-01  -1.6599767e+00   1.5064156e+00   1.3267102e+00  -5.8305444e-01  -2.9564780e-01  -2.7754209e+00   4.3530058e-01  -8.3726293e-01   5.5907641e-02   1.7928200e+00   1.0317294e-01  -2.4267514e-01
   1.4055879e+01   6.4995541e+00   2.2113799e+00  -1.3037769e+01   1.0226761e+01  -1.1395668e+01  -5.3453663e+00  -9.9883818e+00  -6.9214929e+00  -7.3413405e-01   3.7717600e-01   3.1992113e-01   5.3851496e-01   2.1071612e+00  -1.1970344e+00   1.6418882e+00   1.0080707e+00   4.4378055e-01   6.0242557e-01  -2.2508891e+00   1.0211483e+00  -1.8884161e-01  -8.0750223e-02  -6.0074475e-01
   1.2537292e+01   8.2723036e+00   1.1357497e+00  -7.8148168e+00   5.7707103e+00  -1.3169623e+01  -8.3596776e+00  -7.8303461e+00  -3.9560553e+00   2.7322743e-01   5.0241697e-01   1.9040156e-01  -1.2012827e+00   4.4921808e-01  -4.2512668e+00   7.2942044e+00  -4.8198482e+00  -3.4874150e+00  -4.9840311e-01  -1.7925473e+00   2.3978570e+00  -3.2594565e-01  -2.5107012e-01  -5.4687702e-01
   1.5013741e+01   8.5565033e+00   1.6291720e-01  -8.1485495e+00   6.5297199e+00  -8.8948794e+00  -7.1420149e+00  -1.0064845e+01  -4.8591904e+00  -2.1412948e+00   7.9411532e-01  -4.3050309e-01  -8.7933717e-01   2.0512551e+00   8.0459286e-01   2.0543870e+00  -4.4011074e+00  -1.0734974e+00   1.3147819e+00  -3.6608586e-01   2.1413017e+00  -1.1917790e+00  -9.1083613e-01  -3.8035620e-01
   1.1778157e+01   7.9699346e+00  -2.0896537e+00  -4.3296522e+00   2.8948278e+00  -1.5468128e+01  -7.4602889e+00  -9.4105894e+00  -3.9966162e+00  -1.0815211e+00   5.0610033e-01  -1.4514635e-01  -6.0579612e-01   1.6934509e+00   3.8920259e+00  -5.6161969e+00  -6.9879511e-01  -5.1438481e-01   1.0612725e+00  -7.5816748e-01  -3.2147611e-01  -7.3170285e-01  -1.6483771e+00   8.9111334e-02
   1.3116441e+01   9.7276212e+00   5.0309709e+00  -1.1698770e+01   5.0630408e+00  -1.1856662e+01  -3.8228878e+00  -9.7473889e+00  -3.6892600e+00  -1.8444283e+00  -9.9091987e-01  -8.2839212e-02  -2.2884735e+00   1.0447269e+00   4.1972289e+00  -3.9108672e+00  -3.6908228e-01  -2.6274198e+00   7.1191524e-01   1.6483422e+00  -1.2368380e-01   1.1027425e+00  -8.1050642e-01   3.2465835e-01
   1.2577248e+01   1.0226921e+01   4.5397618e+00  -1.4464002e+01   5.4558571e+00  -1.2460309e+01  -8.4273323e+00  -9.1263253e+00  -5.0232347e+00  -9.7276011e-01  -1.0776311e+00   1.5023662e-01   4.4075050e-01   1.1078571e+00   4.2164976e+00  -6.2504794e+00   4.0996180e+00   9.5890745e-01  -8.3930733e-01   7.0650838e-01  -1.4108494e-01   1.6509955e-01  -3.7859019e-01   5.2916499e-02
   1.1181485e+01   8.9951004e+00   3.1440528e+00  -8.9476756e+00   4.6955818e+00  -1.4339919e+01  -5.5906203e+00  -7.7344636e+00  -4.5314068e+00  -5.4156160e-01   3.7022143e-01  -9.1207045e-02  -1.2864621e+00  -8.4829373e-01   3.8939844e-01   5.5607309e-02   9.0321678e-01  -3.9416422e+00  -3.2083850e+00   1.7413804e+00  -4.5641108e-01   1.1139734e+00   5.9751348e-01   3.9422701e-02
   1.3406760e+01   9.9979806e+00   5.1785518e+00  -1.5080919e+01   9.2279843e+00  -1.2788138e+01  -7.8353837e+00  -9.3572894e+00  -3.7871702e+00  -1.4853051e+00  -7.4235560e-01  -6.1587684e-02   8.2207290e-02  -4.7955899e-01   1.9624955e+00   2.1558928e+00  -8.5030832e-01  -2.3420435e+00   1.2608568e+00   1.2030837e+00  -1.9895385e-01   4.9291417e-01   4.5568571e-01  -3.4723369e-01
   1.0771992e+01   8.5696508e+00   5.2956736e+00  -1.1306901e+01   4.5318024e+00  -1.7605210e+01  -8.9314396e+00  -7.0198363e+00  -4.9919089e+00   8.2804239e-02  -2.6228742e-01   8.2206991e-02   1.1921401e+00   5.3438758e-02   2.6313980e+00  -6.0449774e-01  -1.8762710e+00  -1.0235070e-01  -1.6377070e+00  -1.0023158e-01  -5.2195065e-01   3.4098357e-01   1.9666487e-01  -2.7163117e-01
   1.2905306e+01   9.7203073e+00   6.4076947e+00  -1.0050550e+01   4.2622844e+00  -1.4340728e+01  -4.8656375e+00  -7.6790134e+00  -5.0914144e+00  -5.4557178e-01  -7.7848144e-02  -4.5732093e-01  -1.5880340e-01   8.5333202e-01   2.5591357e+00   1.2784100e+00  -4.3557995e+00   1.0285656e+00  -2.6898283e-01   7.6995211e-01   2.1625149e+00  -1.2837849e-01   8.5097366e-01  -2.3454370e-02
   1.3220422e+01   9.2140952e+00   6.4765783e+00  -1.2369607e+01   4.3640253e+00  -1.3717150e+01  -9.5320539e+00  -8.7239490e+00  -4.6622107e+00  -4.9995291e-01   3.3296500e-01  -3.0078718e-01   9.3837208e-01   3.0404206e+00   1.2505198e+00  -1.2697464e+00   1.9908784e-03   3.2042096e+00  -1.1952236e+00  -1.1691282e+00   4.3064774e+00  -1.8444367e+00  -7.1684037e-01   3.0832777e-01
   1.1944339e+01   1.0955756e+01   8.4268029e+00  -1.2631951e+01   2.7781737e+00  -1.3189320e+01  -7.9385508e+00  -7.3503049e+00  -7.0824692e-01  -1.3864943e+00   2.3647868e-01   9.4727847e-02  -2.2621521e+00   2.7670452e+00  -2.0079046e-01  -1.2016561e+00   4.2163211e-01  -1.7914994e-01  -3.4946830e+00  -8.9782719e-01   3.0486014e+00  -2.9014780e-01  -4.7040289e-01   5.8857170e-01
   1.2660033e+01   1.2512557e+01   6.1618993e+00  -1.1920820e+01   5.2768441e+00  -1.3374600e+01  -9.1878184e+00  -8.9378828e+00  -7.2377656e-01  -2.2633895e+00  -1.4947114e+00   2.6867425e-01  -2.6111850e+00   3.4558188e+00   1.5066312e+00   9.2748464e-01  -5.3283557e-02  -3.1316945e+00   3.3406387e+00   8.0864795e-01  -1.0651840e+00   1.2047938e+00  -4.7204981e-01   5.7729309e-02
   9.7922726e+00   1.2221644e+01   6.2638486e+00  -1.2077427e+01   4.4383231e+00  -1.4780728e+01  -1.0279780e+01  -8.9187873e+00  -2.4877294e+00  -9.9075167e-02   1.3038571e-01   1.4080590e-01  -1.8970082e+00   1.0398540e+00   2.6634927e+00   1.1957328e+00   4.2715281e-01  -6.0693956e+00   2.9441471e+00  -2.3059403e-01  -5.7608928e+00   3.0694876e+00   5.5757925e-01  -3.4472986e-01
   1.0379678e+01   1.3764880e+01   9.8180022e+00  -1.1255641e+01   3.4540252e+00  -1.7618988e+01  -3.3504814e+00  -6.7267359e+00  -5.3702454e+00   6.6352816e-01  -3.2206323e-01  -2.3723225e-01  -1.5857498e+00  -6.1969500e-01   5.6161717e+00   1.6668969e+00  -4.2915805e+00  -8.6206658e-01   4.1935152e+00   8.9704881e-01  -5.5903416e+00   4.0317971e+00   2.1596305e+00  -2.8689829e-01
   1.0239005e+01   1.1889376e+01   1.0593990e+01  -1.1170941e+01   4.3303124e+00  -2.0171220e+01  -6.4409987e+00  -8.8017694e+00  -7.0263517e+00   1.7542783e+00   4.8652348e-01  -1.6941369e-01   6.3917964e-01   1.6579851e-01   4.9892445e+00  -6.3799796e-02  -3.5325342e+00   2.8457473e+00   4.2427712e+00  -1.9067538e+00  -4.9180296e+00   2.8575827e+00   1.0581830e+00  -2.4825335e-01
   1.0058042e+01   1.1749149e+01   1.2421086e+01  -9.8737178e+00  -1.1065213e+00  -1.1972454e+01  -4.8169361e+00  -7.6508185e+00  -6.8399777e+00   2.8576293e+00   1.5666656e+00  -6.5633899e-03  -2.7488691e-01  -1.6861323e+00   1.9707977e+00   8.1851320e-01  -2.2715626e+00   2.9114699e+00   3.8702490e-01  -1.4686653e+00  -2.7247637e+00   1.8695910e+00   9.3102704e-01   1.9120569e-01
   1.0911860e+01   1.3478207e+01   1.2446173e+01  -1.2864089e+01   1.4197951e+00  -1.3335374e+01  -3.1823955e+00  -1.1316877e+01  -9.1299076e+00   3.0902482e+00   7.7329585e-01  -3.4690855e-01  -3.6430059e-02   4.1835553e-02   2.9239914e+00   3.1447975e+00  -2.6616499e+00   2.3369125e+00   3.3441605e-01   3.6451193e-01   1.9711756e+00  -8.8480561e-01  -1.7259690e-02   3.0101775e-02
   9.6309202e+00   1.0441265e+01   1.1848107e+01  -9.1812976e+00   1.5019399e+00  -1.6669706e+01  -4.3992456e+00  -7.6721802e+00  -8.4056130e+00   2.7999298e+00   9.3109114e-01   1.3832372e-01  -1.3252940e+00  -1.2368184e+00   2.2524967e+00   2.7772484e+00   3.9630726e-01  -2.3502426e+00  -3.5180178e+00  -1.7287065e+00   3.1050238e+00  -2.1223353e+00  -9.4467013e-01   2.4524245e-01
   1.0397921e+01   1.2606071e+01   1.5266467e+01  -6.7999547e+00  -9.6639313e-01  -1.4317225e+01  -6.1482198e+00  -8.2443207e+00  -3.2867707e+00   4.5591970e-01   7.7842115e-01  -1.9670458e-01  -2.0476470e+00  -1.4967275e-01   2.0170233e+00   2.3943495e+00   1.3248356e+00   1.8414074e+00  -2.0237255e+00  -3.0638873e-01   5.0020991e+00  -1.0693288e+00  -8.2468021e-01   4.3601041e-01
   8.3270712e+00   1.0329989e+01   1.4389684e+01  -8.7399123e+00   6.8103369e-01  -1.5006892e+01  -8.6110506e+00  -1.1780156e+01  -5.1040105e+00   9.9129068e-01   1.4709771e-01   2.8619830e-01  -1.2150251e+00   1.7375963e+00   1.1474744e+00  -1.2590574e-02   2.8323464e+00   1.9843899e+00  -7.1308931e-01  -1.2151842e+00   1.2441601e+00  -5.1147094e-01  -3.7246570e-01   3.1076604e-01
   8.4923141e+00   1.3309336e+01   1.4200920e+01  -9.4932572e+00   3.8175016e+00  -1.1404670e+01  -4.1120812e+00  -9.7224717e+00  -3.2775602e+00   2.3905745e+00  -7.1727740e-02   2.3316978e-01  -1.8414904e+00  -6.2832702e-01  -9.2993682e-01   2.2830540e+00   3.7907196e+00  -1.0073483e+00   1.9777796e+00   3.4964974e+00  -1.6185261e+00  -1.7434217e+00   4.2232652e-01   5.4294420e-01
   8.7611858e+00   1.2696027e+01   1.4102092e+01  -7.8535322e+00   3.3585122e+00  -1.5149399e+01  -6.4869489e+00  -8.7558809e+00  -6.5439781e+00   1.0653959e+00   7.9746704e-01   3.8953559e-01  -9.9117560e-01   4.9790015e-01   2.9235167e-01   6.3611587e+00   3.0915549e-01  -6.6219560e-01   2.1459710e+00   6.0164005e+00   5.2283199e-01  -4.1428647e+00   1.3285785e+00   3.0988259e-01
   7.4186276e+00   1.0480561e+01   1.4015358e+01  -3.8185637e+00   3.3809470e+00  -1.5756994e+01  -4.2436012e+00  -4.5117122e+00  -4.9945760e+00  -2.1962654e+00   1.0867263e+00   5.6604307e-01  -2.5392964e+00  -8.3186239e-01  -5.4058759e-01   6.7189982e+00   4.9680263e-01  -4.4012537e+00  -3.0193533e+00   3.9685518e+00   7.8652995e-01  -5.3822364e+00   7.8016117e-01   4.8282259e-01
   7.3771510e+00   1.2491227e+01   1.4920993e+01  -2.0355209e+00   1.3630442e+00  -1.3824023e+01  -5.3263341e+00  -5.3609353e+00  -3.4612546e+00  -2.9295863e+00   1.5607384e+00   5.8458554e-01  -2.6714361e+00   2.4024144e-01  -2.2055701e+00   5.8299899e+00   4.6494771e+00   2.8036170e-01  -1.9108725e+00   3.0354058e+00   4.1208291e+00  -4.0845694e+00   4.0867422e-02   2.2913337e-01
   5.3753870e+00   1.2163943e+01   1.2980588e+01  -2.3237656e+00   5.5604395e+00  -1.8669238e+01  -9.2214185e+00  -5.4671168e+00  -3.6391270e+00  -3.6852890e+00   7.1687832e-01   8.5987870e-01  -1.9282315e+00   1.2226768e+00  -4.0710965e+00   2.5686377e+00   4.6724404e+00   1.5426453e-01  -1.9100913e+00  -2.1190941e-01   1.2083363e+00  -1.6828618e+00  -4.7386631e-01   1.3296849e-01
