  -3.7367251e+00  -1.4058927e+01   2.7354812e+00   2.3223234e+00  -4.2305480e+00  -2.4235028e+00  -1.7753918e+00   5.6003556e-01   3.0669887e+00  -5.9502947e-01   1.2411654e-01   7.6926971e-02  -1.0453262e-01   8.3086212e-01   8.5534282e-01  -7.8789769e-01   1.7036954e+00  -3.1049310e+00  -1.4783314e+00  -3.4094362e+00   3.2504053e-01  -1.6548963e-01  -1.8603854e+00  -1.9210304e-01
  -3.0223136e+00  -1.3378107e+01   4.3345448e+00   2.5084803e+00  -2.5455200e+00  -2.7571759e+00  -5.6273732e-02   1.4686196e+00   3.5050606e+00  -2.0972985e-01  -1.1033252e-01  -8.7849904e-03   9.7543657e-01   2.3220155e+00   2.0037393e+00   3.1868566e-01   4.5373689e+00  -3.9492983e+00  -1.1937450e-02  -1.8957495e+00  -1.7762220e+00   2.1528195e-01  -1.9481331e+00  -7.6997332e-02
  -3.5144416e+00  -1.1479306e+01   4.5464693e+00   1.1608841e+00  -1.1788651e+00  -6.7405539e+00  -3.0884084e+00  -5.5843888e-01   2.4716726e+00   1.0420783e+00  -6.5236814e-01   7.5499910e-02   2.9589461e-01   1.0060337e+00  -6.3334575e-01   3.0112509e-01   6.3036816e+00  -4.0496775e+00   4.5903936e-01  -1.2116105e+00  -3.2863473e+00   6.1491051e-01  -5.5922535e-01   3.9996549e-01
  -2.4879508e+00  -1.1288325e+01   4.7568732e+00   3.6055362e+00   1.6594194e+00  -6.1566248e+00  -1.9687159e-01   1.1968670e+00   1.4555277e+00   2.4323604e-01  -7.1658075e-01   2.6331607e-01  -1.1438440e+00  -2.5762306e+00  -3.2429649e+00  -1.4212313e+00   4.7390985e+00  -1.6535263e+00   4.9595607e-01  -1.3706884e+00  -3.2043616e+00  -7.6240065e-01  -1.4009042e-01   4.7289083e-01
  -3.5600646e+00  -1.3594767e+01   1.5742983e+00   2.2254831e+00   3.1225047e+00  -6.7982947e+00  -1.0165338e+00  -1.1215038e+00  -8.3776583e-01   1.0085336e-01  -4.1159738e-01   5.4082467e-01  -2.3206786e+00  -5.3093566e+00  -3.4341908e+00  -2.4801498e+00   6.8256064e-01   1.8099970e+00   3.4377248e+00  -1.5552123e+00  -1.3133668e+00  -1.5700397e+00   5.0780615e-01   2.0699602e-01
  -4.7152681e+00  -1.6184722e+01   9.5618295e-01  -1.5566621e-01   2.4124428e+00  -5.2085950e+00  -3.4827692e-01  -3.0588053e-01   3.5323732e-01  -8.8271837e-01  -4.4085353e-01   4.6788887e-01  -1.9233995e+00  -4.6238128e+00  -5.1081552e-01  -3.2750573e+00  -1.8492141e+00   1.9812518e+00   2.5342183e+00  -2.4718935e+00   1.0822198e+00  -8.5659754e-01   2.8159071e-01  -2.3872640e-01
  -5.8818009e+00  -1.6995142e+01   1.2955283e+00  -6.7873937e-01  -5.3153589e-01  -4.4995734e+00   2.1438815e+00  -2.1398835e+00   1.0527676e+00  -7.5000409e-01  -2.8522517e-02   2.8370753e-01  -5.3804116e-01  -3.0060808e+00   2.2245364e+00  -3.7690650e+00  -3.7872717e+00  -2.1202094e-02   2.3462848e+00  -6.5285363e-01   2.4745774e+00   5.8205139e-02   1.7651328e-01  -4.0039541e-01
  -4.2121819e+00  -1.6523856e+01   4.1300349e+00   1.4506139e-01   7.1261860e-01  -4.3341078e+00   2.0242482e+00  -2.0017834e+00   2.1335907e+00  -6.1623155e-01  -4.8573211e-01   3.3785045e-02   7.9080436e-01  -5.1239886e-01   3.2602534e+00  -1.5973192e+00  -1.2888408e+00   3.0349527e-01   7.0022056e-01   8.7055673e-01   1.7963990e+00   1.7391065e+00   3.5082559e-01  -2.0447289e-01
  -4.6186695e+00  -1.7934321e+01   3.3241770e+00  -3.5784782e+00  -1.7084907e+00  -7.2673414e+00   1.3166308e+00  -1.2528328e+00   1.9839236e+00   5.4917651e-02  -1.2438817e-01   1.5728347e-01   3.3613072e-01   8.1566055e-01   1.3989289e+00  -1.7748958e+00   6.7089308e-01  -8.8606751e-02  -1.5853077e+00   2.4634724e+00   1.2423529e+00   2.0438415e+00   2.5608507e-01   4.3796439e-02
  -4.1606273e+00  -1.6483731e+01   4.8322388e+00  -1.1017756e+00   1.0676590e+00  -3.3694680e+00   1.1156792e+00   5.5642921e-01   2.5822579e+00   1.3234805e+00   1.3331768e-01   2.2439156e-01  -1.6112124e+00   6.6786007e-03  -8.9166257e-01  -2.0382048e+00   1.1868227e+00  -1.4705034e+00  -1.5991877e+00   1.7086547e+00   8.8017201e-01   1.6479473e+00   4.3329831e-01   4.8502126e-01
  -5.4033821e+00  -1.5791714e+01   3.0428197e+00  -2.7176646e+00   2.9728352e-01  -5.1148034e+00   2.2020434e-01   2.7621881e-01   2.6919633e+00   1.3459022e+00   4.6080195e-02   2.5409893e-01  -2.7728536e+00   5.4050316e-01  -1.5008815e+00   6.2283698e-01   1.6945251e+00  -1.9039649e+00  -1.3135859e+00   9.1256942e-01   9.4904056e-01   8.7918708e-01   1.5638658e-02   6.1674650e-01
  -6.2366442e+00  -1.7585142e+01   2.9332197e+00  -3.3426525e+00   1.4899655e+00  -7.6161319e+00   1.7367986e-01  -2.0332724e-01   3.0998288e+00   1.2101972e+00   7.8981178e-02   7.1290920e-01  -3.6748705e+00  -2.1270730e-01   5.2659976e-01   1.3818959e+00   1.2642737e+00  -3.9723153e+00  -9.6073607e-01  -1.7152747e+00  -1.1253220e-01  -9.2040973e-01  -2.6191628e-01   6.2614401e-01
  -7.7399415e+00  -1.6572861e+01   2.0223643e+00  -1.5237842e+00   6.2214361e-01  -7.9999568e+00  -1.8274838e-01   4.9589951e-01   3.1486990e+00   1.4303400e+00  -7.3761929e-02   8.3814441e-01  -3.5078852e+00  -8.6317487e-01   3.1987717e+00   8.2403075e-01   1.8091987e+00  -1.0926563e+00   9.6041184e-01  -2.6382153e+00  -6.8814627e-01  -1.0773501e+00  -1.0985971e-01   4.0074806e-01
  -8.5046533e+00  -1.6412218e+01   6.1323661e+00   3.7412800e-01   2.8016395e+00  -7.8853642e+00  -1.2394849e-01  -2.1263232e+00   2.1850918e+00  -9.9352954e-02  -1.9963567e-01   8.7158484e-01  -9.4775926e-01   2.2435736e+00   4.9719794e+00   5.9101946e-01   2.4617745e+00   1.7857539e+00   1.4220165e+00  -3.0433899e+00  -1.7042358e+00  -9.1211944e-01  -3.4370597e-01  -2.8417477e-01
  -9.5312054e+00  -1.7672938e+01   6.2414041e+00  -3.3400087e+00   2.3552446e+00  -6.6191716e+00   1.8096363e+00  -2.7196062e+00   2.1171125e+00   3.8465205e-01   2.0599060e-02   7.7588320e-01  -3.4284366e-01   2.1622940e+00   4.5455929e+00  -4.8251115e-01   2.6025756e+00   9.6800389e-01  -3.6831236e-02  -3.7272517e+00  -1.4928884e+00  -1.7858073e-01  -3.5028447e-01  -4.1897413e-01
  -6.7626511e+00  -1.3669743e+01   8.2816690e+00  -1.5480111e+00   4.3160768e+00  -5.6278937e+00   1.3105122e+00  -3.1606593e+00   1.0592684e+00   3.6486195e-01  -4.8375828e-01   3.1777766e-01   6.4572377e-01   9.2191513e-01   4.4371760e-02  -3.5983183e+00   1.2305850e+00  -9.6863858e-02  -7.7867283e-01  -1.2487620e+00  -1.5466112e+00   1.3927155e+00  -9.5962004e-02  -3.2750323e-01
  -9.1252080e+00  -1.4700657e+01   7.7661022e+00  -1.2864814e+00   3.7687883e+00  -7.6766862e+00  -9.5522559e-01  -4.5778100e+00   1.4722781e+00   9.3036142e-01  -4.5712734e-01   4.8658680e-01   4.3665481e-01  -4.4723547e-01  -6.2458325e-01  -2.6112624e+00   6.2245961e-01  -1.9727628e+00  -2.1072840e+00  -9.5204127e-01  -1.3665951e+00   9.0107070e-01   1.9917951e-01  -2.9440825e-01
  -7.7390663e+00  -1.6515486e+01   5.4365747e+00  -6.0501131e+00   3.9407452e+00  -7.5019027e+00   9.0473190e-02  -3.0703643e+00   1.8759213e-01   1.7168656e+00  -1.0471548e-01   5.2497820e-01  -1.3126188e+00  -3.4380756e+00  -1.1414549e+00  -4.9421853e+00   1.0659393e-01  -1.4999648e+00   5.0672376e-02   1.0127486e+00  -7.1837182e-01   4.5088029e-01   6.4144568e-01  -1.2004402e-01
  -8.3880156e+00  -1.6920920e+01   6.7270763e+00  -5.0058513e+00   3.4765998e+00  -8.6413113e+00  -7.4127022e-01  -4.1928156e+00   5.0305800e-01   1.0602563e+00   1.2984692e-01   2.3067055e-01  -2.2151977e-01  -2.8683113e+00   1.5227355e+00  -4.0242902e+00   8.0160425e-01   7.3456702e-02   2.5032781e+00   3.4676120e+00  -8.1208556e-01  -5.9259087e-01  -1.8019138e-01  -3.1307052e-01
  -9.1001755e+00  -1.7716725e+01   7.0889996e+00  -7.1016041e+00   4.6220619e+00  -7.3955283e+00   1.2795431e+00  -1.8340335e+00   4.6632073e-01   9.7623498e-01   1.8492311e-01   2.6566975e-01  -8.6806288e-01  -1.2743131e+00   2.9801973e+00  -3.1462147e+00  -1.0602526e+00  -1.3895943e+00   2.0400976e+00   2.1405061e+00   3.2349047e-02  -4.7167561e-01  -4.2914039e-01   6.5971989e-03
  -8.7769331e+00  -1.8402505e+01   9.2239931e+00  -6.7971712e+00   4.6305363e+00  -7.6196884e+00   2.2051566e+00   5.4426112e-03   1.1478543e-01   4.1179043e-01  -8.7223370e-01   1.4663524e-01   7.8819789e-01   1.7229492e+00   2.4439195e+00  -5.2724815e-01  -7.9318905e-01   4.1798421e-01   1.3038445e+00   1.5178103e+00  -3.1546953e-02   3.3850676e-01  -1.0461315e+00   1.4957978e-01
  -8.8467018e+00  -1.7686163e+01   8.6584123e+00  -9.8737753e+00   1.7733981e+00  -1.0097106e+01   1.6774062e+00  -1.9587343e+00   4.3025198e-01   1.3335851e+00  -2.4738576e-01   5.7689166e-01   2.0113631e+00   3.7638565e+00   1.0081567e+00   1.9748549e+00  -1.3980262e+00  -2.3755034e-01  -5.8895485e-01  -1.6826298e+00   7.5462722e-01   7.5816257e-01  -3.2033517e-01   2.0971886e-01
  -7.3324556e+00  -1.4351777e+01   9.6082492e+00  -4.4106379e+00   3.7111482e+00  -6.6635464e+00   1.0155650e+00  -1.8537498e+00   4.7377194e-01   1.3893413e+00  -1.2231960e+00   2.9942927e-01   3.2393893e-01   2.1798607e+00  -1.0114363e-01   2.4985326e+00   1.3523606e+00   1.3673760e-01  -1.7674233e+00  -4.2880005e+00   6.0245354e-01  -4.5822690e-01   5.3863531e-02   5.5790268e-02
  -6.8053696e+00  -1.4096304e+01   8.4091065e+00  -5.3325884e+00   2.9847167e+00  -8.2299248e+00   9.9090663e-01  -3.4283821e+00   1.4187683e+00   1.6247034e+00  -1.2009852e-01   5.0385103e-01  -1.3713771e+00  -2.1446896e-01   1.7253489e-01   1.2963383e+00   1.5619676e+00  -5.1287930e-01  -1.6560590e+00  -3.3288668e+00   4.1330182e-01  -2.2283324e+00  -3.3542969e-01  -6.6735759e-02
  -9.3116908e+00  -1.6927643e+01   9.1969306e+00  -5.3199657e+00   6.0534179e+00  -8.3481723e+00  -1.0272852e-01  -5.6917343e+00   5.2420757e-01  -4.2110905e-01  -8.5508203e-01   2.6684096e-01  -2.1769247e+00  -1.7465310e+00   1.4893811e+00  -2.0598844e+00  -1.4557540e+00  -2.9996397e+00  -3.6374351e-01  -2.5618160e+00   6.3625338e-01  -2.3585475e+00  -2.2278398e-01  -5.1921985e-02
  -9.9141499e+00  -1.6719934e+01   9.1228740e+00  -7.4746040e+00   2.9452147e+00  -1.0024112e+01  -2.4753556e-01  -5.0330422e+00   1.0249869e+00  -1.1036882e+00  -9.3458725e-01   4.9308218e-01  -4.5376239e-01   1.4229598e-01   3.5567365e+00  -2.2880445e-01  -1.0082225e+00   4.0528131e-01   2.3306593e+00  -7.9942424e-01   1.0729675e-01  -1.0254217e+00  -4.3694540e-01  -1.9498486e-01
  -9.0434524e+00  -1.5659759e+01   1.1485437e+01  -6.4294569e+00   1.5472682e+00  -1.0265913e+01   1.0891708e+00  -4.8941438e+00   1.6250427e+00  -7.8428413e-01  -1.1501276e+00   2.2693072e-01   1.8575752e-01   1.6396131e+00   1.1311034e+00   7.2478611e-01  -4.2854140e+00   4.2342496e-01   2.1276421e+00   4.4478861e-01   2.2572693e-01   1.8325098e+00   3.1213544e-01  -2.4449857e-01
  -7.6201324e+00  -1.4516802e+01   1.2599958e+01  -5.1210495e+00   3.7254579e+00  -6.6631327e+00   3.8909459e+00  -5.0263137e+00   1.0292959e+00   2.6815835e-01  -6.2799386e-01   2.3132886e-01  -5.4799254e-01  -5.2850427e-01  -4.6774696e-01   1.4473198e+00  -1.3792916e+00   1.0647496e-02   1.4561395e+00   1.5125740e+00   6.9358871e-01   3.0075329e+00   1.0782785e+00  -8.1324894e-02
  -1.0180063e+01  -1.5569789e+01   9.1550437e+00  -5.4095637e+00  -7.6482471e-01  -9.3935243e+00   1.0194939e+00  -5.0279156e+00   8.6064347e-01   1.6417324e+00  -5.4017557e-01   3.0969761e-02  -1.7835669e+00  -1.7991998e+00  -2.4857584e+00   1.4608549e+00   9.5546916e-01   5.2168283e-01  -1.1989858e+00   2.7037471e+00   6.3023266e-01   2.9016217e+00   1.4620683e+00   3.1475473e-01
  -1.0167833e+01  -1.7557675e+01   9.5864503e+00  -5.8135709e+00   2.0323237e+00  -1.0444334e+01   1.9715122e+00  -2.6972953e+00   2.4475696e+00   2.1946029e+00   3.7785448e-01   4.6907532e-01  -2.2857440e+00  -2.9765151e+00  -1.8836503e+00   5.1240611e-01   2.2383286e+00  -7.2098555e-01  -1.7146494e-01   2.9840277e+00   2.0404135e+00   1.4722421e+00   1.1468186e+00   4.2680734e-01
  -1.0444952e+01  -1.6838122e+01   9.2635533e+00  -3.8919139e+00   3.8270390e+00  -7.5927875e+00   2.5040903e-01  -2.0030324e+00   1.8612548e+00   2.6049261e+00   5.4005075e-01   5.8018959e-01  -5.8192412e-01  -1.5008937e-01   1.0245706e-01   1.2155653e+00   3.3680576e+00   1.0539658e+00   2.0547564e+00   2.2090062e+00   1.1126172e+00   9.3835863e-01   3.0374578e-01   2.4963177e-01
  -1.0916304e+01  -1.8347409e+01   9.7202278e+00  -5.1112653e+00   4.7870190e+00  -8.6449795e+00   4.0182909e+00  -2.0627137e+00   3.5896105e+00   1.9949246e+00   5.5212092e-01   5.9692995e-01  -1.0961616e+00   1.5124887e-01  -2.4692508e-01  -6.4340791e-01  -4.0546716e-01  -1.6460751e+00   1.1424752e+00   6.7789468e-01  -5.4297483e-01  -2.6111500e-01  -7.6095812e-01  -3.1098300e-02
  -1.0678714e+01  -1.5400057e+01   9.2418405e+00  -3.9373685e+00   2.9099141e+00  -8.7122531e+00   3.0782392e+00  -2.0316971e+00   1.9585489e+00   3.1491094e+00  -1.7169012e-01   3.4149009e-01  -1.5739438e+00   1.1929075e-01  -5.7398624e-01  -1.5748001e+00  -2.1740565e+00  -2.6934747e+00   1.9059209e+00   2.1922413e+00  -5.9078926e-01  -7.5165164e-01  -1.1066855e+00  -1.5393736e-01
  -1.1695195e+01  -1.8049835e+01   9.2269191e+00  -6.7559554e+00   1.8826854e+00  -1.2353714e+01   2.2713099e+00  -1.6661209e+00   1.5844603e+00   1.5308387e+00  -4.0771227e-01   5.4177761e-01  -2.0000960e+00   3.6796531e-01  -1.2316747e+00  -3.4343048e-01  -1.9594720e+00  -7.8568108e-01  -7.3634480e-01   2.9360893e+00  -9.5618159e-01  -2.2121581e+00  -7.1429665e-01   3.7597083e-02
  -1.2416423e+01  -1.6807973e+01   8.6492283e+00  -5.4317690e+00   2.0181211e+00  -9.7786321e+00   3.9827810e+00   1.0870331e+00   1.9776460e+00   1.7094916e+00  -6.4006097e-01   3.7685971e-01  -1.1870371e+00  -5.8254954e-01   5.5117821e-01   9.2899976e-01   8.7740831e-01  -2.5982712e-01  -1.8146565e+00   1.1480636e+00   7.2661768e-01  -1.9863198e+00  -7.7909449e-02   1.0411892e-01
  -1.3047594e+01  -1.7091502e+01   8.1690218e+00  -4.8792108e+00   2.2937074e+00  -9.2903116e+00   2.4615028e+00   7.8205503e-01   2.1457895e+00  -6.0350358e-01  -2.8513862e-01   6.3564077e-01  -5.8138206e-01   1.2044370e+00  -1.6826802e-01   4.3856498e+00   1.8819045e+00   3.4648525e+00  -2.7958460e+00  -1.1940961e+00  -4.8412507e-01  -1.7359164e+00   5.0854821e-02  -6.8684257e-02
  -1.1783070e+01  -1.6753047e+01   1.0597556e+01  -3.4822412e+00   4.0205156e+00  -1.0633695e+01   2.6115801e-01  -1.5336897e+00   2.7678108e+00   1.2368009e+00  -3.4984111e-01   4.5073690e-01   3.0381850e-01  -5.0178994e-01  -7.1298586e-01   2.2436841e+00  -3.8188515e-01   3.6190966e-01  -2.7309434e+00  -3.4528463e+00  -8.0501293e-01  -1.1487201e+00   3.8165192e-01  -2.5495290e-01
  -1.2883944e+01  -1.6270642e+01   8.0003529e+00  -1.1522446e+00   3.7043449e+00  -6.7289041e+00  -6.1647601e-02  -2.1469037e+00   4.6319032e-01  -8.3669054e-01  -4.7653997e-01   4.0181263e-01   3.6480293e+00   8.7859204e-01   7.7995742e-01   2.8790672e+00  -1.9234191e+00   1.1560245e-01   6.3270519e-01  -9.6169300e-01  -2.7841292e-01   5.8419022e-01   1.6206185e-01  -3.8808982e-01
  -1.2042520e+01  -1.7971088e+01   7.6640839e+00  -3.9297259e+00   7.3997460e-01  -1.0516471e+01   1.1479411e+00  -2.6277570e+00   1.6114263e+00   1.0300500e-01   2.8117575e-02   1.1134443e-01   1.3571958e+00  -2.4210546e+00  -2.8323413e-01   1.5724375e+00  -4.9043897e+00  -1.9335003e+00   2.5992138e+00   1.5083514e+00   3.5566783e-01   1.3690356e+00   3.1485866e-01  -5.7877321e-03
  -7.4458251e+00  -1.5164594e+01   1.0805694e+01  -3.3686756e-01   1.0488493e+00  -9.1755198e+00   2.9671690e+00  -1.1345079e-01   2.3063624e+00   8.3967968e-01  -2.3102519e-01   2.2320228e-01   2.1735483e+00  -1.5776794e+00   3.3057868e+00   3.0235723e+00  -1.8753358e+00  -1.8061896e+00   2.3875798e+00   2.2131638e+00  -3.8381574e-01   1.3581292e+00   7.8657716e-02   2.5099677e-01
  -1.2466336e+01  -2.0937653e+01   8.7700347e+00  -1.5312734e+00  -2.0083212e+00  -1.2310638e+01   2.6455704e+00  -2.8788897e-01   2.3797265e+00   2.4521691e+00  -3.1050820e-04   5.3136048e-01  -1.8097837e+00  -2.4113729e+00  -1.2436597e+00   2.1178474e+00  -1.2061846e+00   1.5233863e+00   7.1033470e-01   2.2759969e+00  -1.5549583e+00  -2.5463946e-01   1.4290821e-01   4.4665899e-01
  -9.4117134e+00  -1.7153879e+01   1.2406058e+01   2.1838877e+00   2.2654891e+00  -8.5411053e+00   2.7709074e+00   2.9079590e-03  -4.9668342e-01   2.5921167e-02  -3.4433935e-01   5.6829977e-01  -5.0375596e+00  -5.3632299e+00  -4.4830847e+00  -3.1453417e+00  -4.4660043e-02   2.4407378e-01  -1.5036922e+00   1.1732947e+00  -1.6729859e+00  -1.1522650e+00   7.4524553e-01   4.0632375e-01
  -1.3774251e+01  -2.0593505e+01   4.9984126e+00  -2.0133325e+00  -1.6776222e+00  -8.5485992e+00   2.3115740e+00   7.2805887e-01   6.8051168e-01   1.2792507e-01   2.9913697e-01   6.0878416e-01   8.0543731e-02   1.8321950e+00  -1.9448620e+00  -5.9407834e-01   2.6190266e+00   4.1760743e+00  -1.9803487e+00   8.7920931e-01  -1.7066520e+00  -2.0367519e+00   2.8328971e-01  -9.1222994e-02
  -1.4348207e+01  -2.3381513e+01   5.9668781e+00  -4.8138505e+00   8.1650975e-01  -1.0690428e+01   8.7862895e-01   1.1385174e+00   6.4649099e-01   2.7340417e-01   7.3711936e-01   7.9397606e-01   6.6022931e-02   1.6614679e+00   3.0089774e-01  -1.1637032e+00  -6.5364681e-01   1.8647782e+00  -2.7791640e+00  -1.5130417e+00  -5.0093861e-01  -3.0738072e-01   6.7170988e-01  -2.6328410e-01
  -9.8772737e+00  -1.5075544e+01   9.0723315e+00   1.0764781e+00   2.6447084e+00  -4.9718648e+00   6.2118662e-01   4.6312028e-01  -7.5183874e-01  -7.2670018e-01  -1.1610530e-01   2.8168784e-01   3.5616252e+00   5.5640477e+00   6.0241166e+00   2.5584114e+00   1.4163577e+00   2.8694814e+00  -9.1329166e-01  -2.6912213e+00  -1.3022521e+00  -3.4381135e-03  -9.6964171e-02  -4.7236395e-01
  -1.1261168e+01  -1.7420657e+01   1.0820445e+01  -1.1065725e+00  -8.7614637e-01  -7.5323053e+00  -5.5264483e-01  -2.1341853e+00  -5.3191612e-01  -7.8372869e-03   8.7084661e-01   3.3692179e-01   2.5558218e+00   4.5647057e+00   4.5380636e+00   8.8404648e-01   9.2074625e-02   2.0012689e+00   1.1574418e+00  -3.3102359e+00  -6.0986337e-01   6.9542921e-01  -2.6823470e-01  -2.7298944e-01
  -9.9753329e+00  -1.5227861e+01   1.1607804e+01  -2.9354415e-02   1.2932424e+00  -5.8234386e+00   1.6572734e+00  -1.6724218e+00  -6.8366294e-01   2.6338863e-01   8.6827087e-02   1.2876537e-01   1.7016514e+00   1.4502815e+00   1.8786795e+00  -4.0992651e+00   1.1395199e-01  -1.0461019e+00   2.1913327e+00  -1.0550049e+00   1.6562375e+00   1.6213039e-01  -4.8943184e-01   1.7420138e-01
  -1.0465445e+01  -1.6458295e+01   1.1506237e+01  -2.9348645e+00   1.6303547e+00  -7.2627381e+00   2.0967482e+00  -2.7590654e+00  -3.0239197e-01   8.2150358e-01   2.3330111e-01   4.6095314e-01  -3.4688207e-01   5.8287204e-01  -5.5493276e-01  -4.0114036e+00  -1.2620926e-01  -2.5104685e+00   1.0338583e+00  -2.1898161e-01   3.5665479e+00  -9.9949710e-01  -9.4151846e-01   1.3731853e-01
  -7.7226581e+00  -1.3381303e+01   1.1547455e+01  -4.1582735e+00   1.5623859e+00  -6.6758012e+00   2.5834891e+00  -8.0694706e-01   1.6177555e+00  -8.9817502e-01  -5.3148031e-01   4.8097423e-01  -1.9318165e+00  -8.0943573e-01  -1.2405008e+00  -2.0022077e+00  -9.9702238e-01  -2.4686419e+00  -1.6895369e+00   2.7803998e-01   3.5804450e+00  -9.4878761e-01  -5.7262048e-02   3.4703018e-02
  -1.2907828e+01  -1.7469629e+01   1.0018220e+01  -5.0592185e+00  -1.2000320e+00  -1.0871827e+01   5.3503476e-01  -2.8953951e+00   3.6671966e+00  -9.2630111e-01  -2.3227738e-01   3.6679515e-01  -2.8540539e+00  -2.2668175e+00  -1.9506116e+00  -2.0022068e+00  -2.2897775e+00  -8.2877148e-01  -1.1868590e+00   2.6619149e-01   2.5529987e+00  -2.9704346e-01   3.8207017e-02  -3.7450066e-01
  -1.1651866e+01  -1.5936348e+01   1.0491061e+01  -1.9704889e+00   1.2129022e+00  -7.7218571e+00  -9.6175161e-02  -1.1871969e+00   2.7022104e+00  -2.8589044e-01   2.3372326e-01   2.2789889e-01  -2.1631447e+00  -3.9809343e+00  -4.6387323e-01  -3.7274469e-01  -1.4821697e+00  -5.1898533e-01  -1.2826308e-01  -6.8328141e-01  -4.7561894e-01   8.5795763e-01   8.8811820e-01  -2.3112202e-01
  -1.2781922e+01  -1.8580999e+01   9.1085165e+00  -7.0320670e+00  -1.6295698e+00  -7.9828673e+00   1.6562919e+00  -2.1696533e+00   2.9848787e+00   6.9796101e-02  -9.1990151e-02   2.5739813e-02   5.5302850e-01  -3.0075508e+00  -1.7001618e-01  -7.5726757e-01  -2.2495313e+00   5.5919727e-01   1.2576159e+00   4.4988986e-01  -2.2704164e+00   3.3195635e-01   1.0237466e+00   2.4498852e-01
  -1.1030329e+01  -1.8797019e+01   1.1306497e+01  -3.7309662e+00  -4.4609984e-01  -8.8987589e+00   1.8304659e+00  -2.1947401e+00   1.2454860e+00  -1.0928718e-01   7.3055337e-01   3.0481886e-01   1.9735068e+00  -1.6424348e+00   1.8338997e+00   1.5778884e+00  -1.9665070e+00  -1.6534256e+00   7.6726251e-01   3.2281279e-01  -4.8730044e-01  -1.6022518e-01   6.3051983e-01   1.9003295e-01
  -1.2389054e+01  -2.0550619e+01   9.3554784e+00  -5.3148812e+00  -3.7448280e+00  -9.4445799e+00   1.4581380e+00  -1.7167887e+00   9.8993418e-01  -5.1666821e-01   1.0549274e+00   6.9581795e-01   4.0806930e+00   2.4271421e+00   2.6541197e+00   6.0113631e+00   7.9088157e-01   4.1659677e-01   2.2688354e-01   1.8574386e+00   1.3831702e-01  -8.8539125e-01   5.0864324e-01   1.4942350e-01
  -8.8880394e+00  -1.7415190e+01   1.3118430e+01  -4.6224934e-01  -6.7922927e-01  -9.4711393e+00   1.1537955e+00  -9.2941001e-01   2.9687319e+00  -2.3299606e-01   6.0604420e-01   1.7790925e-01   1.1346298e+00   7.0709076e-01  -7.1971694e-01   3.5469284e+00   2.0992686e+00   1.7089255e+00  -2.2544725e+00   1.1595925e+00   2.5837553e-01  -2.1011689e-01  -2.1925673e-01   1.5399531e-01
  -7.7320265e+00  -1.5631200e+01   1.2183730e+01   3.5061914e-01  -3.2668269e-01  -7.0717820e+00   2.3349524e+00  -1.6160339e-02   2.3307312e+00  -1.1964363e+00   7.3322929e-01   3.1332987e-01   1.1357249e+00   6.6507922e-01   4.8792140e-01   1.4691738e+00   4.7116605e+00   2.4265046e+00  -1.4888128e+00  -3.8690667e-01  -4.4283253e-01   2.3705639e-01  -7.2052347e-01   1.4482719e-01
  -1.1656898e+01  -2.0196092e+01   8.8127958e+00  -1.2433238e+00   9.9373042e-01  -7.5217696e+00  -1.9896501e+00  -1.3056655e+00   9.6265079e-01  -8.4578457e-02   5.6251735e-01   7.2705586e-01  -1.7168589e+00  -1.3763055e+00  -1.3618399e+00  -6.5573448e-01   2.8045938e+00   1.9527657e+00  -2.9034769e-01  -2.3124498e+00  -7.5067117e-01   6.3519010e-01  -6.2342846e-01   2.5688149e-01
  -9.3010377e+00  -1.8162549e+01   1.2240177e+01  -2.7205832e+00   2.4861830e+00  -6.7795079e+00   7.9664169e-01  -2.1090210e+00   1.3287260e+00  -2.3529243e-01  -4.0943371e-03   6.3848542e-01  -1.6969096e+00  -1.2921744e+00   1.4222776e-01   3.5285353e-01   2.5319849e+00   1.3444875e+00   1.2087877e+00  -3.4745026e+00   9.8247616e-01   1.0893555e+00  -6.6902074e-01  -4.9326369e-02
  -1.0678822e+01  -1.8213974e+01   1.1047446e+01   8.9750126e-02   2.1212286e+00  -6.6881277e+00   1.4874294e+00  -3.3516544e+00   2.3437278e+00   2.3921714e-01   3.9563324e-02   4.0065371e-01   1.5136712e+00   4.7477945e+00  -5.8323242e-01   3.2236935e+00  -9.0574425e-03   3.2731787e+00   3.2873343e+00  -1.8083811e+00   9.0965296e-01  -1.1519804e-01  -7.2121486e-01  -1.9994742e-01
  -1.0766429e+01  -1.8560521e+01   1.1279746e+01   2.1336248e-01   2.9075456e+00  -5.4718717e+00   2.4095943e+00  -4.2049198e+00   3.1139070e+00   2.7569912e-01  -8.8248033e-03   4.0254139e-01   2.3356753e-01   3.5605386e+00  -1.9529840e+00   1.9307639e+00   3.1503457e-01   1.8859142e+00   1.6863120e+00   1.2590007e+00  -2.9705008e-01  -1.0519267e+00  -3.3008972e-01  -3.0285976e-01
  -8.6536953e+00  -1.2875415e+01   8.4181628e+00   2.1252436e+00   7.6946297e-01  -3.2658196e+00   2.1348750e+00  -2.9702877e+00   1.4345397e+00  -5.1287129e-01  -5.1693971e-01   5.4510675e-01   4.0586917e-01   1.8018046e+00   9.0099585e-01  -2.0865957e+00   1.4660563e+00  -1.5124070e+00   2.2679854e+00   3.6840417e+00  -9.5986563e-01  -1.0412090e+00   2.6906361e-01  -6.2369455e-02
  -9.9632498e+00  -1.5491021e+01   1.0625343e+01  -8.4218403e-01   3.6346177e+00  -5.6617907e+00   3.0023868e+00  -4.1120326e-01   1.3377449e+00  -1.4371383e+00  -2.2097740e-01   1.1196927e-01  -1.2756987e+00  -1.1514817e-01   5.4607691e-01  -3.1835739e+00  -1.1452149e-01  -3.3926206e+00   2.0198332e+00   4.4731626e+00  -4.5533988e-01   4.3605614e-01   1.3482106e+00   9.0699860e-02
  -1.0471608e+01  -1.7046017e+01   1.2726141e+01  -2.5123701e+00   3.9567770e+00  -8.8617788e+00   4.5930112e+00   2.7754997e-01   1.7920104e+00  -4.6617770e-01   5.4923504e-01   4.5238559e-01  -1.8527640e+00  -1.7463272e+00   2.1067442e+00  -2.4846320e+00  -6.6126113e-01  -5.0672382e+00   1.7486477e+00   2.6463158e+00   8.0422273e-01   1.1420780e+00   1.3743185e+00   3.7046999e-04
  -1.1771021e+01  -1.6647942e+01   9.9448723e+00  -2.2431915e+00   1.1421063e+00  -7.7628230e+00   4.2102760e+00   8.8090537e-01   2.2521618e+00   9.0643653e-01   1.4804038e+00   5.8495176e-01  -7.3420678e-01   2.1261066e-01   1.0067956e+00   4.2631599e-01  -2.6245423e+00  -2.2041315e+00  -1.6202939e-01  -1.4579344e-01   6.0583385e-01   2.1269054e+00   1.0488588e+00  -7.7793764e-02
  -1.0528956e+01  -1.4916445e+01   1.1918514e+01  -9.0120064e-01   1.0238269e+00  -9.8161607e+00   4.1539020e+00   3.5313175e-01   2.1836654e+00   2.8458363e-02   6.9384741e-01   3.0917121e-01  -7.9020992e-01  -5.8788002e-01   8.4255143e-01   1.5385965e+00  -3.2554290e+00  -5.3240334e-03  -2.6770790e+00   3.5266265e-01  -5.8348332e-01   1.2740141e+00  -7.3068876e-02  -3.9085410e-01
  -1.1035886e+01  -1.6236891e+01   1.2539350e+01  -1.0082948e+00   1.1642792e+00  -8.4907970e+00   2.9788974e+00  -6.6768431e-01   2.0506682e+00   1.5059018e+00   1.2800047e+00   6.6885813e-02  -2.8694084e-01  -3.0037047e+00   2.3435929e+00   4.7174994e-01  -9.0397455e-01  -7.1078991e-02  -3.0342602e+00  -8.6656671e-02  -1.4257750e+00   1.4099906e-01  -8.2276711e-01  -2.1557635e-01
  -1.2024490e+01  -1.8133363e+01   1.2692730e+01  -8.2192370e-01  -9.3745295e-01  -8.5057778e+00   1.1930820e+00   1.5808388e+00   1.0175322e+00   1.1451108e+00   5.3983126e-01   1.2513742e-01  -6.6258114e-01  -2.7260468e+00   9.8264255e-01   1.4534104e+00   4.9799857e-01   3.0603551e-01  -3.1770805e+00   8.9011219e-02  -8.4224515e-01   2.3925512e-01  -3.6290228e-01   2.0506317e-01
  -1.1453665e+01  -1.9545041e+01   1.3073154e+01  -1.5752051e+00   7.6678445e-01  -8.5246329e+00   1.1392958e+00   1.3706684e-01   6.9656579e-01   5.5960891e-01   3.2326117e-01   3.5360414e-01   9.0680503e-01  -1.0200554e+00   2.3165194e-01   1.7028819e-01   1.9236391e+00  -2.3133433e-01  -1.0193460e+00  -1.0540943e+00  -4.4990510e-01  -1.5795718e+00  -1.2938044e+00   2.4677188e-01
  -1.1313938e+01  -1.7351440e+01   1.3125576e+01   1.5623701e+00   1.9695722e+00  -9.3401895e+00   3.0808209e-01   8.4272995e-02   1.5973488e+00   8.6048747e-01   6.2786575e-01   4.7340680e-01   3.5980828e-02  -6.9949047e-01  -2.3543845e-01  -1.2796913e+00   2.5735268e+00   9.1915504e-01   1.2195083e+00  -2.7277556e+00   1.1721207e+00  -1.0786734e+00  -4.4768585e-01   2.6103985e-02
  -1.0030954e+01  -1.8157935e+01   1.2670404e+01  -1.9450094e+00   2.5962253e+00  -8.4205927e+00   1.8923783e+00  -1.5005429e+00   1.0859022e+00  -7.2114429e-01  -7.0471924e-01   2.6290895e-01  -7.5349324e-01  -1.1355052e+00  -1.0793340e+00  -3.0613511e+00   1.1018743e+00   2.9197989e+00   1.1177737e+00  -2.5862375e+00   1.9181571e+00  -7.9811531e-01   2.2799435e-01  -1.4732405e-02
  -1.2681874e+01  -1.9876151e+01   1.2540947e+01  -2.5565584e+00   2.0081169e+00  -7.1790654e+00   2.6458031e+00  -1.6919897e+00   2.5810451e+00   1.6747723e-01   3.8229270e-01   2.0964099e-01  -1.4622718e+00  -3.2071837e+00  -2.0015869e+00  -5.4099419e+00  -2.2907743e+00   1.3947890e+00  -2.8048207e-01  -2.5862674e+00   1.1478026e+00  -9.2400065e-01   6.2903619e-01   1.7738726e-01
  -1.1899937e+01  -1.9985943e+01   1.1746468e+01  -4.1077674e+00   2.4003235e+00  -5.2254966e+00   1.6470959e+00  -2.8541580e+00   3.0819533e+00  -2.9105893e-01   7.8803923e-01   4.6338843e-01  -1.8917497e-01  -5.8634398e-01  -1.0739976e+00  -2.1848138e+00  -1.8002261e+00  -3.0063505e-01  -1.0853411e+00  -5.9167027e-01   7.9019425e-01  -7.7330669e-01   5.8433876e-01   2.7156449e-01
  -1.2572855e+01  -2.1248212e+01   1.0585164e+01  -5.4711637e+00  -1.3686383e+00  -8.8455539e+00   1.0000227e-02  -3.1183205e+00   2.3210272e+00  -7.4055619e-01   8.2504080e-01   6.3924795e-01   1.0355430e+00   1.9593039e+00   1.7261676e-01  -3.0356379e-01  -9.5350667e-01  -2.6416701e+00  -8.2736244e-01   1.8828849e-01  -2.2820175e-01  -1.5476272e+00  -7.7400712e-01  -2.7787800e-02
  -1.0369226e+01  -1.8351421e+01   1.2037299e+01  -3.7649275e+00   1.5842638e+00  -8.0383009e+00   1.5822681e+00  -1.6748829e+00   2.4012026e+00  -1.4270876e+00  -4.9585158e-02   4.5545220e-01   1.8238499e+00   3.5461281e+00   1.9697141e+00   2.7698492e+00   6.0716362e-01  -2.1291359e+00   1.8038569e+00   9.6853076e-01  -5.3602146e-01  -9.6931256e-01  -9.9573557e-01  -4.3912319e-01
  -1.1893915e+01  -1.7754456e+01   1.2654456e+01  -3.1833241e+00   9.8588673e-01  -9.7351683e+00   1.4371733e+00  -1.9991945e+00   2.5791179e+00  -1.5859493e+00  -3.5990579e-01   1.7192741e-01   3.5493044e+00   3.9906935e+00   1.4019217e+00   1.7161995e+00   1.9423974e+00   7.6224732e-01   3.9763964e+00   9.0839302e-01   5.6525464e-01  -7.8062838e-01  -6.4212928e-01  -6.0132551e-01
  -9.5036318e+00  -1.6413629e+01   1.3666393e+01  -1.0969134e+00   2.1338064e+00  -7.9743932e+00   3.6392946e+00  -1.9609248e+00   2.1488758e+00  -1.3223312e+00  -1.1309084e-01   3.8363925e-02   2.7571456e+00   2.3090023e+00   5.4397595e-01   1.6224538e+00   2.9351133e-01   7.5636377e-01   2.4530222e+00   1.5050989e+00   4.7195980e-01   1.2673610e-01   4.2571361e-01  -3.9899959e-01
  -7.6816954e+00  -1.6231068e+01   1.1873500e+01  -4.2308714e+00   1.2701865e+00  -7.7341368e+00   4.9460816e+00  -1.6127100e+00   3.2950725e+00  -1.9638770e+00  -1.0640028e-01  -5.4196175e-02   1.1029484e+00  -7.3882316e-02  -1.8159002e+00   9.0432950e-01   1.5395716e+00   7.0096880e-01   1.4201897e+00   1.5441468e+00  -4.6334508e-01  -2.0487074e-01   1.0026213e-01  -3.5497181e-01
  -8.3396177e+00  -1.5649612e+01   1.3243741e+01  -8.0747317e-01   1.8823809e+00  -7.9042710e+00   3.5073474e+00   3.8952318e-01   2.7511649e+00  -1.0480196e+00   4.6223250e-01  -2.9985398e-02  -2.7671459e+00  -2.4842981e+00  -2.6114745e+00   5.5455801e-01   1.2937634e+00  -1.9406116e+00  -2.0114034e+00   2.4662720e-02  -1.2713101e+00   3.0197138e-02   1.5975007e-03  -1.5285749e-01
  -1.0821499e+01  -1.8247288e+01   1.0141932e+01  -1.9715499e+00   3.4209568e+00  -8.7187762e+00   3.6334316e+00  -8.5819832e-01   1.5829556e+00  -2.0304112e+00  -4.9717426e-01  -3.2635564e-01  -5.2538526e+00  -2.8546690e+00  -2.9700691e+00   2.4371298e+00   4.1281503e-02  -1.6748939e-01  -2.0439019e+00   2.2594610e-01  -7.3107950e-01   1.0829064e+00   1.5941061e-01   2.0357439e-01
  -1.2084449e+01  -1.9131966e+01   1.0614965e+01  -1.3947371e+00   2.9990664e+00  -1.0392991e+01   1.2785145e+00  -2.3011866e+00   1.0979690e+00  -1.2437684e+00   8.4692404e-02  -5.4842578e-02  -2.7439318e+00  -1.8618594e+00  -2.2590765e+00   2.7989682e-01  -2.2159127e+00   1.1692063e+00  -1.6919865e+00  -2.5832085e-01   4.4280634e-01   6.2881086e-01   1.2532337e-01   5.1671214e-01
  -1.3690059e+01  -1.8771894e+01   8.7327842e+00  -2.8154482e-01   7.7376600e-01  -6.7410110e+00   2.9946451e+00   7.1564021e-02   3.0250512e+00  -2.4164300e-01   3.2148568e-01   2.6359400e-01   9.1590720e-01   2.2049968e+00   1.1177637e+00   2.1716540e+00  -3.2366879e+00   3.9698086e+00  -2.6429370e+00   4.6347393e-01   5.9451131e-01   9.5464387e-01   5.9378496e-01   7.7217409e-01
  -1.1021236e+01  -1.8180098e+01   1.0559700e+01  -1.2326305e+00  -1.1789277e-01  -7.1393442e+00   1.2887608e+00  -4.6283926e-01   2.6943267e+00  -9.9918745e-01   2.4088759e-01   4.5010799e-01   2.9104501e+00   3.3869449e+00   2.3906935e+00  -1.1422955e+00  -1.2269500e+00   3.4965733e+00  -1.6443053e+00   6.3316481e-01   3.5530765e-02   3.0043975e-01  -1.0552559e-01   4.7301624e-01
  -9.9792450e+00  -1.5415727e+01   1.1846210e+01   1.2048777e+00   1.2440458e-01  -4.3908866e+00  -3.3609714e-01  -1.0821611e+00   1.6765438e+00  -7.2073587e-01   3.1540559e-01   5.7943021e-01   2.7868607e+00   1.2854640e+00   2.6562499e+00  -3.2558401e+00   1.2080507e+00   2.4067968e-01  -1.7920166e+00  -1.6622045e+00  -1.9936605e+00   2.8473672e-01  -5.0122027e-01   7.7718448e-02
  -9.5741804e+00  -1.5729632e+01   1.2644293e+01  -3.8513916e+00   1.4833220e+00  -6.3231930e+00   4.7742768e-01  -7.7457682e-01   1.8255189e+00  -5.5356236e-01  -7.0555935e-02   4.9676368e-01   1.2001893e+00   5.1018377e-02   1.3795923e+00  -1.1633941e+00   2.9675423e+00   5.9895607e-02   4.9492995e-01  -1.4047357e+00  -1.7921745e+00   6.3801000e-01  -5.6303426e-01  -1.8272125e-01
  -1.0233295e+01  -1.8068931e+01   1.1674863e+01  -3.8559244e+00   1.7852347e+00  -6.7880671e+00   7.1228674e-01  -2.2658740e+00   4.6896434e-01  -3.7350461e-02  -2.7462297e-01   3.5684383e-01   1.0676818e+00  -2.3840951e+00   2.2459423e-01   4.9742890e-02   1.3709521e+00  -1.9395648e+00   2.2746182e+00  -1.8484457e+00  -1.4876314e-01   3.7941901e-01   3.3000837e-01  -1.1469214e-01
  -9.0939266e+00  -1.6776968e+01   1.2714762e+01  -4.4732058e-01   3.5030057e+00  -5.8509106e+00   1.5069638e+00  -1.9780864e+00   6.0985460e-01  -3.8386515e-01  -3.0864952e-01   2.8731931e-01  -8.9152216e-01  -2.9109321e+00  -1.7072344e+00   1.8155821e+00  -1.8871040e+00  -6.9291605e-01   3.5307459e+00  -1.8438181e-01   8.9715143e-01   4.1447163e-01   1.1617980e+00   2.7033167e-01
  -8.6178492e+00  -1.8468202e+01   1.2147866e+01  -4.2254344e-01   1.1709910e+00  -7.5363750e+00   2.5610622e+00  -3.2530749e+00   2.0612312e+00  -2.3645595e-01   9.2946494e-01   5.1211419e-01   2.4936257e-01  -2.9263655e-01  -8.4563988e-01   6.1526837e-01  -2.0983461e+00  -5.9684136e-01   3.1713203e+00   1.6350313e+00   9.9501520e-01   1.1218493e-01   1.2580718e+00   1.9894062e-01
  -1.1719187e+01  -1.9896395e+01   9.8469395e+00  -2.8447090e+00  -1.0402121e+00  -6.9884131e+00   4.8491588e+00  -5.5754908e-01   2.3751126e+00   1.6769784e-01   1.0700971e+00   8.2462601e-01  -1.0511748e+00  -7.9724817e-01  -1.2583770e+00  -2.0450023e+00  -2.4327254e+00  -2.3198113e+00   5.5701816e-01   1.2904787e+00  -1.1914097e-02   1.3782284e-01   6.4685019e-01  -3.8796614e-02
  -8.5466214e+00  -1.6948173e+01   1.1840314e+01  -1.7343276e+00   9.0932438e-01  -7.1145778e+00   3.7981697e+00  -5.2359562e-01   1.0788581e+00  -1.4485455e-01   9.2311136e-01   3.8660140e-01  -1.4726810e+00   4.4469621e-01  -8.9937309e-01  -1.6223796e+00   2.7616881e-01  -7.3407047e-01   5.4573314e-01   2.5894537e+00  -8.0314978e-01   5.1106196e-01  -2.8812466e-01  -5.0417695e-01
  -1.0706303e+01  -1.8732855e+01   1.0980973e+01  -2.8589320e+00  -1.5249154e-02  -9.5415262e+00   1.7239373e+00  -1.4071080e+00   1.0831700e+00  -2.2293159e-01   6.6480254e-01   2.9188078e-01   4.6723526e-01   2.2182954e+00  -5.4491518e-01   5.4562165e-01   2.6856763e+00   1.8830993e-01  -4.8940963e-01   7.0949164e-01  -8.5435603e-01   2.1574476e-01  -7.7883683e-01  -7.6165358e-01
  -1.1333313e+01  -1.8382927e+01   1.0231790e+01  -2.8490014e+00   1.0727627e+00  -7.3609242e+00   4.9422726e+00   1.0558850e+00   1.5024779e+00   7.2545170e-01   6.9992524e-01   2.2221370e-02   1.4931292e+00   3.5187908e+00   2.5022224e-01   6.5076334e-01   5.8284163e-01   6.6478764e-01  -2.8269939e-01   5.1356639e-01  -1.3304816e-01  -9.1237902e-01  -5.4265568e-01  -2.4905955e-01
  -9.6249881e+00  -1.5851574e+01   9.8338288e+00  -1.4689396e+00   2.9065833e+00  -6.5827751e+00   3.5429928e+00  -2.8305195e-01   8.8176869e-01   5.6161842e-02   1.3434927e-02  -1.3566435e-01   2.6018188e+00   2.5647695e+00   5.1950285e-01  -1.1760750e+00  -8.5128788e-01  -2.3628023e-01  -7.7294191e-01   1.4852434e+00   1.2442719e+00  -1.5737687e+00   1.1116149e-01   2.6319634e-01
  -6.8475849e+00  -1.3110627e+01   1.2789220e+01  -1.4531788e+00   3.2267061e-01  -7.5967719e+00   2.4645928e+00  -3.1527406e-01   9.7998656e-01  -1.6529698e+00   4.3481166e-01   2.2678465e-01   1.1852868e+00   6.2142799e-02   1.5248575e-01  -1.6338578e+00  -2.4607291e+00  -2.0216773e+00  -4.7762097e+00  -6.0999781e-02   3.1703132e-01  -2.2170586e+00   5.4941127e-02   5.4452074e-01
  -9.0464385e+00  -1.7521851e+01   1.0481512e+01  -5.3209557e+00  -9.1713493e-01  -9.7780227e+00   1.8033643e+00   1.5063367e+00   3.2108236e+00  -1.3943738e+00   9.6410156e-01   5.8439365e-01  -1.0994641e+00  -1.2909362e+00  -2.0068550e-01  -2.0983267e+00  -1.6054577e+00  -2.1902921e+00  -3.6945091e+00   8.0633942e-01   1.4237283e-01  -7.5679169e-01   1.3785195e-01   3.1526021e-01
  -9.8446574e+00  -1.7454575e+01   1.0136677e+01  -3.3737800e+00  -7.0647176e-01  -8.7958163e+00  -1.3522277e+00   6.9691066e-02   8.1349740e-01  -1.8748683e+00   3.0700361e-01   4.7897348e-01  -1.3149496e+00   1.2897149e-01  -1.9287482e+00   3.4835807e-01   2.1925472e+00   3.2864106e-02  -2.6445819e+00   1.3042495e+00  -9.9891694e-02   8.8537878e-01  -5.0144771e-01  -1.7827063e-01
  -9.7756480e+00  -1.5616005e+01   1.0859072e+01  -3.6561291e+00   1.0129679e+00  -9.2686911e+00  -9.0360602e-02   7.3397462e-01   1.1785725e+00  -9.6807643e-01   2.8411688e-01   2.1113155e-01  -6.6034487e-01   9.3697771e-01  -3.1216475e-01   2.7688812e+00   4.3437937e+00   1.9453719e-01  -7.8789769e-01   7.4755310e-01  -9.8481438e-02   9.9919324e-01  -4.9272473e-01  -2.9444209e-01
  -8.4554046e+00  -1.3870093e+01   9.7073176e+00  -1.7630550e+00   2.6464400e+00  -7.8021416e+00  -5.5541763e-01   2.0272811e+00   1.8462745e+00  -5.3805032e-01   2.2632432e-02   1.4600975e-01  -1.1495502e+00  -2.1527624e+00  -7.3000104e-01   2.4578676e-01   2.6925241e+00  -1.5751282e+00   7.0650486e-01   4.8663363e-01   1.3603779e+00   3.4211298e-01   5.4701556e-02  -1.7073488e-01
  -1.0731582e+01  -1.7908625e+01   1.0227945e+01  -1.9729965e+00   3.9220997e+00  -9.9830542e+00   2.2311276e-01   1.6488713e+00   2.5467128e+00  -5.6399297e-01   3.6720005e-01   3.0921239e-01   4.7806622e-01  -2.6451241e+00  -4.2560668e-01   1.9028373e-01  -2.5525078e-01  -3.7518443e-01   1.9265585e+00  -1.1085850e-01   1.4152416e+00  -2.5204307e-01   1.4476412e-01   1.0051708e-01
  -1.1091016e+01  -1.9537408e+01   9.3572390e+00  -3.8466661e+00   1.8777485e+00  -1.0801327e+01  -4.4920708e-01   3.4219318e-01   2.1699941e+00  -1.5637406e+00   3.4751436e-01   1.7383075e-01   7.0334428e-01  -2.1028232e+00  -4.3779074e-02  -2.5895060e+00  -3.2768317e+00   3.2930311e-01   2.7424632e+00  -1.7698780e+00   5.8204064e-01   1.3608630e-01   2.2865986e-01   1.5691746e-01
  -7.7407432e+00  -1.6750033e+01   1.0395701e+01  -2.3288979e+00   1.0144375e+00  -8.3318750e+00   2.7463719e+00   1.4102309e+00   3.1395752e+00  -8.3329591e-01   3.3882209e-01   3.4799666e-01   9.3006883e-01   1.6524795e+00   2.5025430e+00  -1.0223601e+00  -1.6685731e+00   1.6533715e+00   1.3317240e+00  -3.1837988e+00   7.6724438e-02   2.0351873e+00   1.0281417e-01   1.0191875e-01
  -8.8958077e+00  -1.7603623e+01   9.5577708e+00  -5.4693632e+00  -8.1497636e-01  -8.1337765e+00   2.2966476e+00  -5.0821566e-01   2.4229043e+00  -1.9926940e-01   3.7981120e-01   3.6199379e-01  -3.7880952e-02   1.7744092e+00   2.3694381e+00  -1.2174296e+00   1.9092588e+00   3.3700515e+00   1.4691375e+00  -2.5239768e+00  -9.1923445e-01   2.0918262e+00  -1.1246148e-01   1.3469358e-01
  -1.0434083e+01  -1.6396798e+01   1.3881494e+01  -2.6951881e+00   2.7656024e+00  -8.8367722e+00   8.4777144e-01  -2.7016225e+00   2.5353444e+00   1.8065524e+00   5.0527288e-01   3.6800900e-01  -2.9701721e+00  -1.6901153e+00  -1.7002214e-01  -2.4848227e+00   4.2944851e+00   3.2054873e+00   5.3170296e-01  -1.9102215e+00  -2.0704396e+00   9.5307226e-01   2.2219122e-01  -7.1868897e-02
  -9.8011672e+00  -1.7052412e+01   1.1168500e+01  -5.4896654e+00   3.8660543e+00  -5.4938012e+00   2.7037995e+00  -1.3878453e+00   1.0932578e+00   2.5407464e-01   9.5596738e-02   3.6586495e-01  -6.6850970e-01   1.8716657e+00  -8.8713941e-01   2.5265546e+00   3.2533108e+00   4.1342325e+00  -5.0238757e-01   1.5683014e+00  -1.9655345e+00  -3.4250878e-01   4.5367552e-01  -1.5329714e-01
  -1.1743322e+01  -1.9560812e+01   9.3353034e+00  -6.0459808e+00   5.1156497e+00  -4.8436317e+00   3.3403504e+00  -1.0152866e+00   6.9873896e-01   3.6964047e-01   8.1421615e-01   2.3825774e-01  -2.0064204e-01  -1.0689766e-01  -3.5747610e+00   2.4085526e-01   2.3825527e+00   3.4183983e+00  -2.1974233e-03   2.9165238e+00  -1.0427172e+00  -1.1592048e+00   5.6222603e-01  -2.0433743e-01
  -9.2439529e+00  -1.3214118e+01   1.0500157e+01  -4.1350018e-03   2.8899662e+00  -3.9289980e+00   2.9677679e-01   1.0010685e+00   3.9290535e-01   5.4234051e-03   9.0585285e-01   1.9692371e-01   3.8545050e-02   1.2775764e+00   1.3895777e+00   2.0951863e+00   2.2167352e+00   1.3668885e-02  -1.2935821e+00   1.6843803e+00   1.6363918e+00  -9.1994836e-02   3.9114136e-01   6.0674068e-02
  -1.1013653e+01  -1.8476292e+01   8.8535237e+00  -5.0766705e+00   6.8274755e+00  -4.4915763e+00   2.0479866e+00   4.7870628e-01   1.3214447e+00   1.9207077e-01   9.4348387e-01   1.4597348e-01   3.4401919e+00   3.0208951e+00   3.4759657e+00   1.4646463e+00   4.0727172e+00   6.7211270e-02  -5.3243182e-02   2.9892437e-02   3.0839564e+00   2.0361218e-01  -5.4638428e-01   2.7555532e-01
  -1.0108184e+01  -1.5678307e+01   1.3493756e+01  -2.8315411e+00   6.3352442e+00  -5.6493256e+00   1.4096081e+00   3.9172877e-01   3.2364927e+00   2.0486723e-01   6.1767492e-01   5.0301819e-01   2.1093423e+00   3.7743657e-01   4.5515606e+00   3.8283824e+00   6.0269369e+00   4.3952041e-01   2.3668981e+00  -7.0031904e-01   3.5852151e+00   6.3555990e-01  -7.1836406e-01   3.2479970e-01
  -6.1509183e+00  -1.3797375e+01   1.3052452e+01  -2.4353084e+00   9.5020865e+00  -3.8826510e+00   2.7040699e+00  -6.6577804e-01   3.9028799e+00   5.7533682e-01   1.3872869e-01   4.9854348e-01   2.3139205e+00   1.3972193e+00   4.7143699e+00   6.4625678e+00   4.3765526e+00   5.8005709e-01   3.2921914e+00   1.9402691e+00   4.0954191e+00   1.3417489e+00  -2.7652820e-01   1.5573467e-01
  -8.5113069e+00  -1.4987422e+01   1.5228034e+01   4.4177575e+00   1.0593066e+01  -3.5741800e+00   3.5190824e+00   5.2283208e-01   4.4800104e+00   7.6713023e-01   2.3068435e-01   5.0783826e-01   1.8459003e+00   1.2015294e-01   1.8716426e+00   3.4441838e+00   1.8127854e+00   1.2353049e+00   2.0886325e+00   3.5971567e+00   2.5694262e+00   1.1577493e+00  -2.3648836e-01  -3.7304608e-02
  -8.3412108e+00  -1.6725905e+01   1.5057940e+01   9.9253192e-01   1.1263394e+01  -4.6590635e+00   5.9315366e+00   3.3235583e+00   6.8428146e+00   1.9235627e+00   7.2218686e-01   3.7716545e-01   1.2790031e+00   5.2764075e-01   1.1669472e+00  -1.8028716e-01  -2.2624135e+00   5.9003416e-01  -1.2154757e-01   3.8332511e+00   1.1672866e+00   8.0500151e-01  -2.8058758e-01   6.6075838e-02
  -6.2441871e+00  -1.4033813e+01   1.5298476e+01   6.2081452e-01   8.1737689e+00  -3.4081620e+00   2.9288235e+00   3.7927956e+00   5.6206647e+00   1.2673783e+00  -2.8786704e-02   5.0775029e-01   2.1613105e+00   4.0030928e+00  -2.1967377e+00  -1.7668841e+00  -5.3389072e+00   3.8578782e+00  -1.7117299e+00   1.4556797e+00  -1.6263087e+00  -4.2259002e-01  -9.2827139e-01  -1.8081986e-01
  -5.3659736e+00  -1.3482718e+01   1.4767652e+01  -8.0726760e-01   7.3181149e+00  -3.0806088e+00   2.8168780e+00   3.4491168e+00   5.0834827e+00   1.5327150e+00  -1.5241716e-01   5.9770122e-01   2.0224853e+00   3.6593892e+00  -2.1828221e+00   4.7664587e-01  -4.6216183e+00   2.4602096e+00   3.5179979e+00  -2.1936879e+00  -2.2186540e+00  -1.3801383e+00  -8.9771484e-01  -1.3400469e-01
  -6.7569598e+00  -1.0604376e+01   1.2078071e+01   2.6673311e+00   4.5573447e+00   1.4234099e+00   2.5088168e+00   2.6435723e+00   2.9202133e+00   3.2866900e-01  -7.2442073e-01   1.2634059e-01   1.5639650e+00   9.9205042e-01  -2.5098475e+00  -3.2274616e-01  -1.2874099e+00   8.1897511e-02   9.7974504e+00  -2.8377673e+00  -1.5411584e+00  -1.8693217e+00  -3.0667337e-01  -1.5288225e-01
  -5.0510965e+00  -1.2951540e+01   1.3393909e+01   6.8424242e-01   6.1391782e+00  -3.3845351e+00   1.1418537e+01   6.0763808e-01   4.8650594e+00   3.2270988e-01  -2.7656838e-01   3.6686327e-01   1.2139105e+00   8.4214181e-01  -4.3328309e+00   3.4881242e-01   1.7499965e-01   5.0016134e-01   9.9802908e+00  -3.9174982e-01  -2.0743679e+00  -2.0314228e+00   1.4778841e-02  -2.0008979e-01
  -4.0556781e+00  -1.2811326e+01   1.2220576e+01  -6.0905972e-01   6.8321224e+00  -3.1333526e+00   1.3324170e+01   9.5688398e-01   3.4181387e+00  -9.3160158e-01  -4.2672115e-01   3.9384589e-01   3.8246546e+00   4.0956109e-01  -1.0767342e+00  -4.9917793e+00   1.1771410e+00  -2.6191613e+00   2.9686006e+00  -2.5756564e-02  -1.7008022e+00  -1.1095925e+00   1.0325490e+00   3.1924750e-01
  -4.8957487e+00  -1.1116030e+01   8.1971528e+00   1.3541465e+00   6.4432255e+00  -5.1985504e-02   1.2379638e+01   3.7048363e+00   1.7229682e+00  -8.8428392e-01  -2.7909868e-01   1.6381389e-01   3.4635145e+00   2.6318592e+00  -3.7106913e-01  -5.7422346e+00  -5.2018056e-01   8.0536018e-01  -4.3317919e+00   9.5607693e-01  -3.0098929e+00  -6.5490941e-01   1.0579543e+00   2.9827280e-01
  -1.0976519e+00  -1.0907789e+01   1.3061348e+01  -5.1552898e+00   6.1710324e+00  -4.1716068e+00   6.4811672e+00   1.0563384e+00   1.9400555e+00  -7.3222282e-01   8.2566787e-01   7.0673653e-01   3.2124064e+00   2.3972496e+00   9.7752338e-01  -5.5655312e+00   1.2077604e-01   9.0608509e-01  -5.5589038e+00  -6.3905199e-01  -6.8817139e-01  -1.0980214e-02   6.4699254e-01   2.1895946e-01
  -1.3348379e+00  -9.9555197e+00   1.2416920e+01  -5.6559945e+00   5.6894523e+00  -1.6573677e+00   8.3423503e+00   1.9920263e+00   1.0892616e+00  -7.5934361e-01   6.8416857e-01   6.5782714e-01   3.3423950e+00  -3.0769153e-01   8.5550977e-01  -1.6459944e+00   1.1726050e+00   7.2118270e-02  -2.7764179e+00  -2.7098630e+00  -1.5521510e-01  -8.6951777e-02   3.7459150e-01  -7.1655336e-02
  -1.0175239e+00  -9.7957070e+00   1.1576978e+01  -5.4522860e+00   7.3901731e+00  -9.7153386e-01   7.0044577e+00   8.5471099e-01   2.7027349e+00  -1.0105421e+00   6.2134038e-02   4.7527845e-01   1.6329845e+00  -1.9696034e+00  -3.3781293e+00   4.4187950e+00   9.2007720e-01   1.6966055e+00   8.7088917e-01  -1.5298763e+00  -3.9301506e-01  -5.5416539e-02  -2.3950800e-01  -5.0648194e-01
   7.7779813e-02  -1.2133609e+01   1.0222603e+01  -9.6634712e-01   7.5925626e+00  -1.5438446e+00   7.9533656e+00  -2.5914450e-01   1.1088058e+00  -8.7555197e-01   6.6455549e-01   1.7205993e-01   1.7476376e+00  -2.5195817e+00  -3.8960067e+00   5.2823627e+00  -1.9496351e-01  -1.4145136e-01   2.1386199e-01  -8.1964124e-01  -6.5537583e-01   1.0977492e-01  -2.3071284e-02  -3.5925662e-01
   6.4551605e-01  -1.2773150e+01   9.0913128e+00  -8.7192098e-01   6.5995931e+00  -1.6834601e+00   7.9819933e+00  -1.1289072e-01   1.3407608e+00  -7.5724345e-01   4.7621241e-01   1.8989722e-01   3.2953707e-01  -6.8620404e-01  -1.6673072e+00   2.2472983e+00  -4.5150687e-01  -6.0247400e-01   3.4975038e+00   5.5275189e-01  -4.5549525e-02  -7.4327430e-01  -6.8390625e-02  -8.2558631e-02
   4.5509863e-01  -1.2246171e+01   7.8157421e+00  -2.2632898e-02   5.7922971e+00  -1.5135816e+00   8.1743755e+00   1.2463653e+00   7.8718487e-01  -7.2133054e-01   4.4252245e-01   2.6163282e-01  -2.5548577e-01   2.1341281e+00   8.7945243e-01  -1.2071489e+00   4.3824434e-02  -1.0130102e+00   3.9695313e+00  -1.4519429e-01   1.1402287e+00  -1.3976552e+00  -7.7058899e-01   1.3774919e-01
  -7.1187771e-01  -1.0768732e+01   1.0279447e+01  -2.5531957e+00   7.6130456e+00  -1.8903763e+00   1.2140209e+01   9.3108394e-01   2.7952211e+00  -2.2025642e+00   7.0564618e-02   3.0665406e-01  -8.2212585e-02   2.9888092e+00   2.2363001e+00  -1.4891681e+00   8.1616347e-01  -1.4465242e+00   2.8194664e+00  -2.1155592e+00   1.2446349e+00  -7.7800453e-01  -5.1940794e-01   9.9221002e-02
   3.7324804e-01  -9.9346255e+00   1.0947714e+01  -1.9364330e+00   7.1515730e+00  -2.9599017e+00   1.1828555e+01  -9.9892327e-01   2.0919188e+00  -2.2493745e+00  -2.8850409e-01   3.2030530e-01   9.4356970e-01   2.1018333e+00   2.6036396e+00  -1.5509049e+00   1.0174784e-01   3.7095413e-01  -7.1877573e-01  -1.7015027e+00   7.2928732e-01   5.8900504e-01  -5.5581426e-01   1.7921718e-02
   5.6312247e-01  -9.4457086e+00   1.0879777e+01  -2.1487731e+00   7.1442003e+00  -3.1300863e+00   1.0384103e+01  -2.1635852e+00   2.5553463e+00  -1.1602283e+00   6.2613778e-02   3.0939249e-01   2.4268882e+00   1.9262740e-01  -5.0308351e-02  -2.3065420e-01  -1.0757258e-01   1.3447290e+00  -5.9340645e+00   5.9029472e-01  -6.5878137e-01   1.5022648e+00   9.8782175e-02   1.7733938e-01
   1.2329531e+00  -9.7549325e+00   1.1421037e+01  -2.5512016e+00   6.1793415e+00  -3.3729541e-01   7.9742646e+00   2.4144579e-01   2.0010533e+00  -3.5899095e-01  -3.8722351e-01   2.8714618e-01   2.3299245e+00   4.3849056e-02  -1.3283918e+00  -7.1214754e-01  -9.8104465e-01   1.6115734e+00  -6.1839206e+00   3.4972647e+00  -5.7806833e-01   5.9657284e-01   1.7547772e-01   3.8693385e-01
   2.4986021e+00  -1.0569637e+01   9.9673234e+00  -2.5917927e+00   7.9378025e+00  -1.1845861e+00   5.1662570e+00   1.1963415e+00   1.8524818e+00  -8.9435879e-01   2.6809759e-01   5.8924268e-01   1.9067173e+00   7.4373859e-01  -2.4850699e+00   3.0036378e-01  -1.6722272e+00   2.0023171e+00  -4.3497475e+00   4.2168729e+00  -6.6286723e-01  -1.3412380e+00  -3.1875615e-01   5.3542809e-01
   2.9003949e+00  -9.3068875e+00   9.4113531e+00  -2.7831445e+00   5.2832050e+00  -1.5152918e+00   5.1615972e+00   2.5670104e+00   1.5762485e+00  -1.4874499e+00  -1.2802942e-01   7.6078097e-01   7.4818514e-01   2.0002301e+00  -3.0319482e+00   2.2193556e+00  -1.7488843e+00  -9.6745356e-01  -1.6890317e+00   3.3219596e+00  -6.2993117e-01  -5.7034807e-01   1.3980429e-01   2.9253585e-01
   2.5894776e+00  -8.5541232e+00   8.1570138e+00  -1.5822560e+00   5.0839277e+00   4.6238750e-01   5.2658156e+00   2.9989418e+00   1.7734478e+00  -2.6078558e+00  -5.4511750e-01   8.7571723e-01   5.1266257e-01   1.2674114e+00  -7.5679487e-01   1.9427292e+00   1.3852129e-01  -1.7531197e+00   9.1604814e-01   8.7293300e-01  -4.1024311e-01   3.5025382e-01   7.6937071e-02  -2.1171479e-01
   2.3097931e+00  -7.7623444e+00   7.7782693e+00   2.7306342e-01   4.9829525e+00  -2.6119625e+00   5.3909377e+00   4.3230850e+00   1.0956735e+00  -3.5776457e-01   2.2909047e-01   5.8271269e-01   6.6931174e-01  -2.3170503e-01   1.5432147e+00   1.1890429e+00   2.2966257e+00  -2.3733490e+00   1.7394809e+00  -9.2874127e-01   2.7737526e-01  -1.4921438e-02   5.0591128e-01  -3.4595994e-01
   3.5628969e+00  -9.4407918e+00   9.6486730e+00  -1.2058029e+00   8.2957107e+00  -3.2659302e+00   6.4256590e+00   1.6277037e+00   1.4774046e+00  -9.3382074e-01   2.0494325e-01   3.6070464e-01   1.5380435e+00  -1.6406076e+00   2.0369111e+00   7.8470357e-01   7.1129414e-01   9.9196420e-01  -5.4834562e-01  -2.8660872e+00   1.8195244e+00   1.9709387e-02  -3.2791464e-01  -6.5950361e-02
   3.4176529e+00  -9.2111108e+00   1.0980346e+01  -1.1878067e+00   7.1222520e+00  -3.2111564e+00   7.1908969e+00   1.8595176e+00   2.1403330e+00  -2.3468496e+00   2.5580713e-01   4.9934735e-01   1.5506408e+00  -1.0877094e+00   1.1580017e+00   2.1950838e-01  -2.3107223e+00   5.8170951e+00  -4.9341867e-01  -2.9795132e+00   2.0901768e+00  -1.8227073e+00  -1.3065201e+00   4.7000515e-01
   4.3426130e+00  -1.0290651e+01   9.6113422e+00   3.2523445e-01   5.0812191e+00   2.2499308e+00   3.5433176e+00  -6.8405232e-02   3.9804046e+00  -1.5837492e+00  -1.0503478e+00   8.1847436e-01   1.1067153e+00   1.3715688e-01  -8.5087090e-01   4.0111680e-01  -4.0762005e+00   7.2497128e+00  -4.4451142e-01  -1.9238984e+00   1.5856951e+00  -1.2639175e+00  -1.2943533e+00   6.2887431e-01
   4.2458963e+00  -8.9689786e+00   9.5339372e+00  -1.6319266e-01   3.1241148e+00   3.3557497e+00   6.0919804e+00   7.0186971e-01   2.9794387e+00  -2.7668613e+00  -1.1030442e+00   1.0588356e+00   1.7713490e+00   7.8336989e-01  -2.3384793e+00  -9.1194937e-01  -7.7866055e-01   3.3452005e+00   4.7990048e-01  -7.6647838e-01  -4.0032795e-01  -9.8930332e-01  -1.2137476e-01   1.0341481e-01
   4.8088482e+00  -9.3561225e+00   9.0955709e+00  -1.1164347e+00   4.1804785e+00   4.3251860e+00   6.3083501e+00  -6.7931995e-01   3.4363945e+00  -2.6196912e+00  -1.0571611e+00   1.0242720e+00   1.9953649e+00   1.1522838e+00  -8.8090687e-01  -2.8984048e+00   2.8346962e+00  -2.3585366e+00   2.8018213e+00   1.5199015e-01  -1.8355170e+00  -1.2375719e+00   1.3504346e+00  -3.6010104e-01
   5.8415587e+00  -8.5033204e+00   7.7305123e+00  -1.8348962e+00   6.4046315e+00   7.6901676e-01   6.5282314e+00   1.0152574e+00   1.8118461e+00  -3.3128336e+00   7.7151625e-02   5.5157074e-01   1.4098052e+00   2.3713711e+00  -1.2664158e+00  -1.9112276e+00   1.3870507e+00  -2.8817511e+00   1.2691023e+00   1.5784934e+00  -2.3402119e+00  -8.2439524e-01   1.5176431e+00  -2.8304663e-01
   6.5378292e+00  -8.7950549e+00   9.1916944e+00  -3.1865209e+00   7.6930051e+00   5.4923817e-03   7.5279240e+00   2.8861578e-03   1.8109255e+00  -3.1671209e+00   3.8520617e-01   5.3195521e-01   8.8071897e-01   9.8715146e-01   8.8429584e-01  -4.3574406e-01  -1.3431512e-01  -2.7050740e+00   1.7930866e+00   2.3394022e+00  -3.4385781e+00   3.0705284e-01   8.3873038e-01  -1.2846253e-01
   5.4961136e+00  -5.6924558e+00   7.5862518e+00  -1.9949909e+00   3.4484275e+00   1.1929698e+00   7.3858468e+00   2.7285068e+00   2.8185541e-01  -3.7297393e+00   4.5223684e-01   8.8042401e-01   3.8664849e-01  -4.9268131e-01   1.2808332e+00   6.2995768e-01  -2.4751326e+00   3.9776008e-01   1.0506844e+00   1.0012511e+00  -2.7447207e+00   1.5910252e+00  -4.2888705e-01   1.9126010e-01
   6.3026492e+00  -9.2808276e+00   1.0494145e+01  -1.6900034e+00   5.4571078e+00   5.5598448e-02   8.5691722e+00   1.9731586e+00  -9.5647730e-01  -1.9506590e+00   1.3391899e-02   6.6715156e-01   3.6450930e-01  -1.3029604e+00   7.6458982e-02   1.3023806e+00  -2.2724286e+00   8.3740192e-01   7.0769329e-02   9.9386650e-01  -1.8490724e+00   1.8857955e+00  -1.0234025e+00   5.9078229e-02
   6.5391214e+00  -8.9994560e+00   9.0005369e+00  -1.6382184e+00   3.8098812e+00   1.3406038e+00   7.5836338e+00   1.5319978e+00  -9.2153355e-01  -1.5345267e+00  -3.8027182e-01   7.7086272e-01  -2.2482568e-01  -7.9972786e-01  -9.0157653e-01   5.6267617e-01   5.7155235e-03   2.3557581e+00  -7.1659465e-01  -9.1433488e-01   2.5059266e-01   8.4894342e-01  -1.1944576e+00  -1.9602802e-01
   6.5630892e+00  -9.0959954e+00   8.5992403e+00  -1.4113362e+00   4.1036353e+00   1.1877782e+00   7.5351845e+00   2.0919404e+00  -3.6098870e-01  -1.4360340e+00  -7.3364320e-01   6.7535320e-01  -4.6317821e-01   1.3938615e+00  -2.1432941e+00  -1.8210406e+00   5.9816628e-01   2.9936341e+00  -1.3558118e+00  -9.2842990e-01   1.6425089e+00  -5.8777617e-01  -2.1628050e-01  -2.6027001e-01
   5.0286551e+00  -6.9844637e+00   7.1813393e+00  -1.2903102e+00   4.1337371e+00   4.1605171e+00   6.8279487e+00   1.2976136e+00   3.6000010e-01  -2.7136367e+00  -9.6593208e-01   5.8228116e-01  -7.4248584e-01   1.3617560e+00  -1.0855066e+00  -1.5556266e+00   2.1205046e+00   2.5155034e+00  -1.9897326e+00  -9.4293664e-01   1.4131224e+00  -3.9640035e-01   3.7365984e-01  -4.2058640e-01
   6.3631151e+00  -8.1975315e+00   8.1888026e+00  -4.5955185e+00   6.1924293e+00   3.1360930e+00   6.9132971e+00   6.9770591e-01   8.6651916e-01  -2.2427683e+00  -1.8198727e-02   3.7103732e-01   4.6605299e-01   5.0662795e-03  -8.2422944e-01  -1.0454214e+00   3.9357055e+00   1.6748560e+00  -2.6689091e+00  -1.5783792e+00   1.5128693e+00  -4.2374516e-01   6.7454605e-01  -3.9809311e-01
   5.5253797e+00  -7.4060540e+00   7.5774959e+00  -2.3795672e+00   5.9462411e+00   4.1397016e+00   4.9099786e+00   8.1471012e-01   5.8439606e-01  -1.7257601e+00  -1.7750430e-01   2.9214106e-01   1.4868964e+00   2.1250047e-01  -1.4649287e+00  -3.1561111e-01   2.6210246e+00  -1.4462162e+00  -4.6295532e+00   1.4368100e-01   7.4892535e-01   7.7514552e-01   5.3790414e-01   7.0460348e-02
   7.0138063e+00  -8.8776008e+00   7.1648178e+00  -2.4348398e+00   9.1009416e+00   3.7104700e+00   4.4908060e+00  -3.4176651e-02   1.7961172e+00  -2.5655901e+00  -1.1603801e-01   2.2328359e-01   1.4317057e+00   1.1489345e+00  -1.6913254e+00   1.1828894e+00   1.8771309e+00  -1.8300305e+00  -4.2661684e+00   8.0280986e-01   8.9781337e-03  -3.1306300e-01  -1.1464484e-01   3.4019027e-01
   6.9336541e+00  -6.3256783e+00   5.4959386e+00  -2.8440662e+00   6.6110178e+00   1.7040042e+00   1.0948645e+00   1.8790764e+00   1.0185891e+00  -1.3895076e+00  -1.1015622e-01   7.6184855e-01   1.8970727e+00   8.3878047e-01  -4.5243761e-02  -9.5969134e-01   2.1730694e+00  -2.4210184e+00  -1.5888371e+00   8.0346135e-01  -1.0757423e+00  -6.9437551e-01   2.7907525e-02   3.8973800e-01
   7.8065364e+00  -7.0143176e+00   6.6925930e+00  -2.5889349e+00   8.6757373e+00   1.6088958e+00   2.4216016e+00   1.3697376e+00   6.6288984e-01  -2.8804890e+00  -2.2384003e-01   6.4646899e-01   8.2432041e-01   3.2102843e+00  -1.5653632e+00   2.8771571e+00  -3.2162219e+00   1.6189545e+00   1.0877182e+00  -3.7823511e-01  -1.5247562e+00   1.1932815e+00  -1.7475539e-01   4.3659477e-02
   7.9746237e+00  -7.0795249e+00   7.7457426e+00  -3.7420567e+00   9.4184473e+00   1.5589611e+00   3.5613250e+00   1.3179450e+00  -4.6260375e-01  -2.6098738e+00  -8.1742004e-02   6.6515536e-01   2.2132438e+00   1.7796591e+00  -8.4169288e-01   8.8901389e-01  -3.9499421e+00   4.0090983e+00   5.6860385e+00  -4.1077803e+00  -1.3464899e+00   1.0308263e+00  -2.0852128e-01  -2.4435070e-01
   7.7298022e+00  -3.6852511e+00   3.6918711e+00   2.3298910e+00   2.8728939e+00   6.2114233e+00   4.8891529e+00  -3.2096365e-01   2.4957930e-01  -1.6548470e-01  -3.9237820e-01   3.3711940e-01   2.2075801e+00   1.7555129e+00  -2.3756144e+00  -9.9943698e-01  -5.6844731e+00   4.2344444e+00   4.9082746e+00  -4.3228569e+00  -1.1547866e+00   1.9550311e+00  -1.9478271e-01  -1.4709446e-01
   1.0291887e+01  -5.3207230e+00   5.7337603e+00  -3.9699583e+00   3.5875263e+00   5.4163880e+00   8.3901466e+00  -3.4372435e+00  -7.9449042e-01  -1.2007703e+00  -3.3866905e-01   5.4999730e-01   2.8016270e+00   1.1415628e+00  -1.8832793e+00  -4.5489826e+00  -3.7261336e+00   2.1069773e+00   1.6329796e+00  -3.3482109e+00  -7.5615429e-01   7.2313883e-01   3.2796644e-01   1.3035477e-01
   9.9592750e+00  -5.2604493e+00   4.1351626e+00  -3.9741395e+00   3.0644881e+00   6.0318490e+00   7.3696027e+00  -2.7369536e+00  -9.0334673e-01  -6.5249415e-01  -3.8755058e-01   4.8340633e-01   2.0577847e+00  -9.2399341e-01  -1.3260388e-01  -7.9913995e+00   2.5338049e+00  -1.1582006e+00  -1.1391696e+00   1.0512461e+00  -1.0472995e+00  -1.2350254e+00   8.4732040e-01   1.2370340e-01
   1.1062328e+01  -4.5795817e+00   4.6991779e+00  -7.4135152e+00   3.7334498e+00   4.8092142e+00   4.7705695e+00  -2.4963763e+00  -1.0203722e+00  -1.2816609e+00   4.0779385e-01   7.8754406e-01  -4.0583189e-01   1.3434893e+00  -1.9958334e+00  -1.2675024e+00   2.5168261e+00  -2.4740640e-01  -3.8721989e+00   4.6662243e+00  -9.1725097e-01  -8.8153922e-01   6.4604049e-01   1.4702540e-02
   1.0431259e+01  -5.4418118e+00   4.0102564e+00  -7.9354298e+00   6.6006396e+00   4.7777092e+00   4.9901870e+00   7.8547187e-01  -1.2084291e+00  -1.9775775e+00   5.0537095e-01   4.0390112e-01  -1.5755437e-01   1.3091420e+00  -1.6788357e+00   9.2807789e-01   3.8054115e+00  -1.9086347e+00  -2.8168831e+00   5.6906141e+00  -9.8264992e-01  -1.2330244e+00   4.8304317e-01   5.0705476e-02
   9.4471471e+00  -3.2148077e+00   2.8024632e+00  -3.8905667e+00   5.5946897e+00   5.6723483e+00   3.7715561e+00   1.8008802e+00  -2.0178257e+00  -1.8605374e+00   1.8393091e-01   6.1180372e-01  -1.6029420e+00   1.9758642e+00  -3.8476714e+00   5.7045694e+00   3.4838154e+00   8.3852975e-01  -1.1940755e+00   5.0414392e+00  -9.9803319e-01  -1.8756660e+00  -7.8344147e-01  -4.1795286e-02
   1.0530534e+01  -3.9791233e+00   2.5652664e+00  -4.3434970e+00   7.8419853e+00   2.7373300e+00   3.6437848e+00   3.6503393e+00  -1.8785949e+00  -2.2125924e+00   4.4894564e-01   6.4733471e-01   1.2135690e+00   1.1474662e+00  -2.8056920e+00   4.0654040e+00   3.0997526e+00  -9.9071172e-01  -2.3629774e+00   1.4772986e+00  -2.5320149e-01  -1.1293606e+00  -4.1600308e-01   3.1779044e-01
   8.6082774e+00  -2.3471296e+00  -3.4983419e-01  -6.5262752e-01   8.3385001e+00   7.0871985e+00   3.6526574e+00   3.6333488e+00  -2.1823391e+00  -3.9776525e+00  -7.3915570e-01   6.0313433e-01   2.1512354e+00  -2.1657758e-01  -1.4823321e+00   1.0932507e+00   1.7842489e+00  -1.4936487e+00  -1.2392607e+00  -2.8138997e-01   3.6731089e-02  -1.0971758e-01   3.7800732e-01   2.5371117e-01
   1.2671047e+01  -4.1544516e+00   1.3778672e+00  -3.4562935e+00   9.8783633e+00   2.5842165e+00   1.5051702e+00   2.0851855e+00  -1.5059746e+00  -2.6130609e+00   3.4290964e-01   8.8492148e-01   2.0852133e+00   8.6324176e-01  -1.9592214e+00   1.2385938e+00  -8.9460854e-01   3.3697759e-01  -1.3114217e+00  -2.8555393e+00   2.7003674e-01   1.0697937e+00  -4.6806808e-02   2.6188256e-01
   1.1603743e+01  -3.4520100e+00   1.1726648e+00  -2.6942924e+00   7.2528741e+00   3.5084319e+00   2.9819724e+00   2.1613722e+00  -2.1490392e+00  -1.8248795e+00   8.0395989e-01   8.7357708e-01   1.4490199e+00  -7.2003252e-01   4.7659241e-02   1.0970757e+00  -3.4689161e+00  -1.1646563e+00  -2.5634244e+00  -2.4953557e+00  -2.5047158e-01   2.8468549e+00   6.6874765e-01  -2.2790802e-02
   1.2160621e+01  -2.1318205e+00  -1.1348151e+00  -1.4647738e+00   7.0428855e+00   5.0321797e+00   2.0119948e+00   1.0301861e-01  -1.4901897e+00  -1.6842884e+00  -3.9282237e-01   9.0493717e-01   6.6670103e-01   3.1104343e-01   2.4878173e-02   3.1543918e-01  -2.7143736e+00   7.1057922e-01   9.1199123e-01   8.9075577e-01  -2.4088079e+00   4.6105335e-01   2.0644567e-01  -2.3958522e-01
   1.1037021e+01  -4.4384939e+00   9.7799580e-01  -2.7737725e-03   4.5528648e+00   4.1162325e+00  -4.4589149e-01   8.8139868e-01  -2.5659389e+00  -1.7175644e-01   6.3183178e-01   5.5894028e-01   2.2065612e+00  -6.8697209e-01   1.2341351e+00  -1.3850263e+00   8.9232098e-02  -1.1707069e+00   1.5842595e+00   2.7945707e+00  -2.2633361e+00  -4.3735547e-01   3.4828776e-01  -3.1375945e-01
   1.3954460e+01  -3.1946444e+00   1.5125189e+00  -4.3288940e+00   7.1568076e+00   3.3461851e+00   4.5870890e+00   4.0613059e+00  -4.9107366e+00  -2.7480425e+00   7.3864220e-01   6.8286205e-01   1.6821689e+00   1.0590945e-01   1.6479907e+00  -3.3350395e+00  -1.7283987e+00  -2.5695269e+00   1.7257100e+00   4.0761808e+00  -2.0084146e+00  -1.2490856e+00   8.4819568e-01  -1.8389600e-01
   1.4016665e+01  -3.9510561e+00   1.7002004e+00  -3.3397717e+00   7.3297612e+00   2.5953688e+00   4.0708145e+00   4.3740845e+00  -3.8337699e+00  -1.9490357e+00   7.6065925e-01   5.1397547e-01   8.3723787e-01   2.4564443e+00  -9.1795034e-01  -1.8651382e+00  -1.7543692e+00  -1.3040621e+00  -4.9497090e-01  -9.6829726e-02   4.3691810e-01  -3.1775327e-01   6.5717907e-02  -1.0307633e-01
   1.3194052e+01  -2.2166752e+00   9.7606874e-01  -4.7988340e+00   3.0618393e+00   1.9383211e+00   2.3422067e+00   4.4709469e+00  -3.8688961e+00  -2.6692772e+00   8.1505742e-01   6.5157559e-01  -1.7156353e+00   1.7491556e+00  -1.9931576e+00   2.5551820e+00  -2.3242570e+00  -4.0627901e-01  -3.9131811e+00  -1.0025176e+00   1.2914469e+00   9.9829380e-01   6.2740573e-01   3.1808078e-02
   1.2673082e+01  -1.2428121e+00  -1.3070463e-01  -2.5655111e+00   3.9687951e+00   2.8640714e+00  -6.5906706e-02   5.3133361e-01  -2.4314820e+00  -6.8776898e-01   6.9220103e-01   4.1996902e-01  -6.2816715e-01   1.2765839e+00  -3.5508440e-01   9.0782326e-01   8.2714573e-01   7.5321649e-01  -1.7450532e+00   1.0736648e+00  -3.2764937e-01  -1.1656498e+00  -5.7456240e-02   4.6819656e-01
   1.2052799e+01  -1.9250331e+00  -5.6176494e-01  -8.8325138e-01   5.3509052e+00   2.6024153e+00   7.8567802e-01   4.4789050e+00  -3.6747101e+00  -1.8812351e+00   1.7139799e+00   7.7757739e-01   7.3818225e-01  -1.7592767e+00   4.2558357e-01   2.0092347e-01   5.6538399e+00   2.2407729e+00  -8.6224728e-01   3.3068660e+00  -1.4010224e+00  -2.4477576e+00  -6.8011790e-01   3.7140135e-01
   1.3645041e+01  -2.1820014e+00   1.9364906e+00  -3.9358282e+00   7.4259468e+00   3.3931465e+00   2.2314991e+00   5.9806026e+00  -4.4223370e+00  -4.0915314e+00   2.2501365e-01   1.1532694e+00  -6.1745335e-01   4.4336056e-01  -5.0037094e-02  -7.4083345e-01   6.1766955e-01   1.8279251e+00   1.3504830e+00  -3.4519263e-01  -1.5453101e+00  -1.2996933e+00  -7.8968199e-01   1.3440070e-02
   1.3815345e+01  -4.3859956e+00   5.8084647e-01  -3.8122902e+00   9.8140233e+00   5.0349430e+00  -9.9867080e-02   6.7066113e+00  -4.9750023e+00  -4.6390323e+00   2.8474254e-02   8.4202742e-01   3.9442709e-01   1.2601921e+00  -1.6314847e-01  -1.7633821e+00   9.9542275e-02   1.3520887e+00  -8.5312017e-03  -1.8534666e+00  -1.7212971e-01   1.2367605e+00  -9.7079032e-01  -3.3682403e-01
   1.0865629e+01   6.5271005e-01  -7.7706598e-01  -2.2122418e+00   2.6637403e+00   4.3896952e+00   2.4025904e+00  -1.1003085e+00  -4.0993011e+00  -1.2584103e+00   3.5043087e-01   4.0790411e-01   1.0906082e-01   1.6709101e+00  -6.8822884e-01  -4.4181627e-01  -7.7921640e-01   4.4469124e-01   2.8990099e-02  -1.8675981e+00   1.9877953e-01   2.4750307e+00  -1.5799233e-01  -4.5246620e-01
   1.4034146e+01  -1.4521006e+00   5.5029064e-01  -4.3901177e+00   7.8813218e+00   4.1322739e+00   6.8733557e-01   5.2391607e+00  -4.0944226e+00  -1.4426550e+00   1.9508581e-01   6.4502400e-01   7.6269489e-01   1.1402643e+00   5.2975801e-02  -6.6502013e-01   1.8622020e+00  -4.1133224e-02   1.5655638e+00  -2.1365335e-01  -7.0571245e-01   1.0245531e+00  -4.7491847e-01  -2.2915123e-01
   1.3699232e+01  -1.1425837e+00   9.1942524e-01  -4.3096388e+00   7.2234729e+00   4.5115179e+00   1.8813829e+00   3.9129308e+00  -4.5644575e+00  -1.9771741e+00  -9.5280623e-02   5.7307182e-01   1.9324331e+00  -2.7539846e+00   1.3830894e+00   6.6899620e-01   6.8477912e+00   1.8820808e+00   4.2609365e-01   1.6312246e+00   2.8426074e-01  -8.4826166e-01  -1.9246171e-01  -1.2420608e-01
   1.3542586e+01  -1.7779522e+00  -1.8793544e-01  -3.7611219e+00   1.0327460e+01   4.9123318e+00   2.5090824e+00   3.8795116e+00  -5.8009928e+00  -2.7428208e+00  -4.6104770e-01   4.1571672e-01   5.1476232e-01  -1.1768497e+00   1.8214433e-01   2.4288165e+00   2.4833095e+00  -8.0646328e-01   1.7531318e+00  -1.3663833e+00   3.6537067e-01  -3.9970798e-01  -1.4884436e-01   1.9498414e-01
   1.4010058e+01  -3.3153410e+00   1.6666812e+00  -1.5232454e+00   1.1712358e+01   6.8227874e+00   2.1308574e+00   2.0263530e+00  -2.8196250e+00  -1.8807199e+00   3.8980506e-01   3.3624863e-01   7.9531026e-01  -2.2871533e-01  -6.6458083e-01   1.8451882e+00   2.4901545e-01  -3.9245471e+00   1.9180849e+00   8.8881710e-01   5.4137084e-01  -4.2685513e-01  -3.5932236e-03   4.7807404e-01
   1.4650876e+01  -2.1309965e+00   4.4987919e-01  -2.1400897e+00   9.3618435e+00   1.7669442e+00   3.1922961e+00   4.1328747e+00  -4.4187829e+00  -2.0904440e+00  -2.7072357e-01   1.0559118e+00  -7.5214123e-01   1.8806035e+00  -1.4358892e+00   2.3668105e+00  -3.9496615e+00  -4.5971041e+00   9.2253089e-01  -3.3477455e-01   1.1885969e+00  -1.7895651e-01  -2.5345891e-01   3.9478775e-01
   1.4338052e+01  -1.3091346e+00  -3.9635331e-01  -2.3523726e+00   8.0798044e+00   1.9739096e-01   4.4169034e+00   5.1194749e+00  -4.4435062e+00  -2.9436452e+00  -1.9583253e-01   9.7008533e-01  -6.2560833e-01   1.5743360e+00  -8.6185521e-01   1.1677726e+00  -4.1144105e+00  -7.3336969e-01  -9.0006420e-04  -8.4765572e-01   1.5806114e+00  -2.4776879e-01  -3.0552492e-01   1.6072158e-01
   1.2250377e+01   3.9849788e-02  -1.3102520e+00   2.0365737e-01   6.2192447e+00   1.3293739e+00   2.7498558e+00   1.8307888e+00  -3.2061567e+00  -2.4797929e+00  -5.4841727e-01   6.9098000e-01  -6.1956140e-01   1.2112477e+00   2.8651544e+00   8.1314255e-01   4.8455083e-01   3.6120629e+00  -3.5722225e+00  -2.5062797e-01   1.4689609e+00   1.2794427e-01   1.4750379e-02  -3.2302824e-01
   1.4271895e+01  -2.0392601e+00   1.2539639e+00  -9.4345995e-01   7.1120416e+00   5.9415181e+00   2.3507275e+00   1.9059124e+00  -1.0550209e+00  -2.0576986e+00   7.0364525e-02   7.5979691e-01   9.4218039e-02   9.8396595e-01   4.8295315e+00  -7.3733103e-01   3.8460143e+00   2.1100627e+00  -5.7608200e+00   2.8230612e+00   1.0851304e+00   2.9399240e-02  -2.1403556e-01  -3.3331697e-01
   1.3754613e+01   5.0937814e-02   3.9224521e+00  -1.6248322e+00   1.0572551e+01   4.3129750e+00  -1.1329497e+00   5.3637140e+00  -3.9095842e+00  -2.3415009e+00  -3.8169652e-01   6.7651366e-01   1.1580632e+00   2.3203250e+00   5.4675725e+00  -3.2198912e+00   4.4354359e+00  -2.0014512e+00  -5.1289693e+00   7.9555364e+00   1.2624367e-01  -1.2492561e+00  -8.6430004e-01  -1.8453000e-01
   1.3727261e+01   1.6127031e-01   4.2315918e+00  -2.5441244e+00   1.1672173e+01   1.8706845e+00  -2.2829239e+00   7.5876042e+00  -2.4640968e+00  -2.9686923e+00  -6.0024624e-01   4.7734304e-01  -1.1524587e+00   3.3226608e+00   3.5702179e+00  -4.0639836e-01  -1.5926775e+00  -4.9373283e+00  -1.8543075e+00   4.2820598e+00  -1.8755197e-01  -3.4065524e-01  -7.7615271e-01  -4.8780608e-01
   1.4259789e+01   2.4200721e+00   5.4022929e+00  -3.8258472e+00   1.0592333e+01   3.6261383e-01  -2.6267725e+00   1.0923247e+01  -2.3122533e+00  -3.8981803e+00  -1.5095620e+00   5.5541194e-01  -2.1457966e+00   2.6037767e+00   1.6550730e-01   3.6237386e+00  -4.8315384e+00  -1.2733424e+00   2.0335963e+00  -3.7295492e+00   1.8898536e+00   6.2694964e-01  -2.8861361e-01  -5.2451644e-01
   1.2290619e+01   1.7601639e+00   5.8693704e+00  -4.5254999e-01   4.7131344e+00   5.1070618e-01   3.1617759e-01   5.5492353e+00  -2.1350143e+00  -1.7903418e+00  -5.2993183e-01   8.8638652e-02  -5.9309536e-01   2.1399251e+00  -2.6867642e+00   4.2900145e+00  -1.6639938e+00   2.2480543e-01   2.6268401e+00  -4.1904192e+00   1.2210481e+00  -3.0542378e-01   3.7611937e-01   8.4093091e-02
   1.1254239e+01   3.1571560e+00   3.3518238e+00   2.7649886e+00   6.8047627e+00   3.0829505e+00   6.1789395e-01   7.8857468e-01  -1.2393451e+00  -1.9902517e+00  -8.4977414e-01   8.4091195e-02   1.1545262e+00   8.7795770e-02  -3.5814312e+00   2.8093735e+00   4.0417774e+00   1.1693949e+00   1.3996619e+00  -1.5374983e+00   1.3317372e+00  -1.7838696e+00   4.6691746e-01   4.8390513e-01
   1.4340393e+01   3.0026160e+00   1.2266800e+00   5.9547944e-01   1.1069967e+01   8.4772431e-01   3.5002999e-02   6.3693118e+00  -1.1689787e+00  -4.3807923e+00  -3.6596109e-01   8.3914305e-01   9.3363546e-01   8.5522378e-01  -3.3518678e+00   4.1755041e-01   3.5149128e+00   1.0004023e-01  -3.8394218e-01   1.2591478e+00   9.9462774e-01  -2.1038214e+00   4.2754554e-03   6.6999030e-01
   1.4966691e+01   1.9305397e+00   2.3514913e+00  -1.3580167e-01   1.3476583e+01   1.9481971e+00  -3.8669231e-01   8.2069618e+00  -7.9766522e-01  -5.2787594e+00  -8.9117113e-01   9.0601743e-01   4.4827770e-01   1.9835394e+00  -5.1492758e-01  -3.1054739e+00  -2.3197475e+00   8.4277089e-01   6.1150282e-01   2.0278879e+00   5.1556797e-01  -3.2194944e-01   1.0039252e+00   4.4646436e-01
   1.1834846e+01   3.6563077e+00   1.3417350e+00   1.6241707e+00   6.6495934e+00   1.2281432e+00   2.4255745e-01   3.7287635e+00  -8.6391266e-01  -3.3018200e+00  -5.0282015e-01   6.8266098e-01  -4.8363289e+00   1.7093458e+00   1.7747076e+00   1.0638723e+00  -2.0032463e+00   3.1905783e+00   3.0860862e+00  -4.7441321e+00  -1.2778268e+00   2.0175682e+00  -9.3989027e-02  -3.3073402e-01
   1.3179429e+01   5.8056193e+00   2.5219050e+00  -2.4075679e+00   5.5353282e+00   4.1568974e+00   1.4313710e+00   5.1506807e+00  -6.1852620e-01  -3.0126620e+00   7.2454312e-01   8.3202877e-01  -3.7245676e+00   2.3568275e-01   2.2492778e+00  -1.2789124e+00  -1.5460259e-01   1.7884609e+00   2.5350877e+00  -4.4366646e+00  -2.7232447e+00   3.5097197e+00  -5.3323881e-01  -2.9517920e-01
   7.9795310e+00   3.6290950e+00   3.8035346e+00   3.3271710e+00   1.2035725e+01   4.5292417e+00   3.7551007e+00   7.8125414e-01  -3.1752885e+00  -2.4874887e+00  -1.3148018e+00   3.8003635e-01  -1.7302673e+00  -1.7638645e+00   2.1347516e+00  -2.5499241e+00   3.4648243e+00   8.1973398e-01   2.4532399e+00  -1.0972431e+00  -2.2754290e+00   2.7536911e+00  -1.3306732e+00  -2.3949271e-01
   1.1307497e+01   2.2976702e+00   4.4945081e+00  -2.9056705e+00   1.0551613e+01   2.9803392e+00   1.6596676e+00   3.0257196e+00  -3.7268443e+00  -4.2134557e-01  -1.2850385e+00   6.1456095e-01   3.8053237e-01  -3.0676072e+00   1.8053887e+00  -4.1339222e+00   3.3626429e+00  -1.6609169e+00   1.0253839e-01   8.9310231e-02  -1.7942492e+00   2.3726610e+00  -1.4562682e+00  -1.6221267e-01
   1.0175411e+01   2.7644855e+00   3.5575608e+00  -1.9516641e+00   9.3386874e+00   3.0460233e+00   3.8082690e+00   3.1453794e+00  -2.7228970e+00  -4.6694154e-01  -1.4940391e+00   4.3215583e-01   2.2761269e+00   1.8811383e-01  -2.0496645e+00  -3.4623360e+00  -1.1215649e+00  -1.6005181e+00  -6.9636255e-01   2.0674837e+00   1.2715914e+00   1.8411416e+00   7.3945336e-01  -7.6326953e-02
   1.2652288e+01   1.6365132e+00   5.3529749e+00  -5.9690336e+00   1.1927811e+01   2.4071312e+00   1.5585944e+00   4.1025834e+00  -3.5360957e+00  -4.6394408e-01  -1.3702405e+00   5.6265004e-01   4.6232179e-01   3.8666981e-01  -1.7046216e+00   1.9759116e+00   7.9391133e-01   3.1840360e+00   1.7168416e+00   4.7508432e-01   1.5373095e+00  -6.0250479e-01   7.9887756e-01  -1.4167298e-01
   1.0721326e+01   4.2418442e+00   2.9980451e-01  -3.3465139e-01   9.6652785e+00   2.4150685e+00   2.7610934e+00   3.3440478e+00  -1.3632758e+00   2.9552299e-01  -1.6302071e-01   2.9150138e-01   9.2161256e-01  -1.3405491e-01  -1.2609320e+00  -4.0010637e-02   8.3853776e-01   1.8901553e+00   1.4237904e+00  -5.8763832e-01   1.6649088e-01   1.4915758e-01   1.0765878e+00   1.2130933e-01
   1.1728022e+01   2.1389955e+00   3.5664539e+00  -7.5030941e-01   1.1579185e+01   8.0718707e+00   4.7585178e+00   3.6390119e+00  -2.1006908e+00  -1.7063350e+00  -7.5223139e-01   4.7237870e-01  -9.9628724e-01   6.0600165e-01  -2.1778864e+00  -2.9961293e-02  -6.0750838e-01   2.3327604e+00   2.1817205e+00  -2.2404235e+00  -1.0349461e+00   9.0756064e-01   6.0359477e-01  -1.7238543e-01
   1.2019963e+01   2.3121620e+00   2.5594233e+00  -4.6210422e+00   1.0770807e+01   3.0488865e+00   4.3439929e+00   2.4957077e+00  -3.1908632e+00   3.7799029e-01  -1.8816201e-01   6.5925550e-01   5.1611542e-01   5.1027130e-01   3.2088049e-01  -5.3078698e+00   8.3576402e-01   7.6763837e-01   2.9370762e+00  -1.6180544e+00  -4.0507531e+00   5.5422775e-01  -4.5650596e-01  -1.8410273e-01
   1.0508539e+01   3.5103568e+00   9.5633589e-01  -3.8707802e+00   1.0463784e+01   5.5893627e+00   4.0397254e+00   1.1661183e+00  -4.1747212e+00   8.5616323e-01  -4.5227772e-01   1.2019484e-01   4.0981116e-01   2.9513580e+00  -2.5137199e+00  -2.3222893e+00  -2.2419131e+00   5.5833185e-01   1.7162435e+00  -1.6642618e+00  -2.9973710e+00   1.8261508e-01   3.2805045e-01  -4.7939823e-01
   1.2105241e+01   4.3215705e+00   2.0861843e+00  -6.7362207e+00   1.1476625e+01   4.8077800e+00   7.5261039e+00   2.1534130e+00  -6.4023903e+00  -1.5438451e-01  -9.9775649e-01   1.9143922e-01   1.5408606e+00   2.4110202e+00  -2.9366154e+00   4.5344747e+00  -1.5567275e+00   3.0302784e+00   1.3847586e+00  -7.9774855e-01  -3.6869691e-01  -1.4447891e+00   3.1524695e-01  -3.9262176e-01
   1.2300100e+01   5.5613283e+00   3.2493519e-02  -3.1761541e+00   7.8634064e+00   8.0299217e+00   5.7418274e+00   1.3137665e+00  -4.9909838e+00  -1.1662250e+00   1.4464152e-01  -1.2810498e-02   1.1720952e+00   1.2406581e+00   1.8284578e-01   4.9300177e+00  -5.2427846e-01  -4.4089496e-01  -9.2566218e-01  -1.7125886e+00   1.5599703e+00  -5.8116008e-01   2.7306527e-01   4.7581383e-03
   1.3435473e+01   4.9032065e+00  -1.3835786e+00   1.8333569e+00   9.7359051e+00   6.3740247e+00   5.5700797e+00   1.2252608e+00  -3.3357772e+00  -7.7799929e-01  -1.3751212e-02   1.3682553e-01   1.7873744e-01   2.9037255e-01  -5.5584245e-01   3.5621751e+00   4.0091510e+00  -1.5192798e+00  -1.1530880e+00  -4.2390557e+00   1.2208400e+00   6.7543067e-01   2.5871622e-01   3.0797291e-01
   1.1601566e+01   5.0805260e+00   2.9654860e+00  -7.6054241e-01   1.0547726e+01   4.1448979e+00   3.6292442e+00  -9.3868860e-01  -3.3680723e+00   2.9623051e-01  -5.3468245e-01   1.5463889e-01   3.7400387e-01   5.2152382e-01   4.8485137e-01  -3.0292439e+00   7.3743912e+00  -1.7817016e+00   1.4124598e+00  -4.9102458e+00  -2.0017294e+00   1.4589518e+00  -9.0796976e-02   5.9724565e-01
   1.2722614e+01   4.9975305e+00  -2.1407565e-01  -2.6007639e+00   1.6148191e+01   4.4713722e+00   6.8527635e+00  -3.0789430e+00  -5.3825860e+00   1.2753373e-01  -2.7002018e-01   5.6967389e-01  -6.2044722e-01   5.3733971e-01  -5.8601884e-01  -4.3853797e+00   4.2681703e+00   1.6240902e+00   1.0269634e+00  -4.3934477e+00  -3.0395764e+00   1.4476293e+00   2.2382342e-01   4.3517460e-01
   1.3217535e+01   6.2964520e+00   1.7501908e-01  -5.5029596e+00   1.5718850e+01   6.3086955e+00   7.2191752e+00  -3.8995004e+00  -6.9701736e+00   5.6943613e-01   1.3658054e-01   6.6663380e-01   7.9817363e-01   2.6476958e+00  -3.7447907e+00  -5.9482692e-01  -6.7457519e-01   4.7277433e+00   1.8668323e+00  -2.3382517e+00  -1.4330740e+00   1.1104253e+00   9.4771750e-01   1.6660237e-01
   1.1696817e+01   5.1012531e+00  -8.6737344e-01  -2.3735040e+00   1.3552599e+01   7.7282612e+00   5.3155593e+00  -3.8845049e+00  -6.0940912e+00   1.2568418e+00  -1.3647570e-02   5.3358997e-01  -3.6389859e-01  -1.8952586e-01  -6.4531989e-01   6.5996051e+00  -3.4171462e+00   4.8207921e+00  -2.3281314e+00   1.3653528e+00   2.2538010e+00  -1.8635307e+00   1.9554487e-01  -3.8021127e-01
   1.3311724e+01   9.0002083e+00  -2.3250512e+00  -1.7664127e+00   1.0833660e+01   9.6080684e+00   7.1980947e+00  -4.0432852e+00  -5.1619307e+00   1.3972145e+00   7.5870750e-01   4.2258440e-01  -2.7964293e+00  -3.6972411e+00   1.5638704e+00   1.0536549e+01  -6.6101522e+00  -1.7012420e+00  -5.9592146e+00   2.6327610e+00   5.1839448e+00  -1.5519862e+00  -1.1059238e-01  -5.5939382e-01
   1.2129672e+01   3.3613635e+00   6.7979644e-02   5.4303704e+00   1.3465067e+01   1.0052874e+01   3.3711067e+00  -9.5902134e-01  -2.9060059e+00  -3.0816515e+00  -2.8776635e-01   1.2138168e-01  -6.6268439e-01  -4.9841824e+00   8.6474239e-01   2.8760239e+00  -3.6535504e+00  -1.7968036e+00  -1.9110344e+00   3.0641123e+00   1.6068349e+00  -2.5556795e+00   5.4362457e-02  -1.7307875e-01
   8.8064636e+00   1.6205351e+00   2.0531482e+00   6.3999266e+00   5.8473877e+00   2.5945261e+00  -7.4742043e-01  -1.4131007e+00  -7.8829906e-01   4.1070343e-01   1.0775136e-01   3.3647222e-02   5.0162367e-01  -5.3683004e+00  -5.3526533e-01  -3.7964920e+00  -2.2621239e+00  -1.8950186e+00   3.3117708e-01   1.7663598e+00  -1.6731874e+00  -1.6260341e+00   1.6350295e-01   2.2377356e-01
   1.2955421e+01   1.3148161e+00  -1.7593595e+00  -2.1426379e+00   1.0565409e+01   8.5398270e+00   6.4217653e+00  -6.0342881e-01  -5.8706547e+00  -2.0834219e+00   3.9337418e-01   4.6844044e-01   3.1246779e+00  -1.0996008e+00  -3.2950263e+00  -9.3166507e+00  -2.3285522e+00   3.9482764e-01   3.8229840e+00  -6.4222552e-01  -4.0942351e+00   1.6164087e-01   9.3701251e-01   4.6396527e-01
   1.3651285e+01   1.9710314e+00  -2.2142796e+00  -3.6746465e+00   8.8903030e+00   7.5220640e+00   6.1695310e+00  -1.5715418e+00  -6.1893873e+00  -1.5409514e+00   6.6339166e-01   5.8471536e-01   3.5457867e+00   2.0110580e+00  -4.5680224e+00  -4.2425258e+00   1.1694825e+00   6.3699574e+00   4.7911274e+00   2.2416380e-01  -3.4288326e+00  -2.0616675e+00   2.8616370e-01   9.8558486e-02
   1.4394278e+01   1.5367141e+00  -2.7408460e+00  -3.5073192e+00   8.4507810e+00   8.1813464e+00   5.6471069e+00  -1.8431390e+00  -6.3468144e+00  -1.8633627e+00   8.3993227e-01   5.4179552e-01  -5.2572676e-01   2.7119264e+00  -1.9486361e+00   4.3550688e+00  -2.5300840e-01   3.7049809e+00  -1.0773203e-01   1.6731325e+00   1.3661217e+00  -1.5256604e+00  -1.0607720e+00  -3.3303858e-01
   1.3405715e+01   4.5261732e+00  -4.3081422e+00   7.1847854e-01   8.6589256e+00   1.2328703e+01   6.8265998e+00  -4.5699986e-01  -5.6934682e+00  -2.7918274e+00   3.1371787e-01   1.4480741e-01  -1.9882472e+00   2.7381595e+00  -1.4162157e+00   4.6406303e+00   1.1289391e+00   3.1665200e+00  -1.5471795e+00   3.6191049e+00   4.0631345e+00  -1.3374483e+00  -6.3184969e-01  -4.4940966e-02
   1.2289616e+01   4.1051348e+00  -3.6353824e+00   2.1934028e+00   1.0301585e+01   1.1693979e+01   5.9316329e+00   1.3489989e+00  -4.0694318e+00  -3.7464744e+00  -1.0229470e+00   1.8883654e-01  -3.1529417e+00   2.6141232e+00   1.8508222e+00   1.3132666e+00   2.4050404e+00  -1.9003160e-01  -3.0278307e+00   3.8549540e+00   4.4451050e+00   3.0755117e-01  -3.5038877e-02   1.5420332e-01
   1.1721245e+01   4.7940602e+00  -3.8913349e+00   4.3593802e-01   9.6583095e+00   1.0515528e+01   3.7064988e+00   2.2610465e+00  -1.2333770e+00  -2.6055681e+00   6.4705674e-01   6.9378340e-01  -2.2181713e+00   1.6835674e+00   4.3425514e+00  -2.0905494e+00   2.2156487e+00  -3.3010549e+00  -2.9762993e+00   1.6893370e+00   3.4856501e+00   1.2040651e+00   6.7927382e-01   1.4629080e-01
   1.0507100e+01   5.3239554e+00  -1.7301635e-01  -1.3961490e+00   1.1558650e+01   8.8028864e+00   2.6654114e+00   2.5802688e+00  -1.9092026e+00  -1.4951656e+00   6.2070452e-01   4.9861251e-01  -1.3361444e+00   2.7161958e+00   5.4787366e+00  -2.9112785e+00   7.5212484e-02  -1.7702712e+00   1.1900018e-01   5.3331893e-01   8.3219912e-01   1.3747382e+00   5.9026077e-01  -1.7343524e-01
   1.0969716e+01   6.4421140e+00   4.7450185e-01  -6.2256962e-01   1.1353866e+01   8.8226665e+00   3.9952617e+00   1.4613707e+00  -1.5451076e+00  -2.1113841e+00   5.1080286e-01   2.0935563e-01  -8.2711520e-01   3.2221090e+00   4.5469039e+00  -5.5011294e-02   3.2411693e-01   5.3310027e-01   4.2610944e+00   5.3242724e-01  -1.2077721e+00  -1.7329080e-01  -3.7359733e-01  -8.5277582e-01
   1.0661164e+01   7.3554016e+00   2.3998042e+00  -1.6442612e+00   9.5666255e+00   9.8850029e+00   5.9657517e+00   2.5488152e+00  -2.6652678e+00  -1.9314591e+00  -6.9428862e-02   1.7089756e-01  -4.7558605e-01   4.7171717e+00   2.6835254e+00   1.3632537e+00  -2.6527494e+00   2.4362176e+00   5.8630237e+00  -3.4055253e-01  -3.4054876e-01  -1.2576126e+00  -4.7113662e-01  -7.4876806e-01
   1.0403541e+01   8.6115007e+00   1.6426106e+00   4.7747714e-01   1.1140497e+01   1.0774120e+01   8.4479703e+00   3.0754142e+00  -2.6670025e+00  -2.6473575e+00   4.3172744e-01  -4.2152285e-01  -9.0906710e-01   1.0520256e+00  -2.6054285e-02   3.9468065e+00  -6.3252434e-01   4.3120566e-01   1.9985898e+00  -9.0156473e-01   9.4172388e-01   1.5404911e+00  -5.0535932e-03  -4.5996777e-01
   1.0076809e+01   1.1315020e+01   3.2682174e+00   9.8708084e-02   7.6862103e+00   1.1481486e+01   9.2335927e+00   1.2624183e+00  -1.8590782e+00  -3.1135979e+00  -4.6462701e-02  -3.0910034e-01  -8.3064030e-02  -7.8967961e-01  -1.3783599e+00   5.1686684e+00  -1.7665469e+00  -1.7522766e+00  -3.2349604e+00  -4.5400444e+00   8.8931729e-01   2.9854793e+00   8.3408901e-01  -9.9734196e-02
   9.8982931e+00   6.0403435e+00   1.2138037e-03   4.4261556e+00   1.1345288e+01   8.6712334e+00   5.3592259e+00   7.5222205e-01  -5.3561652e-01   7.9042197e-01   4.9173939e-01  -2.4059707e-01   1.1855810e+00  -4.6410321e+00  -3.9042625e+00   1.6921635e+00  -2.4282557e+00  -2.4709107e+00  -4.8664156e+00  -3.5585459e+00  -1.2768249e+00   2.2298405e+00   7.2399701e-01   5.3803752e-01
   1.0789192e+01   7.4564608e+00   1.1529627e+00   4.1344022e+00   6.8144098e+00   8.3080313e+00   2.6576832e+00  -3.0996552e+00  -2.3969848e+00   8.2787001e-01   1.1516987e+00  -6.9166622e-02   3.2742187e+00  -5.4247762e+00  -5.5746976e+00  -2.4824837e+00  -2.0616056e+00  -1.2977497e+00  -2.2580781e+00  -3.0549640e-01  -3.7234955e+00  -4.3433955e-01   1.3546611e+00   6.6880097e-01
   1.1825721e+01   3.5792319e+00  -3.1561558e+00   9.9787530e-01   7.9340137e+00   8.6544813e+00   4.4363016e+00  -8.1367894e-02  -4.3132866e+00  -1.2733307e+00   9.1864226e-01   2.6556658e-01   3.6602969e+00  -2.8386249e+00  -4.5840985e+00  -5.8067999e+00  -3.9035588e+00   1.2155573e+00   2.0024396e+00   1.9410667e+00  -3.7583854e+00  -3.2332003e+00   1.0377138e+00   5.5398607e-01
   1.4024423e+01   4.4084110e+00  -3.5151442e+00  -1.9108773e+00   6.2994388e+00   9.5432376e+00   6.3079376e+00   1.2209687e+00  -5.5554865e+00  -2.7332309e+00   1.7720776e+00   4.4101930e-01   1.9734578e+00  -1.4667802e+00  -4.3989221e+00  -2.6986785e+00   1.2004462e+00   1.4776937e+00   3.5132341e+00   3.9099809e+00  -1.3806772e+00  -3.5786290e+00  -6.1734511e-01   7.5518763e-02
   1.3771123e+01   3.3064310e+00  -4.5408805e+00  -1.2614045e+00   5.7474349e+00   9.8769662e+00   6.5377581e+00   1.5035102e+00  -4.5939438e+00  -2.2788280e+00   1.7381207e+00   3.3528907e-01  -1.7814291e-01   3.9128189e+00  -1.4805794e+00  -1.1223022e+00   6.2119251e-01   6.5196198e-01   2.0629358e+00   1.3144381e+00   1.0165615e+00  -1.2478152e+00  -8.5491047e-01  -1.8318262e-01
   1.2776677e+01   5.3926910e+00  -4.7530582e+00   1.2160244e+00   9.7083684e+00   9.9133294e+00   6.8768061e+00   1.9728771e+00  -4.3276721e+00  -4.0373248e+00  -1.8405819e-01   9.2502734e-03  -3.5515948e+00   2.8082807e+00  -3.2240445e-01   1.1864043e+00   1.7464735e+00   8.7918446e-01   2.3844074e-01  -6.1158343e-01   3.3813685e+00   1.0683862e+00  -1.8793644e+00  -3.8653902e-01
   1.2182379e+01   8.9563203e+00  -4.7580678e+00  -2.2490288e+00   7.1613376e+00   9.4473784e+00   7.2462710e+00   1.5143350e+00  -3.4023515e+00  -2.4930066e+00   6.1434444e-01   2.0667716e-01  -4.1027691e+00   1.3831748e+00   1.4954943e+00   6.4353361e-01   3.8789038e-01  -1.0627338e+00  -6.0721711e-01  -3.4322190e-01   2.6840913e+00   1.1297723e+00  -9.7104892e-01  -8.2557110e-02
   9.4914028e+00   5.7958874e+00  -3.8901572e+00   3.6254129e-01   8.2121977e+00   1.1076808e+01   6.3113423e+00   2.9818110e-01  -1.0792298e+00  -1.0235623e+00  -4.8508091e-01  -7.4483273e-02  -3.4520567e+00  -2.2889830e+00   2.2713270e+00  -9.8641666e-02  -3.4405786e+00  -3.0527314e+00  -1.9602812e+00  -1.8742745e-01   2.6530254e+00   1.9406056e+00   1.8279063e-01   3.4451797e-01
   9.2596063e+00   5.1795950e+00  -2.7290895e+00   1.3063751e-01   7.0773559e+00   7.7011260e+00   5.9096644e+00   1.8260253e+00  -2.1920280e+00  -2.0910508e+00   4.3205867e-01   2.5332018e-01  -5.5508499e-01  -6.2665742e+00  -6.6164093e-01  -7.9220521e-01  -1.4375559e+00  -8.6427761e-01  -2.1598136e+00  -1.3100972e+00  -4.9757729e-01  -1.1187152e-01   1.1227834e-01   1.9060585e-01
   9.0599790e+00   3.8475792e+00  -2.3605568e+00  -1.2177125e-01   4.5894914e+00   6.2073585e+00   4.6046876e+00   1.5358907e+00  -9.5329579e-01  -1.3273942e+00   1.8127064e-01   5.0270572e-01   2.4138344e+00  -4.0732876e+00  -3.1676111e+00  -4.2334267e+00  -1.8478055e+00   9.1138765e-01  -8.1289705e-01  -2.3451823e+00  -2.2874591e+00  -8.9696517e-01   1.2175444e+00   2.5138371e-01
   1.1565464e+01   5.3061306e-01  -6.5153294e+00  -3.1951803e+00   6.8163569e+00   1.0585687e+01   4.8598779e+00  -1.0696656e+00  -4.2116845e+00  -2.5088979e+00   4.4958618e-01   2.0399144e-01   3.2068432e+00  -2.2356459e+00  -4.6465894e+00  -4.1318301e+00  -7.6422837e-01   3.8237556e+00   1.0545640e+00  -4.3382506e+00  -2.1320019e+00  -1.0700557e+00   7.7604214e-01  -4.3471424e-02
   1.1959226e+01   2.0104470e+00  -6.7484540e+00  -4.3246898e+00   5.5709890e+00   1.1001609e+01   5.6168899e+00  -1.7717469e+00  -3.5005902e+00  -2.1600865e+00   1.3324719e+00   3.2725666e-01   2.3276164e+00  -1.5068758e+00  -3.4339345e+00  -5.2531392e-01   5.1222170e-01   6.3436435e-01   8.4829886e-02  -3.9651113e+00  -9.9305242e-01  -4.2479572e-01   3.9316467e-01  -3.5747587e-01
   1.2620248e+01   2.7446923e+00  -7.5050250e+00  -3.9656484e+00   5.4402645e+00   1.1039634e+01   6.9854091e+00  -3.0275317e+00  -4.1163836e+00  -3.2797883e+00   1.0205212e+00   2.7583758e-01   4.8029577e-02   1.3435774e+00   9.0832176e-02   3.3838882e+00   7.6429324e-01  -1.6829653e+00   5.4439511e-02  -1.2372351e+00   1.1261990e+00   8.7275074e-01  -1.0282499e+00  -3.4695130e-01
   1.2024012e+01   4.8022580e-01  -7.0166107e+00  -5.2450810e-01   6.0458701e+00   6.9319314e+00   3.6691668e+00  -3.4328432e+00  -2.4905249e+00  -1.5791426e+00   4.8555013e-01  -6.9431157e-02  -1.0607963e+00   4.3510082e+00   7.4786086e-01   1.9726473e+00   5.4388033e-01  -9.4895248e-01  -1.7422397e-01   1.3991318e+00   8.5919562e-01   2.0608592e+00  -1.4392780e+00  -3.1075535e-01
   1.1605115e+01   3.3110897e+00  -6.2450028e+00  -1.9438950e-02   7.7253562e+00   1.0096078e+01   5.9153987e+00  -2.0949701e+00  -3.0274187e+00  -1.4902437e+00  -6.6932776e-01  -1.1809161e-01  -3.3923064e+00   7.2032269e+00   3.1210866e+00   6.3182109e-01   7.0049673e-01   1.4799681e+00   1.3654982e+00   3.6869025e+00  -2.1865490e-01   9.8879551e-01  -1.3964603e+00  -2.7044133e-01
   1.0875597e+01   8.2537605e+00  -6.2566738e+00  -3.3388236e+00   5.2442636e+00   1.0049959e+01   5.8905592e+00  -1.3932992e-01  -2.7562792e+00   3.6430048e-02   1.8479497e-02   5.8088226e-02  -3.8696960e+00   4.6275509e+00   2.2049405e+00   1.1967919e+00   1.1189289e+00   5.0752995e-01   1.4683575e-01   3.6285390e+00  -2.7042117e-01   3.4018279e-01  -4.0535914e-01  -1.1974968e-01
