   5.1490616e+00  -1.0134588e+01   5.8408530e+00   2.5574929e+00   6.8299026e+00  -2.1283884e+00   6.4922806e+00   6.1602794e+00  -1.3794964e+00   2.7277523e+00   2.2990557e+00   5.9736157e-01   7.5974338e+00   7.4492048e+00   3.9371662e+00   6.5790998e+00  -2.0933344e+00  -8.7354642e-01  -3.7371643e+00   3.3347223e+00   2.9475338e+00  -2.0280322e+00  -2.7291024e-01   1.5725836e-02
   7.7821716e+00  -7.9453246e+00   5.7310907e+00   1.5561831e+01   1.0213631e+01   3.0445085e+00   5.1830124e+00   1.6968876e+00   1.0778122e+00   2.4211927e+00   4.8326337e-01   5.2074450e-01   1.1314491e+01   3.3738872e+00  -8.1167491e-01  -2.4967755e+00  -1.2760612e+00   1.8884339e+00  -4.7635619e-02  -2.0348160e+00  -1.7710233e+00  -4.1352879e+00  -2.7790337e+00  -3.6671656e-01
   9.8557603e+00  -1.2506865e+01   8.5963883e+00   1.0367203e+01   7.2375039e+00  -2.7655113e+00   3.5425789e+00   2.4804309e+00   4.7396805e+00   1.4554522e+00   5.9481034e-02   3.1101579e-01   1.2655911e+01  -4.1075779e-01  -4.4407384e+00  -1.3286911e+01  -6.7334128e-01   1.5246884e+00   3.1516715e+00  -6.9327443e+00  -5.7965961e+00  -3.9192174e+00  -3.8493176e+00  -6.8622089e-01
   1.8538783e+01  -9.5905593e+00   2.2452942e-01  -5.6255082e+00   6.2332357e+00   5.9819031e-01   8.2314191e+00  -2.3472831e+00  -5.0745628e+00  -7.5320107e-01  -1.6746780e+00  -4.1528604e-02   1.1657242e+01   2.0019567e+00  -6.0533273e+00  -1.8173152e+01  -2.4104173e+00  -1.4549679e+00   3.4441306e+00  -3.0919596e+00  -7.1812996e+00  -3.9582233e+00  -2.8720566e+00  -3.5281758e-01
   1.8754622e+01  -9.9281075e+00   1.9330261e+00  -6.7792037e+00   7.8100882e+00   1.3818033e+00   9.6955846e+00  -2.2167518e+00  -6.9982031e+00  -1.5638769e+00  -2.3959501e+00  -1.5083321e-01   7.8711498e+00   5.0286913e+00  -4.7908133e+00  -6.6509345e+00  -4.1204750e+00   1.9819255e+00   1.0706189e+00  -1.9450142e+00  -4.0361568e+00  -2.7892736e+00  -1.6837885e+00   2.9231421e-02
   2.0818604e+01  -6.2317684e+00  -1.7219093e-02  -3.1246939e+00   6.3117126e+00  -1.2116007e+00   7.2727054e+00  -5.9246056e-01  -3.8251954e+00  -2.0064777e+00  -2.5971059e+00   2.2244264e-01   2.2132299e+00  -4.7856878e-01   2.3092116e+00   3.0426574e+00  -4.1996624e+00  -7.3135178e-01  -6.9151817e-01  -8.8777793e-01   2.0942886e+00  -1.8803032e+00  -6.8049191e-01   1.2243770e-01
   2.0522575e+01  -6.6432236e+00   1.5310426e+00  -8.5960630e-01   1.0175529e+00   1.1122725e+00   5.6278642e+00  -1.3145017e+00  -1.9392383e+00  -2.1018199e+00  -2.0049877e+00   2.2287730e-01   1.5691525e+00  -3.5490749e+00   2.2238684e+00   2.4967515e+00  -2.5105230e+00   3.6748494e-01  -9.5484013e-01  -1.6116874e+00   8.4767221e-01  -1.5098602e+00  -1.6472694e+00   1.6643550e-02
   2.0974652e+01  -1.1950854e+01   3.8893385e+00  -4.0213207e+00   3.3300097e+00  -3.6407195e-01   9.2280020e+00  -4.1300750e+00  -4.4626122e+00  -3.3046843e+00  -2.8908970e+00  -4.4727314e-02   1.0005436e+00  -5.0368506e+00  -5.6666183e-01   1.5349213e+00  -6.6519844e-02   3.4379716e+00  -2.6336818e+00  -3.5567501e+00  -1.7339318e+00  -1.1201233e+00  -1.7290960e+00  -2.8864976e-01
   2.1030327e+01  -1.2392177e+01   3.3155498e+00  -2.5857630e+00   5.5351551e+00   1.5092663e+00   7.2856761e+00  -2.8654756e+00  -5.4079864e+00  -3.1795639e+00  -4.7199587e+00   7.7170923e-03  -7.2455293e-02  -2.0181370e+00  -2.3313747e+00   2.6815678e+00   2.5544843e+00   6.1132958e-01  -4.3180105e+00  -3.0488281e+00  -2.4756391e+00   6.3235119e-01  -6.8303170e-01  -1.6594690e-01
   2.2065543e+01  -1.0912568e+01  -1.7594655e+00   4.0766442e-02   3.9531317e+00   3.7468597e+00   2.4932768e+00  -5.1520987e+00  -4.6917191e+00  -3.1477907e+00  -3.8332644e+00  -1.0295189e-01  -1.5977364e+00   4.8049608e-02  -3.3822195e+00   1.3815520e+00  -1.6269863e+00   2.4552766e+00  -2.7846626e+00  -1.4585272e+00  -8.4510318e-01   7.7946001e-01   1.4707795e+00  -1.7703606e-01
   1.9868446e+01  -1.0189572e+01   8.5838252e-01   1.1317018e+00   4.5377184e+00  -2.6198995e-02   2.5182111e+00  -5.3767320e+00  -5.5381435e+00  -1.2317400e+00  -2.5583516e+00   3.0692420e-03  -2.6088240e+00  -1.5541110e+00  -2.3615133e+00  -1.3216350e+00  -5.9629358e-01   1.9112709e+00   3.4070346e-01  -1.4563338e+00   9.5651406e-01  -1.3058692e+00   1.4780367e+00  -8.9376312e-02
   1.9158988e+01  -1.2980082e+01   4.4592993e-02  -3.8077252e+00   1.3882486e+00   4.0865756e+00   7.4347406e+00  -5.0622376e+00  -5.6651884e+00  -3.1094063e+00  -1.7655313e+00  -3.0795748e-01  -1.1587595e+00  -1.7581787e+00  -1.7362484e+00  -1.8857089e+00   2.2564200e+00   8.8895617e-01   2.0277889e+00  -1.2870830e+00   1.9622469e+00  -2.3387922e+00  -9.7719611e-03   1.5883924e-01
   1.8570369e+01  -1.3689586e+01  -1.1287493e+00  -2.6439697e+00   5.9231563e+00   4.2063147e+00   5.3259994e+00  -5.0949068e+00  -3.4864807e+00  -5.1575599e+00  -3.5367702e+00  -2.3844578e-02   9.0506042e-01   5.4935997e-01  -1.4717453e+00   5.8294283e-01   2.4275189e+00   2.1948849e-01  -2.9594931e+00  -3.0031417e-01   2.1877608e+00  -2.6804844e+00   1.1851902e-01   5.3585159e-02
   2.0976442e+01  -1.1799829e+01  -3.3702722e+00  -8.9996116e-01   6.6450428e+00   2.9640371e+00   4.1310660e+00  -7.2236358e+00  -2.7741803e+00  -4.6930691e+00  -3.3587130e+00   1.4876388e-01   1.2435239e+00   1.3015146e+00  -4.7713827e-01   1.4700660e+00   8.1404122e-02  -6.9940943e-01  -1.3298399e+00   2.8661502e-01  -8.7465499e-01  -1.4883967e-01   1.4593101e+00  -1.4246054e-01
   2.0317310e+01  -9.9556590e+00   3.5819721e-01   5.5223407e-01   5.5505996e+00   8.6430295e-01  -2.6919133e-01  -4.7465042e+00  -3.7020064e+00  -4.4606352e+00  -1.5839822e+00  -1.4491370e-01   5.2161031e-01  -4.2998795e-01   5.8569955e-02  -1.0761961e+00  -1.6896810e+00   2.0667566e-01   2.4394209e+00   8.3241388e-01  -2.5134147e+00   4.9610190e-01   1.6948214e+00  -3.6629294e-01
   2.0150803e+01  -1.2894774e+01  -1.4145877e+00  -3.2007281e+00   1.6966331e+00   4.7084673e+00   8.2375761e+00  -4.8065164e+00  -6.8694081e+00  -3.6811282e+00  -5.5296015e-01  -4.6111373e-01   1.6090944e-01  -3.5116986e-01  -1.1627416e+00  -1.6978447e+00   1.1892229e+00  -1.5859950e-01   2.9276386e+00   2.0674322e+00  -2.2068420e+00  -5.9111496e-01   1.9733355e-02  -5.5361728e-02
   1.9765604e+01  -1.3787096e+01  -2.0187366e+00  -3.1078804e+00   5.8628396e+00   3.6441131e+00   6.9318757e+00  -5.0548457e+00  -5.2089889e+00  -4.9193775e+00  -2.3974145e+00  -2.6834518e-01  -2.2353704e-01   2.7663037e+00  -6.0368001e-02  -1.6737383e+00   2.5893808e+00  -1.5866057e+00  -4.6721758e-01   1.8929225e+00  -7.1314314e-01  -9.9100622e-01  -1.3560231e+00   4.8004407e-01
   2.1493659e+01  -1.0410865e+01  -3.9259177e+00  -1.6166709e+00   8.2727571e+00   1.3362328e+00   4.9219903e+00  -3.9683167e+00  -5.3309521e+00  -5.3503703e+00  -2.9223968e+00   1.2743703e-01  -1.2730358e+00   2.9781250e+00   4.6387672e+00  -2.4101273e+00   1.6170003e-01  -9.6288439e-01  -1.0572041e+00  -8.9885442e-01   3.6967592e-01   2.2051916e-01   1.5650916e-01   2.4855985e-01
   1.9310576e+01  -7.0481576e+00   1.5233102e+00  -2.7504020e+00   6.1466087e+00   1.7051166e-01   6.8777520e-01  -2.3262203e+00  -5.5409491e+00  -5.1125234e+00  -2.4332985e+00   2.8087702e-01  -2.3477516e+00  -1.2359312e-01   6.5732532e+00  -5.1852840e+00  -3.2837366e+00   2.4971918e+00   2.0778235e+00  -3.1764458e+00  -8.8470677e-01   1.1998189e+00   1.3267882e+00  -2.9023218e-01
   1.8468763e+01  -1.1797055e+01   3.7725397e+00  -6.9946582e+00   1.7972986e+00   5.0009414e+00   9.7738201e+00  -7.5191107e+00  -6.1489141e+00  -3.2537765e+00  -3.0025440e-01  -3.6288506e-01  -1.9732661e+00  -1.4136773e+00   4.7632387e+00  -4.0039601e+00  -2.4810370e+00   4.5530246e+00   1.9071213e+00  -3.7636516e+00  -5.0840414e-01   1.2382809e+00   2.4404911e-01  -6.2366163e-01
   1.7756424e+01  -1.3279390e+01   3.9919145e+00  -8.1968128e+00   4.1749639e+00   5.5575464e+00   7.6226959e+00  -8.0441174e+00  -6.1270680e+00  -4.1679461e+00  -1.7183035e+00  -4.5853240e-01   9.7337412e-03   3.1058192e+00   1.8519164e+00  -6.3420427e-01  -2.6087152e-01  -9.8172018e-01   2.8623346e-01  -1.8263986e+00   1.4043680e-01   1.1721931e+00  -1.0660302e+00  -4.2685107e-01
   1.9310836e+01  -9.4157650e+00   1.9846382e+00  -4.8994057e+00   5.5370241e+00   5.4722523e+00   4.3152119e+00  -6.7548455e+00  -5.8004988e+00  -3.9652376e+00  -2.9138207e+00  -4.3835070e-01  -8.5993778e-02   3.3434825e+00   1.0641281e-01   1.8771907e+00  -2.4767675e-01  -2.5454751e+00  -2.1526251e+00   1.3102819e+00   1.5108509e+00   7.0139328e-01  -7.0530154e-01   1.4661913e-01
   1.8904140e+01  -3.5800740e+00   5.1951356e+00  -4.7493347e+00   3.8854387e+00  -1.5377240e+00   3.8464295e+00  -5.4479508e+00  -5.5045015e+00  -2.9985032e+00  -2.7255607e+00  -3.2166676e-01  -1.4808248e+00  -1.2670651e+00  -2.2463631e-01  -4.3351015e-02  -4.2839001e-01  -2.3544085e+00   1.4647531e+00  -3.8745960e-02   1.6189345e+00   1.0557056e-01   3.8426566e-01   1.7854831e-01
   1.7765915e+01  -1.1631490e+01   3.3305483e+00  -5.9026112e+00   1.5705461e+00   4.7303641e+00   8.4330157e+00  -6.8517712e+00  -4.1939210e+00  -2.7864080e+00  -8.5457814e-01  -2.1138919e-01  -2.2650380e+00  -5.7234143e+00  -3.3971130e-01  -1.1393316e+00   2.8660488e+00  -3.0057021e+00   2.0424405e+00  -7.0417537e-01   1.8353772e+00  -1.0843511e+00  -4.9329401e-01   1.5983632e-01
   1.6307648e+01  -1.4072126e+01   2.9820050e+00  -7.7602365e+00   5.5156179e+00   2.3968778e+00   7.7609238e+00  -8.0537736e+00  -4.5019551e+00  -4.5990051e+00  -2.1715263e+00  -3.0419069e-01  -1.9918397e-01  -5.7990130e+00  -2.2939051e+00   4.4396949e+00   2.5249733e+00  -1.2992534e+00  -1.8324114e+00   1.0589802e+00   1.6665441e+00  -1.2695136e+00  -2.0089556e+00   3.0381540e-01
   1.7211525e+01  -1.2754861e+01   2.5816366e+00  -5.1029521e+00   9.0210078e+00  -1.0036018e+00   5.4216255e+00  -6.5081972e+00  -3.5487062e+00  -4.7915133e+00  -3.9307789e+00  -2.0733425e-01   4.7757138e-01   1.8016236e-01   6.7966151e-01   3.7864258e+00   4.7337026e-01  -3.6259295e+00  -2.8392497e+00   3.9123322e+00   8.5804360e-01  -4.9243449e-01  -6.2911517e-01   3.2635493e-01
   1.8882559e+01  -1.1716908e+01   2.1287338e+00   1.5103780e+00   3.9476677e+00  -6.1962119e-01   2.6035074e+00  -4.0312675e+00  -3.3272928e+00  -3.9002210e+00  -4.2008937e+00   1.3202887e-01  -2.2499037e-01  -7.2841113e-01   8.7452286e-01   1.5382801e+00  -1.4290392e+00  -2.2771464e+00  -6.8564918e-01   2.6798250e+00   7.6914643e-01  -3.1550831e-01   9.4227605e-01   2.1834989e-01
   1.7194816e+01  -1.2538855e+01   4.7766762e+00  -4.8582799e+00   3.0645765e+00   7.9971934e-01   6.7528494e+00  -2.9945260e+00  -3.4941868e+00  -3.8744518e+00  -7.8356718e-01   6.0033421e-02  -1.7222548e+00  -2.4671960e+00   6.1055338e-01  -9.8838161e-01   1.2368627e+00  -2.7396878e+00   6.7120951e-01  -1.9927879e-01   8.4274130e-01  -1.1660974e+00   4.4383567e-01   1.8753437e-04
   1.5978517e+01  -1.5272745e+01   3.1962695e+00  -5.5751525e+00   6.3502747e+00  -1.9205023e+00   6.0668381e+00  -5.7908717e+00  -3.3754952e+00  -5.5307983e+00  -2.3317181e+00  -1.1034969e-01  -1.0505089e+00  -9.3630128e-01  -1.1845365e+00   2.9592875e+00   4.0262185e+00  -6.4290967e+00  -9.2319599e-01  -5.1092076e-01   1.0977636e+00  -6.9424621e-01  -1.2988367e+00  -1.5561541e-01
   1.6080164e+01  -1.4677736e+01   2.9636988e+00  -3.0427593e+00   9.6749983e+00  -4.4626929e+00   4.6967744e+00  -5.9273132e+00  -2.2604931e+00  -5.7253707e+00  -4.1996132e+00  -8.5863669e-02   3.4128170e-01   2.6555995e+00  -1.4379652e+00   4.8496250e+00   2.9049764e-01  -2.0414179e+00  -2.2337071e+00   1.0355194e-01   9.6591945e-01   5.3392748e-01  -9.9276602e-01  -2.1100306e-02
   1.7864122e+01  -1.2051919e+01   1.2584177e+00   5.0415490e+00   6.6817845e+00  -7.6320602e+00   2.2467509e+00  -3.3312550e+00  -2.2974942e+00  -4.0161309e+00  -4.4411257e+00  -2.8445694e-02   5.4209707e-01   1.9442551e+00   7.1648215e-01  -6.5822276e-01  -1.9850354e+00   2.7205863e+00  -6.6969703e-01  -4.0324360e-01   5.1691313e-01   2.8681272e-01   1.3488265e+00  -3.9781430e-02
   1.6763936e+01  -1.0165869e+01   3.5886542e+00  -2.8921931e+00   3.3345681e+00   5.9337149e-01   5.3123324e+00  -4.0690064e+00  -2.5843081e+00  -3.8308943e+00  -1.2180124e+00  -1.2569036e-02  -6.3084297e-01  -1.7461532e-01   1.4675911e+00  -5.3035038e+00  -3.1819104e-01   4.5990650e+00  -6.5052825e-01  -2.0630349e+00   1.2053326e-01  -1.0013118e+00   1.2734477e+00  -1.1229273e-01
   1.6449776e+01  -1.4612296e+01   3.9585150e+00  -6.6377697e+00   6.5429367e+00  -3.6765512e-01   4.7545135e+00  -7.3248905e+00  -2.4382180e+00  -6.0478174e+00  -1.7992788e+00  -2.0666915e-01  -9.0731091e-02  -8.5925836e-01   2.2476918e+00  -3.5879320e+00   1.2371480e+00   1.8237723e+00  -1.5671066e+00  -2.6787749e+00   4.4545965e-01  -1.1813811e+00  -9.5678144e-01   5.4253371e-02
   1.5841072e+01  -1.3659471e+01   3.8150369e+00  -5.1583555e+00   9.2671357e+00  -1.1962980e+00   2.4671007e+00  -7.0250478e+00  -2.0093313e+00  -6.2114951e+00  -3.6103651e+00  -1.6519104e-01  -5.3334583e-03   9.6428334e-01   1.2767926e+00   2.6026155e+00   4.4278913e-01  -1.3967222e+00  -2.5471562e+00  -1.0388547e+00   1.7307963e+00   6.5927872e-01  -1.4779988e+00   2.4853091e-01
   1.8189457e+01  -1.1594006e+01   4.5167641e+00   7.9273231e-01   5.5712228e+00  -4.0015670e+00   1.3187068e+00  -5.8713966e+00  -1.9167932e+00  -4.5979021e+00  -4.6801215e+00   1.2924536e-01  -5.9454531e-01   8.0266347e-01  -3.2655071e-01   1.9332942e+00  -1.0287647e+00   1.4937680e-01  -1.7428204e-01  -1.2357188e+00   1.8017643e+00   1.6773462e+00  -2.2747058e-01   2.4348693e-01
   1.5886095e+01  -1.0228589e+01   5.2247186e+00  -2.7035208e+00   4.4846088e+00   3.1524412e-01   3.2095014e+00  -6.3540354e+00  -2.4882603e-01  -3.5669338e+00  -1.9945892e+00   1.9227007e-01  -1.0329050e+00  -2.4529286e+00  -1.1074856e+00  -1.1279300e+00   1.2140244e+00   4.0011226e-01   1.4125230e+00  -3.5678852e+00   1.4879622e+00   4.3275916e-01   1.3668357e-01  -1.1512541e-02
   1.5535447e+01  -1.5123742e+01   2.7638480e+00  -4.9652458e+00   7.3910531e+00  -8.9936096e-01   4.1218902e+00  -9.5139748e+00  -6.1582414e-01  -4.8540788e+00  -2.9483726e+00  -2.0169319e-02  -6.3031727e-01  -2.2359457e+00  -1.8377320e+00   9.1698243e-01   2.8459479e+00  -2.2604109e+00   1.9482397e-01   4.9703331e-01  -8.4869045e-01  -1.6701770e+00  -8.4312702e-01  -1.3913516e-01
   1.5618720e+01  -1.5573996e+01   3.0302665e+00  -3.9712615e+00   1.0178257e+01  -2.1472326e+00   3.1842936e+00  -1.0555586e+01  -4.2787258e-01  -5.4342680e+00  -4.2712142e+00  -1.0775251e-01   5.9735901e-01   4.2119045e-01   1.4508519e-01   4.8676057e+00  -1.5780103e+00  -3.6247974e+00   1.6505771e+00   3.4746304e+00  -1.3007715e+00   1.7397785e-01  -1.2423889e+00   1.3931720e-01
   1.7377669e+01  -1.2275221e+01   2.8573922e+00   2.8020763e+00   6.9933204e+00  -6.1609449e+00   1.6235467e+00  -3.0250711e+00  -3.1003056e+00  -6.1695005e+00  -4.8064996e+00   7.0553913e-02   1.4361876e+00   2.9102055e-01   2.7916646e+00   1.5499141e+00  -4.8837996e+00   1.3077662e+00   2.5685949e+00   5.3939391e-01  -4.2172285e-01   1.5538353e+00   6.3579334e-01   4.8710652e-02
   1.5861023e+01  -1.1021063e+01   5.3955743e+00   7.1422671e-01   2.3164596e+00  -2.4911600e+00   6.9345388e+00  -4.3865418e+00  -9.5774250e-01  -2.6482562e+00  -2.9291090e+00   3.5588426e-01   9.8531178e-01  -3.0946606e+00   3.0823420e+00  -3.0993684e+00  -3.5084772e+00   5.4911801e+00   1.0143830e+00  -4.1625555e+00   5.4163258e-02   1.1402367e+00   9.4584641e-01  -1.5669701e-01
   1.7568577e+01  -1.6963677e+01   5.7686909e+00  -4.9831188e+00   3.9962524e+00   1.2342521e+00   6.0996598e+00  -1.1789406e+01  -9.8347345e-01  -3.9163318e+00  -2.6657351e+00  -1.7892172e-01   7.9659619e-01  -3.8141568e+00   1.2801608e+00  -1.7002258e+00   2.2297373e-01   6.7029783e+00  -4.2032087e+00  -6.0462741e+00   7.7957874e-02  -1.8503149e-01   3.3860946e-01  -3.0195611e-01
   1.7001234e+01  -1.7871759e+01   6.1981301e+00  -4.7277165e+00   6.4140754e+00   2.3919390e+00   2.4678115e+00  -1.2417252e+01  -1.4050437e+00  -4.8504974e+00  -3.9228268e+00  -2.1806021e-01  -3.2224885e-01   5.8162896e-01   5.3860127e-01   3.1235706e+00   1.2926762e+00   1.8722448e+00  -6.9870989e+00   8.7001298e-01  -2.8491993e-01  -6.3317857e-01   3.1216154e-01  -1.6449492e-01
   1.8002458e+01  -1.4571109e+01   4.3763554e+00   2.9727092e+00   5.2789731e+00   1.4519730e+00  -2.4479028e+00  -8.0791271e+00  -2.7597181e+00  -5.3459272e+00  -3.8017265e+00  -9.5408013e-02  -9.6031606e-01   4.3427084e+00  -1.2684164e+00   1.6099499e-01  -1.0038989e-01   7.9352117e-01  -3.1495922e+00   6.0775908e+00  -2.5489158e+00   1.7380301e+00   8.2195919e-01   2.2664082e-01
   1.5160709e+01  -1.1344904e+01   6.8996440e+00   1.4216686e+00   3.6141136e+00   2.0834668e-01   7.2767169e-01  -4.9366619e+00  -4.9700006e-01  -2.8832264e+00  -1.8928711e+00   6.7385026e-02  -4.8395518e-01   1.9902025e+00  -2.1109076e+00  -5.3902488e+00   8.6376425e-01   2.2281474e+00  -1.1991363e+00   3.4185875e+00  -2.7054041e+00   1.4123040e+00   6.0851151e-01   5.3192514e-02
   1.7048365e+01  -1.3713042e+01   3.5153094e+00  -7.8163189e+00   5.2456484e+00   3.5163300e+00   2.2453415e+00  -6.4133153e+00  -5.2608690e+00  -2.2929221e+00  -2.4477742e+00   1.8316886e-02   7.7522188e-01  -1.6687781e+00  -1.4005694e+00  -5.1195823e+00   1.9726826e+00   1.4191290e+00  -1.8613767e+00   1.1754793e+00  -1.5908392e+00  -6.0685944e-01  -7.5367350e-01  -8.9852776e-02
   1.6752347e+01  -1.5315488e+01   3.4622916e+00  -7.4185757e+00   7.7263841e+00   4.7019816e+00  -1.6775151e+00  -8.1222767e+00  -4.2125744e+00  -4.2585439e+00  -3.6870357e+00  -1.9513388e-01   4.4114699e-01  -4.7858299e-01  -7.0889247e-01   2.5788350e+00   2.1538536e+00  -2.0900334e+00  -3.5068638e+00   3.1807907e+00   1.2833610e+00  -1.0987230e+00  -1.8524760e+00  -1.0609805e-01
   1.8369471e+01  -1.5088984e+01   3.9941775e+00  -2.8654208e-01   6.1818618e+00   1.3338490e+00  -4.0373745e+00  -4.7231007e+00  -3.2881897e+00  -5.5685576e+00  -4.0351544e+00  -9.8927722e-02  -2.7871912e-01   7.6966464e-01  -1.8350930e-02   4.9578577e+00   1.4698431e+00  -7.4791416e+00   3.3385865e+00   2.3386654e+00   1.6110934e+00   2.2544458e-01   1.1357574e-01   1.4258649e-01
   1.5161876e+01  -1.1374808e+01   5.5968712e+00   1.5250327e+00   6.3767873e+00  -1.8354629e+00  -1.3912661e+00  -1.0105832e+00   4.4170180e-01  -2.8934931e+00  -3.8778950e+00  -3.3139746e-02  -4.1831743e-01  -6.4391442e-01  -1.1789914e+00   6.9548225e-01   1.6531105e+00  -7.5842968e+00   7.9735547e+00  -1.3146570e+00  -8.8271261e-01   3.9481265e-01   9.8473879e-01   2.3027146e-01
   1.7425522e+01  -1.4528885e+01   2.4204932e+00  -4.8513365e+00   8.1252114e+00  -4.4336601e+00   7.1100967e+00  -6.4611639e+00  -5.1713671e+00  -2.6372806e+00  -2.1819810e+00   1.5119956e-01   1.6865360e-02  -8.6378786e-01  -1.5368737e+00  -2.7394170e-01   2.7031704e+00  -4.9394459e+00   3.9638565e+00  -2.9112887e+00  -2.8966792e+00  -9.9644940e-01   4.3043057e-01   1.1645794e-01
   1.6596846e+01  -1.6561409e+01   2.4806467e+00  -4.0929551e+00   9.2343750e+00  -3.7907091e+00   4.7090814e+00  -9.2252306e+00  -4.5950547e+00  -5.1319634e+00  -3.1365142e+00   2.5209660e-02  -4.7621421e-01   1.3422989e+00   4.6929843e-01   4.2573051e+00   2.7007882e+00  -2.6729836e+00  -2.8874856e+00   3.6255934e-01  -2.9067307e+00  -1.8935411e+00   6.8622214e-01   2.0779439e-01
   1.7677284e+01  -1.3791365e+01   3.2469791e+00   2.1115393e+00   8.8078236e+00  -5.0976968e+00  -1.1417634e+00  -4.9827100e+00  -5.1148304e+00  -5.9439966e+00  -3.7601990e+00   4.6584480e-02  -2.3686756e+00   2.1933563e+00   3.5706891e+00   9.0457776e-01   4.1820613e-02   1.5955529e+00  -3.7805186e+00   2.5123795e+00   4.7792047e-01   4.1853434e-01   7.0490329e-01  -8.4949621e-02
   1.4321674e+01  -9.7301194e+00   5.8875759e+00   4.4295525e+00   1.0086664e+01  -5.5129200e+00  -1.5965644e+00  -1.2059711e+00  -3.9466626e+00  -4.0804469e+00  -2.0594528e+00   3.3085938e-01  -2.3519614e+00  -2.6633263e-01   3.3512941e+00  -6.3959740e+00  -2.9210797e-01   3.3694411e+00   7.5195054e-01  -8.7284373e-01  -4.6710198e-01   1.2890625e+00   9.7818933e-01  -2.9138564e-01
   1.5010095e+01  -1.4654496e+01   6.0730623e+00  -7.7557237e+00   7.7617981e+00  -1.1792254e+00   4.5921416e+00  -6.7022244e+00  -4.7786824e+00  -2.5352374e+00  -1.6631567e+00  -1.2904973e-01  -1.0746481e+00  -2.3176308e+00   1.6259906e+00  -7.5344657e+00  -1.2411826e+00   5.7725104e+00   8.7675286e-01  -4.2105583e+00  -9.5074629e-01   2.3846319e-01   3.6361261e-01  -2.5620509e-01
   1.4402499e+01  -1.6529343e+01   6.0945463e+00  -8.7532846e+00   9.3192258e+00  -6.9578323e-01   2.9700547e+00  -9.6747390e+00  -5.4637816e+00  -4.9027492e+00  -2.7177513e+00  -3.2405169e-01   3.9521536e-01  -2.1997048e-01  -2.1813550e-01  -1.0756946e+00   8.0830916e-01   4.4536317e+00  -1.6542374e+00  -3.6090454e+00  -9.4158344e-01  -3.7678064e-01  -8.4338073e-02   1.1621367e-01
   1.6024900e+01  -1.3868199e+01   5.5824799e+00  -2.5987407e+00   7.3297686e+00   1.1525004e+00  -2.1099437e+00  -7.0641636e+00  -5.7823903e+00  -5.1751506e+00  -2.8856308e+00  -1.0267618e-02   1.2972047e+00   2.6688955e+00  -7.6984306e-01   3.2683726e+00   9.5927169e-02   4.6236622e-02  -4.5154916e-01   2.3560327e+00   4.9948772e-01  -7.7197111e-01   4.5596443e-01   6.2226390e-01
   1.4407094e+01  -1.0453223e+01   5.8056638e+00   2.3751915e-01   1.1515142e+01   1.6647119e-03  -7.2687792e-01  -6.4385696e+00  -4.8571838e+00  -3.3256612e+00  -1.5747229e+00   4.4578882e-01   1.4463787e+00   1.4578388e-01  -9.2944253e-01  -1.0725447e+00  -6.7407107e-01  -1.8575333e+00   2.8701491e+00   2.6173678e+00   3.1622652e-01  -9.3428465e-01   4.6225870e-01   5.6383027e-01
   1.6953604e+01  -1.3689212e+01   5.0627389e+00  -7.3485667e+00   6.8077307e+00  -1.4585944e+00   5.7632842e+00  -4.7862601e+00  -4.3327497e+00  -4.4817381e+00  -1.5507243e+00   4.1942586e-01   1.2125196e+00  -1.8428044e+00  -8.3437577e-01  -1.9300270e+00  -8.3004390e-01  -2.6256409e+00   2.9077610e-01   1.6615417e+00   7.0712372e-01  -2.3038914e+00   7.7047135e-03   9.9259387e-03
   1.6107715e+01  -1.6400161e+01   4.9602529e+00  -7.9871886e+00   8.5691382e+00  -2.1765358e+00   3.3386645e+00  -6.8876391e+00  -5.7142621e+00  -6.6508825e+00  -2.6918165e+00   3.0684697e-01   4.7447313e-01   7.9516016e-01  -4.7476053e-01   1.5685075e+00  -3.4040339e-01  -5.2799775e+00  -3.1169971e+00   2.1206545e+00   8.4946165e-01  -4.6068174e-01  -6.5232036e-01  -2.6083954e-01
   1.6993369e+01  -1.3658937e+01   4.7536217e+00  -1.3814273e+00   7.5577047e+00  -1.6968607e+00  -3.7065507e+00  -4.3473163e+00  -4.2931656e+00  -6.9683770e+00  -2.3155269e+00   7.4092217e-02  -8.3934982e-01   1.4618171e+00   5.2219485e-01   4.5207586e+00   4.0118167e-02  -2.3678347e+00  -2.2289275e+00   1.7875913e+00  -9.1664128e-02   2.6664332e+00   1.6142376e-01  -2.1667448e-01
   1.5098921e+01  -9.2756205e+00   5.2480817e+00  -3.9328923e-01   1.0629550e+01  -7.7991684e+00  -6.6745614e-01  -3.4770598e+00  -3.6027834e+00  -2.7733644e+00  -2.1708021e+00   2.2719634e-01  -7.4488848e-01  -1.7338776e+00   9.4015765e-01   4.3021796e-01  -1.1313387e+00  -1.2751247e-01   1.8892361e+00   5.0032073e-01  -1.2282630e+00   2.5686020e+00   3.1634891e-01  -1.4240102e-01
   1.6198976e+01  -1.5058757e+01   5.7021168e+00  -4.3643786e+00   5.8377020e+00  -2.1990301e+00   4.4229532e+00  -3.8101627e+00  -5.5259853e+00  -2.4208473e+00  -1.5690959e+00   1.3423945e-01  -1.4272467e-01  -5.1460412e+00   1.4168824e+00  -1.3611192e+00  -1.1424520e+00   1.8436686e+00   1.7120902e+00  -1.8920403e+00  -1.6664577e+00  -2.9183961e-01  -3.3166121e-01   1.9239366e-02
   1.5387579e+01  -1.8301067e+01   5.8962418e+00  -5.8503861e+00   7.7321314e+00  -2.1167198e+00   2.1077666e+00  -6.4057348e+00  -6.9402468e+00  -5.0717443e+00  -2.5905086e+00   6.3171826e-02   1.0443807e+00  -3.0113113e+00   1.8076741e+00   3.0678102e+00  -1.1719206e+00   1.6124553e+00  -5.3194142e+00   6.5360894e-03  -4.2446042e-01  -2.5950681e+00  -1.4264111e-01   3.3072014e-01
   1.6634953e+01  -1.6865276e+01   6.5548651e+00  -6.9455770e-01   7.2927359e+00  -1.7725821e+00  -2.5260267e+00  -5.7210393e+00  -5.1241205e+00  -6.2569465e+00  -2.6031655e+00   1.8496352e-01   6.5933608e-01   1.9522311e+00   1.0739680e+00   3.3494524e+00  -7.6989613e-01   5.1807586e-01  -2.3693445e+00   2.8806125e-01   1.9608872e+00  -5.6395615e-02   6.1856649e-01   2.3872663e-01
   1.6447504e+01  -1.2889328e+01   7.5332186e+00   2.3735157e+00   8.1441521e+00  -5.5937094e+00  -5.1720874e+00  -2.5118174e+00  -4.4404064e+00  -4.7479170e+00  -1.8677290e+00   6.9791451e-01   5.5364830e-01   1.4641756e-01   6.8685972e-01  -1.1755348e+00  -8.0544040e-01   1.3480227e+00   2.7305389e+00  -9.3179824e-01   1.5407354e+00   8.0770150e-01   7.7994472e-01   6.3898126e-02
   1.6658017e+01  -1.4836280e+01   6.4945804e+00  -3.4521508e+00   4.4768475e+00   3.1657848e-01   4.5088635e+00  -5.3250295e+00  -3.8345747e+00  -2.6673544e+00  -1.0026360e+00   1.7495805e-01  -6.5018520e-01  -2.4687952e+00   4.8515043e-01  -4.6430857e+00   1.3665982e+00   2.3084836e+00   3.2104628e+00  -2.9150018e+00   8.6546603e-03  -7.1007832e-01  -1.3072149e-01  -2.0125142e-01
   1.6206519e+01  -1.9095939e+01   6.9566738e+00  -6.2348917e+00   7.9319150e+00  -1.1392660e+00   2.6861298e+00  -8.0014370e+00  -5.2739167e+00  -5.6549881e+00  -2.2208563e+00   1.6402175e-01  -8.1532486e-01  -2.2881692e+00   1.2835759e+00  -2.3238128e-01   3.9173611e+00   1.0182077e+00  -2.4764826e+00  -2.1403712e+00  -5.8498421e-01  -1.0095112e+00  -1.6209725e+00  -6.5490546e-02
   1.5780168e+01  -1.7465163e+01   7.5708632e+00  -3.3549825e+00   9.4487518e+00  -5.3707842e-01  -1.6394412e+00  -7.3487322e+00  -4.6943834e+00  -6.8685284e+00  -2.6226841e+00   1.5003278e-01  -2.8744984e-01   2.3049771e+00   1.0002713e+00   1.7851612e+00   3.2452756e+00  -2.0285748e+00  -3.4539297e+00   1.5030045e+00   6.3905741e-01   1.3078401e+00  -9.3497503e-01   9.9178884e-02
   1.5663441e+01  -1.5007140e+01   8.9204410e+00   1.9763597e+00   1.1534242e+01  -3.6395694e+00  -5.8126589e+00  -4.7105229e+00  -4.8879784e+00  -4.1615968e+00  -3.4891638e+00   6.1214133e-01   5.5657064e-01   2.7552775e+00  -1.2250526e+00  -8.6731843e-01   6.9624076e-01  -2.3093590e+00   3.6533621e+00  -1.5089950e-01   3.8636047e-01   3.1628319e+00  -2.8145428e-01  -1.4226339e-02
   1.6498382e+01  -1.3423213e+01   7.0131037e+00  -4.8800347e+00   7.5435977e+00  -1.4761320e+00   3.5773634e+00  -4.7159799e+00  -3.0689577e+00  -1.4522899e+00  -1.7709448e+00   9.9666590e-02   4.8695848e-01   2.8519795e-01  -3.2232352e+00  -1.9145439e+00  -5.8945186e-01  -1.7331858e+00   6.5995105e+00  -3.1999112e+00  -1.1737622e+00   1.7027861e+00  -7.5046076e-01  -1.3172195e-02
   1.6682268e+01  -1.6983997e+01   5.3979746e+00  -6.7733432e+00   9.9288532e+00  -4.1337777e+00   5.5577707e+00  -9.5441624e+00  -5.5070888e+00  -3.6188596e+00  -3.0689074e+00   1.6786534e-01   1.2988269e+00   1.4348909e+00  -5.2748624e+00   3.3989704e+00  -7.4099228e-02  -1.8204517e+00   9.8622287e-01  -1.9258453e+00  -9.5712161e-01  -1.7677868e+00  -5.3603610e-01   1.4952081e-01
   1.6001192e+01  -1.6048937e+01   4.4972436e+00  -1.8519469e+00   9.3672682e+00  -2.8897529e+00   2.5746098e+00  -9.7317792e+00  -6.1454715e+00  -4.5857179e+00  -3.9585034e+00   3.5241249e-01  -3.9394480e-03   3.1792604e+00  -1.5417615e+00   6.8165343e+00  -9.5060452e-01  -6.4804606e-01  -3.9116576e+00   1.8368685e+00   1.0402248e-01  -7.2132943e-03  -1.8787136e-01   2.5282589e-01
   1.7860276e+01  -1.1541942e+01   2.2660775e+00   5.5607714e+00   1.0511257e+01  -5.6634364e+00  -3.8319478e+00  -5.0913912e+00  -4.7854040e+00  -5.2465630e+00  -3.1994386e+00   7.1004959e-01  -1.0814353e+00   3.0299033e+00   7.8923942e-01   1.1171420e+00  -3.1765125e+00   2.1516786e+00  -1.0987248e+00   3.6436162e+00   5.1248019e-01   1.1317023e+00   1.0086885e+00  -7.8099481e-03
   1.5903468e+01  -1.1375351e+01   6.2664100e+00  -8.2229062e-01   5.8264888e+00  -1.6833718e+00   2.4047363e+00  -4.1870627e+00  -3.2737664e+00  -6.4925810e-01  -1.9874862e+00   2.0781330e-01  -1.9401419e+00  -7.9606192e-01   2.2784379e+00  -5.0150436e+00  -1.5703088e+00   2.5963441e+00   1.6623214e+00   7.1954784e-01  -8.7478768e-01  -6.7251319e-01   8.1782645e-01  -2.6535322e-01
   1.5108977e+01  -1.4775936e+01   5.6972506e+00  -5.6124583e+00   6.9344743e+00  -1.5094504e+00   3.9946203e+00  -6.8510965e+00  -6.1742210e+00  -3.8895361e+00  -2.5413832e+00   2.2845000e-01  -1.3196123e+00  -1.6221261e+00   2.0080737e+00  -1.9975019e+00   1.1138581e+00   8.2528582e-01  -1.2548189e+00  -1.5971442e+00  -1.6824607e+00  -1.8186352e+00   3.9465291e-03   1.4672603e-02
   1.4466629e+01  -1.5626033e+01   6.1993139e+00  -3.7878974e+00   8.8001967e+00  -1.0722298e+00   1.1548078e+00  -7.7726048e+00  -6.7632445e+00  -6.2730011e+00  -3.0607914e+00   1.9518246e-01  -4.5361136e-01   1.8304688e+00  -7.6066879e-01   6.0167732e+00   3.2432298e+00  -4.5473672e+00  -5.6884823e+00   1.3346636e+00   1.1014558e+00  -1.3447935e+00  -1.9343960e-01   5.0769741e-01
   1.6599278e+01  -1.1849790e+01   5.3117361e+00   4.0473220e+00   1.0695191e+01  -4.7310787e+00  -5.0892120e+00  -5.6943364e+00  -5.5643559e+00  -5.1626442e+00  -2.6568662e+00   7.3837392e-01   5.0015793e-01   1.4611636e+00  -2.6447259e-01   2.0687638e+00   5.6068074e-01  -1.5656157e+00  -2.0652402e+00   3.1439321e+00   1.1076424e+00   2.1818508e+00  -4.2227407e-02   2.8874907e-01
   1.4477901e+01  -1.0092721e+01   5.3181640e+00   3.3729791e+00   8.8109753e+00  -6.8936084e+00  -1.5860710e+00  -2.7634473e+00  -1.9265153e+00  -2.0298943e+00  -2.2199041e+00   7.1439747e-01   5.7440095e-01  -2.6320862e+00   1.2974419e-01  -4.5142383e+00   1.4381637e-02   1.1765723e+00   1.5176719e+00   1.0160406e+00  -8.3388501e-01   1.1168736e+00  -3.7908814e-01  -1.1179642e-01
   1.5853578e+01  -1.5350847e+01   5.7411166e+00  -6.0897508e+00   7.7701061e+00  -9.4718457e-01   2.2671994e+00  -4.6397771e+00  -6.9311220e+00  -2.7383133e+00  -3.0251680e+00   4.0196611e-01   9.8291421e-01  -4.0268754e+00   7.5894560e-01  -4.4525516e+00  -2.2759046e-01   2.5593557e+00   9.5313456e-01  -2.2736578e-01  -1.9208443e+00  -1.6003598e+00  -1.2378610e+00  -3.1041750e-01
   1.5701080e+01  -1.7823634e+01   6.1792399e+00  -5.4907184e+00   1.0284311e+01  -1.1993183e+00  -2.4689009e-01  -6.7758236e+00  -7.3306889e+00  -5.8098562e+00  -3.4452727e+00   1.9569173e-01   7.1329521e-01  -9.8978466e-01   1.1909182e+00   4.0169897e+00   3.7736428e-01   4.3879666e-01  -3.4994300e+00  -1.0443324e+00   7.9771842e-01  -1.5098280e+00  -1.0411181e+00   1.7816846e-01
   1.7462059e+01  -1.4024646e+01   6.0196166e+00   1.8003433e+00   9.6171369e+00  -3.7391902e+00  -4.3291006e+00  -4.0291969e+00  -5.7435355e+00  -5.6732030e+00  -3.9009734e+00   5.3210054e-01   3.3091781e-02   2.1186511e+00   3.5672868e-01   5.5139168e+00  -3.4671288e+00  -1.1625392e+00   2.2695040e+00  -2.1464536e-01   2.4894843e+00   1.5161210e+00  -1.7398462e-01   3.2466602e-01
   1.4743603e+01  -1.2240498e+01   6.9652914e+00   5.4534165e+00   8.4535063e+00  -4.8394106e+00  -3.5370660e+00  -4.6352360e+00  -1.3237309e+00  -2.8271914e+00  -3.3436785e+00   9.1658295e-01  -7.2788470e-01   2.1427506e-01  -2.0394085e-01  -6.1725786e-01  -5.6357306e+00   6.3735040e-01   7.0346977e+00  -1.6955853e+00   2.3302908e-01   1.6565464e+00  -3.0921626e-01   1.0695961e-01
   1.6381954e+01  -1.4964438e+01   5.8831839e+00  -3.2909431e+00   3.4848154e+00  -8.7094719e-01   7.3165435e+00  -6.0320389e+00  -6.2003746e+00  -1.9554642e+00  -3.3369420e+00   5.2851953e-01  -4.6501421e-01  -9.3480114e-01  -5.0933235e-01  -3.6849742e+00  -3.2225173e+00   1.8997487e+00   5.3900487e+00  -2.0727835e+00  -1.1490961e+00  -8.5949990e-01  -4.9084861e-01  -2.6657473e-01
   1.5149306e+01  -1.7032325e+01   5.9415449e+00  -3.8709620e+00   4.8968762e+00  -1.6774143e+00   4.4823344e+00  -8.3177805e+00  -6.7527258e+00  -5.1839060e+00  -4.1911128e+00   3.5792165e-01   2.0846512e-01   1.7432969e+00  -6.4434161e-01  -1.7989396e+00   1.9872341e+00   1.9164576e+00  -2.4612568e+00  -1.0350439e+00  -7.7290538e-01  -1.0051074e+00  -9.4393396e-02  -2.3113118e-01
   1.6561687e+01  -1.3030934e+01   5.7674913e+00   9.3507130e-01   6.5616759e+00  -2.4705654e+00  -2.5372778e-01  -5.2971000e+00  -4.7526823e+00  -5.7840956e+00  -4.2135292e+00   4.1156910e-01  -1.4405198e-01   3.1026676e+00   7.0462537e-01   7.1275533e-02   3.5710708e+00   9.9344319e-02  -4.1745925e+00   1.9259978e+00   2.0461495e+00  -2.1366088e-01   1.7405326e+00   1.1764491e-02
   1.4966435e+01  -1.0592304e+01   6.0566253e+00   6.4199990e-01   9.8959272e+00  -1.1649150e+00  -3.4438157e+00  -6.5552714e+00  -3.2069352e+00  -2.4205369e+00  -3.0469751e+00   6.2836139e-01  -5.6909809e-02   4.6169193e-01   7.9618861e-01  -3.8405787e+00   1.4353824e+00   5.1639177e-01   3.8248529e-01   1.7840929e+00   4.5241856e-01  -4.2506586e-01   2.0895777e+00   1.1369314e-02
   1.6257312e+01  -1.3530447e+01   6.8825817e+00  -5.4405107e+00   6.3418960e+00  -9.7818034e-01   5.0177298e+00  -4.0242968e+00  -4.9040457e+00  -3.6576401e+00  -1.2982121e+00   4.1094639e-01  -5.3462832e-01  -2.0391692e+00   1.1813152e+00  -4.1551552e+00  -1.5166455e+00   9.0611099e-01   5.0485174e-01   1.2119297e+00  -1.4641949e+00  -2.6095383e+00   8.6982145e-01  -3.1803820e-03
   1.5216129e+01  -1.6090031e+01   6.5782826e+00  -6.4440390e+00   7.1598398e+00  -1.6490191e+00   2.4203335e+00  -6.2780427e+00  -5.9984162e+00  -6.8847325e+00  -2.5144048e+00   3.7528697e-01  -3.6528696e-01   5.8011080e-01   1.1511804e+00   3.4749775e+00  -1.2159740e+00  -3.6999043e+00  -1.2403848e+00   1.1448715e+00  -1.9876429e+00  -1.6249074e+00  -7.6958370e-01   2.7701192e-01
   1.5634897e+01  -1.3340824e+01   7.2786354e+00  -1.7546420e+00   5.6547514e+00  -8.6934683e-01  -2.4285248e+00  -3.6178198e+00  -5.5532341e+00  -7.4663051e+00  -3.1750821e+00   5.3333574e-01  -2.1599370e-01   3.2703229e+00  -8.3193063e-01   4.7419611e+00   1.3032138e+00  -2.1954773e+00  -2.1594224e+00   2.1155488e+00   1.0409523e+00   1.1773494e+00  -1.3420397e-01   1.5497889e-01
   1.4729711e+01  -9.8169495e+00   7.5853690e+00   4.0115318e+00   8.4155385e+00  -6.7691883e+00  -1.5812656e+00  -5.0412026e+00  -5.8638053e+00  -2.9535654e+00  -3.2629156e+00   9.8268460e-01   6.9084685e-01   8.7253348e-01  -1.4178962e+00  -6.0629029e-01   1.0351784e+00   4.5495782e-01   8.0977944e-01   2.4822971e+00   8.9823117e-01   1.1127539e+00   9.1467537e-01  -8.7834137e-03
   1.6176530e+01  -1.1761503e+01   5.1311426e+00  -3.5553545e+00   7.6688675e+00  -1.7113118e+00   3.7793958e+00  -1.4693937e+00  -3.4099227e+00  -3.8571996e+00  -1.1252626e+00   3.3971591e-01   5.3316771e-01  -3.2013136e+00  -1.1252391e+00  -4.9857683e+00   6.5547916e-01   3.2568500e+00   1.5931039e-01   7.1744227e-01  -1.6889770e-01  -2.3630434e+00   7.3364412e-01  -1.4579535e-01
   1.5981583e+01  -1.5570891e+01   5.5251848e+00  -6.4531182e+00   7.7055494e+00  -5.4559990e-01   5.3104242e-01  -3.6288101e+00  -5.7227252e+00  -7.0201544e+00  -2.1673015e+00   4.5892176e-01   6.2251788e-01  -2.0264337e+00  -4.2028303e-01  -3.0012090e-01  -1.2970321e+00   2.3254283e+00  -4.9958865e+00   1.7010457e+00   1.1427547e+00  -3.7671006e+00  -6.4326358e-01  -1.0995232e-01
   1.5808713e+01  -1.5265824e+01   6.6208688e+00  -4.0009695e+00   6.9929647e+00   9.0413399e-01  -3.2457132e+00  -3.2478526e+00  -5.8771207e+00  -8.9775757e+00  -2.6224230e+00   5.7652413e-01  -3.7989370e-01   1.8273863e+00  -1.0264659e+00   7.1123673e+00  -1.2698107e+00  -2.5080172e+00  -2.3083910e+00   9.7782250e-01   8.4354850e-01   1.9601729e+00  -1.3773132e+00   1.3021776e-01
   1.5847396e+01  -1.1104440e+01   6.2100813e+00   3.7841579e+00   6.8079418e+00  -4.5887687e+00  -5.5625409e+00  -1.6004045e+00  -2.9160742e+00  -6.0440282e+00  -3.4792308e+00   6.9935202e-01   3.1016045e-01   3.8680276e-01  -6.4190632e-01   1.6507626e+00   1.5311061e-01  -2.4155621e+00   4.7571246e+00  -1.3041696e+00   1.2041988e+00   4.1057008e+00  -1.8401211e-01  -1.9102561e-01
   1.5673782e+01  -1.1253650e+01   3.2489955e+00   1.9945583e+00   6.2129553e+00  -3.4517533e+00   3.3636009e+00  -1.0168628e+00  -3.5479254e+00  -1.4050033e+00  -2.5352677e+00   4.1482742e-01  -7.6769540e-02  -3.5011680e+00   1.8137526e-01  -4.3456352e+00   1.3820159e+00  -3.2590335e-01   5.7368750e+00  -3.8063093e+00  -8.6187071e-01   1.3998645e+00  -1.5194897e-01  -2.4149715e-01
   1.6514289e+01  -1.6996774e+01   6.2482620e+00  -6.9747382e+00   8.3252200e+00  -1.9909994e+00   4.3620723e+00  -6.7005595e+00  -5.0810247e+00  -4.6478894e+00  -2.4868973e+00   2.5323170e-01  -4.4453719e-01  -2.8449308e+00   2.0381179e+00  -4.1405153e+00   1.5187492e-01   1.3036822e+00   8.8094185e-01  -1.9717731e+00  -2.0390023e+00  -3.4993150e+00  -2.1168343e-01   6.7872127e-02
   1.5360113e+01  -1.7571409e+01   6.8738414e+00  -5.1399743e+00   8.3073494e+00  -8.8360570e-01   3.9729261e-01  -6.4072391e+00  -6.0874516e+00  -7.5758484e+00  -3.3465132e+00   4.3733856e-01  -9.4985968e-01   2.4245918e+00   1.2755955e+00   5.6954326e+00   7.2588756e-01  -4.6607440e+00  -4.6166041e+00   2.1282718e+00   1.1160975e+00  -3.5858098e+00  -5.3706912e-01   3.6536878e-01
   1.5337425e+01  -1.2212956e+01   7.4548353e+00   1.1406513e+00   5.9885570e+00  -3.9173191e+00  -2.7579740e+00  -1.8628760e+00  -4.7048145e+00  -8.2075782e+00  -3.3911332e+00   7.8990464e-01   3.7253315e-01   5.8085609e+00  -2.9969587e+00   5.2540431e+00   8.6807008e-01  -4.0224482e+00  -1.6538223e-01   3.5444860e+00   1.8921775e+00   1.3032928e+00  -2.3825785e-01   3.0645510e-01
   1.4837425e+01  -1.0008671e+01   4.5591021e+00   6.4800124e+00   8.4701181e+00  -9.4797094e+00  -1.2819861e-03  -2.4329680e-01  -2.0618843e+00  -5.0038736e+00  -2.8887535e+00   6.9454412e-01   1.1767057e+00   2.4242738e+00  -4.2174807e+00  -1.1892047e+00   1.1762749e+00  -1.9317292e+00   3.0761700e+00  -1.4888162e-01   2.2904656e-01   1.7556930e+00  -6.5244264e-01   1.4270865e-01
   1.7334433e+01  -1.2065302e+01   2.9101936e+00  -4.9036669e+00   9.5459408e+00  -3.7266198e+00   4.3132862e+00  -4.4658016e+00  -4.2555421e+00  -3.9789376e+00  -3.0731639e+00   5.8431157e-01   1.2247068e+00  -7.7173634e-01  -2.7266390e+00  -3.7346235e+00   2.0699735e+00   1.4596515e+00   4.7024501e-01  -2.7443115e+00  -1.5594741e+00   2.1746678e-01  -1.9778934e-01  -2.5415723e-02
   1.6126668e+01  -1.4008825e+01   2.8199412e+00  -3.9016222e+00   8.2930699e+00  -3.8765491e+00   1.4759175e+00  -5.3290987e+00  -5.9685179e+00  -7.0566292e+00  -4.4841618e+00   7.5419807e-01  -1.0745903e+00   5.6381231e-01   4.1115411e+00   4.9470064e-01  -2.2752812e+00   1.4789503e+00  -5.3307802e+00  -1.5102078e+00  -1.2712257e-01  -1.3690414e+00   4.2577529e-01   2.8105766e-01
   1.6529864e+01  -1.1370484e+01   4.2344572e+00   7.2953329e-01   9.1820414e+00  -4.5294220e+00  -2.7912062e+00  -3.4364422e+00  -5.0907089e+00  -6.8550002e+00  -2.8901130e+00   7.2195408e-01  -3.6477860e-01   4.8840518e-01   2.6424904e+00   3.3509703e+00  -2.3405245e+00   4.1830441e-01  -1.4690255e+00   3.6475607e-02   2.2154586e+00   9.8296367e-01   9.7767726e-01   1.4114845e-01
   1.3627823e+01  -9.5103615e+00   1.0064282e+01   4.4054632e+00   5.2391460e+00  -6.8598829e+00  -4.4452061e+00  -3.0232882e+00  -1.8349848e+00  -5.6194043e+00  -2.3416160e+00   1.0473094e+00   9.6157375e-01  -2.1988081e+00  -4.9729605e-01  -1.1415628e+00  -1.3869145e+00   1.7555769e+00   3.3255887e+00  -2.2038745e+00   1.1811452e+00   1.9634867e+00   4.2025378e-01  -5.5446671e-02
   1.8036687e+01  -1.3581926e+01   3.2517588e+00  -4.0307542e+00   7.5621160e+00  -1.6074963e+00   5.0703098e+00  -5.5639935e+00  -2.9991208e+00  -3.2231045e+00  -2.6779209e+00   6.4947861e-01  -8.4722725e-02  -3.1976776e+00  -3.5455483e+00  -1.8075034e+00   2.1479937e-03   5.9486507e-01   4.1010858e+00  -2.5560812e+00  -2.6409645e-01  -1.5733362e-01  -1.3500512e+00  -4.5757545e-02
   1.6815617e+01  -1.6201316e+01   2.5653464e+00  -3.2338226e+00   7.0226609e+00  -2.7041466e+00   2.5335425e+00  -7.5711349e+00  -5.2425941e+00  -5.9273470e+00  -3.9598772e+00   7.0726580e-01  -9.2139169e-01   3.1645876e-01  -6.9516115e+00   1.5121135e+00   5.3255091e+00  -2.9929597e+00   1.9258404e-01  -1.5059955e+00  -7.3028687e-01  -1.7963650e+00  -6.1820104e-01   7.0506456e-02
   1.4808883e+01  -1.2821523e+01   2.6656026e+00   1.8379211e+00   8.2935059e+00  -5.7149925e+00  -1.2895185e-01  -4.9966407e+00  -3.7830488e+00  -6.9370293e+00  -4.1060592e+00   8.2333954e-01  -2.3288493e+00   5.0011191e+00  -2.7093463e+00   4.1630588e+00   2.8741795e+00  -4.1141137e+00  -2.1266678e+00   2.5273043e+00   1.3862205e+00   4.1367927e-01   1.2558658e+00  -3.9686900e-02
   1.3859638e+01  -9.4158750e+00  -7.0057190e-02   3.7392958e+00   1.2861715e+01  -9.2955744e+00  -1.5566992e+00  -5.5659579e+00  -2.5384510e+00  -6.4569894e+00  -2.5548484e+00   1.0661386e+00  -1.1420677e+00   4.1904655e+00  -2.3979080e+00  -1.0894115e+00   1.2172061e+00  -1.1352394e+00   8.9704764e-01   2.5971010e+00   6.7886970e-01   2.1342487e+00   1.5956562e+00  -3.0854865e-01
   1.6021402e+01  -9.4729680e+00   5.0544102e-01  -1.2727253e+00   8.9538584e+00  -4.4829529e+00   3.9254290e+00  -2.7756255e+00  -2.2718616e+00  -2.3377645e+00  -1.4966366e+00   4.1051187e-01  -1.1080904e+00   5.1743532e-01  -6.6948606e-01  -3.6283656e+00  -1.3517399e+00   1.0304773e+00   6.5717516e-01   1.4863154e+00  -2.1263129e+00  -2.8479166e-01   1.2971143e-01  -4.0837017e-01
   1.4496256e+01  -1.1589895e+01   4.8565054e-02  -3.3126166e+00   8.5182939e+00  -5.0230255e+00   1.8519236e+00  -4.7859910e+00  -4.9798832e+00  -5.0256064e+00  -2.8711041e+00   4.5085665e-01   2.7757581e-01  -1.3213738e+00   9.3387565e-02   2.1523112e+00  -2.0823067e+00   7.8788212e-01  -2.6454534e+00   2.2903393e+00  -3.4171983e+00  -1.4358603e+00  -5.6249813e-01  -4.5852489e-01
   1.2828439e+01  -1.0958360e+01   1.6020623e+00  -7.8671054e-02   8.4376065e+00  -6.3055511e+00  -8.4750053e-01  -3.1571510e+00  -5.7518021e+00  -8.0799083e+00  -3.7533642e+00   5.1842524e-01  -1.9953540e-01  -1.0147007e+00   1.0762394e+00   7.2586847e+00   8.8107717e-02  -1.3147509e+00  -3.9372883e+00   9.0156312e-01   1.5480639e-01   1.2490162e-01  -3.1117810e-01   1.2636927e-02
   1.5872483e+01  -1.0655240e+01  -4.7828650e-01   6.3707355e+00   9.9963806e+00  -7.2024522e+00  -3.1384146e+00  -1.9396861e+00  -5.9242782e+00  -5.7397079e+00  -2.2702318e+00   3.2439456e-01   1.0558213e+00  -2.3939444e+00   5.1162904e+00   7.2948569e-03  -2.6460513e-01   2.6002456e+00  -8.7327740e-01  -7.8828302e-01   2.4170728e+00   3.4032955e+00   5.8824490e-01  -1.5540867e-01
   1.5033985e+01  -1.1462347e+01   2.3832260e+00   4.7736258e+00   8.3469766e+00  -5.3653660e+00   5.1466559e-01  -2.8464332e+00  -1.5674545e+00  -1.7933613e+00  -2.2638400e+00   4.9269831e-01   1.4843507e-02  -5.0805066e+00   6.8684824e+00  -6.7683972e+00  -7.4414765e-01   4.2778008e+00  -8.2359588e-01  -3.5204649e+00   1.0949744e+00   1.7926263e+00   8.6574336e-02  -2.1132161e-01
   1.4977214e+01  -1.4928818e+01   7.3324189e+00  -5.7278227e+00   8.1667011e+00  -1.5927497e+00  -1.3907556e-01  -6.1237744e+00  -3.4464479e+00  -3.0639367e+00  -2.7334989e+00   2.3060711e-01  -1.8889937e+00  -2.9003157e+00   5.5168379e+00  -3.9994668e+00  -1.1841157e+00   4.2554308e+00  -4.0291577e+00  -2.8703129e+00   9.3516714e-01  -2.8253505e+00  -8.5326818e-01   1.4482336e-01
   1.3298339e+01  -1.6442330e+01   7.9994333e+00  -4.1819877e+00   8.2362247e+00  -2.6937011e+00  -3.5825639e+00  -6.3458042e+00  -5.3482556e+00  -6.7288545e+00  -3.3918692e+00   2.4833655e-01  -2.2198209e+00   8.4890150e-01  -2.2762638e-01   3.9765004e+00   3.7777945e-01   1.5328711e+00  -7.2372866e+00  -1.0039136e+00   6.4200545e-01  -4.2434787e+00   1.0330326e-01   3.7833258e-01
   1.3906816e+01  -1.2515722e+01   4.9888667e+00   4.8493420e+00   8.2755830e+00  -2.1551384e+00  -7.1335365e+00  -4.4954699e+00  -2.6311269e+00  -7.5099870e+00  -2.9861194e+00   6.6381048e-01   2.7602670e-01   3.2557905e+00  -3.7668570e+00   4.1795311e+00  -9.0130134e-01   2.3719157e+00  -5.0569950e-01   1.5829415e+00   1.8966890e+00  -1.0875829e-01   1.8849523e+00   7.6439998e-02
   1.2239453e+01  -1.1395543e+01   3.2135625e+00   5.4497940e+00   8.8592049e+00  -2.7848650e+00  -6.8440339e+00  -5.1664558e+00  -1.0121068e+00  -5.9355543e+00  -1.9825748e+00   8.4359550e-01   1.2417204e+00   8.1167137e-01  -2.3125340e+00  -4.1764640e+00  -9.0615802e-01   2.4066772e+00   4.1221558e+00   7.8012566e-01   3.3747895e-01   8.8440367e-01   1.6642669e+00  -3.3178736e-01
   1.5920697e+01  -1.2568526e+01   4.0750688e+00  -4.2744169e+00   6.5032591e+00   2.0107059e+00   7.3311019e-01  -4.3390363e+00  -2.7694887e+00  -3.6237242e+00  -6.1071760e-01   4.7637634e-02   1.2154160e+00  -1.9529634e+00   1.4643876e+00  -7.1283627e+00  -1.1211810e+00   5.9108343e-01   4.0033833e+00   1.9899532e+00  -2.6443853e+00  -1.7007099e+00   3.7669242e-01  -4.0684201e-01
   1.4153979e+01  -1.5198421e+01   4.9875312e+00  -5.8848042e+00   7.7631497e+00  -1.1666075e+00  -1.3326535e+00  -5.2538326e+00  -4.7728563e+00  -7.3453803e+00  -2.0831697e+00   5.8741933e-02   1.3405079e+00  -1.0223169e+00  -3.5200566e-01   2.5264551e+00   8.3410567e-02  -4.2432578e+00   3.8524626e+00   8.6810673e-01  -3.6083013e+00  -1.3513771e+00  -6.9122600e-01   1.4867094e-01
   1.4772677e+01  -1.3543728e+01   6.2984638e+00  -1.7590296e-01   7.1418390e+00  -2.0776420e+00  -3.8841517e+00  -1.4668518e+00  -4.7173302e+00  -9.3561389e+00  -2.3707833e+00   4.4597425e-01  -4.7083411e-02   1.3603743e+00  -9.5740797e-01   7.4902097e+00   1.3944548e+00  -8.1989718e+00   3.4970902e+00   9.6438883e-01   6.1169742e-01   2.3477866e+00  -1.0420341e+00   7.2878674e-01
   1.4824225e+01  -1.2441417e+01   1.5738565e+00   7.1902197e+00   8.6650307e+00  -7.1055778e+00   1.2432910e+00  -5.3003880e+00  -5.4506380e+00  -5.0964126e+00  -2.1393809e+00   8.6743360e-01   1.2005662e+00   1.6606171e+00  -3.2052932e-01   9.4379711e-01   6.5751148e-01  -4.6003407e+00   5.5418016e+00  -2.1194481e+00   1.6746433e+00   5.6886001e+00  -5.7695343e-01   2.6392861e-01
   1.5514949e+01  -1.1906467e+01   4.3457942e+00   4.2338562e-01   8.1440008e+00  -7.3182668e+00   4.6907732e+00  -2.8691754e+00  -1.5130517e+00  -1.2265282e+00  -2.1456631e+00   7.3647192e-01  -2.6963980e-02   1.7148668e-01   4.1633018e-01  -4.6469797e+00   6.8610780e-01  -1.0281027e+00   2.3812175e+00  -4.0037551e+00   2.8547405e-01   3.0137443e+00  -8.6930564e-01  -4.6804176e-01
   1.5583692e+01  -1.3526126e+01   5.4830720e+00  -4.7687528e+00   8.2483360e+00  -5.4468062e+00   2.6925864e+00  -7.7318430e+00  -3.8630306e+00  -2.8772855e+00  -3.0611600e+00   3.0938602e-01   3.5329417e-01   1.4866387e+00  -2.8379082e-01  -4.4213621e+00   2.9623440e+00   3.8086998e+00  -7.1390141e+00   8.2642794e-01  -1.0955075e+00  -1.7378736e+00  -6.6196520e-01  -2.2908437e-01
   1.4352498e+01  -1.2744144e+01   4.9683513e+00  -1.1668863e+00   8.3793481e+00  -4.4491819e+00  -1.0369731e+00  -6.2567569e+00  -5.0829228e+00  -5.9450859e+00  -3.2138523e+00   2.2935405e-02  -7.2316301e-02   3.3775176e+00  -3.7157391e+00   2.6601399e+00   1.6505699e+00   4.4029960e+00  -6.6693050e+00   2.5898947e+00  -3.7922039e-01  -5.2715528e-01   1.7046821e-01   1.1430541e-02
   1.5935392e+01  -9.7926208e+00   8.3689169e-01   1.3533125e+00   1.2990873e+01  -2.8270706e+00  -6.6013570e+00  -2.3669553e+00  -5.3089637e+00  -5.3439441e+00  -2.5982341e+00   8.8057530e-01   5.2447778e-01   2.8427451e+00  -3.8327830e+00   3.9812101e-02  -5.3240114e-01   5.1868126e+00  -2.4193053e-01   6.1384135e-01   2.0943654e+00   2.7692631e+00   5.0399877e-02   2.2223797e-01
   1.5230625e+01  -8.7069427e+00   1.0952757e+00   1.3525628e+00   8.2485872e+00  -2.0236406e+00  -6.6621260e-01  -1.6667771e+00  -1.3589157e+00  -7.8393184e-01  -2.1214237e+00   4.6802309e-01   5.2136262e-02  -3.6862078e-01  -2.0914257e+00  -4.1232478e+00  -2.6031685e+00   3.1165182e+00   4.1943690e+00  -4.6465459e+00   1.0014993e+00   2.5521061e+00  -1.1756629e+00   5.0562855e-02
   1.5931345e+01  -1.1280609e+01   1.6704353e+00  -5.9687592e+00   7.5151148e+00   1.1206420e+00   2.1443103e+00  -9.1060709e+00  -2.5834860e+00  -1.3039679e+00  -3.5317745e+00   4.2019914e-01  -1.7603722e-01  -2.6260428e+00   1.3422735e+00  -1.1787116e-01  -3.7229884e+00   1.2681650e-01   2.2297247e+00  -4.3611655e+00  -3.2678991e-01  -5.6377770e-01  -9.6365340e-01  -4.5249707e-01
   1.4432725e+01  -1.2553081e+01   1.4144409e+00  -3.6907222e+00   7.2124744e+00  -1.7482609e+00   8.8174667e-01  -9.8570181e+00  -4.9434126e+00  -4.1369148e+00  -4.5105765e+00   3.2896777e-01  -3.2114059e-01  -2.1087125e+00  -7.3588757e-01   8.6574369e+00   1.5197509e+00  -5.6040611e+00  -3.6531701e+00   1.6848153e+00  -1.7568730e+00  -3.4248228e+00   2.2919794e-01   2.4796507e-01
   1.6070286e+01  -1.1808616e+01   2.6907193e+00   3.6981482e+00   7.9244467e+00  -2.7745357e+00  -4.0307496e+00  -4.8135832e+00  -4.0069001e+00  -4.5131192e+00  -2.8491378e+00   2.7135735e-01   1.4338401e+00   4.3358285e-01  -4.4850487e-01   6.6326334e+00   5.6761822e-01  -3.7733534e+00  -1.9468045e+00   5.7049827e+00   1.1341176e+00  -7.4264764e-01   1.8512289e+00   1.3681727e-01
   1.4679444e+01  -1.1606008e+01  -5.1869765e-01   9.5052645e+00   1.0323548e+01  -8.4821434e+00  -3.0584378e+00  -1.2857980e+00  -3.2825183e+00  -4.3165903e+00  -2.1189451e+00   9.1439159e-01   2.1695069e+00   1.5141248e-01  -7.2538515e-02  -1.8220381e+00  -8.3373557e-01   3.8213285e-01   4.3999263e-02   2.0762873e+00   1.1140679e+00   2.5844046e-01   1.3512394e+00  -1.7502437e-01
   1.7958746e+01  -1.1103771e+01   1.9642473e+00  -2.6178025e+00   6.8110055e+00  -1.1724469e+00   1.1941958e+00  -4.8342068e+00  -1.7127568e+00  -2.3281016e+00  -1.9507468e+00   3.3271313e-01   1.1024762e+00  -6.6115511e-02  -1.8634297e+00  -5.6135527e+00  -1.0359920e+00   3.7196710e+00   2.3533969e-01  -1.0636274e+00  -1.3554307e+00  -1.2426025e+00  -1.8178001e-01  -1.3707794e-01
   1.6742755e+01  -1.2678385e+01   1.6688691e+00  -3.2658039e+00   6.5185917e+00  -1.9761060e+00  -1.6647271e+00  -6.7322753e+00  -4.4193825e+00  -4.8417629e+00  -2.9329129e+00   3.5753318e-02  -6.2545792e-01   1.7622887e+00  -2.1231087e+00  -3.7099796e+00   2.9131562e+00   3.1278510e+00  -3.7682387e+00   7.2321781e-01  -9.4137019e-01  -1.9928775e+00   3.1315215e-02   1.8765112e-02
   1.6692344e+01  -1.1371601e+01  -1.1982087e+00   1.6633534e+00   8.2729367e+00  -4.4804783e-01  -4.3745953e+00  -3.6857857e+00  -5.4716140e+00  -6.1144367e+00  -2.7148239e+00   5.0505957e-01  -1.7421552e+00   2.1169951e+00  -1.0740458e+00   3.9304295e+00   2.6126118e+00  -1.6624180e+00  -6.9131012e-01   2.6412013e+00   6.9637899e-01   2.8313726e-01   1.0077963e+00   5.3313067e-01
   1.4374458e+01  -8.8286598e+00  -2.1221327e+00   1.7997171e+00   1.3962316e+01  -4.1525664e+00  -5.9264002e+00  -7.7518184e-01  -2.8151449e+00  -5.4127390e+00  -1.6899337e+00   8.5636603e-01  -1.8930817e-01   1.9136989e-01   1.8146187e+00   1.2359793e+00  -2.3573049e-01  -1.2384977e+00   3.1678945e+00  -2.4053810e-01   3.4098655e-01   2.8110401e+00   1.3304702e+00   4.4074775e-01
   1.6529662e+01  -9.8531406e+00   2.2486796e+00   7.4508132e-01   7.0080609e+00  -2.5778437e+00   2.2880672e+00  -3.8509516e+00  -1.4703071e+00  -1.6179076e+00  -1.0605419e+00   7.2210277e-01  -6.2512136e-01  -2.6445722e+00   4.2849613e+00  -1.1530869e+00  -2.1446163e+00  -2.0844927e+00   3.5897357e+00  -3.5083419e+00  -2.5507810e+00   1.6113631e+00   2.0570104e-01  -5.6610401e-02
   1.6540134e+01  -1.3150560e+01   2.6673531e+00  -9.5269895e-01   6.7974339e+00  -2.7689547e+00  -2.4421666e-01  -7.0104995e+00  -5.9085561e+00  -2.8734673e+00  -1.7643486e+00   5.8835334e-01  -2.3683375e-02  -1.8603895e+00   2.2899923e+00   3.5618252e-02  -7.4734253e-01  -7.6361727e-01  -9.2479339e-02  -2.0042013e+00  -3.4830294e+00  -7.9216044e-01  -6.0819138e-01   1.7221888e-02
   1.4671824e+01  -1.3177509e+01   2.8344904e+00   1.3099310e+00   8.6384535e+00  -4.2665927e+00  -1.8310836e+00  -5.8306398e+00  -7.7510799e+00  -4.9670280e+00  -2.3690649e+00   5.5415032e-01  -1.8338082e+00   2.0849920e+00   1.1588656e+00   9.2490502e-01   3.0270348e+00  -2.0015061e+00  -3.3255227e+00   2.8521601e+00   1.3727730e+00  -1.4317821e+00  -1.4067850e-02   2.1524658e-02
   1.5267852e+01  -9.9570599e+00   1.0199503e+00   1.5707197e+00   1.2026106e+01  -4.4536178e+00  -4.0055438e+00  -2.7916396e+00  -4.8993026e+00  -4.9264195e+00  -1.9479593e+00   9.6617509e-01  -3.3860222e-01   3.7154109e+00   1.9442273e+00  -4.0714409e+00   1.2445750e+00   7.3206374e-01   1.2876223e+00   5.2901372e-01   4.7679662e+00   4.3617190e-01   5.5483897e-01   1.6782429e-01
   1.4415091e+01  -8.3224026e+00   4.8106793e+00   8.7072954e-01   8.9342770e+00  -4.7377713e+00  -8.1955322e-01  -1.6821413e+00   8.4225637e-02  -2.7391047e+00  -9.8983839e-01   5.6547888e-01  -6.0411616e-02   1.2785835e+00   1.6463512e+00  -6.6251820e+00  -1.0821219e+00   1.2130663e+00   2.0223354e+00  -3.1299403e+00   1.6223630e+00   2.2195489e-01  -7.2427645e-02   1.0619671e-01
