  -6.7682938e+00   9.8052183e+00   1.0593403e+00   4.7767184e+00  -1.8888446e+00   6.3166249e+00  -4.1972531e-01   3.8079276e+00   1.1229294e+00   1.8798218e+00   9.7192337e-02   1.8504679e-01   9.3707132e+00   6.0171262e+00   1.5524767e+00   7.7429270e+00   5.7530624e+00   2.6077941e+00  -2.8730929e+00  -8.5990222e+00  -6.8795104e+00  -1.9295215e+00  -1.9754299e+00  -9.6748722e-01
   8.3812774e-02   1.5027558e+01   3.2770690e+00   9.3331502e+00   3.0832232e+00   9.6308171e+00   1.1831934e-01  -7.8054936e-01  -2.9931518e+00  -9.7739482e-01   3.4242182e-03  -1.2529347e-02   1.0417287e+01   6.7229454e+00  -2.4173712e+00   5.8913466e+00   8.8418223e+00  -8.1216939e-01  -5.5938065e+00  -1.0325743e+01  -7.1744453e+00  -2.9367805e+00  -1.2020936e+00  -9.7303517e-01
   4.1180869e+00   1.5540358e+01  -1.6585145e+00   7.7373402e+00   5.9654761e+00   8.1154317e+00  -1.7798315e+00  -4.7223900e+00  -5.2511653e+00  -1.9981553e+00  -8.8605069e-01  -3.9223826e-01   6.9066609e+00   3.7001632e+00  -3.8639456e+00   1.8251292e+00   6.2235313e+00   7.6196552e-01  -5.6557105e+00  -7.5166439e+00  -3.0392456e+00  -3.3940910e+00  -1.7447702e+00  -3.7473469e-01
   3.6195290e+00   1.5771936e+01  -3.1195796e+00   9.9235742e+00   7.3256881e+00   4.7077499e+00  -4.8334000e+00  -5.5378877e+00  -6.1695265e+00  -2.1743264e+00  -1.2126870e+00  -5.7033474e-01   2.1768169e-01  -1.1164625e+00  -3.6342973e+00  -1.7445204e+00  -2.1691582e-01  -7.9945801e-02  -3.2684895e+00   3.8189504e-01   1.8292417e+00   5.8943031e-02  -8.5834462e-01   3.4374122e-01
   1.8238393e+00   1.4983274e+01  -1.5382538e+00   7.2192003e+00   5.3252200e+00   9.9211068e+00  -6.4274314e+00  -5.0883690e+00  -1.8477517e+00  -2.6128489e+00  -1.9119073e+00  -9.8152543e-02  -7.5217636e-01  -3.2716213e+00   2.2827808e+00  -8.5438637e+00  -2.7780682e+00   1.4375703e+00   1.1488035e-01   4.8421053e+00   2.9014479e+00   3.5489908e-01  -5.7578115e-01   5.4575300e-01
   1.5574591e+00   1.3631406e+01  -2.2345072e+00   6.9754396e+00   3.0779776e+00   8.6080609e+00  -2.4606150e+00  -2.4717283e-02  -1.9509961e+00  -5.8163345e-01  -7.7116438e-01   3.5603963e-01   1.3711066e-01  -4.1874624e+00   4.9973767e+00  -1.0739000e+01  -2.4675474e+00   2.2146082e-01   1.7918806e+00   4.6144817e+00   5.6483035e-01  -9.6265572e-01  -1.1858039e+00   3.3136183e-01
   4.0208573e+00   1.1703191e+01   1.3231205e+00  -3.6043880e+00   3.9222290e+00   8.3216317e+00  -2.7939035e+00  -2.1581724e-01  -3.0082587e+00  -2.2621531e+00  -1.9704837e+00  -3.6795951e-02   1.7333024e+00  -2.8868520e+00   3.8886044e+00  -7.2724052e+00  -1.6962065e+00  -2.3376818e+00   2.2232968e+00   4.0912637e+00  -3.7822301e+00  -5.7063927e-01  -1.6349721e+00  -5.9740560e-01
   2.7266860e+00   1.1130784e+01   2.9457983e+00  -7.7313105e-01   4.3258624e+00   5.8396787e+00  -3.9623430e+00  -1.0524411e+00  -4.7420275e+00  -3.7936579e+00  -2.9621047e+00  -1.0397030e-01   5.4874857e-01  -1.2366032e+00  -3.4913616e-01  -4.1308472e+00  -6.9057763e-01  -1.5769016e+00   1.3537558e+00  -9.2066336e-01  -3.3011532e+00   7.5209686e-01  -1.2454713e+00  -6.1949075e-01
   3.8391794e+00   1.1903307e+01   1.7045001e+00   1.8487782e-01   2.1569678e+00   7.7987753e+00  -2.3416223e+00   1.5623884e+00  -6.1255812e+00  -1.8627956e+00  -3.2688953e+00  -7.6425598e-01   5.4561772e-01   1.0731584e+00  -3.6375150e+00   1.3912465e+00  -2.9082940e+00   1.3864383e+00   3.0677951e+00   1.0906101e+00   5.4899481e-02   3.2366482e+00   1.9732899e-01   9.7551153e-02
   2.4714209e+00   1.1676443e+01  -2.9489013e+00  -1.1154641e+00   2.9247417e+00   6.5041367e+00  -6.5612189e-01  -2.2948152e+00  -5.3440647e+00   3.4683308e-01  -1.9901656e+00  -2.0946648e-01   2.6278884e+00   1.1017837e+00  -3.0567995e+00  -3.7083266e+00  -3.8294099e+00   3.3731209e+00   3.2874656e-01   1.3376358e+00   2.2328026e+00   1.5016707e+00   2.9835121e-01   2.0606600e-01
   4.9669164e+00   1.3040099e+01  -1.1858022e+00  -1.3463518e+00   2.6034838e-01   1.0069060e+01   1.5467858e-01   2.0412850e+00  -2.6248908e+00   5.2257371e-01  -2.1604598e+00   1.6227887e-01   2.4548546e+00   1.4240100e+00   1.2712918e+00  -2.7613960e+00  -3.0130632e+00   1.0823049e-01  -2.6160037e+00   4.9362754e-02   2.7791339e+00  -2.0740067e+00  -1.0185930e+00   2.5061395e-01
   6.1046500e+00   1.2215063e+01  -1.9424982e-01  -5.5700061e+00  -4.6994279e-01   9.7642176e+00  -4.7173736e+00   7.1456428e-01  -3.1431687e+00  -2.7338365e+00  -3.0687956e+00  -2.5813872e-01   2.0515181e+00   2.6110237e+00   2.7401102e+00  -5.1153820e-01  -2.9282625e+00  -8.6984890e-01  -4.3365094e+00   1.9509354e+00   1.2683049e+00  -2.3825061e+00  -1.9329197e+00  -3.7603088e-01
   5.7048467e+00   1.3770012e+01   2.2341121e+00  -1.7299451e+00  -6.6528470e-01   6.3310805e+00  -4.2350020e+00   1.3174286e-01  -3.0573283e+00  -3.4334708e+00  -4.2574698e+00  -3.6399893e-01  -2.6302772e-01   3.5239700e+00   1.2788620e-01   3.3425455e+00   1.5621466e-01  -3.0376489e+00  -5.7323869e-01  -1.4520155e+00  -5.2207189e-01  -1.4044817e-01  -6.5262045e-01  -5.6782847e-01
   5.1797330e+00   1.5228022e+01  -5.4869315e-01  -1.6909747e+00  -1.0048355e+00   7.0683531e+00  -4.9660457e+00   1.5863590e+00  -3.2253885e+00  -1.2489037e+00  -3.8410401e+00  -5.1037389e-01   2.0373736e+00   2.2505831e+00  -3.7292382e+00   5.7501309e+00   8.4711471e-01  -3.7821891e+00   3.3759050e+00   9.6113002e-01   5.8697193e-02   1.7761448e+00   9.2058336e-01  -1.5122291e-01
   5.0348334e+00   1.6819575e+01  -8.1675128e-01   1.7279507e+00   7.6211672e-01   6.8605191e+00  -5.8084341e-01  -5.7263555e-01  -3.3668888e+00  -4.3056491e-01  -2.7532683e+00  -5.6334625e-01   2.9942875e+00  -6.9287567e-01  -5.5632585e+00   4.0057786e+00   8.4657135e-01  -5.4329293e+00   1.4626648e+00   1.1203867e+00  -1.9174999e+00  -4.0524867e-01   8.0903118e-01  -6.1791142e-02
   9.4957171e+00   1.4066157e+01  -4.2626755e+00   1.3262423e+00   8.7028563e-02   3.8262147e+00  -1.4805954e+00   2.5084485e+00  -2.9003427e+00  -1.5710722e+00  -2.4400214e+00  -3.8529943e-01   1.6105865e+00  -1.7876461e+00  -4.1136416e+00   3.7272068e+00   1.8727460e+00  -4.5747982e+00   1.1115804e+00   1.5828818e+00  -1.6958195e+00  -3.1296780e+00  -5.8900823e-01  -1.6129800e-01
   8.0382858e+00   1.3311631e+01  -4.2537845e+00   2.7701142e+00   5.8640293e-02  -1.9724414e-01  -3.7837299e+00   1.3512781e+00  -6.0961011e+00  -3.8802596e+00  -3.7444324e+00  -5.1922288e-01  -2.1903869e+00  -1.9946466e+00  -1.3122967e+00  -9.5641819e-01   6.5093480e-01  -8.5884529e-01   7.1845558e-01   1.9354201e+00  -2.1501722e+00  -2.9532482e+00  -1.3722539e+00   3.2819474e-02
   6.0938865e+00   1.4300524e+01  -5.0006389e+00   3.3787537e+00   2.1560218e+00   3.7350375e+00  -1.6972319e+00   2.9987250e+00  -4.4045116e+00  -4.2185734e+00  -4.2289704e+00  -7.7438257e-01  -3.5250985e+00   4.3964631e-01   2.4076922e+00  -1.3730301e+00   2.4108244e-01   3.0617772e+00   1.8115207e+00   1.7256048e+00  -7.6918546e-01   4.5563873e-01   1.0353994e-01   2.2723281e-01
   3.4501683e+00   1.3710421e+01  -2.4162146e+00  -7.3293225e-01   7.0402231e-01   5.6178398e+00   6.0515817e-01   2.0853563e+00  -5.8400627e+00  -3.5366866e+00  -3.9171746e+00  -3.1957547e-01   3.5280578e-01  -2.4417101e+00   3.8972377e+00  -3.9517377e+00   1.0396827e-01   2.6050315e+00  -4.1415566e-01   1.6771137e+00   3.8967120e-01   1.2117688e+00   1.7023394e+00   3.7614088e-01
   6.5021281e+00   1.4526232e+01  -1.5699222e+00   1.0182203e+00   1.2596122e-01   5.5113385e+00  -9.5775838e-01   4.7298165e+00  -4.1821401e+00  -1.0594006e+00  -2.1983404e+00  -1.4427391e-01   2.2943425e+00  -3.2262205e+00   2.8412545e+00  -3.3570867e+00   3.4260411e-01  -2.3851459e+00  -2.7739034e+00   4.8782517e-01  -1.4154635e+00  -1.6731698e+00   8.7369446e-01   1.6666934e-01
   8.3633737e+00   9.5362127e+00  -1.2328623e-01  -1.9772257e+00   1.2296230e+00   2.8221526e+00  -4.7747001e+00   3.0014029e+00  -5.6227801e+00  -3.6421927e+00  -2.2062382e+00  -2.7006589e-01   1.4777968e+00  -6.7549012e-01  -8.7830023e-01  -1.4190386e+00  -4.2549918e-02  -3.3149551e-01  -5.1705844e-01   4.2454745e-01  -3.0323425e-01  -2.3639062e+00  -6.9777719e-01  -1.7228890e-01
   7.0787976e+00   1.1548298e+01  -1.8852213e+00  -1.0347296e+00   2.4071276e+00   1.5551622e+00  -3.1681579e+00   3.2724394e+00  -6.6363482e+00  -6.6755750e+00  -3.7738968e+00  -5.4913336e-01  -1.8372233e+00   2.4309364e+00  -1.0099763e+00   2.7585721e-01   5.1012160e-01   3.6837471e-01   2.5090881e+00  -1.7042541e+00  -1.6963049e+00  -1.0580518e+00  -1.5387457e+00  -2.2873526e-01
   5.3785287e+00   1.4186153e+01  -3.5760154e+00  -1.8350152e+00  -5.0038576e-01   7.0986847e+00   9.3477026e-01   3.4508661e+00  -5.0678100e+00  -4.2744587e+00  -4.1760622e+00  -3.7557910e-01  -5.9693073e-01   3.8548311e+00  -7.5619103e-01  -4.6621836e-01  -6.7008071e-01   1.6411647e+00   2.3877554e+00   3.9828453e-01   4.5863014e-01   2.8779491e+00   1.9934806e-01  -1.1130388e-01
   5.2387157e+00   1.5847666e+01  -1.3585221e+00   1.3609009e+00   1.7561480e+00   3.9256345e+00  -4.8861434e-02   1.9487038e+00  -7.0040825e+00  -2.3303453e+00  -3.5215470e+00  -4.3462020e-01   2.0914834e+00  -4.6883747e-02  -2.6203344e-01  -2.5544509e+00   3.7483371e-01  -1.5082799e+00  -1.9410461e+00   1.7540670e-01  -7.6816457e-01   1.7881707e+00   9.2465070e-01   2.3812373e-02
   8.3880185e+00   1.3168775e+01  -1.5209224e+00  -3.8743685e+00   5.4999171e-01   4.0986636e+00  -2.7527152e+00   4.2606975e+00  -4.7509677e+00  -1.4978840e+00  -2.0333911e+00  -4.9427828e-01   3.1725753e+00  -1.4348278e+00  -2.3018105e+00  -1.4704229e+00   2.1782680e-01  -2.4975746e+00  -2.0604384e+00   1.9582948e+00  -1.3493433e+00  -1.9533868e+00   2.2853764e-01  -2.9385480e-01
   8.7112778e+00   1.1986661e+01  -3.3058179e+00  -3.8467294e+00   2.4441894e+00   7.9275283e-01  -4.2359842e+00   3.1306337e+00  -7.9470162e+00  -5.3816063e+00  -3.4582563e+00  -4.5406521e-01   6.3363699e-01  -4.5380654e-01  -2.5070119e+00  -3.2943645e+00  -4.1196845e+00   2.2192320e+00  -1.3152075e-01   1.7519003e+00   5.0950920e-01  -2.9103650e+00  -5.3395370e-02  -1.1365310e-01
   8.4011106e+00   1.3964414e+01  -6.0550832e+00  -1.4368344e+00  -5.1766629e-01   4.9187637e+00  -6.2326010e-02   5.7973433e+00  -6.6203581e+00  -5.6789084e+00  -3.8649010e+00  -8.0663880e-01  -1.1284723e+00   2.2558283e+00  -8.6452407e-01   7.4985512e-01  -3.2188937e+00   2.5443339e+00   1.3035359e+00   1.4985199e+00  -5.0019133e-02  -2.4146919e-01   4.3041287e-01   1.4622870e-02
   6.1826251e+00   1.4769137e+01  -2.8519596e+00  -4.7994128e+00  -3.8895497e+00   6.8444325e+00  -1.5913372e+00   3.8082314e+00  -5.3051235e+00  -4.6053806e+00  -2.6858851e+00  -4.4891958e-01  -6.8196701e-01   1.7354726e+00  -7.6977848e-01   1.2716430e-02  -1.9671122e+00   1.2344808e+00  -7.1638006e-01   5.0866761e-01   1.3532556e-01   2.3360885e+00   1.2183482e+00  -2.5203377e-01
   7.9596364e+00   1.5161280e+01  -3.0446377e+00  -2.2732441e+00  -1.1114792e+00   4.8893245e+00  -2.1197349e+00   6.1696785e+00  -6.1469427e+00  -2.2482006e+00  -1.7739574e+00  -4.7491679e-01   4.8056969e-01   3.3145877e-01  -1.1599202e+00   1.3490053e+00   1.1947170e+00  -1.9956688e+00  -1.2503047e+00  -7.9548338e-01  -2.6720983e+00   4.8805018e-01   3.0297732e-01  -4.6291690e-01
   7.9090644e+00   1.3991437e+01  -5.9657085e+00  -3.4094499e+00  -2.0957249e-01   2.6591936e+00  -4.2818499e+00   3.7074676e+00  -7.9807355e+00  -3.5928274e+00  -2.6762059e+00  -9.9797688e-01   6.0891111e-01  -4.3070036e-01  -2.6069085e+00  -1.7763599e-01   2.0251129e+00   2.6748264e+00  -4.9746643e-01  -4.8251130e-01  -2.2809046e+00  -8.1289554e-01  -3.8697444e-01  -4.5223016e-01
   8.2587456e+00   1.4850452e+01  -6.2380891e+00  -1.0830796e-01  -5.6557942e-01   4.0178799e+00  -5.9252668e-01   4.6545001e+00  -9.2906995e+00  -5.4531097e+00  -3.4152746e+00  -1.2264855e+00   2.7289691e-01   4.6406656e-01  -8.7738843e-01   1.3964193e-01   1.3773133e+00   4.1042560e+00  -2.5127284e+00  -2.3392916e+00   5.4300450e-01  -1.1938238e+00   2.2162358e-01   4.9137497e-02
   6.9464372e+00   1.4278500e+01  -5.1655966e+00  -6.1483349e+00  -1.1248303e+00   1.1292395e+01  -3.1011409e+00   3.8420536e+00  -7.1546020e+00  -4.2222694e+00  -2.4456881e+00  -7.5148047e-01   1.8399817e+00  -2.1415472e+00   2.3115183e+00  -2.6802999e+00   9.4162253e-01   4.9184274e+00  -3.7053854e+00  -3.3932329e+00   4.3667384e+00   1.5031359e+00   5.2989900e-01   6.0652009e-01
   8.8502953e+00   1.5713848e+01  -4.7607763e+00  -6.9433873e-01   1.4121197e+00   6.7291081e+00  -6.4791820e+00   2.5934480e+00  -5.7455027e+00  -3.7242154e+00  -1.5567809e+00  -5.2445875e-01   2.4086084e+00  -4.0269406e+00   2.2673698e+00  -3.1826820e+00   1.0097314e+00   2.5259299e+00  -4.7773047e+00  -5.8533538e+00   4.1211999e+00   1.2816634e+00  -6.4098060e-01   6.6288205e-01
   1.0373262e+01   1.0347418e+01  -3.2370874e+00  -7.1368844e+00   2.1401175e-01   8.6812205e+00  -6.8966003e+00  -3.5185567e-01  -3.2032263e+00  -2.2025707e+00  -2.8106043e+00  -4.3921013e-01   1.4660653e+00  -2.6552113e+00  -6.7182469e-01  -2.8697519e+00   2.3366195e+00   1.7715007e+00  -3.1749359e-01  -2.8416990e+00   2.8465528e+00   4.1280060e-01  -2.2244824e+00   1.1453757e-01
   1.0158246e+01   1.0775582e+01  -3.8012891e+00  -4.3880562e+00   2.7959671e-01   9.1123617e+00  -5.8607541e+00  -2.0285759e+00  -5.0845876e+00  -4.5404639e+00  -4.1942875e+00  -3.8829760e-01  -2.1374371e+00  -7.3487094e-01  -1.1417697e+00  -4.1075563e+00   3.0421853e+00   3.7186979e+00   1.4347915e-01  -1.8498466e+00   1.2703721e+00  -8.6778325e-02  -1.2246159e+00  -9.5137752e-02
   8.4915599e+00   1.2764816e+01  -6.6530772e+00  -8.6061040e+00   2.9463604e+00   1.2758019e+01  -3.8865953e+00   1.8905171e+00  -3.2152304e+00  -3.1949442e+00  -4.4636584e+00  -6.4775468e-01  -2.2374683e+00   2.6688342e+00   9.3974629e-01   1.5480993e+00   1.3268960e+00  -3.0777136e+00   5.2515763e-01   2.1387019e+00  -1.1217767e+00   6.7742985e-01   8.2722774e-01  -6.8297320e-02
   6.5849908e+00   1.3402842e+01  -4.7654358e+00  -6.1210633e+00   4.6092233e+00   1.0268756e+01  -7.7689658e+00  -1.3025083e+00  -3.8339425e+00  -3.3581961e+00  -2.5671777e+00  -5.6289310e-01  -8.8525595e-01   3.8535362e-01   3.3101591e+00   1.4448394e+00  -1.6810803e+00  -7.3715143e+00  -6.2455262e-01   2.2665513e+00  -1.8581896e+00   2.3457455e-01   1.4433351e+00  -1.4951767e-01
   8.8036870e+00   1.3037039e+01  -1.3453946e+00  -3.9482320e+00   3.9542452e-02   3.4864531e+00  -5.1547580e+00   2.4931633e+00  -5.5112138e+00  -1.7775598e+00  -2.3833175e+00  -4.5435836e-01   8.2733233e-01  -4.6088403e-01   2.9544688e+00   4.1182933e+00  -3.7317904e+00  -8.1129071e+00   6.5736635e-01   1.9075223e+00  -2.5702396e+00  -1.3748898e+00   7.8489469e-02  -1.2231045e-01
   8.6742983e+00   1.1217501e+01  -1.4898918e+00  -4.5497332e+00  -7.8861479e-01   2.6908731e+00  -6.1635016e+00   1.0699280e+00  -6.7238803e+00  -4.8972943e+00  -3.0694552e+00  -7.0927228e-01   1.6788224e-01  -4.5345334e-01  -6.8812415e-01   1.5917597e+00  -2.5434019e+00  -2.0165638e+00   4.3069914e+00   6.7375179e-01  -1.9920920e+00  -8.0688741e-01  -5.8864553e-01  -9.4385638e-02
   8.6879046e+00   1.3166161e+01  -3.8591460e+00  -3.2143291e+00   4.7593840e-02   4.3775995e+00  -3.7032778e+00   3.5655824e+00  -5.6256209e+00  -4.4877298e+00  -4.0947855e+00  -7.5803078e-01  -1.4207573e-01   1.8601412e+00  -2.9967335e+00  -4.5874862e-01   2.0692300e-01   1.4088600e+00   1.4348579e+00  -2.9213134e+00   3.3742184e-01   1.1640333e-01   7.8945861e-01   1.1929796e-01
   6.8947053e+00   1.2658102e+01  -4.5407464e+00  -4.1003751e+00   7.9009481e-01   6.7983369e+00  -2.0342188e+00  -8.2809014e-01  -6.7648770e+00  -3.2134423e+00  -2.5944121e+00  -5.5263535e-01   1.6144327e+00  -1.6983587e-01  -2.3193587e+00  -1.2325532e+00  -7.9650285e-01   1.2520936e+00  -9.8966649e-01  -3.2682221e+00   9.7849449e-01   1.3255508e+00   8.6765750e-01   4.2485521e-01
   9.4803698e+00   1.5106951e+01  -4.3150676e+00  -4.8610339e+00  -4.3942785e-01   3.5460112e+00  -5.0671126e+00  -9.3979775e-01  -4.9845827e+00  -2.4448809e+00  -1.4366512e+00  -3.5372989e-01   2.5497431e+00  -1.9488785e+00  -1.4082218e+00   1.2209764e+00  -9.6907384e-01   6.3626516e-01  -1.6937913e+00  -3.3563939e+00  -3.2736423e-02  -1.0153961e+00   1.4153387e-01   3.7971326e-01
   1.0699715e+01   9.9923521e+00  -4.7409690e+00  -5.5752105e+00  -1.7398582e+00   4.9848075e+00  -6.9660840e+00  -1.5797152e+00  -5.5766576e+00  -3.9303926e+00  -3.0970361e+00  -2.7413991e-01   5.6029424e-01   1.5755926e-01  -2.2026559e+00   1.5112208e+00   7.9362484e-01   9.8481713e-01  -4.1410630e-01  -8.3638777e-01   6.5238067e-01  -2.1765759e-01  -7.6019040e-01  -5.9984850e-02
   1.0610015e+01   1.1575718e+01  -5.8713674e+00  -6.4544686e-01  -1.4104041e-01   6.2387619e+00  -3.7780322e+00  -1.0931959e+00  -6.2688352e+00  -5.6523488e+00  -3.6311726e+00  -3.2770861e-01  -2.2046308e+00   2.3379840e+00  -1.0913503e+00   2.8005678e+00   1.8218650e+00   2.0225918e+00   1.7512745e+00  -2.9129737e+00  -9.5823509e-01   1.7493941e+00  -8.0353571e-01  -1.7799383e-01
   7.1703244e+00   1.4660057e+01  -7.0665803e+00  -3.9413374e+00   1.8313384e+00   6.9291872e+00  -3.2999184e+00  -2.0059727e+00  -5.1441798e+00  -1.9361947e+00  -2.6374369e+00  -6.5562326e-01  -2.3250732e+00   3.2324710e+00   2.4100898e+00  -1.7879820e+00   9.8502106e-01  -4.8366126e-01   2.4042527e-01  -2.8094346e+00   8.1821598e-01   2.3028751e+00   5.1294383e-01   7.9137794e-03
   7.9381189e+00   1.6280074e+01  -4.7892875e+00  -1.4771188e+00   5.0777143e-01   5.6077091e+00  -4.2732836e+00  -5.0961296e+00  -6.6381743e+00  -8.1788873e-01  -2.8717544e+00  -4.2997895e-01  -9.7788272e-01  -6.5141696e-01   4.2618706e+00  -4.7493612e+00   3.0370239e-01  -1.0734218e+00  -2.1913426e+00  -1.9298405e+00   1.2177224e-02   6.3226303e-02   1.2344386e-02   3.4241597e-01
   8.5480528e+00   1.2488880e+01  -1.6668744e+00  -7.8413476e+00  -5.8673255e-01   4.5748420e+00  -6.3578204e+00  -3.7924002e+00  -4.1646641e+00  -2.8933100e+00  -2.7073295e+00  -2.1113406e-01  -1.4466550e-01  -2.8234285e+00   3.7531710e+00  -3.3058500e+00  -6.3354660e-01   9.3773432e-01  -6.0436334e-01   1.9277233e+00   7.1475763e-01  -2.8090998e+00  -7.0410648e-01   2.6247482e-01
   8.4543262e+00   1.1684181e+01  -2.1784145e+00  -5.8194835e+00   1.5235486e+00   5.8058018e+00  -5.5360951e+00  -3.0947429e+00  -6.7403272e+00  -5.0789517e+00  -3.5777098e+00  -3.6329253e-02  -2.2999545e+00  -1.9747620e+00   9.1205079e-01  -1.8662012e+00   5.2793960e-01   1.8790836e+00   8.6184941e-01   3.6365081e+00  -4.6919604e-01  -2.9822104e+00   4.7639582e-01   1.8929184e-01
   6.6952225e+00   1.2722861e+01  -2.7422603e+00  -6.7289300e+00   3.7312986e-01   8.2367424e+00  -3.5750577e+00  -1.1508115e-01  -4.0209669e+00  -4.0193129e+00  -3.3406190e+00  -4.5873588e-01  -7.1171051e-01  -4.0268825e-01  -2.2102497e+00  -2.4306498e+00   1.0713393e+00  -2.8827864e-01   1.2110216e+00   1.3884243e+00   4.7279122e-01   6.4628050e-02   7.0108703e-01   1.7456367e-01
   5.4146024e+00   1.3200941e+01  -2.8835183e+00  -4.8326293e+00   8.1974963e-01   6.5953843e+00  -4.3718908e+00  -1.4800269e+00  -7.4138170e+00  -4.7282029e+00  -1.8405159e+00  -2.2240289e-02   8.5047054e-01  -1.3450718e+00  -2.3512407e+00  -6.2057979e+00   2.6251479e+00  -2.0319049e+00   5.0155674e-02  -2.1184481e+00   2.6495844e+00  -9.2697425e-02   3.4562155e-01   1.9125721e-01
   9.0003489e+00   1.1126468e+01  -4.6296970e+00  -1.1980749e+01   1.3721760e+00   3.7476328e+00  -5.1233902e+00  -2.5171218e+00  -3.1187324e+00  -2.9717423e+00  -2.5242959e+00   4.3666965e-02   2.3427575e+00  -1.2897955e+00  -3.2800569e+00  -3.2230814e+00   3.1269383e+00  -2.7751769e-01  -3.2884301e-01  -1.9870159e+00   1.0544935e+00  -1.0824968e+00  -1.0395968e+00   6.0028319e-02
   8.5774688e+00   1.0464770e+01  -4.7615572e+00  -1.2502271e+01   4.9617474e+00   5.0024993e+00  -4.6866953e+00  -5.0713948e+00  -3.2170678e+00  -5.7417831e+00  -3.4674389e+00  -6.4486762e-04   1.3776310e+00   8.2534914e-01  -1.2601243e+00  -2.3356952e+00   5.0616190e-01   5.0516604e+00  -8.0488254e-02  -1.4821841e-01   4.7097518e-01  -2.4955588e-01  -1.4570112e+00  -2.9370815e-01
   8.6279255e+00   1.2156253e+01  -6.7233262e+00  -7.7287314e+00   2.9925384e+00   8.6169083e+00  -3.9109199e+00  -1.2999211e+00  -4.5376012e+00  -5.1362681e+00  -4.0865526e+00  -3.7949111e-01  -4.1092985e-01   2.2082182e+00   1.2763296e+00   1.9588896e+00  -1.8647196e+00   9.5900191e-01   1.2325819e-01   2.6186955e+00  -2.4633837e+00   7.7835411e-01   1.9588992e-01  -2.5534701e-01
   7.6672606e+00   1.3924072e+01  -3.7268902e+00  -1.0462181e+01   7.6881125e-01   1.1738237e+01  -5.0988584e+00  -2.3109549e+00  -5.9979198e+00  -4.0202739e+00  -3.2449043e+00  -2.5122347e-01  -5.8393588e-01  -5.5139984e-01   1.6225543e+00   1.1699789e-01  -2.3163753e+00  -5.7085636e+00  -2.4211555e-01   2.7234499e+00  -1.9675967e+00   1.2762652e+00   7.8948386e-01  -8.5709858e-03
   8.8390583e+00   1.2709144e+01  -3.2325360e+00  -1.0062460e+01   6.7156465e-01   1.8182667e+00  -4.7324214e+00   3.0701594e-02  -5.4233820e+00  -2.6649658e+00  -2.3417283e+00  -2.1406425e-01  -1.2806293e-01  -2.9643274e+00   1.0274795e+00   1.4861727e+00   9.9593785e-01  -7.7525785e+00   1.8216662e+00   1.2412258e+00  -1.7497719e+00  -1.0065741e+00   2.5337976e-01   3.0076582e-01
   7.5959986e+00   9.3612246e+00  -4.0731208e+00  -1.1159910e+01   2.6476713e+00  -1.6102533e-01  -4.6391179e+00  -1.6515312e+00  -5.7255725e+00  -5.0630364e+00  -3.1556253e+00  -9.6214778e-02  -1.3916662e+00  -1.9476230e+00  -2.4763025e-01   4.3020636e+00   2.2655568e+00  -5.1847905e+00   9.8136718e-01   2.0072917e+00  -5.0371875e-01  -1.2104732e+00  -6.2613377e-01   9.8515010e-02
   8.4714621e+00   9.9911860e+00  -5.0089916e+00  -5.1506080e+00   3.5470152e+00   2.9376718e+00  -1.4082909e+00   2.3220584e-01  -7.2984327e+00  -6.1247479e+00  -3.7511224e+00  -5.8467225e-03  -6.2601894e-01   2.4047207e+00  -3.5471326e-01   3.6491279e+00   6.1213635e-02   1.7505290e+00  -6.3708257e-03   9.9588529e-01   3.2787752e-01  -4.3422467e-01  -1.8996448e-01   9.4305912e-02
   5.7635594e+00   1.2361616e+01  -3.2101077e+00  -6.4650116e+00   2.7294212e+00   3.4013490e+00  -5.2888729e+00   5.9923048e-01  -5.8159726e+00  -4.1060926e+00  -3.4794079e+00  -2.0755972e-01   1.3739640e+00   1.9714339e+00  -4.9424542e-01  -2.1259985e+00  -1.5817017e+00   2.7044680e+00  -1.0789426e+00  -1.4134799e+00   2.1959939e+00   1.3104559e+00   4.7448785e-01   1.4853788e-01
   8.8162495e+00   1.4816029e+01  -4.1961125e+00  -6.9362171e+00   7.2251013e-01   2.6628731e+00  -4.4171002e+00   3.9914870e-01  -4.8863657e+00  -3.7947747e+00  -2.4647837e+00  -1.6932911e-02   1.7762127e+00  -3.0712815e-01  -1.7976453e+00  -3.2076092e+00  -1.0067496e+00   3.3569004e+00  -8.0131007e-01  -3.5113749e+00   1.5655001e+00  -4.6419309e-01   5.5687109e-01   1.7326867e-01
   9.4845509e+00   9.9059539e+00  -5.2209285e+00  -1.3456103e+01   1.6873713e+00   4.0330760e+00  -4.7531272e+00  -3.8552225e+00  -3.6376151e+00  -4.2623391e+00  -3.0870628e+00   1.3213514e-01   9.8373667e-01  -1.6997424e+00  -1.8196826e+00  -1.6972509e+00   3.2819509e-01   4.1213020e+00   5.6555499e-01  -1.9404595e+00  -4.2442628e-01  -1.6009739e+00   3.4106054e-01   1.4619954e-01
   9.2752854e+00   1.0758325e+01  -6.7000492e+00  -6.4664761e+00   2.5579158e+00   7.6571589e+00  -2.8781288e+00  -2.8076300e+00  -6.0393613e+00  -6.7429143e+00  -3.1119883e+00   8.4208851e-02  -2.2194325e+00   4.8229281e-01   2.0076866e+00  -9.7952686e-02  -2.0444287e-01   2.9969262e+00   1.6277979e+00  -8.6307488e-01  -1.9221985e+00  -1.0880024e-01   6.4031551e-03  -1.0774794e-01
   7.0096464e+00   1.1840855e+01  -4.6876632e+00  -9.2457585e+00   2.3040110e+00   7.0861591e+00  -5.2100261e+00  -7.0806938e-01  -5.8761142e+00  -5.0334836e+00  -2.6442148e+00  -3.8831297e-02  -1.0366833e+00   1.2295033e+00   2.6484347e+00  -9.9852787e-01  -2.8723726e+00   1.2152335e+00  -4.8690794e-01   1.8213605e+00  -2.0186180e-01   1.8505091e+00   1.9353153e-01  -9.7994707e-02
   6.7245529e+00   1.4572018e+01  -1.4512152e+00  -9.1883183e+00   1.0752594e-01   5.6317209e+00  -1.7469539e+00  -2.4690402e+00  -6.6504140e+00  -3.5724028e+00  -2.6766030e+00  -9.3071607e-02   4.7636190e-01  -1.5587007e+00   1.5232082e+00  -3.7539939e+00  -2.1367931e+00   2.9775071e-01  -9.4568025e-01  -1.2735296e-01   5.1883932e-01   1.3957245e+00  -1.1288338e-01   3.6802745e-02
   9.2048922e+00   9.8433624e+00  -3.8726935e+00  -1.3592974e+01  -1.3959926e+00   6.8686453e+00  -6.0490765e+00  -1.2924766e+00  -3.6348815e+00  -3.0718312e+00  -3.0144582e+00   7.3783306e-02   1.4565302e+00  -2.4584253e+00  -4.7405303e-01  -2.6073865e-01  -1.1534855e+00   1.6718402e+00  -7.4102582e-03  -1.1194604e+00   4.1687751e-01  -9.2231063e-01  -5.1455560e-01   1.1034666e-02
   8.8922054e+00   9.4190200e+00  -4.8227217e+00  -9.9238594e+00   1.2027280e+00   8.2125418e+00  -3.8771239e+00  -2.7064558e+00  -6.3817187e+00  -5.6301537e+00  -3.0961917e+00   8.3105667e-02  -8.0665644e-01  -1.1709276e+00  -9.9879365e-01   1.0622257e+00   2.2792082e+00   1.1909443e+00  -1.3108001e+00  -5.3346627e-01   6.1714348e-01  -1.7798646e+00  -4.9274781e-01  -4.9218922e-02
   8.1106155e+00   1.0729716e+01  -3.7129895e+00  -9.2690959e+00   2.6181689e-02   8.3035089e+00  -4.1560565e+00  -2.2685522e+00  -5.3851456e+00  -5.3880741e+00  -3.2062539e+00  -1.1036794e-01  -8.1249742e-01   1.7922642e+00   4.5098396e-01   1.3138261e-01   1.6052039e+00  -2.4367042e-01  -1.5564322e+00   3.8780458e-01   1.4201701e+00   3.5480367e-02  -4.6498413e-02  -8.9599989e-02
   6.0617066e+00   1.2372450e+01  -3.0292577e+00  -9.7569185e+00   2.8152511e+00   6.7007055e+00  -4.6596641e+00  -2.7812018e+00  -4.8495667e+00  -5.0840782e+00  -3.3198269e+00  -7.4824370e-02   7.5221423e-01   3.3577178e-01  -7.2505708e-01  -4.7711485e+00   1.2420769e+00   1.0270511e+00  -4.0994359e+00  -2.3986551e-02   2.8931993e+00   5.1478672e-01   2.0377745e-01  -1.6726734e-01
   9.4013955e+00   1.1055044e+01  -4.0929496e+00  -1.3479370e+01   2.0555163e-01   7.2590578e+00  -7.9924548e+00  -6.7339674e-01  -2.2707023e+00  -3.2916484e+00  -2.9723882e+00   1.8348341e-02   2.2588808e+00  -6.0350039e-01  -3.4376442e+00  -4.5190012e-01   3.6035807e-01   2.9339833e+00  -1.8212515e+00  -1.9894742e-01   9.7240591e-01  -5.8576254e-01   1.6161450e-01  -1.2289925e-01
   9.3751367e+00   9.7600136e+00  -5.7203273e+00  -1.4975445e+01   2.9761584e+00   1.0275344e+01  -8.1080786e+00  -3.5400134e+00  -3.5991414e+00  -5.9061865e+00  -2.9074583e+00  -2.3215348e-01   1.5242941e+00   3.3338673e-01  -2.4754354e+00   3.8578255e+00  -2.7302056e+00   7.8123744e-01   3.8776591e-01  -5.7671818e-01  -8.2956146e-01  -2.3327379e-02   3.9146288e-01   1.1077984e-01
   9.8422217e+00   1.1130683e+01  -7.5239210e+00  -7.3376828e+00   4.8626515e-01   1.0917165e+01  -5.1637265e+00  -2.1875676e+00  -4.5517494e+00  -5.8556638e+00  -3.1700164e+00  -2.1605226e-01  -2.5333580e-01   1.0617606e+00   1.5435416e-01   3.4798281e+00  -1.8501222e+00  -6.0833831e-01   7.7204480e-02   6.1079676e-01  -1.0070170e+00   8.4992486e-01   4.5239449e-01   2.3036661e-01
   8.1277346e+00   1.2834710e+01  -5.0269251e+00  -7.0410239e+00  -1.4204140e+00   6.0435083e+00  -5.4923794e+00  -2.8891936e+00  -4.9533853e+00  -3.8370616e+00  -2.6338185e+00   2.0854569e-01   4.4489544e-01  -1.9573789e+00   1.6464292e+00  -1.7958523e+00  -1.3823633e+00  -4.9684181e-01  -3.3887338e+00   1.5766655e+00   9.3383032e-01   1.2772435e+00   5.2056268e-01   1.4368765e-01
   9.6450929e+00   1.1110337e+01  -4.2081195e+00  -1.2226839e+01  -3.7134547e-01   8.4624682e+00  -9.1844976e+00  -8.2611470e-02  -3.1041058e+00  -3.0513236e+00  -2.4306164e+00   1.4354867e-01   1.0968387e+00  -3.4231921e+00   2.4367009e-01  -2.5607526e+00   2.0966679e+00   1.6273208e+00  -2.9480028e+00   5.6996457e-01   7.3386858e-01  -5.5146917e-01  -1.9193206e-01  -4.2504687e-02
   1.0141044e+01   6.8341187e+00  -4.9085843e+00  -1.5224646e+01   1.3314188e+00   1.0757429e+01  -1.1180794e+01  -2.2274932e+00  -2.9222177e+00  -5.3924913e+00  -2.4963143e+00  -1.9642247e-01   3.3076110e-01  -9.8602858e-01  -7.7884386e-01   5.5653641e-01   1.4254297e+00   9.7653950e-01  -9.8545755e-01   1.2906287e+00  -1.3877467e-01  -1.9760101e+00  -7.8885215e-02  -3.4042739e-01
   1.0480825e+01   8.9961909e+00  -7.2175863e+00  -7.0870009e+00   2.2553505e+00   1.1001185e+01  -6.7415235e+00  -1.6634709e+00  -4.4665303e+00  -5.9051527e+00  -3.5266666e+00  -7.7325209e-02  -1.3373076e+00   2.5863987e+00   1.2107425e-01   3.8680788e+00  -5.5309274e-01  -3.9096469e+00   3.9289017e+00   1.8930832e-01  -1.5866952e+00   6.2769297e-02   6.3216605e-01  -1.2210633e-01
   8.2060103e+00   1.2412740e+01  -4.6904575e+00  -8.7761382e+00  -5.9561754e-01   6.2389591e+00  -8.1920528e+00  -1.6282084e-01  -4.4803351e+00  -5.3741622e+00  -2.2041212e+00  -1.9165845e-01  -1.1761093e+00   2.3149376e+00   5.6293881e-01   2.2484986e-01  -1.6441769e+00  -3.6678530e+00   1.0449254e+00  -2.7299722e-01   6.1286392e-02   2.2380795e+00   7.1940279e-01  -1.3344725e-02
   8.6066484e+00   1.2200624e+01  -4.1355715e+00  -9.6489742e+00  -2.3746642e-01   4.8572330e+00  -4.7855156e+00  -8.3098518e-01  -4.7050899e+00  -2.9663342e+00  -1.6284639e+00  -4.1992835e-02  -1.0858525e-01  -1.1814734e+00   1.3944442e+00  -2.6816387e+00   2.1849818e-01  -1.8777255e-01  -1.0124111e+00  -1.3566021e+00  -7.0588167e-02   1.4322074e+00   2.7947263e-01  -1.4854105e-01
   9.3139685e+00   8.7043086e+00  -5.6051835e+00  -1.3606384e+01   1.1156198e-01   8.3276261e+00  -1.0591410e+01  -3.0532319e+00  -2.7110083e+00  -3.5047813e+00  -2.3663115e+00  -2.3410574e-01  -4.3676692e-03  -8.5906898e-01   8.2620218e-01  -1.2179767e+00   9.8036431e-01   2.3952683e+00  -5.3007010e-01  -1.7798839e+00  -1.0273300e+00  -1.1232418e-03  -8.4331139e-01  -1.1208272e-02
   9.7639678e+00   9.0781967e+00  -4.6685570e+00  -8.6943359e+00   2.2295080e+00   9.6751928e+00  -7.0604618e+00  -2.2531685e+00  -5.4570759e+00  -4.6915320e+00  -3.0263625e+00  -2.7891314e-01  -1.0678269e+00   1.9585779e+00   2.3929076e-02   1.1671035e+00   2.1581273e-01   1.4425274e+00  -1.3216387e+00  -1.1908983e-01  -1.6256842e+00  -3.5880603e-01  -5.2779387e-01   2.5252188e-01
   7.6207991e+00   1.2685350e+01  -3.1846614e+00  -1.1080422e+01  -3.5855830e-01   7.4228816e+00  -7.8496849e+00  -2.1215551e+00  -5.6453370e+00  -4.5132481e+00  -2.7701390e+00  -9.0010703e-02  -7.6782865e-01   2.2241883e+00   4.9495088e-01  -1.9314728e+00   8.1287048e-01   5.7185051e-01  -2.0425510e+00  -2.5317424e-01  -9.3941141e-03   1.6240773e+00   9.5677644e-02   1.9876548e-01
   7.8514927e+00   1.3147970e+01  -5.3099389e+00  -9.1612998e+00   3.2131282e-01   7.4733964e+00  -8.1388360e+00  -1.4754584e+00  -5.6764519e+00  -3.0003098e+00  -2.2182409e+00   2.6474247e-01  -2.9499023e-01  -2.2021686e-02  -9.1469073e-01  -3.7983295e+00   3.3195473e+00   8.0351248e-01  -3.3526150e+00  -2.0244667e+00   1.4507659e+00   1.2320623e+00   4.2698898e-02   3.0502204e-02
   9.1184631e+00   1.0005704e+01  -4.5420662e+00  -1.6270111e+01   2.2849653e+00   1.0286300e+01  -1.3116049e+01  -3.8218484e+00  -2.6154115e+00  -1.9142765e+00  -2.6268558e+00  -2.0778533e-01   6.7725416e-01  -5.6903291e-01  -1.2654589e+00  -4.7095349e-01   3.8215500e+00   5.1498619e-01  -2.5461377e+00  -9.2196063e-01   9.7680302e-01  -6.0375310e-01  -3.9213978e-01  -2.3867744e-01
   8.5726505e+00   1.0384987e+01  -5.3618908e+00  -1.1796986e+01   5.8870671e+00   9.4487523e+00  -9.4562022e+00  -4.4397219e+00  -4.7958899e+00  -4.1429244e+00  -3.0339558e+00  -1.7427252e-01   8.1022002e-03   8.1552475e-01  -4.3931870e-01   1.5479408e+00   7.7605408e-01  -2.6164045e+00   9.2469694e-01   1.1836609e+00  -8.5013513e-01  -1.3978984e+00   1.1624602e-01  -1.0928134e-01
   8.2761014e+00   1.3213292e+01  -5.0568738e+00  -1.0469010e+01   2.5908895e+00   7.2076829e+00  -1.1010208e+01  -2.0223642e+00  -4.6204135e+00  -4.8475705e+00  -2.9504912e+00  -2.2851936e-01   5.3129724e-01   4.7050199e-01  -4.9561427e-01   3.6350210e+00  -4.0274248e+00  -2.1547062e+00   2.9382350e+00   2.1381232e+00  -1.2592183e+00  -3.3583702e-01   1.2727749e+00   2.5160274e-01
   8.2848268e+00   1.2767463e+01  -5.7115131e+00  -9.7399396e+00   1.3324318e+00   5.0880982e+00  -7.8047109e+00  -5.9970911e-01  -5.9491536e+00  -3.6305104e+00  -1.8820542e+00   1.1118748e-01   1.6865065e+00  -2.8346739e+00  -1.7458108e-01   1.4561767e+00  -6.0700206e+00   1.8620272e+00  -2.4943266e-01   7.5996689e-01  -7.4292008e-01   6.7844874e-01   1.0804191e+00   1.7714159e-01
   1.0059321e+01   9.5202194e+00  -5.1106764e+00  -1.1846103e+01  -1.4788543e+00   9.2345678e+00  -9.5344421e+00  -2.5346699e+00  -3.9276071e+00  -2.6742390e+00  -1.2936442e+00   2.6888772e-02   1.8376516e+00  -2.4330587e+00   3.7433501e-01   2.5506881e+00  -3.8844541e+00   3.2840566e+00  -6.0165744e-01  -4.9370456e-01  -9.3725248e-01  -1.6535169e-01   3.0192259e-01  -1.3113753e-01
   1.0210801e+01   7.9795127e+00  -5.5968611e+00  -8.9241740e+00  -1.1830919e+00   1.1228351e+01  -1.0568234e+01  -3.0436187e+00  -6.2566732e+00  -4.2119170e+00  -2.2417506e+00  -3.6264193e-02   6.2354805e-01   1.5650303e+00   4.7944461e-01  -1.4361650e-01  -2.4520535e+00   1.1933341e+00   1.5826356e+00   2.3460455e-02  -2.2503452e+00  -1.5066767e+00   3.2942278e-01  -1.3900624e-01
   1.0069592e+01   1.1957679e+01  -4.5526973e+00  -7.0508602e+00  -1.9780298e+00   9.0636416e+00  -1.0530933e+01  -1.5409663e+00  -5.8725324e+00  -4.8048947e+00  -2.3177591e+00  -3.5149981e-01  -2.3314175e-01   2.7678402e+00   6.9071774e-01  -1.2730223e+00   2.6559433e+00  -5.7324816e+00   2.7418089e+00   2.4468164e+00  -1.6636943e+00  -1.9950501e-01   5.1239810e-01   1.0218329e-01
   9.2150133e+00   1.3896278e+01  -5.2713358e+00  -1.2352986e+01  -2.0960606e+00   6.9635625e+00  -4.9325122e+00  -1.0613702e+00  -8.3522088e+00  -4.8251976e+00  -8.7586253e-01   9.1872417e-02  -2.7415675e-01  -4.7220453e-01   1.4220372e+00  -2.7030627e+00   4.9932433e+00  -7.8883916e+00   1.0889285e+00   1.5343040e+00  -6.1784229e-01   1.0310927e+00   4.1258413e-01   2.5725972e-01
   1.0207502e+01   1.0713597e+01  -4.2373624e+00  -1.2041230e+01   2.9615451e+00   2.7682396e+00  -8.2395899e+00   1.4443053e-01  -5.3753807e+00  -2.6668563e+00  -1.2079911e+00   1.1609539e-01   7.8593896e-02  -3.0510663e+00   6.3589753e-01   3.2432589e+00   4.0342075e+00  -6.4614966e+00  -1.3000510e-01   3.8028249e-02  -1.4243160e+00   1.0173467e+00  -3.6194254e-01   1.3071180e-01
   9.7306105e+00   7.8932473e+00  -3.6214727e+00  -1.0483583e+01   3.8369856e+00   2.5434643e+00  -1.0080513e+01  -1.5848611e+00  -7.4320125e+00  -3.7342972e+00  -2.1777585e+00   1.1582778e-01  -6.2842394e-01  -1.4178699e+00   1.1163442e+00   7.2117245e+00  -2.6036667e+00  -2.2149925e+00  -4.4696152e-01  -1.1380556e+00  -1.0347039e+00  -9.4319135e-02  -6.2945880e-01  -4.7854693e-02
   9.9296842e+00   1.0382596e+01  -4.4237826e+00  -3.1206733e+00   1.1067584e+00   1.5814458e+00  -8.1519401e+00  -1.2221784e+00  -8.4691045e+00  -3.8243249e+00  -2.2097250e+00  -1.6740980e-01  -1.2103293e+00   2.6360024e+00  -2.6674834e-01   2.2871405e+00  -6.1939153e+00   3.7742924e+00   1.7859259e+00  -6.6673306e-01   1.7227783e-01  -6.7219091e-01   9.2371081e-02   7.8965190e-02
   8.4112862e+00   1.1934974e+01  -3.5036094e+00  -5.9956775e+00  -5.0741673e+00   4.2344707e+00  -5.6467793e+00  -2.0851492e+00  -8.3574027e+00  -4.3879420e+00  -1.3191838e+00   1.6184298e-01  -8.1695090e-01   1.0654977e+00  -4.4003386e-01  -6.0523301e+00  -2.3220105e+00   5.8021375e+00   1.1714113e-01  -4.3655880e-01   2.9223624e+00   6.0634667e-01  -2.8015467e-01   1.2873632e-01
   9.0516700e+00   1.2646737e+01  -4.6964166e+00  -1.0854472e+01  -1.8737514e+00   7.5841750e+00  -7.7775678e+00  -6.0552506e-01  -4.6542688e+00  -3.3483203e+00  -1.4987218e+00   2.1153558e-01  -1.0592468e-01  -1.9606505e+00   1.9520222e-01  -6.2253478e+00   2.9353409e+00   5.4811415e+00  -7.4562487e-01  -8.7906021e-01   2.3951484e+00   3.3160056e-01  -1.3725276e+00   1.1955532e-01
   8.9441912e+00   8.3594231e+00  -4.1452064e+00  -1.5695178e+01   1.8442248e+00   8.2453060e+00  -1.0091987e+01  -2.5480260e+00  -4.9558867e+00  -3.0627795e+00  -2.9534920e+00   1.1945957e-01   7.0193465e-01  -5.2105697e-01  -3.9202692e-02  -2.4774307e+00   3.8872485e+00   1.4267744e+00  -1.7010148e+00  -1.0396483e+00   1.0964788e+00  -8.1649482e-02  -1.2451513e+00  -1.2750725e-01
   9.5043446e+00   9.2293955e+00  -3.8101807e+00  -7.6089445e+00   2.0505737e+00   7.7977404e+00  -7.0477733e+00  -2.3093303e+00  -6.5771399e+00  -3.9895053e+00  -3.4513623e+00   3.3114878e-02   4.3345362e-01   2.5165557e+00  -3.9231160e-01   1.1122276e+00   9.4868519e-03  -2.1009623e+00   1.1607469e+00   7.0312478e-01  -1.1618277e+00  -8.5577052e-02  -1.4917928e-01   1.9461574e-02
   9.2378508e+00   1.2862059e+01  -4.0055314e+00  -1.1334587e+01  -1.2054572e+00   6.2678496e+00  -8.5631988e+00  -2.7927191e+00  -5.7512490e+00  -4.1898237e+00  -2.2105904e+00   5.9792449e-02   4.1753676e-01   1.6921877e+00   4.0787266e-01   3.3507630e-02  -9.7478871e-01  -2.8643172e+00  -7.3069793e-01   2.2740207e+00  -6.0475198e-01   6.1676887e-01   1.0493115e+00   6.5797512e-02
   9.5550206e+00   1.4170252e+01  -5.3547216e+00  -1.1366427e+01  -3.3468015e-01   5.4214598e+00  -6.8008417e+00   5.7150862e-01  -5.9993292e+00  -2.9131638e+00  -2.0939415e+00   2.7056151e-01  -2.2053389e-01  -1.1007184e+00   6.0128605e-01  -2.2674869e-01   1.9889988e+00  -1.7967971e+00  -2.5280355e+00   2.3412683e+00  -7.5416498e-01  -1.6615048e-01   7.4323743e-01   8.2318333e-03
   9.5451584e+00   8.4272763e+00  -2.7611270e+00  -1.3766176e+01   1.5746686e+00   5.1369705e+00  -1.1311500e+01  -5.7741441e-01  -6.1519200e+00  -2.6757970e+00  -2.0582352e+00   9.9432527e-02  -4.1809459e-02  -6.0135941e-01   3.2503757e-01   2.6778102e+00   2.3814230e+00  -1.3582826e+00  -1.5532532e+00   8.8255992e-01  -1.1743374e+00  -1.0519456e+00  -2.7148626e-01  -7.0722372e-02
   9.0198900e+00   9.7957093e+00  -3.5304538e+00  -6.7332732e+00   3.6440089e+00   5.6679843e+00  -9.4656760e+00   9.4919780e-02  -7.5080519e+00  -4.9957444e+00  -2.4126838e+00   2.5642589e-02   7.7920628e-02   2.7129157e+00  -5.0814404e-01   2.4885735e+00  -2.2969217e+00   3.2758031e-01   1.4831560e+00  -8.6144461e-01  -1.3351578e+00  -9.4280335e-01  -4.5951863e-02   5.3066058e-02
   9.4427019e+00   1.4147292e+01  -4.4301089e+00  -9.6344488e+00   3.7733283e-01   4.1071635e+00  -9.5606615e+00  -1.2305848e+00  -6.7583938e+00  -4.7264518e+00  -2.4584487e+00   7.6168349e-02   6.1929421e-01   1.9366710e+00  -7.4547852e-01  -2.2055206e+00  -3.1170812e+00   3.0299148e+00   1.7913520e+00  -1.1741115e+00   1.5629621e+00   6.2031230e-01  -2.3610177e-01   2.2376967e-01
   9.7231298e+00   1.5379618e+01  -5.2824467e+00  -9.6994298e+00  -3.1813948e+00   6.4277338e+00  -5.4515269e+00  -3.9407313e-01  -7.6988290e+00  -3.3020414e+00  -1.9627626e+00   3.6179268e-01   7.3632917e-01  -3.4757380e+00   7.2966766e-01  -4.8373393e+00  -9.2554734e-01   4.4580853e+00   5.3743760e-02  -1.2317271e+00   2.2415015e+00   1.3836534e+00  -6.3632379e-01   1.7699981e-01
   1.0122480e+01   8.5403284e+00  -3.0033484e+00  -1.5591379e+01   3.1174862e-01   9.3019680e+00  -1.0631547e+01  -2.0940851e+00  -3.7120882e+00  -2.5921800e+00  -2.6373485e+00   2.6701198e-01   5.1053205e-01  -4.5838102e+00   3.1679576e-01   6.9653837e-02   1.2883612e+00   2.6348751e+00  -1.8520715e+00  -1.0622293e+00   2.4264294e+00  -5.1745443e-01  -9.6499905e-01  -7.7505107e-02
   9.7844948e+00   7.3855840e+00  -3.1493326e+00  -1.1010817e+01   2.2884800e+00   9.7577100e+00  -8.8496178e+00  -1.3209207e+00  -5.6689525e+00  -3.9874001e+00  -3.2777196e+00   1.9572048e-01  -2.8989405e-01  -1.1014675e+00  -2.0189320e+00   2.7255696e+00   1.2891412e+00  -2.7943144e+00  -1.0498228e+00  -1.1531903e+00   2.7586816e+00  -1.9142514e+00  -6.7774641e-01  -8.3499925e-02
   1.0177817e+01   1.1268594e+01  -5.0214723e+00  -8.8742743e+00  -4.2506284e-01   6.3944880e+00  -1.0639723e+01  -2.3605049e+00  -4.1336879e+00  -5.1599540e+00  -3.2484688e+00   4.2946790e-02  -5.9672649e-01   2.4316624e+00  -9.5336204e-01   7.3475594e-01  -2.8781224e+00  -7.3329715e-01   1.3222676e+00   3.2878241e-01   5.5159437e-01   2.0810699e-01  -1.6731451e-02   6.0537024e-02
   9.2606199e+00   1.2363284e+01  -7.3017827e+00  -8.9696275e+00  -8.7927727e-01   3.6900021e+00  -7.0221729e+00  -1.9906487e+00  -3.3500068e+00  -4.8895315e+00  -2.6738220e+00   3.4857539e-01  -5.6935350e-01  -3.9054518e-01   1.4368810e+00  -4.1937450e+00  -2.5496355e+00   2.9987106e+00   1.3272622e-01   5.9199014e-02   3.6624968e-01   1.4659422e+00  -1.2721979e-01   9.5321601e-02
   9.4893276e+00   9.6989719e+00  -2.3571663e+00  -1.5509840e+01  -2.4215564e+00   1.1235876e+01  -9.5618677e+00  -1.2660475e+00  -4.0441695e+00  -1.8289539e+00  -2.9643944e+00   2.8139006e-01  -2.1634107e-01  -1.7424274e+00   1.9153815e+00  -1.6764831e+00  -8.3695292e-02   3.3627436e+00   1.5070128e+00  -7.0473893e-01  -4.2980506e-01   4.5283678e-01  -4.6586326e-01   1.0884630e-03
   9.2747095e+00   7.5845770e+00  -2.3261640e+00  -1.3983652e+01  -5.3772638e-01   1.1835082e+01  -9.1894563e+00  -1.7793509e+00  -5.1643372e+00  -3.4539869e+00  -3.6105864e+00   2.1948125e-01  -3.0451442e-02   5.1532463e-01  -2.2659554e-01   3.6894895e-01  -5.6626485e-01   1.0098414e+00   1.0242890e+00  -1.2624915e+00  -1.7552339e+00   6.0394855e-02  -1.7390394e-01  -2.0627894e-01
   9.8462611e+00   1.1044306e+01  -4.6362095e+00  -8.8819866e+00  -7.2138123e-01   7.3660636e+00  -7.2955624e+00  -3.5232622e+00  -3.8712303e+00  -5.1984712e+00  -3.4788815e+00   1.0912656e-01  -6.7709605e-01   3.3049804e+00  -1.9003057e+00   1.4943431e+00  -9.7008146e-02  -2.9183301e+00   1.5134632e+00  -9.5317599e-03   1.1925737e-01  -4.0877365e-02   6.0202816e-01  -4.5355239e-03
   9.0364760e+00   1.2463604e+01  -6.5021545e+00  -1.1730131e+01  -2.5787621e+00   7.1396705e+00  -6.6188920e+00  -2.7557787e+00  -6.0693272e+00  -3.1141805e+00  -2.6774344e+00   1.2528873e-01  -9.9443364e-01   8.1186795e-01   4.6022658e-01  -2.4631066e+00   4.9080897e-01  -1.5962257e+00  -7.4045499e-01   6.7661515e-01   2.8340144e-01   1.3134624e+00   5.8341165e-01   1.3480355e-01
   8.5928003e+00   1.2216929e+01  -3.1196296e+00  -1.4395086e+01  -1.5465507e+00   9.2060867e+00  -8.5769550e+00  -7.9213127e-01  -3.4127884e+00  -2.0601731e+00  -2.5279282e+00   3.2168303e-01  -6.6858615e-01  -6.1465730e-01   1.4372753e+00  -7.4611762e-01   2.9145275e+00  -1.1998541e+00  -4.9801323e-01   1.3035715e+00  -1.0423001e+00   2.4729527e-01  -1.4117746e-01   1.3952782e-01
   8.4097894e+00   8.2160675e+00  -2.3941141e+00  -1.4921763e+01   6.1107184e-01   8.5207316e+00  -9.6594424e+00  -2.1299936e+00  -4.9684560e+00  -3.0529423e+00  -3.2109456e+00   3.1540833e-01  -1.5500442e-01   8.9769935e-01  -5.2524373e-01   2.3843538e+00   2.5595843e+00  -2.5362831e+00   4.5066087e-01  -6.7880908e-01  -6.9806869e-01  -5.9042561e-01  -6.2735305e-01  -2.5020172e-02
   9.1567251e+00   1.2246088e+01  -4.5343167e+00  -8.4053471e+00   2.0554931e+00   4.8757519e+00  -6.5223070e+00  -1.8807975e+00  -5.9851161e+00  -4.8581474e+00  -3.4238921e+00   2.2335849e-01   4.5537547e-01   2.9664881e+00  -5.0852840e+00   3.4689551e+00   2.4776723e+00  -3.1574370e+00   3.1598025e-01   5.1664556e-02   3.7545286e-01  -2.5581724e-01  -1.8301153e-01   6.0104903e-02
   8.5220069e+00   1.3795574e+01  -6.5826765e+00  -1.1148469e+01  -5.4040756e-01   5.5004132e+00  -6.9702247e+00  -3.2296592e+00  -5.8302664e+00  -2.6008318e+00  -3.1704820e+00   1.3692075e-01   7.8920760e-01  -1.0066378e-01  -5.2812304e+00   1.9230737e+00   1.5006331e+00  -8.5560078e-01  -2.2833902e+00   1.3228554e+00   1.5188869e+00   4.8580762e-01   6.5437216e-01   3.5095226e-02
   9.2197547e+00   1.3876908e+01  -8.6532744e+00  -1.1078300e+01   2.7456974e+00   5.9800903e+00  -9.4475935e+00  -1.6480166e-01  -2.4187039e+00  -2.6699542e+00  -2.8226773e+00   5.0108418e-01   5.3686424e-01  -4.6868245e+00  -2.9222477e+00   3.7270820e+00   1.4590400e+00   2.4610609e+00  -3.4927015e+00   6.0814636e-01   8.7497238e-01  -2.0962991e-01   6.1828765e-01  -2.1252425e-01
   9.5620860e+00   7.2496620e+00  -8.2564809e+00  -1.0700676e+01   2.5169194e+00   6.6851612e+00  -1.1621884e+01  -1.0037085e+00  -4.4733317e+00  -3.4183275e+00  -2.5299947e+00   2.2918833e-01   3.7985588e-01  -3.4302621e+00   1.3443784e-01   3.7956128e+00   4.7636002e-01   2.0621383e+00  -2.0994183e+00  -1.0291240e+00  -1.1757196e-01  -1.5621336e+00   2.4077992e-01  -2.3202996e-01
   9.4419819e+00   8.4888074e+00  -8.0807861e+00  -3.0386209e+00   2.7153896e+00   7.9749694e+00  -9.4355293e+00  -2.0815533e+00  -5.3511249e+00  -4.7638444e+00  -2.8167042e+00  -1.4156167e-01  -4.0128441e-01  -9.8306483e-02   2.6120252e+00   2.4527858e+00  -4.1168806e+00  -9.9876789e-01   2.7314196e+00  -2.8717199e-01  -1.8606597e+00   2.4781245e-02   4.2228654e-01  -1.6313560e-01
   8.9806772e+00   1.1344231e+01  -6.6672639e+00  -9.4748896e+00   1.8928635e-01   7.5961812e+00  -1.0125384e+01  -3.8149694e+00  -4.5404139e+00  -3.8970871e+00  -2.8122987e+00   1.1019873e-01  -4.4374586e-01   1.1002264e+00   4.4760611e+00  -2.7261541e+00  -2.5765596e+00  -6.0957038e-01   7.7593681e-01  -5.4781061e-01   8.1403877e-01   1.4215342e+00   1.8425284e-01   2.5527224e-01
   8.9085325e+00   1.1682164e+01  -5.5298451e+00  -8.0120142e+00  -2.2658071e+00   4.0264285e+00  -6.0987143e+00   8.1007080e-01  -5.1761523e+00  -2.3934025e+00  -2.0480955e+00   3.1587558e-01  -8.4242829e-01  -1.5945539e+00   4.4172792e+00  -2.4105351e+00   7.7926819e-01  -8.0793762e-01  -9.9413402e-01  -8.1474790e-01   9.6846471e-01   5.9552559e-01  -2.1754952e-02   4.3824935e-01
   9.1631919e+00   7.3033233e+00  -2.8178598e+00  -1.2303210e+01   1.1426784e+00   7.7450761e+00  -1.2126387e+01  -3.2712365e+00  -3.3397599e+00  -2.4712470e+00  -2.6379198e+00   3.8337806e-01  -5.8966375e-01  -1.4895089e+00   2.4467357e+00   2.5493459e+00   1.7267632e+00  -1.9649735e-01  -1.1105335e+00  -1.9222875e+00  -4.4599128e-01  -6.9740166e-01  -2.2801029e-01   1.1885891e-01
   8.0870821e+00   8.1174302e+00  -3.3795693e+00  -5.2402633e+00   3.4075959e+00   6.6886155e+00  -9.9262291e+00  -3.5755416e+00  -4.4987548e+00  -4.5834761e+00  -2.9365261e+00   3.7922268e-01  -8.2717926e-01   1.6030214e+00  -3.7864884e-01   1.4587903e+00  -2.1002443e-01   4.7881369e-01   3.3313780e-01  -3.0126375e+00  -1.1994500e+00  -9.4037919e-02   2.5885799e-01  -2.4994203e-02
   8.5069068e+00   1.0892334e+01  -4.0722982e+00  -7.0367462e+00  -5.7270365e-02   5.9703416e+00  -9.8774271e+00  -4.5055944e+00  -5.5480995e+00  -3.8481528e+00  -2.7100988e+00   2.5681355e-01   3.8443403e-01   2.0508571e+00  -2.9387157e+00   1.7950306e-01  -2.0110304e+00   7.5910246e-01   1.2609917e+00   3.6170286e-01  -2.2363549e-01   1.2989048e+00   8.1173721e-01  -1.5339593e-01
   7.9959062e+00   1.2292191e+01  -5.4705992e+00  -8.4570607e+00  -1.9808694e+00   5.6320162e+00  -6.7234875e+00  -3.0917064e+00  -5.8711575e+00  -1.8460065e+00  -1.6237190e+00   3.4166653e-01   1.4991034e+00  -1.0886872e+00  -2.9928851e+00  -1.9536602e+00   1.1672703e-01   3.6520459e+00  -2.4864503e+00   2.2850157e-01   1.8473096e+00   1.3070218e+00   1.3212881e-01  -1.7626868e-01
   9.7854309e+00   8.2922288e+00  -6.1804185e+00  -1.0425557e+01   8.2036538e-01   9.4120294e+00  -1.1836270e+01  -2.9705998e+00  -2.9890117e+00  -1.8916246e+00  -2.0767176e+00   1.7206223e-01   9.5798575e-01  -1.5332100e+00  -1.9648987e+00   1.0199353e+00   2.8017272e+00   1.7852191e+00  -2.3482028e+00   4.6066433e-02   1.8110116e+00  -7.1710834e-01  -8.8332067e-01  -6.4367676e-02
   9.6964752e+00   7.7844522e+00  -6.8148368e+00  -6.4763482e+00   3.1438686e+00   1.0445841e+01  -1.2676483e+01  -4.0002866e+00  -3.0073343e+00  -3.6012075e+00  -3.0550235e+00   1.5719532e-01  -8.0430428e-01   1.6351577e+00   1.3597115e+00  -2.3787472e-01  -7.9798570e-01  -1.0018580e+00   2.5339670e+00  -4.7521381e-01  -3.1751832e-01  -1.0147724e+00  -7.6744344e-01   3.5301268e-02
   9.0936009e+00   1.0846388e+01  -6.3475274e+00  -6.4971996e+00   1.5829514e+00   6.2412582e+00  -1.0423234e+01  -3.9822047e+00  -4.2634938e+00  -4.0462148e+00  -3.3194276e+00   2.5249764e-01  -1.8965065e+00   3.7701894e+00   2.7299438e+00  -6.5317147e-01  -3.7402508e+00  -2.3034799e+00   4.4866008e+00   5.2666772e-01  -5.6214930e-01   3.0001862e-01   5.3454952e-02   2.2670537e-01
   7.1353648e+00   1.3467847e+01  -3.3474775e+00  -1.0778051e+01  -3.5591409e+00   5.7146148e+00  -3.6290553e+00  -3.2987247e+00  -5.7101940e+00  -2.2908700e+00  -2.1535292e+00   3.5440073e-01  -1.8152124e+00   8.0453996e-01   3.1027911e+00  -7.5938883e-01  -2.8245825e+00  -6.2675957e-01   1.0308530e+00   1.6433986e-01   6.1567979e-01   7.6654087e-01   3.6805672e-01   1.7878002e-01
   8.2212263e+00   1.1105815e+01  -3.8191825e+00  -9.2544625e+00  -1.4385060e+00   8.3224224e+00  -9.6300828e+00  -2.5313791e+00  -2.4808058e+00  -2.0967654e+00  -2.4472823e+00   4.1351758e-01  -3.5132240e-01  -1.0988839e+00   1.7008152e+00   3.6753089e+00  -6.6464171e-01   2.8357727e-01  -2.2964514e+00   5.5229825e-01   2.4012725e-01  -7.1766506e-01  -1.5589265e-01  -7.9631928e-02
   7.4098439e+00   8.8615487e+00  -3.4248226e+00  -6.2368000e+00   4.1772351e-01   8.4651191e+00  -1.1526779e+01  -4.4791896e+00  -2.9751586e+00  -3.4261209e+00  -2.9390111e+00   3.4485538e-01  -1.7777332e-01   6.7536926e-02  -4.2321723e-01   4.1983701e+00   1.3206442e+00  -2.3912791e+00  -3.2141487e+00   5.3540911e-01  -2.2364554e-01  -1.4798574e+00  -3.9210951e-01  -2.0759843e-02
   8.4293778e+00   1.1501212e+01  -3.7576321e+00  -3.2548620e+00  -1.4024434e+00   5.2913719e+00  -9.9190488e+00  -2.5635249e+00  -5.2708206e+00  -4.5550870e+00  -3.1605256e+00   1.3782243e-01  -6.5248396e-01   2.6309016e+00   5.3478127e-01  -2.4268138e+00  -9.1635884e-01  -1.1321400e+00   3.3899406e+00  -7.1084740e-01  -3.2108104e-01   1.1557662e-01   1.6645601e-01   8.1754963e-02
   6.7646291e+00   1.3371454e+01  -4.0130785e+00  -7.4802966e+00  -1.5962059e+00   3.6432213e+00  -8.3057954e+00  -2.4795382e+00  -4.6506549e+00  -3.2814952e+00  -2.3850718e+00   4.6110854e-01  -5.3220043e-01   2.4967872e-01   8.0245379e-01  -6.6724498e+00   3.4545487e-01   9.7037909e-01   3.7714011e+00  -1.9216547e+00   1.6924777e+00   1.0369562e+00   6.7821471e-02   2.2098319e-01
   7.5651078e+00   1.2797215e+01  -2.7228826e+00  -1.2272935e+01  -1.8060796e+00   9.0351613e+00  -6.1556636e+00  -4.5974759e+00  -2.1246793e+00  -1.9957133e+00  -2.4745679e+00   4.7802344e-01  -2.7278020e-01  -3.2351686e+00   6.5983542e-01  -1.1257726e+00   7.0782166e-01   2.9652407e+00   2.2625590e+00  -3.8195876e+00   2.1094933e+00   1.2203068e-01  -3.6980729e-01   4.1867543e-02
   7.0436782e+00   8.5880653e+00  -2.7385167e+00  -1.1736438e+01   1.1377239e+00   8.0487931e+00  -7.7513698e+00  -6.3446960e+00  -2.0095128e+00  -3.1503734e+00  -3.1802577e+00   5.0622966e-01   6.3266972e-01  -2.4752418e+00   5.1668269e-01   4.3699299e+00  -2.6773838e+00   1.3920410e+00  -5.0819089e-01  -2.1652383e+00   1.1408194e+00   3.1363580e-02  -9.3846653e-01  -2.5140725e-01
   7.8806829e+00   9.0401535e+00  -3.4051600e+00  -2.8154501e+00  -1.7076758e+00   7.5364472e+00  -6.8024230e+00  -6.3603274e+00  -3.4271518e+00  -4.4376019e+00  -3.3176436e+00   1.7806318e-01   9.0346110e-01   1.4526619e+00  -1.5871684e+00   3.5244143e+00  -1.6884889e+00  -1.0487461e-01  -1.4794033e+00   2.0598637e+00  -1.7931607e-01   1.8693779e-01  -5.8550752e-02  -1.5583641e-01
   7.5558461e+00   1.1537122e+01  -2.8969158e+00  -5.6541441e+00  -5.6614835e+00   6.4806398e+00  -8.7447020e+00  -4.8459699e+00  -2.2881895e+00  -2.0135056e+00  -3.3712337e+00   2.3397779e-01   1.5006562e+00   9.7084486e-01  -1.3398210e+00  -4.6096639e+00  -3.0418985e-01   5.0470599e+00  -1.0180226e+00   2.7401785e+00   7.8271905e-01   1.7188590e+00   1.0100305e-01  -2.7785450e-01
   8.6642155e+00   1.3501679e+01  -5.0244356e+00  -1.0027461e+01  -9.3920918e-01   9.6619260e+00  -7.8781025e+00  -2.2570434e+00  -2.2543150e+00  -2.2837405e+00  -2.4669061e+00   3.8039476e-01   9.1813873e-01  -7.4605232e-01  -1.1612041e+00  -6.0921857e+00   3.7680322e+00   6.5538334e+00  -3.1431340e-01   3.1643411e-01   1.5340119e+00   1.5556241e+00  -5.1065062e-01  -3.1016302e-01
   8.9028962e+00   7.8135698e+00  -3.9386103e+00  -1.5044929e+01   2.9720582e-01   1.4556644e+01  -8.7405639e+00  -4.2860703e+00  -1.4218526e+00  -1.6490155e+00  -3.4541219e+00  -1.1717883e-02   1.3810753e-01  -8.0949318e-01  -2.3237904e+00  -2.1565754e-01   3.8744051e+00   3.4380642e+00  -6.8142777e-02  -1.8064210e+00   1.3085710e+00  -7.2186193e-01  -4.7352698e-01  -3.0074199e-01
   8.5843660e+00   9.7828513e+00  -4.6261188e+00  -7.2583364e+00   9.6502781e-01   1.3329195e+01  -7.2759622e+00  -6.1656260e+00  -1.5593024e+00  -2.2864108e+00  -4.0421754e+00  -1.6433352e-01  -1.1200068e+00   5.9408472e-01  -1.8528528e+00   5.1334516e+00  -1.1653833e+00  -3.2579336e+00   2.1585053e+00  -7.9619441e-01   1.0076233e+00   5.6818710e-01   2.5961111e-01  -1.5042908e-01
   7.8029321e+00   1.2182296e+01  -6.5817599e+00  -7.3621925e+00  -8.0199443e-01   9.8041015e+00  -9.1479864e+00  -5.6013101e+00  -6.7283934e-01  -3.0949633e+00  -3.2938895e+00   5.5228947e-02  -8.2857502e-01   1.9160611e+00  -7.3326658e-01   1.8571122e+00  -8.8817305e-01  -4.9175478e+00   1.1952396e+00  -4.5254979e-01  -3.1995449e-01   1.2691723e+00   7.3599216e-01   3.6106166e-01
   7.5341873e+00   1.2208443e+01  -6.4821400e+00  -6.1686513e+00  -2.1376840e+00   7.1512967e+00  -4.4366333e+00  -2.7937151e+00  -1.1173867e+00  -7.0848591e-01  -2.1576056e+00   1.2127773e-01  -4.9391387e-01  -9.8100808e-01   1.4572875e+00  -1.1833202e+00   1.6123824e+00  -2.4981251e+00   1.4336208e-01  -1.2665940e+00  -2.2743502e-01   3.5275581e-01   9.0272703e-02   5.0343412e-01
   8.1851230e+00   9.4748657e+00  -4.1104995e+00  -1.2804103e+01   5.1630214e-01   1.0269271e+01  -8.3673689e+00  -6.6508504e+00  -2.1227422e+00  -5.3421942e-01  -3.2924186e+00   3.8706899e-01  -4.0269754e-01  -5.3408822e-01   2.1534948e+00   8.2130598e-01   2.0119819e+00  -1.9990747e+00  -6.3679951e-01  -1.4389670e+00  -1.0392678e+00  -8.2030274e-01  -9.0326550e-01   3.0563371e-02
   7.6523998e+00   9.6650545e+00  -3.6758177e+00  -6.3123614e+00   2.7244531e+00   9.3494229e+00  -7.4512278e+00  -7.5407469e+00  -1.1755035e+00  -3.0376490e+00  -3.9075018e+00   4.2489764e-01  -1.0950615e+00   1.6742383e+00   6.5954576e-01   1.2324354e+00   4.3964218e-01  -2.7394498e+00  -1.4761938e+00  -9.3180220e-02   4.1560784e-01  -1.1782114e+00  -7.1658636e-01  -5.5126898e-02
   7.1397796e+00   1.2652858e+01  -4.7546788e+00  -6.0583785e+00  -2.1509011e-01   5.7064263e+00  -8.5958884e+00  -5.3862447e+00  -2.2026827e+00  -3.1608359e+00  -3.7738396e+00  -5.0735952e-02  -8.5524396e-01   2.0648832e+00  -1.3570617e-01  -1.3533649e+00  -7.2644094e-01  -2.5661957e-01   5.7556040e-01   1.3987382e+00   5.7330205e-02   9.5240630e-01   6.2749906e-01   5.0087603e-02
   6.4142667e+00   1.3130804e+01  -5.1707317e+00  -7.6928606e+00  -1.1125246e+00   5.3235446e+00  -6.5366643e+00  -3.5657883e+00  -4.5400470e-01  -1.1624947e+00  -2.9917746e+00   2.5748985e-01  -7.6305361e-01  -1.2214720e+00   1.3318954e+00  -4.6749794e+00  -4.6863645e-02   3.6197532e+00  -4.8643851e-01  -1.2157025e-03  -1.3024077e+00   1.7730459e+00   6.7833999e-01   2.0774916e-01
   7.5213235e+00   1.0839316e+01  -3.5666018e+00  -1.4143901e+01   1.3451296e+00   1.1897281e+01  -7.9613100e+00  -6.5402224e+00  -2.3974963e+00  -4.3187107e-02  -2.8090336e+00   5.4590429e-01   4.5529496e-01  -2.0310640e+00   2.1126120e+00  -1.1809682e-01  -1.4388365e+00   4.8828295e+00  -8.4664269e-01  -1.6823521e+00  -1.3340054e+00  -1.5614066e-01  -1.0063567e-01  -2.9882940e-03
   6.3170474e+00   8.7396178e+00  -2.2720131e+00  -9.2820694e+00   1.8740478e+00   1.1683625e+01  -8.4981747e+00  -6.9655816e+00  -3.0317083e+00  -1.9369045e+00  -3.3723949e+00   4.3820127e-01   6.1951549e-01   5.0766435e-01  -6.1831298e-01   4.2444450e+00  -5.6078910e+00   7.8945401e-01  -6.3708836e-02   3.7050038e-01  -9.1999783e-01  -2.1527582e+00   2.9775343e-01  -1.5417611e-01
   7.8713317e+00   1.1801855e+01  -3.0351202e+00  -5.4409194e+00  -3.8666311e+00   9.8506301e+00  -8.8850973e+00  -6.2098763e+00  -2.9148390e+00  -3.0078420e+00  -3.7344830e+00  -1.4557410e-01  -2.1039932e-02   1.7537079e+00  -2.0920347e+00   3.4563089e+00  -3.5134398e+00  -3.6882530e+00   2.0552951e+00   2.9716348e+00   2.5383608e-01  -6.6060962e-01   5.6407247e-01  -7.9082967e-02
   7.1685359e+00   1.3411031e+01  -6.3639420e+00  -5.6776839e+00  -6.9184808e+00   7.5310510e+00  -6.1703340e+00  -3.1752108e+00  -1.5753301e+00  -2.9093046e+00  -2.0824198e+00   3.7196489e-01  -5.6102830e-01  -3.7392452e-01  -1.1756055e+00  -1.7772965e+00   1.7972258e+00  -2.9760780e+00   1.4977063e+00   1.0868940e+00  -5.6267823e-01   1.1924309e+00   4.9256776e-01   1.5738423e-01
   7.0640194e+00   1.1134171e+01  -4.6586893e+00  -1.0761630e+01   4.7123413e-01   8.4411887e+00  -6.0422877e+00  -3.9779555e+00  -2.7449313e+00  -5.4790148e-01  -2.6079125e+00   4.6039802e-01  -6.8775538e-01  -2.1573893e+00   1.2664395e+00  -8.3123847e-01   6.2362988e+00  -2.1514546e+00   1.0615203e-01  -9.4689754e-01  -2.1538152e+00   1.1628770e+00  -4.3079647e-01   1.7711182e-01
   5.8791611e+00   8.5125731e+00  -3.2236368e+00  -9.2876586e+00   2.4009539e+00   7.9242291e+00  -7.6730201e+00  -6.4512010e+00  -3.9606795e+00  -1.3782284e+00  -3.1968285e+00   3.7129155e-01   5.4088889e-02  -1.5719146e-01   1.5450571e+00   5.2830751e-01   3.8316379e+00  -2.9661097e+00   1.4950190e-01  -2.4509194e+00  -1.5696683e+00   9.7973919e-01  -1.1519087e+00  -9.4347463e-02
   7.4843861e+00   1.1015000e+01  -2.7056135e+00  -4.8827897e+00   8.2809983e-01   6.4268592e+00  -7.9745262e+00  -5.9922275e+00  -4.9528871e+00  -2.0290646e+00  -3.8234734e+00   1.2043030e-01   1.3464984e+00   1.9480553e+00  -1.4539371e+00   1.9898921e+00  -1.3635453e+00  -1.0280941e+00   1.0482734e-01   8.1813348e-01   8.2537601e-01  -3.0557197e-02   2.6286886e-01  -5.0540818e-03
   7.0394859e+00   1.3234829e+01  -5.0228943e+00  -7.8246429e+00  -1.3494568e+00   4.0890512e+00  -4.9799619e+00  -5.8444540e+00  -2.8258546e+00  -6.9911428e-01  -3.2025024e+00   4.0042756e-01   1.5361803e+00  -1.2624196e-01  -2.7681552e+00  -4.1204546e-01  -8.7878198e-01   1.9184137e+00  -1.1265906e+00   1.0713212e+00   1.9840218e+00  -5.6408388e-01   9.7441675e-01   1.3947968e-01
   8.5036046e+00   1.1695126e+01  -5.9399662e+00  -8.5082999e+00   3.0112150e-01   8.8166365e+00  -7.2315758e+00  -3.0541288e+00  -2.0742797e+00  -9.3329431e-01  -2.2107722e+00   4.3824890e-01  -2.6975653e-01  -1.8634993e+00  -1.3953113e+00   2.0058937e+00   1.5508938e+00   3.0958002e+00  -1.9298536e+00  -9.4257458e-01   9.6149889e-01  -2.2802651e+00   1.2785552e+00   5.1836134e-02
   7.6738223e+00   7.9831472e+00  -5.7586933e+00  -8.0929717e+00   1.3462700e+00   9.6069610e+00  -9.7343811e+00  -6.3132685e+00  -2.4239505e+00  -2.7722393e+00  -2.5415539e+00   4.2160177e-01  -9.9808456e-01  -1.2260641e+00   8.4378784e-01   5.4745391e+00  -7.0850381e-01   2.7852688e-01  -1.4034291e+00  -1.5343840e+00  -8.3180718e-01  -2.2342012e+00   6.8174209e-01   4.2157750e-02
   6.7625831e+00   1.0845592e+01  -4.4306809e+00  -1.7397847e+00   1.8065771e+00   8.3116046e+00  -8.4920969e+00  -7.1716821e+00  -3.7115908e+00  -4.4128998e+00  -2.2361147e+00   1.8759739e-01  -1.0639170e+00   1.2037872e+00   1.1410196e+00   4.1016649e+00  -3.1625759e+00  -2.7884043e+00   1.3216913e+00  -3.6706267e-01  -3.1858543e-01   1.8320221e-01   1.8646671e-01   1.6064033e-01
   6.4128698e+00   1.1820500e+01  -4.5118552e+00  -2.9970919e+00  -3.1649403e+00   4.7593576e+00  -6.4548450e+00  -6.0872532e+00  -3.2549098e+00  -2.3106134e+00  -2.1672180e+00   5.8898993e-01   6.8393654e-01   2.3191198e-01   7.5871067e-01  -1.5282332e+00  -2.5334982e+00   1.8444226e+00  -1.6592180e+00   1.7835150e+00   3.7783609e-01   2.0540643e+00  -4.1167625e-01   1.8597702e-01
   7.5382054e+00   1.1582131e+01  -4.8518558e+00  -4.9037424e+00  -2.1871372e+00   7.0578318e+00  -6.8888068e+00  -3.7177304e+00  -2.1366782e+00  -8.8930396e-01  -2.1182401e+00   5.9551531e-01   5.7068451e-01  -2.5283035e+00   1.9290859e+00  -1.9804639e+00   6.8538093e-01   4.4948033e+00  -4.7619808e+00   9.8829028e-01   2.8002792e-01   1.3208619e+00  -9.1760135e-01   2.4943039e-01
   8.3119160e+00   7.9627459e+00  -4.4100398e+00  -8.8033426e+00  -4.5712003e-01   1.3000481e+01  -1.3024853e+01  -5.3649718e+00  -2.6446527e+00  -1.4529408e+00  -3.2180056e+00   4.9660835e-01   2.8351593e-01  -1.0453341e+00   2.2227496e+00   1.9075095e+00   9.3550104e-01   2.2007216e+00  -4.1464292e+00  -1.4826643e+00   9.3975015e-01  -5.0223954e-01  -1.0006011e+00   2.7447529e-01
   6.6690867e+00   8.9820139e+00  -1.5879597e+00  -1.8073552e+00   1.4807383e+00   1.0933248e+01  -1.2350064e+01  -6.0503874e+00  -3.5966775e+00  -2.8604432e+00  -3.0871230e+00   6.0793377e-01  -3.2854410e-01   1.9242415e+00   3.3276299e-01   3.4752355e+00  -3.9803887e-01  -4.0844860e+00   1.0077328e+00   5.2999188e-01  -1.0523157e+00  -6.0744555e-01   3.4197630e-01   1.8956198e-01
   7.2727030e+00   1.1552557e+01  -2.8096788e+00  -1.6840212e+00  -3.5956265e+00   6.1227320e+00  -9.9438603e+00  -7.1449212e+00  -1.1152850e+00  -2.0784031e+00  -3.1836782e+00   9.9449364e-01  -2.6718518e-01   1.7548869e+00  -7.4397792e-01   1.0487319e-01  -9.4200237e-01  -4.2960327e+00   5.0020845e+00   1.1557927e+00  -1.1818001e+00   2.7696746e-01   9.0724398e-01   5.4308645e-02
   7.5649957e+00   1.2673587e+01  -5.1528919e+00  -3.2505499e+00  -1.2149423e+00   4.3699774e+00  -6.9177042e+00  -2.0327679e+00  -4.4798356e+00  -1.4877411e+00  -1.6224394e+00   6.3091564e-01  -7.6891513e-02  -1.7796526e+00   4.5348937e-01  -2.6769162e+00   6.2346332e-01   3.5686199e-01   2.6049210e+00   8.3156844e-01  -2.1821145e+00   2.2849365e-01   6.8913027e-01  -1.7616172e-01
   7.4631837e+00   8.7492895e+00  -3.7435406e+00  -7.9244355e+00  -5.2228328e-01   9.8380674e+00  -8.2379063e+00  -5.6400926e+00  -3.9757737e+00  -1.7238406e+00  -2.5894814e+00   5.6658039e-01  -1.5791990e+00  -1.4325685e+00   2.2247063e+00  -8.9461104e-01   3.3844042e+00  -8.2065121e-01   6.2199942e-01   2.7751121e-01  -3.1028387e+00   3.2086256e-01   2.3157268e-01  -4.1196448e-01
   6.4585091e+00   7.7141687e+00  -4.4079472e-01  -2.7025224e+00   8.7926168e-01   9.6108729e+00  -9.2956593e+00  -5.5554491e+00  -5.4396049e+00  -2.6949840e+00  -2.3505260e+00   5.5764782e-01  -2.4088093e+00   1.7196871e+00   2.5520398e+00   1.8832112e+00   2.2062054e+00  -4.4730386e+00  -5.4094909e-01  -1.4152058e+00  -9.4859720e-01   1.2494545e+00   4.8138336e-01  -1.5655684e-01
   5.4571477e+00   1.1883413e+01  -1.8286680e+00  -3.2999515e+00   4.3387785e-01   2.2713074e+00  -7.8218836e+00  -4.9673138e+00  -5.2896583e+00  -9.9348783e-01  -2.4722759e+00   4.1318083e-01  -1.8191798e+00   3.4603457e+00   1.0713503e+00  -5.7432840e-02   1.5688213e+00  -4.3773067e+00   7.5882350e-01   2.9972013e-02   2.6069903e-01   6.4522087e-01   7.8631622e-01   3.6352339e-01
   4.9547997e+00   1.3686056e+01  -2.2822685e+00  -2.7379751e+00   1.6162852e+00   1.4437995e+00  -7.9371392e+00  -4.4919661e+00  -5.2457891e+00   2.1264232e-02  -9.5896709e-01   4.7278015e-01  -1.2881468e+00   6.8545132e-01   8.9223950e-01  -2.9354328e+00   6.3561901e-01   4.6379634e-01   7.1362154e-01  -1.1894100e+00   1.7008698e+00  -7.1819483e-01   1.7321080e-01   4.4331522e-01
   5.4862688e+00   1.0953864e+01  -1.2157783e+00  -7.9928584e+00   1.4624369e+00   7.3556441e+00  -7.7789311e+00  -6.1268761e+00  -3.6816331e+00  -2.1141334e+00  -2.1057865e+00   1.1542993e+00  -2.0285339e-02  -1.1658559e+00   1.2077332e+00  -1.8642919e+00  -2.4031765e+00   6.5193325e+00   9.1192332e-01  -3.7782647e+00   1.4735436e+00  -2.1103727e+00   6.7117928e-02   1.3571009e-01
   4.5117284e+00   9.2071203e+00   5.9111968e-01  -4.7592182e+00   1.3184107e+00   7.7643991e+00  -8.2467032e+00  -6.7597829e+00  -3.6923127e+00  -3.2119534e+00  -2.2739544e+00   8.5206141e-01   7.3449611e-01   1.2468961e+00  -1.7748623e-01   2.8324695e-01  -4.4141032e+00   4.4177042e+00   9.5133728e-01  -4.3428562e+00   9.8209150e-01   1.8960393e-01   3.3970563e-03  -1.8169954e-01
   5.6482554e+00   1.2374097e+01  -1.4537623e+00  -5.0857678e+00  -3.0219497e+00   8.8900063e+00  -6.2992165e+00  -9.5008025e+00  -3.8560810e+00  -2.5424380e+00  -1.7141053e+00   4.2710534e-01   1.7489997e+00   1.5747345e+00  -2.3027206e+00   1.4285547e+00  -3.4674194e+00   1.4159565e+00   7.9899403e-01  -8.0886584e-01   8.2063676e-02   1.3904004e+00   6.2820244e-01  -3.1886349e-01
   5.9755505e+00   1.4846284e+01  -2.4295058e+00  -3.7666500e+00  -2.7626763e+00   7.3031747e+00  -7.2499905e+00  -9.3192871e+00  -3.6854279e+00   5.1982241e-01  -1.1497121e+00   5.6382782e-01   1.8081857e+00  -3.6157885e-01  -2.2389747e+00  -4.8493090e-01  -5.2058638e-01   9.7178953e-01  -8.3183680e-01   1.4028011e+00   6.3703112e-02   2.4344696e-01  -1.6172932e-02   1.3277286e-01
   7.3778572e+00   1.0496384e+01  -3.1595463e+00  -6.3463104e+00  -1.6981487e+00   9.7101910e+00  -7.0787964e+00  -6.0604227e+00  -3.5619800e+00  -1.8944207e+00  -1.7256040e+00   8.2012087e-01   1.8434732e-01  -5.3731071e-01  -4.0167116e-01   2.2738085e+00   1.0878495e+00  -2.4917143e+00  -1.2650979e+00   2.8590596e+00  -5.5494922e-01  -7.0444394e-01  -1.0066889e+00   7.5745036e-02
   6.3592060e+00   9.6036085e+00  -1.9144504e+00  -4.8563432e+00  -1.2436937e-01   8.8119911e+00  -9.1046685e+00  -6.3757712e+00  -3.7438085e+00  -3.1707916e+00  -2.2924645e+00   8.5471294e-01  -1.1349935e+00   1.4359637e+00   1.1313394e+00   4.3202954e+00  -4.5844738e-01  -4.3742787e+00   2.3582141e-01   1.0403471e+00  -5.6459468e-01  -5.1649339e-01  -8.0452795e-01  -2.6893243e-01
   5.7329486e+00   1.4189469e+01  -2.3137968e+00  -1.1302084e+00  -2.7093290e+00   4.3980267e+00  -7.2695245e+00  -6.6839710e+00  -4.6593145e+00  -1.7537969e+00  -2.6527624e+00   3.9528034e-01  -5.6753574e-02   1.8538530e+00  -2.1115796e-01   8.0992076e-01   1.0885196e+00  -2.2056305e+00   5.2050023e-01   7.1648493e-01   6.9017717e-01   2.9407490e-01   1.0795220e-01  -2.9158819e-02
   5.0955146e+00   1.5153687e+01  -1.1553715e+00   1.0574211e-01  -2.9447573e+00   3.3978388e+00  -6.8008944e+00  -7.4469924e+00  -3.9836526e+00  -3.2522958e-01  -1.8929248e+00   3.7284945e-01   6.9381953e-01  -2.2103412e+00  -1.4355354e+00  -2.4660653e+00   2.2707480e+00   1.0804398e+00   9.7842152e-01  -7.1702147e-02   1.1136022e+00  -6.1513147e-01   2.0302217e-01   3.0416506e-01
   7.9245725e+00   1.0502125e+01  -3.8558227e+00  -7.6124719e+00   1.3448247e+00   9.1088214e+00  -7.4499331e+00  -4.4500847e+00  -2.4067922e+00  -2.8760894e+00  -1.7634456e+00   1.0173144e+00  -7.5438424e-02  -3.5268396e+00  -1.0456433e+00   5.3029435e-02   2.0717806e+00   2.5343970e+00  -4.9292311e-01  -3.8783539e-01  -1.3858759e-01  -2.6344027e+00   3.2559096e-01   5.3713829e-01
   6.3041233e+00   8.1317688e+00  -3.2967405e+00  -5.3143094e+00   1.2546759e+00   8.0772535e+00  -7.5468319e+00  -7.6002675e+00  -3.1996663e+00  -3.5323426e+00  -2.4325897e+00   9.9994350e-01  -1.7182955e+00  -6.8474665e-01  -1.6129862e+00   3.5247953e+00   2.2505499e+00   3.3232316e-01  -2.9616274e-01  -2.9179772e+00  -2.2714757e+00  -9.2764789e-01   4.6074989e-01   4.5889731e-01
   5.0154866e+00   1.2410169e+01  -2.8115772e+00   1.6593615e+00  -1.7013746e+00   5.8599148e+00  -7.6359404e+00  -7.1890865e+00  -5.2591890e+00  -4.1018444e+00  -1.8945436e+00   8.8744074e-01  -1.3963467e+00   2.4316710e+00  -1.1741653e+00   5.3329237e+00  -7.2448026e-01  -8.2059206e-01   2.0877331e+00  -3.3607431e+00  -1.5403560e+00   2.0161258e+00   1.2270782e+00  -4.8035928e-02
   3.9726142e+00   1.3172545e+01  -4.0969736e+00   7.5701842e-01   1.9541673e+00   5.5207768e+00  -7.1521349e+00  -1.0454457e+01  -5.9646678e+00  -1.1038239e+00  -1.1362510e+00   1.1261322e+00   7.1180455e-01   9.6316738e-01  -2.7006888e+00   3.7352546e-01  -6.5312263e-01   3.5881541e+00   4.4175418e-01  -2.3125351e+00   2.0829222e+00   1.0989078e+00   7.5267740e-01   7.1135474e-02
   6.9958070e+00   1.1629243e+01  -5.2169540e+00  -2.6487503e+00  -9.1641431e-02   9.1561716e+00  -4.5156820e+00  -8.0641045e+00  -3.3348255e+00  -1.0661600e+00  -5.7099762e-01   8.8216613e-01   8.3162150e-01  -5.0915286e-01  -1.9685559e+00  -3.8858081e+00  -1.6181704e-01   4.3511669e+00  -7.6003233e-01   5.0538094e-01   4.0763130e+00  -1.4854614e+00  -1.1268174e+00   1.1685851e-01
   6.3816700e+00   9.9669826e+00  -6.1450853e+00  -2.5999653e+00  -5.2987467e-01   1.1811356e+01  -8.4443298e+00  -1.0631561e+01  -1.0374649e+00  -3.4018231e+00  -1.9653466e+00   1.1092840e+00  -1.0180190e+00  -7.1157441e-01   7.3366593e-01  -6.0338353e-01  -3.1883767e+00   3.8658312e-01   4.1781369e-01   3.6528367e+00   1.4340992e+00  -3.0197590e+00  -9.4208024e-01  -3.3617811e-02
   5.0583910e+00   1.3249220e+01  -4.7403552e+00  -2.4908588e+00  -7.0207922e-01   9.2413754e+00  -8.1298914e+00  -6.3424631e+00  -1.6083209e+00  -5.1810370e+00  -3.1702219e+00   1.0711526e+00  -1.1209222e+00  -5.3274049e-01   1.1221406e+00   3.2555158e+00  -9.9132022e-01  -3.5070711e+00   2.5062153e+00   3.2893570e+00  -1.8875075e+00   1.2830472e-01   4.1607275e-01  -5.6465027e-02
   3.4142937e+00   1.1295195e+01  -3.2347742e+00  -2.2700261e-01  -2.5231789e+00   6.0580496e+00  -4.7183096e+00  -5.8360228e+00  -4.6767712e+00  -3.5760239e+00  -1.2497592e+00   9.8121227e-01   9.3959671e-01  -2.2978056e+00  -7.8561129e-01   3.0046836e+00   1.5664520e+00  -4.1857976e+00   4.0647019e+00   1.1331426e+00  -2.6370558e+00   2.0580420e+00   1.3101399e+00   3.3779565e-02
   6.7981118e+00   1.0166026e+01  -4.9888987e+00   1.0480421e+00  -5.8196965e-01   6.7722183e+00  -2.6193692e+00  -5.5278382e+00  -4.3464336e+00  -7.8660248e-01  -3.0468217e-01   8.6150446e-01   1.2577713e+00  -2.4329577e+00  -5.9989772e-01   3.0189871e+00   7.4270205e-01  -4.0670173e-01   1.5177052e+00  -3.7449239e+00  -1.4215939e+00   1.8785871e+00   7.9436509e-01   8.5399158e-02
   6.9212046e+00   8.0618712e+00  -7.1992304e+00   1.3760970e-01   1.7597485e+00   6.7672383e+00  -5.1025380e+00  -9.3391598e+00  -3.6239923e+00  -2.5119774e+00  -1.4329066e+00   1.2647774e+00  -1.2350535e+00   6.3103731e-01   3.5913863e+00   2.3537230e+00   5.2182305e-01  -7.2550195e-01  -1.6036596e+00  -2.8576699e+00  -5.0468178e-01   4.4414185e-01  -4.6136880e-01   2.3579130e-01
   5.1915926e+00   1.1216446e+01  -3.6579736e+00   1.8553157e+00  -1.7294898e+00   8.2767285e+00  -5.6612195e+00  -1.0208280e+01  -4.2671012e+00  -2.8951795e+00  -1.8871006e+00   1.0574688e+00  -2.6813424e+00   2.0610585e+00   3.0403972e+00   1.5002307e+00   1.4311992e+00  -1.3053364e+00  -2.1324483e+00   1.9271415e+00  -1.0103877e+00   4.6311287e-02   3.1400410e-01  -1.7064768e-02
   2.3649732e+00   1.1716541e+01   1.4868427e+00   2.8999451e+00  -1.1666842e+00   4.2175416e+00  -5.6028739e+00  -7.7823066e+00  -5.4734601e+00  -1.8555226e+00  -1.1506032e+00   1.2369171e+00  -9.4734844e-01   7.3728885e-01  -1.3460813e+00   8.5393477e-01   3.7108212e+00  -1.7447947e+00  -8.8787413e-02   3.9275326e+00  -2.1575995e+00   1.1048158e+00   1.3033551e+00  -3.3824741e-01
   5.0542140e+00   1.1430279e+01  -4.7713394e+00   1.9172205e+00   3.0280455e+00   6.0890620e+00  -5.5678738e+00  -3.4155526e+00  -4.9372812e+00  -1.0453630e+00   2.5172254e-02   8.4983750e-01   1.1506562e+00  -2.1572446e+00  -4.1404827e+00  -1.1978422e-01   4.7624596e+00  -4.1554058e-02   7.6715816e-02   2.4291830e+00  -1.7389430e+00   1.2733287e-01   9.6163107e-01  -3.4504536e-01
   5.5688712e+00   9.0608877e+00  -8.6616695e+00   1.3875594e+00   4.9472127e+00   5.2438794e+00  -5.2823920e+00  -6.8442248e+00  -6.5253016e+00  -1.7796621e+00  -4.3401047e-01   8.6122196e-01   9.7126958e-01  -1.0563239e+00  -2.6980275e+00   1.5211932e-01   1.0688885e+00   2.2857772e+00   2.4619010e+00   3.5176847e-01  -1.5783003e+00  -1.2746196e+00   2.3287527e-01  -3.2239192e-01
   5.3156278e+00   9.3084055e+00  -4.7944415e+00   2.4318322e+00   2.3572511e+00   7.7012285e+00  -5.7063867e+00  -7.0335468e+00  -6.3495950e+00  -2.7421105e+00  -8.0295034e-01   7.2774828e-01  -1.7386130e+00   8.3378738e-01   2.8954297e+00   1.5983209e+00  -2.6150583e+00   2.7925094e-03   3.0334686e+00   7.3314819e-01   2.0561364e-01  -2.9931332e-01   2.3927071e-01  -4.2761820e-02
   3.6911707e+00   1.1192992e+01  -2.5486475e+00   2.8708183e+00   7.7204576e-01   6.8401242e+00  -1.8407659e+00  -5.4456568e+00  -7.1347536e+00  -2.9190783e+00  -3.8722899e-01   8.1437380e-01  -1.9939381e+00  -1.8180456e-01   3.4938437e+00   1.6959752e+00  -5.0076348e+00   2.7630899e+00   8.0085247e-01   1.2319861e+00   1.5335656e+00   9.5695445e-01   4.4975390e-01   2.5051829e-01
   3.3851448e+00   1.1614908e+01  -3.4847058e+00   3.5730724e+00   1.1930415e+00   5.2951284e+00  -2.7384839e+00  -3.0151143e+00  -4.3241347e+00  -9.2462483e-01   3.6068758e-01   8.0911885e-01  -1.4737983e+00  -2.3465158e+00   1.1212368e+00   2.6498050e+00  -3.9864427e+00   3.7709019e+00  -9.2793003e-01  -2.0756569e+00   8.2883455e-01   9.9713270e-01  -1.5946870e-02   4.7668688e-01
   3.5432055e+00   7.6349296e+00  -4.0757718e+00   3.3609022e+00  -1.9821348e+00   1.0591564e+01  -5.5650647e+00  -7.0054618e+00  -5.2376833e+00  -1.2529733e+00  -3.4119858e-01   1.1963141e+00  -1.2224280e+00  -2.1143897e+00   9.7578923e-01   2.9200277e+00  -1.6121015e+00   6.2961949e+00  -1.0850680e+00  -4.3420698e+00   1.7426372e+00   6.0703822e-01  -1.5925608e+00   3.8182607e-01
   3.1789128e+00   7.5676630e+00  -2.3490242e+00   6.1614978e+00  -2.2453228e+00   1.1481861e+01  -5.2361323e+00  -9.3671296e+00  -6.0548784e+00  -2.0794640e+00  -8.4988585e-01   1.2518084e+00  -2.4342726e+00  -2.4559336e-01   1.8322931e+00   4.1601026e+00   1.8021813e+00   5.1647975e+00   1.3641196e+00  -1.9129410e+00   1.6446110e+00  -1.7221781e-01  -1.5665671e+00  -9.5981684e-02
   1.9606447e+00   1.0045030e+01  -1.6528045e+00   5.9566470e+00   7.3075708e-02   1.3191050e+01  -2.2195437e+00  -8.7827539e+00  -3.6554260e+00  -1.4311014e+00  -2.1707834e+00   1.1657681e+00  -3.0309714e+00   8.4925266e-01   1.6903807e+00   1.7351859e+00   4.6801580e+00  -1.3472482e+00   1.2934297e+00   3.6322296e-01   2.4901052e+00  -3.7135667e-01  -7.2589269e-01  -2.9033403e-01
