  -7.4683680e-01  -1.1006114e+01   1.4634279e+00   4.2204557e+00   1.3459994e+01   9.2658089e+00   1.1184893e+01   8.6526809e+00   2.5939349e+00   9.8294458e-01   1.0747351e+00   5.7543177e-02  -9.0664187e-01   9.2055160e+00   3.5148430e+00  -3.7550409e+00  -9.6781236e-01   9.0758523e+00   4.4140867e+00  -6.5054524e-01   1.6164595e+00  -1.1030693e-01  -7.8380216e-01  -1.4615087e-02
  -2.6653556e+00  -5.9012340e+00   1.2304143e+00  -1.7409619e-01   1.5003287e+01   1.3129014e+01   1.1050214e+01   6.3036290e+00   2.7259340e+00   6.9542699e-01   4.1849169e-01   9.9601613e-02   4.9904358e-01   9.9994366e+00   2.7751263e+00  -2.6197277e+00  -4.3739789e+00   2.9097861e+00   4.1209929e+00   4.9968024e-01   8.3138516e-02   8.6995930e-02  -1.5462527e+00  -5.5942216e-01
  -3.5085703e+00  -4.2257343e+00   9.6468643e-01  -1.3053723e+00   1.0943934e+01   1.0719639e+01   1.4267946e+01   4.4979029e+00   2.4831314e+00   1.3717269e+00   1.0519300e-01   8.2612471e-02   3.9985692e+00   7.3537304e+00   9.9554814e-01  -2.4901240e+00  -5.3655022e+00  -2.5130375e+00   4.6562375e+00   2.2329134e-01   2.3279500e-01   2.4043395e+00  -2.9809879e-01  -3.3982420e-01
   5.4273623e-01  -2.2759526e+00   2.3058597e+00   1.3882895e+00   9.1658012e+00   6.3777701e+00   1.4163556e+01   8.3944826e+00   2.2363703e+00   2.1367570e+00   4.4526946e-01  -3.9326889e-01   7.5731041e+00   3.5020134e+00   2.6966957e-02  -7.9861283e-01  -6.0566965e+00  -2.5242813e+00   4.9437917e+00   2.1553441e+00  -4.4914384e-01   2.6954765e+00   3.3654813e-02  -1.0069604e-01
   3.6469711e+00  -1.7881586e+00   2.4190274e+00  -2.9592320e-01   8.3304837e+00   8.8718747e+00   1.6612578e+01   7.9421911e+00   3.1879092e+00   3.8687888e+00   6.1419801e-01  -2.0575788e-01   7.2405169e+00   2.8877364e+00   7.3744011e-01  -2.7384409e-01  -4.4917105e+00  -1.4265795e+00   1.8705858e+00   1.3302302e+00  -1.0461435e+00   1.8310877e+00   5.1012202e-01   2.0428691e-01
   5.1165299e+00  -1.8670017e+00   5.4369427e-01  -1.8767400e+00   7.2249676e+00   1.0266474e+01   1.7293586e+01   7.8145011e+00   1.6998293e+00   3.4901108e+00   2.1447141e-01   9.2742725e-02   4.1694574e+00   1.8660779e+00   1.8374420e-01  -9.3417756e-01  -3.6559078e+00  -9.7789888e-01  -5.7422875e-01  -3.2187724e-01  -9.4985021e-01   7.7632178e-02  -1.8047984e-01   2.0826352e-01
   5.0653083e+00  -9.8605081e-02   2.9519293e+00  -8.3623740e-02   5.1767847e+00   6.6354178e+00   1.5508810e+01   6.7832390e+00   1.1821866e+00   3.4416816e+00   9.8577505e-01   1.4603703e-01   4.5750243e+00   2.8479088e+00  -1.6106313e+00  -2.1022309e+00  -4.0650944e+00  -2.6691368e-01  -1.1533028e+00   1.1464382e+00  -7.4995647e-01  -1.8624790e+00   2.5374546e-03   2.6357355e-01
   6.0877538e+00  -3.2161253e-01   2.3150250e+00  -1.1912662e-01   5.2587890e+00   6.0291502e+00   1.3854097e+01   8.4911428e+00   1.8144563e+00   2.4667589e+00  -1.1238829e-02  -2.5677106e-01   5.7774194e+00   3.8342607e+00  -3.7770509e+00  -5.0207555e+00  -3.1809985e+00   2.9298132e+00   8.6021004e-01   6.5110423e-01   1.0984646e-01  -1.3899788e-01   9.3624972e-01   3.3616734e-01
   1.0023896e+01   1.7110100e+00  -8.8258494e-01  -4.3280762e+00   3.2159314e+00   1.0590166e+01   1.6602368e+01   9.3235275e+00   2.0056610e+00   1.5867463e+00   7.3085931e-01   3.6435934e-01   6.0114558e+00   3.1382793e+00  -5.2202189e+00  -5.5164130e+00  -9.3810542e-01   5.6768655e+00   6.5419872e-01  -1.6941324e+00   4.0325542e-01   2.0954795e+00   1.1584366e+00   1.5049332e-01
   1.1303365e+01   2.9795818e+00  -3.2046249e+00  -7.2856470e+00   3.4338965e+00   1.2683820e+01   1.8037122e+01   7.5210131e+00   1.4528618e+00   4.2090817e+00   1.7463039e+00   4.8783258e-01   3.9668389e+00   2.5853244e+00  -1.6058558e+00  -1.0167398e+00  -3.0528957e+00   7.6812513e-01  -1.7657918e+00  -2.4678545e+00   1.0731310e+00   1.8173401e+00   8.4357227e-01   1.6219941e-02
   1.1474686e+01   2.9582167e+00  -2.1185741e+00  -4.7749830e+00   4.6820729e+00   1.1823381e+01   1.4398596e+01   4.7271052e+00   1.9678670e+00   5.7137395e+00   1.8446585e+00  -5.2480723e-04   2.5727499e+00   1.1502423e-02   2.1553970e+00   1.5837168e+00  -5.9174023e+00  -2.6731922e+00  -2.2598550e+00  -2.2428799e+00   1.4551821e+00   9.4713082e-01  -3.0711465e-02  -4.3208481e-01
   1.1312617e+01   2.9327706e+00   5.2423595e-01  -1.4207830e+00  -5.3625262e-02   6.5647303e+00   1.2307296e+01   7.0875722e+00   3.4430499e+00   3.1292725e+00   6.9721995e-01  -4.9999073e-02   2.3063628e+00  -9.7044455e-01   3.4832190e+00  -2.6677412e+00  -7.5409110e+00  -8.5657682e-01  -1.5431106e+00  -2.2238321e-01   2.1427514e+00  -1.5026307e-02  -3.7521909e-01  -9.2880029e-02
   1.3878395e+01   1.7516692e+00   4.8608011e-01  -4.8849331e+00  -3.9164111e+00   9.6399227e+00   1.6077499e+01   6.1759281e+00   3.1933401e+00   3.5473471e+00   1.2093341e+00  -1.4852047e-02   8.4484003e-01   1.4022745e+00   3.1270982e+00  -7.7246177e+00  -6.6318574e+00   1.4468209e+00   7.4011820e-01  -2.2205481e-01   2.0245040e+00   7.3146486e-01  -8.3131336e-03   3.0321354e-01
   1.3561055e+01   2.1271888e+00   7.1787650e-01  -1.1232284e+01  -3.5782280e+00   1.2490684e+01   1.4883004e+01   6.4630269e+00   4.0542524e+00   5.2697384e+00   1.5011375e+00   3.5567615e-01   4.1764737e-02   3.6197931e+00   2.4595374e+00  -6.6919738e+00  -2.8773277e+00   1.6574785e+00   9.0219840e-01  -2.7774685e+00   1.4912835e+00   9.0862303e-01   6.7320854e-01   1.6606262e-01
   1.1617727e+01   5.4644193e+00   2.4752529e+00  -1.1456159e+01  -3.5034118e+00   1.1030636e+01   1.4220919e+01   4.7062956e+00   4.6990217e+00   5.7407038e+00   1.4302301e+00   2.5145788e-01  -4.8682336e-01   2.4338436e+00   3.3751869e+00  -2.4942621e+00   1.8708571e+00  -2.6395476e+00  -1.0768217e+00   4.3654736e-02  -9.4332178e-01  -9.2162262e-01   1.6336033e-01   2.0766362e-01
   1.2505598e+01   6.5060852e+00   3.2189556e+00  -8.1731306e+00  -4.5761165e+00   8.3555914e+00   1.4588883e+01   3.6561857e+00   4.9271343e+00   3.3955287e+00   1.5965847e+00   6.5939898e-02   1.2656435e+00  -1.7164377e-01   2.2176064e+00  -1.9384157e-01   1.3323791e+00  -3.3830629e+00   1.4404254e+00   5.9207789e-01  -2.8305966e+00  -1.1014531e+00   2.8507527e-02   1.8076957e-01
   1.3675888e+01   3.2129864e+00   4.2983209e+00  -1.0155903e+01  -6.1118127e-01   7.7481475e+00   1.4609326e+01   7.6448308e+00   1.3419164e+00   3.1020180e+00   1.4066509e+00   4.4151151e-01   3.1715217e+00  -1.4675396e+00  -1.7735674e+00   7.5594478e-01  -6.0012910e-01  -5.2028812e-02   1.6572786e+00   7.1528839e-01  -2.4321330e+00  -3.9215951e-01   3.2448888e-01   1.5447162e-01
   1.4430440e+01   2.9954396e+00   3.1327520e+00  -1.2173174e+01  -3.0257747e+00   9.0573337e+00   1.6849438e+01   5.8818761e+00   1.4869101e+00   4.9369017e+00   1.5556883e+00   5.3180370e-01   2.8006311e+00   8.9849961e-01  -4.0743404e+00   2.5090154e+00  -1.0930297e+00   1.2897267e+00  -2.6051849e-01  -7.6920500e-01  -1.1371921e+00   1.1544189e+00   4.4890034e-01  -9.9915282e-02
   1.5412588e+01   5.0184328e+00  -1.4199646e-01  -8.3222202e+00  -5.1787763e+00   1.0601721e+01   1.5576559e+01   4.6663830e+00   2.7709343e+00   4.3817781e+00   1.9374116e+00   2.5023342e-01   1.7724074e+00   2.4361430e+00  -1.5675119e+00   3.9929271e+00  -7.8961795e-01   5.9497828e-01  -1.2675144e+00  -1.0458726e+00  -3.5069718e-02  -3.1666528e-03   2.6252153e-01  -4.9055766e-01
   1.5838194e+01   6.9511114e+00  -6.7239623e-01  -5.3264488e+00  -3.9318634e+00   8.8633945e+00   1.3714489e+01   3.9916021e+00   2.5068372e+00   4.4872770e+00   2.0045549e+00   1.1706023e-02   8.2039676e-01   1.1258209e+00   7.1558635e-01   3.0127031e+00   2.0420247e+00  -5.4568578e-01  -1.8776553e+00   5.8712341e-01  -5.9782558e-01  -1.4923948e+00  -2.2891524e-02  -3.5429333e-01
   1.5630622e+01   4.8893650e+00   3.8496273e+00  -7.5898749e+00  -1.3425638e+00   8.7375846e+00   1.4275529e+01   7.0211589e+00   7.7934828e-01   3.3220804e+00   1.5759999e+00  -3.4276141e-02   3.7515318e-01   4.8919619e-01   2.0630006e+00  -4.6446411e-01   1.7277761e+00   1.1973782e+00  -4.7837829e-01   1.6406526e+00  -2.9988693e-01  -2.2326804e+00  -2.7392682e-01  -2.0105248e-01
   1.5552018e+01   4.7487048e+00   2.2103197e+00  -8.0202922e+00  -1.8808439e+00   9.1708735e+00   1.4683470e+01   5.5851733e+00   1.5859647e+00   3.2281584e+00   1.7020569e+00   1.4261848e-01  -6.3589600e-01   1.6716582e+00   7.7314018e-01   7.5689856e-02  -4.2507038e-01   3.5729027e+00   3.7763085e+00   2.2298412e+00  -1.2801780e-01  -1.3911189e+00  -1.0210150e+00  -8.0917421e-02
   1.6118406e+01   6.8534304e+00   1.5111465e+00  -7.6719946e+00  -3.6126220e+00   1.2244049e+01   1.4374501e+01   6.3305762e+00   2.7815401e+00   1.6623168e+00   1.6777704e+00  -1.1680153e-01  -1.5744460e+00   1.3139299e+00   1.0830391e+00   5.1288261e+00  -4.4170755e-01  -1.2498959e+00   5.3065921e+00  -9.9350854e-01  -1.3225330e+00   9.5950064e-01  -1.5468980e+00  -2.8229146e-01
   1.4640458e+01   8.4765661e+00   1.6565544e+00  -5.1718542e+00  -3.4344399e+00   1.2469516e+01   1.9329466e+01   7.6816552e+00   1.3137146e+00   3.2304804e+00   4.2214714e-01  -6.8407415e-02  -2.6049921e+00  -2.2017926e+00   4.9437904e+00   6.6909498e+00   1.4071883e+00  -2.8667901e+00   3.7579401e+00  -1.5539523e+00  -4.1222470e+00   9.1439819e-01  -1.6049164e+00  -1.8495614e-01
   1.3724733e+01   4.9963292e+00   5.7510685e+00  -1.3208548e+00  -1.2283271e+00   5.2134194e+00   1.9912420e+01   4.4826551e+00  -1.0683261e+00   4.7601703e+00  -1.0439227e-01  -3.5220039e-01  -2.0982989e+00  -3.7562497e+00   4.0383394e+00   6.1535306e+00   2.4843985e+00  -2.7446744e+00   1.0412627e+00  -2.7524221e+00  -3.3779009e+00   3.0587303e-01  -1.4175975e+00  -1.3432192e-01
   1.2841367e+01   2.3745665e+00   7.5060442e+00  -1.1594375e+00  -9.6220886e-01   8.3860034e+00   1.7551421e+01   4.1782054e+00  -2.6724727e+00   3.0508289e+00   1.8576369e-01  -1.7116297e-02  -3.5615019e-01  -7.8009770e-01  -1.0570455e+00   7.2924646e-01   4.2053898e+00  -1.3404479e+00  -4.8729202e+00  -3.8493806e+00  -1.1595798e+00  -1.4107070e+00  -4.2776305e-02   1.9818169e-01
   1.3870504e+01   4.2700556e+00   4.6439107e+00  -4.4790710e-01  -1.1221398e+00   1.0168794e+01   1.6825418e+01   3.9536679e+00  -2.9221760e-01   2.2109521e+00  -3.3043411e-01  -3.4392997e-01   4.4474571e-01   1.6885870e+00  -7.5144465e+00  -3.1142542e+00   1.3106954e+00  -1.8746295e+00  -3.9524869e+00  -2.0981304e+00  -3.7750878e-01  -2.7207916e+00  -4.6651523e-01   2.9478822e-01
   1.4033348e+01   7.6695563e+00   6.2456508e-01  -4.5144584e+00   2.8205511e+00   7.9811569e+00   1.3563587e+01   2.1720779e+00  -8.1370939e-01   2.3890290e+00   4.7100360e-01   2.2472991e-01   7.2201749e-01   1.8351949e-01  -8.0277591e+00  -5.3397502e+00  -1.2515744e+00  -6.5273138e+00  -1.3662809e+00  -2.6778165e+00  -2.8102744e-01  -1.2536478e+00  -7.3242481e-01   4.9267697e-01
   1.3795861e+01   4.8817148e+00  -2.0798617e+00  -4.3147257e+00  -1.1536641e+00   2.6038984e+00   1.5977607e+01   2.3385232e+00  -2.5639709e+00   1.0098829e+00  -9.4678507e-01  -3.0941162e-02   7.7109577e-01   6.6095694e-02  -4.3066527e+00  -6.7039411e+00  -4.7854938e+00  -4.3094651e+00  -3.3219133e+00  -3.8863549e+00  -8.6871918e-01  -4.4038590e-01  -3.2331615e-01   3.9294892e-01
   1.3961714e+01   2.3440161e+00  -1.1737082e+00  -7.2356535e+00  -2.8238083e+00   2.3774805e+00   1.5925905e+01   9.6905294e-01  -1.9581372e+00   1.7708918e+00  -6.0469804e-01   5.6540475e-01   5.7232908e-01  -6.3169221e-02  -2.0089697e+00  -5.1168283e+00  -7.1178333e+00   1.2850314e+00  -3.6428015e+00  -4.4446612e+00  -5.1632425e-01   4.7807979e-01   6.5695771e-01   2.4853341e-01
   1.5062964e+01   7.0319692e+00  -9.1693162e-01  -9.1432212e+00  -5.4782008e+00   6.5064347e+00   1.0661388e+01  -1.2743520e+00  -1.0230825e+00   1.8594419e+00  -2.7755750e-01   7.5155986e-02   6.8237863e-01   2.5839440e+00   7.3941642e-01  -2.0152876e+00  -3.8963038e+00   5.2600149e+00  -4.8060257e+00  -3.3660080e+00  -5.7420894e-01   1.1355394e+00   1.2737135e+00   1.7837840e-01
   1.4258290e+01   6.4996753e+00  -2.9703546e+00  -9.7754531e+00  -5.6939306e+00   7.9574358e+00   1.0757494e+01  -2.6884762e+00  -2.3586400e+00   2.6813692e+00   1.1218264e+00   5.4448145e-01   5.8386917e-01   2.4743647e+00   1.6797836e+00   3.2572148e+00  -7.1099863e-01   2.4109108e+00  -1.6808217e+00   2.0652482e+00  -2.1412634e+00  -4.5591887e-01   1.3332126e-01  -1.5650859e-01
   1.4671141e+01   6.6798012e+00  -7.2413890e-02  -6.0677574e+00  -5.5630586e+00   7.7039431e+00   1.1352774e+01  -8.8172419e-01  -3.2250329e+00   2.2579533e+00   1.0052295e-01   2.4708809e-01   7.1193744e-01   1.0522515e+00   1.7001144e+00   4.4064351e+00   5.3282216e-01  -7.0762986e-01   1.9527835e+00   3.6084239e+00  -1.8667018e+00  -2.1009916e+00  -6.9765102e-01  -8.5419228e-02
   1.5033429e+01   6.2316472e+00   9.2370836e-01  -3.8875631e+00  -3.8478773e+00   5.3950926e+00   1.3058980e+01   3.8706114e+00  -4.0690571e+00   8.8775782e-01  -5.9375637e-01   2.4467581e-01   1.1968140e+00   1.4869512e+00   1.2365249e+00   3.5578310e+00   8.5690222e-01  -8.4840697e-01  -1.3996348e+00   2.2229139e+00  -2.8235720e-01  -3.1091958e+00  -1.4004073e+00  -5.8768614e-01
   1.5743301e+01   8.7443605e+00  -3.1379147e-01  -5.4775136e+00  -5.6019941e+00   6.7261615e+00   1.2439820e+01   8.5874013e-01  -2.9679266e+00  -3.9523991e-01  -4.6624265e-01   9.6929967e-02  -2.1908665e-01   1.1537389e+00  -1.0503603e+00  -3.4320957e-01   3.4509961e+00  -3.7340310e+00  -6.8945825e+00  -1.5310773e+00   8.4321138e-01  -2.2618139e+00  -4.5831622e-01  -2.2048813e-01
   1.5517431e+01   7.6978225e+00  -9.9487839e-01  -4.7338285e+00  -4.3891095e+00   7.1737161e+00   8.1145183e+00  -2.2433758e-01  -2.9107290e+00  -6.5582783e-01  -6.9540178e-01  -2.6196870e-01  -7.9992044e-01   1.1433060e+00   2.2265294e+00   2.1968845e+00   4.2053230e+00  -7.4734494e+00  -5.5715063e+00  -2.1223774e+00  -1.2796554e+00  -1.8448710e+00  -1.6287625e-02   3.5849791e-01
   1.4100511e+01   7.6773219e+00  -6.8866096e-01  -6.1594391e+00  -1.1594834e-01   1.2135848e+00   3.4831312e+00  -1.1308657e+00  -2.5393799e+00  -3.6297473e-01  -5.3612867e-01   1.6967815e-01  -1.5947342e+00  -1.0077542e-01   9.4966452e-01   3.9612572e+00   3.9148415e+00  -7.9993571e+00  -8.9258060e-01   2.6147888e+00  -1.5501528e+00  -1.5270186e+00  -3.4107527e-01   5.5386303e-01
   1.4654944e+01   8.4801255e+00   4.4509372e+00  -2.5127360e-01  -2.8291570e-01  -3.0587932e+00   9.1800655e+00   1.6818483e+00  -6.2028136e+00  -1.8956813e+00  -5.8324480e-01   7.4604857e-01  -7.4243160e-01   5.0667615e-01  -1.7748302e+00   1.6319747e-01  -2.2839315e-02  -3.0098125e+00   3.2609493e+00   4.8094726e+00  -1.6615574e+00  -1.6081486e+00  -3.8406496e-02   1.0924453e-01
   1.3782443e+01   8.2020458e+00  -1.6122025e+00  -1.7769053e+00  -1.7828287e+00  -1.5661942e-01   1.0568176e+01   3.8278304e+00  -3.6471135e+00  -2.0658412e+00  -1.0339340e+00   4.2371587e-01  -4.1360995e-01   1.4040131e-01  -2.8561987e+00  -2.5904968e+00  -4.4801872e-01   3.7312301e+00   2.5663288e+00   4.9927921e+00   1.8430608e-01  -1.6377319e+00   3.3728191e-01  -2.8071276e-01
   1.4562817e+01   8.1954747e+00  -3.1953530e+00  -6.6802992e+00  -3.5899283e+00   3.3440995e+00   9.4634199e+00   4.5105232e+00  -4.8491982e+00  -2.2166176e+00  -5.0410884e-01  -2.2512077e-01  -6.7649346e-01   1.7908237e+00  -2.5297078e+00  -4.2116267e+00   4.7824674e-01   5.9640670e+00  -7.2570507e-01   2.0436464e+00   2.1628324e+00  -6.8538272e-01   8.9858678e-02  -5.9215287e-01
   1.3526159e+01   8.0302492e+00  -1.1498140e+00  -6.8306715e+00   8.6552986e-01   3.6089836e+00   7.1909471e+00   4.9439850e+00  -2.9397285e+00  -2.6591045e+00  -6.9773793e-02   2.3419368e-01  -6.4793244e-01   1.8157792e+00   2.4342583e+00   1.0275320e+00   4.0863353e+00   3.3874612e+00  -9.6811606e-01   9.4506223e-01   1.1574408e+00  -1.5721163e+00  -1.8182712e-02  -2.5325577e-01
   1.3768346e+01   1.1252259e+01   4.2518129e-01  -4.0418306e+00  -8.8972489e-01   4.0045058e+00   9.7801223e+00   4.1892407e+00  -3.3122574e+00  -2.6271237e+00  -9.3053691e-01  -4.7419632e-02  -5.3448501e-01   1.1753352e+00   2.4930648e+00   4.2845080e+00   3.8640741e+00   1.4164489e+00   8.7708146e-03  -2.2630896e+00   5.3570388e-01  -1.6296552e+00   3.9793653e-02   5.0113626e-02
   1.3207780e+01   9.3973223e+00   2.2891788e-01  -1.5548416e+00   2.9965725e+00   4.5943693e+00   8.9576506e+00   5.4060650e+00  -2.6794227e+00  -4.2187626e+00  -8.4799408e-01  -4.5018357e-02  -3.6918678e-01  -1.0781052e+00  -1.0929723e+00   5.1112936e+00   1.6860577e+00   1.5380981e+00   5.0596714e-01  -5.8392691e+00  -2.7791717e+00  -2.2954945e+00  -1.6779439e-01  -1.4234104e-02
   1.3920279e+01   9.2749409e+00  -1.4512161e-01  -2.8914522e+00   1.1406616e+00   4.9760800e+00   8.5932244e+00   8.8484875e-01  -4.1757953e+00  -3.8812713e+00  -5.5308220e-02  -1.0344314e-02  -2.0436431e+00  -4.6585428e+00  -7.3517831e-01   5.2173642e+00   1.4460448e+00   1.7090983e+00   1.4712292e+00  -2.9282795e+00  -3.2017377e+00  -1.9681265e+00  -2.3017232e-01  -1.8413817e-01
   1.2896412e+01   7.4017506e+00  -2.5041209e+00   2.6107969e-01   2.3794232e+00   5.4303437e+00   8.5433468e+00  -2.1627228e+00  -6.6767171e+00  -5.4752724e+00  -7.5907972e-01   1.9430487e-01  -1.8548571e+00  -2.6431014e+00   3.0309642e+00   3.3215827e+00  -2.1793934e+00   2.5308914e+00   4.0926870e+00   1.9906350e-01  -2.3548009e+00   2.4477656e-01  -1.1329894e+00  -4.7419781e-01
   1.0858565e+01   5.2622310e+00   6.8893323e-01   2.8762551e+00   1.5879169e+00   6.1501661e+00   1.2194118e+01   3.5812153e+00  -6.1162168e+00  -4.9510584e+00  -1.3202526e+00  -4.4328850e-01  -2.1388321e+00   1.0839244e+00   4.2412743e+00  -3.2457554e+00  -2.0299669e+00   2.8149811e+00   2.9845254e+00   3.0242198e+00   8.7218553e-01   2.2198957e+00  -1.3595496e+00  -5.9860255e-01
   1.1956352e+01   7.4390251e+00   4.3583367e+00   5.4367882e-01  -4.9614525e-01   7.8036633e+00   1.3296234e+01   4.3564770e+00  -5.2414133e+00  -3.3167042e+00  -1.9150060e+00  -5.3984297e-01  -1.0967494e+00   4.6997750e+00   3.9034726e+00  -1.0762868e+01  -2.8680261e+00   1.3142104e+00  -4.2159342e-01   2.1616179e+00   2.2742659e+00   3.1822415e+00  -9.7661377e-01  -3.6299139e-01
   1.1182061e+01   1.0882190e+01   2.7855611e+00  -7.9013849e+00  -4.6650451e-01   8.0118918e+00   1.0693569e+01   2.1615785e+00  -3.5851689e+00  -1.6307119e+00  -1.5166695e+00  -5.4117422e-01  -7.7667132e-01   5.2701695e+00  -5.3239910e-01  -9.3519155e+00  -3.4002139e+00  -3.5947752e+00  -5.1936804e+00  -1.8361925e+00   1.2206384e+00   1.3376246e+00  -1.2736262e+00   1.1565958e-01
   1.1089540e+01   1.1641433e+01   2.3027741e+00  -1.0494402e+01  -8.9540526e-01   6.4707964e+00   8.6612313e+00   1.7895224e+00  -4.5308422e+00  -2.3620835e+00  -2.1257919e+00  -3.0123936e-01  -5.2832185e-01   4.3293391e+00  -9.1650322e-01  -4.2032107e-01   1.0723512e+00  -2.7017752e+00  -6.6400937e+00  -2.3375304e+00   1.1458239e+00  -1.3373332e+00  -6.0154715e-01   2.2874282e-01
   1.0126964e+01   1.1066281e+01   9.1811590e-01  -5.6325776e+00  -3.3127740e+00   1.4244367e+00   6.7210989e+00   2.1104038e+00  -4.6405447e+00  -3.4219318e+00  -3.1252989e+00  -3.8910094e-01   1.2706454e+00   2.2707368e+00   1.0953231e+00   4.5140444e+00   1.5939108e+00   9.6262720e-01  -2.1301332e+00  -7.3289177e-01  -1.3131745e-01  -2.2646178e+00  -1.6274481e-01   8.9423343e-02
   1.1691417e+01   1.3840988e+01   3.9173045e+00  -1.2212064e+00   2.5355164e+00   7.0447281e+00   5.3223288e+00   8.7576882e-01  -2.9949897e+00  -4.4270940e+00  -2.0130120e+00  -2.7276538e-01   1.1602397e+00   1.0329939e+00  -2.7260049e-01   2.8422165e+00   1.4358530e+00  -4.3672419e-01   1.2030606e+00  -9.0006649e-01   1.0810538e+00   2.4834810e-01   3.1502163e-01  -7.7244624e-02
   1.2787090e+01   1.3188518e+01   3.6212805e+00  -5.7669162e+00   2.0890092e-01   9.1688668e+00   9.1678201e+00   1.5191176e+00  -4.5500713e+00  -3.9951333e+00  -1.8171767e+00  -4.2127620e-01   1.9499347e-01   1.2087732e+00  -1.0517253e+00  -3.3774585e+00   6.5313334e-02  -1.9084409e+00   1.6560262e+00  -8.5526399e-01   3.8225049e-01   1.4815072e+00   7.6040643e-01  -1.2516231e-02
   1.1499836e+01   1.2129806e+01   5.4229103e-01  -6.1639082e+00  -5.0246328e-01   1.9434951e+00   9.2424616e+00   7.3506579e-01  -2.9544982e+00  -1.7029606e+00  -2.3073206e+00  -4.0101867e-01  -1.3131053e+00   2.3253992e-01  -1.4860851e+00  -4.2174581e+00  -1.0118983e+00  -4.3295672e+00  -2.3705220e-01   1.5665088e-01   2.0383235e-01   1.2708830e-01  -1.3032377e-01  -2.2582348e-02
   1.0515245e+01   1.3735032e+01   1.0280347e+00  -8.2274144e+00  -1.6958142e+00   1.1123919e+00   7.2450718e+00   8.9785935e-01  -4.0874147e+00  -2.5617377e+00  -1.8375350e+00  -3.4374864e-01  -1.1077594e+00   4.8047827e-01   3.9263799e+00   2.2871618e+00   2.0722080e+00   8.3882365e-01  -1.0956964e+00  -6.2071884e-01  -4.5543260e-01  -1.8846486e+00  -3.5704990e-02  -2.2321341e-01
   1.0857682e+01   1.3916541e+01   2.9847997e+00  -6.3171445e+00   1.9700265e+00   4.5786147e+00   5.9281246e+00   1.4213743e+00  -2.9205695e+00  -4.9531594e+00  -2.1983185e+00  -3.4540268e-01   2.6680327e-01   7.2608621e-01   6.6057831e+00   2.1528048e+00   3.3969085e+00   6.0934175e+00   5.4693261e-02  -4.4077889e-01   1.0394248e-01  -3.0986681e+00  -3.2074364e-01  -4.4879653e-01
   1.1446528e+01   1.3015868e+01   8.2895960e+00  -2.2595554e+00   2.0809680e+00   9.1095425e+00   9.1814440e+00   2.4488513e-01  -5.2501846e+00  -5.1970069e+00  -1.9252352e+00  -7.8390430e-01   1.1618225e+00   7.7794172e-01   2.7272814e+00   2.9496491e+00   2.0906493e-01   3.2041330e+00   1.2730455e+00  -5.4207230e-01   1.9966717e+00  -1.1045895e+00  -4.5875182e-01  -1.1368989e-01
   1.1434399e+01   1.3578517e+01   6.8201850e+00  -5.9186305e+00   2.7045084e+00   7.0850461e+00   8.3563154e+00   4.0038456e-01  -2.2171995e+00  -5.0333282e+00  -2.7445859e+00  -8.5413563e-01  -8.1048206e-01   1.1007986e+00  -6.6181419e-01   3.5211077e+00  -3.6409633e+00  -6.0426515e+00  -1.8964617e+00  -3.4706462e-01   2.7434407e+00   1.4377034e+00  -3.6392834e-01   6.5521313e-02
   1.1969620e+01   1.5070957e+01   3.2012641e+00  -4.0021978e+00  -1.7494578e+00   4.6653757e+00   7.9405447e+00   5.9524576e-01  -1.4440921e+00  -4.1785375e+00  -2.2525290e+00  -2.5991699e-01  -1.7006421e+00   1.2462226e+00  -1.7685443e+00   4.3708640e+00  -5.2919219e-01  -9.1633587e+00  -3.3160755e+00   2.3661516e+00   3.7193353e+00   1.7973515e+00  -5.9133678e-01   1.5772372e-01
   9.3804133e+00   1.4540195e+01   4.5362443e+00  -1.6416174e-01  -1.5762056e+00  -2.2632792e+00   3.7038817e+00   7.2559705e-01  -7.0845471e-01  -3.3058389e+00  -2.5805641e+00  -5.0911436e-01  -8.2188892e-01   1.2959035e+00   1.3992154e+00   4.7769893e+00   8.7385175e-01  -1.0250447e+00  -1.6242166e+00   1.5902667e+00  -2.4832904e-01   1.1513211e+00  -3.1044010e-01   3.4309300e-02
   9.9225582e+00   1.4404363e+01   6.7787498e+00   1.4195062e+00   3.4275367e+00   3.8667099e-02   6.5335476e+00   3.6315063e+00  -4.2555402e-01  -3.3647243e+00  -2.8942513e+00  -7.1982935e-01   6.7732641e-01  -2.8655932e-01   1.3844173e+00   1.2959549e+00   2.4346157e+00   5.6378779e+00   1.4534507e+00  -5.8242207e-01  -1.7270385e+00   3.8900306e-01  -7.3512976e-01  -1.4558698e-01
   1.1225097e+01   1.5855669e+01   7.1302653e+00  -1.4639986e+00   1.4267888e+00   7.8608333e+00   6.6234891e+00   1.2676544e+00  -3.0989621e+00  -3.7132532e+00  -2.8893849e+00  -5.7271550e-01   1.6192418e+00  -7.2887022e-02  -2.0243862e+00  -1.8916574e+00  -1.2617957e+00   8.9303537e+00   4.1825338e+00  -1.0052602e+00  -3.8858736e-01  -4.0067935e-01  -4.5152029e-01   3.5601162e-01
   1.2063268e+01   1.3983380e+01   3.9808795e+00  -1.4083470e+00   4.0096864e-01   8.0601363e+00   8.6609170e+00  -5.4941602e-01  -2.8393962e+00  -3.3913258e+00  -3.2008132e+00  -4.4649690e-01  -5.9365805e-01  -1.6537442e+00  -5.3078617e+00  -3.3818098e+00  -3.1964790e+00   2.2816024e+00   1.0153298e+00  -2.8313279e-01   9.8853075e-01  -4.9992337e-01  -6.1652440e-02   5.7698431e-01
   1.0738921e+01   1.4641356e+01   2.8986002e+00  -1.5877213e+00  -1.9556151e+00   7.1215168e+00   8.9139976e+00   1.3081679e+00  -8.4414670e-02  -3.8935572e+00  -3.1045636e+00  -1.1176316e-01  -1.3801155e+00  -1.1696369e+00  -3.9306110e-01  -8.1935602e-01   4.5794418e-01  -2.0737879e+00   7.7139073e-01   3.8690708e+00   1.4744742e+00  -1.0166436e+00   3.9162453e-01   4.7010543e-01
   9.2751590e+00   1.2530904e+01   9.3278983e-01  -3.5913472e+00   3.2402022e-01   3.8307290e+00   6.9112879e+00   3.1865503e+00  -4.5003161e-01  -4.0244574e+00  -2.8791406e+00  -8.4829050e-02  -1.3192149e-01   7.6515677e-01   3.5517226e+00  -9.1934791e-01   1.1901545e+00   1.5411029e+00  -7.1106931e-01   5.1302428e+00  -1.1892712e+00  -1.4208468e+00   8.4997254e-01   1.4621812e-01
   1.0548978e+01   1.4827453e+01   8.0647185e+00  -1.6015325e+00   2.1521793e+00   6.8648551e+00   8.6553897e+00   5.2032774e+00  -2.0819331e+00  -4.9216528e+00  -2.4627844e+00  -4.8391286e-02   1.4970982e+00   4.8740327e-01   2.5770626e+00   5.9829121e-01   1.6750503e+00   4.9524724e+00  -3.2195385e-01   2.0159492e+00  -2.9067007e+00  -6.9492396e-01   2.2160136e-01  -3.0829238e-01
   1.1960357e+01   1.5038067e+01   6.7254044e+00  -2.7804632e+00   1.3230322e-01   1.0500122e+01   7.7236170e+00   5.1983934e+00  -3.6245438e+00  -5.0085481e+00  -2.2467440e+00  -2.5885565e-01   1.3139035e+00  -4.1589854e-01  -5.9660679e-01   2.2233363e+00   1.5967026e+00   5.7828804e+00   5.0061730e-01  -1.5225271e+00  -2.2757443e+00  -1.1166087e-01   7.5142126e-01  -3.8481272e-01
   1.1641969e+01   1.4118879e+01   3.8678869e+00  -1.0957264e+00   6.5281879e-01   1.1215529e+01   8.0249023e+00   3.3261702e+00  -2.8572096e+00  -4.4438978e+00  -3.0883598e+00  -4.8718843e-01  -9.5027139e-01  -3.4939773e+00  -7.0146584e+00   2.3735483e+00   3.1097066e+00   2.4642061e+00   1.0251795e+00  -3.7175494e+00  -1.3365100e+00   9.1736106e-01   1.1369891e+00  -2.1687252e-01
   1.0699519e+01   1.2261343e+01   2.1362955e+00  -5.0924580e-01   3.4687543e+00   1.0329713e+01   7.9774576e+00   1.8413133e+00  -3.4760098e+00  -4.4308262e+00  -1.4392210e+00  -4.4264956e-01  -7.3446492e-01  -2.5659837e+00  -8.3848797e-01   3.9508848e+00   4.2968006e+00  -9.5779394e-01   8.0943706e-01  -3.3972068e+00  -5.0430366e-01   7.3838754e-01   8.4545215e-01   2.2074964e-01
   9.7539903e+00   1.0974849e+01  -1.6271460e-01   8.2318116e-01   5.1485136e+00   1.0646369e+01   1.0066239e+01   1.3054934e+00  -4.1609652e+00  -3.8344721e+00  -1.1610622e+00  -2.8180311e-01   1.0778007e+00   1.2243921e-01   3.2439628e+00   1.2456369e+00   1.1191746e+00  -4.9710326e-01   3.4585284e-01  -1.9592400e+00  -1.4814382e-01   8.0933218e-01   4.6181582e-02   3.0164467e-01
   1.1802649e+01   1.2761106e+01   7.4829731e+00   2.1864102e+00   4.3296567e+00   9.3480108e+00   7.9171044e+00   1.1129216e+00  -3.7291215e+00  -4.2056796e+00  -1.9422146e+00  -3.0423847e-02   2.5392999e+00   7.5584513e-01   2.5300575e+00   1.6325747e+00   4.3285892e-01  -2.3190505e+00   3.1086782e-01   3.3047819e-01   8.1912761e-01   5.1994788e-01  -6.1872617e-01  -2.1572966e-02
   1.2707105e+01   1.4052656e+01   6.0604922e+00  -5.7509910e-01   1.9011295e+00   1.0960725e+01   8.5738582e+00   7.5150598e-01  -2.9528695e+00  -3.3424728e+00  -2.7675907e+00  -2.4083428e-01   1.2917926e+00  -3.5184827e+00  -3.4029362e-01   1.8497770e+00  -6.8422404e-02  -2.1265841e+00  -1.3200949e+00   3.6698411e-01   5.5707825e-01   2.7553906e-01   3.7541085e-01   1.5997394e-01
   1.3031911e+01   1.1856207e+01   2.8197784e+00   2.6387564e+00   5.7417348e+00   6.6939586e+00   9.1899496e+00   2.6140243e+00  -2.8513662e+00  -3.8969040e+00  -1.5640460e+00  -4.9549343e-01  -2.0856227e+00  -5.6276392e+00  -4.3843909e+00   1.2916759e+00   1.6072639e+00   2.0208606e-01   4.5711519e-01  -3.2962456e-01  -2.4983105e-01   5.9694500e-01   1.3049641e+00   2.4776098e-01
   1.1077048e+01   6.1495745e+00   1.6584423e+00   3.3716736e+00   4.3398410e+00   8.7835186e+00   7.4496737e+00   1.1054182e+00  -3.7642254e+00  -3.5755513e+00  -7.8703020e-01   1.9069260e-01  -2.1968653e+00  -1.0903817e+00   1.0416670e+00   2.3754736e+00   2.3344812e+00   3.6650377e-01   1.2866218e+00  -9.6917536e-01  -1.7972749e+00  -6.7927975e-01   5.5632354e-01   3.1367049e-01
   9.4892438e+00   8.2711882e+00   3.1074118e+00   2.1505377e+00   5.5211968e+00   1.0739743e+01   9.1648694e+00   4.4152869e-01  -3.6981901e+00  -3.1937229e+00  -9.7504865e-01   1.2545418e-01  -1.2766589e+00   4.2063107e+00   4.8228296e+00  -8.4454548e-01  -3.4235852e+00   1.5579230e+00   3.3665464e+00  -1.8241531e-01  -1.2694349e+00  -1.3219674e+00  -7.3520744e-01   1.4512303e-01
   1.1183141e+01   1.4209593e+01   7.4791761e+00   3.2322206e+00   5.5131203e+00   9.4875885e+00   1.0516331e+01   3.8399075e-01  -5.2253699e+00  -4.7129830e+00  -2.2276041e+00  -8.0802355e-02   1.4487273e+00   5.5527101e+00   1.7318096e+00   1.4746157e-01  -2.5216855e+00  -1.6030484e-01   1.7947487e+00   1.4088144e+00   8.2262989e-01  -6.4817557e-01  -7.6997772e-01  -3.4614416e-01
   1.1063876e+01   1.4135664e+01   7.1436559e+00   1.4416647e+00   1.9717282e-02   8.6788082e+00   1.2706441e+01   2.7011151e+00  -4.0249464e+00  -5.3111393e+00  -1.9465703e+00  -1.4206141e-01   6.0100442e-01  -1.9866602e+00  -4.0161945e+00   8.2286108e-01   5.1895937e-01  -1.4047410e+00  -2.4440147e+00   1.7939745e+00   2.4666820e+00   3.0445207e-01   1.6453840e-01  -2.3547830e-03
   1.2462823e+01   1.1546402e+01   2.2380347e+00   3.9473025e+00   3.3080526e+00   9.5735288e+00   8.3710113e+00   2.0888465e+00  -2.3669025e+00  -3.4891065e+00  -1.4562360e+00  -1.9476584e-01  -7.1251467e-01  -4.4882983e+00  -5.0210802e+00   1.2148015e+00   3.0473936e+00   1.2097992e+00  -4.8892378e+00   1.9994846e-01   2.7008790e+00   2.1052189e+00   1.0210383e+00  -7.2884545e-02
   9.7509094e+00   6.6227934e+00  -2.9630924e-01   3.0272884e+00   7.4021697e+00   8.5896615e+00   6.5715071e+00   2.2800626e+00  -1.4274008e+00  -3.3489830e+00  -1.1139251e+00   1.7890375e-01   2.3781883e-01  -1.0844242e+00   1.4296929e+00   1.9006815e+00   2.9404286e+00   2.7686291e+00  -6.6566011e+00  -8.8532984e-01   1.8626317e+00   1.2942209e+00   1.7322049e-01  -1.2530054e-01
   1.0770852e+01   1.1233580e+01   3.6675384e+00   4.2616111e+00   6.3929844e+00   1.1346861e+01   6.2499409e+00   8.9443967e-01  -2.4728242e+00  -2.5362328e+00  -1.1123692e+00  -3.5061176e-01   1.2411271e-01   4.1976472e+00   5.8888561e+00  -2.3695353e+00  -4.2348828e-01   2.3373190e+00  -1.8839580e+00   1.1489529e+00   4.8030096e-01  -9.7025468e-01  -1.0649654e+00  -2.5475366e-01
   1.2266590e+01   1.2665438e+01   8.5734434e+00   4.1355327e+00   2.8878943e+00   1.1945086e+01   3.7820740e+00   1.9703237e+00  -1.1780380e+00  -3.8462448e+00  -1.8586729e+00  -2.5208927e-01   7.8111650e-01   5.8466382e+00   4.7093591e+00  -2.2619534e+00  -2.6697387e+00  -3.6479868e-01   4.2962940e+00   3.0062962e+00  -1.5069244e+00  -7.9347603e-01  -1.4635934e+00  -1.5273920e-01
   1.1391152e+01   1.4821550e+01   6.6364425e+00  -1.6112258e-01   4.9299579e+00   1.1401795e+01   6.9397907e+00   3.9671453e+00  -1.7711325e+00  -4.6958576e+00  -2.6813102e+00  -3.6139983e-01  -2.0677894e+00  -1.6318255e+00  -1.8673913e+00  -2.4058007e+00  -3.8484589e+00  -5.2655734e+00   5.3581980e+00   4.4343075e+00   7.3057306e-01   9.3520361e-01  -6.0875310e-01   3.9006510e-01
   1.0612434e+01   1.3598766e+01   5.2832774e+00   1.8457251e+00   4.1290748e+00   8.0149962e+00   1.2671023e+01   5.2531541e+00  -4.0386332e+00  -3.4593846e+00  -2.5248447e+00  -4.4811015e-02  -1.8542255e+00  -2.5407257e+00  -1.2614602e+00   1.0173194e+00  -1.4216910e+00  -2.2796808e+00   1.5084846e+00   2.3595576e-01   1.1543282e+00   2.4532409e+00   4.5849214e-01  -3.9856075e-02
   8.4962459e+00   8.3191783e+00   2.5115345e+00   1.7978139e+00  -2.9422447e-04   5.4135453e+00   9.8427634e+00   5.9044857e+00   5.3333038e-02  -1.3268574e+00  -1.6924129e+00   1.3084676e-01   4.0681236e-01  -1.7647827e+00   2.8424233e+00   2.2497425e+00   3.9294574e-01  -2.3163680e-01  -2.0202104e+00  -3.3127446e+00   1.8316035e+00   1.5563217e+00   4.8887142e-01  -4.5155556e-01
   1.0932704e+01   1.2105536e+01   8.7437072e+00   4.6820436e+00   3.2204839e+00   1.1519690e+01   4.5933145e+00   1.3555872e+00  -3.5877843e-01  -1.8508835e+00  -1.6653833e+00  -5.5799667e-01   1.7230060e+00   1.6755539e+00   3.0069241e+00  -7.3896824e-01   2.8431406e+00   2.3671445e+00  -1.7304242e+00  -2.3168999e+00   3.4507348e-01  -9.8152417e-01  -7.0403267e-02  -7.5690911e-01
   1.1841235e+01   1.2920991e+01   9.1698626e+00   1.7953319e+00   5.9736720e+00   9.3019932e+00   7.9483295e+00   9.4681183e-01  -8.6365461e-01  -3.1656257e+00  -2.3777337e+00  -7.8214034e-01   1.3435664e+00   3.1300774e+00   2.1489763e-01  -2.2465065e+00   3.8071903e+00   3.7042130e+00   1.8731216e+00   3.7837762e-01  -2.0686508e+00  -2.1051913e+00   2.7719768e-01  -4.9490940e-01
   1.1524449e+01   1.3811190e+01   6.4644996e+00   7.3851371e-01   5.4068026e+00   9.6214891e+00   1.1022604e+01   4.2566412e+00  -3.0625292e+00  -4.0122868e+00  -2.2877892e+00  -7.2368113e-01  -2.7547690e+00  -1.3972512e+00  -5.2077632e+00  -4.9160254e+00   2.1956268e+00   9.3011424e-01   4.1565585e+00   3.2659350e+00  -5.9682192e-01   3.8254680e-02   8.7093034e-01   2.0772773e-01
   1.0215723e+01   1.2161467e+01   3.9734848e+00   3.9981905e-01   4.6173318e+00   1.1918965e+01   9.4378011e+00   5.0215251e+00  -1.6977677e+00  -3.4039427e+00  -9.6541346e-01  -5.2867510e-01  -1.9689565e+00  -6.1043566e-01  -4.2609449e-01  -5.2395543e-01  -5.8900427e-01  -1.0663195e+00  -2.3765371e-01   2.1335756e+00   4.0632218e-01   5.5393859e-01   5.1731151e-01   2.2778674e-01
   7.6133070e+00   1.0389421e+01   3.5302513e+00  -1.9942380e+00   7.1920941e+00   1.1606375e+01   1.0083416e+01   4.2171331e+00  -8.3695475e-01  -1.6743430e+00  -1.0651479e+00  -3.7313769e-01  -7.9468091e-02   1.2395194e+00   3.3709373e+00   1.8353469e+00  -1.7895335e+00  -2.9459810e+00  -2.5096333e+00   6.3425519e-01   7.2287972e-01   8.0880890e-02  -9.9719332e-01   6.4900405e-02
   1.0843371e+01   1.3716222e+01   9.9978449e+00   2.3757747e+00   4.1975198e+00   6.7100709e+00   8.0614426e+00   4.1669293e+00  -1.3669586e+00  -3.5036897e+00  -2.2130871e+00  -6.1573195e-01   1.7482611e+00   2.0954420e+00   2.2524995e+00   3.8158479e+00  -9.7309319e-01  -3.6011498e+00  -6.2936176e-01   6.8341427e-01  -7.4841982e-01  -1.3770229e+00  -1.7406905e+00   1.2151221e-02
   1.1091423e+01   1.4893092e+01   8.5087255e+00   2.5035562e+00   2.9324084e+00   7.8069647e+00   7.9463330e+00   5.6353219e+00  -2.1436142e+00  -3.8410919e+00  -3.1597424e+00  -5.8280210e-01   1.2437968e+00  -2.5493812e+00  -2.8377759e+00   4.2175300e+00   3.5472663e-02  -8.8620817e-01   8.5319058e-01   2.5760335e-01  -1.1390470e+00  -9.1731056e-01  -3.3604190e-01   1.1105103e-01
   1.1099057e+01   1.3052795e+01   4.8629969e+00   3.8746938e+00   5.2875349e+00   8.4169457e+00   9.5623002e+00   5.3375521e+00  -2.1670677e+00  -4.3861026e+00  -2.5291520e+00  -4.0561607e-01  -9.4896034e-01  -5.9355045e+00  -5.6462438e+00   4.5861031e-01   2.6945261e+00   3.9413739e+00   1.4072212e+00  -2.6680994e+00  -1.1485492e+00   2.7166564e+00   8.2155789e-01   3.1554654e-01
   9.3511593e+00   6.8970628e+00   1.8410116e+00   3.5825974e+00   6.7002956e+00   9.4236255e+00   1.0612774e+01   4.0182267e+00  -2.1454707e+00  -2.6091024e+00  -1.4111784e+00  -3.1161909e-01   4.8744248e-02  -3.5648541e+00   9.2953290e-01  -2.0299308e-01   1.6144760e+00   3.9355621e+00  -9.1902756e-01  -4.5007418e+00  -1.7777608e+00   1.4600854e+00   1.0162905e+00   2.6700641e-01
   1.0290063e+01   8.8109800e+00   4.8623362e+00   2.5241695e+00   6.3553654e+00   1.1813801e+01   8.8390541e+00   9.7332784e-01  -3.0888541e+00  -4.4699843e-02  -1.8550323e+00  -2.7800365e-01   8.7594445e-02   1.7051282e+00   5.1154771e+00  -1.8963658e+00  -2.0070387e+00   2.5770632e+00  -2.0164123e+00  -4.1595621e+00  -4.3391337e-01  -1.9452327e-01  -8.3134860e-01  -1.6017532e-01
   1.1569036e+01   1.1666718e+01   9.9033552e+00   2.8743287e+00   4.8202072e+00   1.2011880e+01   6.9294148e+00   1.0663213e+00  -4.3493622e+00  -3.8216652e+00  -1.9723664e+00  -2.4609869e-01   9.1161674e-01   2.4870911e+00   4.0055566e+00  -4.2340227e-01  -2.4187339e-01   1.8730042e-01  -1.8011546e+00  -2.7037531e+00   4.9856079e-01  -2.4348928e+00  -6.7831691e-01  -1.7588226e-01
   1.0121510e+01   1.3225659e+01   8.5050407e+00   1.3842794e+00   3.2170211e+00   1.0988413e+01   8.3793611e+00   5.7416171e-01  -1.7159920e+00  -4.0716061e+00  -3.4955809e+00  -6.7863925e-01  -9.1170966e-01  -3.1840494e+00  -2.9288190e+00   1.0966950e+00   2.2031615e+00  -1.9652601e+00  -1.2796610e+00  -9.3624354e-01   1.2317563e+00  -2.6591069e+00   7.4694573e-01  -9.4325922e-02
   1.0802861e+01   8.4203598e+00   6.0279942e+00   3.5174391e+00   7.9066577e+00   1.0117270e+01   8.1408881e+00   1.6218006e-01  -2.0840605e+00  -4.2479885e+00  -1.6083794e+00  -3.7512468e-01  -5.4744961e-01  -2.8564914e+00  -5.6636989e+00   1.4106391e+00   5.2062629e+00  -1.1726097e+00  -1.3148055e+00  -1.3173755e+00   1.8838806e+00   2.6643325e-01   1.3171198e+00   1.2925960e-01
   9.3055860e+00   5.6580849e+00   2.4067882e+00   3.8476568e+00   8.1168825e+00   9.8132161e+00   6.3138259e+00   2.1033160e-02  -2.3738705e+00  -3.8201985e+00  -9.1660721e-01  -3.5497953e-01   7.5242448e-01   2.1720070e+00  -2.8310816e+00   1.6322811e+00   3.1360431e+00   6.4051878e-01  -1.1508897e+00  -2.0547567e+00   2.0058525e-01   2.8026230e-01   5.5119993e-01   2.3170721e-01
   1.1155824e+01   1.1165768e+01   4.4569332e+00   3.7585986e+00   1.0179671e+01   1.0840564e+01   5.9899741e+00  -6.3317760e-01  -1.1946021e+00  -3.5477191e+00  -1.2861736e+00  -2.1403916e-01   5.2201472e-02   6.4437948e+00   3.1670411e-01  -6.0857215e-01  -1.8555295e+00   1.2687621e+00   7.2502318e-01  -1.7942224e+00  -7.7812087e-01   4.0935340e-01  -1.2508394e+00  -2.0260645e-01
   1.1073665e+01   1.5110966e+01   5.0439488e+00   3.7121213e+00   6.7845792e+00   1.1587545e+01   7.7284835e+00  -2.1102945e+00  -1.8598434e+00  -4.0013473e+00  -2.8298839e+00  -4.1162119e-01  -4.3077484e-01   2.1412319e+00   3.2097562e+00   4.9815245e-01  -2.0992522e+00   9.0686797e-01   4.9400930e-01  -1.0635036e+00  -2.0706520e+00  -3.5154067e-01  -8.5582771e-01  -2.0257864e-01
   9.9971231e+00   1.3359611e+01   5.1844701e+00   2.6723486e+00   5.7895151e+00   1.1133249e+01   8.5210940e+00  -1.4634898e+00  -3.5082554e+00  -3.5433839e+00  -2.5280002e+00  -6.5071352e-01  -1.6997284e+00  -3.7961194e+00   5.8235480e-01   1.7375608e+00  -3.6214991e+00  -1.0717159e+00  -2.9728288e+00   8.3684389e-01  -1.6916421e+00  -2.4073288e-01   1.0413979e+00  -2.4215912e-01
   9.2387742e+00   7.7730110e+00   6.8576540e+00   5.1380105e+00   7.1630820e+00   1.1027175e+01   5.7892798e+00  -1.1590661e+00  -4.3230219e+00  -4.3496771e+00  -1.5794355e+00  -4.4051032e-01  -7.9143472e-01  -3.6897699e+00   1.8356847e+00   2.8996937e+00  -1.7009695e+00  -2.3131036e+00  -4.7107692e+00   2.3902482e+00   1.7621311e+00  -2.8638589e-01   1.8126838e+00   2.9498235e-01
   9.5236771e+00   9.1405663e+00   4.4236128e+00   5.6519952e+00   4.5581708e+00   9.5131746e+00   2.5003327e+00   1.4647405e-01  -2.5004759e+00  -3.7346535e+00  -3.4930100e-01  -5.6283328e-01   6.4549296e-01   5.1363908e-01   1.8964534e+00  -8.2404846e-02  -1.7836594e+00  -3.3521150e+00  -2.9036984e+00   3.0656070e+00   3.2471929e+00  -1.2151249e+00   6.7591257e-02   3.9253511e-01
   1.0123236e+01   1.1685834e+01   8.1779045e+00   6.5718385e+00   4.8487971e+00   8.9279264e+00   3.6727104e+00   6.7009599e-01   2.7946351e-01  -4.3352914e+00  -1.2002078e+00  -1.3087791e-02   1.1321666e+00   3.4904430e+00   9.8122664e-02  -4.0922358e+00  -1.4562571e+00  -1.2140459e+00   2.6637880e+00   1.7448349e+00   1.3833509e+00  -6.1654825e-01  -1.7573444e+00  -1.8694047e-01
   1.0523132e+01   1.2173659e+01   7.3690250e+00   1.8318274e+00   4.2711685e+00   7.1547011e+00   5.2238312e+00   2.2203396e+00  -9.3870868e-01  -5.3732641e+00  -2.6162271e+00  -2.7562213e-01  -4.0403965e-02   1.1287775e+00  -9.7795920e-01  -4.5826617e+00   4.8009119e-01   5.0809387e-01   4.7983820e+00  -2.7097058e+00  -1.2422147e+00   4.8992852e-01  -1.3500780e+00  -4.8967156e-01
   1.0437297e+01   1.1492129e+01   5.5321319e+00   9.0974082e-01   5.1221975e+00   1.0385343e+01   8.4232126e+00   4.2125353e-01  -3.0288791e+00  -4.4551942e+00  -3.0819891e+00  -8.6452660e-01  -1.5926619e-01   5.5440666e-01  -2.8205229e+00  -2.3168766e+00   1.3243809e+00   3.1361131e-01   3.1486068e+00  -2.0034518e+00  -3.6783808e+00   2.4438962e+00   7.6971558e-01  -6.3852681e-01
   9.3060408e+00   1.0930585e+01   4.2795603e+00   1.6090516e+00   5.1416074e+00   9.5466070e+00   7.3226546e+00  -3.7936635e+00  -2.7096266e+00  -2.9398094e+00  -1.4335273e+00  -8.7162121e-01   7.9783795e-01   1.4724428e+00   1.0564841e+00   7.7316795e-01  -8.6132679e-01  -5.4884697e-01   8.7955127e-01  -6.6304824e-03  -1.9201059e+00   2.7837926e+00   1.8240316e+00  -4.1132300e-01
   1.0492882e+01   1.3138981e+01   5.4918525e+00   3.2079115e+00   6.4001490e+00   8.2023905e+00   7.3462089e+00   6.7191991e-01  -4.3526488e+00  -1.8861744e+00  -6.3698434e-01  -6.7287846e-01   5.8619465e-01   2.3991710e+00   2.3299057e+00   2.9850808e-01  -5.4654554e+00  -3.3881455e+00  -8.0068666e-01   2.7240830e+00   1.0510492e+00   1.7240658e-01   5.8006708e-01   9.0558472e-03
   1.1692096e+01   1.3558897e+01   8.9738909e+00   1.8424940e+00   2.3402025e+00   7.4229071e+00   7.0816599e+00   2.0850607e+00  -3.1569827e+00  -2.4820850e+00  -1.1026821e+00  -9.8843069e-01   1.4594309e-01  -1.3112087e+00   2.1609312e+00   2.6616359e-01  -3.6098454e+00  -1.9750533e+00  -9.3035352e-01   3.3668806e+00   1.8152546e+00  -2.0127671e+00  -1.1991357e+00   1.4286458e-01
   1.0123561e+01   1.3776730e+01   6.6798251e+00   1.2407818e+00  -1.6752831e+00   6.3649750e+00   7.3426800e+00   1.5680159e+00  -1.2286272e+00  -4.4254465e+00  -2.3773111e+00  -7.9253809e-01  -1.6190921e+00  -3.5791050e+00  -1.3174936e+00   2.0927106e-01  -1.3624206e+00  -2.4674647e-01  -1.6998925e+00  -1.2853312e+00   2.6606959e+00  -1.3658592e+00  -1.5622807e+00   1.4296358e-01
   9.7096159e+00   8.6448972e+00   6.9269707e+00   2.9918618e+00   3.7645554e+00   7.5027347e+00   5.9288888e+00   8.0860945e-01  -1.5487555e+00  -4.6893240e+00  -2.3620675e+00  -5.9749454e-01  -9.5248688e-01  -2.7809900e+00  -1.0103177e+00   3.3029383e+00   2.6694582e+00   6.2725663e-01  -1.5309543e+00  -1.6232055e+00   1.8244702e+00   2.9163993e-01  -3.1107027e-01   8.9660777e-02
   9.0554840e+00   1.0227323e+01   4.5390722e+00   2.9471341e+00   3.6443417e+00   7.7923570e+00   5.3727558e+00  -6.1785121e-01  -1.1657185e+00  -2.8313437e+00  -2.3507127e+00  -6.5390116e-01   1.2310290e+00  -1.0670843e+00   1.0848261e+00   3.4370366e+00   7.6119806e-01   9.6883766e-01  -1.3063273e+00   3.3959509e-01   7.4068516e-01   1.6128247e+00   6.8259419e-02  -1.9496727e-01
   1.0797404e+01   1.1162115e+01   8.5287908e+00   5.9437253e+00   3.6845775e+00   7.6501011e+00   5.7701906e+00   7.4318600e-01  -4.5173173e-01  -2.8416765e+00  -1.5825867e+00  -9.2325799e-01   1.9123771e+00   2.8131167e+00   8.2681860e-01  -2.9783000e-01  -3.6891182e+00  -8.6139038e-01   4.5546803e-01   2.0835178e+00   4.6508859e-01   1.0595335e+00   1.4130447e-02  -2.3896715e-01
   1.1426211e+01   1.0917494e+01   7.5061543e+00   4.9204049e+00  -4.9349710e-01   7.7445483e+00   5.4625381e+00   2.1101203e+00  -6.6611137e-01  -2.9300332e+00  -2.6646624e+00  -9.2210727e-01   9.3918303e-01   1.4339671e-01   5.9483102e-02  -7.5569259e-01  -1.8831550e+00  -4.0222502e+00   6.1236010e-01   2.3503317e+00  -1.0260008e+00  -2.9558379e-01   5.3099765e-01  -2.2041364e-01
   1.1392818e+01   1.2519487e+01   6.6836576e+00   1.5584814e+00   2.9979742e-01   6.2345535e+00   6.5671997e+00   2.5699004e+00  -1.1009262e+00  -3.0506791e+00  -2.1838970e+00  -8.2184221e-01  -4.9034358e-01  -1.7429873e+00   2.5097464e-01  -1.2301784e+00   7.8394433e-01  -2.3959962e+00  -2.9093966e-01   1.4908303e+00  -1.4426015e+00  -5.0305149e-01   1.0054026e+00  -8.7672805e-02
   1.0166552e+01   9.7637326e+00   5.5508635e+00   4.0062171e+00   2.5119993e+00   2.4667555e+00   5.8927914e+00   1.9942891e+00  -2.3801224e+00  -3.1702181e+00  -1.2535610e+00  -1.0352295e+00  -5.9408736e-01  -1.3543360e+00   3.6216289e+00   1.1788133e+00   9.8884145e-01  -8.3699351e-01   2.7505539e-01   1.0696029e+00  -1.3025955e-01  -1.8505702e+00   1.0759638e+00   1.7414946e-01
   1.0691718e+01   9.1245152e+00   9.8828981e+00   4.5555516e+00   3.3577458e+00   6.6950032e+00   5.1186544e+00   3.0373471e+00  -1.7586284e+00  -3.4761612e+00  -7.8003337e-01  -9.9820608e-01  -3.3127781e-01   1.2798000e+00   2.8036093e+00  -6.9286425e-02  -3.8060212e+00   2.7101738e+00   1.4395787e+00   1.6471628e+00   7.7883277e-01  -1.6297787e+00  -1.1474908e+00   2.4295426e-01
   1.0885630e+01   1.0583476e+01   1.1338977e+01   5.1900898e+00  -5.3920911e-01   6.2588332e+00   6.5993938e+00   3.4808014e+00  -5.3264960e-01  -5.4931474e+00  -1.7526485e+00  -5.7270115e-01  -3.7720195e-01   3.8304394e+00   9.5231245e-01  -2.1805985e+00  -3.6689157e+00   3.0852964e+00   2.1877951e+00   1.7523396e+00   1.1478303e-01  -1.1473546e-01  -2.0907260e+00   1.3500548e-01
   1.0536362e+01   1.4029315e+01   7.9950146e+00   8.6261547e-01  -3.8836302e+00   8.4037753e+00   8.3732666e+00   4.2973885e+00  -8.5641345e-01  -4.3338825e+00  -3.6555896e+00  -6.8867501e-01  -1.2697497e+00   1.7071361e+00  -1.9219272e+00  -2.6851563e+00  -1.2970413e+00   3.7074234e-01   1.2745135e+00  -8.6589259e-01  -1.5641151e+00   1.8239716e+00  -1.0191537e+00  -1.3962244e-01
   9.6784266e+00   1.3056992e+01   7.9232739e+00   2.5817874e+00   6.2931372e-01   6.2403141e+00   7.5471780e+00   3.9927778e+00  -2.6590553e+00  -2.9134607e+00  -2.9518719e+00  -9.8748682e-01  -4.7396706e-01  -9.6425920e-01   1.3894589e+00  -1.1054553e+00   2.9614846e+00   2.6709225e+00  -5.1054396e-01  -2.7671464e+00  -1.7959101e+00   1.7178124e+00   8.2705181e-01  -2.6251743e-01
   9.3906953e+00   1.0448461e+01   8.7078590e+00   1.8319683e+00   8.2792238e-01   7.2603763e+00   6.5565326e+00   1.4825199e+00  -3.0415981e+00  -2.0300472e+00  -1.7091521e+00  -1.0002469e+00  -5.2494216e-01  -1.6150717e+00   3.8246524e+00   1.4670840e+00   4.1639541e+00   3.7181965e+00  -1.1210885e+00  -5.2595247e+00   3.5569098e-02  -6.0660011e-01   1.0911074e+00  -3.7418146e-02
   1.0747513e+01   1.0927514e+01   1.3066744e+01   3.0472305e+00   1.5472414e+00   1.0836916e+01   6.7419449e+00   7.3751603e-01  -2.1339224e+00  -4.0683464e+00  -1.4852895e+00  -8.1069134e-01  -4.7891523e-01  -9.1984287e-01   9.4327979e-01   8.5259020e-01   2.2579644e+00   2.4927141e+00  -8.2359698e-01  -3.1270786e+00   1.4124276e+00  -2.0847564e+00   1.9923155e-01   4.0963256e-01
   9.2144061e+00   1.2671447e+01   1.1160258e+01   2.8305199e+00   1.9033370e+00   1.1682769e+01   7.0942505e+00  -1.9642677e+00  -1.0656263e+00  -4.6663398e+00  -2.7522197e+00  -8.3319997e-01  -1.3257997e+00  -9.2998780e-01  -2.0933884e+00   7.3477875e-01   3.0944377e+00  -1.1026772e+00  -7.6307562e-01  -9.4843328e-02   3.7677730e-01  -8.0892223e-01  -1.1421739e-02   3.9549707e-01
   9.0481984e+00   1.0565735e+01   8.1119939e+00   3.3613969e+00   3.4785530e+00   7.7681889e+00   6.0429236e+00   1.0255538e+00  -1.5283998e+00  -4.7224490e+00  -2.1314908e+00  -4.5656144e-01  -1.1877229e+00  -8.0498185e-01  -3.7786452e+00   2.7931591e+00   3.4498996e+00  -3.1672755e+00  -5.4406522e-01   1.9619144e+00  -1.7275792e+00   3.3975727e-01   1.4932505e-01   2.2648575e-01
   8.2516528e+00   9.2343693e+00   8.0451512e+00   2.7770532e+00   4.5039231e+00   7.1407242e+00   5.7614298e+00   1.1962361e+00  -2.7791935e+00  -2.9163793e+00  -1.4031841e+00  -5.8406625e-01   1.0745338e+00   7.1037413e-01  -1.1849956e+00   4.2048566e+00   3.0006390e-01  -2.0877996e+00   8.3006875e-01   1.7253847e+00  -1.7953213e+00   6.8991191e-02  -3.5947390e-01   4.0471080e-01
   9.4473049e+00   1.1438580e+01   8.9563293e+00   7.2637025e+00   5.4217978e+00   8.3570255e+00   6.5922574e+00   2.1001358e+00  -3.8685076e+00  -4.4336908e+00  -1.9358197e+00  -5.9552958e-01   1.8894289e+00   7.2462587e-01  -1.9130683e+00   2.6197441e+00  -1.5333610e+00   1.8807246e+00   1.6004687e+00  -1.5547228e+00  -1.2316320e+00   3.7033902e-01  -7.5292061e-01   1.7905131e-01
   1.0626654e+01   1.3300585e+01   8.9605973e+00   7.1866520e+00   1.3818105e+00   8.2566513e+00   8.0646867e+00   8.6518392e-02  -2.5885542e+00  -4.7072321e+00  -3.3892661e+00  -1.5664971e-01   1.3662236e+00  -1.8909432e+00  -3.8332378e+00   8.4875073e-01   1.2361560e+00   1.9184658e+00   2.7268463e-01  -2.3250440e+00  -1.5008098e+00  -2.7294756e-01   6.2872105e-01   2.6682742e-01
   1.0694841e+01   9.6195655e+00   4.7846684e+00   5.0862138e+00   2.7395678e+00   1.0031312e+01   7.2919982e+00  -7.5167157e-01  -3.4711674e+00  -3.2715140e+00  -2.2678307e+00  -4.0169276e-01  -4.2517161e-01  -3.6155557e+00  -3.0757164e+00  -7.4972408e-01   3.4124055e+00   2.0360042e+00  -1.4101559e+00  -2.6603202e+00  -1.0359900e+00   1.7889978e+00   1.7326753e+00  -7.4728706e-02
   9.6772200e+00   7.3074615e+00   4.3811251e+00   5.1389236e+00   7.6992721e+00   9.1812796e+00   5.8205864e+00  -8.6542629e-01  -5.2290783e+00  -3.9068890e+00  -2.9409704e-01  -2.8074353e-01  -1.5617698e+00  -7.1976362e-01   1.5749089e+00   3.9136444e+00   4.6922933e+00   1.2480445e-01  -2.2242927e+00   1.4078885e+00  -1.5659665e+00  -9.8674770e-02   1.4894570e+00  -5.6287342e-01
   9.2842643e+00   9.0118080e+00   6.6324909e+00   7.1629805e+00   7.3816753e+00   1.0948718e+01   5.5990737e+00  -1.4143722e+00  -4.1022307e+00  -2.1503656e+00  -8.8439137e-01  -6.4557573e-01  -1.5372079e+00   3.9499011e+00   4.9434819e+00   2.7096042e+00   1.8635511e+00  -3.1299401e+00  -1.9891161e-01   2.8037097e+00  -3.7135409e-01  -5.0148351e-01  -4.9323504e-01  -5.4397240e-01
   8.9892875e+00   1.2524819e+01   1.0399049e+01   1.2018735e+01   6.0991967e+00   7.9851552e+00   5.5747099e+00   2.5297014e+00  -4.6219724e+00  -5.4158185e+00  -1.8468004e+00  -8.7901835e-01  -1.3799519e+00   8.8234660e-01   2.1386595e+00   1.1793460e+00  -3.8342886e-01  -4.4578443e-01  -2.1182754e-01   2.9765587e-01  -2.6214661e-01   6.1416145e-01  -6.4720971e-01  -2.5205160e-01
   8.7329957e+00   1.2935739e+01   9.1909291e+00   5.7107143e+00   6.3349321e+00   5.9344642e+00   7.1165690e+00   1.7563292e+00  -4.3317514e+00  -3.2692746e+00  -2.2313316e+00  -9.1851395e-01  -1.3514452e+00  -2.7168926e+00  -3.2460105e+00  -1.8699039e+00   1.0888039e+00   3.0214056e+00  -1.2965940e+00  -1.6747326e+00  -5.1814955e-01   2.0088662e+00   1.6683321e+00   5.2614479e-01
   7.8829264e+00   6.6690161e+00   6.3098952e+00   7.6340757e+00   7.6475004e+00   1.1019730e+01   4.7440974e+00  -2.0042931e+00  -5.5075378e+00  -2.4261923e+00  -5.9144149e-01  -5.2235182e-01   8.9853869e-01  -2.3637808e+00  -6.4821090e+00  -4.3365311e+00   4.4297077e+00   4.1370551e+00  -4.1172284e+00  -1.4610839e+00   1.5951938e+00   2.6307115e+00   1.8401263e+00   7.0160446e-01
   7.8102770e+00   7.8643705e+00   3.8080522e+00   6.5504544e+00   8.2407293e+00   1.3963539e+01   4.0694890e+00  -1.6594737e+00  -4.4366723e+00  -6.3187930e-01   9.9042736e-01  -3.4691811e-02   1.2544529e+00   9.3302440e-01  -3.9993233e+00  -1.2585245e+00   3.4880949e+00   3.0234106e+00  -1.1401167e+00   2.3209832e+00   2.7766331e+00  -1.6259892e-01  -3.8114680e-01   7.6606539e-02
   1.0798455e+01   1.1514831e+01   3.3673243e+00   5.0940686e+00   1.1790860e+01   1.0176200e+01   9.2240724e-01   2.0459770e+00  -2.1767213e+00  -2.7884488e+00  -6.9749031e-01  -2.6852272e-01   4.3540352e-01   3.5487811e+00  -2.9287238e+00  -5.7979789e+00   7.8101852e-01   1.7334573e+00   3.9023488e+00   2.4534648e+00   4.8976592e+00   1.7739350e-01  -1.6288652e+00  -9.1079661e-02
   9.1569108e+00   1.1912368e+01   4.6632296e+00   5.0929311e+00   9.4953948e+00   1.0891345e+01   7.3172390e+00   3.2126688e+00  -1.8322101e+00  -3.3320447e+00  -2.7500274e+00  -9.3051868e-01  -8.5379517e-01  -6.1415605e-01  -3.3582361e+00  -5.3909969e+00   3.9302195e-01   1.6032919e+00   5.2135472e+00   1.8361169e-01   4.9381630e+00   1.5366467e+00  -9.5943381e-01  -1.3668574e-01
   7.8627148e+00   9.9681892e+00   1.4892209e+00  -3.3413093e-01   8.1916954e+00   1.5156013e+01   8.9737456e+00  -7.6016717e-01   5.3671997e-01  -8.1001938e-01  -1.1645119e+00  -2.1105787e-01  -5.9489864e-01  -1.9052518e+00  -1.5096392e-01  -1.1225135e+00  -1.4162727e+00   2.1644559e-01   3.5987887e+00  -2.3899060e+00   1.9495196e+00   2.9005822e+00   1.7416563e-02   2.1009591e-01
   7.9974543e+00   7.7164575e+00  -2.9025020e-01   1.1780588e+00   1.0629844e+01   1.3878571e+01   7.8641406e+00   1.9015899e-02   1.6138516e+00   6.8387599e-01  -2.1521257e-01  -2.6845285e-01   2.3687426e-01   1.0103146e+00   4.3131292e+00   2.6122367e+00  -2.0446197e+00  -1.9042329e+00  -1.7643789e+00  -1.1578289e+00  -6.0109109e-01   1.7070417e-01  -1.6470652e-02   3.2487392e-01
   1.0485835e+01   1.0754909e+01   5.6176183e+00   5.3677345e+00   9.0992258e+00   9.0072559e+00   6.0471394e+00   5.7944487e-02  -9.7547268e-01  -4.4553579e-01  -1.9387729e+00  -2.8441178e-01  -6.2558842e-02   2.7911068e+00   5.1282120e+00   5.0978502e+00  -1.5400622e+00  -2.2506729e+00  -1.8106299e+00   1.5300607e+00  -3.4962780e+00  -2.3241921e+00  -4.8434732e-01  -3.5089857e-01
   8.2006620e+00   1.3034480e+01   9.0687247e+00   6.1603535e+00   5.9747001e+00   1.1109374e+01   6.1339737e+00   1.0668696e+00  -1.9777504e+00  -3.2582303e+00  -2.3876029e+00  -4.0653085e-01  -3.9547034e-01   2.7724476e-01   2.1560430e+00   2.9467047e+00   1.0346287e-01   1.0251020e+00   3.2242607e-02  -3.4298737e-01  -4.2091497e+00  -1.5253211e+00   2.1541786e-01  -1.3670729e-01
   7.6672727e+00   1.1495838e+01   4.5020515e+00   4.8214971e+00   8.2091742e+00   1.3164602e+01   7.1228842e+00   1.0109970e+00  -2.9118960e+00  -2.3252544e+00  -8.0483771e-01  -6.6836673e-01  -5.5690330e-01  -1.2671350e+00  -1.6078129e+00   1.5908279e+00   3.9689440e+00   3.4125395e+00   1.0362807e+00  -1.5536085e+00  -7.3694448e-01  -1.5115700e+00   9.2424536e-01   4.2221704e-02
   8.8135301e+00   7.7618599e+00   3.5015977e+00   5.8712345e+00   1.1230064e+01   1.3337551e+01   7.3746321e+00  -9.7199139e-01  -3.7316613e+00  -6.6424644e-01  -4.5905336e-01  -2.8153630e-01   1.2583614e+00   4.5404782e-01  -7.2495851e-01   1.9061973e+00   3.3378800e+00  -1.0395995e-01   1.8345634e+00  -2.5085293e+00  -7.3027737e-01  -1.3905550e+00   1.5768905e-01   1.8837216e-01
   9.3440462e+00   1.1490516e+01   5.9894624e+00   7.8985359e+00   1.2424960e+01   1.3011977e+01   6.9812313e+00  -1.2530378e+00  -1.2039339e+00  -4.0098826e+00  -1.5166796e+00  -2.8357650e-01   5.5011250e-01   6.8683803e-01   6.1060957e-01   1.5977715e+00   4.0554301e-01  -1.7461928e+00   2.6400260e+00   9.6776730e-02  -1.1475987e+00  -1.4125592e+00  -7.5017294e-01   6.7328236e-02
   9.2498173e+00   1.3718213e+01   7.2375815e+00   7.4811301e+00   8.8736275e+00   1.1029746e+01   8.9566453e+00  -1.5639070e+00  -3.9271475e+00  -4.5017486e+00  -1.7951483e+00  -3.1636773e-01  -2.4073066e-01  -1.9103299e+00  -4.6959684e-01   8.0081439e-01  -5.3662939e-01  -1.5784282e+00   1.3686636e+00   1.9216137e+00  -2.6819853e+00   1.2939920e-01   5.8813182e-02  -2.3328427e-01
   8.2742978e+00   9.5479190e+00   3.5499739e+00   6.4132066e+00   9.9957073e+00   1.1699215e+01   1.0291917e+01   1.4521199e+00  -4.5355510e+00  -2.5253421e+00  -1.2620496e+00  -5.4995866e-01   3.9156374e-01  -3.5316733e+00  -2.4423918e+00  -1.4036290e+00   1.1015060e+00   1.0274108e+00  -7.5268505e-02   1.0737410e+00  -3.1981690e+00   3.6197200e+00   1.6231582e+00  -2.8346641e-01
   8.9873083e+00   5.8676636e+00   4.0169467e+00   7.8151208e+00   1.1639747e+01   1.1626289e+01   7.7722849e+00   5.5785036e-01  -6.0888307e+00  -1.2124179e+00  -4.9814857e-01  -4.9827162e-01   6.0597325e-01   1.5062456e-01  -1.9362848e+00  -2.4308976e+00   3.4388596e+00   3.8317202e+00  -5.3936943e-01   8.6132228e-02  -3.1137521e-01   1.6046672e+00   1.4139209e+00  -1.7877279e-01
   1.0062646e+01   1.0118281e+01   3.9361921e+00   5.6260971e+00   1.2694159e+01   1.4254821e+01   7.4605087e+00  -7.0330500e-01  -4.9203459e+00  -2.2496792e-01   2.6955782e-01  -6.1782417e-01  -3.7629635e-01   5.6175315e+00   2.0484144e+00  -1.5132685e+00   9.1971740e-01   3.0761695e+00   1.4601681e+00  -6.2592321e-01   6.4757401e-01  -1.9320424e+00   3.7069922e-01  -7.0450371e-02
   9.2646029e+00   1.3658969e+01   4.1400451e+00   4.2283385e+00   1.2682691e+01   1.5499523e+01   9.5632951e+00  -3.5699623e-01  -4.2018129e+00  -3.2449348e+00  -4.4007066e-01  -5.5059416e-01  -1.0868055e+00   4.9956773e+00   3.5963280e+00  -2.0919681e+00  -2.5061875e+00   1.1244160e+00   1.0882237e+00  -5.4161255e-01   2.0298252e+00  -3.3073657e+00  -8.7925546e-01  -3.1282502e-02
   7.5712059e+00   1.4078564e+01   6.5610463e+00   5.9366950e+00   1.0853811e+01   1.4376852e+01   1.1586664e+01   9.7065834e-01  -4.5076989e+00  -4.4071472e+00  -7.3503974e-01  -6.2947295e-01  -1.3371234e+00   7.0414457e-01   5.1145880e+00   1.8823181e+00  -3.9097491e+00  -3.4137226e+00  -2.1067595e+00  -3.3471478e-01   2.4467970e+00  -1.0126860e+00  -1.2169401e+00   2.7847096e-01
   8.6028202e+00   1.1381038e+01   8.0990115e+00   4.5218697e+00   8.8006391e+00   1.3251898e+01   7.3415430e+00  -1.0915501e+00  -3.2504164e+00  -4.0823768e+00  -1.3147330e+00  -5.3937098e-01  -7.3805306e-01  -8.8351612e-01   4.9490802e+00   2.8107308e+00  -3.2225735e+00  -3.1466409e+00  -1.5389339e+00   1.4185673e-01   3.0185514e+00   1.5566162e+00  -1.0370504e+00   9.4013273e-02
   8.3878526e+00   1.2313463e+01   9.6285910e+00   8.3028086e+00   8.7705613e+00   1.0258050e+01   5.4112455e+00  -8.3810022e-01  -1.7258486e+00  -1.3252760e+00  -1.1185211e+00  -2.0572932e-01  -7.7144787e-02  -3.2358426e+00  -4.5110322e-01   2.8143373e+00   1.4859182e+00  -1.2331333e+00  -1.5524156e-01   1.8616044e-01   1.2453272e+00   2.9885616e+00  -3.1934059e-01   1.4215872e-01
   7.7492000e+00   1.3216245e+01   1.0029893e+01   7.2613779e+00   8.8904557e+00   1.2838963e+01   1.0342603e+01   7.6016815e-01  -1.0649109e+00  -2.4509462e+00  -1.8039056e+00  -6.2144607e-01   3.1641289e-01  -4.3950993e+00  -4.6581606e+00   3.8798210e-01   2.6590854e+00   1.6019755e+00   1.7610815e+00  -5.2432062e-01  -1.5691485e+00   1.5833746e+00   1.4825500e-01   1.1863878e-01
   7.8822989e+00   8.3071965e+00   4.9189507e+00   8.7884469e+00   1.3037780e+01   1.2733620e+01   9.8532712e+00   3.2403985e-01  -3.7324609e+00  -7.4002017e-01  -9.6946429e-01  -3.7519733e-01   5.9332559e-01  -4.0469539e+00  -5.8018599e+00  -3.1696097e-01   1.7890833e+00   1.4873219e+00  -1.0267048e+00  -2.2581758e+00  -1.3567941e+00   5.5472162e-01   7.2995126e-01   6.1692401e-02
   9.3302164e+00   6.7915223e+00   3.4665908e+00   4.8610237e+00   1.0655658e+01   1.4417076e+01   7.7621523e+00  -2.4591011e+00  -4.6008331e+00  -1.9999427e+00  -1.1668789e+00  -2.7667881e-01   1.2079026e-02  -4.1888681e-01  -2.6243942e+00   2.4642527e+00   5.5341079e-01  -2.0762552e+00  -4.8774752e+00  -1.1053557e+00   5.3515211e-01   1.2459819e+00   1.1721513e+00   3.7928118e-01
