  -1.3760522e+01  -4.4334861e+00  -6.2875259e+00  -1.6539161e+00  -4.4483669e-01  -6.3797536e-01  -1.3209148e+00   1.9126076e+00   2.5423823e+00  -1.7156461e+00   2.3040449e-01  -6.5171334e-04  -1.1957560e+00  -2.6636371e+00   1.9894035e+00  -9.8345840e-01   2.6010021e-01   1.2416472e+00   5.4662378e-02  -1.4433209e+00   2.6073876e+00   1.6121042e+00   1.7945675e-01  -1.4031939e-01
  -1.5483062e+01  -7.9453775e+00  -6.8527781e+00  -7.4531179e+00  -1.1643642e+00   1.4791332e+00  -1.1515208e-01  -4.7960015e-01   2.0007604e+00   9.4776765e-01  -4.4465264e-01  -1.4951967e-01  -9.2718064e-01  -6.8740245e-01   9.0367320e-01  -1.6246836e-01  -2.1400352e+00  -1.5665160e+00   9.1215036e-01   6.7913977e-02   5.2875772e-01   3.5943540e+00   1.8401561e+00  -4.3756691e-01
  -1.5221057e+01  -5.7523956e+00  -3.8302925e+00  -3.9021791e+00  -3.3062668e+00   4.8714011e-01  -2.3262482e+00  -1.8206488e+00   1.8290415e+00   1.8506373e+00   3.8449975e-02  -7.8355314e-02  -1.5321010e+00   5.9954179e-01   2.1423103e+00   1.2773655e+00  -3.0969406e+00  -2.6591227e+00   2.4613150e+00   1.5442598e+00  -3.5512758e+00   2.7065762e+00   1.0220360e+00   1.2429518e-01
  -1.4752820e+01  -3.7867825e+00  -4.2152980e+00  -1.9964377e+00  -2.2950878e+00  -3.8838604e+00   3.1021524e-01   2.0071845e+00  -1.5744087e-01   3.3186648e+00   2.4846621e+00  -1.0620853e-01   2.6447641e-01   1.7767928e+00   8.9940444e-01   2.9229477e+00  -1.2535542e+00  -7.0728068e-01   2.9403123e+00   2.6369509e+00  -3.1785606e+00  -9.3671167e-01   4.3347729e-01   4.6430937e-02
  -1.6423795e+01  -5.6134709e+00  -4.3928004e+00  -2.4662080e+00  -4.5248858e+00  -1.9451626e+00   2.1583740e+00   2.9856050e+00  -1.7054308e+00   1.1587697e+00   2.9880116e-01   1.6413548e-01  -7.5364712e-01   1.6461092e+00  -2.2613836e+00   2.7719295e+00  -1.3235468e+00   5.4795146e+00   3.2368321e+00   2.6754541e+00  -3.1921695e+00  -3.9399113e+00  -1.9557227e+00  -5.4811084e-02
  -1.4484978e+01  -5.3496507e+00  -5.2224174e+00  -3.7866819e+00  -2.4353860e+00   1.6343636e+00   2.0530053e+00   1.0726992e+00  -9.9984438e-01  -1.1136607e-01   7.5387694e-02  -2.0111866e-01   8.0181243e+00   3.3167904e+00   2.4079342e+00   3.0174633e+00   2.3561254e+00   6.5697972e+00  -9.1076314e-02  -1.0063427e+00   6.6149900e-01  -2.9576525e+00  -1.7060372e+00   1.3205136e-01
  -1.6485448e+01  -2.5017977e+00  -6.7188082e+00   1.1508373e+00  -5.2214378e+00   5.9473000e+00   1.6576049e+00   2.6597750e+00  -2.5380110e+00  -2.3442143e+00  -1.6904968e+00  -1.1311687e-01   1.3945118e+01   6.2121425e+00   6.6958614e+00   3.4946015e+00   6.1697779e+00   3.2378956e+00  -2.3562431e+00  -1.5438567e+00   2.6716974e+00  -9.5441480e-02   9.2076475e-01   2.6359804e-01
  -2.6948066e+00  -3.6743345e-01   5.5960719e-01   7.2123465e-01   1.5873763e+00   2.0246041e+00   4.2398533e-01   6.6058559e-01   1.2510977e+00   6.3367813e-01   9.2025536e-01   2.3049469e-01   1.9051922e+01   7.6191326e+00   1.4887466e+01  -7.3973075e+00   7.0352344e+00   2.4111118e-01  -4.6600535e+00  -2.2695634e+00   2.1915087e+00   2.2962279e+00  -1.8618119e-01   5.0482480e-01
  -1.4012049e+00   1.2136343e+00   2.7599794e+00   5.2173599e-01   2.7183999e+00   2.7165604e+00  -5.6148065e-01   8.7587681e-01   1.1766443e+00   6.4308537e-01   1.2575145e+00   3.4372586e-01   2.2090932e+01   4.8796869e-01   2.6862498e+01  -2.3569380e+01   1.3172535e+01  -5.0422769e+00   1.4699255e-01  -7.8322242e+00   3.9460644e+00   3.1764475e+00  -6.9721658e-01   3.5156057e-01
   6.5507830e+00   4.2213322e+00   1.2369387e+01  -1.4568093e+01   4.1475467e+00   3.6114002e+00  -3.8275322e+00  -1.4396967e+00   4.3009104e-01   1.8393260e+00  -1.6778897e+00   3.2769717e-01   1.2874484e+01  -4.1466830e+00   2.5295153e+01  -2.6746642e+01   1.4729904e+01  -1.7515394e+00   4.6217554e-01  -6.6885199e+00   3.4933128e+00   1.9707665e+00  -3.6753810e+00  -1.1848433e-01
   1.2028156e+01  -4.0642275e+00   2.7670048e+01  -2.6558570e+01   1.3257280e+01  -2.4095133e+00   4.0038525e+00  -8.0384202e+00   3.7915890e+00   1.8176331e+00  -1.4372491e+00   3.6562274e-01   9.1695017e+00  -5.8623523e+00   1.7396371e+01  -2.3638658e+01   1.5194800e+01  -6.5148417e-01  -5.8732531e-01  -5.6883027e+00   5.4139433e+00   2.3377457e+00  -2.5348356e+00   1.2817312e-01
   9.9022398e+00  -3.9485270e+00   2.6047302e+01  -2.5858576e+01   1.8412793e+01   1.9603318e+00  -1.1654179e+00  -4.9150457e+00   5.1835946e+00   3.0025540e+00  -3.2454343e+00   4.1819758e-02   3.7242011e+00  -2.3214275e+00   6.0908700e+00  -9.1291538e+00   1.1693037e+01   9.3758825e-01   1.7635069e+00  -3.0698729e+00   5.6147616e+00   4.1343419e-01   5.0923172e-02   3.1109832e-01
   1.0677319e+01  -3.4949645e+00   2.2015578e+01  -2.9291009e+01   1.8377977e+01   2.5648683e+00  -2.7735257e+00  -5.9189028e+00   6.9208074e+00   3.5680899e+00  -1.7609666e+00   6.7892424e-01   7.4807261e-01   1.6034274e-01  -4.2102246e+00   6.7358976e-02   6.0804502e+00   6.2213607e+00  -9.1512050e-03  -2.7027532e+00   1.1472326e+00   7.9091186e-01  -2.7785819e-01   2.4935013e-01
   1.2812503e+01   4.5455936e-01   2.4332927e+01  -2.6895603e+01   1.9126754e+01   2.5305917e+00   2.2064172e+00  -7.1042648e+00   7.2876243e+00   1.5842489e+00  -1.4396462e+00   6.3769391e-01   1.5397297e+00  -2.6993717e+00  -2.4856186e+00   1.6939285e+00   4.1533808e+00   1.7485690e+00   4.2485870e+00  -4.5329996e+00  -2.2917290e+00  -6.3204662e-01  -1.5602686e-01   3.5583463e-01
   1.1695133e+01  -6.0252566e+00   2.2211899e+01  -2.5939017e+01   2.2020974e+01   6.6373979e+00   2.3042081e+00  -1.0997940e+01   4.4604231e+00   3.7131534e+00  -2.7569305e+00   4.4171086e-01  -6.9192668e-01  -4.5067388e+00   1.3456614e+00   2.6666640e+00   4.7572114e+00   7.0797714e-01   4.8139441e+00  -1.6516715e+00  -1.9104174e+00  -1.5711672e+00  -1.4634560e+00   3.2773324e-02
   1.1702928e+01  -6.7324385e+00   2.2220714e+01  -2.4993679e+01   2.2821365e+01   2.5469206e+00   2.6685957e+00  -9.1750262e+00   2.9761934e+00   1.9819523e+00  -2.9814927e+00   6.9417840e-01  -3.2740572e+00  -4.4985092e+00   8.9417267e-01  -2.2064322e+00   1.6457163e+00  -6.1680536e-01  -2.1974189e+00   3.4099724e+00  -2.7759502e-01   2.9765285e-01  -1.2358700e+00   1.6396964e-01
   1.0194217e+01  -6.6615738e+00   2.5090177e+01  -2.6241975e+01   2.3666489e+01   3.6186696e+00   4.2163011e+00  -7.3610294e+00   6.2108968e+00   1.0124874e+00  -3.1852273e+00   6.9984198e-01  -2.6250637e+00   5.4899819e+00   3.2044276e+00  -8.9132365e-01  -3.3938750e+00   2.4694764e-02  -3.9432036e+00   5.4341475e+00   1.0324592e+00   2.3550348e-01  -1.2185153e-02  -1.4747220e-02
   8.6518750e+00  -5.9750459e+00   2.4235048e+01  -3.0053773e+01   2.0772572e+01   3.1147478e+00  -2.0457576e+00  -3.8077618e+00   5.9959949e+00   3.3810612e+00  -3.0793028e+00   7.5458281e-01  -2.3120390e+00   6.7243512e+00   5.4345184e+00   4.3358010e-01  -4.0873447e+00   9.0420082e-01   8.8406933e-01   1.6005444e+00   1.9059892e+00   3.9811105e-02  -1.0250373e-01  -6.7628729e-02
   9.2830637e+00   1.8310200e+00   2.6011373e+01  -2.4745956e+01   1.7954559e+01   6.3905264e+00  -1.2534207e+00  -5.5303515e+00   4.4992112e+00   3.3668542e+00  -2.7263031e+00   3.8938782e-01  -3.8763810e-01   1.1602531e+00   2.9684622e+00   8.6872313e-01  -4.1374255e+00  -1.1099455e+00   4.5667811e+00  -3.7113830e-01  -3.3649674e-01  -7.8689829e-01  -8.9176580e-02  -6.7629815e-02
   8.6904456e+00  -8.9220858e-01   2.9911893e+01  -2.5091319e+01   1.9546313e+01   2.5172934e+00   6.7295606e+00  -7.6895486e+00   6.6910200e+00   8.6448553e-01  -3.3647104e+00   7.4796238e-01   7.8861476e-01  -3.3876215e+00   9.0358094e-01   1.7981878e+00  -3.5768538e-01  -3.4779355e+00   1.0127232e+01   4.4434530e-02  -2.3727154e+00  -2.5705197e+00   5.7438629e-01   3.6211548e-01
   9.5934745e+00  -7.4626127e+00   2.6704447e+01  -2.7420118e+01   1.8073480e+01   2.2524785e+00   6.6788137e+00  -5.9768434e+00   5.3586391e+00   1.0904278e+00  -3.1762884e+00   6.0170747e-01   5.5413854e-01  -8.1620209e+00  -3.5373367e+00  -4.7830155e+00   9.8176718e-01  -3.7231784e+00   5.2523530e+00   3.0350865e+00  -1.9193332e+00  -3.9857284e-01   5.2959908e-01   1.9226934e-01
   9.6795917e+00  -6.4096617e+00   2.5243882e+01  -2.6019410e+01   2.0176583e+01  -3.3131402e-02   9.1789736e+00  -3.5178640e+00   2.0072077e+00   6.6349488e-01  -1.9927307e+00   1.1915962e+00   8.3599851e-01  -3.0844791e+00  -3.0442038e+00  -5.6752858e+00   7.6247314e-01   2.0560670e+00  -2.6443222e+00   1.9081236e+00  -1.8831427e+00   1.0028394e+00   3.4382861e-01  -2.3846491e-01
   9.6196984e+00  -7.6532848e+00   2.3039374e+01  -3.1456434e+01   1.9112074e+01   2.0809713e+00   5.4004023e+00  -3.0635640e+00   3.9621175e+00   2.8694902e+00  -2.6178943e+00   4.5597491e-01   5.7124434e-01   3.3889171e+00   3.0536342e+00  -1.4562822e+00   1.0490302e+00   6.1495723e+00  -1.9640853e+00  -1.8390846e+00   1.1969274e-01   2.8518530e-02   9.7696760e-01  -1.9656866e-01
   9.9313314e+00  -5.4235911e+00   2.7178124e+01  -3.1586089e+01   2.0170725e+01   5.6871475e+00   3.4022830e+00  -6.2840028e+00   4.5645668e+00   1.4792134e+00  -3.1281645e+00   4.6313130e-01  -2.1974334e-01   3.0132173e+00   4.6745630e+00   4.8336860e-01  -9.5253421e-01   4.1907692e+00  -2.5099398e+00  -2.4910007e+00   3.1410996e+00   9.3477355e-01   8.6912067e-01  -3.6477756e-01
   1.0324471e+01  -2.8722723e+00   3.0317778e+01  -2.6821201e+01   1.9649954e+01   8.6166974e+00   6.6210311e+00  -7.3524009e+00   4.2594987e+00   7.2534629e-01  -1.1431201e+00   6.7108694e-01  -7.3452877e-01   1.2894500e+00   5.2955016e+00   3.8210443e+00  -1.0329749e+00  -1.8397670e+00  -9.8720753e-01  -3.9215406e-01   8.7620544e-01   4.3066269e-02   3.1110609e-01  -7.0002957e-02
   8.9975904e+00  -4.2803420e+00   2.8616525e+01  -2.7611974e+01   1.8478842e+01   2.9851593e+00   4.8037495e+00  -5.1099467e+00   6.5701666e+00   3.1377272e+00  -1.4264368e+00   5.3687385e-01  -1.1462390e+00  -1.2502380e+00   2.4779985e+00   3.3805214e+00  -9.3640202e-01  -4.2220793e+00  -1.2806540e+00   5.5151110e-01   1.2377945e+00   3.6885586e-01  -9.3855162e-01   1.2663576e-01
   8.9847758e+00  -6.2907343e+00   3.0263426e+01  -2.7711925e+01   1.8408554e+01   6.7231495e-01   3.2188578e+00  -4.2388232e+00   4.2736258e+00   2.1048327e+00  -3.0020990e+00   3.1409920e-01  -8.2999880e-01  -2.6089909e+00  -2.2034283e+00  -1.8750949e+00   1.3495194e+00  -4.0543221e+00  -4.2723346e+00  -1.3331944e-01   7.6562596e-01   1.4089600e+00  -1.6022789e+00   1.3252094e-01
   8.8818206e+00  -5.5897172e+00   3.0922298e+01  -2.6069945e+01   1.9386823e+01   3.3262199e+00   3.1823886e+00  -7.0135250e+00   6.4141949e+00   1.3427540e+00  -3.6065025e+00   8.3157882e-01  -9.4544670e-01  -1.5874050e+00  -2.7407384e-01  -3.8116440e+00   4.4840856e+00   2.6853964e+00  -1.9810393e+00  -2.7665764e+00   2.4428208e+00   2.8790870e+00  -4.5076670e-01   3.8834777e-01
   9.1373578e+00  -6.1310711e+00   2.5859749e+01  -3.0404858e+01   2.1220243e+01   2.3646839e+00   1.0232097e+00  -6.6005909e+00   5.4859234e+00   3.7362730e+00  -2.4565056e+00   7.2251587e-01  -9.5521503e-02   1.3307113e+00   1.2230068e+00   5.8435186e-01   5.3283647e+00   5.0719356e+00   2.5141332e-01  -5.6683606e+00   1.8267160e+00   1.6289480e+00   1.0969663e+00   4.2979619e-01
   7.5031293e+00  -6.7412812e+00   3.0407252e+01  -3.1982973e+01   2.3799126e+01   6.1670694e+00   2.9300146e+00  -8.0789275e+00   9.6282490e+00   6.6406376e+00  -2.3753836e+00   9.1518717e-01   1.2344579e+00  -2.4862120e-01  -2.7442406e+00   2.5756175e+00   4.0304855e+00   1.0768022e+00   3.2429037e-01  -1.8042956e+00  -7.2871391e-01  -1.2458033e-01   2.1820001e+00  -1.1463939e-01
   9.5308392e+00  -3.7188854e+00   3.2355459e+01  -2.3878883e+01   2.4194949e+01   6.8597936e+00   3.7221647e+00  -1.2208663e+01   5.4066728e+00   1.8993128e+00  -1.9722090e+00   9.1698930e-01   1.9953937e+00  -1.8236108e+00  -4.3827805e+00   4.6575805e+00   1.4369112e+00  -2.8205516e+00   2.2270344e+00   2.5718016e+00  -2.8048333e+00  -2.3679732e+00   5.2433008e-01  -2.7550446e-01
   1.0536767e+01  -7.1687418e+00   2.3558082e+01  -2.5469506e+01   2.3945198e+01   2.6938685e+00   2.3193466e+00  -6.9159325e+00   5.3607494e+00   2.0743635e+00  -5.7565054e-01   5.6238302e-01   2.3951789e+00  -1.0639928e+00  -5.1754135e+00   3.5707191e+00  -1.8345525e+00  -6.4179200e+00   1.7042706e+00   4.3019752e+00  -4.2121861e+00  -3.8996739e+00   1.8220156e-02  -1.7353967e-01
   1.0613630e+01  -8.6527569e+00   2.2710163e+01  -2.6675221e+01   2.3302574e+01  -1.2954307e-01   4.6690953e+00  -3.3243861e+00   3.4124233e+00   2.4674502e+00  -2.5698770e+00   4.8566126e-01   1.0807384e-01  -3.8181114e+00  -3.9978525e+00  -4.6242890e+00  -4.1080150e+00  -2.3370175e+00  -1.7946835e+00   4.9729501e+00  -2.4762670e+00  -5.5828239e-01  -1.4493145e+00  -1.7038702e-01
   1.0554502e+01  -5.8703346e+00   2.7466780e+01  -2.5228726e+01   2.1493485e+01   3.4857693e-02   5.0129553e+00  -6.0681030e+00   4.3070946e+00   5.0705809e-01  -2.0492194e+00   8.7054169e-01  -1.2106300e-01   1.8637899e+00   1.6096432e+00  -4.3405257e+00  -2.6708361e+00   2.4966578e+00  -5.2652220e-01  -4.6405640e-01  -1.0283856e+00  -1.1744225e+00  -2.2470287e+00   3.8042397e-02
   9.6840821e+00  -1.0095256e+01   2.4404331e+01  -3.0935707e+01   1.9258783e+01   4.6837726e+00  -3.1666479e-01  -5.1731524e+00   2.2190997e+00   1.8455420e+00  -3.4093963e+00   5.0732944e-01   7.4838154e-01   4.5785149e+00   8.3722530e-01  -1.2524830e+00   4.5352160e-01   3.0210125e+00   9.7533092e-01  -1.3817088e+00   2.0010393e+00  -2.1385197e+00  -4.4426408e-01  -2.6175717e-02
   1.0819946e+01  -3.6518074e+00   2.5125463e+01  -2.9850052e+01   2.1960839e+01   4.0321973e+00   4.0224434e+00  -6.6876339e+00   4.4148328e+00   6.2368386e-01  -3.5264339e+00   6.0861253e-01  -8.1067104e-01   2.2459704e-01  -1.9576357e+00  -1.4572073e+00   3.6757127e+00   3.1237109e+00   3.3559167e+00   1.3271610e+00   1.4123773e-02  -4.6375585e-01   9.0892052e-01   3.9871766e-01
   1.1603480e+01  -2.8942482e+00   2.5136660e+01  -2.6243282e+01   2.3749179e+01   2.4033060e+00   6.6273477e+00  -5.0871839e+00   6.3601132e+00  -7.9864221e-01  -2.4976658e+00   5.7736226e-01  -5.7917803e-01   1.3001507e+00   6.1591717e-01   1.1710430e+00   4.5493540e-01  -4.0634926e+00   5.2612413e+00   9.7395896e-01  -1.4452163e+00  -1.0306075e+00   9.2806941e-01   6.0023736e-01
   8.3787968e+00  -9.1339430e+00   2.4164162e+01  -2.9760750e+01   2.4761856e+01   5.8606574e+00   6.5748241e+00  -4.1203458e+00   2.2577735e+00   1.1335164e+00  -1.1417038e+00   1.4336018e+00  -5.0322770e-01  -1.1073651e+00   1.3010810e-01   1.6396387e+00   1.3526712e-01  -4.7791388e+00  -2.4602983e+00  -3.7026128e-01  -2.4352179e+00  -4.3950678e-01  -1.8664397e-01   4.3778050e-01
   1.0035890e+01  -5.4039623e+00   2.5808857e+01  -2.9223794e+01   1.8540678e+01  -2.3256963e+00   6.2990069e+00  -4.9958580e+00   1.1298049e+00   4.4714422e-02  -3.2096572e+00   9.9519086e-01   3.2918817e-02  -8.8403358e-02   4.5100633e-01  -2.9367538e-01   6.8610913e-01  -1.2326260e+00  -7.0984985e+00  -2.0777533e+00  -1.8531020e+00   2.7916821e-01  -1.4994506e+00  -2.4051856e-01
   1.0848900e+01  -4.0579980e+00   2.4984526e+01  -2.5900338e+01   2.4767990e+01  -7.7200984e-01   4.9616630e-01  -7.2886888e+00   3.3771601e+00  -4.5725463e-01  -3.4504042e+00   1.0563690e+00   2.0067532e+00   3.1959409e+00   6.9104415e-01   8.6311823e-01   8.5210738e-01   5.2845530e-02  -6.2910436e+00  -2.4777726e+00   2.6904698e+00   3.7089781e-01  -7.0084214e-01  -8.4933144e-01
   1.0417807e+01  -5.5648258e+00   2.5402987e+01  -2.8614001e+01   2.4775275e+01   3.8707006e+00  -9.8107126e-01  -6.6196423e+00   3.0207670e+00   4.1549563e-01  -3.5924915e+00   4.0520081e-01   1.1064451e+00   1.3797067e+00  -4.3641142e-01   1.9254194e+00   2.7167619e+00   4.0961157e+00  -9.3793088e-02  -1.2242183e+00   3.5922804e+00   9.4126096e-01   8.9241051e-01  -4.3152311e-01
   1.1197968e+01  -4.2595999e+00   2.5403663e+01  -2.8770968e+01   2.2922718e+01   2.8417272e+00   7.7829769e-01  -7.0251125e+00   5.3479972e+00   1.5044725e+00  -2.0015499e+00   4.5459963e-01   1.3316371e+00   2.9155778e+00  -6.2942297e-01   4.4869174e-01  -8.0236411e-01   1.4721849e+00   3.4998981e+00   6.0903941e-01   2.2717296e+00  -1.5359973e-01   5.3294241e-01  -5.2907461e-01
   1.1521023e+01  -3.2336013e+00   2.4944672e+01  -2.4900349e+01   2.3538457e+01   2.0116087e+00   6.0172515e+00  -6.9639736e+00   5.5328070e+00   4.7574229e-01  -2.5954686e+00   6.4879087e-01   1.5440207e+00   3.0776033e+00  -1.4293722e+00   8.4849015e-02  -4.4117673e+00  -4.8702433e+00   8.2271736e-01   1.2159539e+00   3.2065473e-01  -2.2297886e+00   3.8378917e-01   1.5417830e-01
   1.2294747e+01  -8.5024361e-01   2.4269550e+01  -2.7084126e+01   2.4182854e+01   2.3658134e+00   2.2468521e+00  -6.2029640e+00   5.5287345e+00  -7.1777755e-01  -3.1495020e+00   1.4096204e-01   1.4466505e+00  -4.9766723e-02  -2.9774504e+00   1.4184688e-01  -4.1380209e+00  -5.9153372e+00  -3.7615776e+00  -2.9742065e-01  -1.6911797e-02  -2.4572320e-01   7.6740855e-02  -9.0430602e-02
   1.2185448e+01  -2.6530990e+00   2.3825986e+01  -2.9330149e+01   1.7527557e+01  -3.1967074e+00  -4.8127240e-01  -5.2067857e+00   3.4113804e+00  -1.8180623e+00  -2.4428317e+00   7.9328706e-01   6.6019842e-01  -1.9692482e+00  -1.5518146e+00  -1.4334226e+00  -2.7690152e+00  -5.6728736e+00  -8.3769218e+00   1.8213484e+00   7.3454570e-01   1.4902099e+00   5.1682669e-01  -3.0748736e-01
   1.3035731e+01  -4.6245011e+00   2.1496830e+01  -2.6343299e+01   1.9721137e+01  -3.4271207e+00  -1.6148068e+00  -8.3498375e+00   6.3833428e+00   2.2827900e+00  -1.9627571e+00   2.4670563e-01   3.0129622e-01  -1.3835287e+00  -3.0617882e+00  -2.8844670e+00  -1.7387700e+00  -3.8549664e+00  -4.7366585e+00   1.5548365e+00   8.2144826e-01   2.2241576e+00   7.9132027e-01   4.7112421e-01
   1.2140829e+01  -4.3003448e+00   2.4003309e+01  -2.7420897e+01   2.1615792e+01  -3.6012347e+00  -4.6173018e+00  -3.1585142e+00   6.2073214e+00   1.2107733e+00  -2.4136010e+00   1.3468803e-01   9.9547893e-01   3.0409180e+00  -1.6804811e+00  -1.7461568e+00   7.1717113e-01   1.4967654e+00   1.3531424e+00   4.7681200e-01   8.2148386e-01   8.6768807e-01   5.1283513e-01   4.4669145e-01
   1.2769001e+01  -2.1019138e+00   1.9588206e+01  -3.2365453e+01   1.9530581e+01  -3.2143725e+00  -2.7901210e+00  -4.8948451e+00   5.3629364e+00   1.1040410e+00  -1.9771369e+00   1.1769479e+00   8.2983530e-01   2.7676777e+00  -1.9731433e+00   4.3029706e-01   4.1265596e-01  -3.4467560e-01   5.2972744e+00   2.4243141e+00  -1.1278552e+00  -1.9787726e+00  -1.9738772e-01   4.6151459e-01
   1.3812032e+01   6.4698424e-01   2.2259576e+01  -2.8938307e+01   1.8698591e+01  -1.0579334e+00   2.1360983e+00  -6.2190639e+00   5.1538094e+00   7.2844318e-02  -1.6663891e+00   9.9820312e-01   5.9057965e-01   9.9998043e-01  -1.7328745e+00   2.4773073e+00   7.6160562e-01  -5.0977077e-01   6.2647129e+00  -1.0168457e-01  -3.0983130e+00  -5.8981405e-02  -3.6225579e-01  -4.8261580e-02
   1.3444883e+01  -2.9466491e+00   1.9408982e+01  -2.4939148e+01   2.1798721e+01  -5.2157847e+00   2.9544048e+00  -3.1830915e+00   5.2183160e+00  -1.1640437e-01  -2.6324446e+00   5.0721996e-01   2.8948659e-01  -2.7122966e+00  -1.7366825e+00   3.9954782e+00   9.1160917e-01   2.0161359e+00   3.4043472e+00   1.3701658e+00  -3.6752086e+00   3.0110670e-02  -8.9914063e-01  -9.3565682e-01
   1.2688758e+01  -2.3780066e+00   2.1493609e+01  -2.7418089e+01   2.1624131e+01  -3.3651848e+00   1.9075047e+00  -4.1669179e+00   1.6321622e+00   1.7325239e+00  -2.6293309e+00   3.9715961e-01  -2.2152800e-01  -4.2473786e+00  -2.3257691e+00   7.5876201e-01  -1.7092721e+00   4.2088855e+00  -1.2705739e+00  -4.8467833e-01  -4.0388484e+00  -1.2324335e+00  -1.5849148e+00  -8.7401452e-01
   1.3764868e+01  -4.6578633e+00   1.7366165e+01  -2.7132344e+01   1.9435225e+01   9.6345693e-01   2.4306966e+00  -3.8656693e+00   1.6109471e+00   3.1936723e-01  -2.8443770e+00   7.3984399e-02  -3.8685503e-01  -2.5333132e+00  -1.4803711e+00  -2.4634182e+00  -2.7023597e+00   5.3492406e+00  -5.1130211e+00  -4.7414563e+00  -3.4729504e+00  -1.5569882e+00  -1.5192247e+00  -8.1517375e-02
   1.3319747e+01  -4.8684766e+00   1.9792331e+01  -2.6703566e+01   1.7316431e+01   2.1657740e+00   4.9209161e-01  -6.6047924e+00   8.9922125e-01  -1.9936917e+00  -3.9377951e+00  -9.6200884e-02   9.9562920e-02  -5.6794810e-01  -4.3138505e+00  -5.0253044e+00  -4.2456106e+00  -7.1701418e-01  -4.5901618e+00  -1.2281056e+00   2.5212255e+00  -8.1494554e-01  -4.3516401e-01   6.7549330e-01
   1.2549106e+01  -5.5013838e+00   1.8039064e+01  -2.8991537e+01   1.9899031e+01   4.2596740e-02  -4.0074203e+00  -9.0763386e+00   3.7536082e-01  -5.8877894e-01  -4.2570496e+00   6.3162414e-01   4.8082263e-01   3.4660493e+00  -1.2381641e+00  -5.4759707e+00  -2.6609168e+00  -1.6753719e+00  -2.4670581e+00   1.1041329e+00   5.5721362e+00   1.8261341e+00   1.2300601e+00   7.1714722e-01
   1.3445983e+01  -2.8081684e+00   1.4686384e+01  -3.4026449e+01   1.5023812e+01  -3.9802760e+00  -1.7586796e+00  -3.4037416e+00   6.0317935e+00   9.6417864e-01  -2.5757406e+00   1.1315797e+00   1.0509596e+00   4.2196079e+00   2.0700753e+00  -2.0498783e+00  -2.0210802e+00  -8.1318448e-01   1.1517732e+00   2.3637894e+00   5.4045062e+00   1.3674953e+00   2.2794147e+00   2.7034591e-01
   1.4422984e+01  -4.8894344e-01   1.8061893e+01  -3.1684859e+01   1.6590160e+01   1.5234240e+00  -1.4450492e-01  -3.8099954e+00   7.4028653e+00   1.5796332e+00  -1.6803141e+00   5.3581494e-01   3.6811806e-01   3.4906842e+00   5.2739342e+00  -4.8567696e-01  -3.4259798e+00   1.2027919e+00   2.6475666e+00   1.9490977e+00   2.4634064e+00  -5.9384655e-01   9.4901778e-01  -6.0250626e-01
   1.3959247e+01  -1.0452849e+00   2.2886030e+01  -2.8431722e+01   1.5939247e+01   2.0558369e-01   2.8829368e-01  -5.6922800e+00   5.4922283e+00  -1.0266548e+00  -1.8070408e+00   3.5722258e-01  -2.2031135e-01   9.7371152e-01   5.4651420e+00   2.7866645e+00  -1.4134410e+00   4.4797386e-01   2.5630732e+00  -1.2820384e+00  -3.6441771e+00  -1.2842644e+00  -3.1486574e-01  -7.2677065e-01
   1.2844651e+01  -1.1467993e+00   2.1850143e+01  -3.2517416e+01   1.4302344e+01  -2.4614520e-01  -1.0595570e+00  -5.0084229e+00   4.3402531e+00  -4.8413204e-01  -3.2178728e+00   1.1504331e-01  -8.2878694e-02   1.9061879e+00   1.4398831e+00   9.7378218e-01  -1.2816625e+00  -3.9754641e+00   8.6874036e-01   2.6698814e-01  -4.8791507e+00  -2.3731977e+00  -4.1767110e-01  -1.4634422e-01
   1.3904683e+01  -1.0186732e+00   2.0989972e+01  -2.9430174e+01   1.4047558e+01  -2.4235306e+00   2.5434563e+00  -4.7275855e+00   2.0968340e+00   6.9664734e-02  -2.2792598e+00   2.5180954e-01  -3.9348053e-01  -6.3795215e-01  -1.8130822e+00   2.4455791e+00   4.0269897e+00  -6.9828103e-01   2.4607187e+00   2.8911631e+00  -1.1990606e+00   1.0437522e+00   7.4755318e-01   3.5343493e-01
   1.4325948e+01   2.3570325e+00   2.1169746e+01  -2.9724960e+01   1.5613510e+01  -3.1252150e+00   3.1024291e-02  -3.8918604e+00   1.7818363e+00  -2.5283231e+00  -2.0707112e+00   3.6900514e-01  -4.8422080e-02  -2.5028651e+00   4.5558884e-01   5.6245460e+00   6.7088508e+00   6.4256877e-01   1.0398455e+00   3.7128714e+00   1.6340016e+00   2.6067164e-01   1.2657280e+00   3.1910287e-01
   1.2628378e+01  -3.7541291e+00   2.0506605e+01  -2.6159582e+01   2.1324148e+01   5.9769703e-01   3.4340810e+00  -1.9138166e+00   4.9728458e+00   1.5610690e+00  -1.2592918e+00   7.6039407e-01  -1.1249278e+00  -3.9681021e+00   1.2764779e+00   6.2975633e-01   5.5270476e+00   3.7240917e-01  -3.8405557e+00   3.0373139e+00   2.6023906e+00  -7.6105874e-02  -1.2811772e+00  -3.9925143e-02
   1.3410170e+01  -3.5333691e+00   2.2775210e+01  -2.5715893e+01   2.0727325e+01  -7.9290584e-01   5.4898902e-02  -8.4600022e-01   5.3532496e+00  -8.3882670e-01  -1.8292648e+00   3.3940535e-01  -2.5911643e-01  -3.1254554e+00  -8.3876101e-01  -2.5143746e+00   1.2979470e+00   5.2130327e-01  -3.7059862e+00   2.3003690e+00   2.7111116e+00   1.7398669e+00  -1.3305955e+00  -4.8767966e-01
   1.2675180e+01  -4.0256256e+00   2.2101957e+01  -3.0490073e+01   1.9781222e+01  -3.0310714e+00  -3.2293146e+00  -1.6945447e+00   4.2147133e+00  -8.8924228e-01  -4.3217488e+00   2.0672172e-01   1.9894818e+00   3.7880010e+00  -3.1871253e+00  -2.8608023e+00  -3.1738043e+00  -1.7015455e+00  -2.0982075e+00  -1.4599018e+00   1.3932643e+00   1.7307613e+00  -2.7285807e-01  -8.6881043e-01
   1.3913872e+01  -2.1954023e+00   1.9113929e+01  -3.1331276e+01   1.8331894e+01  -5.2887586e-01  -2.1962573e+00  -5.5094285e-01   6.2275700e+00   1.3066329e+00  -2.5353760e+00  -8.5678179e-02   3.0759324e+00   5.1911162e+00  -6.1717638e+00   6.4583971e-01  -3.1993036e+00  -2.5708276e-02   5.3762438e-01  -6.2538232e+00   1.1759995e+00   2.4224931e+00   1.2514078e+00  -2.0392728e-01
   1.5360750e+01   1.2588891e+00   1.7556557e+01  -2.7643093e+01   1.7761157e+01  -2.0866363e+00   1.4123478e+00  -4.2511980e+00   6.6255820e+00   3.0844812e+00  -1.3155233e+00  -3.3027981e-01   3.3604658e+00   5.7094468e+00  -3.0929376e+00   4.6193326e+00  -3.6913650e+00   2.2135902e-02   3.5689841e+00  -6.1487234e+00  -1.2574222e+00   4.3132490e-01   2.8391840e+00   8.1233548e-02
   1.6681284e+01   1.6110479e+00   1.5790264e+01  -2.6170623e+01   1.6938402e+01  -1.3036858e+00  -1.4594957e+00  -8.9484083e+00   5.9118145e+00   8.0805116e-01  -1.4552658e+00   3.0201520e-01   5.0534990e-01   1.3895702e+00  -1.0474714e-02   3.9848836e+00  -1.0740160e+00  -3.5558649e+00   2.9492003e+00  -2.6093335e+00  -7.0633576e+00  -2.0520922e+00   9.5380781e-01   4.1512787e-01
   1.6332173e+01   2.6353195e+00   1.9124383e+01  -2.6141400e+01   1.4940920e+01  -2.6104625e+00   1.7557809e+00  -6.7188970e+00   2.4864577e+00   7.0359443e-03  -6.0302794e-01   1.3472535e-01  -1.1176617e+00  -2.2935539e+00   1.5842387e+00   1.4630415e+00  -1.6043977e+00  -2.3391117e+00   2.6430562e-01   2.1130396e+00  -6.9250002e+00  -3.2370862e+00  -4.1948437e-01   5.2086533e-01
   1.4186185e+01  -7.9926223e-01   1.8314304e+01  -2.6104797e+01   1.8130988e+01  -5.6007600e+00   2.0558267e+00  -3.2310936e+00  -2.2979043e+00  -2.3278275e-01  -1.4609120e+00   3.0451104e-01  -2.8526175e+00  -4.1215511e+00   2.1087900e+00  -1.9005227e+00  -3.4416826e-01  -1.7448508e+00  -7.1050468e-01   4.5232629e+00  -1.6025867e+00  -5.3144189e-01  -1.0422818e+00   4.6758609e-01
   1.4931806e+01  -9.7628669e-01   1.8670895e+01  -2.5481444e+01   1.4758268e+01  -3.4467668e+00   5.1145065e-02  -3.9402960e+00   3.4294117e-01  -1.2507312e+00  -1.9419268e+00   4.4977026e-01  -3.1137490e+00  -5.1474942e+00   1.2259451e+00  -5.1660484e+00   1.1553801e+00   1.6933492e+00  -5.1972311e+00  -9.0002726e-01   2.4539771e+00   1.8013058e+00  -1.9308786e+00   4.4002818e-01
   1.3102541e+01  -2.7654757e+00   1.9180193e+01  -2.9351385e+01   1.6513476e+01  -3.5028099e+00  -1.6729349e+00  -3.5528145e+00   4.5796928e+00   6.3977188e-01  -2.3492391e+00   8.4587188e-01  -1.5931862e+00  -3.3489971e+00   1.0519836e+00  -5.7416964e+00   3.6205783e-01   2.8637501e+00  -5.8384934e+00  -2.4568520e+00   3.4568990e+00   2.8008072e+00  -1.1753446e+00   2.6401240e-02
   1.2203371e+01  -4.1028150e+00   2.0530356e+01  -3.2267179e+01   1.7482747e+01  -1.1194138e+00  -4.1756850e+00  -7.9080775e+00   2.7286249e+00   2.2727173e+00  -3.0551823e+00   5.2408720e-01  -1.5655008e+00  -2.5571327e+00  -5.0047138e-01  -5.9849125e+00   3.6092615e+00   1.2030255e+00  -1.9940126e+00   3.3485716e-01   6.5292740e-01   3.0943141e+00  -4.7947998e-01  -6.2471931e-02
   1.3160624e+01  -4.2594937e+00   1.8962549e+01  -3.1324474e+01   1.7311836e+01  -2.4688113e+00  -4.5884985e+00  -4.9324809e+00   1.6946024e+00   2.2067038e+00  -2.6673012e+00   3.0695443e-01   3.4106379e-01   2.5520669e+00   1.3216574e+00  -3.7094557e-02   2.6130361e+00  -1.0838433e-01   4.8273285e+00   3.4371672e+00   1.2268181e+00   7.6387107e-01   3.1020172e-01  -5.0875818e-01
   1.2554514e+01  -4.0649767e+00   1.8029010e+01  -3.3472268e+01   1.9772980e+01  -2.1592278e+00  -1.4820921e+00  -2.7481771e+00   2.7648775e+00   2.6072740e+00  -2.5021157e+00   6.2552109e-01   2.1667104e+00   4.1761299e+00  -1.6699661e+00   5.3998153e+00  -9.5003034e-01  -3.0431097e+00   8.5705397e+00   6.9812097e+00   2.4263498e+00  -1.5508498e+00   8.8998927e-01  -5.9356653e-01
   1.3438566e+01   1.0437056e+00   2.2413352e+01  -2.8804482e+01   1.9287913e+01  -3.1454794e+00   4.2212615e+00  -9.7701388e-01   6.4017937e+00   1.6183002e+00  -2.1604698e+00   3.2017665e-02   2.7812388e+00   4.6721306e+00  -4.4200998e+00   4.3907923e+00  -5.5800082e+00  -2.2411770e+00   8.3864234e+00   3.3143523e+00   1.6346314e-01  -2.1899890e+00   6.8697743e-01  -2.9716561e-01
   1.5314466e+01  -4.9021979e-01   1.6300006e+01  -2.5427452e+01   1.5069662e+01  -5.3457444e+00   4.2752445e+00   5.8600361e-01   4.0145539e+00   2.4064450e-01  -1.9736141e+00  -2.2879421e-01   3.1435761e+00   2.7265808e+00  -5.4958430e+00   4.2429608e+00  -6.6307390e+00  -1.1467694e+00   2.5918603e+00  -1.5245215e+00  -1.8665317e+00  -1.4604499e+00   9.1579961e-01  -1.2617358e-01
   1.5952506e+01   9.6132374e-01   1.3196901e+01  -2.8760694e+01   1.1293482e+01  -4.2373185e+00   5.1124684e+00  -1.6280428e+00   1.3149589e+00   1.0503502e-01  -1.9010858e+00   2.8836366e-01   1.8531032e+00  -9.4790979e-01  -6.4815026e+00  -5.1749345e-02  -2.4945727e+00   5.7215413e-01  -6.1527995e+00  -1.8526511e+00  -1.3052182e+00   3.1730460e-01   1.2094477e+00   3.6248960e-01
   1.6012908e+01   6.6085405e-02   1.4393471e+01  -2.7129721e+01   1.3824087e+01  -3.3334624e+00   1.9600949e+00  -4.7094449e+00   2.5084974e+00   1.1732317e+00  -1.2581083e+00   3.0808771e-01   7.7395410e-01   2.8838604e-01  -2.9368960e+00  -2.9991894e+00  -2.5554505e-01   2.3710969e+00  -6.6013662e+00  -1.4976070e+00   6.9970782e-01   9.9627446e-01   1.2433430e+00   3.6884744e-01
   1.5868999e+01  -6.5631169e-01   1.3644365e+01  -2.8030972e+01   1.6168842e+01  -3.2933892e+00  -3.8503629e+00  -1.1082663e+00   5.1969947e+00   1.6279635e+00  -7.0405108e-01   3.0731110e-01  -1.0826822e+00  -1.0727756e+00   2.5643678e+00  -2.7815338e+00   1.4103757e+00   1.7104868e+00  -6.4214923e+00  -4.6208281e-01   1.9746885e+00  -1.4719208e-01   4.3691927e-01   2.0854410e-01
   1.6517150e+01   7.5117698e-01   1.1670930e+01  -3.0291097e+01   1.2248665e+01  -2.2610636e+00  -1.1453891e+00  -1.9202951e+00   3.1230977e+00   9.7359196e-01  -7.0711699e-01   3.1500323e-01  -1.1944624e+00   5.1140451e-01   5.0518535e+00  -2.1125833e+00  -4.1283268e-01   1.0200737e+00  -2.6034859e+00  -1.5981002e+00   5.3049903e-01  -2.2106553e+00  -9.9005242e-01  -1.8605599e-01
   1.4076361e+01  -9.9038551e-01   1.8404724e+01  -3.1352307e+01   1.4196757e+01  -2.2077876e+00  -2.9670281e+00  -3.7157419e+00   3.9696914e+00  -1.5933235e-02  -1.5212026e+00   5.9772206e-01  -1.3010193e+00  -1.0015437e-01   6.6736554e+00   5.3101312e-01   6.7944697e-01  -1.3255877e-01   2.6985770e-01  -4.6272479e+00  -1.4205519e+00  -1.3408415e+00  -1.2975715e+00  -2.3385593e-01
   1.5117533e+01   1.0002291e+00   1.9591072e+01  -2.8637929e+01   1.4190881e+01  -2.3461526e+00  -2.3868013e+00  -5.8028574e+00   3.9178976e+00  -1.3208028e+00  -2.3346112e+00  -1.1620175e-01  -1.0565662e+00   5.3834289e-02   5.9404564e+00   1.7372365e+00   5.1813231e+00  -9.9284311e-01   6.7539133e-01  -4.6691865e+00   9.4887735e-02   1.7977153e-01  -6.3129884e-01  -1.0817986e-01
   1.4617279e+01  -9.3106930e-01   1.9694777e+01  -2.8061036e+01   1.6216904e+01  -3.4496828e+00  -2.8248703e+00  -6.1078569e+00   2.6687670e+00   7.6389866e-01  -1.8366613e+00   1.7212969e-01   7.8141275e-01   2.5332119e+00   1.3137058e+00   6.1227895e+00   5.2713415e+00  -2.4188660e+00   2.9951588e+00  -2.1969984e+00   5.0816485e-02   5.8754839e-01   1.3173437e+00   5.0541860e-02
   1.4661842e+01   8.0227031e-01   1.9936588e+01  -2.9330878e+01   1.9010576e+01  -3.1293807e+00  -2.0338103e-01  -7.7280174e+00   3.9158915e+00   8.5333332e-01  -1.4963359e+00   3.6552963e-01  -3.7557774e-01   1.6767299e-01   5.7563477e-01   6.0373168e+00   4.4912984e+00   1.4855250e-02   5.4257807e+00  -4.3206894e-01   2.8242155e-02   1.5731552e+00   1.1458238e+00   4.9636131e-01
   1.5476326e+01   2.9084117e+00   2.0202524e+01  -2.1821648e+01   1.9693922e+01  -5.4444726e+00   4.3399994e-01  -6.0486595e+00   4.0469192e+00  -2.2167873e-01   3.5675299e-02   4.3266916e-01  -4.3895976e-01   1.0429030e+00   9.7437598e-01   7.4071426e+00   1.0580854e+00  -8.0246766e-01   3.7100359e+00   1.9028599e-01  -7.2952544e-01   3.4821322e-01  -6.8392898e-01   1.4602826e-01
   1.4124643e+01  -6.6800192e-01   2.0200651e+01  -2.2701648e+01   1.9189320e+01  -1.3264749e+00   4.1224347e+00  -6.4805596e+00   3.2711847e+00   1.5317186e+00  -1.5520437e+00   4.9807047e-01  -1.4104760e+00  -4.0159856e+00  -6.9704895e-01   2.1420829e+00  -2.2022911e+00   7.8943921e-01   1.5057092e+00   1.6355715e+00  -3.4961257e+00   2.2913932e+00  -1.4282375e+00   1.6737133e-01
   1.4227439e+01   1.3684213e+00   2.1024310e+01  -2.0264937e+01   1.7714661e+01  -5.5548372e+00   5.7727574e-01  -6.4461569e+00   1.8968322e+00   9.4702582e-01  -2.8347008e+00   3.2490166e-01  -2.1279460e+00  -4.2134759e+00  -2.3281748e-01  -7.5536890e+00  -8.6243887e-01   3.4370722e+00   1.3196880e+00   1.9479370e+00  -1.6411784e-02   3.0607460e+00  -2.3226702e+00   9.5115772e-02
   1.3170572e+01  -4.4517130e+00   1.8480122e+01  -2.6896109e+01   1.6696770e+01  -1.8900396e+00   1.9835449e+00  -5.0759114e+00  -2.5325354e-01   3.7060709e+00  -2.2035041e+00   6.7047037e-01  -8.7295266e-01  -1.0127545e+00   3.5977353e-01  -7.1784097e+00   3.9752350e-01   3.3999054e+00   1.1633594e+00   2.2558168e+00   2.5840157e+00   1.3056697e+00  -7.8960838e-01  -2.7411672e-01
   1.2761443e+01  -1.5199467e+00   2.0713563e+01  -3.1054951e+01   1.9646538e+01  -7.0820171e-03   3.4829768e+00  -3.8290781e+00   5.7845206e+00   3.2822642e+00  -3.1225999e+00   4.8914287e-01  -8.3395820e-01  -2.8361845e+00  -1.8633407e+00  -6.4137388e+00   1.2517613e+00   5.8987184e+00   3.1591190e+00   2.7720632e+00   1.8635187e+00   7.3678351e-01  -4.1305672e-01  -2.5034113e-01
   1.3548212e+01  -7.4294967e-01   2.0895684e+01  -2.8074255e+01   1.8819666e+01   9.9950563e-01   4.4146232e+00  -4.4053737e+00   5.2033640e+00   2.3226040e+00  -2.5925068e+00   4.7747861e-03  -3.6021583e-01  -5.2983967e-01  -2.0883928e+00  -3.0424385e+00   1.2784822e-01   4.1729414e+00   1.5831836e+00   3.0370665e+00  -1.5425190e+00  -2.1771751e+00  -7.0019782e-01  -9.8642613e-02
   1.2787681e+01  -4.7402370e+00   1.7021517e+01  -2.9296472e+01   1.8530854e+01   1.8484679e+00   4.1004151e+00  -2.6233309e+00   1.9638016e+00   2.7439345e+00  -3.2597846e+00   2.8223775e-01   6.1621474e-01   9.6410040e-01   2.8653140e-01   4.2596485e+00   1.0279134e+00   3.9214930e-03   2.8094617e+00   1.6867111e+00  -4.4202384e+00  -2.0633811e+00   1.7615450e+00   1.0647948e-01
   1.2617129e+01  -3.6363273e+00   1.7193555e+01  -3.2339006e+01   1.7446384e+01   3.4415976e+00   4.0496011e+00  -1.1231853e+00  -6.5667259e-01   7.0947303e-01  -3.1852085e+00   6.2595901e-01   6.2416793e-01   2.7894683e+00   4.4384625e+00   8.0990320e+00   5.2652928e-01  -4.0763435e+00   3.8829563e+00   1.8819451e+00  -1.5290172e+00  -3.2837903e+00   1.9148272e+00   1.7555328e-01
   1.4151307e+01   1.3728927e+00   2.2994424e+01  -2.2533103e+01   2.1875049e+01  -1.2222458e+00   7.8796804e+00  -2.9401057e+00   2.0841813e+00   9.9375803e-01  -1.8393159e-01   3.3826997e-01   1.1377655e+00   4.3482627e+00   4.9198148e+00   9.5389042e+00  -1.3477521e-01  -5.8471310e+00   3.3036101e+00   1.2554645e+00   2.3672966e+00  -3.0467613e+00   1.1922042e+00  -2.4926981e-01
   1.3802651e+01   3.8468792e-01   2.4566924e+01  -1.9307392e+01   1.7937362e+01  -3.5796528e+00   8.3494249e+00  -1.4240687e+00   2.8496484e+00  -1.7279932e+00  -1.2581925e+00   2.4008859e-01   1.5923034e+00   2.6887604e+00   2.0857824e+00   9.5767126e+00   3.1199564e-01  -5.5928655e+00  -7.1159051e-02  -2.6874147e+00   3.1179658e+00  -1.5224412e+00   2.6187067e-01  -4.3608053e-01
   1.3901568e+01  -2.2835052e-01   2.0714555e+01  -2.1503923e+01   1.8083202e+01  -3.4116034e+00   6.9059184e+00  -5.8969251e-01   3.7615860e+00  -6.0747427e-01  -2.4349863e+00   1.0126825e-01   1.5697883e+00  -7.6617288e-02  -3.9214947e+00  -7.2619401e-01  -2.8478500e+00  -3.3038672e+00  -6.8393148e+00  -3.1977638e+00  -9.4771039e-01  -3.5356183e-01  -4.0392518e-01  -4.7112181e-01
   1.5130453e+01   1.1974350e+00   2.1462163e+01  -1.8488527e+01   1.9810301e+01  -3.8530218e+00   4.4297435e+00  -6.3295140e+00   3.1815738e+00  -7.7357269e-01  -1.6668751e+00   9.0339074e-02   1.6683981e+00   4.1294745e-03  -3.3844621e+00  -6.7726055e+00  -2.5710944e+00  -9.5273615e-01  -1.0980129e+01  -4.2180739e+00  -9.5664787e-01   1.2962084e+00   1.6977254e+00  -4.1953418e-01
   1.5842088e+01   8.5159327e-01   1.8664563e+01  -2.4031827e+01   1.6666805e+01  -6.0413620e+00  -4.1945115e-01  -5.2840287e+00   4.9665297e-01  -1.3794982e-02  -5.8547804e-01  -2.9353799e-01   5.5791130e-01   4.5001353e-01  -1.5831029e-01  -7.9109313e+00  -3.0274207e+00  -3.1520171e+00  -9.5802613e+00  -2.3578523e+00  -3.0664450e-01   5.6429244e-01   1.6863169e+00  -9.4052470e-02
   1.5334989e+01  -1.4908976e-01   2.0515227e+01  -2.8202348e+01   1.4788919e+01  -3.6938778e+00  -4.4580834e+00  -5.4040115e+00   3.0471431e+00  -8.0520334e-02   3.6364156e-01  -1.9180957e-01  -4.7133668e-01  -4.5116285e-01   5.7343197e-01  -3.9391928e+00  -1.4891108e-01  -1.3764556e+00   4.1921620e-01   3.1536967e+00   1.8429316e+00   1.2466175e+00  -1.0613458e-01   5.0538161e-02
   1.4636167e+01   1.1199322e+00   2.0950557e+01  -2.8513409e+01   1.6052762e+01  -8.2192011e+00  -3.0205601e+00  -4.5892222e+00   3.3688346e+00  -1.0756178e-01  -9.2076925e-01   1.0126386e-01   1.3693290e-01   2.8757339e-01   1.4503676e-01   4.2048215e+00   2.4929551e+00   2.6046135e+00   7.6073680e+00   3.6168732e+00   3.7032427e+00   2.7741997e-01  -6.7200090e-01   2.4220095e-01
   1.5026409e+01   3.8652129e-01   2.1179314e+01  -2.2156525e+01   1.9893956e+01  -4.8287856e+00   6.3591223e+00  -1.9463721e+00   4.5098805e+00   1.1432370e+00  -1.6584314e+00  -3.1254610e-02   8.7021282e-01   2.4619607e-01  -3.9998532e+00   6.7801276e+00   1.8264144e+00   2.6971113e+00   8.3311966e+00   3.8628648e+00  -5.6122263e-03   7.5576066e-01  -3.9331951e-01   4.7888771e-02
   1.6201777e+01   1.0151478e+00   1.8550075e+01  -2.0747506e+01   1.7853720e+01  -1.5669879e+00   5.5829980e+00  -1.5875387e+00   5.3201483e+00  -2.0954368e-01  -5.8244292e-01  -1.0514048e-02  -7.1343055e-01   2.6490614e+00  -4.6076431e+00   6.3785614e+00  -1.4985492e+00   7.6000998e+00  -7.6068856e-02   2.6704380e+00  -2.3823082e+00   1.6407658e+00  -1.9981448e-01  -3.1787495e-01
   1.5857503e+01   2.7259652e-01   1.5715689e+01  -2.1915108e+01   1.6628062e+01  -2.9743175e+00   3.7369325e+00  -1.1105559e+00   2.0630679e+00   1.1041116e+00  -3.9550087e-01  -6.4087454e-02  -1.7208362e+00   2.3947097e+00  -5.2825410e+00  -1.8379116e+00  -1.5769610e+00   6.3748652e+00  -6.7368289e+00   2.7511328e-01  -4.7940782e+00   1.1536629e+00  -5.6608375e-02  -1.6110122e-01
   1.3150474e+01   5.1504866e+00   1.6770905e+01  -1.9066275e+01   1.5437885e+01   2.2537146e+00  -1.8235685e+00  -1.0014732e+00   1.0187786e+00   2.3731496e+00  -1.8519562e+00  -3.5913213e-01  -6.6959952e-01   6.5474520e-01  -4.5415930e+00  -5.8647360e+00   1.4536117e+00  -4.1995309e-01  -5.0466911e+00  -5.7915052e-01  -2.8934537e+00   7.0398862e-02  -1.4559394e-01   4.0897179e-01
   1.3970806e+01   1.9109165e+00   1.4145087e+01  -2.5754008e+01   1.8736432e+01   2.8231609e+00  -4.2837870e-02  -1.8267349e+00  -5.3055191e-01   1.5823847e+00  -1.1085873e+00  -9.8597397e-02   7.0045541e-01  -7.2923621e-01  -1.0275800e-01  -1.7805811e+00   5.3245460e+00  -4.2064600e+00   2.8029961e+00  -3.0971782e+00   1.9935376e+00  -6.4365657e-01   2.7062629e-01   6.1535494e-01
   1.6140727e+01   1.1781056e+00   1.2522986e+01  -2.7625161e+01   1.8979952e+01  -5.0956567e+00  -9.7153558e-02  -2.0981749e+00   2.2767776e+00  -3.4308191e-01  -4.4429063e-01   6.2019861e-01   8.8204253e-01  -5.0347514e+00   3.6965411e+00   5.3870685e-01   7.3069483e+00  -3.7263906e+00   7.9629662e+00  -4.1099361e+00   1.7037477e+00  -1.7712218e+00  -1.6061023e-01   6.2246230e-01
   1.5413060e+01   1.1649327e+00   1.7685512e+01  -2.0306537e+01   2.2843848e+01  -5.6093218e+00   7.0782193e+00  -5.2079724e+00   4.4243748e+00   1.4967425e+00  -6.9339423e-01   3.6927958e-01  -4.6063130e-01  -2.9101842e+00   4.7466210e+00   2.7299299e+00   3.9303115e+00  -1.1366598e-01   5.6845582e+00  -1.4719881e+00   2.7437695e+00  -7.5238223e-01  -9.8845945e-01   3.0696938e-01
   1.3752411e+01  -2.0286486e+00   2.0545505e+01  -2.0981950e+01   2.4344600e+01   8.8037007e-01   6.5603523e+00  -5.4757587e+00   1.0969367e+00  -2.4086210e-01  -2.3004681e+00   3.4062282e-01  -1.8412705e+00  -3.0552132e+00   1.6346433e+00  -1.9162495e+00  -8.3511412e-01   1.9968341e+00   4.9740141e-01   1.5242520e+00   2.7893023e+00   1.1648150e+00  -1.9345033e+00  -3.6044839e-01
   1.4474017e+01  -8.5098260e-01   1.7253759e+01  -2.4980718e+01   2.1949575e+01  -3.3535145e-01   5.1552465e+00  -2.3459253e+00   4.1750227e+00   4.0270142e-01  -1.6631877e+00   5.0164456e-01  -4.6660711e-01  -9.7098030e-01  -2.6393624e+00  -7.1999938e+00  -6.5629788e+00  -7.3457761e-01  -2.3608825e+00   2.2114735e+00   1.3898639e+00   6.2536102e-01  -5.0420437e-01  -7.4858266e-02
   1.3848342e+01  -2.3967566e+00   1.5190827e+01  -2.8162445e+01   1.8174418e+01  -4.7373908e+00   1.6104349e+00  -1.2428206e+00   6.5854071e+00   1.9511612e+00  -2.8611488e+00   1.3343544e-02  -7.4094403e-01   8.5753143e-01  -4.6032223e+00  -8.3915114e-01  -6.0605733e+00  -1.9384628e+00  -2.7006558e+00   4.2084131e+00  -1.8732005e-02   1.8398737e+00   1.1316217e+00   1.2376165e-01
   1.4665183e+01  -1.0748376e-01   1.6403807e+01  -2.7516281e+01   1.6084471e+01  -3.9023078e+00   6.0118542e+00  -4.0072312e+00   3.7649354e+00   1.3387724e+00  -1.1693604e+00   4.2063182e-01  -3.3170704e+00  -1.6095299e+00  -1.6091547e+00   2.2555716e+00   2.1668169e+00   1.4003874e+00  -2.2017494e+00   4.1812367e+00  -3.2857732e+00   1.1881954e+00   2.2163329e-01   2.7655964e-01
   1.2545412e+01  -1.1141009e+00   1.4065648e+01  -2.0972895e+01   1.8186292e+01  -2.4384602e-01   2.0810647e+00   1.6675139e+00   1.2738824e+00   2.0509129e+00  -8.4994917e-01   5.6677167e-01  -3.3369906e+00  -4.3435659e+00   3.0662269e+00   1.2753477e+00   7.5211004e+00   6.9307046e-01   1.3101659e+00   2.2434857e+00  -4.1116690e+00  -3.7805380e-01  -2.2781378e-01   8.8863808e-01
   1.0149876e+01  -3.9066054e+00   1.5402617e+01  -2.5192135e+01   2.5193863e+01  -4.8154279e-01   1.6173076e+00   2.4707625e+00   1.9021253e+00   2.1351186e+00  -2.3363376e+00   6.3976996e-01  -2.2439953e+00  -6.8152088e+00   3.8394553e+00  -6.3724043e-01   5.6468525e+00  -7.4775388e-02   1.6893676e+00   1.8059194e+00  -9.5247311e-02   3.0033425e-01  -1.2508081e+00   2.3719339e-01
   1.1100510e+01  -7.0125447e+00   2.0290763e+01  -2.7411496e+01   2.4901372e+01  -5.4081676e+00   5.7729570e+00  -1.1165888e+00   1.3493087e+00   9.8590736e-01  -2.6193809e+00   1.2367316e+00   9.7020898e-01  -5.2330263e+00   3.9395881e+00  -3.2596851e+00  -1.5881735e+00  -3.6548599e+00   3.7142561e+00  -2.2025294e+00   3.1391859e-01  -7.1187243e-01  -1.0982123e+00  -4.4359161e-01
   1.2021641e+01  -7.3810751e+00   1.9050432e+01  -2.5252841e+01   2.1197209e+01  -1.4323101e+00   6.6999595e+00   9.3699242e-02   3.5843513e+00   2.3217766e+00  -2.1608567e+00   4.4144194e-01   2.7555906e+00  -2.0171790e+00   6.7831096e-01   2.7949706e+00  -5.0749320e+00   3.0644306e-01   4.9230110e+00  -1.7611254e+00  -1.2898358e-01  -1.4362662e-01   9.5814797e-01  -6.8346112e-01
   1.3064843e+01  -7.2264055e+00   1.8151122e+01  -2.5832070e+01   1.7802359e+01  -5.2507522e+00   5.1111230e+00  -4.4774860e-01   9.0364728e-01   8.8977532e-01  -2.5850080e+00   5.4826833e-04   2.4733301e+00   3.0866346e+00  -2.2482491e+00   6.9769653e+00  -3.7351043e+00   8.9259618e-01   7.8250203e+00  -1.3165820e-01   1.0399935e-01   7.6235181e-01   1.4223973e+00  -8.6966634e-01
   1.3301096e+01  -6.8254434e+00   1.7489904e+01  -2.1789392e+01   2.1130972e+01  -1.0058591e-01   9.3327412e+00  -5.0534567e-01   1.9314807e+00   1.9677447e+00  -9.1630211e-01   2.3266993e-01   1.0640458e+00   2.9501528e+00  -2.7629350e-01   4.6262145e+00  -4.1914174e-01  -2.4655446e+00   6.8058691e+00  -1.0601473e+00   4.4693566e-01  -7.7457910e-01   2.4018046e-01  -2.5114897e-01
   1.4170778e+01  -2.6604086e+00   1.7698653e+01  -1.8677772e+01   1.9331834e+01  -4.7351355e+00   1.6194097e+01  -1.0145537e+00   2.3317430e+00   2.3064510e+00  -1.1080622e+00   3.6618086e-02   8.8946627e-02   2.6583153e+00   8.5506680e-01   1.9039757e+00   8.5946537e-01  -1.5317933e+00   3.6257759e+00  -1.8628199e+00   9.7711929e-01  -1.0038829e+00  -2.8465484e-01   5.3685334e-01
   1.3064742e+01  -5.2388444e+00   1.8862227e+01  -2.1890668e+01   1.9803759e+01  -5.3884354e+00   1.1367276e+01  -1.2131192e+00   3.5407069e+00   4.5157006e-01  -2.5390589e+00   4.6683578e-02   4.7021525e-01   1.7822984e+00  -1.8257123e+00  -3.8067617e+00  -1.4809688e+00  -1.9657185e+00  -3.6447047e+00  -6.9422526e-01  -1.4015406e+00  -1.3034171e+00  -1.1086874e+00   3.0681702e-01
   1.3316439e+01  -4.0322321e+00   1.8747561e+01  -2.2925468e+01   1.9755163e+01  -4.9045174e+00   9.5325193e+00  -2.8880917e+00   1.5647131e+00   1.4203824e-01  -2.2006118e+00   8.9882146e-01  -7.4661603e-01   7.8348109e-01  -2.2692330e+00  -1.4802070e+00  -1.4671409e-01   2.0662782e+00  -8.1242331e+00  -2.2203466e-01  -1.2605163e+00   9.4083348e-02  -4.8329930e-01   4.3870367e-01
   1.4433588e+01  -3.4660841e+00   1.4226881e+01  -2.5375687e+01   1.8697854e+01  -2.9644726e+00   7.1964728e+00  -6.0991457e-01   2.1268467e-01   1.0948255e+00  -2.0330584e+00   2.6179378e-01  -1.4997039e+00   4.6451089e+00  -1.7541176e+00   8.0116046e+00  -2.0958711e+00   4.2171914e+00  -4.8409356e+00  -2.2194858e-01  -7.5124773e-01   1.6098705e+00   2.9254453e-01   3.0219112e-01
   1.2366431e+01  -2.3715671e+00   1.6612476e+01  -1.9155574e+01   1.9664715e+01  -2.8476995e+00   6.0931488e+00  -1.6492080e+00   2.1049796e+00   2.1259483e+00  -2.0860115e+00   5.8711850e-01  -2.9564036e+00   2.0980861e+00   2.6171380e+00   7.9980556e+00  -3.1106734e-01   2.0066647e+00  -3.1340592e+00   2.0379999e+00   2.3528993e+00   1.1148686e+00  -2.0413033e-01  -1.5529770e-01
   1.1290191e+01   8.9848645e-01   1.7298592e+01  -1.1758209e+01   1.6705176e+01  -9.1057199e-02   5.8255582e+00  -2.1654839e+00   2.1437020e+00   1.8744208e+00  -2.1575423e+00   6.5582174e-01  -2.3730005e+00  -1.7675727e+00   6.1017147e+00   3.7030936e+00   4.4737920e+00  -2.4654163e+00   3.4777539e-01   2.2049314e+00   2.6003619e+00  -4.5978285e-01   5.3662816e-01   3.3371376e-01
   1.0453533e+01  -3.0673882e+00   2.1137412e+01  -1.7737124e+01   2.0284901e+01  -3.3312282e+00   5.5168879e+00   9.4669284e-01   4.1285534e+00   1.4245435e+00  -2.4445654e+00   4.6886092e-01   1.3427113e+00  -3.0789916e+00   8.0656500e-01  -8.1353424e+00   1.6423979e+00  -5.1898811e+00  -1.8736525e+00   1.3588032e+00   3.6896447e-01  -9.5025607e-01   1.4037249e+00   1.2527964e-02
   1.1830536e+01  -5.7695326e+00   2.1116985e+01  -2.0530271e+01   2.5098449e+01  -6.4208327e+00   8.0062663e+00   1.3995321e+00   3.1014406e+00   7.5585365e-01  -1.0488392e+00   8.2149321e-01   3.3125430e+00  -1.9233091e+00  -1.3305611e+00  -1.1296286e+01  -9.3204190e-01  -7.9451664e+00  -4.2404849e+00   6.0748113e-01   1.8717376e+00  -4.1164786e-01   2.0927097e+00  -1.0782960e-01
   1.4110325e+01  -3.6560451e+00   1.5913127e+01  -2.6972556e+01   1.7931676e+01  -7.4676334e+00   2.1923159e+00  -1.3935112e+00   2.1795570e+00   1.2598478e+00  -5.3477572e-01   5.2307471e-01   3.6928863e+00   2.9987005e+00  -1.0604517e+00  -1.2140136e+00  -1.9979536e+00  -2.1725292e+00  -1.4693321e+00  -1.8989098e+00   2.1214869e+00  -1.8139262e+00   1.5418024e+00  -2.2781679e-01
   1.4430609e+01  -1.6921487e+00   1.7914893e+01  -2.4084922e+01   1.6483726e+01  -9.9406042e+00   1.1271168e+00  -8.4160215e-02   5.9258067e+00   1.3392968e+00   2.6627340e-02   4.6697045e-01   1.6580113e+00   2.6240104e+00   1.9772310e+00   3.7207681e+00  -9.4956723e-01   1.6212334e+00   1.0405529e+00  -2.1794824e+00   2.2494352e+00  -1.6497772e+00   3.5627020e-01  -3.0651229e-01
   1.4692826e+01  -6.0802942e-01   2.1147781e+01  -1.7780819e+01   2.1595332e+01  -4.8301362e+00   6.7524645e+00  -1.1598258e+00   5.8986008e+00  -1.5880675e+00  -6.6959506e-01   3.0439712e-01  -4.1609258e-01  -9.8520538e-01   3.8585909e+00   7.9505660e+00   5.3703179e+00   1.8485027e+00   6.2164017e+00  -1.2157147e+00   3.9375090e-02  -1.3145250e+00  -9.1514261e-01  -2.3043799e-02
   1.4026303e+01  -3.3575248e+00   2.1465505e+01  -1.9544988e+01   2.1842270e+01  -5.3077312e+00   7.2870214e+00  -1.9865342e+00   4.6160716e+00  -2.9485450e-01  -4.4702421e-01   4.7106356e-01  -1.0059763e+00  -4.2640511e+00  -1.6894984e+00   6.7749033e-01   4.0350680e+00   7.3887544e-01   1.3566249e+00  -1.1136316e+00  -2.2055215e+00   1.2672622e+00  -9.1856145e-01  -8.9125362e-02
   1.3688339e+01  -4.3011651e+00   1.9925708e+01  -1.7316674e+01   2.3307881e+01  -7.0113158e+00   8.4369662e+00  -2.2658962e+00   2.8934872e+00   1.0513592e-01  -1.6706639e+00   4.8646245e-01  -1.4901855e+00  -2.4018705e+00  -4.8735248e+00  -5.9970616e+00  -9.0032791e-01  -1.6650065e+00  -1.3058088e+00   5.0194720e-01  -4.8551551e-01   3.5134806e+00  -7.0548015e-01   8.2725414e-02
   1.3423888e+01  -6.2416575e+00   1.5991682e+01  -2.3300759e+01   2.1680054e+01  -7.7417012e+00   2.3198033e+00  -1.2015724e+00   4.1200812e+00   2.3935884e+00  -8.5068043e-01   2.4224974e-01  -1.4064621e+00   5.3013568e+00  -6.4796852e+00   9.3281264e-02  -1.5742054e+00   3.5274180e+00   8.7439225e-01   1.2595027e+00  -5.6963345e-02   2.2521130e+00  -1.7689841e+00   6.0797559e-02
   1.2758755e+01  -2.7687688e+00   1.6574405e+01  -2.4898526e+01   2.0325949e+01  -6.1106610e+00   7.2773604e+00  -7.9938586e-01   5.4183227e+00   2.3379320e+00  -1.5259872e+00   5.4289215e-01  -1.3305571e+00   7.2292410e+00  -3.3178582e+00   2.9839385e+00  -2.5967554e+00   5.5405729e+00  -2.9047931e-01  -1.2574124e-01   5.8963819e-01   1.5844077e+00  -1.5918105e+00   1.6716689e-01
   1.2381402e+01   3.8283123e+00   1.3421629e+01  -1.5614140e+01   2.0971928e+01  -4.6693160e-01   9.1784127e+00  -8.3053532e-01   3.2682088e+00   1.9669170e+00  -3.1728387e+00   5.3404505e-01  -1.1378743e+00   3.0109323e+00   3.2451956e+00   6.6178793e+00   2.6651099e+00   3.6434991e+00   2.6335535e+00  -1.1223733e+00  -6.4949514e-01  -1.0100604e+00  -1.7195149e+00   8.0360444e-02
   1.2213746e+01   1.5077115e+00   1.6233947e+01  -1.6684076e+01   1.9766810e+01  -2.3378412e+00   4.5719426e+00  -2.6400266e+00   4.2038807e+00   2.6950831e+00  -2.8973005e+00   5.9131512e-01  -1.4267552e-01  -5.3432970e+00   1.6522308e+00   1.6423251e+00   2.4118231e+00   5.9454131e-01  -1.3770924e+00  -1.0461133e+00  -2.5394442e+00  -8.3166067e-01  -9.6365383e-02  -1.2802564e-02
   1.1989581e+01  -3.8634992e+00   2.1029705e+01  -1.7481165e+01   2.5957288e+01  -4.1628625e+00   7.6228424e+00  -1.9648119e+00   3.7530595e+00   6.9992223e-01  -2.7442962e+00   3.3857892e-01   1.5214971e+00  -8.1955770e+00   1.5843877e-02  -4.9040744e+00   9.7001789e-01  -1.5179595e+00  -1.8509173e+00  -8.0333459e-01   3.8722267e-01  -1.0662884e+00   1.7456505e+00   8.5443861e-02
   1.2740653e+01  -6.9378085e+00   1.5248713e+01  -2.1501526e+01   2.1451003e+01  -3.3708835e+00   5.9895069e+00  -1.8014175e+00   1.3667311e+00   1.7239384e+00  -1.8848065e+00   6.2142137e-01   1.1074451e+00   2.1867382e+00  -1.1299735e+00   1.7947891e+00  -2.1965067e+00  -9.0376271e-01  -7.1367827e-01   2.8380273e+00   6.1267051e-01  -1.9357350e+00   9.6243465e-01  -2.2625146e-03
   1.4400194e+01  -4.2422932e+00   1.3938011e+01  -2.0561527e+01   2.1584859e+01  -2.2273497e+00   5.6932545e+00  -2.4548417e+00   5.2676176e+00   8.5305683e-01  -1.0606099e+00   6.4715772e-01   4.3809156e-01   7.8819310e+00  -2.2844976e+00   5.7345933e+00  -4.2777963e+00  -7.9086528e-01   2.0815185e-01   3.2441598e+00   2.4027889e-01  -1.6911836e+00  -4.5787070e-01   2.6451461e-01
   1.2669607e+01   4.9772158e+00   1.8084834e+01  -1.2451711e+01   1.8658265e+01  -4.6612417e+00   4.4662191e+00   1.8620293e+00   4.3656074e+00  -2.8508674e-01  -2.2954916e+00   4.3363195e-01  -6.6798539e-01   3.8726133e+00   3.3964289e+00   3.5243390e+00   2.1241252e+00   2.5249388e+00   2.0883672e+00   1.5963706e+00   2.3037071e+00  -1.8135602e+00  -1.0922150e+00   1.3824314e-01
   1.2682241e+01   2.0018852e+00   1.6184898e+01  -1.3404182e+01   2.0936963e+01  -4.7039813e+00   8.6967141e+00   1.0697043e+00   2.6140397e+00  -8.3234059e-01  -3.2257597e+00   8.2924555e-01  -4.7253818e-01  -3.0619379e+00   4.1191361e+00  -3.7724582e+00   1.1661058e+00   2.4113035e-01   1.3896989e+00   1.7796244e+00  -5.3714972e-03  -9.5888225e-01  -1.0605632e+00  -3.7406152e-01
   1.2597651e+01  -4.2509778e+00   1.9219913e+01  -1.9793689e+01   2.4961139e+01   1.6548404e+00   7.6203279e+00  -1.1691346e+00   6.1490807e+00  -1.5370317e-01  -2.4405541e+00   7.3774217e-01   6.2228715e-01  -3.5966274e+00   3.2881441e-01  -1.0290274e+01   6.4190375e-01  -7.1691661e-01   2.0338521e+00  -5.9118670e-02  -1.2020720e+00   2.6194153e-01  -1.0767116e-01  -3.3466457e-01
   1.3727365e+01  -4.2211033e+00   1.9549176e+01  -2.2549225e+01   2.0182580e+01  -5.0236952e+00   6.2007485e+00   1.7301769e+00   4.3678237e+00  -6.5095833e-01  -2.5789234e+00  -6.5989673e-02  -5.9119340e-01   6.1709781e+00  -3.7393163e+00  -3.2956743e+00  -2.4317508e+00   2.8424458e+00  -1.1102085e-01   1.5737869e+00  -2.0218448e+00   3.4521487e-01   3.0600308e-01   5.8117856e-02
   1.3080476e+01   2.6937689e+00   1.6895917e+01  -2.3314601e+01   1.9998312e+01  -5.5767597e+00   8.7649800e+00   1.4431150e+00   1.6856073e+00   1.7134425e-02  -2.7804165e+00   3.7925271e-01  -7.5320061e-01   1.0831337e+01  -6.6633925e+00   6.4383229e+00  -4.0509163e+00   2.3493944e+00  -6.8352707e-01   2.1361454e+00  -3.6373595e+00   2.4307418e-01   2.3617448e-01   1.9606052e-01
   1.1554038e+01   7.7859790e+00   1.1737922e+01  -1.6587237e+01   1.9770750e+01   3.1754874e+00   7.9578568e+00   2.1242598e+00   1.8130091e+00  -3.9993708e-01  -2.5968239e+00   1.0956671e+00  -8.3420673e-01   5.9992520e-01  -1.1340205e+00   7.6292707e+00   2.6924069e+00   3.3653856e+00  -1.1976692e+00  -1.5081499e+00   2.1576893e+00   4.9156894e-01   3.0949322e-01   2.2212932e-01
   1.2554514e+01   5.9924860e+00   1.3130451e+01  -1.3117199e+01   1.9090680e+01   1.0793407e+00   5.7164832e+00   1.8380419e+00   1.9704487e+00   8.5397474e-02  -2.0773422e+00   4.5100458e-01   1.0875814e+00  -7.7857516e+00   3.2989812e+00   8.1465605e-02   2.5222482e+00  -3.7656785e+00  -3.6472509e+00  -3.6620856e+00   3.1711415e+00   9.8537294e-01   6.7039651e-01  -1.6930529e-01
   1.2739036e+01  -4.9705740e+00   1.9730878e+01  -1.6204020e+01   2.4675007e+01  -3.3036670e+00   5.9284931e+00  -7.2951139e-01   7.4619370e+00   5.2263550e-02  -2.4662207e+00   2.3132838e-01   1.6518760e+00  -8.1000989e+00   5.8322951e+00  -8.8710232e+00   1.3839206e+00  -7.6621063e+00  -2.4365946e+00  -4.0266890e+00   1.9576307e+00   1.7550642e+00   1.6083632e+00  -2.5997884e-01
   1.4119349e+01  -2.6065820e+00   1.7847911e+01  -2.3384012e+01   2.1329556e+01  -7.9857002e+00   4.3087856e+00  -2.6231277e+00   3.6178557e+00   1.2690935e+00  -1.8401233e+00   5.5746412e-01   9.8299327e-01   1.4699443e+00   1.2228928e+00  -5.0117696e+00   1.4081984e+00   5.5386123e-01   3.2164415e+00  -1.4139635e+00  -1.8932274e+00   3.3164995e-01   1.2197221e+00  -2.7281590e-02
   1.3249435e+01  -6.4635344e-02   1.8127635e+01  -2.4760366e+01   2.0727193e+01  -3.7851516e+00   5.0068136e+00  -1.6851889e+00   3.9257516e+00   1.6408111e+00  -3.0288846e-01   6.5246904e-01   6.8418638e-01   9.6317852e+00  -3.0499234e+00   4.6394185e+00  -3.2718890e-01   3.7662318e+00   4.2789102e+00   2.6869793e+00  -3.4542532e+00  -1.3836291e+00  -1.4900261e-01  -1.7324096e-01
   1.3773804e+01   5.7444331e+00   1.5766412e+01  -1.6356680e+01   2.3176884e+01   2.1508749e+00   1.1001985e+01   1.9493548e-01   8.9870024e-01  -2.1140140e-01  -1.3294251e+00   1.9951187e-01  -6.3832401e-01   2.4996187e+00   1.6162625e+00   6.1594290e+00  -3.8052614e-03   5.3749686e+00   5.0541647e+00   2.4624863e+00   2.5758329e+00  -2.4735511e+00  -2.0643488e+00  -1.3781952e-01
   1.3938088e+01   5.3015962e+00   1.6196742e+01  -1.2758558e+01   2.3260559e+01  -2.7226069e+00   9.0002587e+00   1.8919260e+00   3.6401349e+00  -1.2829327e+00  -2.9450737e+00   1.5044306e-01   3.0433424e-01  -2.5799328e+00   2.3548262e+00   2.3215626e+00  -3.9171539e+00  -3.1911861e+00  -2.7205377e+00  -1.4191073e+00   4.9839706e+00  -1.8801765e+00  -2.9107848e+00  -3.0419663e-02
   1.2817536e+01  -1.5402697e+00   2.1237751e+01  -2.0145772e+01   2.0057165e+01  -4.5451963e-01   9.8933101e+00  -7.1795576e-01   7.6244134e+00  -9.7936124e-01  -3.6155538e+00   6.0174782e-01   1.2721591e-01  -4.7945644e+00   1.2431407e+00  -3.6298800e+00  -2.7617337e+00  -8.1500418e+00  -8.9887586e+00  -2.0134575e+00   5.4754559e+00   9.9266611e-02  -1.0672469e+00   1.8907612e-01
   1.4184070e+01  -2.9218308e-01   1.8924205e+01  -1.9383476e+01   1.6411322e+01  -7.2692335e+00   1.4803446e+00  -3.3574041e+00   8.0388510e+00  -7.9547372e-01  -3.5260013e+00   4.0572157e-01  -3.0257131e-01   4.3829010e-02   3.9254459e-01  -1.1941331e+00  -1.2709720e+00   2.5672933e+00  -2.4933848e+00   6.7107476e-02   4.4966385e-01  -1.2083370e+00  -4.1082965e-02   2.8055772e-01
   1.3841637e+01   1.3494762e+00   1.6267391e+01  -1.8489041e+01   2.2458903e+01  -7.8008745e+00   1.2788043e+00  -2.0058566e-01   6.9125260e+00  -3.0623095e-01  -2.6398318e+00   3.5548680e-01   7.4365852e-01   5.7049697e+00  -2.4167372e+00   5.6055290e+00   1.3194425e-01   8.9800724e+00   1.7686544e+00   2.4513433e+00  -3.2358346e+00  -3.3329348e+00   6.3935459e-01   1.8800652e-02
   1.2972181e+01   3.9224668e+00   1.9270739e+01  -1.5378123e+01   2.0153232e+01   4.8015105e+00   9.5674344e+00   1.7339022e+00   4.6705744e+00  -3.4320032e+00  -3.4945592e+00   6.9441016e-01  -3.0201705e-01   2.7410479e-01  -9.0146137e-01   1.1441871e+00   5.1369531e+00   1.1553511e+01   6.4346782e+00   4.0591679e+00  -1.7204960e+00  -2.9477325e+00   5.7110889e-01  -5.1014639e-02
   1.4538969e+01   4.9098599e+00   1.7439378e+01  -1.3740155e+01   1.8384126e+01   6.9802169e+00   8.5027468e+00   4.1340606e-01   4.4547998e+00  -4.6604987e+00  -2.6722430e+00   4.8560450e-01   1.7376282e+00  -2.9567628e+00  -2.4922714e+00  -4.1847149e+00  -5.3252176e-01   3.5054730e+00  -8.7143020e-01  -1.6707623e+00  -9.3991689e-02  -1.3131568e+00   6.0085428e-01  -5.4215607e-02
   1.3382379e+01  -1.6612177e+00   1.6986019e+01  -2.0041639e+01   2.6154140e+01   2.6704875e+00   7.5203906e+00   2.4243518e+00   6.6869701e+00  -3.0399385e+00  -2.6531324e+00   2.6414076e-01   2.8600778e+00  -4.2783180e+00  -5.4484366e+00  -5.9379110e+00  -2.6557217e+00  -6.6690988e+00  -6.0154613e+00  -4.3934540e+00   7.3770906e-01   3.4406937e+00   2.0186527e+00  -3.7846206e-01
   1.6242980e+01  -2.9382575e-01   1.3671344e+01  -2.2434356e+01   1.8659666e+01  -1.4771534e+00   9.9518094e-01  -3.0519540e+00   5.7633405e+00  -2.4719985e+00  -2.1592638e+00   4.8929809e-01   6.3712561e-01   2.2876328e-01  -2.8555640e+00   2.8029414e+00  -5.2692062e+00  -2.0704573e+00  -1.5168463e+00  -1.6834292e+00  -3.4235483e-01   2.5347929e+00   7.7599122e-01  -1.8552230e-01
   1.6410292e+01   1.0683264e-01   1.2982101e+01  -1.9937889e+01   1.6031880e+01  -9.7345247e-01   4.2980254e+00  -3.1235988e+00   5.1228676e+00   6.3478715e-01  -7.2306974e-01   1.2487027e-01  -1.1120370e-01   6.5891718e+00  -6.7970051e-01   1.3032486e+01  -7.5598492e+00   4.6333726e+00   3.7062378e+00  -2.9357074e-01  -1.8551448e+00  -2.0450400e-01  -5.1002841e-01  -3.0121749e-01
   1.3980701e+01   4.3689796e+00   1.5157991e+01  -9.5876176e+00   1.5541447e+01   5.6965009e+00   7.8386600e+00   6.6223759e-01   4.7233188e+00  -2.6956722e+00  -2.4732875e+00   2.7695629e-01  -2.2151864e+00   2.1354381e+00   3.6514266e+00   9.9763373e+00   2.5815384e+00   3.9796634e+00   7.9791710e+00   2.5750244e+00   1.3240341e-01  -4.0087452e-01  -1.5497116e+00  -3.0338615e-01
   1.4346713e+01   5.8911372e+00   1.5223145e+01  -6.9162790e+00   1.6373476e+01   6.0337192e+00   9.6580078e+00   1.2689991e-01   4.4242638e+00  -3.2348577e+00  -3.2611631e+00  -8.1514578e-02  -2.3173672e+00  -1.6405613e+00   5.5285773e+00   9.1327631e-01   5.6172537e+00  -4.4867993e+00   1.3349672e+00   8.1443218e-01  -2.4272206e-01  -2.6824391e-01  -1.7702696e+00   3.0213851e-01
   1.3951990e+01   1.7179156e-02   1.8027962e+01  -1.3980655e+01   2.2361176e+01   9.8875592e-01   1.0283946e+01  -8.1466678e-01   6.3112476e+00  -1.1384879e+00  -3.2147845e+00   1.3741129e-01  -7.7851718e-02  -2.3448910e+00   3.3330180e+00  -8.2188731e+00   5.3861623e+00  -1.2075909e+01  -3.5473439e+00  -3.1036602e+00   1.6183653e+00   3.3947996e+00   8.8756269e-01   4.0380340e-01
   1.2948596e+01  -1.7810911e-01   1.9839982e+01  -1.6371456e+01   2.1047896e+01  -5.3497789e+00   5.0778331e+00  -1.1634983e+00   3.9648201e+00  -5.4617090e-01  -3.0077257e+00   6.4785054e-01   1.1508291e+00   1.1101592e+00   2.8547433e+00  -8.9608757e+00   1.2435390e+00  -6.5155532e+00   5.3379194e-01  -1.4226449e+00   2.6425248e+00   1.0625133e+00   1.1801700e+00   2.9218323e-01
   1.4562982e+01   3.8862664e+00   1.7849100e+01  -1.7188339e+01   2.1283480e+01  -6.7256134e+00   4.8077315e+00  -3.3480536e+00   7.3805885e+00   1.0521837e+00  -1.2686622e+00   5.1797883e-01   2.3355539e+00   5.0448200e+00  -1.2040113e-01  -5.8613301e-01  -1.5115516e+00   5.1413886e+00   7.0880037e+00  -9.8649285e-01   1.3192028e-01  -3.0463393e+00  -5.8058748e-02  -4.8233386e-01
   1.5767461e+01   5.6218324e+00   1.9594691e+01  -1.8753751e+01   1.8777632e+01   1.1757409e-01   1.3196803e+01  -7.4037409e-01   7.8533805e+00  -2.7364235e+00  -2.4639693e+00   1.6647650e-01   1.6023577e+00   1.2052461e+00  -3.5658542e+00   2.9323654e+00   2.6788893e+00   8.3673869e+00   1.1368513e+01  -1.2406510e+00  -1.2014957e+00  -2.7709655e+00  -1.2667901e+00  -5.9770217e-01
   1.6045889e+01   4.6844385e+00   1.7970006e+01  -1.3668707e+01   2.1228980e+01   5.9671623e+00   1.6856467e+01  -2.5059682e+00   4.5648478e+00  -4.6128705e+00  -3.5737508e+00  -3.4540247e-01  -9.2369746e-01  -4.6394034e+00  -4.3216891e+00   2.7916515e+00   3.5695385e+00   3.3593139e+00   5.4239926e+00  -1.1094453e+00  -3.6916935e+00  -1.0599350e+00  -1.5614265e+00   3.3822437e-01
   1.4610679e+01   1.2306740e+00   1.4430747e+01  -1.3732724e+01   2.5093479e+01   8.5491368e-01   1.6106235e+01  -3.4455175e+00   3.5704469e+00  -1.8700920e+00  -3.7553666e+00   1.8298794e-01  -8.6476652e-01  -3.7781170e+00  -5.6153873e+00   5.3692783e-01   1.7618068e+00  -4.7731729e+00  -7.3756963e+00  -2.0695147e+00   3.5895465e-01   2.5824277e+00   4.5517821e-01   5.8868591e-01
   1.3755826e+01  -8.7725946e-01   1.3948538e+01  -1.5511375e+01   2.3479864e+01  -2.0553124e+00   1.1489005e+01  -3.6596498e+00   3.9845151e+00  -9.7088460e-01  -2.9651033e+00   1.0170597e+00   5.5135759e-01   7.7681629e-01  -1.1100909e+00  -3.4215359e+00  -6.7183605e-01  -3.2560820e+00  -8.8044291e+00  -1.0508121e+00   3.8981498e+00   1.5323639e+00   7.4162813e-01   4.5641616e-01
   1.5615342e+01   2.7355059e+00   1.3182344e+01  -1.7027025e+01   2.0294900e+01  -3.0309480e+00   4.8169898e+00  -3.2678053e+00   8.6819788e+00  -6.8377486e-01  -2.0855257e+00   3.6827429e-01   1.9840032e+00   5.6432195e+00   2.8386414e+00  -1.6471818e+00  -7.8839406e-01   4.0137339e+00  -2.6449264e+00  -8.5718072e-01   3.1369008e+00  -1.7533796e+00  -2.0254285e-01  -5.2251521e-01
   1.6370594e+01   5.0972469e+00   1.6929071e+01  -1.7153861e+01   2.2620516e+01   3.0259701e+00   9.2944457e+00  -4.1710424e+00   7.8563065e+00  -2.9074832e+00  -3.2962291e+00   2.4657860e-01  -4.8906438e-01   3.4921825e+00   5.5276435e+00  -2.5161458e+00   2.4299578e+00   8.1746093e+00   4.3993822e+00  -7.4110315e-01   8.8815445e-01  -2.3925123e+00  -1.6075785e+00  -8.8780380e-01
   1.6279300e+01   6.7082501e+00   1.7198443e+01  -1.5382254e+01   2.4340563e+01   4.3348732e+00   1.3236125e+01  -4.4755923e+00   6.3399023e+00  -3.5318621e+00  -3.8936180e+00  -2.1554433e-01  -4.0009260e+00  -2.6603289e+00   4.9346097e+00  -4.9657165e+00   3.6148100e+00   4.5540752e+00   5.2568096e+00  -2.1084188e+00  -3.1109842e+00  -1.3374470e-01  -1.2249867e+00   1.6416965e-01
   1.2690251e+01   2.3746422e+00   2.0231954e+01  -2.0107979e+01   2.5101970e+01   6.5236910e+00   1.3878510e+01  -4.1674111e+00   6.4877850e+00  -3.1356095e+00  -4.4724250e+00  -2.2736730e-02  -3.4123741e+00  -4.9139900e+00  -3.8237248e-01   8.6537398e-02  -9.3386410e-02  -3.4059414e+00  -2.9923106e-01  -2.5136463e+00  -3.8564554e+00   2.5612109e+00   1.2340139e+00   5.5819526e-01
   1.1454125e+01   1.0631491e-01   1.8932817e+01  -2.2998540e+01   2.4476388e+01   2.0513044e+00   1.0410172e+01  -6.4322492e+00   4.6997633e+00  -7.7032875e-01  -3.3349079e+00   7.4918642e-01  -2.7244766e-01  -2.0671440e+00  -4.4217064e-01   2.4259988e+00  -3.2972571e+00  -3.0121569e+00  -1.9428187e+00  -1.8837624e+00  -1.6378975e+00   1.2061920e+00   9.6573839e-01   5.8438317e-01
   1.3664620e+01   1.0272296e+00   1.5488326e+01  -1.3215911e+01   2.2412523e+01  -9.4115763e-01   1.0258576e+01  -6.9631835e+00   2.8916929e+00  -4.4643346e-01  -1.7245633e+00   6.0150611e-01   3.6022401e+00   4.5133205e+00  -1.0976737e+00   5.9483933e+00  -3.7793164e+00   1.7221021e+00   2.8419265e-01  -1.8655480e+00  -1.5217252e+00  -2.1532223e+00   8.0730807e-02  -1.6836547e-01
   1.5383444e+01   4.2812404e+00   1.8907001e+01  -1.5189290e+01   2.0739400e+01   3.5490622e+00   1.2131864e+01  -5.9033497e+00   5.6811022e+00  -3.0671620e+00  -3.8189412e+00   3.4890900e-01   2.5991460e+00   4.0853360e+00   2.7220198e+00   5.4166911e+00  -7.7152215e-01   7.7449321e+00   3.0149167e+00  -1.0419524e+00  -1.5465016e+00  -3.1221675e+00  -1.2529348e+00  -5.3781066e-01
   1.6128951e+01   7.0571602e+00   1.8598351e+01  -1.5090015e+01   2.1301489e+01   8.3579652e+00   1.3443953e+01  -7.2301829e+00   3.7145278e+00  -5.2170263e+00  -4.1093121e+00  -7.5146225e-02  -1.5394750e+00  -1.1015396e+00   7.7063275e+00   1.6242236e+00   3.3560815e+00   3.2881120e+00   4.5329075e-01  -1.1755059e+00  -5.0676618e-01   6.6590066e-01  -1.0555107e+00  -4.6364881e-02
   1.4120678e+01   3.2193536e+00   2.1460834e+01  -1.3936452e+01   2.3874622e+01   9.0191411e+00   1.3339858e+01  -7.8616780e+00   1.9685935e+00  -3.0682836e+00  -4.0219357e+00   2.8079661e-01  -3.3220097e+00  -2.8710879e+00   5.9502327e+00   4.6771668e+00   3.4951323e+00  -5.9960871e+00  -3.0809615e+00  -7.6105815e-01  -3.2743213e-01   3.5010000e+00   1.6200749e+00   2.2139896e-01
   1.1986791e+01  -9.4136488e-02   2.5770900e+01  -1.1405995e+01   2.5879034e+01   1.2559709e+00   1.0334515e+01  -7.7472782e+00   3.9877980e+00   5.5297832e-01  -3.2063322e+00   5.6601498e-01  -2.2908728e+00  -2.1912453e+00   3.6987358e+00   1.3012396e+00   2.9446911e-01  -6.1168451e+00  -5.5868935e+00  -1.9388523e-01   3.5338810e+00   2.5312036e+00   1.2361228e+00   5.2326474e-01
   1.2471510e+01   3.5502569e+00   2.4246075e+01  -1.0015549e+01   2.3693326e+01  -1.8940713e+00   9.0651411e+00  -6.7863892e+00   5.0533189e+00  -7.0066438e-01  -1.8403189e+00   3.6042683e-01   8.8890799e-01   4.6361658e-01  -1.0466158e+00   9.5788453e-01  -1.5945877e-01  -2.2660629e+00  -4.7019503e+00  -6.2957617e-01   2.3262197e+00  -1.6443150e+00   5.2007471e-01  -1.1317567e-01
   1.3517226e+01   3.6048407e+00   2.2753834e+01  -1.5098607e+01   2.1833841e+01   4.6393038e+00   7.2009716e+00  -8.0586551e+00   7.4729866e+00  -2.6040305e+00  -3.3459363e+00   6.6993578e-01   1.4142377e+00  -6.2233914e-01  -4.2728649e+00  -2.2582938e+00   4.6526803e+00   4.5597387e+00  -1.0858809e+00  -5.9833288e-01  -1.1578785e+00  -2.7302216e+00  -6.0781274e-01  -5.5672207e-01
   1.4688822e+01   2.0652899e+00   2.1399443e+01  -1.0653319e+01   2.5658031e+01   3.9283803e+00   7.8537040e+00  -8.6503538e+00   3.7153287e+00  -3.9562517e+00  -3.1720216e+00   5.9072713e-02  -6.0350983e-01  -2.9622942e+00  -2.4869995e+00  -2.9766273e+00   7.1109227e+00   1.8930011e+00   2.7823052e+00  -8.4429629e-01  -3.6665279e+00  -8.1514676e-01  -1.0237517e+00  -1.4617665e-01
   1.2999491e+01  -2.8516172e-01   2.0784919e+01  -1.4474551e+01   3.1875702e+01   5.1843531e+00   9.3114119e+00  -7.7127952e+00   2.9199754e+00  -1.9145604e+00  -3.4522000e+00  -1.1839106e-01  -2.0508834e+00  -2.0032824e+00  -2.1203157e+00  -2.8124850e+00   5.1882140e+00  -2.3135133e+00   5.0065221e+00   1.3929605e+00  -1.5990164e+00   2.1855608e+00   6.2863870e-01   1.0748453e-01
   1.1825113e+01   1.0518168e+00   2.1500034e+01  -1.4792518e+01   2.9338779e+01   6.7290569e-01   1.2183379e+01  -8.2257636e+00   1.8300326e+00  -2.2681196e+00  -3.3228146e+00   5.3532527e-01  -1.8592404e+00  -2.0794233e+00  -2.7105764e+00  -3.5566130e+00  -1.4071766e+00   2.6899302e+00   4.3628829e+00   2.0296975e+00   1.6143508e+00   3.5435019e+00   1.3745935e+00   5.1307243e-01
   1.1872756e+01   1.1066536e+00   1.9523065e+01  -1.7247734e+01   2.7775788e+01   2.7967712e+00   1.2545917e+01  -6.1815094e+00   6.0171100e+00  -1.6975530e-01  -2.3275818e+00   5.9303629e-01  -1.2505550e-01  -2.9305763e+00  -5.6383693e+00  -1.5186145e+00  -6.5966298e+00   4.0425733e+00   1.0380143e+00   9.0321255e-01  -3.2834100e-01   2.5996300e+00   9.7538695e-01   3.5680684e-01
   1.2463329e+01  -1.7497527e+00   1.7964506e+01  -1.4601647e+01   2.5597223e+01   9.1570666e+00   1.2780776e+01  -6.3714505e+00   4.5882875e+00   4.8659866e-01  -1.6724405e+00   4.7296769e-01   1.1673521e+00  -2.2117860e+00  -4.0113091e+00  -9.9215703e-01  -6.0032375e+00   2.2666829e+00  -2.3248913e+00  -1.1563362e+00  -3.3313898e+00   1.0021848e+00  -4.0672729e-01  -3.5374305e-01
   1.2492799e+01  -3.2802415e+00   1.4095129e+01  -1.6847908e+01   2.3851536e+01   7.0061327e+00   1.0569735e+01  -7.2851329e+00   1.0483364e+00   6.0752546e-01  -2.8143066e+00   4.4799799e-01   9.8811864e-01  -4.8917060e-01  -7.3955724e-01   3.0333124e+00  -1.8812345e+00  -5.2765402e+00  -2.9278802e+00  -2.5336344e+00  -5.9921707e+00  -2.0642713e+00  -1.6548767e+00  -2.1613655e-01
   1.3266119e+01  -7.2414644e-02   1.8197038e+01  -1.6480667e+01   2.2296049e+01   1.9682493e+00   9.6841330e+00  -9.4084562e+00  -6.8266527e-01  -1.1534827e+00  -3.6895431e+00   7.7229845e-02   4.4750143e-01   2.8166650e+00   2.5628233e+00   2.3117404e+00  -2.5427164e+00  -1.0355312e+01  -2.3737674e+00   1.2196972e-01  -9.4931549e-01  -2.0350165e+00  -8.7462510e-01   5.2161740e-02
   1.2953539e+01  -4.6577134e-01   1.8297463e+01  -1.1758256e+01   2.6604523e+01  -1.5236305e+00   9.7024184e+00  -8.4634581e+00  -3.3566969e-01  -2.4461215e+00  -3.8013454e+00   4.6670038e-01   1.7870525e+00   4.5080320e+00   4.2292671e+00   1.5754104e-01  -4.6628881e+00  -5.7102795e+00   5.2585907e-01   9.1932914e-01   1.1624529e+00  -8.6474305e-01   1.2012319e+00  -5.3638241e-02
   1.2904212e+01   1.0680097e+00   1.9707573e+01  -1.3678862e+01   2.0406655e+01  -2.1110192e+00   9.6537827e+00  -5.5993333e+00   3.8563173e+00  -1.0391026e+00  -2.4908587e+00   5.4185910e-01   2.7105457e+00   5.6563776e+00   1.6658117e+00   1.4899004e-01  -3.8365962e+00   2.0933517e+00   1.2995994e+00  -1.4197426e-01  -6.4643000e-01  -1.7420469e+00   1.9384917e+00  -3.7164877e-01
   1.5354332e+01   2.9115943e+00   1.9683762e+01  -1.8012499e+01   1.7801901e+01   4.8034772e-01   1.1373699e+01  -7.8107006e+00   5.2252443e-01  -7.4677914e-01  -1.6118010e+00   1.3522600e-01   2.8193651e+00   6.2380517e+00  -4.8287898e-01   7.3659864e-01  -3.9129456e+00   4.9113652e+00  -1.0172939e+00  -8.9742683e-01  -1.9469442e+00  -1.0822435e+00   8.6854213e-01  -1.1211619e+00
   1.6131541e+01   6.7234690e+00   2.0002606e+01  -1.3130060e+01   2.0942466e+01   4.1062877e+00   1.0797892e+01  -9.9477963e+00  -2.0814073e+00  -4.6162242e+00  -1.8765777e+00  -3.1450612e-01   8.6567781e-01   1.3500256e-01  -2.6566482e+00   4.7479970e+00   3.2908157e+00   4.6723906e+00  -5.6388980e+00  -2.4613849e+00  -3.8599993e+00  -2.9735922e-01  -1.6129017e-01  -6.7964324e-01
   1.5568922e+01   6.0635765e+00   1.7425628e+01  -1.0927759e+01   2.0467199e+01   2.7347638e+00   7.6044229e+00  -7.6353669e+00  -2.8722362e-01  -2.2809260e+00  -2.8056727e+00  -7.8685985e-01  -2.2100940e+00  -5.7538810e+00  -1.3193772e+00   4.6059857e+00   5.7164849e+00   1.0041315e+00  -5.7099846e+00   4.5629249e-01  -5.1538265e-01   3.7110657e-02  -5.8649619e-01   8.6165942e-02
   1.4095433e+01  -3.0547757e-01   1.6851668e+01  -1.0099237e+01   2.4010229e+01   3.7703586e+00   3.0800735e+00  -9.3790776e+00  -1.5288076e+00  -7.1806804e-01  -2.1358581e+00  -1.6562830e-02  -3.4542714e+00  -6.9907989e+00   9.8640237e-01  -8.9218682e-01   4.0335207e+00  -2.9524325e+00  -1.6066607e-02   4.2247037e+00   7.6881952e-01   1.7505929e+00   1.2260398e-01   7.6550848e-01
   1.3057245e+01  -2.2047538e+00   1.9280165e+01  -1.2618932e+01   2.4842746e+01   2.1545095e+00   6.6676310e+00  -7.4106212e+00  -5.2684942e-01  -2.6401912e+00  -2.3619051e+00   1.1550327e-01  -2.9352118e+00  -4.4112089e+00   1.7530127e+00  -1.9488342e+00   4.6491861e+00  -4.5169619e+00   2.9667408e+00   3.4261877e+00   1.1017576e+00   1.0283693e+00   5.0407196e-01   9.4062919e-01
   1.2205973e+01   3.7143580e-01   2.0554941e+01  -1.3622754e+01   2.4804973e+01  -3.2233874e-02   1.1242188e+01  -3.7231136e+00  -8.0836514e-01  -1.8107022e+00  -1.9145556e+00   3.8257505e-01  -1.5740397e+00  -9.3168325e-01   4.3821425e-02  -1.5689071e+00  -1.9065691e+00  -4.2153043e+00   2.8512372e+00   2.9750448e+00   1.2689957e+00   2.4019990e+00   4.5274210e-01   3.3873761e-01
   1.2110834e+01  -8.9169359e-01   1.8203511e+01  -1.2089252e+01   2.7043606e+01  -2.1393827e+00   7.9734768e+00  -5.3240673e+00   1.0051916e+00  -1.9205500e-01  -2.1602160e+00   4.2451501e-01  -1.5562678e-01  -3.9216611e+00  -2.0687361e+00  -1.5427922e-01  -6.9210226e+00  -1.4584107e+00  -3.3159963e+00   1.1799019e+00  -9.8002110e-01   2.2608575e+00  -1.0964294e-01   3.0123827e-01
